0.0 	 0.0 
0.02 	 2699.3433879243794 
0.04 	 5949.693853951124 
0.06 	 9813.4408918443 
0.08 	 13701.580729209008 
0.1 	 17825.278464143594 
0.12 	 21794.85614120357 
0.14 	 25489.807837377895 
0.16 	 29084.607129287153 
0.18 	 31804.59576215136 
0.2 	 34659.5519053317 
0.22 	 36061.610017110426 
0.24 	 37908.06828566814 
0.26 	 37857.17261495929 
0.28 	 38512.5325389507 
0.3 	 37019.68154813046 
0.32 	 36353.20084508466 
0.34 	 33455.938934342485 
0.36 	 31304.48181331521 
0.38 	 26877.742870393176 
0.4 	 22842.010700183866 
0.42 	 16484.540778938717 
0.44 	 10880.861447867008 
0.46 	 6502.494180481936 
0.48 	 4307.801914712986 
0.5 	 3036.8943686284656 
0.52 	 2333.4722826084926 
0.54 	 1922.3006850510174 
0.56 	 1701.8683999583807 
0.58 	 1596.5578416271483 
0.6 	 1567.2767028984895 
0.62 	 1586.795102872914 
0.64 	 1636.4984891417566 
0.66 	 1705.3270270760563 
0.68 	 1782.8277383147438 
0.7 	 1864.4547230038654 
0.72 	 1943.8643687957672 
0.74 	 2019.6750914863096 
0.76 	 2088.408687085514 
0.78 	 2150.6228472504836 
0.8 	 2205.236787127301 
0.82 	 2254.182262033599 
0.84 	 2298.2433302879385 
0.86 	 2340.2454748073706 
0.88 	 2381.9950665212305 
0.9 	 2426.6358664333056 
0.92 	 2475.9380877581584 
0.94 	 2532.734376802088 
0.96 	 2597.7462906496958 
0.98 	 2672.971009243514 
1.0 	 2757.40236225641 
1.02 	 2851.9507030201103 
1.04 	 2953.7352376064605 
1.06 	 3062.675723331938 
1.08 	 3174.4372642717244 
1.1 	 3288.3240986051333 
1.12 	 3399.3848028072325 
1.14 	 3506.7784048132867 
1.16 	 3605.902516340349 
1.18 	 3696.1302007055456 
1.2 	 3773.992381112012 
1.22 	 3839.2044946305796 
1.24 	 3889.8490463717294 
1.26 	 3925.912848949621 
1.28 	 3947.0996319758387 
1.3 	 3953.5512699826445 
1.32 	 3946.472072120607 
1.34 	 3926.153168683849 
1.36 	 3895.125221353154 
1.38 	 3853.9577041058656 
1.4 	 3806.2708404378072 
1.42 	 3753.036209337917 
1.44 	 3698.5426909331795 
1.46 	 3644.089669818496 
1.48 	 3593.958441628825 
1.5 	 3549.4320198551945 
1.52 	 3513.966681843728 
1.54 	 3488.3467324466833 
1.56 	 3474.51705310928 
1.58 	 3472.3921271163445 
1.6 	 3482.1126444375814 
1.62 	 3502.6525688765114 
1.64 	 3532.541436428851 
1.66 	 3570.0552019679385 
1.68 	 3612.6814506002042 
1.7 	 3658.414722394628 
1.72 	 3704.424316078189 
1.74 	 3748.8336082614424 
1.76 	 3789.1530877582118 
1.78 	 3823.90832526892 
1.8 	 3851.395961071422 
1.82 	 3870.6251552283275 
1.84 	 3880.844078122467 
1.86 	 3881.4467038285093 
1.88 	 3872.5449246358426 
1.9 	 3853.71338533876 
1.92 	 3825.704692248174 
1.94 	 3788.0925626680464 
1.96 	 3742.080129550132 
1.98 	 3687.2099888969988 
2.0 	 3625.100103913984 
2.02 	 3555.42526017397 
2.04 	 3480.3183827400117 
2.06 	 3399.8438180605426 
2.08 	 3316.723522732843 
2.1 	 3231.5677839007462 
2.12 	 3147.547327318501 
2.14 	 3065.7202697807156 
2.16 	 2989.2977973685433 
2.18 	 2919.4545758853196 
2.2 	 2858.924908782332 
2.22 	 2808.650653934201 
2.24 	 2770.5542825468888 
2.26 	 2745.254142749822 
2.28 	 2733.9310621527056 
2.3 	 2737.1774214991947 
2.32 	 2755.868885536119 
2.34 	 2791.098772567237 
2.36 	 2843.8960316586486 
2.38 	 2916.2115662840524 
2.4 	 3009.2305573302365 
2.42 	 3125.5555637716643 
2.44 	 3265.788476178304 
2.46 	 3432.3426680903476 
2.48 	 3623.9384351696235 
2.5 	 3841.720973253741 
2.52 	 4081.3405992759986 
2.54 	 4342.045441875252 
2.56 	 4616.159766195127 
2.58 	 4901.400761961417 
2.6 	 5187.904845058338 
2.62 	 5473.226245727579 
2.64 	 5747.576938617209 
2.66 	 6010.129263428658 
2.68 	 6253.610233681204 
2.7 	 6480.152709987373 
2.72 	 6686.484925543914 
2.74 	 6877.990743332455 
2.76 	 7055.279551063493 
2.78 	 7226.1952691000415 
2.8 	 7393.684648246122 
2.82 	 7566.702373576954 
2.84 	 7748.376178666438 
2.86 	 7947.559257265835 
2.88 	 8165.63832917864 
2.9 	 8410.70963600751 
2.92 	 8681.127908547107 
2.94 	 8984.09875272464 
2.96 	 9314.207565041168 
2.98 	 9677.858160927253 
3.0 	 10065.48454198221 
3.02 	 10482.771455232483 
3.04 	 10915.990497869938 
3.06 	 11370.181949476295 
3.08 	 11828.050510690726 
3.1 	 12294.153925551924 
3.12 	 12748.999169870152 
3.14 	 13196.875671872207 
3.16 	 13618.060709174295 
3.18 	 14016.610176398295 
3.2 	 14374.636478939507 
3.22 	 14695.555525424828 
3.24 	 14964.947459024743 
3.26 	 15184.689812271794 
3.28 	 15344.808528831114 
3.3 	 15444.523876790265 
3.32 	 15478.819949440129 
3.34 	 15443.424997314689 
3.36 	 15338.740063761423 
3.38 	 15156.974807227065 
3.4 	 14904.651102702723 
3.42 	 14571.552595032183 
3.44 	 14171.179329029112 
3.46 	 13693.009338361233 
3.48 	 13157.99057212261 
3.5 	 12557.858798809697 
3.52 	 11920.32664781068 
3.54 	 11241.422434227332 
3.56 	 10553.246491029036 
3.58 	 9856.65063007258 
3.6 	 9184.177227600045 
3.62 	 8540.096936544023 
3.64 	 7952.785808837482 
3.66 	 7427.072140519722 
3.68 	 6983.222496260341 
3.7 	 6623.54912754694 
3.72 	 6358.064452969539 
3.74 	 6184.655294981195 
3.76 	 6103.217085036822 
3.78 	 6107.274459489068 
3.8 	 6188.794343919696 
3.82 	 6338.887810729416 
3.84 	 6545.100764903428 
3.86 	 6799.146810256046 
3.88 	 7088.000503639117 
3.9 	 7406.971123528015 
3.92 	 7745.6592433499745 
3.94 	 8105.05849749695 
3.96 	 8479.182412132077 
3.98 	 8875.551742525777 
4.0 	 9292.706569038428 
4.02 	 9744.585203836403 
4.04 	 10233.006575500594 
4.06 	 10778.01873782811 
4.08 	 11382.743938132744 
4.1 	 12073.6882432302 
4.12 	 12853.06533447669 
4.14 	 13755.507302205282 
4.16 	 14779.897522865238 
4.18 	 15972.487685620245 
4.2 	 17325.75500602421 
4.22 	 18903.518885026613 
4.24 	 20687.197315488433 
4.26 	 22767.40621077964 
4.28 	 25106.33649034758 
4.3 	 27834.48521899262 
4.32 	 30879.261138973514 
4.34 	 34427.76724196868 
4.36 	 38343.97555294008 
4.38 	 42891.15821558017 
4.4 	 47823.53855744076 
4.42 	 53502.24786405374 
4.44 	 59510.547082421814 
4.46 	 66329.57823976762 
4.48 	 73311.92432336805 
4.5 	 81074.40677989527 
4.52 	 88711.74878945551 
4.54 	 96969.31180453389 
4.56 	 104725.73588605985 
4.58 	 112803.30528757293 
4.6 	 119997.63718990065 
4.62 	 127100.32815854477 
4.64 	 133035.33669339685 
4.66 	 138416.17126712127 
4.68 	 142528.91368230188 
4.7 	 145668.17685365214 
4.72 	 147657.09907675948 
4.74 	 148392.52873634742 
4.76 	 148282.26625055022 
4.78 	 146839.7143179581 
4.8 	 144959.48638036466 
4.82 	 141867.0260203242 
4.84 	 138744.87961324162 
4.86 	 134663.42792781143 
4.88 	 130875.79200690657 
4.9 	 126422.9393728033 
4.92 	 122465.61231020605 
4.94 	 118109.18226604853 
4.96 	 114339.76974086958 
4.98 	 110383.27668445071 
5.0 	 107030.93915671718 
5.02 	 103650.63977682166 
5.04 	 100847.53071284872 
5.06 	 98125.334152439 
5.08 	 95920.90697510891 
5.1 	 93850.3648109166 
5.12 	 92206.48204228483 
5.14 	 90688.31410964688 
5.16 	 89479.380848355 
5.18 	 88334.9362243227 
5.2 	 87374.53739974805 
5.22 	 86389.96419798459 
5.24 	 85484.50504822437 
5.26 	 84474.80248397292 
5.28 	 83485.2059805676 
5.3 	 82352.57839491931 
5.32 	 81238.10541705867 
5.34 	 79998.79685219906 
5.36 	 78823.29742931151 
5.38 	 77589.8478746725 
5.4 	 76486.7050787711 
5.42 	 75412.95268155269 
5.44 	 74524.31570947992 
5.46 	 73738.69172849189 
5.48 	 73157.2894224529 
5.5 	 72714.88821936258 
5.52 	 72454.08159138742 
5.54 	 72325.99591798367 
5.56 	 72326.96688982537 
5.58 	 72424.68636510076 
5.6 	 72590.10521777674 
5.62 	 72806.56687672538 
5.64 	 73039.63155392269 
5.66 	 73284.96490890553 
5.68 	 73515.5800635397 
5.7 	 73734.2681589841 
5.72 	 73926.13355943699 
5.74 	 74096.13715636283 
5.76 	 74240.82609768273 
5.78 	 74364.7838057226 
5.8 	 74473.48933115766 
5.82 	 74571.62612663029 
5.84 	 74670.3685217118 
5.86 	 74776.63574647563 
5.88 	 74902.36468905155 
5.9 	 75058.29528055896 
5.92 	 75249.98426165369 
5.94 	 75491.69524193296 
5.96 	 75775.25389473414 
5.98 	 76116.60262940961 
6.0 	 76490.1481070167 
6.02 	 76911.42663672395 
6.04 	 77340.40272902549 
6.06 	 77790.92027454819 
6.08 	 78217.94957974889 
6.1 	 78633.38997314601 
6.12 	 78999.60840718604 
6.14 	 79327.15261317744 
6.16 	 79596.06079322292 
6.18 	 79816.87627113146 
6.2 	 79991.23662475389 
6.22 	 80131.88938350952 
6.24 	 80257.9559892942 
6.26 	 80387.58912043579 
6.28 	 80546.47840534462 
6.3 	 80762.34969639697 
6.32 	 81052.88405342499 
6.34 	 81460.02533229871 
6.36 	 81978.32011238777 
6.38 	 82667.57696908675 
6.4 	 83485.31341807291 
6.42 	 84509.2100817744 
6.44 	 85648.3550830444 
6.46 	 86991.71520202562 
6.48 	 88394.45181330983 
6.5 	 89942.0104289106 
6.52 	 91443.39138526455 
6.54 	 92958.47589338008 
6.56 	 94280.10756798461 
6.58 	 95417.32161475648 
6.6 	 96202.54804804653 
6.62 	 96572.47645400227 
6.64 	 96470.63156935795 
6.66 	 95752.89373768921 
6.68 	 94535.61639570778 
6.7 	 92605.9885265352 
6.72 	 90273.18282738053 
6.74 	 87287.01107498133 
6.76 	 84108.07662552001 
6.78 	 80485.55551196412 
6.8 	 76938.51115677667 
6.82 	 73240.09212064145 
6.84 	 69861.91319693274 
6.86 	 66607.11211227775 
6.88 	 63824.952878180215 
6.9 	 61344.22071908211 
6.92 	 59369.12506739118 
6.94 	 57750.905037571654 
6.96 	 56569.826815459164 
6.98 	 55701.6141558976 
7.0 	 55144.84233227724 
7.02 	 54803.736555786105 
7.04 	 54638.454680958646 
7.06 	 54582.912062025374 
7.08 	 54591.68186721117 
7.1 	 54624.29153692139 
7.12 	 54648.12518551036 
7.14 	 54639.52141000384 
7.16 	 54583.957766088046 
7.18 	 54463.66312737807 
7.2 	 54279.52290109765 
7.22 	 54010.187921150806 
7.24 	 53668.095783129946 
7.26 	 53223.66017395842 
7.28 	 52701.01587901678 
7.3 	 52064.284835282524 
7.32 	 51354.18458430842 
7.34 	 50536.390955691844 
7.36 	 49673.85218836738 
7.38 	 48744.477264072 
7.4 	 47833.81670749749 
7.42 	 46941.38436369736 
7.44 	 46166.199587845564 
7.46 	 45534.14420160697 
7.48 	 45139.04221663712 
7.5 	 45032.47324216657 
7.52 	 45278.38607391257 
7.54 	 45949.960835211365 
7.56 	 47054.94700796209 
7.58 	 48684.13171387991 
7.6 	 50764.527027959244 
7.62 	 53403.461599949245 
7.64 	 56427.93398157004 
7.66 	 59963.87091737647 
7.68 	 63730.24576744086 
7.7 	 67873.59971040994 
7.72 	 72017.16036865617 
7.74 	 76324.5992631648 
7.76 	 80364.07109712009 
7.78 	 84302.75425277339 
7.8 	 87722.7171624451 
7.82 	 90771.14277692596 
7.84 	 93127.33741633662 
7.86 	 94892.21260160634 
7.88 	 95913.6695100588 
7.9 	 96228.14445952022 
7.92 	 95883.75723856855 
7.94 	 94849.9216364724 
7.96 	 93352.8776015824 
7.98 	 91307.38770345307 
8.0 	 89051.23024810624 
8.02 	 86464.51372222231 
8.04 	 83913.43744322202 
8.06 	 81263.50864842144 
8.08 	 78839.83590404505 
8.1 	 76509.52493788465 
8.12 	 74517.06615269902 
8.14 	 72742.43153067233 
8.16 	 71338.93118861399 
8.18 	 70205.47727566383 
8.2 	 69412.27172874648 
8.22 	 68878.23992194179 
8.24 	 68607.3961452904 
8.26 	 68535.77262083259 
8.28 	 68621.92077515482 
8.3 	 68813.62857761355 
8.32 	 69046.8744966468 
8.34 	 69274.77189330722 
8.36 	 69434.5910713366 
8.38 	 69478.33640197903 
8.4 	 69367.03761174824 
8.42 	 69046.36332458051 
8.44 	 68518.8101901981 
8.46 	 67721.16754380023 
8.48 	 66707.05994391373 
8.5 	 65405.579267035544 
8.52 	 63920.925626515236 
8.54 	 62178.9793445177 
8.56 	 60323.502016825194 
8.58 	 58282.80336346958 
8.6 	 56220.983407962725 
8.62 	 54072.8249879951 
8.64 	 52000.08730173873 
8.66 	 49944.992909192944 
8.68 	 48046.909990347245 
8.7 	 46254.27619293422 
8.72 	 44671.84386023315 
8.74 	 43253.39315454725 
8.76 	 42066.84120567537 
8.78 	 41073.020275805604 
8.8 	 40309.178264553724 
8.82 	 39747.72754301004 
8.84 	 39405.215790645096 
8.86 	 39270.96962236087 
8.88 	 39348.9390573504 
8.9 	 39648.449009466414 
8.92 	 40162.57603264906 
8.94 	 40919.30961514356 
8.96 	 41894.892044679225 
8.98 	 43130.55563070431 
9.0 	 44574.99749479653 
9.02 	 46276.19738471312 
9.04 	 48146.14847748116 
9.06 	 50235.99398848746 
9.08 	 52420.17913718188 
9.1 	 54754.640036045275 
9.12 	 57087.22255819435 
9.14 	 59484.53645169483 
9.16 	 61788.2045186838 
9.18 	 64082.164679768 
9.2 	 66223.79179693176 
9.22 	 68318.15152811684 
9.24 	 70252.29935138924 
9.26 	 72151.74762769467 
9.28 	 73932.77412301635 
9.3 	 75737.2598226385 
9.32 	 77496.17765765324 
9.34 	 79363.28406220821 
9.36 	 81261.89648061228 
9.38 	 83355.90327469188 
9.4 	 85538.89552580124 
9.42 	 87987.50711069242 
9.44 	 90549.53731361465 
9.46 	 93420.51705943361 
9.48 	 96394.02779337678 
9.5 	 99691.34606657938 
9.52 	 103049.69076677982 
9.54 	 106720.06928508119 
9.56 	 110385.6020476893 
9.58 	 114325.29273030725 
9.6 	 118174.66910299765 
9.62 	 122232.05370118075 
9.64 	 126098.41931152422 
9.66 	 130076.40134516895 
9.68 	 133755.33487986415 
9.7 	 137422.89304896997 
9.72 	 140690.76014678346 
9.74 	 143810.9774297416 
9.76 	 146458.50373830076 
9.78 	 148830.84336233896 
9.8 	 150704.28258762567 
9.82 	 152207.78485980968 
9.84 	 153242.5979934178 
9.86 	 153863.05891071694 
9.88 	 154097.61557817756 
9.9 	 153930.6325148917 
9.92 	 153499.8931797046 
9.94 	 152737.10532949556 
9.96 	 151858.2664296322 
9.98 	 150771.44941698702 
10.0 	 149731.8688100777 
10.02 	 148658.62478498547 
10.04 	 147799.22864008148 
10.06 	 147113.4956420142 
10.08 	 146785.22586118532 
10.1 	 146829.67277828723 
10.12 	 147308.56075485825 
10.14 	 148289.31581848086 
10.16 	 149669.46784567818 
10.18 	 151552.18312903514 
10.2 	 153668.6103125446 
10.22 	 156134.85137236075 
10.24 	 158568.6251143154 
10.26 	 161073.29993711977 
10.28 	 163256.18588851258 
10.3 	 165181.52138640985 
10.32 	 166570.246374294 
10.34 	 167426.44740495362 
10.36 	 167684.52471738908 
10.38 	 167282.50765533917 
10.4 	 166401.6582376726 
10.42 	 164928.98661815363 
10.44 	 163242.96282014935 
10.46 	 161211.57326651743 
10.48 	 159297.64859864165 
10.5 	 157388.56378599466 
10.52 	 155900.08761952643 
10.54 	 154774.4266741794 
10.56 	 154272.21021276587 
10.58 	 154417.26125320673 
10.6 	 155249.12080829396 
10.62 	 156886.43377578902 
10.64 	 159122.20282293923 
10.66 	 162163.64771756463 
10.68 	 165568.55179619504 
10.7 	 169601.771116905 
10.72 	 173641.32693099082 
10.74 	 177951.99134168302 
10.76 	 181845.44906536312 
10.78 	 185506.3533984279 
10.8 	 188352.30463791548 
10.82 	 190401.7445427672 
10.84 	 191377.3233176556 
10.86 	 191069.04048263727 
10.88 	 189663.46933748512 
10.9 	 186715.90227202294 
10.92 	 182918.91972458732 
10.94 	 177652.4068242661 
10.96 	 172000.84579796065 
10.98 	 165265.14497780404 
11.0 	 158686.95192668808 
11.02 	 151574.4745690942 
11.04 	 145073.33894500838 
11.06 	 138548.82716406137 
11.08 	 132884.24662521755 
11.1 	 127522.56831792995 
11.12 	 123045.63224871314 
11.14 	 118982.5492630471 
11.16 	 115668.43569828176 
11.18 	 112720.47992447094 
11.2 	 110315.24708591348 
11.22 	 108150.43724831693 
11.24 	 106321.92159684461 
11.26 	 104590.02371320338 
11.28 	 103022.51834932507 
11.3 	 101419.43826043168 
11.32 	 99852.08559849838 
11.34 	 98140.41229987805 
11.36 	 96379.24467155316 
11.38 	 94397.70165443137 
11.4 	 92327.32486131167 
11.42 	 90005.4078395954 
11.44 	 87604.86538556212 
11.46 	 84975.8441997898 
11.48 	 82324.77760383458 
11.5 	 79519.10309431856 
11.52 	 76778.30675212826 
11.54 	 73987.37191994315 
11.56 	 71352.28767213701 
11.58 	 68771.9227911318 
11.6 	 66416.34063144613 
11.62 	 64194.22473752904 
11.64 	 62229.174119607305 
11.66 	 60438.58482406543 
11.68 	 58902.042216478185 
11.7 	 57547.9769205649 
11.72 	 56422.37937943381 
11.74 	 55468.00302886493 
11.76 	 54708.56804625335 
11.78 	 54102.350172950806 
11.8 	 53658.19474572171 
11.82 	 53347.72538431088 
11.84 	 53167.68347502403 
11.86 	 53098.60067834297 
11.88 	 53125.756498286544 
11.9 	 53234.18096793177 
11.92 	 53399.359633538654 
11.94 	 53608.18712698575 
11.96 	 53830.69779693264 
11.98 	 54055.131799031835 
12.0 	 54252.6497427261 
12.02 	 54413.74966493196 
12.04 	 54517.78568611712 
12.06 	 54559.024528384565 
12.08 	 54530.60501276942 
12.1 	 54432.12297250605 
12.12 	 54273.0247870918 
12.14 	 54059.37980386337 
12.16 	 53815.336136628335 
12.18 	 53553.49754091144 
12.2 	 53306.671375731836 
12.22 	 53092.31650754573 
12.24 	 52942.32050179341 
12.26 	 52875.59131470104 
12.28 	 52912.351928580996 
12.3 	 53068.956362946614 
12.32 	 53345.4171070647 
12.34 	 53752.824675239004 
12.36 	 54267.772716889165 
12.38 	 54896.30822275597 
12.4 	 55595.3114998877 
12.42 	 56369.43318951723 
12.44 	 57165.73808315449 
12.46 	 57993.820703685386 
12.48 	 58804.13831253569 
12.5 	 59618.885333830156 
12.52 	 60404.168083173725 
12.54 	 61202.31824157888 
12.56 	 62001.77700310184 
12.58 	 62871.05233523068 
12.6 	 63818.071435759965 
12.62 	 64940.64813186594 
12.64 	 66251.49648764485 
12.66 	 67876.92527487494 
12.68 	 69808.21693045615 
12.7 	 72195.83004595673 
12.72 	 74975.66347222481 
12.74 	 78316.98906798691 
12.76 	 82066.07228726569 
12.78 	 86408.2888937799 
12.8 	 91075.94320714766 
12.82 	 96272.26337042502 
12.84 	 101611.9183487304 
12.86 	 107319.69341528491 
12.88 	 112917.10279712408 
12.9 	 118649.78178017208 
12.92 	 123998.7112105601 
12.94 	 129219.0176927993 
12.96 	 133821.99278990456 
12.98 	 138049.06000792183 
13.0 	 141513.2420644644 
13.02 	 144413.28894792873 
13.04 	 146517.32762224306 
13.06 	 147957.71081636893 
13.08 	 148680.79877477358 
13.1 	 148744.5933277729 
13.12 	 148263.88112412996 
13.14 	 147234.50642748064 
13.16 	 145901.27527139068 
13.18 	 144225.5995864889 
13.2 	 142522.43670435974 
13.22 	 140750.33436932854 
13.24 	 139221.56946689181 
13.26 	 137914.85205678566 
13.28 	 137065.3096738592 
13.3 	 136680.26558503797 
13.32 	 136856.33287150663 
13.34 	 137625.83647502845 
13.36 	 138914.0506239289 
13.38 	 140769.14951961048 
13.4 	 142952.51139316912 
13.42 	 145517.39070126435 
13.44 	 148113.15935375277 
13.46 	 150785.04212079363 
13.48 	 153160.04607270434 
13.5 	 155258.4571594246 
13.52 	 156792.2041653663 
13.54 	 157738.5768222947 
13.56 	 157987.7027870434 
13.58 	 157461.28889815748 
13.6 	 156273.87462898294 
13.62 	 154289.59995080577 
13.64 	 151828.37838026913 
13.66 	 148704.3768081131 
13.68 	 145367.66517546622 
13.7 	 141594.24383434834 
13.72 	 137866.65651693637 
13.74 	 133935.04807251308 
13.76 	 130233.95822022595 
13.78 	 126500.95428428604 
13.8 	 123083.21048936597 
13.82 	 119721.27121665252 
13.84 	 116676.08581756864 
13.86 	 113707.45398669981 
13.88 	 111014.21960362155 
13.9 	 108388.54412227821 
13.92 	 105994.16903267291 
13.94 	 103662.66934077699 
13.96 	 101540.24763825545 
13.98 	 99499.36685124459 
14.0 	 97674.56306607983 
14.02 	 95978.32250327342 
14.04 	 94531.48066789517 
14.06 	 93286.55732937077 
14.08 	 92344.56473228833 
14.1 	 91699.4967390068 
14.12 	 91422.68069860272 
14.14 	 91550.08967638061 
14.16 	 92107.71433970844 
14.18 	 93170.21463469444 
14.2 	 94696.43449141203 
14.22 	 96792.22502868115 
14.24 	 99326.02469108341 
14.26 	 102425.74585684358 
14.28 	 105854.3802657704 
14.3 	 109753.93881332157 
14.32 	 113786.09558495108 
14.34 	 118099.7961651573 
14.36 	 122285.87553243028 
14.38 	 126490.00036930048 
14.4 	 130288.45599178264 
14.42 	 133806.83408904445 
14.44 	 136679.55805598278 
14.46 	 138990.43450790326 
14.48 	 140504.8966697621 
14.5 	 141246.71683118521 
14.52 	 141166.73947624958 
14.54 	 140224.94488574163 
14.56 	 138577.39027780338 
14.58 	 136137.04536556074 
14.6 	 133241.26840532778 
14.62 	 129788.47489297889 
14.64 	 126231.35681229467 
14.66 	 122487.44843456511 
14.68 	 119030.9541535298 
14.7 	 115818.83714083694 
14.72 	 113248.69320038683 
14.74 	 111319.91755426732 
14.76 	 110274.79681889305 
14.78 	 110149.69640300437 
14.8 	 110986.29445898306 
14.82 	 112856.93797371029 
14.84 	 115592.26714608606 
14.86 	 119309.98178334434 
14.88 	 123648.41676286307 
14.9 	 128785.04025721185 
14.92 	 134207.3659328576 
14.94 	 140160.0661793235 
14.96 	 146038.70767231108 
14.98 	 152144.99015330774 
15.0 	 157852.46377856468 
15.02 	 163488.77842831737 
15.04 	 168477.70799629306 
15.06 	 173126.11132719388 
15.08 	 176972.81111310585 
15.1 	 180252.45802297327 
15.12 	 182668.68516246811 
15.14 	 184340.40464029592 
15.16 	 185167.1116783154 
15.18 	 185127.00158274177 
15.2 	 184327.2894887688 
15.22 	 182605.50979530413 
15.24 	 180269.11682682318 
15.26 	 177040.61858681115 
15.28 	 173399.02262095356 
15.3 	 168996.30571878498 
15.32 	 164430.99315046082 
15.34 	 159334.6329622242 
15.36 	 154352.47115128746 
15.38 	 149136.3486224108 
15.4 	 144296.53088994755 
15.42 	 139527.43380619356 
15.44 	 135333.279204719 
15.46 	 131456.51416196494 
15.48 	 128253.18390976136 
15.5 	 125511.50392257381 
15.52 	 123433.18259690206 
15.54 	 121850.27801941737 
15.56 	 120832.85923694026 
15.58 	 120256.33133864743 
15.6 	 120095.29609202287 
15.62 	 120264.83002124682 
15.64 	 120679.57670564784 
15.66 	 121282.9032572199 
15.68 	 121958.38775900615 
15.7 	 122658.8988185135 
15.72 	 123262.36469902346 
15.74 	 123710.49035030826 
15.76 	 123904.47159078806 
15.78 	 123759.75775979522 
15.8 	 123235.92185622717 
15.82 	 122217.80442626368 
15.84 	 120757.72107705251 
15.86 	 118716.62114300944 
15.88 	 116258.69156797897 
15.9 	 113234.30905668142 
15.92 	 109910.55874532928 
15.94 	 106140.34456538461 
15.96 	 102255.42886826425 
15.98 	 98118.8635320961 
16.0 	 94072.96699792962 
16.02 	 89992.34074546269 
16.04 	 86180.03857293837 
16.06 	 82520.59217657812 
16.08 	 79247.22163085917 
16.1 	 76253.29955876921 
16.12 	 73693.83818285774 
16.14 	 71471.5291487674 
16.16 	 69670.47134483466 
16.18 	 68203.53961952963 
16.2 	 67098.1694037682 
16.22 	 66277.39973151509 
16.24 	 65727.65637265105 
16.26 	 65381.22189229735 
16.28 	 65198.97949292318 
16.3 	 65121.53172677863 
16.32 	 65099.72981151707 
16.34 	 65082.326361953645 
16.36 	 65025.375425644685 
16.38 	 64886.313488833985 
16.4 	 64639.498615783785 
16.42 	 64251.49376587217 
16.44 	 63723.16692071184 
16.46 	 63029.57574182601 
16.48 	 62199.3772780889 
16.5 	 61213.96207746729 
16.52 	 60124.34566648545 
16.54 	 58915.10393397017 
16.56 	 57650.17031577875 
16.58 	 56314.49552666001 
16.6 	 54975.2172588129 
16.62 	 53616.3266984386 
16.64 	 52300.81063617391 
16.66 	 51011.843389525464 
16.68 	 49803.68650370561 
16.7 	 48659.23439617705 
16.72 	 47621.23389463957 
16.74 	 46672.215129445365 
16.76 	 45841.71130734682 
16.78 	 45111.313230468804 
16.8 	 44497.14809839575 
16.82 	 43979.85261465338 
16.84 	 43564.1220983606 
16.86 	 43230.80116978234 
16.88 	 42976.807770367726 
16.9 	 42784.77566084925 
16.92 	 42647.43546637644 
16.94 	 42549.7677938391 
16.96 	 42482.40119234812 
16.98 	 42431.79725115529 
17.0 	 42387.55528745345 
17.02 	 42336.82289719759 
17.04 	 42270.3445311228 
17.06 	 42177.37745366864 
17.08 	 42054.42547323609 
17.1 	 41896.889426346424 
17.12 	 41712.36179201681 
17.14 	 41506.43021227085 
17.16 	 41299.39747542446 
17.18 	 41106.96180375844 
17.2 	 40956.24971470151 
17.22 	 40866.53875169621 
17.24 	 40858.93391384833 
17.26 	 40945.250066865025 
17.28 	 41126.51959352768 
17.3 	 41397.10577457067 
17.32 	 41730.61036804366 
17.34 	 42100.61736112649 
17.36 	 42457.85681890205 
17.38 	 42760.402233919245 
17.4 	 42951.88205513666 
17.42 	 42985.94310282928 
17.44 	 42819.67618637444 
17.46 	 42413.75062990789 
17.48 	 41755.30003869229 
17.5 	 40818.99943700899 
17.52 	 39628.0479757257 
17.54 	 38171.78645483598 
17.56 	 36503.80047900504 
17.58 	 34623.9175053364 
17.6 	 32602.983248057517 
17.62 	 30445.662869388467 
17.64 	 28225.99224474223 
17.66 	 25949.358964306364 
17.68 	 23682.825551811005 
17.7 	 21430.93251309294 
17.72 	 19248.763333186187 
17.74 	 17139.98856054179 
17.76 	 15146.345362647693 
17.78 	 13270.503475898482 
17.8 	 11541.042170702154 
17.82 	 9958.578881880527 
17.84 	 8539.24915309279 
17.86 	 7280.171453430181 
17.88 	 6186.432465899583 
17.9 	 5251.00804424794 
17.92 	 4470.481187607118 
17.94 	 3834.6384420978575 
17.96 	 3335.1852972725837 
17.98 	 2961.0471648071125 
18.0 	 2702.9443917553676 
18.02 	 2551.5766762315097 
18.04 	 2499.6680693409517 
18.06 	 2541.3705144681326 
18.08 	 2672.539551958153 
18.1 	 2890.6629923605924 
18.12 	 3193.639834001806 
18.14 	 3580.288029698948 
18.16 	 4047.6185490535263 
18.18 	 4592.539853205725 
18.2 	 5207.439959244383 
18.22 	 5884.066682566399 
18.24 	 6607.167454866242 
18.26 	 7361.521823494097 
18.28 	 8123.560588142398 
18.3 	 8871.914590360078 
18.32 	 9577.458159656975 
18.34 	 10216.441193094031 
18.36 	 10760.212295184361 
18.38 	 11188.419010569354 
18.4 	 11480.395492215164 
18.42 	 11624.93024446271 
18.44 	 11615.416811395902 
18.46 	 11453.151322384665 
18.48 	 11147.54842839238 
18.5 	 10711.919150728574 
18.52 	 10168.629303295924 
18.54 	 9538.856741746411 
18.56 	 8851.236848277771 
18.58 	 8128.819752247479 
18.6 	 7399.130974557546 
18.62 	 6681.657591144273 
18.64 	 5997.461214062325 
18.66 	 5359.318130083539 
18.68 	 4779.713519465921 
18.7 	 4264.205123152859 
18.72 	 3817.3695304330618 
18.74 	 3438.8735222646933 
18.76 	 3127.480902278255 
18.78 	 2878.9459397392197 
18.8 	 2688.4691948183045 
18.82 	 2549.655406944067 
18.84 	 2455.8796997569843 
18.86 	 2399.839626176451 
18.88 	 2374.237284319816 
18.9 	 2371.681673123912 
18.92 	 2384.983589988766 
18.94 	 2407.2707739420043 
18.96 	 2432.0894917941514 
18.98 	 2453.6172151116116 
19.0 	 2466.6952201739205 
19.02 	 2467.0189323251752 
19.04 	 2451.185488077808 
19.06 	 2416.749807157779 
19.08 	 2362.3399434897974 
19.1 	 2287.5017843965834 
19.12 	 2192.8991948147786 
19.14 	 2079.927598891261 
19.16 	 1950.9787842352619 
19.18 	 1808.8680962587032 
19.2 	 1657.1204382368928 
19.22 	 1499.3075274593534 
19.24 	 1339.313367373494 
19.26 	 1180.6995667175172 
19.28 	 1026.9311347146013 
19.3 	 880.8718075001173 
19.32 	 744.9767473890405 
19.34 	 620.9733611716864 
19.36 	 510.0388035165862 
19.38 	 412.6644601265333 
19.4 	 328.82859314192444 
19.42 	 257.9970622759012 
19.44 	 199.28505551398578 
19.46 	 151.52730862382788 
19.48 	 113.41207741447393 
19.5 	 83.56182512087464 
19.52 	 60.62468915779059 
19.54 	 43.33050139190714 
19.56 	 30.5365723949261 
19.58 	 21.249547587898594 
19.6 	 14.634506805157633 
19.62 	 10.010289331286094 
19.64 	 6.837027746766174 
19.66 	 4.698283089298172 
19.68 	 3.2811860137016677 
19.7 	 2.356764704491632 
19.72 	 1.7612696433786428 
19.74 	 1.3807778919963503 
19.76 	 1.1379453147395797 
19.78 	 0.9811836589013545 
19.8 	 0.8776695920887526 
19.82 	 0.806189132284142 
19.84 	 0.7540633077514389 
19.86 	 0.713916858659698 
19.88 	 0.6813634663863237 
19.9 	 0.6538045411640233 
19.92 	 0.6299623326455902 
19.94 	 0.6093738086710606 
19.96 	 0.59106026070869 
19.98 	 0.5752578865127802 
20.0 	 0.5613854149391236 
20.02 	 0.549187648565824 
20.04 	 0.5387909780692296 
20.06 	 0.5294476816718022 
20.08 	 0.521222251128986 
20.1 	 0.5137278274283614 
20.12 	 0.5067743908872523 
20.14 	 0.5001572903437814 
20.16 	 0.493657996263634 
20.18 	 0.48680556925793694 
20.2 	 0.47982603145988406 
20.22 	 0.4722200117860508 
20.24 	 0.4642054756829614 
20.26 	 0.4560161401009517 
20.28 	 0.4473801971462992 
20.3 	 0.4388057189627789 
20.32 	 0.43084504503076415 
20.34 	 0.4243727684211395 
20.36 	 0.4205937965871433 
20.38 	 0.42044373330132423 
20.4 	 0.4256246054961281 
20.42 	 0.4386966205416152 
20.44 	 0.4621353462145767 
20.46 	 0.4988543678750068 
20.48 	 0.5534383214018049 
20.5 	 0.6303030455338741 
20.52 	 0.73633836065818 
20.54 	 0.8788597763167736 
20.56 	 1.0667984826614656 
20.58 	 1.3108258584756125 
20.6 	 1.6231395926590149 
20.62 	 2.01698389599344 
20.64 	 2.5067801918650887 
20.66 	 3.107086480171842 
20.68 	 3.831903157042745 
20.7 	 4.693855157143902 
20.72 	 5.7028293169021715 
20.74 	 6.8651526450814515 
20.76 	 8.182549664400582 
20.78 	 9.65177728433862 
20.8 	 11.26447271419847 
20.82 	 13.007785796862041 
20.84 	 14.865436626292365 
20.86 	 16.81952639255921 
20.88 	 18.852510788910365 
20.9 	 20.949424247159474 
20.92 	 23.099755152408715 
20.94 	 25.298959501729435 
20.96 	 27.548974705595608 
20.98 	 29.857930337526316 
21.0 	 32.23871817647986 
21.02 	 34.70690138521889 
21.04 	 37.27784998080661 
21.06 	 39.9640359068627 
21.08 	 42.77230925481121 
21.1 	 45.70227081858769 
21.12 	 48.74530743804247 
21.14 	 51.8851577223174 
21.16 	 55.09918099052147 
21.18 	 58.36095662451255 
21.2 	 61.64283917837958 
21.22 	 64.91917258103304 
21.24 	 68.16855266442721 
21.26 	 71.37609890626307 
21.28 	 74.53427946074342 
21.3 	 77.64368412258378 
21.32 	 80.71249199127183 
21.34 	 83.7564000412089 
21.36 	 86.79783226457707 
21.38 	 89.86626336235415 
21.4 	 92.99827763364527 
21.42 	 96.23910058149835 
21.44 	 99.64381733570998 
21.46 	 103.27991780259664 
21.48 	 107.22894295763281 
21.5 	 111.58899607468653 
21.52 	 116.4753711638539 
21.54 	 122.02156240352116 
21.56 	 128.37717459463946 
21.58 	 135.70593059873062 
21.6 	 144.17918719216064 
21.62 	 153.96987173790873 
21.64 	 165.24052392935621 
21.66 	 178.13333080956153 
21.68 	 192.7532665213171 
21.7 	 209.15685425257976 
21.72 	 227.33363296015875 
21.74 	 247.19920777885568 
21.76 	 268.58065779096336 
21.78 	 291.2208623434695 
21.8 	 314.7734728918695 
21.82 	 338.8233427036797 
21.84 	 362.8931719661767 
21.86 	 386.4790141441034 
21.88 	 409.0650645556327 
21.9 	 430.1664322347573 
21.92 	 449.3441650647559 
21.94 	 466.24381025980375 
21.96 	 480.6025868621277 
21.98 	 492.27393843794687 
22.0 	 501.2227912406688 
22.02 	 507.5320861792115 
22.04 	 511.3875210466891 
22.06 	 513.0684157691825 
22.08 	 512.9270690988891 
22.1 	 511.370314722311 
22.12 	 508.83929274967016 
22.14 	 505.7888108499828 
22.16 	 502.6715904574392 
22.18 	 499.92080575129654 
22.2 	 497.9399982563068 
22.22 	 497.0912642031361 
22.24 	 497.68929094683995 
22.26 	 499.9950931408615 
22.28 	 504.21125636029905 
22.3 	 510.48029838199346 
22.32 	 518.8790348328655 
22.34 	 529.4219594660024 
22.36 	 542.0550824725561 
22.38 	 556.6668208461087 
22.4 	 573.0837316574198 
22.42 	 591.0920235120897 
22.44 	 610.4375051455393 
22.46 	 630.8588774489965 
22.48 	 652.0918422189501 
22.5 	 673.9117012273679 
22.52 	 696.1382876473211 
22.54 	 718.6818657845912 
22.56 	 741.5426795684656 
22.58 	 764.8520452245153 
22.6 	 788.8583926987578 
22.62 	 813.9554715347242 
22.64 	 840.646228631122 
22.66 	 869.5528982436792 
22.68 	 901.3517791464218 
22.7 	 936.7663458036453 
22.72 	 976.4708046633289 
22.74 	 1021.0770458405703 
22.76 	 1071.0125075621613 
22.78 	 1126.5227116646793 
22.8 	 1187.537276094461 
22.82 	 1253.7173748313417 
22.84 	 1324.3286350198339 
22.86 	 1398.360714992652 
22.88 	 1474.4229854455584 
22.9 	 1550.9466628066564 
22.92 	 1626.1076217892376 
22.94 	 1698.0924235234886 
22.96 	 1765.0377983194944 
22.98 	 1825.3127047052474 
23.0 	 1877.4559507623364 
23.02 	 1920.4137876463642 
23.04 	 1953.4627092263315 
23.06 	 1976.3549809259914 
23.08 	 1989.2295697635245 
23.1 	 1992.6494910450153 
23.12 	 1987.5180786175015 
23.14 	 1975.0240813168075 
23.16 	 1956.582516643822 
23.18 	 1933.7212193851367 
23.2 	 1908.0553480169094 
23.22 	 1881.1507789932525 
23.24 	 1854.5284737012846 
23.26 	 1829.5338094823635 
23.28 	 1807.3606744126664 
23.3 	 1788.9489087999111 
23.32 	 1775.019093939448 
23.34 	 1766.0134530179332 
23.36 	 1762.1349704945676 
23.38 	 1763.3377372902187 
23.4 	 1769.363512281925 
23.42 	 1779.7760290114397 
23.44 	 1793.9858449918656 
23.46 	 1811.3144671432153 
23.48 	 1830.9994994017386 
23.5 	 1852.2731773963962 
23.52 	 1874.3466679631113 
23.54 	 1896.4926625905446 
23.56 	 1918.016047358779 
23.58 	 1938.3351507418784 
23.6 	 1956.948825430665 
23.62 	 1973.5102765592603 
23.64 	 1987.795275566136 
23.66 	 1999.757936809763 
23.68 	 2009.4967001786513 
23.7 	 2017.280892623644 
23.72 	 2023.508677243447 
23.74 	 2028.702194798548 
23.76 	 2033.4572434460756 
23.78 	 2038.41898686033 
23.8 	 2044.2300123642037 
23.82 	 2051.507238514012 
23.84 	 2060.794911664881 
23.86 	 2072.5603693635508 
23.88 	 2087.1513152898815 
23.9 	 2104.818551963152 
23.92 	 2125.6707013189925 
23.94 	 2149.7257727433366 
23.96 	 2176.8579322842147 
23.98 	 2206.879975551966 
24.0 	 2239.4828048167406 
24.02 	 2274.3512935520994 
24.04 	 2311.099155604564 
24.06 	 2349.414727364736 
24.08 	 2388.988096741738 
24.1 	 2429.6731517081143 
24.12 	 2471.395309169102 
24.14 	 2514.310811600907 
24.16 	 2558.6797192407566 
24.18 	 2605.009039999572 
24.2 	 2653.878722178161 
24.22 	 2706.069513285697 
24.24 	 2762.335664913531 
24.26 	 2823.534603792118 
24.28 	 2890.345495997182 
24.3 	 2963.431031884113 
24.32 	 3043.106220504824 
24.34 	 3129.5706447706652 
24.36 	 3222.5375859526184 
24.38 	 3321.574274300619 
24.4 	 3425.7045995866433 
24.42 	 3533.879155786801 
24.44 	 3644.560687527889 
24.46 	 3756.3135941197875 
24.48 	 3867.3704635716513 
24.5 	 3976.2924999851866 
24.52 	 4081.5064991392774 
24.54 	 4181.963021302443 
24.56 	 4276.635735178274 
24.58 	 4365.108637239898 
24.6 	 4447.045280776603 
24.62 	 4522.668922975082 
24.64 	 4592.228698546214 
24.66 	 4656.379744536821 
24.68 	 4715.684407965826 
24.7 	 4770.9309298525595 
24.72 	 4822.702779814087 
24.74 	 4871.680206679506 
24.76 	 4918.290312061989 
24.78 	 4963.016118470451 
24.8 	 5006.11221138545 
24.82 	 5047.916049957935 
24.84 	 5088.59345945006 
24.86 	 5128.429600682442 
24.88 	 5167.569991992721 
24.9 	 5206.27901566498 
24.92 	 5244.667397438708 
24.94 	 5282.935884161999 
24.96 	 5321.1099823691175 
24.98 	 5359.305619092123 
25.0 	 5397.497745765949 
25.02 	 5435.829030563825 
25.04 	 5474.409746543477 
25.06 	 5513.649577316087 
25.08 	 5554.043953325222 
25.1 	 5596.483726614058 
25.12 	 5641.964728311558 
25.14 	 5691.8541729045655 
25.16 	 5747.481379131005 
25.18 	 5810.403590271313 
25.2 	 5881.874239029959 
25.22 	 5963.206221214313 
25.24 	 6055.131730237996 
25.26 	 6158.365196321763 
25.28 	 6272.850853680713 
25.3 	 6398.582038746727 
25.32 	 6534.70278307302 
25.34 	 6680.584933963385 
25.36 	 6834.744498268677 
25.38 	 6996.149346159384 
25.4 	 7162.940343782759 
25.42 	 7333.939431654051 
25.44 	 7507.204254345385 
25.46 	 7681.701329235193 
25.48 	 7855.737518939009 
25.5 	 8028.740697840076 
25.52 	 8199.595796158417 
25.54 	 8368.456370967813 
25.56 	 8534.991022114273 
25.58 	 8700.168023570617 
25.6 	 8864.412560947267 
25.62 	 9029.368638120586 
25.64 	 9195.972249180573 
25.66 	 9366.263527494973 
25.68 	 9541.367694806528 
25.7 	 9723.46168314775 
25.72 	 9913.609484830353 
25.74 	 10113.974518328436 
25.76 	 10325.399647815762 
25.78 	 10549.934701737198 
25.8 	 10788.021878085789 
25.82 	 11041.414241692895 
25.84 	 11309.844576091615 
25.86 	 11594.44431889678 
25.88 	 11893.826829934718 
25.9 	 12208.137420220773 
25.92 	 12534.544935794085 
25.94 	 12872.017618280197 
25.96 	 13216.27354248541 
25.98 	 13565.268331881762 
26.0 	 13913.704970261 
26.02 	 14259.064292433846 
26.04 	 14595.825206158705 
26.06 	 14921.72684173218 
26.08 	 15231.905003082205 
26.1 	 15525.010298853473 
26.12 	 15797.51692716131 
26.14 	 16049.364010823525 
26.16 	 16278.71156437149 
26.18 	 16486.89359679679 
26.2 	 16673.844640679283 
26.22 	 16842.285962646947 
26.24 	 16993.90130740789 
26.26 	 17132.777343812806 
26.28 	 17262.196253616115 
26.3 	 17387.440360923032 
26.32 	 17512.875421865636 
26.34 	 17644.366928214924 
26.36 	 17786.24674951631 
26.38 	 17943.78410491062 
26.4 	 18119.69437588978 
26.42 	 18317.260667971354 
26.44 	 18536.196995171747 
26.46 	 18776.96786847177 
26.48 	 19035.9522512084 
26.5 	 19311.184959456015 
26.52 	 19596.824792924683 
26.54 	 19890.06459986034 
26.56 	 20184.92083763134 
26.58 	 20479.70144915192 
26.6 	 20770.17512141367 
26.62 	 21056.976365541796 
26.64 	 21338.296232483088 
26.66 	 21616.938386035803 
26.68 	 21892.736165774288 
26.7 	 22169.407850569718 
26.72 	 22446.876142504225 
26.74 	 22728.313996173176 
26.76 	 23012.42698356851 
26.78 	 23301.01611721026 
26.8 	 23591.172447935387 
26.82 	 23883.42104856647 
26.84 	 24173.76649337652 
26.86 	 24462.226163203683 
26.88 	 24744.7607348171 
26.9 	 25021.884887810862 
26.92 	 25290.62058250445 
26.94 	 25552.8976387828 
26.96 	 25807.65962261904 
26.98 	 26058.895651093662 
27.0 	 26307.866013751664 
27.02 	 26560.82632910605 
27.04 	 26821.080986054745 
27.06 	 27096.771943946384 
27.08 	 27392.212612870277 
27.1 	 27716.46428103249 
27.12 	 28073.21833025314 
27.14 	 28471.151102066247 
27.16 	 28911.527480775087 
27.18 	 29401.387861492156 
27.2 	 29938.056394576728 
27.22 	 30526.03541809811 
27.24 	 31157.76627194133 
27.26 	 31834.739292751576 
27.28 	 32544.235271855436 
27.3 	 33284.66242890311 
27.32 	 34038.61224351224 
27.34 	 34801.81249740542 
27.36 	 35553.57787091785 
27.38 	 36288.00975223093 
27.4 	 36983.63989409252 
27.42 	 37634.70677472504 
27.44 	 38222.27183896588 
27.46 	 38742.82582453238 
27.48 	 39183.22217717047 
27.5 	 39543.86587829345 
27.52 	 39819.38644474906 
27.54 	 40014.43626389257 
27.56 	 40131.215148818395 
27.58 	 40177.28549680318 
27.6 	 40160.1095259575 
27.62 	 40087.74071921956 
27.64 	 39969.71591842993 
27.66 	 39812.400152439935 
27.68 	 39625.04128869239 
27.7 	 39411.64460522806 
27.72 	 39180.73170221112 
27.74 	 38935.12911878275 
27.76 	 38683.8605408951 
27.78 	 38430.710046311484 
27.8 	 38186.61475074685 
27.82 	 37957.790648138005 
27.84 	 37756.96520278323 
27.86 	 37592.305457903145 
27.88 	 37475.90761056929 
27.9 	 37415.37697665648 
27.92 	 37418.267001710214 
27.94 	 37488.384495800776 
27.96 	 37625.372254422204 
27.98 	 37827.27844571168 
28.0 	 38085.131123031424 
28.02 	 38392.047167899786 
28.04 	 38733.30546074178 
28.06 	 39100.73268786208 
28.08 	 39479.267832165766 
28.1 	 39864.25385852838 
28.12 	 40245.63155237639 
28.14 	 40625.7029638801 
28.16 	 41001.8116640253 
28.18 	 41383.26216978355 
28.2 	 41772.739384050576 
28.22 	 42182.834448850095 
28.24 	 42615.84911459065 
28.26 	 43081.80923786733 
28.28 	 43576.09520246317 
28.3 	 44101.022734684935 
28.32 	 44641.208833245146 
28.34 	 45189.44933812552 
28.36 	 45720.84546892314 
28.38 	 46221.25459775565 
28.4 	 46662.59855583049 
28.42 	 47029.674437757385 
28.44 	 47300.115670999345 
28.46 	 47464.104238608445 
28.48 	 47512.52126922268 
28.5 	 47444.9668831933 
28.52 	 47268.44285880602 
28.54 	 46991.90805644229 
28.56 	 46635.714394445036 
28.58 	 46214.46130368871 
28.6 	 45755.159540521534 
28.62 	 45272.78206670591 
28.64 	 44793.57380072652 
28.66 	 44328.46303902438 
28.68 	 43897.49530712603 
28.7 	 43505.32821302487 
28.72 	 43163.38997485687 
28.74 	 42869.92497430573 
28.76 	 42627.79357897193 
28.78 	 42429.829683727316 
28.8 	 42271.75015549963 
28.82 	 42142.30651788607 
28.84 	 42032.17195377141 
28.86 	 41927.47023066735 
28.88 	 41816.502558870045 
28.9 	 41684.576804427474 
28.92 	 41520.89867139753 
28.94 	 41312.22710167365 
28.96 	 41052.15364015321 
28.98 	 40731.18323088783 
29.0 	 40350.02135813766 
29.02 	 39904.41363453069 
29.04 	 39403.11100891197 
29.06 	 38847.11671645498 
29.08 	 38251.94415126795 
29.1 	 37622.38937749968 
29.12 	 36977.78556594027 
29.14 	 36324.48511503922 
29.16 	 35682.23798639824 
29.18 	 35056.896582228794 
29.2 	 34465.89340457008 
29.22 	 33913.35555104173 
29.24 	 33412.91505579516 
29.26 	 32966.7962079848 
29.28 	 32584.72670401042 
29.3 	 32267.970427197208 
29.32 	 32023.66165047654 
29.34 	 31854.329750449986 
29.36 	 31767.2269700491 
29.38 	 31769.65067920155 
29.4 	 31872.518162766326 
29.42 	 32091.85293053723 
29.44 	 32444.921624097977 
29.46 	 32958.90741247097 
29.48 	 33656.552994957834 
29.5 	 34574.6153780511 
29.52 	 35734.48688886214 
29.54 	 37175.54954439389 
29.56 	 38904.97878157493 
29.58 	 40954.03299196953 
29.6 	 43300.44460365512 
29.62 	 45957.63068580729 
29.64 	 48863.261299263744 
29.66 	 52010.34927056598 
29.68 	 55297.79475540608 
29.7 	 58706.605427616756 
29.72 	 62113.381393783864 
29.74 	 65504.98473285406 
29.76 	 68763.226969131 
29.78 	 71901.17801294767 
29.8 	 74833.1998437133 
29.82 	 77612.11408261658 
29.84 	 80198.67798615563 
29.86 	 82685.34598581547 
29.88 	 85071.56428111457 
29.9 	 87475.05068794322 
29.92 	 89906.95299489259 
29.94 	 92487.89369661034 
29.96 	 95206.08422877734 
29.98 	 98164.53155060859 
30.0 	 101300.8795741205 
30.02 	 104689.87890005398 
30.04 	 108208.5009602206 
30.06 	 111904.70768827184 
30.08 	 115604.88534751248 
30.1 	 119339.97079272644 
30.12 	 122911.49117235724 
30.14 	 126344.75748274526 
30.16 	 129449.20622416632 
30.18 	 132252.10166509595 
30.2 	 134601.52629962968 
30.22 	 136528.5619525167 
30.24 	 137941.72336132333 
30.26 	 138873.48300994808 
30.28 	 139302.0662924462 
30.3 	 139257.42877444386 
30.32 	 138784.05725715237 
30.34 	 137906.3172934123 
30.36 	 136721.27503780767 
30.38 	 135246.6407859429 
30.4 	 133612.5119757736 
30.42 	 131831.304605715 
30.44 	 130045.67815448064 
30.46 	 128266.48946899307 
30.48 	 126631.19068173657 
30.5 	 125154.20234976339 
30.52 	 123953.34493825024 
30.54 	 123050.71472376489 
30.56 	 122531.24852036341 
30.58 	 122424.84318253456 
30.6 	 122769.08340476945 
30.62 	 123596.53670381755 
30.64 	 124882.67698238854 
30.66 	 126654.74674223145 
30.68 	 128816.83460677975 
30.7 	 131385.39078295068 
30.72 	 134197.48962771185 
30.74 	 137260.74498738494 
30.76 	 140368.2266314382 
30.78 	 143528.66871177184 
30.8 	 146529.55976700847 
30.82 	 149394.0169934645 
30.84 	 151945.74002821947 
30.86 	 154231.58623224444 
30.88 	 156140.9704693702 
30.9 	 157744.5745438214 
30.92 	 159003.75104660817 
30.94 	 160003.23627336798 
30.96 	 160758.86057826248 
30.98 	 161353.86447025542 
31.0 	 161827.1738881516 
31.02 	 162245.26885365247 
31.04 	 162638.82964119696 
31.06 	 163047.51555525218 
31.08 	 163473.85916970027 
31.1 	 163927.96240256363 
31.12 	 164381.00165354286 
31.14 	 164817.62290759126 
31.16 	 165190.0944439514 
31.18 	 165466.34974771785 
31.2 	 165601.84106165604 
31.22 	 165557.84914508116 
31.24 	 165315.59313977 
31.26 	 164837.17344182584 
31.28 	 164143.377050181 
31.3 	 163198.8859286891 
31.32 	 162063.8931289059 
31.34 	 160701.3427332543 
31.36 	 159198.72900896633 
31.38 	 157510.21010470486 
31.4 	 155734.79411150745 
31.42 	 153813.6272454829 
31.44 	 151847.00010759284 
31.46 	 149765.92402897292 
31.48 	 147671.5253216044 
31.5 	 145494.8218379816 
31.52 	 143344.026346556 
31.54 	 141163.55595444402 
31.56 	 139073.91913350194 
31.58 	 137043.85828498233 
31.6 	 135203.00371412488 
31.62 	 133548.3447363513 
31.64 	 132203.93876637 
31.66 	 131190.23365705958 
31.68 	 130601.5628074644 
31.7 	 130469.86260914251 
31.72 	 130832.51413696136 
31.74 	 131718.31626641474 
31.76 	 133086.60226065747 
31.78 	 134952.18967590082 
31.8 	 137191.185811258 
31.82 	 139803.1036202323 
31.84 	 142598.03360725153 
31.86 	 145569.93632022687 
31.88 	 148500.9676469596 
31.9 	 151395.85033671185 
31.92 	 154056.1685022633 
31.94 	 156511.5383163764 
31.96 	 158621.76930119973 
31.98 	 160445.2739225046 
32.0 	 161915.34082730577 
32.02 	 163110.33504725352 
32.04 	 164025.28491187698 
32.06 	 164741.266944977 
32.08 	 165285.86592745382 
32.1 	 165725.30115379655 
32.12 	 166088.70739446487 
32.14 	 166416.0735379654 
32.16 	 166717.54740919365 
32.18 	 167003.37316190277 
32.2 	 167258.93640892263 
32.22 	 167466.71482705633 
32.24 	 167594.33291298655 
32.26 	 167600.9116176943 
32.28 	 167451.93023422756 
32.3 	 167088.65555470472 
32.32 	 166494.46382799873 
32.34 	 165599.56365619876 
32.36 	 164425.09113421798 
32.38 	 162898.34298162744 
32.4 	 161092.3101964924 
32.42 	 158939.6449147413 
32.44 	 156568.1469820055 
32.46 	 153921.98042845068 
32.48 	 151172.85851614614 
32.5 	 148278.37949549174 
32.52 	 145431.01125970687 
32.54 	 142598.42541630447 
32.56 	 139963.8361859873 
32.58 	 137496.8651467599 
32.6 	 135341.98704860106 
32.62 	 133460.22032063417 
32.64 	 131935.89318720397 
32.66 	 130712.46759853231 
32.68 	 129807.24633744775 
32.7 	 129143.35621788274 
32.72 	 128682.3562566388 
32.74 	 128333.1532103741 
32.76 	 128029.35354739003 
32.78 	 127679.16205397522 
32.8 	 127224.08179874317 
32.82 	 126586.65386486003 
32.84 	 125746.99594646595 
32.86 	 124651.17151026179 
32.88 	 123331.71014217816 
32.9 	 121757.12849506155 
32.92 	 120005.60769361923 
32.94 	 118058.2716349692 
32.96 	 116018.26269244874 
32.98 	 113867.07853852597 
33.0 	 111710.42022006276 
33.02 	 109522.50847412845 
33.04 	 107397.38235512361 
33.06 	 105302.05264389985 
33.08 	 103315.35126226666 
33.1 	 101402.89727052556 
33.12 	 99631.28223604933 
33.14 	 97971.49297792614 
33.16 	 96481.08870222927 
33.18 	 95139.91705778641 
33.2 	 93995.88572926824 
33.22 	 93036.46535362826 
33.24 	 92295.24066593587 
33.26 	 91762.68423537965 
33.28 	 91452.08769082105 
33.3 	 91351.83849778182 
33.32 	 91451.48110490557 
33.34 	 91734.78681678444 
33.36 	 92169.73629277275 
33.38 	 92737.57073505585 
33.4 	 93393.7647107195 
33.42 	 94124.22999962432 
33.44 	 94886.46901024863 
33.46 	 95681.95994071003 
33.48 	 96485.85052930127 
33.5 	 97326.25623242062 
33.52 	 98205.75049703351 
33.54 	 99185.12099290498 
33.56 	 100290.92549384224 
33.58 	 101612.53067144802 
33.6 	 103179.83388664092 
33.62 	 105094.91825017142 
33.64 	 107356.7662191015 
33.66 	 110057.33175682982 
33.68 	 113129.30055035968 
33.7 	 116635.1657871237 
33.72 	 120422.00300308956 
33.74 	 124517.4165645529 
33.76 	 128692.7200227218 
33.78 	 132951.95132499916 
33.8 	 137030.15330355655 
33.82 	 140928.38791111697 
33.84 	 144400.37786482176 
33.86 	 147461.13786461364 
33.88 	 149931.80013528065 
33.9 	 151845.28555329802 
33.92 	 153116.00386030442 
33.94 	 153786.25547343324 
33.96 	 153863.9303676727 
33.98 	 153388.50650249718 
34.0 	 152444.90126927075 
34.02 	 151063.0838841191 
34.04 	 149382.38164969507 
34.06 	 147424.03970298124 
34.08 	 145356.8412100886 
34.1 	 143195.71404544773 
34.12 	 141110.3115393647 
34.14 	 139106.45640365532 
34.16 	 137323.80804325183 
34.18 	 135750.73989707255 
34.2 	 134471.9730250138 
34.22 	 133451.35062934321 
34.24 	 132710.31365979472 
34.26 	 132190.01923354462 
34.28 	 131861.6204939259 
34.3 	 131655.9564771785 
34.32 	 131522.51944116346 
34.34 	 131398.97962832934 
34.36 	 131244.26837890423 
34.38 	 131016.23764157636 
34.4 	 130703.75831571934 
34.42 	 130288.74167315275 
34.44 	 129793.61217636157 
34.46 	 129218.76748954662 
34.48 	 128609.3984813387 
34.5 	 127973.92489988456 
34.52 	 127363.26672765112 
34.54 	 126784.13020839954 
34.56 	 126278.20741572004 
34.58 	 125844.87479362913 
34.6 	 125508.1080709853 
34.62 	 125258.43903829936 
34.64 	 125100.03592155084 
34.66 	 125015.08561014381 
34.68 	 124990.22090775463 
34.7 	 125000.15272953617 
34.72 	 125019.43129167592 
34.74 	 125016.79647506209 
34.76 	 124963.55107244277 
34.78 	 124825.9019094941 
34.8 	 124583.66344470672 
34.82 	 124205.86746679297 
34.84 	 123692.22286390663 
34.86 	 123019.25724398658 
34.88 	 122212.11523165881 
34.9 	 121255.13737296732 
34.92 	 120194.85687074965 
34.94 	 119018.02055608954 
34.96 	 117780.69926342748 
34.98 	 116463.84429540658 
35.0 	 115120.46224669079 
35.02 	 113720.25763719012 
35.04 	 112307.2855576144 
35.06 	 110841.19088226116 
35.08 	 109360.25450029779 
35.1 	 107820.96313064633 
35.12 	 106263.79475717299 
35.14 	 104649.6860507008 
35.16 	 103026.81393385882 
35.18 	 101363.67508175838 
35.2 	 99714.52027884762 
35.22 	 98052.41923902108 
35.24 	 96430.08706673568 
35.26 	 94819.00208214362 
35.28 	 93262.41928861487 
35.3 	 91726.0028432804 
35.32 	 90241.18548098754 
35.34 	 88769.24733695848 
35.36 	 87335.01728177785 
35.38 	 85902.38577866527 
35.4 	 84499.29863090982 
35.42 	 83101.0730217785 
35.44 	 81746.80111914195 
35.46 	 80428.74891840306 
35.48 	 79197.88533405255 
35.5 	 78062.0889200428 
35.52 	 77075.83324182167 
35.54 	 76254.38520603582 
35.56 	 75641.262466527 
35.58 	 75247.5621683142 
35.6 	 75091.549595867 
35.62 	 75170.55199987469 
35.64 	 75469.86261841374 
35.66 	 75969.76860385246 
35.68 	 76625.18616918438 
35.7 	 77403.87930919611 
35.72 	 78242.95907651723 
35.74 	 79108.06542643401 
35.76 	 79936.84235093751 
35.78 	 80704.79418124577 
35.8 	 81367.57603233114 
35.82 	 81919.17200607878 
35.84 	 82343.19826702683 
35.86 	 82653.60216925872 
35.88 	 82860.45676151922 
35.9 	 82991.07250223887 
35.92 	 83069.94178425909 
35.94 	 83125.66656208824 
35.96 	 83180.41444802738 
35.98 	 83251.94778702156 
36.0 	 83346.88472254263 
36.02 	 83465.81629627848 
36.04 	 83596.75403037801 
36.06 	 83726.02376108839 
36.08 	 83831.91285681567 
36.1 	 83897.9215145263 
36.12 	 83909.44310774795 
36.14 	 83862.64535591163 
36.16 	 83766.84871125092 
36.18 	 83644.18556461952 
36.2 	 83536.1903892253 
36.22 	 83496.4502751905 
36.24 	 83592.73693767081 
36.26 	 83904.68188857193 
36.28 	 84505.19012883032 
36.3 	 85484.17124800886 
36.32 	 86887.85356180725 
36.34 	 88794.80923630895 
36.36 	 91190.93254002467 
36.38 	 94123.61772595001 
36.4 	 97494.4970954048 
36.42 	 101310.03745986593 
36.44 	 105384.9234399649 
36.46 	 109690.53348043554 
36.48 	 113980.36155591517 
36.5 	 118211.89866516265 
36.52 	 122129.5259864131 
36.54 	 125706.91681279916 
36.56 	 128743.3541366314 
36.58 	 131257.0962719645 
36.6 	 133154.6534280187 
36.62 	 134515.04662486434 
36.64 	 135370.05529901743 
36.66 	 135857.37999485372 
36.68 	 136108.99517501166 
36.7 	 136302.935697899 
36.72 	 136613.92616953483 
36.74 	 137235.65593229473 
36.76 	 138318.98918271178 
36.78 	 140054.5937496654 
36.8 	 142514.02273668142 
36.82 	 145878.943520447 
36.84 	 150103.85000363193 
36.86 	 155365.35183206442 
36.88 	 161475.80388822124 
36.9 	 168612.33543391363 
36.92 	 176428.07421791353 
36.94 	 185101.54908890996 
36.96 	 194123.45339099012 
36.98 	 203669.03517559325 
37.0 	 213092.9630748176 
37.02 	 222558.7950278327 
37.04 	 231355.06620360506 
37.06 	 239621.7997960129 
37.08 	 246692.51339693493 
37.1 	 252667.19389385777 
37.12 	 257052.34228436413 
37.14 	 259888.09806139633 
37.16 	 260960.3745218634 
37.18 	 260232.98232562625 
37.2 	 257821.43416711455 
37.22 	 253609.25228915634 
37.24 	 248020.99576475393 
37.26 	 240873.56322767187 
37.28 	 232819.44330592873 
37.3 	 223636.12536931058 
37.32 	 214088.94192083084 
37.34 	 203944.61383465596 
37.36 	 193962.49562736962 
37.38 	 183915.95650183712 
37.4 	 174460.77584537084 
37.42 	 165378.71674909454 
37.44 	 157161.7640058226 
37.46 	 149592.72269218203 
37.48 	 142983.01386204772 
37.5 	 137111.93885289764 
37.52 	 132132.52401698183 
37.54 	 127826.8142868618 
37.56 	 124237.07068587089 
37.58 	 121164.12505017692 
37.6 	 118594.71848906558 
37.62 	 116366.5759029733 
37.64 	 114457.61350085645 
37.66 	 112754.38630916073 
37.68 	 111254.38393509338 
37.7 	 109894.77816964404 
37.72 	 108700.80439920594 
37.74 	 107652.69647906173 
37.76 	 106795.29001128965 
37.78 	 106138.2541989356 
37.8 	 105728.05357771605 
37.82 	 105587.75171090529 
37.84 	 105744.67665598336 
37.86 	 106220.66675754555 
37.88 	 107007.49615006559 
37.9 	 108116.99254170638 
37.92 	 109499.85577451764 
37.94 	 111158.79691589421 
37.96 	 113012.2806032487 
37.98 	 115065.04948428724 
38.0 	 117223.88479587407 
38.02 	 119512.52340700454 
38.04 	 121849.11305925003 
38.06 	 124291.1493681457 
38.08 	 126781.64818391799 
38.1 	 129416.88992343498 
38.12 	 132159.99149577058 
38.14 	 135138.15247240293 
38.16 	 138310.9741172841 
38.18 	 141818.5355992525 
38.2 	 145582.8391456007 
38.22 	 149735.85092656832 
38.24 	 154131.6570385785 
38.26 	 158878.5817330056 
38.28 	 163750.92356769965 
38.3 	 168828.9772308067 
38.32 	 173822.91455526117 
38.34 	 178791.7225822146 
38.36 	 183423.23671556855 
38.38 	 187766.9569841086 
38.4 	 191543.3204200325 
38.42 	 194800.42895650826 
38.44 	 197339.84813419884 
38.46 	 199206.1613235051 
38.48 	 200307.90864850197 
38.5 	 200673.835014421 
38.52 	 200318.4727920572 
38.54 	 199239.06139368136 
38.56 	 197537.39535290273 
38.58 	 195169.90556696357 
38.6 	 192303.6610143632 
38.62 	 188857.8946777226 
38.64 	 185049.0495542079 
38.66 	 180774.93262800397 
38.68 	 176290.67052130908 
38.7 	 171493.01445303293 
38.72 	 166662.65861410237 
38.74 	 161710.5779338499 
38.76 	 156921.2040485601 
38.78 	 152223.89019341237 
38.8 	 147877.36693508513 
38.82 	 143823.30577919478 
38.84 	 140266.01526268694 
38.86 	 137149.86139736022 
38.88 	 134606.7175863992 
38.9 	 132578.0020399639 
38.92 	 131121.06030639782 
38.94 	 130176.07583668447 
38.96 	 129737.33521838709 
38.98 	 129750.41291634506 
39.0 	 130163.98032691533 
39.02 	 130935.01561124656 
39.04 	 131982.55644804199 
39.06 	 133276.415734302 
39.08 	 134717.7201070748 
39.1 	 136286.3361515686 
39.12 	 137875.3063300673 
39.14 	 139471.20342325862 
39.16 	 140970.8505626013 
39.18 	 142366.88816614734 
39.2 	 143574.65190629213 
39.22 	 144594.83215655264 
39.24 	 145374.75656927837 
39.26 	 145924.39600432923 
39.28 	 146228.8572033677 
39.3 	 146304.10779155628 
39.32 	 146167.43934570477 
39.34 	 145832.14913503663 
39.36 	 145333.26263263967 
39.38 	 144670.52112734303 
39.4 	 143881.19192809597 
39.42 	 142943.77272408915 
39.44 	 141889.69969027818 
39.46 	 140676.08123297148 
39.48 	 139331.95504623847 
39.5 	 137801.1890341984 
39.52 	 136122.93148360855 
39.54 	 134241.1833838939 
39.56 	 132219.49407403375 
39.58 	 130015.46802519394 
39.6 	 127724.9234958468 
39.62 	 125327.80256891242 
39.64 	 122948.39153015411 
39.66 	 120590.18465691335 
39.68 	 118390.20255513267 
39.7 	 116369.28923999192 
39.72 	 114654.0198683788 
39.74 	 113272.02475456567 
39.76 	 112316.17540229992 
39.78 	 111811.20556094134 
39.8 	 111800.51118920659 
39.82 	 112302.62704371108 
39.84 	 113307.99623139897 
39.86 	 114834.87214287411 
39.88 	 116828.98009232711 
39.9 	 119321.02265856617 
39.92 	 122224.95417266947 
39.94 	 125595.64504616849 
39.96 	 129321.90623745529 
39.98 	 133483.8110203325 
40.0 	 137936.73260129816 
40.02 	 142770.96964370966 
40.04 	 147786.9512676467 
40.06 	 153058.10351084787 
40.08 	 158310.69778998976 
40.1 	 163574.37682083875 
40.12 	 168507.7075127067 
40.14 	 173083.52525076154 
40.16 	 176941.73124401897 
40.18 	 180006.03591768714 
40.2 	 181985.17001306821 
40.22 	 182778.63135285335 
40.24 	 182260.46905542008 
40.26 	 180337.01781674512 
40.28 	 177110.15836689106 
40.3 	 172516.89490341363 
40.32 	 166882.51644464716 
40.34 	 160180.96783685606 
40.36 	 152887.41548943665 
40.38 	 144998.8183509406 
40.4 	 137028.72387333907 
40.42 	 128970.33308834037 
40.44 	 121271.71995018085 
40.46 	 113896.60731168107 
40.48 	 107165.41246066129 
40.5 	 100999.89630166496 
40.52 	 95580.62865634693 
40.54 	 90791.90635370782 
40.56 	 86699.11625768074 
40.58 	 83165.62307886146 
40.6 	 80182.36007812631 
40.62 	 77611.60824783768 
40.64 	 75409.69700525768 
40.66 	 73453.87824815192 
40.68 	 71696.05055820692 
40.7 	 70037.72667302199 
40.72 	 68444.97851100775 
40.74 	 66846.66462382874 
40.76 	 65231.761515630555 
40.78 	 63555.299823569716 
40.8 	 61830.452398841924 
40.82 	 60034.53253035209 
40.84 	 58200.68825839368 
40.86 	 56322.62565803925 
40.88 	 54445.38191095929 
40.9 	 52571.72673772963 
40.92 	 50748.69094992876 
40.94 	 48980.47962666453 
40.96 	 47306.98563902116 
40.98 	 45727.62622330329 
41.0 	 44269.18520653812 
41.02 	 42923.02155336982 
41.04 	 41701.30278042226 
41.06 	 40587.61906100901 
41.08 	 39582.23784565094 
41.1 	 38664.20125336632 
41.12 	 37827.25327097886 
41.14 	 37050.45933084927 
41.16 	 36326.858432160516 
41.18 	 35639.570546993484 
41.2 	 34985.133193409354 
41.22 	 34352.74730257903 
41.24 	 33743.88094524902 
41.26 	 33153.3802045986 
41.28 	 32586.45720232762 
41.3 	 32041.410177975413 
41.32 	 31524.674580787156 
41.34 	 31035.47896494192 
41.36 	 30579.26115949589 
41.38 	 30154.613427115954 
41.4 	 29765.063067541818 
41.42 	 29408.32639465512 
41.44 	 29086.27222597265 
41.46 	 28796.169381770484 
41.48 	 28538.661817261964 
41.5 	 28310.620110094973 
41.52 	 28111.17594410014 
41.54 	 27935.958887805664 
41.56 	 27781.579191331817 
41.58 	 27641.194887082755 
41.6 	 27508.138616391792 
41.62 	 27372.653654099533 
41.64 	 27225.499097271495 
41.66 	 27055.277258835 
41.68 	 26852.78074666486 
41.7 	 26607.854312520878 
41.72 	 26315.010815876736 
41.74 	 25968.603383165708 
41.76 	 25569.911927312005 
41.78 	 25119.78324524821 
41.8 	 24627.053192551797 
41.82 	 24098.652074976933 
41.84 	 23548.953818752783 
41.86 	 22988.254053901856 
41.88 	 22432.48420140492 
41.9 	 21891.50813638984 
41.92 	 21378.618864417564 
41.94 	 20900.047585000037 
41.96 	 20463.73770511322 
41.98 	 20070.92692179541 
42.0 	 19723.817726928235 
42.02 	 19419.39669378514 
42.04 	 19155.761522512585 
42.06 	 18927.793141655708 
42.08 	 18732.043498189996 
42.1 	 18563.635574878626 
42.12 	 18419.750173859553 
42.14 	 18297.19031482394 
42.16 	 18194.615559890284 
42.18 	 18110.458763863262 
42.2 	 18044.143737599796 
42.22 	 17994.334043624647 
42.24 	 17959.449472736018 
42.26 	 17936.41660381685 
42.28 	 17920.879612017186 
42.3 	 17906.609730779724 
42.32 	 17885.865413825395 
42.34 	 17849.376364822743 
42.36 	 17787.30240405022 
42.38 	 17689.318735162757 
42.4 	 17546.51465381359 
42.42 	 17350.764192941842 
42.44 	 17097.700298739765 
42.46 	 16784.49890259886 
42.48 	 16413.824648874637 
42.5 	 15989.526907762223 
42.52 	 15521.277700643703 
42.54 	 15018.374706448887 
42.56 	 14494.750678053088 
42.58 	 13961.764319791517 
42.6 	 13433.332896206362 
42.62 	 12918.89456401687 
42.64 	 12428.5001223329 
42.66 	 11966.902540934803 
42.68 	 11538.452485537306 
42.7 	 11142.689935850163 
42.72 	 10778.839819350831 
42.74 	 10442.703910046452 
42.76 	 10130.549099654083 
42.78 	 9836.80429874733 
42.8 	 9557.239150111387 
42.82 	 9287.002328093531 
42.84 	 9023.151367435647 
42.86 	 8762.7697168562 
42.88 	 8505.01296822563 
42.9 	 8249.226374343994 
42.92 	 7996.658772845377 
42.94 	 7748.593512753536 
42.96 	 7507.798272009799 
42.98 	 7276.719651769832 
43.0 	 7058.682107130759 
43.02 	 6856.237949126542 
43.04 	 6672.144923812664 
43.06 	 6508.004742715672 
43.08 	 6365.092722264717 
43.1 	 6243.406212564483 
43.12 	 6142.420502299336 
43.14 	 6060.576770194146 
43.16 	 5995.977563518069 
43.18 	 5946.215522325371 
43.2 	 5908.94803394523 
43.22 	 5881.884704304923 
43.24 	 5863.157250304333 
43.26 	 5851.297096677389 
43.28 	 5845.361816575424 
43.3 	 5844.828507511218 
43.32 	 5849.517503748813 
43.34 	 5859.438488695349 
43.36 	 5874.612658699237 
43.38 	 5894.972290145396 
43.4 	 5920.189375942429 
43.42 	 5949.7159105504525 
43.44 	 5982.678933268936 
43.46 	 6018.07369728635 
43.48 	 6054.7116522857905 
43.5 	 6091.493492228371 
43.52 	 6127.345441674451 
43.54 	 6161.46436005541 
43.56 	 6193.1868357230815 
43.58 	 6222.141293743993 
43.6 	 6248.058556794734 
43.62 	 6270.850692321284 
43.64 	 6290.435030545326 
43.66 	 6306.809710600422 
43.68 	 6319.962902437063 
43.7 	 6329.983539594698 
43.72 	 6337.057793971458 
43.74 	 6341.575807008178 
43.76 	 6344.144040435889 
43.78 	 6345.613284216639 
43.8 	 6347.0328695761955 
43.82 	 6349.58023842864 
43.84 	 6354.454102750463 
43.86 	 6362.782580175425 
43.88 	 6375.520678267477 
43.9 	 6393.4534003791805 
43.92 	 6417.1516066310305 
43.94 	 6447.124159503983 
43.96 	 6483.800210573496 
43.98 	 6527.779515576111 
44.0 	 6579.7306866791505 
44.02 	 6640.64432299216 
44.04 	 6711.5406814446915 
44.06 	 6793.690366409091 
44.08 	 6888.105895469927 
44.1 	 6995.8041735666275 
44.12 	 7117.13934595597 
44.14 	 7252.241390946453 
44.16 	 7400.26267635779 
44.18 	 7560.085544787599 
44.2 	 7729.5016847078305 
44.22 	 7906.173995679086 
44.24 	 8086.713006234249 
44.26 	 8267.79090239141 
44.28 	 8445.096448353057 
44.3 	 8614.491196448067 
44.32 	 8770.927154374893 
44.34 	 8909.584715651217 
44.36 	 9024.958102517954 
44.38 	 9111.934586507696 
44.4 	 9165.289638629714 
44.42 	 9180.590723573743 
44.44 	 9154.245359021903 
44.46 	 9083.977869898985 
44.48 	 8969.390540626518 
44.5 	 8811.704260858132 
44.52 	 8614.647221343477 
44.54 	 8383.287946658485 
44.56 	 8125.050009730533 
44.58 	 7847.769140083124 
44.6 	 7560.731290482529 
44.62 	 7272.374369339645 
44.64 	 6991.356709332088 
44.66 	 6724.411936250043 
44.68 	 6477.482084661407 
44.7 	 6254.084505811571 
44.72 	 6056.488483335344 
44.74 	 5884.694511947547 
44.76 	 5737.572308687922 
44.78 	 5612.349697157347 
44.8 	 5505.6267724681 
44.82 	 5413.191508868366 
44.84 	 5330.867957081701 
44.86 	 5254.476577597045 
44.88 	 5180.508096219889 
44.9 	 5106.066625136661 
44.92 	 5029.360571032919 
44.94 	 4949.498735350002 
44.96 	 4866.7870868372775 
44.98 	 4782.3218976751905 
45.0 	 4698.113600482002 
45.02 	 4616.532252896929 
45.04 	 4540.33242215699 
45.06 	 4472.091851152884 
45.08 	 4414.228146526052 
45.1 	 4368.568429373019 
45.12 	 4336.401016551418 
45.14 	 4318.232375178666 
45.16 	 4313.847534278496 
45.18 	 4322.230832376011 
45.2 	 4341.590638781139 
45.22 	 4369.408309006192 
45.24 	 4402.436935003791 
45.26 	 4436.879655191094 
45.28 	 4468.438606900757 
45.3 	 4492.628966732187 
45.32 	 4504.954178111369 
45.34 	 4501.289458911886 
45.36 	 4478.180399242807 
45.38 	 4433.128201922731 
45.4 	 4364.919543303727 
45.42 	 4273.617582480172 
45.44 	 4160.811440801506 
45.46 	 4029.214239516656 
45.48 	 3882.785533685605 
45.5 	 3726.0075036729904 
45.52 	 3563.9265332079485 
45.54 	 3401.310454077752 
45.56 	 3242.7071114788214 
45.58 	 3091.7060120677083 
45.6 	 2951.0981622897884 
45.62 	 2822.3867892928115 
45.64 	 2706.079687780678 
45.66 	 2601.480780961839 
45.68 	 2507.0920144690617 
45.7 	 2420.625998602618 
45.72 	 2339.4584628305824 
45.74 	 2260.750920040009 
45.76 	 2181.8777401262146 
45.78 	 2100.534801384845 
45.8 	 2015.067464219656 
45.82 	 1924.4653324650208 
45.84 	 1828.5439877813858 
45.86 	 1727.7847665929667 
45.88 	 1623.372108939605 
45.9 	 1516.9115903281133 
45.92 	 1410.37619103622 
45.94 	 1305.7901488444231 
45.96 	 1205.1623529193591 
45.98 	 1110.2290217248797 
46.0 	 1022.436108320598 
46.02 	 942.7923737802447 
46.04 	 871.918783005252 
46.06 	 810.0071128373033 
46.08 	 756.9138559375137 
46.1 	 712.1834998536287 
46.12 	 675.1501460316575 
46.14 	 644.9819324860279 
46.16 	 620.7644195447785 
46.18 	 601.540579451819 
46.2 	 586.3686184534392 
46.22 	 574.3500618133628 
46.24 	 564.6659734310584 
46.26 	 556.593661594359 
46.28 	 549.5267538424364 
46.3 	 542.9814675651642 
46.32 	 536.6037688168918 
46.34 	 530.1653719970582 
46.36 	 523.5601150637589 
46.38 	 516.7906957446481 
46.4 	 509.95676221753837 
46.42 	 503.2347814845843 
46.44 	 496.86082183026105 
46.46 	 491.1069081886862 
46.48 	 486.2617885073892 
46.5 	 482.60796162852085 
46.52 	 480.4043179398627 
46.54 	 479.86879105824465 
46.56 	 481.16716690836165 
46.58 	 484.40594793467864 
46.6 	 489.6304530050257 
46.62 	 496.8300449025216 
46.64 	 505.9454087631289 
46.66 	 516.8842187637579 
46.68 	 529.5334584629467 
46.7 	 543.7798322323675 
46.72 	 559.5202326831916 
46.74 	 576.6796990525709 
46.76 	 595.213250651652 
46.78 	 615.1158711574885 
46.8 	 636.4119153471688 
46.82 	 659.1558571410028 
46.84 	 683.410091772112 
46.86 	 709.2400005733498 
46.88 	 736.6849247980871 
46.9 	 765.7541848328797 
46.92 	 796.3973714137204 
46.94 	 828.5078867239818 
46.96 	 861.8973333103697 
46.98 	 896.3106336223192 
47.0 	 931.4069301705266 
47.02 	 966.7876194033959 
47.04 	 1001.9848293848345 
47.06 	 1036.502022079574 
47.08 	 1069.8108205083595 
47.1 	 1101.4019855106762 
47.12 	 1130.7896755132326 
47.14 	 1157.566316833325 
47.16 	 1181.408502868253 
47.18 	 1202.1230230364451 
47.2 	 1219.6429256050096 
47.22 	 1234.0489503399056 
47.24 	 1245.544234065528 
47.26 	 1254.442021375921 
47.28 	 1261.1177614570609 
47.3 	 1265.9706670944454 
47.32 	 1269.368785505839 
47.34 	 1271.6092509874331 
47.36 	 1272.8831217687598 
47.38 	 1273.2629386338149 
47.4 	 1272.7082553806197 
47.42 	 1271.0928737607057 
47.44 	 1268.2495140747799 
47.46 	 1264.0218310750386 
47.48 	 1258.3222172545522 
47.5 	 1251.1746522022952 
47.52 	 1242.7510161558246 
47.54 	 1233.374138905963 
47.56 	 1223.5113794379838 
47.58 	 1213.7302118069824 
47.6 	 1204.6528716172982 
47.62 	 1196.8828492320224 
47.64 	 1190.9440271063988 
47.66 	 1187.2096423617254 
47.68 	 1185.8539214201892 
47.7 	 1186.8117901513629 
47.72 	 1189.7634428654067 
47.74 	 1194.1403736925145 
47.76 	 1199.1517466949008 
47.78 	 1203.8377021629153 
47.8 	 1207.1348440770985 
47.82 	 1207.9629857307525 
47.84 	 1205.314469762872 
47.86 	 1198.3455753660019 
47.88 	 1186.4616438257021 
47.9 	 1169.3745849296924 
47.92 	 1147.1504522398388 
47.94 	 1120.1998554004722 
47.96 	 1089.265876087049 
47.98 	 1055.3395254578502 
48.0 	 1019.593714371565 
48.02 	 983.2517419499051 
48.04 	 947.5033805913164 
48.06 	 913.3797712527372 
48.08 	 881.7002112639719 
48.1 	 853.0037631357811 
48.12 	 827.5590145190707 
48.14 	 805.3707548695432 
48.16 	 786.2482694167522 
48.18 	 769.8638537252042 
48.2 	 755.8414677193084 
48.22 	 743.8187476669211 
48.24 	 733.5089143074063 
48.26 	 724.7242067366425 
48.28 	 717.3846822368874 
48.3 	 711.4925065323417 
48.32 	 707.0967387389297 
48.34 	 704.2426329839352 
48.36 	 702.9278961571611 
48.38 	 703.0664329522862 
48.4 	 704.472545155171 
48.42 	 706.8659264074445 
48.44 	 709.8968379285027 
48.46 	 713.1887348477235 
48.48 	 716.386531406602 
48.5 	 719.2062902945388 
48.52 	 721.4714097748719 
48.54 	 723.1337336827552 
48.56 	 724.2704743776354 
48.58 	 725.0612884887686 
48.6 	 725.7464313534889 
48.62 	 726.5758573719041 
48.64 	 727.7570288509245 
48.66 	 729.4126646544722 
48.68 	 731.5547304135738 
48.7 	 734.0818910806754 
48.72 	 736.7979997527578 
48.74 	 739.4519573090746 
48.76 	 741.7870302556164 
48.78 	 743.594925053628 
48.8 	 744.7597096456303 
48.82 	 745.2871644329382 
48.84 	 745.3107433832329 
48.86 	 745.0749205544831 
48.88 	 744.8979579962421 
48.9 	 745.1211182508471 
48.92 	 746.0538684984531 
48.94 	 747.9249676901321 
48.96 	 750.8474537269477 
48.98 	 754.8053998177984 
49.0 	 759.6605886488063 
49.02 	 765.1826549745732 
49.04 	 771.0891082255611 
49.06 	 777.0965203514278 
49.08 	 782.962981658877 
49.1 	 788.5255597869101 
49.12 	 793.7149208679267 
49.14 	 798.5568821402103 
49.16 	 803.1504917168521 
49.18 	 807.6381817851267 
49.2 	 812.1641580023521 
49.22 	 816.8386043767835 
49.24 	 821.7048095089328 
49.26 	 826.724371054476 
49.28 	 831.7729174872538 
49.3 	 836.6567134506641 
49.32 	 841.1365885325837 
49.34 	 844.9653906275914 
49.36 	 847.9230260532491 
49.38 	 849.8531880931517 
49.4 	 850.6891862059122 
49.42 	 850.4720730391662 
49.44 	 849.3556570522171 
49.46 	 847.6001641428606 
49.48 	 845.5562635731537 
49.5 	 843.6388053667127 
49.52 	 842.296089312324 
49.54 	 841.9724332415121 
49.56 	 843.0700712974126 
49.58 	 845.909981637276 
49.6 	 850.6944526516173 
49.62 	 857.4770901117305 
49.64 	 866.136820003064 
49.66 	 876.3700454713675 
49.68 	 887.6884586863009 
49.7 	 899.443874443429 
49.72 	 910.8573096797742 
49.74 	 921.0763417793023 
49.76 	 929.230416334248 
49.78 	 934.5046581649839 
49.8 	 936.2022428040216 
49.82 	 933.8064639283676 
49.84 	 927.0243231292884 
49.86 	 915.8090350254668 
49.88 	 900.3652937882313 
49.9 	 881.1191815642386 
49.92 	 858.6827810924425 
49.94 	 833.7810225058199 
49.96 	 807.1929877272388 
49.98 	 779.6641995387533 
50.0 	 751.8539989272326 
50.02 	 724.2676042116043 
50.04 	 697.2370001356018 
50.06 	 670.8969747035801 
50.08 	 645.2120313448515 
50.1 	 619.9999974595246 
50.12 	 594.9971510451719 
50.14 	 569.9124285420253 
50.16 	 544.5073956042942 
50.18 	 518.653147524272 
50.2 	 492.39754425906636 
50.22 	 465.9989297408523 
50.24 	 439.9596854141668 
50.26 	 415.0217477552686 
50.28 	 392.1570789098453 
50.3 	 372.52227561974945 
50.32 	 357.4070663626446 
50.34 	 348.1549500323181 
50.36 	 346.07924617578817 
50.38 	 352.36503853153994 
50.4 	 367.97135448131394 
50.42 	 393.5400061892552 
50.44 	 429.3127725770005 
50.46 	 475.08284800595584 
50.48 	 530.1613447063619 
50.5 	 593.4076876546605 
50.52 	 663.2704731148353 
50.54 	 737.9148024306888 
50.56 	 815.3351132043408 
50.58 	 893.5614076697628 
50.6 	 970.8063058382878 
50.62 	 1045.694671121168 
50.64 	 1117.3825243569247 
50.66 	 1185.7371462611518 
50.68 	 1251.365247400985 
50.7 	 1315.6838390613202 
50.72 	 1380.8176136026755 
50.74 	 1449.5381523209162 
50.76 	 1525.023210037148 
50.78 	 1610.6881152324163 
50.8 	 1709.8316335751088 
50.82 	 1825.4282381093717 
50.84 	 1959.7128806735075 
50.86 	 2114.0410923354557 
50.88 	 2288.4851437463967 
50.9 	 2481.889576588085 
50.92 	 2691.5527325302055 
50.94 	 2913.585802441472 
50.96 	 3142.723408611154 
50.98 	 3373.016032793981 
51.0 	 3597.754172237011 
51.02 	 3810.3998609055193 
51.04 	 4004.5490484649804 
51.06 	 4174.892308516767 
51.08 	 4317.117922184207 
51.1 	 4428.653764613032 
51.12 	 4508.447870031239 
51.14 	 4557.315967199563 
51.16 	 4577.607992506833 
51.18 	 4573.134522418126 
51.2 	 4548.79131537259 
51.22 	 4510.181606795238 
51.24 	 4463.287777760961 
51.26 	 4413.975643476013 
51.28 	 4367.769578595277 
51.3 	 4329.408404569535 
51.32 	 4302.729485172971 
51.34 	 4290.38516153625 
51.36 	 4293.810277049425 
51.38 	 4313.151102748933 
51.4 	 4347.292118935594 
51.42 	 4394.0107007105735 
51.44 	 4450.054823095164 
51.46 	 4511.499845275361 
51.48 	 4573.873021435722 
51.5 	 4632.638004841209 
51.52 	 4683.346271392781 
51.54 	 4722.121612828782 
51.56 	 4745.797375589851 
51.58 	 4752.250121219311 
51.6 	 4740.476705331345 
51.62 	 4710.6603100593065 
51.64 	 4664.1630870032495 
51.66 	 4603.294909400262 
51.68 	 4531.237288384812 
51.7 	 4451.588471193185 
51.72 	 4368.271629675365 
51.74 	 4285.00085447307 
51.76 	 4205.240187409147 
51.78 	 4131.74287700651 
51.8 	 4066.609304993857 
51.82 	 4011.0002372310646 
51.84 	 3965.300899730111 
51.86 	 3929.0298244610613 
51.88 	 3901.075271277883 
51.9 	 3879.7526491489975 
51.92 	 3863.058231408731 
51.94 	 3848.7935375701672 
51.96 	 3834.7864773737583 
51.98 	 3819.0029429191145 
52.0 	 3799.709354570142 
52.02 	 3775.517894768802 
52.04 	 3745.492216631325 
52.06 	 3709.106613296289 
52.08 	 3666.315327388017 
52.1 	 3617.4334445848567 
52.12 	 3563.19345290273 
52.14 	 3504.5693456210215 
52.16 	 3442.8339655239834 
52.18 	 3379.3489631738908 
52.2 	 3315.622552454867 
52.22 	 3253.0850082307497 
52.24 	 3193.140459181468 
52.26 	 3136.9494666325977 
52.28 	 3085.4761506351124 
52.3 	 3039.3073144914797 
52.32 	 2998.711763334525 
52.34 	 2963.530226406545 
52.36 	 2933.272377927821 
52.38 	 2907.1003188112686 
52.4 	 2883.9772679966422 
52.42 	 2862.7345909692654 
52.44 	 2842.2544544961274 
52.46 	 2821.568265870192 
52.48 	 2800.0212219510736 
52.5 	 2777.3245158926743 
52.52 	 2753.638677052841 
52.54 	 2729.517021951459 
52.56 	 2705.873235429028 
52.58 	 2683.8110560897608 
52.6 	 2664.500472596519 
52.62 	 2648.959864752983 
52.64 	 2637.920302169804 
52.66 	 2631.6666253575963 
52.68 	 2629.982459139206 
52.7 	 2632.135418624427 
52.72 	 2636.9524885665264 
52.74 	 2642.9589242412576 
52.76 	 2648.5575089926556 
52.78 	 2652.243926240408 
52.8 	 2652.799919682756 
52.82 	 2649.461839418222 
52.84 	 2642.0251642891 
52.86 	 2630.865388272274 
52.88 	 2616.8967823007642 
52.9 	 2601.4235216051834 
52.92 	 2585.9731540247076 
52.94 	 2572.047520307801 
52.96 	 2560.919446618839 
52.98 	 2553.408636974341 
53.0 	 2549.7532478117996 
53.02 	 2549.5264024964813 
53.04 	 2551.660149890991 
53.06 	 2554.5476323324992 
53.08 	 2556.221913344992 
53.1 	 2554.5919895661023 
53.12 	 2547.7010815353733 
53.14 	 2533.971119282699 
53.16 	 2512.4248808621446 
53.18 	 2482.802806293782 
53.2 	 2445.652136699389 
53.22 	 2402.2392473533846 
53.24 	 2354.4767369682995 
53.26 	 2304.6533251452843 
53.28 	 2255.2511479779687 
53.3 	 2208.6019267110896 
53.32 	 2166.7000685376283 
53.34 	 2130.9249192155153 
53.36 	 2101.9549759548104 
53.38 	 2079.6593604315017 
53.4 	 2063.1668859340825 
53.42 	 2050.947402392917 
53.44 	 2041.0145031624725 
53.46 	 2031.1309139872162 
53.48 	 2019.0634313255975 
53.5 	 2002.7965063471224 
53.52 	 1980.7412714539864 
53.54 	 1951.8488043323812 
53.56 	 1915.7068315872884 
53.58 	 1872.5011144986079 
53.6 	 1822.9936429340974 
53.62 	 1768.3551432800616 
53.64 	 1710.0741673635273 
53.66 	 1649.7369029195079 
53.68 	 1588.9396853405476 
53.7 	 1529.099981235936 
53.72 	 1471.4277423705248 
53.74 	 1416.81709793453 
53.76 	 1365.889857280368 
53.78 	 1318.9673339767194 
53.8 	 1276.1594890829494 
53.82 	 1237.3808964295724 
53.84 	 1202.4432190184514 
53.86 	 1171.0742159397585 
53.88 	 1142.9828007434655 
53.9 	 1117.8590768119675 
53.92 	 1095.4060303458227 
53.94 	 1075.3225471683725 
53.96 	 1057.314940523575 
53.98 	 1041.07713478892 
54.0 	 1026.298867947979 
54.02 	 1012.6542545868532 
54.04 	 999.8152021632159 
54.06 	 987.4494615671929 
54.08 	 975.2379778793409 
54.1 	 962.8763831994602 
54.12 	 950.0910851343589 
54.14 	 936.6379728741516 
54.16 	 922.314267553777 
54.18 	 906.952306207631 
54.2 	 890.4282060229525 
54.22 	 872.6523168520291 
54.24 	 853.5777185591601 
54.26 	 833.1898857859757 
54.28 	 811.5171520402424 
54.3 	 788.6207498936905 
54.32 	 764.6070565262966 
54.34 	 739.617125191788 
54.36 	 713.8383404476967 
54.38 	 687.491116683344 
54.4 	 660.836412482412 
54.42 	 634.1569827205069 
54.44 	 607.7575557121684 
54.46 	 581.9393969731418 
54.48 	 556.9924133569559 
54.5 	 533.1652737307813 
54.52 	 510.6533459775456 
54.54 	 489.5714496255828 
54.56 	 469.94639377170483 
54.58 	 451.7025715660702 
54.6 	 434.66909346753954 
54.62 	 418.5859503653794 
54.64 	 403.1302778714225 
54.66 	 387.9419478427819 
54.68 	 372.66298019870965 
54.7 	 356.9706199568795 
54.72 	 340.6149341645993 
54.74 	 323.44210074959574 
54.76 	 305.4144361407509 
54.78 	 286.6110647742814 
54.8 	 267.2230015669114 
54.82 	 247.53003400486548 
54.84 	 227.8756428951665 
54.86 	 208.6303396113908 
54.88 	 190.1597223758874 
54.9 	 172.78950741100113 
54.92 	 156.78104517924027 
54.94 	 142.31049455349088 
54.96 	 129.4608042873139 
54.98 	 118.22008321688065 
55.0 	 108.49111332866548 
55.02 	 100.10609141455566 
55.04 	 92.84796973737294 
55.06 	 86.47320365933659 
55.08 	 80.73562440232328 
55.1 	 75.40726594813825 
55.12 	 70.2958262955879 
55.14 	 65.25607710747059 
55.16 	 60.195725414491484 
55.18 	 55.07497052952907 
55.2 	 49.901233937545086 
55.22 	 44.719611876711035 
55.24 	 39.60118442890423 
55.26 	 34.630567485819356 
55.28 	 29.893939624049537 
55.3 	 25.46926724949948 
55.32 	 21.41884698874144 
55.34 	 17.78523123907326 
55.36 	 14.589362592256354 
55.38 	 11.831959186130293 
55.4 	 9.495967870020014 
55.42 	 7.550972919200051 
55.44 	 5.956893659495036 
55.46 	 4.66903788840303 
55.48 	 3.6414384854611277 
55.5 	 2.829871971648992 
55.52 	 2.193921814721955 
55.54 	 1.698359569035133 
55.56 	 1.313069982635549 
55.58 	 1.0136478653617864 
55.6 	 0.781172832924102 
55.62 	 0.6015091046675772 
55.64 	 0.45845307742229213 
55.66 	 0.34922235578739597 
55.68 	 0.26598889947468213 
55.7 	 0.19733350322282447 
55.72 	 0.14579278129421164 
55.74 	 0.1113910440916524 
55.76 	 0.08423392758607864 
55.78 	 0.05958374524047232 
55.8 	 0.04214717682301998 
55.82 	 0.04216228333801031 
55.84 	 0.0 
55.86 	 0.0 
55.88 	 0.0 
55.9 	 0.0 
55.92 	 0.0 
55.94 	 0.0 
55.96 	 0.0 
55.98 	 0.0 
56.0 	 0.0 
56.02 	 0.0 
56.04 	 0.0 
56.06 	 0.0 
56.08 	 0.0 
56.1 	 0.0 
56.12 	 0.0 
56.14 	 0.0 
56.16 	 0.0 
56.18 	 0.0 
56.2 	 0.0 
56.22 	 0.0 
56.24 	 0.0 
56.26 	 0.0 
56.28 	 0.0 
56.3 	 0.0 
56.32 	 0.0 
56.34 	 0.0 
56.36 	 0.0 
56.38 	 0.0 
56.4 	 0.0 
56.42 	 0.0 
56.44 	 0.0 
56.46 	 0.0 
56.48 	 0.0 
56.5 	 0.0 
56.52 	 0.0 
56.54 	 0.0 
56.56 	 0.0 
56.58 	 0.0 
56.6 	 0.0 
56.62 	 0.0 
56.64 	 0.0 
56.66 	 0.0 
56.68 	 0.0 
56.7 	 0.0 
56.72 	 0.0 
56.74 	 0.0 
56.76 	 0.0 
56.78 	 0.0 
56.8 	 0.0 
56.82 	 0.0 
56.84 	 0.0 
56.86 	 0.0 
56.88 	 0.0 
56.9 	 0.0 
56.92 	 0.0 
56.94 	 0.0 
56.96 	 0.0 
56.98 	 0.0 
57.0 	 0.0 
57.02 	 0.0 
57.04 	 0.0 
57.06 	 0.0 
57.08 	 0.0 
57.1 	 0.0 
57.12 	 0.0 
57.14 	 0.0 
57.16 	 0.0 
57.18 	 0.0 
57.2 	 0.0 
57.22 	 0.0 
57.24 	 0.0 
57.26 	 0.0 
57.28 	 0.0 
57.3 	 0.0 
57.32 	 0.0 
57.34 	 0.0 
57.36 	 0.0 
57.38 	 0.0 
57.4 	 0.0 
57.42 	 0.0 
57.44 	 0.0 
57.46 	 0.0 
57.48 	 0.0 
57.5 	 0.0 
57.52 	 0.0 
57.54 	 0.0 
57.56 	 0.0 
57.58 	 0.0 
57.6 	 0.0 
57.62 	 0.0 
57.64 	 0.0 
57.66 	 0.0 
57.68 	 0.0 
57.7 	 0.0 
57.72 	 0.0 
57.74 	 0.0 
57.76 	 0.0 
57.78 	 0.0 
57.8 	 0.0 
57.82 	 0.0 
57.84 	 0.0 
57.86 	 0.0 
57.88 	 0.0 
57.9 	 0.0 
57.92 	 0.0 
57.94 	 0.0 
57.96 	 0.0 
57.98 	 0.0 
58.0 	 0.0 
58.02 	 0.0 
58.04 	 0.0 
58.06 	 0.0 
58.08 	 0.0 
58.1 	 0.0 
58.12 	 0.0 
58.14 	 0.0 
58.16 	 0.0 
58.18 	 0.0 
58.2 	 0.0 
58.22 	 0.0 
58.24 	 0.0 
58.26 	 0.0 
58.28 	 0.0 
58.3 	 0.0 
58.32 	 0.0 
58.34 	 0.0 
58.36 	 0.0 
58.38 	 0.0 
58.4 	 0.0 
58.42 	 0.0 
58.44 	 0.0 
58.46 	 0.0 
58.48 	 0.0 
58.5 	 0.0 
58.52 	 0.0 
58.54 	 0.0 
58.56 	 0.0 
58.58 	 0.0 
58.6 	 0.0 
58.62 	 0.0 
58.64 	 0.0 
58.66 	 0.0 
58.68 	 0.0 
58.7 	 0.0 
58.72 	 0.0 
58.74 	 0.0 
58.76 	 0.0 
58.78 	 0.0 
58.8 	 0.0 
58.82 	 0.0 
58.84 	 0.0 
58.86 	 0.0 
58.88 	 0.0 
58.9 	 0.0 
58.92 	 0.0 
58.94 	 0.0 
58.96 	 0.0 
58.98 	 0.0 
59.0 	 0.0 
59.02 	 0.0 
59.04 	 0.0 
59.06 	 0.0 
59.08 	 0.0 
59.1 	 0.0 
59.12 	 0.0 
59.14 	 0.0 
59.16 	 0.0 
59.18 	 0.0 
59.2 	 0.0 
59.22 	 0.0 
59.24 	 0.0 
59.26 	 0.0 
59.28 	 0.0 
59.3 	 0.0 
59.32 	 0.0 
59.34 	 0.0 
59.36 	 0.0 
59.38 	 0.0 
59.4 	 0.0 
59.42 	 0.0 
59.44 	 0.0 
59.46 	 0.0 
59.48 	 0.0 
59.5 	 0.0 
59.52 	 0.0 
59.54 	 0.0 
59.56 	 0.0 
59.58 	 0.0 
59.6 	 0.0 
59.62 	 0.0 
59.64 	 0.0 
59.66 	 0.0 
59.68 	 0.0 
59.7 	 0.0 
59.72 	 0.0 
59.74 	 0.0 
59.76 	 0.0 
59.78 	 0.0 
59.8 	 0.0 
59.82 	 0.0 
59.84 	 0.0 
59.86 	 0.0 
59.88 	 0.0 
59.9 	 0.0 
59.92 	 0.0 
59.94 	 0.0 
59.96 	 0.0 
59.98 	 0.0 
