0.0 	 0.0 
0.02 	 2824.0870237023078 
0.04 	 5611.284603540793 
0.06 	 8199.331201540615 
0.08 	 10443.15191797829 
0.1 	 12228.359627069623 
0.12 	 13480.79291919031 
0.14 	 14171.005326379362 
0.16 	 14313.43676998932 
0.18 	 13960.807587388961 
0.2 	 13194.92885164163 
0.22 	 12115.514722591199 
0.24 	 10828.6707123365 
0.26 	 9436.53854721368 
0.28 	 8029.178337307969 
0.3 	 6679.265381556515 
0.32 	 5439.677991177336 
0.34 	 4343.640108838359 
0.36 	 3406.810340297718 
0.38 	 2630.592004446608 
0.4 	 2005.9596246287965 
0.42 	 1517.217665756388 
0.44 	 1145.2809310842013 
0.46 	 870.2496973419767 
0.48 	 673.2138655823798 
0.5 	 537.3403675527725 
0.52 	 448.37109520563143 
0.54 	 394.6889472146256 
0.56 	 367.10725876056546 
0.58 	 358.51489025323747 
0.6 	 363.4766507945457 
0.62 	 377.85500317267383 
0.64 	 398.48952953527265 
0.66 	 422.9480084392152 
0.68 	 449.34762538454595 
0.7 	 476.2359549454428 
0.72 	 502.51744483446026 
0.74 	 527.4106288303366 
0.76 	 550.4228250569237 
0.78 	 571.3316005505199 
0.8 	 590.1651117421517 
0.82 	 607.1761658410693 
0.84 	 622.8073026023835 
0.86 	 637.6463074954954 
0.88 	 652.3733291989294 
0.9 	 667.7021877499305 
0.92 	 684.3195094932602 
0.94 	 702.8259765270545 
0.96 	 723.684188589337 
0.98 	 747.1773716849544 
1.0 	 773.3824279551263 
1.02 	 802.15964922221 
1.04 	 833.1599108628661 
1.06 	 865.8484759247361 
1.08 	 899.5428682647755 
1.1 	 933.4608379111681 
1.12 	 966.7734555546881 
1.14 	 998.6580073543138 
1.16 	 1028.3457075237864 
1.18 	 1055.160285310642 
1.2 	 1078.5450907359068 
1.22 	 1098.0782403360888 
1.24 	 1113.4771535005489 
1.26 	 1124.5952610499855 
1.28 	 1131.4144119950072 
1.3 	 1134.0364078549865 
1.32 	 1132.676184481684 
1.34 	 1127.657656246425 
1.36 	 1119.4115031059957 
1.38 	 1108.472651673249 
1.4 	 1095.4742748555068 
1.42 	 1081.1350719989407 
1.44 	 1066.2374477639885 
1.46 	 1051.595813722133 
1.48 	 1038.0162372995126 
1.5 	 1026.2506055921126 
1.52 	 1016.9499180385591 
1.54 	 1010.6219536567888 
1.56 	 1007.5982502790667 
1.58 	 1008.0141732861063 
1.6 	 1011.8041068308478 
1.62 	 1018.7118396547652 
1.64 	 1028.314413061872 
1.66 	 1040.0563400328267 
1.68 	 1053.2903428713234 
1.7 	 1067.3205935879298 
1.72 	 1081.4447594610074 
1.74 	 1094.9917793928641 
1.76 	 1107.3530534697834 
1.78 	 1118.005501087579 
1.8 	 1126.5256869736395 
1.82 	 1132.5949419242643 
1.84 	 1135.9961477003062 
1.86 	 1136.6036190333627 
1.88 	 1134.368247811619 
1.9 	 1129.300659672483 
1.92 	 1121.4554182252261 
1.94 	 1110.9191551200568 
1.96 	 1097.8048306311418 
1.98 	 1082.25317539859 
2.0 	 1064.4408907740174 
2.02 	 1044.593658106284 
2.04 	 1023.0007423291521 
2.06 	 1000.0272675683362 
2.08 	 976.120295225974 
2.1 	 951.8057062492835 
2.12 	 927.6744706166528 
2.14 	 904.3589173395341 
2.16 	 882.5017288285123 
2.18 	 862.7221643787717 
2.2 	 845.5850917491991 
2.22 	 831.578498450973 
2.24 	 821.1041467075694 
2.26 	 814.4839970286323 
2.28 	 811.9822160372158 
2.3 	 813.8394332631623 
2.32 	 820.3129618526614 
2.34 	 831.7145273981646 
2.36 	 848.4361731219651 
2.38 	 870.9557795410467 
2.4 	 899.816148500522 
2.42 	 935.5756379416868 
2.44 	 978.73335775601 
2.46 	 1029.637147467456 
2.48 	 1088.387007770568 
2.5 	 1154.7494282573152 
2.52 	 1228.098432366547 
2.54 	 1307.3968166182137 
2.56 	 1391.2261517010204 
2.58 	 1477.8673004301734 
2.6 	 1565.425571112278 
2.62 	 1651.9874751483173 
2.64 	 1735.7906884638392 
2.66 	 1815.3862429270416 
2.68 	 1889.7727166919265 
2.7 	 1958.486155550132 
2.72 	 2021.6359341541474 
2.74 	 2079.8845738833325 
2.76 	 2134.377253467039 
2.78 	 2186.6330133896317 
2.8 	 2238.413433114891 
2.82 	 2291.5853580273847 
2.84 	 2347.992202668871 
2.86 	 2409.344162821878 
2.88 	 2477.132429646733 
2.9 	 2552.567444253296 
2.92 	 2636.5374372666447 
2.94 	 2729.581648105212 
2.96 	 2831.8728630849555 
2.98 	 2943.2058616294203 
3.0 	 3062.991215247192 
3.02 	 3190.2566577075354 
3.04 	 3323.660030000501 
3.06 	 3461.5180102766776 
3.08 	 3601.8533410616733 
3.1 	 3742.4604213257153 
3.12 	 3880.985671501462 
3.14 	 4015.0159068079392 
3.16 	 4142.165898375625 
3.18 	 4260.15591132301 
3.2 	 4366.8714272618945 
3.22 	 4460.400212168035 
3.24 	 4539.045782996615 
3.26 	 4601.320401368704 
3.28 	 4645.924241219473 
3.3 	 4671.719762608137 
3.32 	 4677.7112409470465 
3.34 	 4663.038767007912 
3.36 	 4626.993976790344 
3.38 	 4569.061569183528 
3.4 	 4488.986694068585 
3.42 	 4386.863974126035 
3.44 	 4263.239734356528 
3.46 	 4119.215460649129 
3.48 	 3956.5381027182952 
3.5 	 3777.662033988571 
3.52 	 3585.7686020509664 
3.54 	 3384.7323434863865 
3.56 	 3179.0278995302715 
3.58 	 2973.5779489684382 
3.6 	 2773.5493074752494 
3.62 	 2584.1108176749663 
3.64 	 2410.171868218825 
3.66 	 2256.1235960125136 
3.68 	 2125.6055985171133 
3.7 	 2021.3192245650685 
3.72 	 1944.9044825614349 
3.74 	 1896.891840978807 
3.76 	 1876.7334005829618 
3.78 	 1882.910842985505 
3.8 	 1913.1109117880312 
3.82 	 1964.453561401615 
3.84 	 2033.75378661971 
3.86 	 2117.7958642736844 
3.88 	 2213.598505562856 
3.9 	 2318.651294039544 
3.92 	 2431.106646630656 
3.94 	 2549.9170367947368 
3.96 	 2674.9137686690924 
3.98 	 2806.830379877287 
4.0 	 2947.2798462574406 
4.02 	 3098.6992695836652 
4.04 	 3264.2779925909895 
4.06 	 3447.8848718072377 
4.08 	 3654.008047212803 
4.1 	 3887.7167789258083 
4.12 	 4154.650877079357 
4.14 	 4461.039987491213 
4.16 	 4813.7531021348495 
4.18 	 5220.377900440624 
4.2 	 5689.328672392477 
4.22 	 6229.97860452887 
4.24 	 6852.804878401938 
4.26 	 7569.521770064186 
4.28 	 8393.157887387177 
4.3 	 9338.011515974162 
4.32 	 10419.398250046488 
4.34 	 11653.09537090639 
4.36 	 13054.396181764208 
4.38 	 14636.721423913823 
4.4 	 16409.796392633194 
4.42 	 18377.48735378534 
4.44 	 20535.487799654813 
4.46 	 22869.135905689684 
4.48 	 25351.707623625145 
4.5 	 27943.544611943118 
4.52 	 30592.328522322085 
4.54 	 33234.699996898795 
4.56 	 35799.25278954587 
4.58 	 38210.73471026451 
4.6 	 40395.091133489586 
4.62 	 42284.83016707591 
4.64 	 43824.10306011074 
4.66 	 44972.89891116532 
4.68 	 45709.85237876089 
4.7 	 46033.34217173393 
4.72 	 45960.78680459494 
4.74 	 45526.28360815501 
4.76 	 44776.94726891167 
4.78 	 43768.45182465892 
4.8 	 42560.34431976674 
4.82 	 41211.67425766818 
4.84 	 39777.381202728466 
4.86 	 38305.72642331722 
4.88 	 36836.87360088302 
4.9 	 35402.549838938925 
4.92 	 34026.57857864185 
4.94 	 32725.98902012789 
4.96 	 31512.37981678473 
4.98 	 30393.244685592555 
5.0 	 29373.041480026455 
5.02 	 28453.885536482263 
5.04 	 27635.85201154575 
5.06 	 26916.96157110973 
5.08 	 26292.985192481763 
5.1 	 25757.22979853573 
5.12 	 25300.456942832658 
5.14 	 24911.04801513742 
5.16 	 24575.471913826386 
5.18 	 24279.047137191887 
5.2 	 24006.931523281055 
5.22 	 23745.228716682155 
5.24 	 23482.07658712714 
5.26 	 23208.581107777452 
5.28 	 22919.47794810574 
5.3 	 22613.438901275273 
5.32 	 22292.985269620687 
5.34 	 21964.018882400003 
5.36 	 21635.027169999044 
5.38 	 21316.05620053093 
5.4 	 21017.57063613195 
5.42 	 20749.329596187028 
5.44 	 20519.401559129416 
5.46 	 20333.420626003106 
5.48 	 20194.15340551358 
5.5 	 20101.404743274998 
5.52 	 20052.24698341841 
5.54 	 20041.51746030093 
5.56 	 20062.49823586352 
5.58 	 20107.675257041337 
5.6 	 20169.473520641135 
5.62 	 20240.880185577334 
5.64 	 20315.89569106673 
5.66 	 20389.78825294576 
5.68 	 20459.16267828734 
5.7 	 20521.88337114308 
5.72 	 20576.908361799797 
5.74 	 20624.09360769986 
5.76 	 20664.01548169721 
5.78 	 20697.83823757719 
5.8 	 20727.228441254283 
5.82 	 20754.2966066057 
5.84 	 20781.533207315493 
5.86 	 20811.70497323699 
5.88 	 20847.687810162737 
5.9 	 20892.231606044625 
5.92 	 20947.674281420463 
5.94 	 21015.64175246812 
5.96 	 21096.782000597275 
5.98 	 21190.582367640116 
6.0 	 21295.30944932885 
6.02 	 21408.09299690057 
6.04 	 21525.153179931724 
6.06 	 21642.14901678296 
6.08 	 21754.608691131994 
6.1 	 21858.392362032868 
6.12 	 21950.135765260984 
6.14 	 22027.62773823816 
6.16 	 22090.085141666026 
6.18 	 22138.30242862923 
6.2 	 22174.668228446502 
6.22 	 22203.055824222134 
6.24 	 22228.606538952667 
6.26 	 22257.433204729143 
6.28 	 22296.273765030972 
6.3 	 22352.121945505474 
6.32 	 22431.853153332762 
6.34 	 22541.851066739524 
6.36 	 22687.626977772503 
6.38 	 22873.41415784092 
6.4 	 23101.717781014147 
6.42 	 23372.810561024657 
6.44 	 23684.18602627828 
6.46 	 24030.012612114468 
6.48 	 24400.666235914654 
6.5 	 24782.4477859657 
6.52 	 25157.605234587125 
6.54 	 25504.76980844708 
6.56 	 25799.877942274732 
6.58 	 26017.587724930745 
6.6 	 26133.118795176648 
6.62 	 26124.362032268087 
6.64 	 25974.036422933546 
6.66 	 25671.630711759906 
6.68 	 25214.867747470642 
6.7 	 24610.473254846624 
6.72 	 23874.11288613946 
6.74 	 23029.468804775748 
6.76 	 22106.54150553634 
6.78 	 21139.364491537406 
6.8 	 20163.39192971793 
6.82 	 19212.851660834032 
6.84 	 18318.34500642723 
6.86 	 17504.92564983943 
6.88 	 16790.813629123782 
6.9 	 16186.811683435219 
6.92 	 15696.404510975231 
6.94 	 15316.44896907893 
6.96 	 15038.31252407193 
6.98 	 14849.291084576205 
7.0 	 14734.13420577027 
7.02 	 14676.521141691966 
7.04 	 14660.359716201236 
7.06 	 14670.815993716273 
7.08 	 14695.021744256486 
7.1 	 14722.445370743493 
7.12 	 14744.94784312888 
7.14 	 14756.576207753824 
7.16 	 14753.171372946947 
7.18 	 14731.882022893342 
7.2 	 14690.680837604916 
7.22 	 14627.971656161642 
7.24 	 14542.357162110515 
7.26 	 14432.60819920109 
7.28 	 14297.841760391553 
7.3 	 14137.880051542374 
7.32 	 13953.733143847156 
7.34 	 13748.127188886627 
7.36 	 13525.991892362978 
7.38 	 13294.825578662469 
7.4 	 13064.872037346819 
7.42 	 12849.066837882321 
7.44 	 12662.737308313624 
7.46 	 12523.0653018349 
7.48 	 12448.341664422833 
7.5 	 12457.054170010191 
7.52 	 12566.85684128275 
7.54 	 12793.470041471643 
7.56 	 13149.560592257003 
7.58 	 13643.652580447293 
7.6 	 14279.124558940903 
7.62 	 15053.35771143497 
7.64 	 15957.11010601213 
7.66 	 16974.200203527726 
7.68 	 18081.58293559594 
7.7 	 19249.888801497105 
7.72 	 20444.467311532037 
7.74 	 21626.930766745634 
7.76 	 22757.13688669401 
7.78 	 23795.487084873377 
7.8 	 24705.361749045653 
7.82 	 25455.47574382302 
7.84 	 26021.925628952606 
7.86 	 26389.71973594513 
7.88 	 26553.632624628943 
7.9 	 26518.300059174726 
7.92 	 26297.558224793025 
7.94 	 25913.11754735081 
7.96 	 25392.733402709015 
7.98 	 24768.08228726698 
8.0 	 24072.566669668046 
8.02 	 23339.25466674511 
8.04 	 22599.117414729957 
8.06 	 21879.66725655998 
8.08 	 21204.035339633458 
8.1 	 20590.469153313516 
8.12 	 20052.187553245025 
8.14 	 19597.507510733187 
8.16 	 19230.153319293262 
8.18 	 18949.6715179172 
8.2 	 18751.89702553937 
8.22 	 18629.440783103946 
8.24 	 18572.190316915017 
8.26 	 18567.827975161817 
8.28 	 18602.375789268463 
8.3 	 18660.772176063823 
8.32 	 18727.477004784552 
8.34 	 18787.091544295025 
8.36 	 18824.971677696478 
8.38 	 18827.808488250274 
8.4 	 18784.150314617604 
8.42 	 18684.84375105882 
8.44 	 18523.37618560159 
8.46 	 18296.10764869075 
8.48 	 18002.3838866367 
8.5 	 17644.525479438606 
8.52 	 17227.6901559391 
8.54 	 16759.608399718043 
8.56 	 16250.197160583633 
8.58 	 15711.063649696473 
8.6 	 15154.920612458736 
8.62 	 14594.945033895652 
8.64 	 14044.122112383635 
8.66 	 13514.623406867182 
8.68 	 13017.270370063261 
8.7 	 12561.130704099753 
8.72 	 12153.284724108258 
8.74 	 11798.78283503208 
8.76 	 11500.79491659797 
8.78 	 11260.930196816782 
8.8 	 11079.68482040804 
8.82 	 10956.956620044248 
8.84 	 10892.555184302139 
8.86 	 10886.632277229302 
8.88 	 10939.96429677625 
8.9 	 11054.035004482648 
8.92 	 11230.89217985529 
8.94 	 11472.783703810164 
8.96 	 11781.61304535512 
8.98 	 12158.286339817208 
9.0 	 12602.047870250226 
9.02 	 13109.912872893769 
9.04 	 13676.302684283275 
9.06 	 14292.966196651229 
9.08 	 14949.23522445455 
9.1 	 15632.614562736508 
9.12 	 16329.657488383165 
9.14 	 17027.032620716735 
9.16 	 17712.656339163183 
9.18 	 18376.752137889118 
9.2 	 19012.706763857535 
9.22 	 19617.621174606502 
9.24 	 20192.497093050093 
9.26 	 20742.049578400613 
9.28 	 21274.184087755362 
9.3 	 21799.21537881459 
9.32 	 22328.929999892564 
9.34 	 22875.601783970782 
9.36 	 23451.061543853655 
9.38 	 24065.90135834118 
9.4 	 24728.8652233046 
9.42 	 25446.446606866997 
9.44 	 26222.684317123356 
9.46 	 27059.1247633401 
9.48 	 27954.90361245599 
9.5 	 28906.8941988719 
9.52 	 29909.873855592 
9.54 	 30956.671534760346 
9.56 	 32038.278584537984 
9.58 	 33143.92630776736 
9.6 	 34261.15515535687 
9.62 	 35375.916964674216 
9.64 	 36472.75968826023 
9.66 	 37535.14080716982 
9.68 	 38545.90021823037 
9.7 	 39487.89743989946 
9.72 	 40344.785727849325 
9.74 	 41101.86348927413 
9.76 	 41746.91858629576 
9.78 	 42270.970429939465 
9.8 	 42668.82244725127 
9.82 	 42939.36387409232 
9.84 	 43085.60055587797 
9.86 	 43114.44098655537 
9.88 	 43036.305092707655 
9.9 	 42864.64826192064 
9.92 	 42615.49387540478 
9.94 	 42307.041804546076 
9.96 	 41959.372585515295 
9.98 	 41594.20843643852 
10.0 	 41234.63834658446 
10.02 	 40904.68120817474 
10.04 	 40628.5609313486 
10.06 	 40429.60613116929 
10.08 	 40328.760598402354 
10.1 	 40342.78661374652 
10.12 	 40482.34178107886 
10.14 	 40750.18934396407 
10.16 	 41139.84204726546 
10.18 	 41634.9274218457 
10.2 	 42209.49476439198 
10.22 	 42829.368963310335 
10.24 	 43454.51142350207 
10.26 	 44042.19797175521 
10.28 	 44550.69402487351 
10.3 	 44943.02161999271 
10.32 	 45190.38674098593 
10.34 	 45274.87379685466 
10.36 	 45191.11070388818 
10.38 	 44946.74613981882 
10.4 	 44561.73646718976 
10.42 	 44066.587297835686 
10.44 	 43499.809793449786 
10.46 	 42904.91744846852 
10.48 	 42327.29798075523 
10.5 	 41811.250691986555 
10.52 	 41397.39579749528 
10.54 	 41120.559303053014 
10.56 	 41008.13830361002 
10.58 	 41078.87834796824 
10.6 	 41341.96159837448 
10.62 	 41796.31720515429 
10.64 	 42430.1180678655 
10.66 	 43220.505486847884 
10.68 	 44133.66273292153 
10.7 	 45125.41565485442 
10.72 	 46142.55174729218 
10.74 	 47125.005767178656 
10.76 	 48008.959495144765 
10.78 	 48730.758806518155 
10.8 	 49231.38820448277 
10.82 	 49461.09433006129 
10.84 	 49383.649498227125 
10.86 	 48979.721088213155 
10.88 	 48248.87633187694 
10.9 	 47209.90095641309 
10.92 	 45899.3227811447 
10.94 	 44368.27231650497 
10.96 	 42678.03937778076 
10.98 	 40894.85738273801 
11.0 	 39084.53546286546 
11.02 	 37307.54942669009 
11.04 	 35615.10145738996 
11.06 	 34046.48763101206 
11.08 	 32627.905783323924 
11.1 	 31372.631678628957 
11.12 	 30282.322668270088 
11.14 	 29349.09875783553 
11.16 	 28558.011352004214 
11.18 	 27889.536244107618 
11.2 	 27321.804789839436 
11.22 	 26832.394005319384 
11.24 	 26399.609195265908 
11.26 	 26003.291109836005 
11.28 	 25625.249071687194 
11.3 	 25249.455153759864 
11.32 	 24862.13302755294 
11.34 	 24451.845447154512 
11.36 	 24009.63742074751 
11.38 	 23529.240418186906 
11.4 	 23007.2980923013 
11.42 	 22443.544791964858 
11.44 	 21840.859416088937 
11.46 	 21205.12920146861 
11.48 	 20544.887009983308 
11.5 	 19870.724645193037 
11.52 	 19194.52519311958 
11.54 	 18528.5910254492 
11.56 	 17884.764360945213 
11.58 	 17273.640501754544 
11.6 	 16703.959839725394 
11.62 	 16182.236544655945 
11.64 	 15712.645095515298 
11.66 	 15297.147403591342 
11.68 	 14935.810048837026 
11.7 	 14627.238614317128 
11.72 	 14369.04747616108 
11.74 	 14158.289151278097 
11.76 	 13991.785215546826 
11.78 	 13866.326596376295 
11.8 	 13778.73931728359 
11.82 	 13725.837148425742 
11.84 	 13704.300793817845 
11.86 	 13710.531766797876 
11.88 	 13740.527681077025 
11.9 	 13789.816020814813 
11.92 	 13853.468651142535 
11.94 	 13926.203034081142 
11.96 	 14002.56162563408 
11.98 	 14077.150513819612 
12.0 	 14144.912897212062 
12.02 	 14201.41205069095 
12.04 	 14243.100592826919 
12.06 	 14267.556420093502 
12.08 	 14273.669114187142 
12.1 	 14261.76314650141 
12.12 	 14233.645828587129 
12.14 	 14192.569439411049 
12.16 	 14143.099419791528 
12.18 	 14090.884998856538 
12.2 	 14042.335643800054 
12.22 	 14004.216075949245 
12.24 	 13983.183240314682 
12.26 	 13985.298895788175 
12.28 	 14015.559483240391 
12.3 	 14077.488868466178 
12.32 	 14172.838258531629 
12.34 	 14301.43072321418 
12.36 	 14461.17594071114 
12.38 	 14648.265490627746 
12.4 	 14857.54224159655 
12.42 	 15083.021262592485 
12.44 	 15318.526072081972 
12.46 	 15558.394148985202 
12.48 	 15798.199899286978 
12.5 	 16035.44140022823 
12.52 	 16270.138432604112 
12.54 	 16505.29262860855 
12.56 	 16747.16531654902 
12.58 	 17005.33466230549 
12.6 	 17292.501432757283 
12.62 	 17624.023070696112 
12.64 	 18017.169871039434 
12.66 	 18490.115689969305 
12.68 	 19060.698831177477 
12.7 	 19745.01539322667 
12.72 	 20555.934916389364 
12.74 	 21501.652846213932 
12.76 	 22584.411497289184 
12.78 	 23799.526127550154 
12.8 	 25134.84160404398 
12.82 	 26570.71611645158 
12.84 	 28080.5825083664 
12.86 	 29632.079402806597 
12.88 	 31188.6808466099 
12.9 	 32711.694228142762 
12.92 	 34162.45167443302 
12.94 	 35504.49827602544 
12.96 	 36705.5859360648 
12.98 	 37739.313996345576 
13.0 	 38586.311340868466 
13.02 	 39234.91932861349 
13.04 	 39681.39826908902 
13.06 	 39929.73026337112 
13.08 	 39991.11928767845 
13.1 	 39883.29178045811 
13.12 	 39629.680060821855 
13.14 	 39258.534306879366 
13.16 	 38801.96756091765 
13.18 	 38294.90396153435 
13.2 	 37773.88268926445 
13.22 	 37275.67429150856 
13.24 	 36835.69222969421 
13.26 	 36486.22577417 
13.28 	 36254.57217235025 
13.3 	 36161.195985334205 
13.32 	 36218.08157141779 
13.34 	 36427.46284814785 
13.36 	 36781.10778676087 
13.38 	 37260.30231492426 
13.4 	 37836.621750944316 
13.42 	 38473.503096224595 
13.44 	 39128.54660949732 
13.46 	 39756.39005517136 
13.48 	 40311.92472064477 
13.5 	 40753.5692732919 
13.52 	 41046.294565049066 
13.54 	 41164.10512304915 
13.56 	 41091.73226715055 
13.58 	 40825.375254609906 
13.6 	 40372.43107914445 
13.62 	 39750.267000128435 
13.64 	 38984.19695850544 
13.66 	 38104.9086803553 
13.68 	 37145.64052679367 
13.7 	 36139.41927097582 
13.72 	 35116.64154549999 
13.74 	 34103.21855242456 
13.76 	 33119.41668924259 
13.78 	 32179.429984822822 
13.8 	 31291.628217471614 
13.82 	 30459.35006609896 
13.84 	 29682.0626846923 
13.86 	 28956.69189128057 
13.88 	 28278.93978309822 
13.9 	 27644.443494117477 
13.92 	 27049.68110400719 
13.94 	 26492.587819443437 
13.96 	 25972.897097928562 
13.98 	 25492.258925291306 
14.0 	 25054.205842518015 
14.02 	 24664.035448502796 
14.04 	 24328.658954028637 
14.06 	 24056.435240690906 
14.08 	 23856.977095114988 
14.1 	 23740.88943864019 
14.12 	 23719.385587975157 
14.14 	 23803.731085255804 
14.16 	 24004.485874127637 
14.18 	 24330.55113148472 
14.2 	 24788.07022066761 
14.22 	 25379.27540910593 
14.24 	 26101.404356368348 
14.26 	 26945.82563138361 
14.28 	 27897.506409044196 
14.3 	 28934.927754933142 
14.32 	 30030.507394428827 
14.34 	 31151.53387764808 
14.36 	 32261.55888722438 
14.38 	 33322.145466235874 
14.4 	 34294.83665715603 
14.42 	 35143.195480762806 
14.44 	 35834.773186214225 
14.46 	 36342.884175585146 
14.48 	 36648.096162753856 
14.5 	 36739.375387598 
14.52 	 36614.852727412115 
14.54 	 36282.193812153564 
14.56 	 35758.56477826925 
14.58 	 35070.188282774936 
14.6 	 34251.48692918064 
14.62 	 33343.818510269295 
14.64 	 32393.82298496843 
14.66 	 31451.42559305729 
14.68 	 30567.571570659256 
14.7 	 29791.80064898021 
14.72 	 29169.797739185015 
14.74 	 28741.074035157162 
14.76 	 28536.935911408775 
14.78 	 28578.885605678413 
14.8 	 28877.568568745 
14.82 	 29432.340681646034 
14.84 	 30231.479056418964 
14.86 	 31253.008413800202 
14.88 	 32466.06662893554 
14.9 	 33832.69286653928 
14.92 	 35309.89359357091 
14.94 	 36851.828054220314 
14.96 	 38411.956342355814 
14.98 	 39945.00923607492 
15.0 	 41408.66721278031 
15.02 	 42764.8730763241 
15.04 	 43980.744132703774 
15.06 	 45029.09126971758 
15.08 	 45888.58924158884 
15.1 	 46543.671169642475 
15.12 	 46984.23792927887 
15.14 	 47205.27804168705 
15.16 	 47206.48555002047 
15.18 	 46991.94313118036 
15.2 	 46569.90780531057 
15.22 	 45952.7009018005 
15.24 	 45156.6675046185 
15.26 	 44202.139296821064 
15.28 	 43113.31443055634 
15.3 	 41917.96360394417 
15.32 	 40646.885588721954 
15.34 	 39333.06754365161 
15.36 	 38010.55149507323 
15.38 	 36713.06098829297 
15.4 	 35472.491538794464 
15.42 	 34317.405166559634 
15.44 	 33271.68472194991 
15.46 	 32353.493315587315 
15.48 	 31574.648307612344 
15.5 	 30940.463561575794 
15.52 	 30450.047897574856 
15.54 	 30096.984156471695 
15.56 	 29870.264164749075 
15.58 	 29755.329642076777 
15.6 	 29735.072474121323 
15.62 	 29790.678741907286 
15.64 	 29902.25276220846 
15.66 	 30049.219127576824 
15.68 	 30210.55922853523 
15.7 	 30364.98149700546 
15.72 	 30491.142359083293 
15.74 	 30568.023570027366 
15.76 	 30575.533319126585 
15.78 	 30495.341147897696 
15.8 	 30311.892472709253 
15.82 	 30013.49120818177 
15.84 	 29593.30127248527 
15.86 	 29050.10824712896 
15.88 	 28388.703878035678 
15.9 	 27619.80462871841 
15.92 	 26759.481639802503 
15.94 	 25828.15018359952 
15.96 	 24849.228383920145 
15.98 	 23847.616337648367 
16.0 	 22848.16129279049 
16.02 	 21874.261551934153 
16.04 	 20946.726224254933 
16.06 	 20082.958836187187 
16.08 	 19296.480818114338 
16.1 	 18596.76588401874 
16.12 	 17989.32533343474 
16.14 	 17475.970382701136 
16.16 	 17055.179817485536 
16.18 	 16722.515470530718 
16.2 	 16471.048517878244 
16.22 	 16291.780499510765 
16.24 	 16174.059624029482 
16.26 	 16106.00254062096 
16.28 	 16074.93364623458 
16.3 	 16067.849170582744 
16.32 	 16071.903922572934 
16.34 	 16074.907371006902 
16.36 	 16065.805318873561 
16.38 	 16035.116056829629 
16.4 	 15975.287156413995 
16.42 	 15880.941826228127 
16.44 	 15748.991981496223 
16.46 	 15578.607933720343 
16.48 	 15371.050081153016 
16.5 	 15129.383672418353 
16.52 	 14858.110815423974 
16.54 	 14562.76184168603 
16.56 	 14249.489196789147 
16.58 	 13924.700865820285 
16.6 	 13594.75822207539 
16.62 	 13265.747816214542 
16.64 	 12943.321568511381 
16.66 	 12632.58862712855 
16.68 	 12338.037359487515 
16.7 	 12063.468362148104 
16.72 	 11811.927786041084 
16.74 	 11585.641715611271 
16.76 	 11385.962933851859 
16.78 	 11213.347500373362 
16.8 	 11067.377876078503 
16.82 	 10946.841683409937 
16.84 	 10849.862711159694 
16.86 	 10774.067302467643 
16.88 	 10716.759263303735 
16.9 	 10675.073600933089 
16.92 	 10646.085478702 
16.94 	 10626.864822379024 
16.96 	 10614.485511819177 
16.98 	 10606.015782524351 
17.0 	 10598.527775552227 
17.02 	 10589.164833941039 
17.04 	 10575.293495561613 
17.06 	 10554.744816244473 
17.08 	 10526.12140505006 
17.1 	 10489.119141608566 
17.12 	 10444.793160615167 
17.14 	 10395.692131033818 
17.16 	 10345.796041615005 
17.18 	 10300.219838986892 
17.2 	 10264.683913339584 
17.22 	 10244.79541845729 
17.24 	 10245.22336824189 
17.26 	 10268.87755413661 
17.28 	 10316.21093304886 
17.3 	 10384.75488325382 
17.32 	 10468.967949375019 
17.34 	 10560.436095128058 
17.36 	 10648.413166837128 
17.38 	 10720.642417990883 
17.4 	 10764.361316158063 
17.42 	 10767.368455721322 
17.44 	 10719.026511594197 
17.46 	 10611.08887574665 
17.48 	 10438.266917830233 
17.5 	 10198.494253447816 
17.52 	 9892.887139876053 
17.54 	 9525.439164109619 
17.56 	 9102.51785947642 
17.58 	 8632.246987887449 
17.6 	 8123.859787491565 
17.62 	 7587.0969851316395 
17.64 	 7031.702430829253 
17.66 	 6467.0437181021 
17.68 	 5901.860216280481 
17.7 	 5344.12088515156 
17.72 	 4800.961873453628 
17.74 	 4278.670152717243 
17.76 	 3782.6834318093443 
17.78 	 3317.5860779690074 
17.8 	 2887.0927463060298 
17.82 	 2494.0228757698915 
17.84 	 2140.2777161976824 
17.86 	 1826.8356660934173 
17.88 	 1553.7811062514504 
17.9 	 1320.3773014732983 
17.92 	 1125.1867096422645 
17.94 	 966.2338942575672 
17.96 	 841.1988160156099 
17.98 	 747.6228356541915 
18.0 	 683.1070045901469 
18.02 	 645.4822979341113 
18.04 	 632.9340376925879 
18.06 	 644.0672520420344 
18.08 	 677.9054075681436 
18.1 	 733.8211794301611 
18.12 	 811.4041811162872 
18.14 	 910.2765131519717 
18.16 	 1029.8723674118032 
18.18 	 1169.2025115528666 
18.2 	 1326.6279661168523 
18.22 	 1499.669130267207 
18.24 	 1684.8764512762307 
18.26 	 1877.7858975426993 
18.28 	 2072.976580133272 
18.3 	 2264.2388407381472 
18.32 	 2444.8495009290123 
18.34 	 2607.9378954165027 
18.36 	 2746.913500077655 
18.38 	 2855.9154514679117 
18.4 	 2930.238030849847 
18.42 	 2966.6857630937816 
18.44 	 2963.8177942845973 
18.46 	 2922.0531808528244 
18.48 	 2843.6250446102513 
18.5 	 2732.389748263285 
18.52 	 2593.514443841706 
18.54 	 2433.0798261256973 
18.56 	 2257.6426766154327 
18.58 	 2073.803893492342 
18.6 	 1887.8224765447628 
18.62 	 1705.305768275313 
18.64 	 1530.9932669197256 
18.66 	 1368.6378939978888 
18.68 	 1220.976852740355 
18.7 	 1089.7756799087977 
18.72 	 975.9244941776908 
18.74 	 879.5646983847639 
18.76 	 800.2267801923881 
18.78 	 736.9642778447186 
18.8 	 688.4742426752339 
18.82 	 653.199592532881 
18.84 	 629.4128678236982 
18.86 	 615.2836930041834 
18.88 	 608.933663596829 
18.9 	 608.4826235401022 
18.92 	 612.0897106800386 
18.94 	 617.9915047309657 
18.96 	 624.5384419911373 
18.98 	 630.2296031551115 
19.0 	 633.7451694847266 
19.02 	 633.9753223151719 
19.04 	 630.0441124356013 
19.06 	 621.3267994264301 
19.08 	 607.4593029582895 
19.1 	 588.3386780706414 
19.12 	 564.1139027290974 
19.14 	 535.1667399572971 
19.16 	 502.08300157092253 
19.18 	 465.61517741977843 
19.2 	 426.63806311580385 
19.22 	 386.0996564766488 
19.24 	 344.97011618013113 
19.26 	 304.1918986818009 
19.28 	 264.63423817414855 
19.3 	 227.05486788201787 
19.32 	 192.07130295853966 
19.34 	 160.14316902512357 
19.36 	 131.5660632720952 
19.38 	 106.47640286661978 
19.4 	 84.86578091621283 
19.42 	 66.60262965816926 
19.44 	 51.45856389625701 
19.46 	 39.13667667248653 
19.48 	 29.299264918282486 
19.5 	 21.592913530623477 
19.52 	 15.66947189206522 
19.54 	 11.20211731135807 
19.56 	 7.896322999444675 
19.58 	 5.496063226503493 
19.6 	 3.785953369251263 
19.62 	 2.5902257054610893 
19.64 	 1.7694965276629024 
19.66 	 1.2162174007248323 
19.68 	 0.8495625230420291 
19.7 	 0.6103246118645 
19.72 	 0.4562069647092009 
19.74 	 0.3577334236437604 
19.76 	 0.29486478497928875 
19.78 	 0.25431461958771506 
19.8 	 0.22749760625544718 
19.82 	 0.20901330468517576 
19.84 	 0.19556002874212772 
19.86 	 0.18517940528106386 
19.88 	 0.17674578075988623 
19.9 	 0.16963100654782448 
19.92 	 0.16349114117388844 
19.94 	 0.15813554913298702 
19.96 	 0.15345011167639414 
19.98 	 0.14935483074536474 
20.0 	 0.14578238739065125 
20.02 	 0.14266871065393166 
20.04 	 0.1399497955838958 
20.06 	 0.1375612597999761 
20.08 	 0.1354387175177233 
20.1 	 0.13351815388423607 
20.12 	 0.13173620854628787 
20.14 	 0.13003069397625444 
20.16 	 0.12834183415663192 
20.18 	 0.12661466655750309 
20.2 	 0.12480286758736171 
20.22 	 0.12287401076306624 
20.24 	 0.12081602307069172 
20.26 	 0.1186444373230411 
20.28 	 0.11640999827478632 
20.3 	 0.11420629269474113 
20.32 	 0.11217733194546521 
20.34 	 0.11052538293838027 
20.36 	 0.10951975883563843 
20.38 	 0.10950766979506267 
20.4 	 0.11092851756682225 
20.42 	 0.11433311983095651 
20.44 	 0.12040920009086208 
20.46 	 0.13001401078879485 
20.48 	 0.14421411086962382 
20.5 	 0.1643310481853155 
20.52 	 0.19198999115487717 
20.54 	 0.22916627299214304 
20.56 	 0.27822253045192924 
20.58 	 0.34192696625694896 
20.6 	 0.4234417369270571 
20.62 	 0.5262701972011199 
20.64 	 0.6541533885759271 
20.66 	 0.8109102898442161 
20.68 	 1.0002231703881157 
20.7 	 1.2253785857125274 
20.72 	 1.488985133073478 
20.74 	 1.7926993528713375 
20.76 	 2.1369989028578367 
20.78 	 2.5210449723452375 
20.8 	 2.942671835807971 
20.82 	 3.3985294213816175 
20.84 	 3.884385211375335 
20.86 	 4.395566864214802 
20.88 	 4.927500464813539 
20.9 	 5.476276216016437 
20.92 	 6.039158845113975 
20.94 	 6.614958280106949 
20.96 	 7.204189500496966 
20.98 	 7.808978313607373 
21.0 	 8.432708488230853 
21.02 	 9.079448862133917 
21.04 	 9.753238815222176 
21.06 	 10.457338936211046 
21.08 	 11.19356458151592 
21.1 	 11.961810287432968 
21.12 	 12.759843657776386 
21.14 	 13.583403475517715 
21.16 	 14.426586597842691 
21.18 	 15.282461401985358 
21.2 	 16.143811302012846 
21.22 	 17.003896747809016 
21.24 	 17.857130734145343 
21.26 	 18.699589211647787 
21.28 	 19.529317837253792 
21.3 	 20.346441485752674 
21.32 	 21.15312344403839 
21.34 	 21.95344922461738 
21.36 	 22.753320567013464 
21.38 	 23.560437509534466 
21.4 	 24.38442328439847 
21.42 	 25.237113826102345 
21.44 	 26.13299756802634 
21.46 	 27.089757935916428 
21.48 	 28.128844515041838 
21.5 	 29.27598071060406 
21.52 	 30.561505134140685 
21.54 	 32.020439254859426 
21.56 	 33.69217392311838 
21.58 	 35.61967292327395 
21.6 	 37.848105864791904 
21.62 	 40.42285044552623 
21.64 	 43.38685058028379 
21.66 	 46.777385015901274 
21.68 	 50.62238907239989 
21.7 	 54.93657185169033 
21.72 	 59.71766783495217 
21.74 	 64.94323566121302 
21.76 	 70.56844740819867 
21.78 	 76.52528216103686 
21.8 	 82.72344025360589 
21.82 	 89.05313405190117 
21.84 	 95.38970582649375 
21.86 	 101.59980270836223 
21.88 	 107.54863840991115 
21.9 	 113.1077253658276 
21.92 	 118.162394376669 
21.94 	 122.6184424314874 
21.96 	 126.40735722361825 
21.98 	 129.48973824373803 
22.0 	 131.85673899398515 
22.02 	 133.52956013388427 
22.04 	 134.55720096957933 
22.06 	 135.01280752959553 
22.08 	 134.98903127210437 
22.1 	 134.59283452458942 
22.12 	 133.94015473455522 
22.14 	 133.1507800938174 
22.16 	 132.34370515311812 
22.18 	 131.6331373898578 
22.2 	 131.12522514536687 
22.22 	 130.91548549894617 
22.24 	 131.0868396626274 
22.26 	 131.70812444055645 
22.28 	 132.83294831744985 
22.3 	 134.49880000010603 
22.32 	 136.72638731112727 
22.34 	 139.51926894330953 
22.36 	 142.86391993231996 
22.38 	 146.73042356046733 
22.4 	 151.0739932477492 
22.42 	 155.8374924979139 
22.44 	 160.95504368973084 
22.46 	 166.35670962639196 
22.48 	 171.97411103814468 
22.5 	 177.74672370858343 
22.52 	 183.62849192107336 
22.54 	 189.59430742023213 
22.56 	 195.64583882671263 
22.58 	 201.816158411022 
22.6 	 208.17260565229293 
22.62 	 214.81735666693726 
22.64 	 221.88524355147248 
22.66 	 229.5384957204278 
22.68 	 237.958261283791 
22.7 	 247.33300985003098 
22.72 	 257.84421085197715 
22.74 	 269.6500064996867 
22.76 	 282.8679285178278 
22.78 	 297.5580052863873 
22.8 	 313.7078244203372 
22.82 	 331.2212044294499 
22.84 	 349.9120409598792 
22.86 	 369.5045964746185 
22.88 	 389.64099292743344 
22.9 	 409.89597840793 
22.92 	 429.79824509238847 
22.94 	 448.8567856213418 
22.96 	 466.5901139199352 
22.98 	 482.5557623111208 
23.0 	 496.37738232077135 
23.02 	 507.7670476452068 
23.04 	 516.5409434303048 
23.06 	 522.6274249684095 
23.08 	 526.0673011338034 
23.1 	 527.0069964244201 
23.12 	 525.6858497944445 
23.14 	 522.419149900529 
23.16 	 517.5785791298334 
23.18 	 511.57159372642315 
23.2 	 504.8209916288097 
23.22 	 497.74560875083483 
23.24 	 490.7428154495577 
23.26 	 484.1732985709541 
23.28 	 478.3485103831775 
23.3 	 473.5211107330182 
23.32 	 469.87867433850437 
23.34 	 467.54083754212274 
23.36 	 466.5598957953537 
23.38 	 466.9246419797547 
23.4 	 468.56699147641655 
23.42 	 471.37072464928184 
23.44 	 475.1815438271553 
23.46 	 479.81762675798655 
23.48 	 485.0799702978762 
23.5 	 490.76203211369904 
23.52 	 496.6584412122979 
23.54 	 502.5727914918882 
23.56 	 508.3246906447144 
23.58 	 513.7562662605466 
23.6 	 518.7382250648736 
23.62 	 523.1753543107757 
23.64 	 527.0111148314505 
23.66 	 530.2307871981925 
23.68 	 532.8625707648214 
23.7 	 534.976142036427 
23.72 	 536.6784473123045 
23.74 	 538.1068789761579 
23.76 	 539.4203743127042 
23.78 	 540.7892811106126 
23.8 	 542.3849782833009 
23.82 	 544.3701911354939 
23.84 	 546.8907244534494 
23.86 	 550.0690245946506 
23.88 	 553.9996701060336 
23.9 	 558.7466669901249 
23.92 	 564.3423408486785 
23.94 	 570.7876726696948 
23.96 	 578.0540668181038 
23.98 	 586.0866868932262 
24.0 	 594.8095641206256 
24.02 	 604.132618023806 
24.04 	 613.9605209003851 
24.06 	 624.2030259065205 
24.08 	 634.7860387275418 
24.1 	 645.6624314862588 
24.12 	 656.8214461796048 
24.14 	 668.2955504645604 
24.16 	 680.163786767484 
24.18 	 692.5509580113248 
24.2 	 705.6223638162419 
24.22 	 719.5741858548755 
24.24 	 734.619982884611 
24.26 	 750.9740794362912 
24.28 	 768.8329181134412 
24.3 	 788.3556980787743 
24.32 	 809.6458343699767 
24.34 	 832.7349162514262 
24.36 	 857.5708697997868 
24.38 	 884.0118840077675 
24.4 	 911.8272963719951 
24.42 	 940.7060424551809 
24.44 	 970.2724931436798 
24.46 	 1000.1086250038296 
24.48 	 1029.7806256084655 
24.5 	 1058.8673740252113 
24.52 	 1086.987885794574 
24.54 	 1113.824851887772 
24.56 	 1139.1418440344444 
24.58 	 1162.7925442064898 
24.6 	 1184.7213647809285 
24.62 	 1204.955904744703 
24.64 	 1223.5926779002796 
24.66 	 1240.778313501655 
24.68 	 1256.6888681812588 
24.7 	 1271.5099472490415 
24.72 	 1285.420009662924 
24.74 	 1298.578569688626 
24.76 	 1311.120103078851 
24.78 	 1323.1534541589524 
24.8 	 1334.7655930268488 
24.82 	 1346.0278699570702 
24.84 	 1357.0026134743678 
24.86 	 1367.748110268466 
24.88 	 1378.3206780214496 
24.9 	 1388.773565911657 
24.92 	 1399.1535557051066 
24.94 	 1409.4970940015949 
24.96 	 1419.8282830163832 
24.98 	 1430.1609079245566 
25.0 	 1440.5058563446898 
25.02 	 1450.8839458532532 
25.04 	 1461.3426306642293 
25.06 	 1471.9737031417703 
25.08 	 1482.9283129024784 
25.1 	 1494.425644324919 
25.12 	 1506.752472050256 
25.14 	 1520.2523833673222 
25.16 	 1535.305365359623 
25.18 	 1552.300261625485 
25.2 	 1571.6038915268375 
25.22 	 1593.5311119452845 
25.24 	 1618.3197117571053 
25.26 	 1646.1129085933271 
25.28 	 1676.9506872107593 
25.3 	 1710.7696819781356 
25.32 	 1747.41013338831 
25.34 	 1786.6278773908764 
25.36 	 1828.1094006196433 
25.38 	 1871.4885634888105 
25.4 	 1916.3643677913078 
25.42 	 1962.3197959078773 
25.44 	 2008.9420116161314 
25.46 	 2055.843976013716 
25.48 	 2102.6868722122513 
25.5 	 2149.201888314331 
25.52 	 2195.2092037909492 
25.54 	 2240.631761147578 
25.56 	 2285.5017585576734 
25.58 	 2329.958755283596 
25.6 	 2374.239629854762 
25.62 	 2418.662022835884 
25.64 	 2463.603948666066 
25.66 	 2509.4826735717156 
25.68 	 2556.735603159013 
25.7 	 2605.804893497101 
25.72 	 2657.126073367119 
25.74 	 2711.119532574819 
25.76 	 2768.1826805951064 
25.78 	 2828.680193434409 
25.8 	 2892.9301496324338 
25.82 	 2961.184919450652 
25.84 	 3033.6071651732177 
25.86 	 3110.2428961341852 
25.88 	 3190.9948534529813 
25.9 	 3275.600295023797 
25.92 	 3363.617341371051 
25.94 	 3454.4233888255944 
25.96 	 3547.227786555127 
25.98 	 3641.099205207585 
26.0 	 3735.0061746928573 
26.02 	 3827.8674590522673 
26.04 	 3918.607589084283 
26.06 	 4006.212254788996 
26.08 	 4089.778521735622 
26.1 	 4168.555964689247 
26.12 	 4241.976603765189 
26.14 	 4309.673603487894 
26.16 	 4371.490564331791 
26.18 	 4427.484409756886 
26.2 	 4477.924989214648 
26.22 	 4523.293467221897 
26.24 	 4564.279557122941 
26.26 	 4601.775203703746 
26.28 	 4636.860154726656 
26.3 	 4670.7737637418395 
26.32 	 4704.867941536708 
26.34 	 4740.538659529139 
26.36 	 4779.137548796891 
26.38 	 4821.8701734817605 
26.4 	 4869.6923525658995 
26.42 	 4923.219199114793 
26.44 	 4982.662270120045 
26.46 	 5047.8077945578425 
26.48 	 5118.043491911256 
26.5 	 5192.433868425622 
26.52 	 5269.835536953036 
26.54 	 5349.036781657634 
26.56 	 5428.900889236216 
26.58 	 5508.491782287369 
26.6 	 5587.16350899805 
26.62 	 5664.6015750297765 
26.64 	 5740.812609507247 
26.66 	 5816.067671608584 
26.68 	 5890.811856776683 
26.7 	 5965.557388248216 
26.72 	 6040.778418720035 
26.74 	 6116.823465282439 
26.76 	 6193.856612719 
26.78 	 6271.832638581386 
26.8 	 6350.505412645542 
26.82 	 6429.464417223445 
26.84 	 6508.191637671653 
26.86 	 6586.130419671759 
26.88 	 6662.758724518749 
26.9 	 6737.660799233115 
26.92 	 6810.592864424764 
26.94 	 6881.539481193783 
26.96 	 6950.7576208469445 
26.98 	 7018.805326090759 
27.0 	 7086.551666707677 
27.02 	 7155.164957365314 
27.04 	 7226.077270606703 
27.06 	 7300.9251996236 
27.08 	 7381.469325521972 
27.1 	 7469.497391688092 
27.12 	 7566.718169398313 
27.14 	 7674.653918741423 
27.16 	 7794.538997959452 
27.18 	 7927.230705036888 
27.2 	 8073.1363212205015 
27.22 	 8232.158216000662 
27.24 	 8403.657387393243 
27.26 	 8586.435344121815 
27.28 	 8778.734824073701 
27.3 	 8978.261141112205 
27.32 	 9182.227322673572 
27.34 	 9387.4268911282 
27.36 	 9590.337500845406 
27.38 	 9787.256316635518 
27.4 	 9974.46408231327 
27.42 	 10148.40981446482 
27.44 	 10305.902883877892 
27.46 	 10444.295048125496 
27.48 	 10561.632890077632 
27.5 	 10656.7619490934 
27.52 	 10729.367968389466 
27.54 	 10779.947858708603 
27.56 	 10809.712275201298 
27.58 	 10820.431658095826 
27.6 	 10814.246433371522 
27.62 	 10793.468075852834 
27.64 	 10760.39956874993 
27.66 	 10717.20082156519 
27.68 	 10665.817089685457 
27.7 	 10607.977517465602 
27.72 	 10545.258442608978 
27.74 	 10479.194248934198 
27.76 	 10411.409469750848 
27.78 	 10343.741191462294 
27.8 	 10278.321484332124 
27.82 	 10217.595577066711 
27.84 	 10164.261886445593 
27.86 	 10121.133189162678 
27.88 	 10090.93211574057 
27.9 	 10076.046569790722 
27.92 	 10078.279637845735 
27.94 	 10098.632533193337 
27.96 	 10137.157273632554 
27.98 	 10192.90811095822 
28.0 	 10264.008056625087 
28.02 	 10347.830827959982 
28.04 	 10441.281426390018 
28.06 	 10541.142913943386 
28.08 	 10644.445258074313 
28.1 	 10748.806360091716 
28.12 	 10852.696716497694 
28.14 	 10955.587661843188 
28.16 	 11057.95777009104 
28.18 	 11161.150756090783 
28.2 	 11267.098491284487 
28.22 	 11377.941681971595 
28.24 	 11495.595718710445 
28.26 	 11621.318129406767 
28.28 	 11755.33571520898 
28.3 	 11896.583516596664 
28.32 	 12042.59489054822 
28.34 	 12189.563681918187 
28.36 	 12332.577954258571 
28.38 	 12466.002711141658 
28.4 	 12583.969401916978 
28.42 	 12680.915533533711 
28.44 	 12752.11061781115 
28.46 	 12794.106229689518 
28.48 	 12805.058123916475 
28.5 	 12784.885746491296 
28.52 	 12735.256416710208 
28.54 	 12659.404441972254 
28.56 	 12561.815758545397 
28.58 	 12447.82319172934 
28.6 	 12323.164085408047 
28.62 	 12193.550398172167 
28.64 	 12064.292515361833 
28.66 	 11940.00435357589 
28.68 	 11824.401873189378 
28.7 	 11720.192874364167 
28.72 	 11629.04529188004 
28.74 	 11551.615423213647 
28.76 	 11487.616736520584 
28.78 	 11435.913185288184 
28.8 	 11394.626683344042 
28.82 	 11361.254683929743 
28.84 	 11332.798932650921 
28.86 	 11305.909184730574 
28.88 	 11277.04543294007 
28.9 	 11242.65916091826 
28.92 	 11199.389150153109 
28.94 	 11144.261721680643 
28.96 	 11074.880462182524 
28.98 	 10989.587808160837 
29.0 	 10887.581239514997 
29.02 	 10768.970498847033 
29.04 	 10634.76869177257 
29.06 	 10486.81816866478 
29.08 	 10327.660178497621 
29.1 	 10160.363839853113 
29.12 	 9988.33378449253 
29.14 	 9815.11636336902 
29.16 	 9644.221834179147 
29.18 	 9478.975452668554 
29.2 	 9322.405261952692 
29.22 	 9177.170014141484 
29.24 	 9045.528054914193 
29.26 	 8929.347433564873 
29.28 	 8830.15844344685 
29.3 	 8749.251060929904 
29.32 	 8687.819820362722 
29.34 	 8647.156152212183 
29.36 	 8628.88231517726 
29.38 	 8635.211878550728 
29.4 	 8669.210415501919 
29.42 	 8735.018756181364 
29.44 	 8837.992550738833 
29.46 	 8984.708868986463 
29.48 	 9182.795534406574 
29.5 	 9440.553258732998 
29.52 	 9766.364321089834 
29.54 	 10167.912648741414 
29.56 	 10651.275011019148 
29.58 	 11219.97640719291 
29.6 	 11874.128491590005 
29.62 	 12609.781981694687 
29.64 	 13418.617631597346 
29.66 	 14288.07316644951 
29.68 	 15201.956608204091 
29.7 	 16141.534549370463 
29.72 	 17087.01551834442 
29.74 	 18019.28434140489 
29.76 	 18921.69455906744 
29.78 	 19781.702024134807 
29.8 	 20592.12957661892 
29.82 	 21351.890785835323 
29.84 	 22066.065273936463 
29.86 	 22745.299457410223 
29.88 	 23404.592107630182 
29.9 	 24061.600853728225 
29.92 	 24734.662440582262 
29.94 	 25440.748820412526 
29.96 	 26193.580415336044 
29.98 	 27002.08935800615 
30.0 	 27869.37532919281 
30.02 	 28792.233360050417 
30.04 	 29761.266081772406 
30.06 	 30761.531167397734 
30.08 	 31773.625129218093 
30.1 	 32775.07176138345 
30.12 	 33741.869176387074 
30.14 	 34650.052773807656 
30.16 	 35477.149574127565 
30.18 	 36203.42755998276 
30.2 	 36812.87668724102 
30.22 	 37293.8909694182 
30.24 	 37639.649478680396 
30.26 	 37848.215880261785 
30.28 	 37922.39069530532 
30.3 	 37869.35888521448 
30.32 	 37700.179448640665 
30.34 	 37429.16540450779 
30.36 	 37073.20292683202 
30.38 	 36651.05746073587 
30.4 	 36182.71127636223 
30.42 	 35688.769509610735 
30.44 	 35189.95907760443 
30.46 	 34706.726974416684 
30.48 	 34258.92318652503 
30.5 	 33865.532474178275 
30.52 	 33544.403415421104 
30.54 	 33311.91737288709 
30.56 	 33182.5481168865 
30.58 	 33168.28587469677 
30.6 	 33277.93536453819 
30.62 	 33516.34024708189 
30.64 	 33883.62802341778 
30.66 	 34374.600199217966 
30.68 	 34978.403869399284 
30.7 	 35678.60709251675 
30.72 	 36453.76052082868 
30.74 	 37278.46617557533 
30.76 	 38124.90048102231 
30.78 	 38964.665563962306 
30.8 	 39770.78408842555 
30.82 	 40519.62012874987 
30.84 	 41192.50868946609 
30.86 	 41776.91006000538 
30.88 	 42266.96638046334 
30.9 	 42663.41558855962 
30.92 	 42972.89867451132 
30.94 	 43206.766622589246 
30.96 	 43379.5434279859 
30.98 	 43507.22593944128 
31.0 	 43605.60016994571 
31.02 	 43688.731801358146 
31.04 	 43767.75315557086 
31.06 	 43850.02757890567 
31.08 	 43938.731157277514 
31.1 	 44032.854579113606 
31.12 	 44127.595887384705 
31.14 	 44215.08726765147 
31.16 	 44285.375075422504 
31.18 	 44327.552147163224 
31.2 	 44330.92681684993 
31.22 	 44286.107137661405 
31.24 	 44185.885145346976 
31.26 	 44025.82706957121 
31.28 	 43804.51116734879 
31.3 	 43523.40193965047 
31.32 	 43186.4012849004 
31.34 	 42799.16491597914 
31.36 	 42368.30716628706 
31.38 	 41900.63209373769 
31.4 	 41402.52022861776 
31.42 	 40879.5697184634 
31.44 	 40336.543756283885 
31.46 	 39777.62192513112 
31.48 	 39206.90141709619 
31.5 	 38629.05379094169 
31.52 	 38050.01983573922 
31.54 	 37477.62109544569 
31.56 	 36921.97977824322 
31.58 	 36395.66452651312 
31.6 	 35913.51221674259 
31.62 	 35492.11056501905 
31.64 	 35148.9595514116 
31.66 	 34901.36028320362 
31.68 	 34765.108024855566 
31.7 	 34753.09201927582 
31.72 	 34873.92751681814 
31.74 	 35130.762189880654 
31.76 	 35520.404966496535 
31.78 	 36032.9145940253 
31.8 	 36651.75345016763 
31.82 	 37354.55813581465 
31.84 	 38114.50612247809 
31.86 	 38902.176526763586 
31.88 	 39687.7265003042 
31.9 	 40443.147807574576 
31.92 	 41144.34387293707 
31.94 	 41772.783286364705 
31.96 	 42316.54091323347 
31.98 	 42770.62345518714 
32.0 	 43136.57703509507 
32.02 	 43421.47148333074 
32.04 	 43636.43204302249 
32.06 	 43794.931932584586 
32.08 	 43911.06409322048 
32.1 	 43997.98123214613 
32.12 	 44066.640307044996 
32.14 	 44124.92474446896 
32.16 	 44177.15861223589 
32.18 	 44223.98193021956 
32.2 	 44262.53022340357 
32.22 	 44286.853601895775 
32.24 	 44288.51603147751 
32.26 	 44257.32681518921 
32.28 	 44182.16670307535 
32.3 	 44051.87578436086 
32.32 	 43856.167936374346 
32.34 	 43586.528796535385 
32.36 	 43237.04481629039 
32.38 	 42805.104412877365 
32.4 	 42291.9121557078 
32.42 	 41702.76498845386 
32.44 	 41047.05510589814 
32.46 	 40337.98480436771 
32.48 	 39592.00098402024 
32.5 	 38827.9777610067 
32.52 	 38066.192737764286 
32.54 	 37327.155347872824 
32.56 	 36630.35518893861 
32.58 	 35993.00585810949 
32.6 	 35428.86656297658 
32.62 	 34947.22939002811 
32.64 	 34552.162474817495 
32.66 	 34242.09485934682 
32.68 	 34009.813572352105 
32.7 	 33842.91462729811 
32.72 	 33724.70714443717 
32.74 	 33635.51736995388 
32.76 	 33554.28445126504 
32.78 	 33460.292467636405 
32.8 	 33334.85381868852 
32.82 	 33162.75576267301 
32.84 	 32933.308126781514 
32.86 	 32640.88340133147 
32.88 	 32284.912079211845 
32.9 	 31869.37346249071 
32.92 	 31401.891048171434 
32.94 	 30892.589633628573 
32.96 	 30352.890610327948 
32.98 	 29794.410833786013 
33.0 	 29228.09341976322 
33.02 	 28663.644997234638 
33.04 	 28109.294832082735 
33.06 	 27571.837925675747 
33.08 	 27056.885155878856 
33.1 	 26569.22326511566 
33.12 	 26113.186323086884 
33.14 	 25692.955062728142 
33.16 	 25312.725948532687 
33.18 	 24976.722082896995 
33.2 	 24689.047779634788 
33.22 	 24453.413897883744 
33.24 	 24272.779539332507 
33.26 	 24148.96666688142 
33.28 	 24082.307903740355 
33.3 	 24071.38514908608 
33.32 	 24112.90884455542 
33.34 	 24201.775812917447 
33.36 	 24331.328411345974 
33.38 	 24493.81990937352 
33.4 	 24681.07100248499 
33.42 	 24885.28076722345 
33.44 	 25099.93305123121 
33.46 	 25320.71778550023 
33.48 	 25546.36834682629 
33.5 	 25779.304093539868 
33.52 	 26025.96537725577 
33.54 	 26296.740544842796 
33.56 	 26605.413591741155 
33.58 	 26968.10798967219 
33.6 	 27401.764316727258 
33.62 	 27922.260244568515 
33.64 	 28542.35093438768 
33.66 	 29269.663080445345 
33.68 	 30105.00350448413 
33.7 	 31041.232854231737 
33.72 	 32062.90196419863 
33.74 	 33146.756372930824 
33.76 	 34263.09583422557 
33.78 	 35377.85028789821 
33.8 	 36455.1252663 
33.82 	 37459.900235507375 
33.84 	 38360.54810564423 
33.86 	 39130.88712818978 
33.88 	 39751.568805762385 
33.9 	 40210.727150053855 
33.92 	 40503.93883948093 
33.94 	 40633.643655124004 
33.96 	 40608.22979373842 
33.98 	 40440.990806127775 
34.0 	 40149.11519754965 
34.02 	 39752.793238464066 
34.04 	 39274.4422366717 
34.06 	 38737.98554012706 
34.08 	 38168.089631775496 
34.1 	 37589.27474444214 
34.12 	 37024.86221654593 
34.14 	 36495.791029177264 
34.16 	 36019.40596075747 
34.18 	 35608.37038961491 
34.2 	 35269.87354278586 
34.22 	 35005.27962107152 
34.24 	 34810.30926536634 
34.26 	 34675.76484492109 
34.28 	 34588.72705049939 
34.3 	 34534.07841284081 
34.32 	 34496.16310452336 
34.34 	 34460.37898409951 
34.36 	 34414.51754204276 
34.38 	 34349.71420389075 
34.4 	 34260.935039485455 
34.42 	 34146.99422226279 
34.44 	 34010.15811836417 
34.46 	 33855.43775389706 
34.48 	 33689.69641092907 
34.5 	 33520.70210352296 
34.52 	 33356.23827208815 
34.54 	 33203.35566389272 
34.56 	 33067.81119105952 
34.58 	 32953.703105475244 
34.6 	 32863.28271264124 
34.62 	 32796.90562008003 
34.64 	 32753.08188164043 
34.66 	 32728.592893903373 
34.68 	 32718.659209151476 
34.7 	 32717.161345275275 
34.72 	 32716.928595296333 
34.74 	 32710.113506884638 
34.76 	 32688.65974720032 
34.78 	 32644.849930248834 
34.8 	 32571.89284127971 
34.82 	 32464.484109658744 
34.84 	 32319.259085931793 
34.86 	 32135.057982597365 
34.88 	 31912.943873663182 
34.9 	 31655.951556204203 
34.92 	 31368.59244101677 
34.94 	 31056.187272869047 
34.96 	 30724.13367438502 
34.98 	 30377.23053999127 
35.0 	 30019.171939538955 
35.02 	 29652.290815305838 
35.04 	 29277.58408359166 
35.06 	 28894.996173973333 
35.08 	 28503.889116708007 
35.1 	 28103.594061497795 
35.12 	 27693.92790487851 
35.14 	 27275.57093615079 
35.16 	 26850.233593797027 
35.18 	 26420.58524187188 
35.2 	 25989.965990230907 
35.22 	 25561.944665626525 
35.24 	 25139.81458214726 
35.26 	 24726.129302899648 
35.28 	 24322.372234134833 
35.3 	 23928.829104860255 
35.32 	 23544.696203906806 
35.34 	 23168.416210196516 
35.36 	 22798.194405338218 
35.38 	 22432.617074666177 
35.4 	 22071.275455402458 
35.42 	 21715.29503684866 
35.44 	 21367.681428165422 
35.46 	 21033.418312838432 
35.48 	 20719.28640890092 
35.5 	 20433.40995164618 
35.52 	 20184.573751413132 
35.54 	 19981.384489663695 
35.56 	 19831.370794947197 
35.58 	 19740.125497129575 
35.6 	 19710.58971460003 
35.62 	 19742.563124604596 
35.64 	 19832.50022851004 
35.66 	 19973.62179363119 
35.68 	 20156.337394550847 
35.7 	 20368.94246575038 
35.72 	 20598.52453879783 
35.74 	 20831.990921753622 
35.76 	 21057.116022650578 
35.78 	 21263.502310709173 
35.8 	 21443.35539124792 
35.82 	 21591.990867533867 
35.84 	 21708.017572327888 
35.86 	 21793.1761886451 
35.88 	 21851.85087665386 
35.9 	 21890.309965430177 
35.92 	 21915.765268750154 
35.94 	 21935.363560223785 
35.96 	 21955.23456054117 
35.98 	 21979.715429276413 
36.0 	 22010.85224916798 
36.02 	 22048.24652941297 
36.04 	 22089.273400800703 
36.06 	 22129.653256395242 
36.08 	 22164.315854147284 
36.1 	 22188.46060249291 
36.12 	 22198.692876629797 
36.14 	 22194.105939511195 
36.16 	 22177.181592157336 
36.18 	 22154.39855846545 
36.2 	 22136.46315177238 
36.22 	 22138.1088317072 
36.24 	 22177.446888259165 
36.26 	 22274.88736768204 
36.28 	 22451.68590228844 
36.3 	 22728.20722696658 
36.32 	 23122.028727825294 
36.34 	 23646.035616469795 
36.36 	 24306.680454555222 
36.38 	 25102.58988421542 
36.4 	 26023.696068618952 
36.42 	 27051.045418116555 
36.44 	 28157.39027916581 
36.46 	 29308.601041865822 
36.48 	 30465.8512315745 
36.5 	 31588.43548999391 
36.52 	 32636.992328608187 
36.54 	 33576.834321702896 
36.56 	 34381.05139475284 
36.58 	 35033.0578229246 
36.6 	 35528.30405983432 
36.62 	 35874.966350910356 
36.64 	 36093.54811194764 
36.66 	 36215.45880541661 
36.68 	 36280.756885875315 
36.7 	 36335.33267518519 
36.72 	 36427.84946846827 
36.74 	 36606.75029994061 
36.76 	 36917.577765187016 
36.78 	 37400.75937140722 
36.8 	 38089.90263699044 
36.82 	 39010.54682894853 
36.84 	 40179.25328818642 
36.86 	 41602.89745296634 
36.88 	 43278.05552601661 
36.9 	 45190.447858773536 
36.92 	 47314.49020905082 
36.94 	 49613.0882252924 
36.96 	 52037.86539126097 
36.98 	 54530.02218991542 
37.0 	 57021.97735585448 
37.02 	 59439.8467399217 
37.04 	 61706.68939688174 
37.06 	 63746.31983857783 
37.08 	 65487.37770593915 
37.1 	 66867.28453857225 
37.12 	 67835.71496970062 
37.14 	 68357.26667220547 
37.16 	 68413.11712148011 
37.18 	 68001.58375251885 
37.2 	 67137.63160903098 
37.22 	 65851.47583285038 
37.24 	 64186.48985393312 
37.26 	 62196.649268782145 
37.28 	 59943.72233165876 
37.3 	 57494.374953285915 
37.32 	 54917.3086749326 
37.34 	 52280.510027228425 
37.36 	 49648.6687999393 
37.38 	 47080.82280077675 
37.4 	 44628.30176210915 
37.42 	 42333.06212153021 
37.44 	 40226.5150572068 
37.46 	 38328.942516007635 
37.48 	 36649.56554279153 
37.5 	 35187.278108157705 
37.52 	 33931.99587208939 
37.54 	 32866.504669437825 
37.56 	 31968.640395410766 
37.58 	 31213.60046540909 
37.6 	 30576.18251162459 
37.62 	 30032.7681456585 
37.64 	 29562.912855996845 
37.66 	 29150.458179874426 
37.68 	 28784.138740154453 
37.7 	 28457.70545744491 
37.72 	 28169.621473241852 
37.74 	 27922.407604416647 
37.76 	 27721.72206085219 
37.78 	 27575.25984123299 
37.8 	 27491.55627868905 
37.82 	 27478.780559499526 
37.84 	 27543.609449940832 
37.86 	 27690.276221443833 
37.88 	 27919.88961294682 
37.9 	 28230.1067718605 
37.92 	 28615.218351132862 
37.94 	 29066.662818628938 
37.96 	 29573.93454574216 
37.98 	 30125.79432112537 
38.0 	 30711.64167637846 
38.02 	 31322.87556083939 
38.04 	 31954.060420180766 
38.06 	 32603.73114376256 
38.08 	 33274.71034999973 
38.1 	 33973.86882961648 
38.12 	 34711.3262029197 
38.14 	 35499.15524002269 
38.16 	 36349.71235481851 
38.18 	 37273.76296072888 
38.2 	 38278.599927252086 
38.22 	 39366.36379760175 
38.24 	 40532.76295909202 
38.26 	 41766.35961236852 
38.28 	 43048.533643596515 
38.3 	 44354.164416930296 
38.32 	 45652.98664890431 
38.34 	 46911.49116784371 
38.36 	 48095.167404830165 
38.38 	 49170.835176947454 
38.4 	 50108.799321307626 
38.42 	 50884.58704986813 
38.44 	 51480.09205784267 
38.46 	 51884.04127941919 
38.48 	 52091.803626221576 
38.5 	 52104.65628240143 
38.52 	 51928.6957589216 
38.54 	 51573.615650115426 
38.56 	 51051.56624980889 
38.58 	 50376.26656848298 
38.6 	 49562.467682723494 
38.62 	 48625.78305079745 
38.64 	 47582.822825671974 
38.66 	 46451.50945603509 
38.68 	 45251.420453723855 
38.7 	 44004.00461428798 
38.72 	 42732.547727211364 
38.74 	 41461.81552053878 
38.76 	 40217.36471735192 
38.78 	 39024.57598001204 
38.8 	 37907.51434870605 
38.82 	 36887.755162617534 
38.84 	 35983.32161156573 
38.86 	 35207.863435540894 
38.88 	 34570.168498067585 
38.9 	 34074.04720173189 
38.92 	 33718.57353805352 
38.94 	 33498.6162045016 
38.96 	 33405.55772405795 
38.98 	 33428.084966796516 
39.0 	 33552.94278864795 
39.02 	 33765.570896627505 
39.04 	 34050.58560801189 
39.06 	 34392.11328608206 
39.08 	 34774.02069935604 
39.1 	 35180.1108303047 
39.12 	 35594.35581649831 
39.14 	 36001.221509590236 
39.16 	 36386.10507341089 
39.18 	 36735.866237489616 
39.2 	 37039.39412715469 
39.22 	 37288.12430720701 
39.24 	 37476.41146738314 
39.26 	 37601.674653628404 
39.28 	 37664.262211691355 
39.3 	 37667.02681667076 
39.32 	 37614.64871160327 
39.34 	 37512.78844521502 
39.36 	 37367.180993574766 
39.38 	 37182.7958028538 
39.4 	 36963.18009752075 
39.42 	 36710.07743178837 
39.44 	 36423.37459798681 
39.46 	 36101.384259878905 
39.48 	 35741.42530189095 
39.5 	 35340.62447834549 
39.52 	 34896.83643428359 
39.54 	 34409.56718436946 
39.56 	 33880.7888914314 
39.58 	 33315.5494011339 
39.6 	 32722.305156306487 
39.62 	 32112.936918171956 
39.64 	 31502.440407940514 
39.66 	 30908.31549477582 
39.68 	 30349.70573667083 
39.7 	 29846.3635272771 
39.72 	 29417.53379000977 
39.74 	 29080.860007306448 
39.76 	 28851.418944903766 
39.78 	 28740.98296946969 
39.8 	 28757.58968777072 
39.82 	 28905.466909439343 
39.84 	 29185.31753188765 
39.86 	 29594.91724695631 
39.88 	 30129.92420949798 
39.9 	 30784.752738327737 
39.92 	 31553.332848923197 
39.94 	 32429.573508275844 
39.96 	 33407.376616724665 
39.98 	 34480.112314782884 
40.0 	 35639.55890357645 
40.02 	 36874.41987266776 
40.04 	 38168.63775399261 
40.06 	 39499.808328536375 
40.08 	 40838.03895130024 
40.1 	 42145.5772041257 
40.12 	 43377.45639226817 
40.14 	 44483.270295801434 
40.16 	 45410.020518277895 
40.18 	 46105.80383797454 
40.2 	 46523.95561405067 
40.22 	 46627.166951989486 
40.24 	 46391.067368630196 
40.26 	 45806.817267827144 
40.28 	 44882.37723052212 
40.3 	 43642.29279415269 
40.32 	 42126.02469791176 
40.34 	 40385.034037980906 
40.36 	 38478.97200907025 
40.38 	 36471.40643424713 
40.4 	 34425.53514099264 
40.42 	 32400.29393169091 
40.44 	 30447.178067660134 
40.46 	 28607.97985162014 
40.48 	 26913.521258429133 
40.5 	 25383.347398344784 
40.52 	 24026.256803727258 
40.54 	 22841.48512405004 
40.56 	 21820.33116052333 
40.58 	 20948.015091215042 
40.6 	 20205.582019366473 
40.62 	 19571.70191514281 
40.64 	 19024.261732102324 
40.66 	 18541.68991571682 
40.68 	 18103.992166716536 
40.7 	 17693.506612607875 
40.72 	 17295.405018044814 
40.74 	 16897.974863510317 
40.76 	 16492.717188473987 
40.78 	 16074.29017496682 
40.8 	 15640.321933576715 
40.82 	 15191.110745245873 
40.84 	 14729.228941759502 
40.86 	 14259.048168586523 
40.88 	 13786.208194557774 
40.9 	 13317.057057525702 
40.92 	 12858.095178316318 
40.94 	 12415.458388496725 
40.96 	 11994.473513164741 
40.98 	 11599.314990981191 
41.0 	 11232.782558255563 
41.02 	 10896.209388846999 
41.04 	 10589.498628869886 
41.06 	 10311.275316524943 
41.08 	 10059.131327554893 
41.1 	 9829.934032142286 
41.12 	 9620.165302470432 
41.14 	 9426.25664827034 
41.16 	 9244.888648316584 
41.18 	 9073.22833057772 
41.2 	 8909.08629410101 
41.22 	 8750.9853906244 
41.24 	 8598.143586014115 
41.26 	 8450.383839936385 
41.28 	 8307.992040623703 
41.3 	 8171.5489488709545 
41.32 	 8041.762922159004 
41.34 	 7919.32674460475 
41.36 	 7804.8147784258845 
41.38 	 7698.627178807077 
41.4 	 7600.977867067872 
41.42 	 7511.914279155169 
41.44 	 7431.351299161782 
41.46 	 7359.100350858632 
41.48 	 7294.877607666766 
41.5 	 7238.282030386964 
41.52 	 7188.742999287131 
41.54 	 7145.446726565908 
41.56 	 7107.258381155483 
41.58 	 7072.66122727387 
41.6 	 7039.734049027019 
41.62 	 7006.18356661028 
41.64 	 6969.440206762907 
41.66 	 6926.814969961218 
41.68 	 6875.704173089792 
41.7 	 6813.819532809149 
41.72 	 6739.415075202295 
41.74 	 6651.480788594122 
41.76 	 6549.87607635829 
41.78 	 6435.3834073298185 
41.8 	 6309.672906247097 
41.82 	 6175.180319194709 
41.84 	 6034.912010721891 
41.86 	 5892.199728657677 
41.88 	 5750.433552456456 
41.9 	 5612.803058962963 
41.92 	 5482.074295419272 
41.94 	 5360.424253358502 
41.96 	 5249.346257604306 
41.98 	 5149.630334578097 
42.0 	 5061.413528286057 
42.02 	 4984.287424593758 
42.04 	 4917.44462808792 
42.06 	 4859.843023697277 
42.08 	 4810.366385342341 
42.1 	 4767.962001961028 
42.12 	 4731.74001112218 
42.14 	 4701.024493884573 
42.16 	 4675.352499413751 
42.18 	 4654.42346461344 
42.2 	 4638.007442734568 
42.22 	 4625.825663805193 
42.24 	 4617.420760740449 
42.26 	 4612.036091601808 
42.28 	 4608.5236256258595 
42.3 	 4605.2976190979825 
42.32 	 4600.346764795144 
42.34 	 4591.310902359874 
42.36 	 4575.62029162406 
42.38 	 4550.686761978766 
42.4 	 4514.127899618764 
42.42 	 4463.999079409156 
42.44 	 4399.004763683614 
42.46 	 4318.660934001626 
42.48 	 4223.385118114321 
42.5 	 4114.4988699574915 
42.52 	 3994.1387004493895 
42.54 	 3865.083706710161 
42.56 	 3730.5195548298275 
42.58 	 3593.767124821535 
42.6 	 3458.0085360252397 
42.62 	 3326.0426860238117 
42.64 	 3200.0970179599426 
42.66 	 3081.7130360698266 
42.68 	 2971.7118523680883 
42.7 	 2870.234816200007 
42.72 	 2776.844979304932 
42.74 	 2690.6691908772636 
42.76 	 2610.5586258485278 
42.78 	 2535.2472962391535 
42.8 	 2463.4926272890743 
42.82 	 2394.1881136115953 
42.84 	 2326.4439623611124 
42.86 	 2259.636326304602 
42.88 	 2193.428603612529 
42.9 	 2127.7693089798054 
42.92 	 2062.8706845359598 
42.94 	 1999.1712843026114 
42.96 	 1937.2850052837987 
42.98 	 1877.93898609237 
43.0 	 1821.9035999998068 
43.02 	 1769.9191841684076 
43.04 	 1722.6256331753652 
43.06 	 1680.501909855833 
43.08 	 1643.8223724148206 
43.1 	 1612.635347074802 
43.12 	 1586.7667098044928 
43.14 	 1565.8478244553714 
43.16 	 1549.3636701969353 
43.18 	 1536.7140694331927 
43.2 	 1527.2791608923071 
43.22 	 1520.4799631921949 
43.24 	 1515.8260522266817 
43.26 	 1512.9447634539888 
43.28 	 1511.5894625257395 
43.3 	 1511.6277509926615 
43.32 	 1513.0134523332308 
43.34 	 1515.7484219378568 
43.36 	 1519.8413575530894 
43.38 	 1525.270738319092 
43.4 	 1531.957844284369 
43.42 	 1539.753714382798 
43.44 	 1548.4412352173115 
43.46 	 1557.750762805469 
43.48 	 1567.3852584580734 
43.5 	 1577.0493302711795 
43.52 	 1586.4761491682923 
43.54 	 1595.4470715542384 
43.56 	 1603.8007914973464 
43.58 	 1611.4315302662844 
43.6 	 1618.2785163387364 
43.62 	 1624.3111249016113 
43.64 	 1629.5149668662932 
43.66 	 1633.8836692280208 
43.68 	 1637.4191881223935 
43.7 	 1640.1407454390087 
43.72 	 1642.0996461275156 
43.74 	 1643.3951391172952 
43.76 	 1644.1857703981211 
43.78 	 1644.6916036691373 
43.8 	 1645.185042694706 
43.82 	 1645.9711455557745 
43.84 	 1647.3613883925846 
43.86 	 1649.6469300100857 
43.88 	 1653.0779209576783 
43.9 	 1657.8541037648315 
43.92 	 1664.129173539296 
43.94 	 1672.0278285657644 
43.96 	 1681.6710660187134 
43.98 	 1693.2029490946795 
44.0 	 1706.8113878081078 
44.02 	 1722.736603044978 
44.04 	 1741.2635869559485 
44.06 	 1762.6983674185428 
44.08 	 1787.3313770929294 
44.1 	 1815.3938957715675 
44.12 	 1847.0147836987203 
44.14 	 1882.1843188063108 
44.16 	 1920.7300586640579 
44.18 	 1962.306783065131 
44.2 	 2006.3994708043379 
44.22 	 2052.335707375545 
44.24 	 2099.3025583251524 
44.26 	 2146.363137192362 
44.28 	 2192.4698249136827 
44.3 	 2236.473938110463 
44.32 	 2277.134852391908 
44.34 	 2313.134254302486 
44.36 	 2343.1024617133858 
44.38 	 2365.6630317600643 
44.4 	 2379.499038049602 
44.42 	 2383.4398549174884 
44.44 	 2376.5619387538127 
44.46 	 2358.2921585285326 
44.48 	 2328.4989429517786 
44.5 	 2287.5558395249564 
44.52 	 2236.3644337405553 
44.54 	 2176.328684980593 
44.56 	 2109.2796822986966 
44.58 	 2037.3572489514165 
44.6 	 1962.8612507391413 
44.62 	 1888.0896475099096 
44.64 	 1815.1815542723807 
44.66 	 1745.9818083720497 
44.68 	 1681.9393764301003 
44.7 	 1624.0464323857746 
44.72 	 1572.8193002686166 
44.74 	 1528.3177260796426 
44.76 	 1490.1957685954424 
44.78 	 1457.776126023186 
44.8 	 1430.1396434185262 
44.82 	 1406.2225010191175 
44.84 	 1384.9145535507998 
44.86 	 1365.1530378469388 
44.88 	 1346.0062565815667 
44.9 	 1326.7420544645715 
44.92 	 1306.8763043407207 
44.94 	 1286.1976070242242 
44.96 	 1264.766204706334 
44.98 	 1242.8876436089413 
45.0 	 1221.0646137428612 
45.02 	 1199.9330406060892 
45.04 	 1180.190266826199 
45.06 	 1162.5235730083616 
45.08 	 1147.5462136972105 
45.1 	 1135.7458546722964 
45.12 	 1127.447401514756 
45.14 	 1122.7894874427382 
45.16 	 1121.7120623793753 
45.18 	 1123.95203755832 
45.2 	 1129.0448146486212 
45.22 	 1136.3313572986024 
45.24 	 1144.9725252224305 
45.26 	 1153.9738702176692 
45.28 	 1162.2243286626901 
45.3 	 1168.5509375492816 
45.32 	 1171.7890165928545 
45.34 	 1170.8637925137 
45.36 	 1164.8760576612501 
45.38 	 1153.1820505540456 
45.4 	 1135.4570057986944 
45.42 	 1111.73303776196 
45.44 	 1082.4050267856733 
45.46 	 1048.202393120239 
45.48 	 1010.1292490019836 
45.5 	 969.3795528894925 
45.52 	 927.236854595093 
45.54 	 884.9696205206047 
45.56 	 843.7329176237782 
45.58 	 804.4856696400659 
45.6 	 767.9302279842286 
45.62 	 734.4781266303166 
45.64 	 704.2430546032551 
45.66 	 677.0595832038548 
45.68 	 652.5241757902396 
45.7 	 630.0535132737606 
45.72 	 608.9541546399954 
45.74 	 588.496982570579 
45.76 	 567.9897572010349 
45.78 	 546.8414503521195 
45.8 	 524.6129011410859 
45.82 	 501.0497289665972 
45.84 	 476.0952913338052 
45.86 	 449.8836132912081 
45.88 	 422.71438571021434 
45.9 	 395.0140281120549 
45.92 	 367.2881512873321 
45.94 	 340.0713309711005 
45.96 	 313.87984461877323 
45.98 	 289.1720099744228 
46.0 	 266.3192136058181 
46.02 	 245.58893322280457 
46.04 	 227.13936037576335 
46.06 	 211.02388927474445 
46.08 	 197.20291827271782 
46.1 	 185.56015164078184 
46.12 	 175.92081252588483 
46.14 	 168.06972516887188 
46.16 	 161.76790755220196 
46.18 	 156.76696587662673 
46.2 	 152.8210849814677 
46.22 	 149.69671728145295 
46.24 	 147.1802011459068 
46.26 	 145.08354137738974 
46.28 	 143.24852565424388 
46.3 	 141.54928738106403 
46.32 	 139.89339005301446 
46.34 	 138.22150884655153 
46.36 	 136.505811834293 
46.38 	 134.74717939729805 
46.4 	 132.97143259425675 
46.42 	 131.22476430629374 
46.44 	 129.56858385973143 
46.46 	 128.07400327548277 
46.48 	 126.8162162288789 
46.5 	 125.86904819941263 
46.52 	 125.29998016980451 
46.54 	 125.1659559826981 
46.56 	 125.51026225574297 
46.58 	 126.36071125471791 
46.6 	 127.7292607352221 
46.62 	 129.61307848414938 
46.64 	 131.99691815694487 
46.66 	 134.85653590826888 
46.68 	 138.16276331616947 
46.7 	 141.88577722448247 
46.72 	 145.9990821534541 
46.74 	 150.48275026313092 
46.76 	 155.32554523797853 
46.78 	 160.52568122116128 
46.8 	 166.0901216965653 
46.82 	 172.03248725782353 
46.84 	 178.3697945530121 
46.86 	 185.1183711987882 
46.88 	 192.28936738569598 
46.9 	 199.88430636138486 
46.92 	 207.8910851480423 
46.94 	 216.28076594722438 
46.96 	 225.00540727719135 
46.98 	 233.99709374437666 
47.0 	 243.16825203104395 
47.02 	 252.41329568046393 
47.04 	 261.61161671145373 
47.06 	 270.6319195646738 
47.08 	 279.3378467525007 
47.1 	 287.59475207467483 
47.12 	 295.2773248545191 
47.14 	 302.27756673147684 
47.16 	 308.5124050916874 
47.18 	 313.93004927398147 
47.2 	 318.51412220535127 
47.22 	 322.28468898892 
47.24 	 325.29558718795886 
47.26 	 327.62793174760344 
47.28 	 329.38026293693946 
47.3 	 330.6564272967946 
47.32 	 331.55280253570294 
47.34 	 332.1467723816837 
47.36 	 332.48833375313274 
47.38 	 332.59634243568195 
47.4 	 332.460214567875 
47.42 	 332.0470107719822 
47.44 	 331.312899916617 
47.46 	 330.2172094257722 
47.48 	 328.73677493361555 
47.5 	 326.87820145515116 
47.52 	 324.6859579311082 
47.54 	 322.24488060201435 
47.56 	 319.6765260921354 
47.58 	 317.12972735916117 
47.6 	 314.7665057858783 
47.62 	 312.7450620580615 
47.64 	 311.2018499450781 
47.66 	 310.23473796948065 
47.68 	 309.88904169685924 
47.7 	 310.14784602771243 
47.72 	 310.9276109043283 
47.74 	 312.0796185963576 
47.76 	 313.39739566360697 
47.78 	 314.62981924966044 
47.8 	 315.49917619807763 
47.82 	 315.72297627825606 
47.84 	 315.037848303994 
47.86 	 313.22342729638694 
47.88 	 310.12385884199006 
47.9 	 305.66449975472904 
47.92 	 299.8616600087143 
47.94 	 292.8238412577407 
47.96 	 284.7438476745535 
47.98 	 275.88226997089487 
48.0 	 266.54400951316035 
48.02 	 257.0505224120955 
48.04 	 247.711137140494 
48.06 	 238.79699466478837 
48.08 	 230.52081728298307 
48.1 	 223.0248668960181 
48.12 	 216.37823366359638 
48.14 	 210.58320125116688 
48.16 	 205.58909896310195 
48.18 	 201.31099859901386 
48.2 	 197.6500185282268 
48.22 	 194.5119504286929 
48.24 	 191.82141878162577 
48.26 	 189.52971856868172 
48.28 	 187.61567798333343 
48.3 	 186.08014517040905 
48.32 	 184.93578446143965 
48.34 	 184.1946078199007 
48.36 	 183.85594649191168 
48.38 	 183.89735421004292 
48.4 	 184.2702801067417 
48.42 	 184.90138393380644 
48.44 	 185.69926604952687 
48.46 	 186.56534758602817 
48.48 	 187.40684632876957 
48.5 	 188.1493906324381 
48.52 	 188.7468683180535 
48.54 	 189.18661006158527 
48.56 	 189.48886712439787 
48.58 	 189.70060552626921 
48.6 	 189.8847079481129 
48.62 	 190.10655121987338 
48.64 	 190.42044375025267 
48.66 	 190.85846052715206 
48.68 	 191.42378582882262 
48.7 	 192.08983942897234 
48.72 	 192.80537444671774 
48.74 	 193.5045995761226 
48.76 	 194.12041358051107 
48.78 	 194.59823404455935 
48.8 	 194.90777591772118 
48.82 	 195.05051584028553 
48.84 	 195.06139348392475 
48.86 	 195.00439303510157 
48.88 	 194.96280374576517 
48.9 	 195.02595350831302 
48.92 	 195.27485228938508 
48.94 	 195.76935301886584 
48.96 	 196.53911082593675 
48.98 	 197.57987012181374 
49.0 	 198.85558729757804 
49.02 	 200.30580789237814 
49.04 	 201.85677121904683 
49.06 	 203.43408808990466 
49.08 	 204.97463590033792 
49.1 	 206.43556096499094 
49.12 	 207.7989050315002 
49.14 	 209.07124585138706 
49.16 	 210.27868500232015 
49.18 	 211.4583501795711 
49.2 	 212.64815497971642 
49.22 	 213.87678544185317 
49.24 	 215.15573962800303 
49.26 	 216.47478562942968 
49.28 	 217.80153227221206 
49.3 	 219.08506463194973 
49.32 	 220.26292417607596 
49.34 	 221.27022537946888 
49.36 	 222.0494640916924 
49.38 	 222.5595981445768 
49.4 	 222.78322506175536 
49.42 	 222.7310649952877 
49.44 	 222.44338395416284 
49.46 	 221.98837699186672 
49.48 	 221.45781588003567 
49.5 	 220.96043204158443 
49.52 	 220.61357122600847 
49.54 	 220.53366471661613 
49.56 	 220.8260628157848 
49.58 	 221.57480819683525 
49.6 	 222.83300212181655 
49.62 	 224.61451777593612 
49.64 	 226.88789909037968 
49.66 	 229.57329557094533 
49.68 	 232.54317457412694 
49.7 	 235.6272950169 
49.72 	 238.62202652907666 
49.74 	 241.30359695138577 
49.76 	 243.44431942186188 
49.78 	 244.83037441617662 
49.8 	 245.2793870562535 
49.82 	 244.655912792655 
49.84 	 242.8830612985896 
49.86 	 239.94884749953172 
49.88 	 235.90642094408693 
49.9 	 230.86801981874703 
49.92 	 224.9932331693165 
49.94 	 218.4728368425296 
49.96 	 211.5100048609001 
49.98 	 204.30101740129825 
50.0 	 197.0176472705124 
50.02 	 189.7932013826147 
50.04 	 182.7137504866411 
50.06 	 175.81545926040116 
50.08 	 169.08821312978108 
50.1 	 162.48502213303323 
50.12 	 155.9360570266969 
50.14 	 149.36571265254437 
50.16 	 142.71084390383106 
50.18 	 135.93829126369002 
50.2 	 129.05998226207407 
50.22 	 122.1442115076131 
50.24 	 115.32209987550829 
50.26 	 108.7886486389258 
50.28 	 102.79818812758238 
50.3 	 97.65434987634893 
50.32 	 93.6949714366033 
50.34 	 91.27260153724737 
50.36 	 90.73154631124376 
50.38 	 92.38271219979262 
50.4 	 96.47785962865255 
50.42 	 103.1852490622663 
50.44 	 112.56896647029555 
50.46 	 124.5743627892225 
50.48 	 139.02193357103798 
50.5 	 155.61152839368393 
50.52 	 173.9379944980437 
50.54 	 193.51827383882883 
50.56 	 213.82870499448762 
50.58 	 234.3500011088344 
50.6 	 254.61627226291134 
50.62 	 274.2637061221446 
50.64 	 293.0742296533982 
50.66 	 311.0096843799071 
50.68 	 328.232714693415 
50.7 	 345.1115874286145 
50.72 	 362.2073958974107 
50.74 	 380.243424484299 
50.76 	 400.0577671645115 
50.78 	 422.5415560183752 
50.8 	 448.56634825517403 
50.82 	 478.9053317307033 
50.84 	 514.1540000728864 
50.86 	 554.6567261968061 
50.88 	 600.4460762438915 
50.9 	 651.2015691036479 
50.92 	 706.2337266369391 
50.94 	 764.4975765219742 
50.96 	 824.6372922497567 
50.98 	 885.0605743479827 
51.0 	 944.0380434669215 
51.02 	 999.8197938145854 
51.04 	 1050.7588431167055 
51.06 	 1095.4299464018547 
51.08 	 1132.732388504023 
51.1 	 1161.9669781674004 
51.12 	 1182.8803269645523 
51.14 	 1195.6731797944828 
51.16 	 1200.9735005756206 
51.18 	 1199.778608554418 
51.2 	 1193.3733996947904 
51.22 	 1183.2332544425462 
51.24 	 1170.9205497293772 
51.26 	 1157.982919323031 
51.28 	 1145.8598827960325 
51.3 	 1135.8026144442226 
51.32 	 1128.80985133182 
51.34 	 1125.5815311626504 
51.36 	 1126.4908242926901 
51.38 	 1131.5747258516944 
51.4 	 1140.5431195475833 
51.42 	 1152.8059736493904 
51.44 	 1167.51786665851 
51.46 	 1183.638243158934 
51.48 	 1200.0046770468766 
51.5 	 1215.4151066394911 
51.52 	 1228.7137355261787 
51.54 	 1238.874334124044 
51.56 	 1245.0742746832418 
51.58 	 1246.7529523899125 
51.6 	 1243.6493370121725 
51.62 	 1235.8151850294018 
51.64 	 1223.602726638486 
51.66 	 1207.628145426177 
51.68 	 1188.7145702310693 
51.7 	 1167.8202880749254 
51.72 	 1145.9592114335758 
51.74 	 1124.1211364512499 
51.76 	 1103.1989735954605 
51.78 	 1083.9290022581076 
51.8 	 1066.848482362318 
51.82 	 1052.27290374711 
51.84 	 1040.2930465598565 
51.86 	 1030.7901209469658 
51.88 	 1023.4657526476051 
51.9 	 1017.8826040474936 
51.92 	 1013.5110045712181 
51.94 	 1009.777071462151 
51.96 	 1006.1083375115908 
51.98 	 1001.9737386927002 
52.0 	 996.9158130928018 
52.02 	 990.5739898339752 
52.04 	 982.6987872110412 
52.06 	 973.1575029830975 
52.08 	 961.9325077641547 
52.1 	 949.1135213787169 
52.12 	 934.8852763088604 
52.14 	 919.511803003791 
52.16 	 903.3182898945092 
52.18 	 886.6711745828948 
52.2 	 869.9569088535957 
52.22 	 853.5597842244662 
52.24 	 837.8393419650504 
52.26 	 823.1082053641496 
52.28 	 809.611592795383 
52.3 	 797.5101850637194 
52.32 	 786.8682945552113 
52.34 	 777.6492873086155 
52.36 	 769.7198481941981 
52.38 	 762.8639216404663 
52.4 	 756.8060525664084 
52.42 	 751.2425238871027 
52.44 	 745.8773380496692 
52.46 	 740.4589622466511 
52.48 	 734.8130923215978 
52.5 	 728.86668324385 
52.52 	 722.6592451584867 
52.54 	 716.3388872597118 
52.56 	 710.1426420984851 
52.58 	 704.362931721897 
52.6 	 699.3042741774515 
52.62 	 695.2360862993128 
52.64 	 692.3483828649793 
52.66 	 690.7170914002697 
52.68 	 690.2845527921245 
52.7 	 690.8587011549798 
52.72 	 692.1317170718415 
52.74 	 693.7160441193095 
52.76 	 695.1930071729753 
52.78 	 696.167290893625 
52.8 	 696.3195374778238 
52.82 	 695.449456694876 
52.84 	 693.503085157854 
52.86 	 690.5799977854911 
52.88 	 686.9190458704047 
52.9 	 682.864179609482 
52.92 	 678.8146960078204 
52.94 	 675.1664596379366 
52.96 	 672.2519800544499 
52.98 	 670.2875176843462 
53.0 	 669.3345865586377 
53.02 	 669.2814234841165 
53.04 	 669.8474242961344 
53.06 	 670.6105376940332 
53.08 	 671.0545499544533 
53.1 	 670.6304990836053 
53.12 	 668.8244943364576 
53.14 	 665.2232628414067 
53.16 	 659.5689397723843 
53.18 	 651.7959429719028 
53.2 	 642.0450489648896 
53.22 	 630.6527033207982 
53.24 	 618.116755986688 
53.26 	 605.0427859346672 
53.28 	 592.0775782511014 
53.3 	 579.8378382029111 
53.32 	 568.8426950291932 
53.34 	 559.4579318505748 
53.36 	 551.858287287351 
53.38 	 546.0118396587468 
53.4 	 541.6877222752591 
53.42 	 538.4855874898326 
53.44 	 535.8826941032502 
53.46 	 533.2925470003318 
53.48 	 530.1278950466112 
53.5 	 525.8607077891239 
53.52 	 520.0724935809096 
53.54 	 512.4898599450346 
53.56 	 503.00231721669144 
53.58 	 491.6616855036902 
53.6 	 478.6647541435292 
53.62 	 464.32275582310905 
53.64 	 449.0225148191391 
53.66 	 433.18467145645735 
53.68 	 417.22415217357263 
53.7 	 401.51714260606883 
53.72 	 386.3774223242652 
53.74 	 372.04328751644414 
53.76 	 358.67469138535023 
53.78 	 346.3589113329926 
53.8 	 335.12217943434786 
53.82 	 324.94436847388704 
53.84 	 315.773991885868 
53.86 	 307.5413483336941 
53.88 	 300.16845821941564 
53.9 	 293.57531645150885 
53.92 	 287.68275570882383 
53.94 	 282.4127562355722 
53.96 	 277.6872950794962 
53.98 	 273.426808963128 
54.0 	 269.54911365057893 
54.02 	 265.9692730695794 
54.04 	 262.6005434405532 
54.06 	 259.3562139318679 
54.08 	 256.1519766322733 
54.1 	 252.90839907383983 
54.12 	 249.55312454355408 
54.14 	 246.0225507731493 
54.16 	 242.26289093146693 
54.18 	 238.23066158388016 
54.2 	 233.8927424799569 
54.22 	 229.22620022828295 
54.24 	 224.21806366581603 
54.26 	 218.8651943044407 
54.28 	 213.17432641192815 
54.3 	 207.1622737035519 
54.32 	 200.85622578002196 
54.34 	 194.29399562734858 
54.36 	 187.52403444943235 
54.38 	 180.60500487845914 
54.4 	 173.60470155543106 
54.42 	 166.59813407696484 
54.44 	 159.6646473758902 
54.46 	 152.88405352938477 
54.48 	 146.3318864844239 
54.5 	 140.07405780412347 
54.52 	 134.16136610729467 
54.54 	 128.62446326142407 
54.56 	 123.46996843759159 
54.58 	 118.67841138140271 
54.6 	 114.20455641451241 
54.62 	 109.9804088363729 
54.64 	 105.92086261314647 
54.66 	 101.9315644298316 
54.68 	 97.91821185367124 
54.7 	 93.79624122509392 
54.72 	 89.49974801331895 
54.74 	 84.98854518454998 
54.76 	 80.2524960245116 
54.78 	 75.31261702856591 
54.8 	 70.218871364904 
54.82 	 65.04499294463972 
54.84 	 59.88103070320322 
54.86 	 54.82453615710505 
54.88 	 49.97141322251623 
54.9 	 45.407410912822996 
54.92 	 41.20108955146808 
54.94 	 37.398863629269535 
54.96 	 34.02245671681929 
54.98 	 31.06883019169367 
55.0 	 28.512395775802535 
55.02 	 26.30911253730968 
55.04 	 24.401916116219216 
55.06 	 22.72684010333322 
55.08 	 21.219170522364713 
55.1 	 19.819022921474307 
55.12 	 18.475840547888296 
55.14 	 17.15146807339163 
55.16 	 15.82163925999398 
55.18 	 14.475905890634078 
55.2 	 13.116205620641402 
55.22 	 11.7543975021347 
55.24 	 10.409171550380744 
55.26 	 9.102757251585258 
55.28 	 7.857818951817589 
55.3 	 6.694845198264778 
55.32 	 5.63023124474305 
55.34 	 4.675137929832701 
55.36 	 3.8351033785149626 
55.38 	 3.1102997243836574 
55.4 	 2.49627289358529 
55.42 	 1.9849810990114773 
55.44 	 1.5659536358738448 
55.46 	 1.2274188953880507 
55.48 	 0.9572906072406938 
55.5 	 0.74394565243092 
55.52 	 0.5767682423958806 
55.54 	 0.44646892048958037 
55.56 	 0.3452102034727958 
55.58 	 0.2665834125908837 
55.6 	 0.20548465256264942 
55.62 	 0.1579342681674363 
55.64 	 0.12087607381256534 
55.66 	 0.09198268221082795 
55.68 	 0.06948333318035861 
55.7 	 0.0520220792171808 
55.72 	 0.03854771503119796 
55.74 	 0.028232599168676095 
55.76 	 0.020415281207763772 
55.78 	 0.014561177008090833 
55.8 	 0.010235916154864386 
55.82 	 0.007086944471034417 
55.84 	 0.0048301219952561255 
55.86 	 0.003239155319229062 
55.88 	 0.0021365997040233473 
55.9 	 0.001385810190671309 
55.92 	 0.000883624033786698 
55.94 	 0.000553765784660401 
55.96 	 0.0003410396843473652 
55.98 	 0.00020636681443874806 
56.0 	 0.0001226803412922996 
56.02 	 7.164080195471939e-05 
56.04 	 4.109141325722422e-05 
56.06 	 2.314756115266333e-05 
56.08 	 1.2805128451889942e-05 
56.1 	 6.955850437993224e-06 
56.12 	 3.7099562137450793e-06 
56.14 	 1.942699034622184e-06 
56.16 	 9.986825709204713e-07 
56.18 	 5.039675571678494e-07 
56.2 	 2.496316672692846e-07 
56.22 	 1.2136359266878654e-07 
56.24 	 5.790809924681588e-08 
56.26 	 2.7115877701461134e-08 
56.28 	 1.245987511949861e-08 
56.3 	 5.6180094827079795e-09 
56.32 	 2.485444163953816e-09 
56.34 	 1.0788306487887829e-09 
56.36 	 4.5941607695554093e-10 
56.38 	 1.9192858555372182e-10 
56.4 	 7.865595466158671e-11 
56.42 	 3.1619931938790447e-11 
56.44 	 1.2468308658270574e-11 
56.46 	 4.822279176641286e-12 
56.48 	 1.8292675186353175e-12 
56.5 	 6.805577807937777e-13 
56.52 	 2.483130059712707e-13 
56.54 	 8.885160993240392e-14 
56.56 	 3.117798729119209e-14 
56.58 	 1.0728381583664802e-14 
56.6 	 3.620019837298583e-15 
56.62 	 1.1977503756759034e-15 
56.64 	 3.885877289751826e-16 
56.66 	 1.2361430680156683e-16 
56.68 	 3.855630879338777e-17 
56.7 	 1.179125492690745e-17 
56.72 	 3.535524855531183e-18 
56.74 	 1.0393672838222251e-18 
56.76 	 2.9956978596015687e-19 
56.78 	 8.465134106552344e-20 
56.8 	 2.3451470001500434e-20 
56.82 	 6.369431492171104e-21 
56.84 	 1.695977331121673e-21 
56.86 	 4.427137211715279e-22 
56.88 	 1.1329341124005493e-22 
56.9 	 2.8422388161710964e-23 
56.92 	 6.990150929274236e-24 
56.94 	 1.685305921336726e-24 
56.96 	 3.9832132735989852e-25 
56.98 	 9.228851729142308e-26 
57.0 	 2.096128912040038e-26 
57.02 	 4.667041496711732e-27 
57.04 	 1.0186290188040627e-27 
57.06 	 2.1794087096641754e-28 
57.08 	 4.5709587896348055e-29 
57.1 	 9.397661834902678e-30 
57.12 	 1.893975073072174e-30 
57.14 	 3.7416989466620403e-31 
57.16 	 7.246059490561803e-32 
57.18 	 1.3755357367806857e-32 
57.2 	 2.5596310120305768e-33 
57.22 	 4.66892644716186e-34 
57.24 	 8.348138862316122e-35 
57.26 	 1.4631677890074292e-35 
57.28 	 2.5137922957879895e-36 
57.3 	 4.2334504140329195e-37 
57.32 	 6.988572893035584e-38 
57.34 	 1.1308646613176891e-38 
57.36 	 1.793742574156838e-39 
57.38 	 2.7889212099362752e-40 
57.4 	 4.250483839262666e-41 
57.42 	 6.349885400828584e-42 
57.44 	 9.298614522639604e-43 
57.46 	 1.334734624055707e-43 
57.48 	 1.8779994482781665e-44 
57.5 	 2.5901171516707973e-45 
57.52 	 3.5015986361130548e-46 
57.54 	 4.640192062590777e-47 
57.56 	 6.027369832066997e-48 
57.58 	 7.674351654860845e-49 
57.6 	 9.578052856690947e-50 
57.62 	 1.1717478623240247e-50 
57.64 	 1.4051162827487564e-51 
57.66 	 1.6516243909042646e-52 
57.68 	 1.9029659626946045e-53 
57.7 	 2.1491724611939012e-54 
57.72 	 2.3792049017415033e-55 
57.74 	 2.5817405099189796e-56 
57.76 	 2.7460809937470947e-57 
57.78 	 2.8630831572757333e-58 
57.8 	 2.9259999682740605e-59 
57.82 	 2.931124635500023e-60 
57.84 	 2.8781521972521276e-61 
57.86 	 2.7702095634801386e-62 
57.88 	 2.6135498961077176e-63 
57.9 	 2.4169528742311232e-64 
57.92 	 2.1909108387773434e-65 
57.94 	 1.9467056307873768e-66 
57.96 	 1.6954885352946846e-67 
57.98 	 1.4474659554551245e-68 
58.0 	 1.2112693501304456e-69 
58.02 	 9.93555002278139e-71 
58.04 	 7.988437969403175e-72 
58.06 	 6.295794465882889e-73 
58.08 	 4.8636005089605764e-74 
58.1 	 3.6828488067719106e-75 
58.12 	 2.7335592416426206e-76 
58.14 	 1.9888025301168284e-77 
58.16 	 1.418317235199074e-78 
58.18 	 9.914563820790964e-80 
58.2 	 6.793480535299289e-81 
58.22 	 4.56277995851975e-82 
58.24 	 3.0038978570623077e-83 
58.26 	 1.9384706201881277e-84 
58.28 	 1.2261728439204083e-85 
58.3 	 7.602607256724157e-87 
58.32 	 4.620530004930629e-88 
58.34 	 2.7525764927867565e-89 
58.36 	 1.6073311025660599e-90 
58.38 	 9.200038376503687e-92 
58.4 	 5.161694027078118e-93 
58.42 	 2.838658790375883e-94 
58.44 	 1.5302149404995748e-95 
58.46 	 8.085557753557626e-97 
58.48 	 4.18779893617054e-98 
58.5 	 2.1260816890159385e-99 
58.52 	 1.058016283512504e-100 
58.54 	 5.160871318530682e-102 
58.56 	 2.467584182968841e-103 
58.58 	 1.1564828286810898e-104 
58.6 	 5.312814579250883e-106 
58.62 	 2.3923702009017896e-107 
58.64 	 1.0559670350337642e-108 
58.66 	 4.5686783650684207e-110 
58.68 	 1.9375327554513987e-111 
58.7 	 8.054262192620583e-113 
58.72 	 3.281864995169116e-114 
58.74 	 1.3107923439794856e-115 
58.76 	 5.131747909481872e-117 
58.78 	 1.9693139770105135e-118 
58.8 	 7.407690717441769e-120 
58.82 	 2.7312971212682613e-121 
58.84 	 9.87127560489958e-123 
58.86 	 3.497001603285881e-124 
58.88 	 1.2143296715155402e-125 
58.9 	 4.1332873824885254e-127 
58.92 	 1.3790271481797463e-128 
58.94 	 4.509913854898458e-130 
58.96 	 1.445712353127097e-131 
58.98 	 4.542696801370874e-133 
59.0 	 1.399148536411831e-134 
59.02 	 4.224079706513733e-136 
59.04 	 1.2500247034319417e-137 
59.06 	 3.625962386788806e-139 
59.08 	 1.0309704079844445e-140 
59.1 	 2.87334192539918e-142 
59.12 	 7.849583666795935e-144 
59.14 	 2.1019585016084646e-145 
59.16 	 5.517214291145584e-147 
59.18 	 1.4194946690203338e-148 
59.2 	 3.579858626464379e-150 
59.22 	 8.849447997897913e-152 
59.24 	 2.1442957287365767e-153 
59.26 	 5.092972969693468e-155 
59.28 	 1.1857039096755787e-156 
59.3 	 2.7058226051763247e-158 
59.32 	 6.052580518990111e-160 
59.34 	 1.327088894780075e-161 
59.36 	 2.852184638729644e-163 
59.38 	 6.008602004359048e-165 
59.4 	 1.2407589546900496e-166 
59.42 	 2.511421304568097e-168 
59.44 	 4.9827548823659605e-170 
59.46 	 9.690318536059632e-172 
59.48 	 1.847246064511869e-173 
59.5 	 3.4516727297304183e-175 
59.52 	 0.0 
59.54 	 0.0 
59.56 	 0.0 
59.58 	 0.0 
59.6 	 0.0 
59.62 	 0.0 
59.64 	 0.0 
59.66 	 0.0 
59.68 	 0.0 
59.7 	 0.0 
59.72 	 0.0 
59.74 	 0.0 
59.76 	 0.0 
59.78 	 0.0 
59.8 	 0.0 
59.82 	 0.0 
59.84 	 0.0 
59.86 	 0.0 
59.88 	 0.0 
59.9 	 0.0 
59.92 	 0.0 
59.94 	 0.0 
59.96 	 0.0 
59.98 	 0.0 
