0.0 	 0.32618051388501307 
0.02 	 0.43242420877276866 
0.04 	 0.4986646969863179 
0.06 	 0.5813566828454814 
0.08 	 0.6424866879750497 
0.1 	 0.7165809061015143 
0.12 	 0.7894850928762238 
0.14 	 0.8657455451353916 
0.16 	 0.9669899854920305 
0.18 	 1.0546945380083328 
0.2 	 1.2131693594378372 
0.22 	 1.327317693212147 
0.24 	 1.60711950166936 
0.26 	 1.7762961309384722 
0.28 	 2.344354387747664 
0.3 	 2.599689163950785 
0.32 	 3.8687422225701384 
0.34 	 3.836911192890671 
0.36 	 5.1587239409522585 
0.38 	 3.134907627107062 
0.4 	 2.256374384371 
0.42 	 1.1232881662413459 
0.44 	 0.6640018485186326 
0.46 	 0.37438272409833473 
0.48 	 0.23515445905835194 
0.5 	 0.15332686094675516 
0.52 	 0.1092653007620591 
0.54 	 0.08333793563181903 
0.56 	 0.0687499995329669 
0.58 	 0.060338887175814974 
0.6 	 0.055704922222100633 
0.62 	 0.05328820964408641 
0.64 	 0.05212639139933188 
0.66 	 0.05173470935938638 
0.68 	 0.05166043112690672 
0.7 	 0.0517798699748197 
0.72 	 0.0518551941043404 
0.74 	 0.051893091805809394 
0.76 	 0.05177279324268496 
0.78 	 0.051549632359102114 
0.8 	 0.05117898878346676 
0.82 	 0.050733226084371766 
0.84 	 0.050214886143278736 
0.86 	 0.04969896081113318 
0.88 	 0.049206716302788986 
0.9 	 0.04880710118164806 
0.92 	 0.04851347212731734 
0.94 	 0.04838282407195981 
0.96 	 0.04840082197223839 
0.98 	 0.048609973730555076 
1.0 	 0.04895954288979041 
1.02 	 0.049479289506684565 
1.04 	 0.05008554122795279 
1.06 	 0.05080042889490398 
1.08 	 0.05152057621384781 
1.1 	 0.0522662735385248 
1.12 	 0.05293251506743764 
1.14 	 0.05354126759063165 
1.16 	 0.05400311955723794 
1.18 	 0.054341475041329856 
1.2 	 0.054494382160888935 
1.22 	 0.054483318157228795 
1.24 	 0.0542785060640942 
1.26 	 0.053895257939024305 
1.28 	 0.05333472832340528 
1.3 	 0.05260359150055982 
1.32 	 0.05172949854748548 
1.34 	 0.050711344678306944 
1.36 	 0.04959774586625375 
1.38 	 0.048383480873367433 
1.4 	 0.04713162164264897 
1.42 	 0.04583688494561904 
1.44 	 0.044568241820684494 
1.46 	 0.04332210392717837 
1.48 	 0.042162580405659 
1.5 	 0.04108626715860421 
1.52 	 0.04014153795008225 
1.54 	 0.039321895475401096 
1.56 	 0.03865250306984 
1.58 	 0.03812144899104741 
1.6 	 0.03772925507542101 
1.62 	 0.03745900639175699 
1.64 	 0.03729128937706413 
1.66 	 0.0372070128422598 
1.68 	 0.03717541427902468 
1.7 	 0.03717872243149001 
1.72 	 0.037184216665575066 
1.74 	 0.03717791083588853 
1.76 	 0.03713284358601674 
1.78 	 0.037039485570300804 
1.8 	 0.03688133090287638 
1.82 	 0.03665230474643256 
1.84 	 0.03634773555123256 
1.86 	 0.03596292026250825 
1.88 	 0.035503694855532335 
1.9 	 0.03496442100213352 
1.92 	 0.03435878148648967 
1.94 	 0.033678696835907386 
1.96 	 0.032943348097368555 
1.98 	 0.03214236158824959 
2.0 	 0.03129941703083382 
2.02 	 0.030403734100725145 
2.04 	 0.029483553298968908 
2.06 	 0.02853032087055203 
2.08 	 0.027576523169347996 
2.1 	 0.026617577481613752 
2.12 	 0.025688069445633642 
2.14 	 0.024787056363527786 
2.16 	 0.02394708591763673 
2.18 	 0.023168693891187756 
2.2 	 0.022477832570234148 
2.22 	 0.02187424772654194 
2.24 	 0.021374708750230644 
2.26 	 0.02097786987023831 
2.28 	 0.020692185348404373 
2.3 	 0.020517690950659376 
2.32 	 0.020458078659852098 
2.34 	 0.020518659896062955 
2.36 	 0.02070163799829284 
2.38 	 0.02102005062442924 
2.4 	 0.02147412207537792 
2.42 	 0.02208321766441614 
2.44 	 0.022839778730291742 
2.46 	 0.02376434657903689 
2.48 	 0.024832537730656447 
2.5 	 0.026060251248666465 
2.52 	 0.027399185335923094 
2.54 	 0.028858313602973213 
2.56 	 0.03036570006780341 
2.58 	 0.031926874898332055 
2.6 	 0.03345605912726549 
2.62 	 0.03496310869342496 
2.64 	 0.03636473662173065 
2.66 	 0.0376830792272146 
2.68 	 0.03885340755818157 
2.7 	 0.03991431322236089 
2.72 	 0.04082834119230327 
2.74 	 0.041649297747560016 
2.76 	 0.042364835599203524 
2.78 	 0.04303853719789588 
2.8 	 0.0436718524306277 
2.82 	 0.04433163355526665 
2.84 	 0.04501813724322242 
2.86 	 0.04579712388189035 
2.88 	 0.04665450609864762 
2.9 	 0.04765420678646641 
2.92 	 0.048759127816294136 
2.94 	 0.05003336965119807 
2.96 	 0.051412336300228394 
2.98 	 0.052963008069809026 
3.0 	 0.05459189674927411 
3.02 	 0.05637064140835823 
3.04 	 0.058178604558398204 
3.06 	 0.06009246082448117 
3.08 	 0.061970381279178546 
3.1 	 0.06389306017196814 
3.12 	 0.06570812580649055 
3.14 	 0.06749754480447216 
3.16 	 0.06911230905688903 
3.18 	 0.07063052605152603 
3.2 	 0.07192070262647468 
3.22 	 0.0730493836840888 
3.24 	 0.07391405361301416 
3.26 	 0.07456033639974496 
3.28 	 0.07492221142496258 
3.3 	 0.07501534547384994 
3.32 	 0.07481456357535443 
3.34 	 0.07429934832356755 
3.36 	 0.0734883386965706 
3.38 	 0.07232377999151926 
3.4 	 0.07087086208062013 
3.42 	 0.06904036163742046 
3.44 	 0.06694581459703207 
3.46 	 0.0644793090976365 
3.48 	 0.061800903403006466 
3.5 	 0.05880162090139391 
3.52 	 0.05567918157698352 
3.54 	 0.0523410882827448 
3.56 	 0.04900484995642653 
3.58 	 0.04560547015503115 
3.6 	 0.04235491863406123 
3.62 	 0.03921548386822904 
3.64 	 0.036366421736940074 
3.66 	 0.03378641178206224 
3.68 	 0.03160066526507921 
3.7 	 0.029789159881652913 
3.72 	 0.028413698429720132 
3.74 	 0.027444945868168022 
3.76 	 0.026885548642203494 
3.78 	 0.026696132387735102 
3.8 	 0.026835041674746925 
3.82 	 0.027261349171850927 
3.84 	 0.027909006882893838 
3.86 	 0.028748111747379578 
3.88 	 0.0297075087685628 
3.9 	 0.030779270729398286 
3.92 	 0.03190135135050076 
3.94 	 0.03309378494634798 
3.96 	 0.034310145822116056 
3.98 	 0.035599325779658686 
4.0 	 0.03692886177683064 
4.02 	 0.03837468639652743 
4.04 	 0.03991005611474685 
4.06 	 0.041636944929760576 
4.08 	 0.04352199566711123 
4.1 	 0.04569636715545205 
4.12 	 0.048105258297085986 
4.14 	 0.050918697267366066 
4.16 	 0.05404258855011737 
4.18 	 0.057703979190808496 
4.2 	 0.06174599985747501 
4.22 	 0.06648192352686745 
4.24 	 0.07165842837447958 
4.26 	 0.07771883448520157 
4.28 	 0.08426169530350276 
4.3 	 0.0919220829079368 
4.32 	 0.10006864072887084 
4.34 	 0.10960950241542282 
4.36 	 0.11955956572993039 
4.38 	 0.1312009630087428 
4.4 	 0.14303122741138868 
4.42 	 0.15682225628711705 
4.44 	 0.17038464409204265 
4.46 	 0.18608844980715897 
4.48 	 0.20095163090197418 
4.5 	 0.21798803238168235 
4.52 	 0.23346708117034126 
4.54 	 0.2509467398024679 
4.56 	 0.2662064128955794 
4.58 	 0.283037381332326 
4.6 	 0.2972086847559286 
4.62 	 0.31223100688339445 
4.64 	 0.3244930838477649 
4.66 	 0.336615473166936 
4.68 	 0.3462455874125323 
4.7 	 0.3545878685171982 
4.72 	 0.36102007461954566 
4.74 	 0.36506765016852927 
4.76 	 0.3679913605447181 
4.78 	 0.3677317783809396 
4.8 	 0.3672049989055403 
4.82 	 0.3631705985182913 
4.84 	 0.35966358917956553 
4.86 	 0.35281199252848294 
4.88 	 0.3471109758185047 
4.9 	 0.33857134400769284 
4.92 	 0.3315766240431701 
4.94 	 0.3223957238070914 
4.96 	 0.31493640780051807 
4.98 	 0.3059465038184251 
5.0 	 0.2986950622137392 
5.02 	 0.2905017343741911 
5.04 	 0.28396006104701627 
5.06 	 0.2769576695563963 
5.08 	 0.27144063540864516 
5.1 	 0.26579258256500876 
5.12 	 0.26138814575049724 
5.14 	 0.2569959912436339 
5.16 	 0.25354714253736943 
5.18 	 0.2500727268789123 
5.2 	 0.24722994012812752 
5.22 	 0.24420032876437586 
5.24 	 0.24154450401700792 
5.26 	 0.2385109839034589 
5.28 	 0.2357022938499646 
5.3 	 0.23239244211159696 
5.32 	 0.22928836250179396 
5.34 	 0.2256919253859847 
5.36 	 0.2223892589968338 
5.38 	 0.21874176236078663 
5.4 	 0.21552279606028107 
5.42 	 0.2121901852556221 
5.44 	 0.20939258804179714 
5.46 	 0.20670774630650277 
5.48 	 0.20457905965205747 
5.5 	 0.20270917050006065 
5.52 	 0.20131773503824754 
5.54 	 0.20022244836101702 
5.56 	 0.19946048968515578 
5.58 	 0.19894439278391168 
5.6 	 0.19860248418530624 
5.62 	 0.1984149580390549 
5.64 	 0.1982741541296798 
5.66 	 0.19819821040211616 
5.68 	 0.198093432893001 
5.7 	 0.19798950258511858 
5.72 	 0.19782880543928505 
5.74 	 0.1976348894840367 
5.76 	 0.19738833661138444 
5.78 	 0.19710053790883583 
5.8 	 0.1967827105522839 
5.82 	 0.1964389938222035 
5.84 	 0.1960987200263073 
5.86 	 0.19577030439080412 
5.88 	 0.1954829072941356 
5.9 	 0.1952611701297843 
5.92 	 0.19511034130316263 
5.94 	 0.19507832513472123 
5.96 	 0.19512411508396454 
5.98 	 0.19531857504006783 
6.0 	 0.19556489296907686 
6.02 	 0.19594972624572593 
6.04 	 0.19633179867080713 
6.06 	 0.19680168423301497 
6.08 	 0.19720418764566056 
6.1 	 0.19762043997539952 
6.12 	 0.19791967802800872 
6.14 	 0.19816316243782173 
6.16 	 0.19827527735917236 
6.18 	 0.19829473967259992 
6.2 	 0.19821154648943048 
6.22 	 0.19805012556624452 
6.24 	 0.1978512101541077 
6.26 	 0.1976439992590046 
6.28 	 0.1974833195829278 
6.3 	 0.19742973580353013 
6.32 	 0.19750343794758665 
6.34 	 0.19782519804782203 
6.36 	 0.19833063196648262 
6.38 	 0.1992249394182112 
6.4 	 0.2003165172708556 
6.42 	 0.20190586675587366 
6.44 	 0.2036463719908474 
6.46 	 0.20592138830682283 
6.48 	 0.20822839243353997 
6.5 	 0.21098874726843964 
6.52 	 0.21358882771304066 
6.54 	 0.21640568830206944 
6.56 	 0.21882267492438942 
6.58 	 0.22105667670603915 
6.6 	 0.22265901044268824 
6.62 	 0.22355804128988957 
6.64 	 0.22367438409785909 
6.66 	 0.2225504816844933 
6.68 	 0.22064330154607942 
6.7 	 0.21709705496789292 
6.72 	 0.21296166417187284 
6.74 	 0.2070855946886767 
6.76 	 0.20100649606537893 
6.78 	 0.19346371481272862 
6.8 	 0.18622629445261807 
6.82 	 0.1781111091142013 
6.84 	 0.1707966566486665 
6.86 	 0.16328821946199482 
6.88 	 0.15691059184439893 
6.9 	 0.15088221598000717 
6.92 	 0.14605944310047006 
6.94 	 0.14185439176035688 
6.96 	 0.13869243576319484 
6.98 	 0.136153361519219 
7.0 	 0.13435776958093298 
7.02 	 0.13302826548421437 
7.04 	 0.13212271303941397 
7.06 	 0.1314764258886169 
7.08 	 0.1309971968834839 
7.1 	 0.13059584085008683 
7.12 	 0.13019822153620408 
7.14 	 0.12975136407147728 
7.16 	 0.12922699074732918 
7.18 	 0.12857342875425304 
7.2 	 0.12781045117364542 
7.22 	 0.12686211028995092 
7.24 	 0.1257910896591448 
7.26 	 0.12448450512063906 
7.28 	 0.12304906851090212 
7.3 	 0.12133761307349969 
7.32 	 0.11951045309614773 
7.34 	 0.11740433114497856 
7.36 	 0.11524147850772737 
7.38 	 0.11287289672071106 
7.4 	 0.11057476226518324 
7.42 	 0.10824721505487984 
7.44 	 0.10618530782737425 
7.46 	 0.1043677707541722 
7.48 	 0.10304632022858899 
7.5 	 0.10229545805703594 
7.52 	 0.10224490077777103 
7.54 	 0.10307181702839698 
7.56 	 0.10470470490038204 
7.58 	 0.10743022621214347 
7.6 	 0.11091119961299628 
7.62 	 0.11555952911040057 
7.64 	 0.12073624628147163 
7.66 	 0.12699907225076718 
7.68 	 0.1334138669897934 
7.7 	 0.14068885306108714 
7.72 	 0.14765890853772892 
7.74 	 0.1551445033127819 
7.76 	 0.161879150852385 
7.78 	 0.16870025956627585 
7.8 	 0.1744244531182539 
7.82 	 0.17976821657449976 
7.84 	 0.18383500645019568 
7.86 	 0.18708303366005666 
7.88 	 0.1890706389164206 
7.9 	 0.18991342891947097 
7.92 	 0.18970177751866366 
7.94 	 0.1882105625537471 
7.96 	 0.18601799927303614 
7.98 	 0.18264046187724503 
8.0 	 0.1789909903690594 
8.02 	 0.1744502530248646 
8.04 	 0.17005782138957773 
8.06 	 0.16517522266144322 
8.08 	 0.1607741743287431 
8.1 	 0.15627927403898792 
8.12 	 0.15246433513085805 
8.14 	 0.14886056362961692 
8.16 	 0.14599106542200094 
8.18 	 0.1435067456556056 
8.2 	 0.1416878294388722 
8.22 	 0.14029713329081783 
8.24 	 0.13941570001703282 
8.26 	 0.1388965373027683 
8.28 	 0.1386828625096067 
8.3 	 0.13868682541743804 
8.32 	 0.1387827557016306 
8.34 	 0.13890522200317337 
8.36 	 0.13892936864145444 
8.38 	 0.13877427642542722 
8.4 	 0.13837906538337416 
8.42 	 0.1376147504829612 
8.44 	 0.13653288308550895 
8.46 	 0.1349368295561526 
8.48 	 0.13301688127178593 
8.5 	 0.13050792394573413 
8.52 	 0.12773830829841804 
8.54 	 0.12439262574156816 
8.56 	 0.1209090677659419 
8.58 	 0.11695238828794348 
8.6 	 0.11302008936721741 
8.62 	 0.1087884892702713 
8.64 	 0.10475301732719489 
8.66 	 0.10062388526736958 
8.68 	 0.0968377761325458 
8.7 	 0.09314889868170474 
8.72 	 0.08989763386018115 
8.74 	 0.08688445284396351 
8.76 	 0.08434207566762016 
8.78 	 0.08211875376697941 
8.8 	 0.08035100185128338 
8.82 	 0.0789395187825378 
8.84 	 0.07794710404157154 
8.86 	 0.0773332869301515 
8.88 	 0.07710627150956402 
8.9 	 0.07728805673510104 
8.92 	 0.07783733381531305 
8.94 	 0.07883610653799918 
8.96 	 0.08018234512616813 
8.98 	 0.0820102447410364 
9.0 	 0.08413715069797617 
9.02 	 0.08674092734853993 
9.04 	 0.08954396004336031 
9.06 	 0.0927631939141141 
9.08 	 0.096030864257736 
9.1 	 0.09960257407170812 
9.12 	 0.10304939052589855 
9.14 	 0.10666500210802868 
9.16 	 0.11000530516445957 
9.18 	 0.1133971796848333 
9.2 	 0.11642770644695533 
9.22 	 0.1194480588686882 
9.24 	 0.12210462077940143 
9.26 	 0.12476437412520625 
9.28 	 0.1271311860528658 
9.3 	 0.12958464144410325 
9.32 	 0.13185513407584248 
9.34 	 0.1343395370637908 
9.36 	 0.13674698809528424 
9.38 	 0.13950422191458148 
9.4 	 0.14225125120275697 
9.42 	 0.14546289848426644 
9.44 	 0.14867494983062465 
9.46 	 0.15242985768077436 
9.48 	 0.15614166467424642 
9.5 	 0.16043548180899053 
9.52 	 0.1646020399089826 
9.54 	 0.16935380824846466 
9.56 	 0.1738692315195839 
9.58 	 0.17893825860646684 
9.6 	 0.1836497574262722 
9.62 	 0.18884475858314287 
9.64 	 0.1935595601439116 
9.66 	 0.19864386431908634 
9.68 	 0.2031361757410465 
9.7 	 0.20783973003143716 
9.72 	 0.21186707312401679 
9.74 	 0.21591388537745332 
9.76 	 0.21924659721279655 
9.78 	 0.2223966515391876 
9.8 	 0.22485517335427177 
9.82 	 0.2269491283203724 
9.84 	 0.22843721361417377 
9.86 	 0.22942821001911268 
9.88 	 0.22995148441854682 
9.9 	 0.2299156297927695 
9.92 	 0.2295845164463115 
9.94 	 0.22871598014130312 
9.96 	 0.2277425749466625 
9.98 	 0.22634694741472391 
10.0 	 0.22504405225200783 
10.02 	 0.22353160431172872 
10.04 	 0.22230321900800204 
10.06 	 0.22115808907164583 
10.08 	 0.22045058373203935 
10.1 	 0.2201427986878906 
10.12 	 0.22033569178145287 
10.14 	 0.22117647707133234 
10.16 	 0.22244026206100506 
10.18 	 0.22443942826260266 
10.2 	 0.22663495483143423 
10.22 	 0.22944438731089636 
10.24 	 0.2321298178872042 
10.26 	 0.2351170300032275 
10.28 	 0.23766711930592405 
10.3 	 0.24009433518563295 
10.32 	 0.2418820763759712 
10.34 	 0.2431261647643711 
10.36 	 0.24370653942565543 
10.38 	 0.2434534929635123 
10.4 	 0.24270346103380347 
10.42 	 0.24106226037484843 
10.44 	 0.23923980964627686 
10.46 	 0.2367342995225537 
10.48 	 0.23442736515206586 
10.5 	 0.23185733263074118 
10.52 	 0.22982557657273198 
10.54 	 0.22804260326421552 
10.56 	 0.22700588543841 
10.58 	 0.2266885568036677 
10.6 	 0.22714063953438887 
10.62 	 0.22863895958897515 
10.64 	 0.230737982657776 
10.66 	 0.23400545025684277 
10.68 	 0.23754599842029422 
10.7 	 0.24214220614694018 
10.72 	 0.2465901244662526 
10.74 	 0.2517369610197301 
10.76 	 0.2563094652643993 
10.78 	 0.26099748179418364 
10.8 	 0.2647778861369372 
10.82 	 0.2679250928171262 
10.84 	 0.27000796701436974 
10.86 	 0.2706696274720553 
10.88 	 0.2703385305694208 
10.9 	 0.26795018049086916 
10.92 	 0.26487904707223403 
10.94 	 0.25947344497505165 
10.96 	 0.25389333193662894 
10.98 	 0.2461770642897658 
11.0 	 0.2388901967846902 
11.02 	 0.23006806211422987 
11.04 	 0.22221743469425345 
11.06 	 0.21358502453170702 
11.08 	 0.20625174777344146 
11.1 	 0.19876410169088402 
11.12 	 0.19262435752821233 
11.14 	 0.18668192395645103 
11.16 	 0.1819094361439774 
11.18 	 0.17742278443439488 
11.2 	 0.17381714829448175 
11.22 	 0.17041933231234133 
11.24 	 0.16760685929048716 
11.26 	 0.16485131994472343 
11.28 	 0.1624344148665771 
11.3 	 0.15990639948118376 
11.32 	 0.15753400139865906 
11.34 	 0.15489239441659725 
11.36 	 0.15228587694788714 
11.38 	 0.14928231323035368 
11.4 	 0.14625623122397372 
11.42 	 0.14276022011420259 
11.44 	 0.13925043299924822 
11.46 	 0.13527604753624606 
11.48 	 0.13135974290722882 
11.5 	 0.12706878601176244 
11.52 	 0.12295152689356129 
11.54 	 0.11861284800093798 
11.56 	 0.11457224400393874 
11.58 	 0.11048276599093386 
11.6 	 0.1067864763968567 
11.62 	 0.10318686393318449 
11.64 	 0.10002241165503886 
11.66 	 0.0970462491550802 
11.68 	 0.09449373500849384 
11.7 	 0.0921674130675088 
11.72 	 0.0902180037275683 
11.74 	 0.08849709499737696 
11.76 	 0.0870936030783888 
11.78 	 0.08590483832491956 
11.8 	 0.08497512097567954 
11.82 	 0.08423992451299826 
11.84 	 0.08370836343388915 
11.86 	 0.08334380811355638 
11.88 	 0.08312561220863247 
11.9 	 0.08303496382202091 
11.92 	 0.08302820363959891 
11.94 	 0.08309650468931355 
11.96 	 0.08318394763522068 
11.98 	 0.08328644110961354 
12.0 	 0.08334967641958717 
12.02 	 0.08337104060407656 
12.04 	 0.08331170526320163 
12.06 	 0.08316895065133016 
12.08 	 0.08292981734671843 
12.1 	 0.0825917791988977 
12.12 	 0.08217187809245266 
12.14 	 0.0816699524223106 
12.16 	 0.08112920832845273 
12.18 	 0.08055488258100472 
12.2 	 0.08000431493575967 
12.22 	 0.0794902809197278 
12.24 	 0.07906603780969158 
12.26 	 0.07875189555073937 
12.28 	 0.07857721573477112 
12.3 	 0.07856809123176328 
12.32 	 0.0787147564782931 
12.34 	 0.07904743775883472 
12.36 	 0.0795120268417235 
12.38 	 0.08014315405121888 
12.4 	 0.08084941607762583 
12.42 	 0.08167255192328382 
12.44 	 0.08250114007609673 
12.46 	 0.08338859102211973 
12.48 	 0.08422531554657252 
12.5 	 0.08508237419739806 
12.52 	 0.08587082778929887 
12.54 	 0.08668707349121643 
12.56 	 0.08747081859536918 
12.58 	 0.08835340726013736 
12.6 	 0.08929397596760823 
12.62 	 0.09046932602549121 
12.64 	 0.09182827960410646 
12.66 	 0.09360258480442675 
12.68 	 0.09568225304777998 
12.7 	 0.09836184251457729 
12.72 	 0.10141385619651017 
12.74 	 0.10520411665770278 
12.76 	 0.10933384532194469 
12.78 	 0.11425158689970825 
12.8 	 0.11935675172194875 
12.82 	 0.12519170957313588 
12.84 	 0.13096239765611176 
12.86 	 0.13730393658728585 
12.88 	 0.14328294633727415 
12.9 	 0.1495998201591203 
12.92 	 0.15527637206972597 
12.94 	 0.1610190665828836 
12.96 	 0.1659218647111348 
12.98 	 0.1706168104432542 
13.0 	 0.17438352384447883 
13.02 	 0.17770074075610284 
13.04 	 0.1801180900461585 
13.06 	 0.18190876404822928 
13.08 	 0.18293013968111305 
13.1 	 0.18324128916946059 
13.12 	 0.18299287629845734 
13.14 	 0.18206823077235154 
13.16 	 0.18084873029708753 
13.18 	 0.1791159962938408 
13.2 	 0.1773809706486022 
13.22 	 0.17541079035684787 
13.24 	 0.17372004234201646 
13.26 	 0.1721365254333414 
13.28 	 0.1710483998164393 
13.3 	 0.17039039560881936 
13.32 	 0.17031827963979282 
13.34 	 0.170888763518458 
13.36 	 0.17197286261986658 
13.38 	 0.17373904322113415 
13.4 	 0.17579404320159575 
13.42 	 0.17838512802473674 
13.44 	 0.18094857916857007 
13.46 	 0.1837520277775342 
13.48 	 0.18620929115278856 
13.5 	 0.18852761997228212 
13.52 	 0.19026547939174027 
13.54 	 0.19148591384139985 
13.56 	 0.19203385921579585 
13.58 	 0.19177153036662872 
13.6 	 0.1909043252584929 
13.62 	 0.1890870591706816 
13.64 	 0.1868672189987182 
13.66 	 0.18373480894714123 
13.68 	 0.18047637139440878 
13.7 	 0.17648529225197798 
13.72 	 0.1726404694975417 
13.74 	 0.1683042811401353 
13.76 	 0.16431359233845094 
13.78 	 0.1600475452153396 
13.8 	 0.15622081201514834 
13.82 	 0.15225895783589996 
13.84 	 0.1487371501493019 
13.86 	 0.1451443282352031 
13.88 	 0.14194095216352692 
13.9 	 0.13868763303568551 
13.92 	 0.13576676185835507 
13.94 	 0.13281281527944067 
13.96 	 0.13015691706208019 
13.98 	 0.12750660132809852 
14.0 	 0.1251517704587433 
14.02 	 0.1228730600323625 
14.04 	 0.12091572573345445 
14.06 	 0.11913719010774172 
14.08 	 0.11772623556405545 
14.1 	 0.11662412505528426 
14.12 	 0.11594441897820724 
14.14 	 0.11571926932707134 
14.16 	 0.11596026798720213 
14.18 	 0.1167936926090482 
14.2 	 0.11809629328954574 
14.22 	 0.12008677168037969 
14.24 	 0.12247721919895194 
14.26 	 0.1255733627325395 
14.28 	 0.12891101948235115 
14.3 	 0.13287296979917912 
14.32 	 0.13683980040909188 
14.34 	 0.14125028108703042 
14.36 	 0.14538998966360966 
14.38 	 0.14971270448374918 
14.4 	 0.15350336528806052 
14.42 	 0.15716770708418765 
14.44 	 0.1601027732443658 
14.46 	 0.16259244005628629 
14.48 	 0.16425417279344642 
14.5 	 0.16518867734214815 
14.52 	 0.16531298243108697 
14.54 	 0.16452162209950993 
14.56 	 0.16305965373368284 
14.58 	 0.1606462556356342 
14.6 	 0.15781892161938121 
14.62 	 0.15420072358804293 
14.64 	 0.15052133909635668 
14.66 	 0.1464076440354116 
14.68 	 0.1426326271934262 
14.7 	 0.13891071947296674 
14.72 	 0.1358933293250068 
14.74 	 0.13342780812032726 
14.76 	 0.13190368809554218 
14.78 	 0.1313149482049145 
14.8 	 0.13170581284930813 
14.82 	 0.13322274927939717 
14.84 	 0.1355485921994418 
14.86 	 0.13899404789225175 
14.88 	 0.14292166294458528 
14.9 	 0.14781459713461073 
14.92 	 0.15279530265066021 
14.94 	 0.1585032398062585 
14.96 	 0.16392426800683627 
14.98 	 0.16980104890970463 
15.0 	 0.17509718878075994 
15.02 	 0.18057302305607864 
15.04 	 0.1852830495957678 
15.06 	 0.18990453035148316 
15.08 	 0.19368283587850826 
15.1 	 0.19711667086544815 
15.12 	 0.19971962124943854 
15.14 	 0.20173848825200547 
15.16 	 0.20300472344953358 
15.18 	 0.20347323125208366 
15.2 	 0.20331380325245818 
15.22 	 0.2021892266108259 
15.24 	 0.2005980227863286 
15.26 	 0.1979523486311733 
15.28 	 0.19503713446509263 
15.3 	 0.1910921798177892 
15.32 	 0.1871108830045741 
15.34 	 0.18226062272898763 
15.36 	 0.17763232531223822 
15.38 	 0.1724184025314276 
15.4 	 0.1676781583998686 
15.42 	 0.16270049775143208 
15.44 	 0.1583933180266654 
15.46 	 0.1541775259748013 
15.48 	 0.15072945473059068 
15.5 	 0.14760881888887406 
15.52 	 0.14523663978595533 
15.54 	 0.1433037159685091 
15.56 	 0.14200259429278297 
15.58 	 0.1411410514756693 
15.6 	 0.14073838777202274 
15.62 	 0.14069817334612597 
15.64 	 0.14092712561035342 
15.66 	 0.1413931473936301 
15.68 	 0.1419449018117749 
15.7 	 0.1425734392969037 
15.72 	 0.14311915492913233 
15.74 	 0.1435509340470496 
15.76 	 0.1437527687730922 
15.78 	 0.14363058820031183 
15.8 	 0.1431677585751296 
15.82 	 0.14218027552882453 
15.84 	 0.14080127451132712 
15.86 	 0.13875116602924273 
15.88 	 0.13634000819124004 
15.9 	 0.13321059635946253 
15.92 	 0.12983764159687528 
15.94 	 0.12582188494004598 
15.96 	 0.1217481909137036 
15.98 	 0.1172153798441218 
16.0 	 0.11283725174651718 
16.02 	 0.10824248877789007 
16.04 	 0.10399305999701139 
16.06 	 0.09976528441456273 
16.08 	 0.09601312785625371 
16.1 	 0.09246648057473918 
16.12 	 0.08944902759964163 
16.14 	 0.08674318670970954 
16.16 	 0.08454802757682682 
16.18 	 0.08269374379679449 
16.2 	 0.08127599761758796 
16.22 	 0.08016566410187938 
16.24 	 0.07938176132451724 
16.26 	 0.07882729441171707 
16.28 	 0.0784723179956941 
16.3 	 0.07824299095426701 
16.32 	 0.07808764228883963 
16.34 	 0.07794714042599961 
16.36 	 0.07777365407384677 
16.38 	 0.07751554052625022 
16.4 	 0.07715006158720765 
16.42 	 0.0766275078604217 
16.44 	 0.07596368145352723 
16.46 	 0.0751070810935169 
16.48 	 0.07411519331905772 
16.5 	 0.0729327159072905 
16.52 	 0.0716519759768115 
16.54 	 0.07021341157404395 
16.56 	 0.06873087556779314 
16.58 	 0.06714164439578225 
16.6 	 0.06556638989831343 
16.62 	 0.06394180207498215 
16.64 	 0.0623832353691461 
16.66 	 0.06083010120293754 
16.68 	 0.05938410250537278 
16.7 	 0.05799000960917963 
16.72 	 0.05673056473578675 
16.74 	 0.05555680484798668 
16.76 	 0.0545294946817507 
16.78 	 0.05360542951469038 
16.8 	 0.052823072123229516 
16.82 	 0.052144440517137 
16.84 	 0.05158864940322017 
16.86 	 0.05112329588912429 
16.88 	 0.05075354109243808 
16.9 	 0.050453168799910623 
16.92 	 0.05021890016417925 
16.94 	 0.05003010522704344 
16.96 	 0.04987881801390012 
16.98 	 0.04974781009210882 
17.0 	 0.04962689291862184 
17.02 	 0.049500137807403706 
17.04 	 0.04935868304961744 
17.06 	 0.04918833117126554 
17.08 	 0.048987589904183566 
17.1 	 0.04874767773719336 
17.12 	 0.048480825437570714 
17.14 	 0.04818818598358191 
17.16 	 0.0478971355622945 
17.18 	 0.04761980062318814 
17.2 	 0.047390846819095056 
17.22 	 0.047228016230225205 
17.24 	 0.047157120057993586 
17.26 	 0.04719110077580658 
17.28 	 0.047329855374601285 
17.3 	 0.047571361574510994 
17.32 	 0.047881523002435665 
17.34 	 0.0482389105079007 
17.36 	 0.04858255790794996 
17.38 	 0.04887447929477321 
17.4 	 0.04904774650172226 
17.42 	 0.049055093300402294 
17.44 	 0.048850043101649095 
17.46 	 0.04838341151541402 
17.48 	 0.0476503706701055 
17.5 	 0.04660449768329149 
17.52 	 0.04529063838470974 
17.54 	 0.043666737348287986 
17.56 	 0.04182044162976243 
17.58 	 0.03971374925776476 
17.6 	 0.03745999012828811 
17.62 	 0.03502462104175986 
17.64 	 0.03252713118042846 
17.66 	 0.029936780771129344 
17.68 	 0.02736384324855712 
17.7 	 0.024782721985712693 
17.72 	 0.022285735014224938 
17.74 	 0.019853589920804614 
17.76 	 0.017557373261673285 
17.78 	 0.015383647158899083 
17.8 	 0.013382067513522715 
17.82 	 0.011542616810147491 
17.84 	 0.00989490097437581 
17.86 	 0.008429054030438296 
17.88 	 0.007157381665164907 
17.9 	 0.006067921603896067 
17.92 	 0.005159968358850384 
17.94 	 0.0044194436763562725 
17.96 	 0.003838057074523772 
17.98 	 0.003401611966887653 
18.0 	 0.003099636049741166 
18.02 	 0.0029204768889629375 
18.04 	 0.0028554439126736004 
18.06 	 0.0028971621297898386 
18.08 	 0.0030402152190790867 
18.1 	 0.0032812915150648068 
18.12 	 0.0036170048999638114 
18.14 	 0.004045864788508106 
18.16 	 0.0045631089593029745 
18.18 	 0.00516560139413433 
18.2 	 0.005842943369846029 
18.22 	 0.0065870484715878225 
18.24 	 0.007378571665141523 
18.26 	 0.008202827427368829 
18.28 	 0.00903100876456078 
18.3 	 0.009842856491883743 
18.32 	 0.010603534957384558 
18.34 	 0.011290945051579808 
18.36 	 0.011871295767789216 
18.38 	 0.012325996622648036 
18.4 	 0.012630925783148816 
18.42 	 0.012776099997101975 
18.44 	 0.01275397651085563 
18.46 	 0.012566106004965797 
18.48 	 0.012223752939036468 
18.5 	 0.01173956076742419 
18.52 	 0.011140088679030257 
18.54 	 0.010445358809080964 
18.56 	 0.00968950171244538 
18.58 	 0.008894370164557292 
18.6 	 0.008093016568805487 
18.62 	 0.007303879794033339 
18.64 	 0.00655254861007256 
18.66 	 0.005850851852598628 
18.68 	 0.0052143102125031615 
18.7 	 0.004647524051424571 
18.72 	 0.004156656914206221 
18.74 	 0.003740365264437939 
18.76 	 0.003397906276275822 
18.78 	 0.0031240078652767346 
18.8 	 0.0029136889355657366 
18.82 	 0.002759580562478158 
18.84 	 0.0026545381330507095 
18.86 	 0.002590398289882288 
18.88 	 0.002559228243672721 
18.9 	 0.0025529264510012113 
18.92 	 0.002563689305290401 
18.94 	 0.002584100162316096 
18.96 	 0.002607194839740867 
18.98 	 0.0026267696788030035 
19.0 	 0.002637312046000709 
19.02 	 0.002634281692527115 
19.04 	 0.002614106878964631 
19.06 	 0.0025742257675725553 
19.08 	 0.0025132862688045637 
19.1 	 0.0024308082920182733 
19.12 	 0.0023276415269151652 
19.14 	 0.002205220726509585 
19.16 	 0.002066241932636007 
19.18 	 0.001913601593638674 
19.2 	 0.0017511823816316325 
19.22 	 0.001582653912058808 
19.24 	 0.0014122423786530993 
19.26 	 0.0012435966606134587 
19.28 	 0.0010804511614311634 
19.3 	 0.000925720938840845 
19.32 	 0.0007820257535847301 
19.34 	 0.0006510932012443909 
19.36 	 0.0005341584606109605 
19.38 	 0.00043166260138138965 
19.4 	 0.0003435583510552622 
19.42 	 0.0002692259443003103 
19.44 	 0.00020770657819367593 
19.46 	 0.00015773622875051677 
19.48 	 0.0001179143446658947 
19.5 	 8.677152294057581e-05 
19.52 	 6.287564872877415e-05 
19.54 	 4.488365154425194e-05 
19.56 	 3.1592062791894126e-05 
19.58 	 2.195685975103715e-05 
19.6 	 1.5103009667772963e-05 
19.62 	 1.0318044900215882e-05 
19.64 	 7.038575942013667e-06 
19.66 	 4.830855354256452e-06 
19.68 	 3.3696838938372616e-06 
19.7 	 2.417343203442117e-06 
19.72 	 1.8043710767611105e-06 
19.74 	 1.4129036432017546e-06 
19.76 	 1.1629676542370349e-06 
19.78 	 1.0016365916424977e-06 
19.8 	 8.947716471844115e-07 
19.82 	 8.209337602606892e-07 
19.84 	 7.670352131493273e-07 
19.86 	 7.253223360548281e-07 
19.88 	 6.913415516037835e-07 
19.9 	 6.626071073377549e-07 
19.92 	 6.377556057879243e-07 
19.94 	 6.160283241500498e-07 
19.96 	 5.969684111886656e-07 
19.98 	 5.80254074163665e-07 
20.0 	 5.656145065119752e-07 
20.02 	 5.527929612669038e-07 
20.04 	 5.415343642467256e-07 
20.06 	 5.315835582548656e-07 
20.08 	 5.22686760712216e-07 
20.1 	 5.14592973449168e-07 
20.12 	 5.070550653859126e-07 
20.14 	 4.998317203925328e-07 
20.16 	 4.926921619077798e-07 
20.18 	 4.8542527642183e-07 
20.2 	 4.778541396229209e-07 
20.22 	 4.6985588523302777e-07 
20.24 	 4.613860190233505e-07 
20.26 	 4.5250555698137274e-07 
20.28 	 4.4340932709422656e-07 
20.3 	 4.34454119840925e-07 
20.32 	 4.2618646945088404e-07 
20.34 	 4.1937114139502497e-07 
20.36 	 4.1502306449526675e-07 
20.38 	 4.144467989415563e-07 
20.4 	 4.192887365030746e-07 
20.42 	 4.316075127190885e-07 
20.44 	 4.539674996139507e-07 
20.46 	 4.895584833165285e-07 
20.48 	 5.423412859360788e-07 
20.5 	 6.17214574133176e-07 
20.52 	 7.201913101265116e-07 
20.54 	 8.585663336161933e-07 
20.56 	 1.041047069118373e-06 
20.58 	 1.2778134062112064e-06 
20.6 	 1.580464554419556e-06 
20.62 	 1.9618146479340998e-06 
20.64 	 2.4354982283965153e-06 
20.66 	 3.0153737407989655e-06 
20.68 	 3.714721166010193e-06 
20.7 	 4.545290801542713e-06 
20.72 	 5.516258562173234e-06 
20.74 	 6.633240147821842e-06 
20.76 	 7.897457297469014e-06 
20.78 	 9.305281074084175e-06 
20.8 	 1.0848190873439237e-05 
20.82 	 1.2513371511175214e-05 
20.84 	 1.4284795830089744e-05 
20.86 	 1.614493689806446e-05 
20.88 	 1.807667017250259e-05 
20.9 	 2.006544037857713e-05 
20.92 	 2.2101000680150927e-05 
20.94 	 2.4178870865393014e-05 
20.96 	 2.6300739122869773e-05 
20.98 	 2.8474245936539416e-05 
21.0 	 3.071147921173566e-05 
21.02 	 3.302706849908818e-05 
21.04 	 3.5435345768004874e-05 
21.06 	 3.794788262410564e-05 
21.08 	 4.057080737307758e-05 
21.1 	 4.3303433510214504e-05 
21.12 	 4.613720117290148e-05 
21.14 	 4.9056471705866715e-05 
21.16 	 5.203953113377645e-05 
21.18 	 5.506131146120423e-05 
21.2 	 5.809557069686932e-05 
21.22 	 6.11181909057762e-05 
21.24 	 6.410900405924283e-05 
21.26 	 6.705421453876181e-05 
21.28 	 6.994681886267822e-05 
21.3 	 7.278761990022682e-05 
21.32 	 7.55843537520127e-05 
21.34 	 7.835193328212005e-05 
21.36 	 8.111131093655611e-05 
21.38 	 8.389011775546748e-05 
21.4 	 8.67223038025634e-05 
21.42 	 8.964992808210819e-05 
21.44 	 9.272382752534792e-05 
21.46 	 9.600639175130458e-05 
21.48 	 9.957253351082001e-05 
21.5 	 0.00010351249914222451 
21.52 	 0.00010793175590265357 
21.54 	 0.00011295255202138773 
21.56 	 0.00011871106476758504 
21.58 	 0.00012535647273072945 
21.6 	 0.00013304372059590625 
21.62 	 0.00014192932918371737 
21.64 	 0.00015215862707252135 
21.66 	 0.00016385878799698091 
21.68 	 0.00017712080297927981 
21.7 	 0.00019199258160520756 
21.72 	 0.00020845826036548597 
21.74 	 0.0002264369320720299 
21.76 	 0.0002457639577327737 
21.78 	 0.00026620208606750897 
21.8 	 0.00028742944303330846 
21.82 	 0.00030906752528467264 
21.84 	 0.00033067757777728617 
21.86 	 0.0003518041285672684 
21.88 	 0.0003719768447000206 
21.9 	 0.00039076157381157724 
21.92 	 0.0004077614779096481 
21.94 	 0.0004226638271405163 
21.96 	 0.0004352345877714374 
21.98 	 0.0004453506938792382 
22.0 	 0.00045298599915118186 
22.02 	 0.0004582243544446112 
22.04 	 0.0004612392968654552 
22.06 	 0.0004622896950122509 
22.08 	 0.00046169808498066614 
22.1 	 0.0004598349826480725 
22.12 	 0.00045710054988934066 
22.14 	 0.00045390490250737676 
22.16 	 0.00045065564766032164 
22.18 	 0.00044774020819911113 
22.2 	 0.0004455189879684764 
22.22 	 0.0004443131053198883 
22.24 	 0.0004444005773526797 
22.26 	 0.0004460103721137367 
22.28 	 0.0004493180212251894 
22.3 	 0.00045444594603771213 
22.32 	 0.0004614559052621602 
22.34 	 0.00047035651626232435 
22.36 	 0.00048109233792020557 
22.38 	 0.0004935611453587786 
22.4 	 0.000507601477452095 
22.42 	 0.0005230225133099103 
22.44 	 0.0005395920246141912 
22.46 	 0.0005570796759226105 
22.48 	 0.0005752454776529931 
22.5 	 0.0005938938520156653 
22.52 	 0.0006128600408272485 
22.54 	 0.0006320690738257209 
22.56 	 0.0006515151493753774 
22.58 	 0.0006713180343586068 
22.6 	 0.0006916885010088842 
22.62 	 0.0007129754063275855 
22.64 	 0.0007356090881320892 
22.66 	 0.0007601360197244166 
22.68 	 0.0007871324372645744 
22.7 	 0.0008172304681248136 
22.72 	 0.0008509970855453767 
22.74 	 0.0008889654726508577 
22.76 	 0.0009314797281458555 
22.78 	 0.0009787556769320918 
22.8 	 0.001030698117113353 
22.82 	 0.0010870217207636366 
22.84 	 0.0011470521725560215 
22.86 	 0.0012099339202470037 
22.88 	 0.0012744264959935992 
22.9 	 0.0013392069721985013 
22.92 	 0.0014026678929830014 
22.94 	 0.0014632907571820249 
22.96 	 0.001519446409640702 
22.98 	 0.0015697841072463085 
23.0 	 0.0016130350283613036 
23.02 	 0.0016483466752871237 
23.04 	 0.001675097748573 
23.06 	 0.0016931198599035675 
23.08 	 0.001702542264926287 
23.1 	 0.0017038763947515006 
23.12 	 0.0016979123721679952 
23.14 	 0.0016856790116529141 
23.16 	 0.0016684051730128542 
23.18 	 0.0016473923545449456 
23.2 	 0.00162403681823134 
23.22 	 0.0015996592474619578 
23.24 	 0.001575568641080228 
23.26 	 0.0015528896006025818 
23.28 	 0.0015326440452356827 
23.3 	 0.001515608595641622 
23.32 	 0.0015023944540028197 
23.34 	 0.0014933573200730586 
23.36 	 0.001488662535946844 
23.38 	 0.0014882573678720134 
23.4 	 0.0014919124411041965 
23.42 	 0.0014992524568732011 
23.44 	 0.0015097667020486255 
23.46 	 0.0015228838983940608 
23.48 	 0.001537948376685151 
23.5 	 0.00155432160152414 
23.52 	 0.001571328299847801 
23.54 	 0.0015883701944855709 
23.56 	 0.0016048544242168495 
23.58 	 0.001620308668048911 
23.6 	 0.0016343066354816223 
23.62 	 0.0016465735813637238 
23.64 	 0.0016569182971053376 
23.66 	 0.0016653156360030576 
23.68 	 0.0016718458261109717 
23.7 	 0.0016767426268800136 
23.72 	 0.0016803360960654136 
23.74 	 0.0016830654586719282 
23.76 	 0.0016854231340278235 
23.78 	 0.0016879459378848986 
23.8 	 0.0016911614050076102 
23.82 	 0.001695579832473214 
23.84 	 0.0017016425274795845 
23.86 	 0.0017097350908422866 
23.88 	 0.001720131304692672 
23.9 	 0.0017330393556516017 
23.92 	 0.001748531153081105 
23.94 	 0.0017666265029621737 
23.96 	 0.0017872006012181643 
23.98 	 0.0018101094592593591 
24.0 	 0.0018350752264549067 
24.02 	 0.001861854575522566 
24.04 	 0.0018901049515799339 
24.06 	 0.001919591129788238 
24.08 	 0.0019500320217421246 
24.1 	 0.0019813315873838952 
24.12 	 0.002013399150485387 
24.14 	 0.002046387255655857 
24.16 	 0.002080474184627994 
24.18 	 0.0021160984256508486 
24.2 	 0.0021536916473220754 
24.22 	 0.002193914897315476 
24.24 	 0.00223733113203752 
24.26 	 0.002284665495914115 
24.28 	 0.0023364070412033463 
24.3 	 0.0023931291749483365 
24.32 	 0.0024550120976109127 
24.34 	 0.0025222666349176484 
24.36 	 0.0025945739931011523 
24.38 	 0.0026716526595208364 
24.4 	 0.002752618717859616 
24.42 	 0.0028367161032777977 
24.44 	 0.002922605353183222 
24.46 	 0.0030092419060340435 
24.48 	 0.003095103088498453 
24.5 	 0.003179158142041127 
24.52 	 0.0032600462712703776 
24.54 	 0.00333705499829764 
24.56 	 0.0034092699318439062 
24.58 	 0.003476480453572728 
24.6 	 0.00353833266693212 
24.62 	 0.00359511323596647 
24.64 	 0.003646943847104525 
24.66 	 0.0036944388662019795 
24.68 	 0.003737976502587392 
24.7 	 0.0037782617330145776 
24.72 	 0.003815695247005053 
24.74 	 0.0038508846885170695 
24.76 	 0.0038841110919928404 
24.78 	 0.003915817984363987 
24.8 	 0.00394615298756837 
24.82 	 0.003975439204327526 
24.84 	 0.004003756079107668 
24.86 	 0.004031381542134632 
24.88 	 0.004058379850709018 
24.9 	 0.004085009835691349 
24.92 	 0.004111308412890232 
24.94 	 0.004137483046512739 
24.96 	 0.004163503406525643 
24.98 	 0.004189510180070476 
25.0 	 0.004215432700438724 
25.02 	 0.004241432300272141 
25.04 	 0.004267541973212343 
25.06 	 0.004294130228382131 
25.08 	 0.004321524904017992 
25.1 	 0.00435046766846246 
25.12 	 0.004381664244874737 
25.14 	 0.004416227417884696 
25.16 	 0.004455102365975725 
25.18 	 0.0044995568072109735 
25.2 	 0.004550449273299337 
25.22 	 0.0046088761718949284 
25.24 	 0.0046752585482267095 
25.26 	 0.004750259978676147 
25.28 	 0.004833655830394763 
25.3 	 0.00492559337283806 
25.32 	 0.005025194798645142 
25.34 	 0.005132175021270776 
25.36 	 0.005245140738381684 
25.38 	 0.005363543406500574 
25.4 	 0.005485675725157072 
25.42 	 0.005610919410138308 
25.44 	 0.005737484945902378 
25.46 	 0.005864897041637686 
25.48 	 0.005991545272084789 
25.5 	 0.006117325976154796 
25.52 	 0.006241062816862223 
25.54 	 0.006363211633769425 
25.56 	 0.006483186176313268 
25.58 	 0.006602060169628277 
25.6 	 0.00671981117041799 
25.62 	 0.006838023814981299 
25.64 	 0.006957042829403333 
25.66 	 0.00707875909479906 
25.68 	 0.0072036274633941865 
25.7 	 0.0073336627921121176 
25.72 	 0.007469224969626642 
25.74 	 0.007612357198957138 
25.76 	 0.007763186815139756 
25.78 	 0.007923730372112421 
25.8 	 0.008093731036330746 
25.82 	 0.00827506385572366 
25.84 	 0.008466842905034093 
25.86 	 0.008670582435039981 
25.88 	 0.008884454739492351 
25.9 	 0.009109362280736688 
25.92 	 0.009342298926843622 
25.94 	 0.009583423934479817 
25.96 	 0.009828568787816664 
25.98 	 0.01007726293852491 
26.0 	 0.010324533774807283 
26.02 	 0.01056964523686006 
26.04 	 0.010807450854318622 
26.06 	 0.01103743354788622 
26.08 	 0.011254970727651394 
26.1 	 0.011460177168639939 
26.12 	 0.011649497930790833 
26.14 	 0.01182389337677575 
26.16 	 0.011981160414932112 
26.18 	 0.012123138637904466 
26.2 	 0.012249051697770436 
26.22 	 0.012361595240793334 
26.24 	 0.012461387740741656 
26.26 	 0.012551976818785913 
26.28 	 0.012635227584885023 
26.3 	 0.012715457567989833 
26.32 	 0.012795343466795185 
26.34 	 0.012879595704066013 
26.36 	 0.012970817613024445 
26.38 	 0.01307334184402572 
26.4 	 0.013188481876939087 
26.42 	 0.013319269811314174 
26.44 	 0.013464683582982698 
26.46 	 0.013625911689814994 
26.48 	 0.013799352877022915 
26.5 	 0.013984644696198877 
26.52 	 0.014176447027504438 
26.54 	 0.014373947994460696 
26.56 	 0.01457162016632759 
26.58 	 0.014769531265717008 
26.6 	 0.01496337805030509 
26.62 	 0.015154902784412222 
26.64 	 0.015341533863072078 
26.66 	 0.015526540850174186 
26.68 	 0.015708524885339834 
26.7 	 0.01589139979493374 
26.72 	 0.016073811639777443 
26.74 	 0.016259317109807703 
26.76 	 0.016445656837769218 
26.78 	 0.016635475274885365 
26.8 	 0.016825321266402345 
26.82 	 0.017016998588577567 
26.84 	 0.017206256028160134 
26.86 	 0.01739457091862683 
26.88 	 0.017577660429021476 
26.9 	 0.017757336134703948 
26.92 	 0.0179300916507081 
26.94 	 0.01809867425315064 
26.96 	 0.018260966150112638 
26.98 	 0.018421086677392142 
27.0 	 0.018578553115837584 
27.02 	 0.01873903418487876 
27.04 	 0.018903414314402525 
27.06 	 0.019078734256739862 
27.08 	 0.019266402002221822 
27.1 	 0.019474293507755484 
27.12 	 0.01970305577122111 
27.14 	 0.019960658798163153 
27.16 	 0.0202455871850511 
27.18 	 0.02056520399752679 
27.2 	 0.02091466985435077 
27.22 	 0.021300254502981245 
27.24 	 0.021713099551898058 
27.26 	 0.02215813120464981 
27.28 	 0.022622330010973232 
27.3 	 0.02310921079237721 
27.32 	 0.023602073174193376 
27.34 	 0.0241031444454293 
27.36 	 0.024593271956018178 
27.38 	 0.025073811068112573 
27.4 	 0.02552520141472451 
27.42 	 0.02594868865719234 
27.44 	 0.026326933399631876 
27.46 	 0.026662014540128964 
27.48 	 0.02694136744214242 
27.5 	 0.02716861139531156 
27.52 	 0.027337536550338812 
27.54 	 0.027453307891173135 
27.56 	 0.027516015616962326 
27.58 	 0.0275314950914394 
27.6 	 0.02750450130911134 
27.62 	 0.027440128896427128 
27.64 	 0.027345446774278328 
27.66 	 0.027223635175739714 
27.68 	 0.02708222855584244 
27.7 	 0.026922307466026012 
27.72 	 0.026751329840291268 
27.74 	 0.026569276276548183 
27.76 	 0.026384137475646025 
27.78 	 0.02619640961676811 
27.8 	 0.02601535736228047 
27.82 	 0.025843194659234927 
27.84 	 0.02569014549648908 
27.86 	 0.02556008763399529 
27.88 	 0.0254623170652668 
27.9 	 0.0254009818831624 
27.92 	 0.025381581206781946 
27.94 	 0.025406604745080545 
27.96 	 0.025475351503050518 
27.98 	 0.02558745023169845 
28.0 	 0.025735547520419073 
28.02 	 0.025916888699037174 
28.04 	 0.026119565625056705 
28.06 	 0.026340610749483264 
28.08 	 0.02656743859564602 
28.1 	 0.0267997152423841 
28.12 	 0.027027977088701433 
28.14 	 0.027256524240175814 
28.16 	 0.027480733297593058 
28.18 	 0.027709494582083185 
28.2 	 0.027941625252613383 
28.22 	 0.028188317822546254 
28.24 	 0.028447898646463268 
28.26 	 0.02873029285867412 
28.28 	 0.029028889501054058 
28.3 	 0.02934916907323128 
28.32 	 0.029677089084932922 
28.34 	 0.030012425111126947 
28.36 	 0.03033481514976512 
28.38 	 0.030639558019910227 
28.4 	 0.03090463781955895 
28.42 	 0.031123928571821276 
28.44 	 0.03128016366293293 
28.46 	 0.03136915161817279 
28.48 	 0.031383777071874466 
28.5 	 0.03132388242835322 
28.52 	 0.031194596537367753 
28.54 	 0.03099979230025876 
28.56 	 0.030754909361619016 
28.58 	 0.030465989811746932 
28.6 	 0.030153971112920664 
28.62 	 0.029824445395889566 
28.64 	 0.029498369826035726 
28.66 	 0.029178765289141064 
28.68 	 0.02888244059284502 
28.7 	 0.028608917257277863 
28.72 	 0.0283688335256562 
28.74 	 0.02815836930771367 
28.76 	 0.027981831717365683 
28.78 	 0.027832730787711518 
28.8 	 0.027710015125527312 
28.82 	 0.02760522831715468 
28.84 	 0.027513547201415224 
28.86 	 0.027425196104206732 
28.88 	 0.027333637356293943 
28.9 	 0.027228560291491382 
28.92 	 0.027104185745071438 
28.94 	 0.026950722252430826 
28.96 	 0.02676570624612632 
28.98 	 0.026541015390710746 
29.0 	 0.026279460527203823 
29.02 	 0.025975404070431356 
29.04 	 0.025637576025399813 
29.06 	 0.025262920445872313 
29.08 	 0.024865137595409516 
29.1 	 0.02444309363947063 
29.12 	 0.02401330361703727 
29.14 	 0.023575494254491104 
29.16 	 0.02314647048541016 
29.18 	 0.022725857462957737 
29.2 	 0.022328660828988694 
29.22 	 0.021953889956981738 
29.24 	 0.02161353347774334 
29.26 	 0.021306039109414733 
29.28 	 0.02104013625589809 
29.3 	 0.020814395068285124 
29.32 	 0.020635019753463515 
29.34 	 0.02050215432129508 
29.36 	 0.02042111855772528 
29.38 	 0.020395890296901087 
29.4 	 0.020433002090314588 
29.42 	 0.02054287299825868 
29.44 	 0.020734616787590986 
29.46 	 0.021026870152088508 
29.48 	 0.021430173080886714 
29.5 	 0.02197084478255467 
29.52 	 0.022655658048056006 
29.54 	 0.02351505076543716 
29.56 	 0.024542914926387775 
29.58 	 0.025768333859196232 
29.6 	 0.027161973936538013 
29.62 	 0.028747159352023544 
29.64 	 0.03046454507858699 
29.66 	 0.03233161201866649 
29.68 	 0.03426050291429029 
29.7 	 0.03626831781363645 
29.72 	 0.03825022355512168 
29.74 	 0.04023203705028057 
29.76 	 0.04211042200236279 
29.78 	 0.04392865604863593 
29.8 	 0.04560293504812529 
29.82 	 0.047198539946945776 
29.84 	 0.048660325339239245 
29.86 	 0.05007393705788302 
29.88 	 0.051407928787598145 
29.9 	 0.05276107225318 
29.92 	 0.054107859897581864 
29.94 	 0.055550368089071 
29.96 	 0.057045973428368715 
29.98 	 0.05869192977230505 
30.0 	 0.06041006981642402 
30.02 	 0.062289568326075656 
30.04 	 0.06421032727088358 
30.06 	 0.06625499376526255 
30.08 	 0.06826920928563741 
30.1 	 0.07033224438278966 
30.12 	 0.07227413598429495 
30.14 	 0.07417164022106773 
30.16 	 0.07586297013353023 
30.18 	 0.07741910835156939 
30.2 	 0.07870915557454915 
30.22 	 0.07979208437033977 
30.24 	 0.08058464450672766 
30.26 	 0.08112754971665019 
30.28 	 0.08139318072271808 
30.3 	 0.08140054816868528 
30.32 	 0.08117619497891401 
30.34 	 0.08071809578271934 
30.36 	 0.08009731299816122 
30.38 	 0.07929523878362321 
30.4 	 0.07841243936256069 
30.42 	 0.07742077128631436 
30.44 	 0.07643341973582977 
30.46 	 0.07542103126140497 
30.48 	 0.07449356709596748 
30.5 	 0.07362874201778279 
30.52 	 0.07291961467458502 
30.54 	 0.07235760977834789 
30.56 	 0.0720066568106739 
30.58 	 0.07187527847453513 
30.6 	 0.07198653414468337 
30.62 	 0.07236554867954145 
30.64 	 0.07298425749368123 
30.66 	 0.0738812224512139 
30.68 	 0.07497232971081746 
30.7 	 0.07630621139473061 
30.72 	 0.07774801794656737 
30.74 	 0.07935467025788727 
30.76 	 0.08095854189677996 
30.78 	 0.08262433027079291 
30.8 	 0.08417931766242956 
30.82 	 0.08569492875295567 
30.84 	 0.08702267901472002 
30.86 	 0.0882377208902762 
30.88 	 0.08923687026109396 
30.9 	 0.09009416953226881 
30.92 	 0.09075758917567707 
30.94 	 0.09129463173747983 
30.96 	 0.09169445604480098 
30.98 	 0.09201338635027244 
31.0 	 0.09226177087824132 
31.02 	 0.09248180014346741 
31.04 	 0.09268396016107834 
31.06 	 0.09289527283874066 
31.08 	 0.09311220812887547 
31.1 	 0.09334717156017887 
31.12 	 0.09357949181353749 
31.14 	 0.09380845460869902 
31.16 	 0.09400385574123311 
31.18 	 0.09415366275652358 
31.2 	 0.09423255208528027 
31.22 	 0.09421876691919275 
31.24 	 0.0941069864695958 
31.26 	 0.09386664518972465 
31.28 	 0.09352212613397591 
31.3 	 0.09303387886520915 
31.32 	 0.09245672778235525 
31.34 	 0.09174088336764212 
31.36 	 0.09096430615227859 
31.38 	 0.09006555944350247 
31.4 	 0.08913529005941674 
31.42 	 0.0881006007101354 
31.44 	 0.08705700711323357 
31.46 	 0.08592353493108824 
31.48 	 0.08479829805359503 
31.5 	 0.08359910495992928 
31.52 	 0.08242834156306997 
31.54 	 0.08121153418097542 
31.56 	 0.08005629524942731 
31.58 	 0.0789044570663641 
31.6 	 0.07786449162173192 
31.62 	 0.07690036080283197 
31.64 	 0.07610971844855613 
31.66 	 0.07548015786746481 
31.68 	 0.07508104007573352 
31.7 	 0.0749207252116626 
31.72 	 0.07502159876489896 
31.74 	 0.0754073369924838 
31.76 	 0.07603996082232856 
31.78 	 0.076953398244587 
31.8 	 0.07804766846601217 
31.82 	 0.07936463969458206 
31.84 	 0.08075602867927412 
31.86 	 0.08227208952042218 
31.88 	 0.08374333244346421 
31.9 	 0.08522929877638301 
31.92 	 0.08657181075477563 
31.94 	 0.08783840312533585 
31.96 	 0.08890897389855273 
31.98 	 0.0898545229631575 
32.0 	 0.09060489135680828 
32.02 	 0.09122777409926124 
32.04 	 0.09169753066908914 
32.06 	 0.09207169966822772 
32.08 	 0.09235178391690436 
32.1 	 0.09258033480116562 
32.12 	 0.09276617383129203 
32.14 	 0.09293499982526615 
32.16 	 0.09308889207687837 
32.18 	 0.09323708273444674 
32.2 	 0.0933702327068737 
32.22 	 0.09348200165805229 
32.24 	 0.09355575738503882 
32.26 	 0.09356963990744231 
32.28 	 0.09351008444609824 
32.3 	 0.09333897311931723 
32.32 	 0.09305934108029061 
32.34 	 0.09261655148991345 
32.36 	 0.09204350275133888 
32.38 	 0.0912707269789635 
32.4 	 0.09037007282990234 
32.42 	 0.08926155063041488 
32.44 	 0.08805727844621322 
32.46 	 0.08667308245970179 
32.48 	 0.08525307763569492 
32.5 	 0.08371557051621786 
32.52 	 0.08221980197539407 
32.54 	 0.080691414613246 
32.56 	 0.07928299899677485 
32.58 	 0.07792900486089868 
32.6 	 0.0767540059017329 
32.62 	 0.07569925691801666 
32.64 	 0.07484596351082337 
32.66 	 0.07413837009285752 
32.68 	 0.07360959418350214 
32.7 	 0.07320379252259544 
32.72 	 0.07291409166915017 
32.74 	 0.07268404633402573 
32.76 	 0.07248601485816014 
32.78 	 0.07226492176816127 
32.8 	 0.07199672151599457 
32.82 	 0.07163040493976189 
32.84 	 0.07116648454747597 
32.86 	 0.07055929921091944 
32.88 	 0.06984408661110082 
32.9 	 0.06897924345413986 
32.92 	 0.06803164032090442 
32.94 	 0.06696040052136953 
32.96 	 0.06585138116872533 
32.98 	 0.06466105692160772 
33.0 	 0.06347944973927418 
33.02 	 0.06225923762320236 
33.04 	 0.06108405429305105 
33.06 	 0.05990485648013042 
33.08 	 0.05879477350098724 
33.1 	 0.057707363021094187 
33.12 	 0.056705513288918166 
33.14 	 0.05574974713344062 
33.16 	 0.05489368078146778 
33.18 	 0.054107238073006846 
33.2 	 0.05343388028769751 
33.22 	 0.05285272712176315 
33.24 	 0.05239409074898036 
33.26 	 0.05204408436028979 
33.28 	 0.051816381010455236 
33.3 	 0.05170132835719217 
33.32 	 0.0516942762607206 
33.34 	 0.051788002342053156 
33.36 	 0.05196148181550659 
33.38 	 0.052210116071509424 
33.4 	 0.05250264847294795 
33.42 	 0.052839637699190124 
33.44 	 0.053188810421576346 
33.46 	 0.0535603402449986 
33.48 	 0.053930328378253095 
33.5 	 0.054323694912535796 
33.52 	 0.05473021947107904 
33.54 	 0.05519325734890162 
33.56 	 0.055713139734012415 
33.58 	 0.056351466109338944 
33.6 	 0.05710545419299665 
33.62 	 0.05804968106099642 
33.64 	 0.05915669928241782 
33.66 	 0.06050550765363804 
33.68 	 0.06202269558922111 
33.7 	 0.06378434080844388 
33.72 	 0.06566077617593025 
33.74 	 0.06772294133168727 
33.76 	 0.06979322492944777 
33.78 	 0.07193997258804001 
33.8 	 0.07396406091355988 
33.82 	 0.07593394805978304 
33.84 	 0.07766459623174567 
33.86 	 0.07922268566866524 
33.88 	 0.080469277787884 
33.9 	 0.08146190279363708 
33.92 	 0.08212634674562827 
33.94 	 0.08250169471494395 
33.96 	 0.08258126034985772 
33.98 	 0.08237981047442772 
34.0 	 0.08194926628444382 
34.02 	 0.08128111572755288 
34.04 	 0.08047087605350005 
34.06 	 0.07949393347774544 
34.08 	 0.07847113768217162 
34.1 	 0.07737051348380762 
34.12 	 0.07631714569476893 
34.14 	 0.0752770425647054 
34.16 	 0.07435744181965899 
34.18 	 0.07352280248139882 
34.2 	 0.07284495943694144 
34.22 	 0.07228521222707367 
34.24 	 0.0718736007021104 
34.26 	 0.07156858058170712 
34.28 	 0.07136590677211568 
34.3 	 0.07122486576607776 
34.32 	 0.07112458349701317 
34.34 	 0.07103027523823766 
34.36 	 0.07092401977442342 
34.38 	 0.0707804169837634 
34.4 	 0.07059796122729804 
34.42 	 0.07036074458125169 
34.44 	 0.0700870092551308 
34.46 	 0.06976752904328264 
34.48 	 0.06943462468857595 
34.5 	 0.06908183621548378 
34.52 	 0.06874550221089581 
34.54 	 0.06841881869759406 
34.56 	 0.06813273908835825 
34.58 	 0.06787874590642781 
34.6 	 0.06767666781038982 
34.62 	 0.06751625191128506 
34.64 	 0.06740453257507634 
34.66 	 0.06732970913680894 
34.68 	 0.06728746719093633 
34.7 	 0.0672640737989444 
34.72 	 0.06724767973926776 
34.74 	 0.06722191931068686 
34.76 	 0.06717343833383499 
34.78 	 0.06708313371290524 
34.8 	 0.06694381939530185 
34.82 	 0.06673461035736315 
34.84 	 0.06646171759340434 
34.86 	 0.06610377019716798 
34.88 	 0.0656839867302735 
34.9 	 0.06518069340631356 
34.92 	 0.06463197184234572 
34.94 	 0.06401409379751229 
34.96 	 0.0633730975738227 
34.98 	 0.06268037754028395 
35.0 	 0.061982280379097886 
35.02 	 0.06124356896265383 
35.04 	 0.06050687209114277 
35.06 	 0.05973133066247444 
35.08 	 0.05895698338467494 
35.1 	 0.05814085976285369 
35.12 	 0.05732442298798775 
35.14 	 0.0564664957251333 
35.16 	 0.05561278483102474 
35.18 	 0.05472585807159176 
35.2 	 0.05385457319904505 
35.22 	 0.05296437108226902 
35.24 	 0.05210279008834481 
35.26 	 0.05123560843164627 
35.28 	 0.05040435503385123 
35.3 	 0.04957325470906842 
35.32 	 0.04877627083631269 
35.34 	 0.047976676931478605 
35.36 	 0.047203626951945445 
35.38 	 0.046422720444001815 
35.4 	 0.04566361429030956 
35.42 	 0.044898630646798776 
35.44 	 0.044162241586059005 
35.46 	 0.043436657157467216 
35.48 	 0.04276125631968144 
35.5 	 0.0421282377931006 
35.52 	 0.04157673313276703 
35.54 	 0.041105667310197984 
35.56 	 0.04074531300344857 
35.58 	 0.04049616733791524 
35.6 	 0.04037129682642449 
35.62 	 0.04036821763101242 
35.64 	 0.0404785243942341 
35.66 	 0.04069493489540951 
35.68 	 0.040989544630048586 
35.7 	 0.041351836475578156 
35.72 	 0.04174227312692234 
35.74 	 0.042151036592215335 
35.76 	 0.042538105709481966 
35.78 	 0.0428987175587898 
35.8 	 0.0432029052151316 
35.82 	 0.043453784462310234 
35.84 	 0.04363757364637434 
35.86 	 0.0437652538655513 
35.88 	 0.04383874366650948 
35.9 	 0.043873772686465466 
35.92 	 0.04388135880460313 
35.94 	 0.0438767680896129 
35.96 	 0.04387067874232901 
35.98 	 0.043872727228605475 
36.0 	 0.04388566641684417 
36.02 	 0.04391083354889589 
36.04 	 0.04394114152374531 
36.06 	 0.043970974789556846 
36.08 	 0.043988157001265446 
36.1 	 0.043985262317202754 
36.12 	 0.043954111118039735 
36.14 	 0.04389262365766993 
36.16 	 0.04380548004031184 
36.18 	 0.043702617618661156 
36.2 	 0.04360538205213927 
36.22 	 0.043539537990411666 
36.24 	 0.04353860614323224 
36.26 	 0.043643516619289655 
36.28 	 0.04388674444715916 
36.3 	 0.044319081350594536 
36.32 	 0.04495277135095509 
36.34 	 0.04584038219088561 
36.36 	 0.04695433769842954 
36.38 	 0.04834169236579052 
36.4 	 0.04992216543927915 
36.42 	 0.05173431641315591 
36.44 	 0.053645516504323684 
36.46 	 0.0556882968884665 
36.48 	 0.05769457400037727 
36.5 	 0.05969681827098936 
36.52 	 0.06152264723832231 
36.54 	 0.0632106719456905 
36.56 	 0.06462106057989589 
36.58 	 0.06580288979140175 
36.6 	 0.06667858686924677 
36.62 	 0.06730984191115075 
36.64 	 0.0676917673235844 
36.66 	 0.06789893095407669 
36.68 	 0.06798489244081805 
36.7 	 0.06803570430944904 
36.72 	 0.06812923677213394 
36.74 	 0.06836117292536821 
36.76 	 0.06879198689322466 
36.78 	 0.06952740670340289 
36.8 	 0.0705735739078679 
36.82 	 0.07205123283658676 
36.84 	 0.07388581311745294 
36.86 	 0.07622182620196206 
36.88 	 0.07888747503310947 
36.9 	 0.08205973335766052 
36.92 	 0.08546167323459769 
36.94 	 0.08930676473454713 
36.96 	 0.09321711951963417 
36.98 	 0.09743819101958866 
37.0 	 0.10151482322180838 
37.02 	 0.10570820513367571 
37.04 	 0.10953438131822678 
37.06 	 0.11324072458063054 
37.08 	 0.11638430278180042 
37.1 	 0.11915879104464133 
37.12 	 0.12123953525679666 
37.14 	 0.12272580223366898 
37.16 	 0.12347573510684061 
37.18 	 0.12346622611349473 
37.2 	 0.12277159070380844 
37.22 	 0.12124239530772385 
37.24 	 0.1191620779596226 
37.26 	 0.1162777805199106 
37.28 	 0.11303733827167718 
37.3 	 0.1091266110332663 
37.32 	 0.10508782541103547 
37.34 	 0.10059207689637494 
37.36 	 0.0961976068138459 
37.38 	 0.09159650408008743 
37.4 	 0.08729305380436443 
37.42 	 0.08301737041673656 
37.44 	 0.07917162360289838 
37.46 	 0.07552475850881685 
37.48 	 0.0723577436230357 
37.5 	 0.06947231157254935 
37.52 	 0.06703721347561083 
37.54 	 0.06488269963078433 
37.56 	 0.0630936028921892 
37.58 	 0.06152891119271178 
37.6 	 0.06022458176508676 
37.62 	 0.05907062730520476 
37.64 	 0.05808468096849525 
37.66 	 0.05718864972665997 
37.68 	 0.0564013812718986 
37.7 	 0.055674511837680664 
37.72 	 0.0550352758963662 
37.74 	 0.05446023625669248 
37.76 	 0.05398205358395046 
37.78 	 0.05359590759133038 
37.8 	 0.05333063516894247 
37.82 	 0.053193266351768534 
37.84 	 0.05319755744072635 
37.86 	 0.0533563496238107 
37.88 	 0.0536593970842388 
37.9 	 0.054121695865876486 
37.92 	 0.05470620720903162 
37.94 	 0.05543033526976166 
37.96 	 0.05623537103344229 
37.98 	 0.05714540604928542 
38.0 	 0.05809137783512121 
38.02 	 0.05911048679076036 
38.04 	 0.06013566008186039 
38.06 	 0.0612227499329959 
38.08 	 0.06231359349191186 
38.1 	 0.06348479975484633 
38.12 	 0.06468409384484387 
38.14 	 0.06600658073838292 
38.16 	 0.0673927963120558 
38.18 	 0.06895069902862452 
38.2 	 0.0705953043468951 
38.22 	 0.07244074481007572 
38.24 	 0.07436099291763063 
38.26 	 0.07647105212257788 
38.28 	 0.07859928758562262 
38.3 	 0.08085854212550606 
38.32 	 0.08304264644251115 
38.34 	 0.08526016412241844 
38.36 	 0.0872958238434354 
38.38 	 0.0892501092592906 
38.4 	 0.09093116506822585 
38.42 	 0.0924241912339318 
38.44 	 0.09358999624991085 
38.46 	 0.0944884613165584 
38.48 	 0.09505039442759557 
38.5 	 0.09530012479680977 
38.52 	 0.09524106737239675 
38.54 	 0.09485500316640576 
38.56 	 0.09420956153006337 
38.58 	 0.09324312983513405 
38.6 	 0.09207507557125401 
38.62 	 0.0906070024250291 
38.64 	 0.0889985474323186 
38.66 	 0.08712753832859918 
38.68 	 0.08518381464248587 
38.7 	 0.08303742522976494 
38.72 	 0.08089663157121946 
38.74 	 0.07863807467503438 
38.76 	 0.07647215616824947 
38.78 	 0.0742910682526382 
38.8 	 0.072287379596575 
38.82 	 0.0703713702381148 
38.84 	 0.068698797078451 
38.86 	 0.06719636208214255 
38.88 	 0.06597079487646237 
38.9 	 0.06496305581157273 
38.92 	 0.06422855931740674 
38.94 	 0.06372226445269036 
38.96 	 0.06345466554709076 
38.98 	 0.06339597527360295 
39.0 	 0.0635224726860878 
39.02 	 0.0638201953657789 
39.04 	 0.06424184958506546 
39.06 	 0.06478744857260274 
39.08 	 0.06539486669805233 
39.1 	 0.06607398489138591 
39.12 	 0.0667556108920098 
39.14 	 0.06745479435407674 
39.16 	 0.06810383197484766 
39.18 	 0.06871930625132298 
39.2 	 0.06924457999895828 
39.22 	 0.0696956220548998 
39.24 	 0.07003528032113349 
39.26 	 0.07027739871262412 
39.28 	 0.07040830726891224 
39.3 	 0.07043762168993646 
39.32 	 0.07037287822034752 
39.34 	 0.07021624641559603 
39.36 	 0.06998921669215903 
39.38 	 0.06968288586074736 
39.4 	 0.0693245197865225 
39.42 	 0.06889168991084632 
39.44 	 0.06841281082849945 
39.46 	 0.06785212684248884 
39.48 	 0.06724038991663243 
39.5 	 0.06653184171738126 
39.52 	 0.06576540416261728 
39.54 	 0.06489103616060458 
39.56 	 0.06396250221713877 
39.58 	 0.06293208715963954 
39.6 	 0.061871543268923294 
39.62 	 0.06074127053486855 
39.64 	 0.05962775554710085 
39.66 	 0.05850302709007023 
39.68 	 0.05745842816898072 
39.7 	 0.05647812042364736 
39.72 	 0.05564422536778309 
39.74 	 0.054951058337218965 
39.76 	 0.05445738514507165 
39.78 	 0.05416517103924013 
39.8 	 0.05409995674035494 
39.82 	 0.054270939733167704 
39.84 	 0.054667535455947956 
39.86 	 0.05530945057014608 
39.88 	 0.05615365121869447 
39.9 	 0.057236452348149454 
39.92 	 0.058488812027618034 
39.94 	 0.05996917556357894 
39.96 	 0.06158608232444162 
39.98 	 0.0634208607371505 
40.0 	 0.06535644459075143 
40.02 	 0.06749060019408958 
40.04 	 0.06967227563421403 
40.06 	 0.07200296663511073 
40.08 	 0.07429238669073068 
40.1 	 0.0766303066968774 
40.12 	 0.07879655267602517 
40.14 	 0.08085451974353926 
40.16 	 0.08258533057636182 
40.18 	 0.08401421503931177 
40.2 	 0.08497308702248031 
40.22 	 0.08544183217011157 
40.24 	 0.08535565175285928 
40.26 	 0.08464939199800026 
40.28 	 0.0833958366782737 
40.3 	 0.08149471427728269 
40.32 	 0.07915564234435388 
40.34 	 0.07626023482004679 
40.36 	 0.07311612274618029 
40.38 	 0.06960325846979333 
40.4 	 0.06606408423425457 
40.42 	 0.06238547690297085 
40.44 	 0.05888094109547288 
40.46 	 0.05544402320596065 
40.48 	 0.05231630760005119 
40.5 	 0.04939422246119825 
40.52 	 0.046833826524031986 
40.54 	 0.044533050762416634 
40.56 	 0.04257308551647414 
40.58 	 0.04085622829905108 
40.6 	 0.03941169735302698 
40.62 	 0.038151123419266186 
40.64 	 0.03707582002183135 
40.66 	 0.03611080033505003 
40.68 	 0.03524848231818769 
40.7 	 0.03442888205477502 
40.72 	 0.0336477953105835 
40.74 	 0.03285969185427659 
40.76 	 0.032070062676482325 
40.78 	 0.031246099396640078 
40.8 	 0.030404728627440532 
40.82 	 0.029523650919495267 
40.84 	 0.028629554261902893 
40.86 	 0.027708092367372948 
40.88 	 0.026791645396266984 
40.9 	 0.025870863743209956 
40.92 	 0.024978579955705946 
40.94 	 0.0241073069034145 
40.96 	 0.023285400477917807 
40.98 	 0.02250454429878169 
41.0 	 0.021785361308378583 
41.02 	 0.02111716578360557 
41.04 	 0.02051200624057499 
41.06 	 0.01995680328176678 
41.08 	 0.019456481757191894 
41.1 	 0.018996854204941394 
41.12 	 0.01857861414285015 
41.14 	 0.01818837882248279 
41.16 	 0.01782575180902449 
41.18 	 0.017479841618821584 
41.2 	 0.01715146639399601 
41.22 	 0.016833019703313943 
41.24 	 0.016527400639234753 
41.26 	 0.01622998132922849 
41.28 	 0.01594524590846116 
41.3 	 0.01567046049790388 
41.32 	 0.015410487155888422 
41.34 	 0.015163276751563134 
41.36 	 0.014932980346206399 
41.38 	 0.014717487465537036 
41.4 	 0.014519785573590602 
41.42 	 0.01433758450224948 
41.44 	 0.014172835003086937 
41.46 	 0.014023259412965915 
41.48 	 0.013890000971224229 
41.5 	 0.013770798136664597 
41.52 	 0.013665878139614233 
41.54 	 0.013572564219802016 
41.56 	 0.013489723526224705 
41.58 	 0.01341363191037638 
41.6 	 0.013341493864346304 
41.62 	 0.013268256772740909 
41.64 	 0.01318988448420658 
41.66 	 0.013100506969074343 
41.68 	 0.012996194712918034 
41.7 	 0.012871527378129537 
41.72 	 0.012724534422443153 
41.74 	 0.012551719399682538 
41.76 	 0.012354576305782012 
41.78 	 0.012132461570870655 
41.8 	 0.011890699367787355 
41.82 	 0.011631366538170117 
41.84 	 0.01136257922955968 
41.86 	 0.011087956865650735 
41.88 	 0.010816388881242145 
41.9 	 0.010551350831129888 
41.92 	 0.010300378498345778 
41.94 	 0.01006536720518592 
41.96 	 0.009851115053173582 
41.98 	 0.009657330776023149 
42.0 	 0.009485853423691817 
42.02 	 0.0093345613105467 
42.04 	 0.009203130315042125 
42.06 	 0.009088607076027365 
42.08 	 0.00898976671828045 
42.1 	 0.00890390739186269 
42.12 	 0.008829984224357308 
42.14 	 0.008766198108245856 
42.16 	 0.008712121182256395 
42.18 	 0.008666810491818522 
42.2 	 0.008630133744231357 
42.22 	 0.008601327673035843 
42.24 	 0.008579728108425418 
42.26 	 0.008563808848875998 
42.28 	 0.008551552824970561 
42.3 	 0.008539979925802924 
42.32 	 0.008525467446393481 
42.34 	 0.008503595408672847 
42.36 	 0.008469797731830273 
42.38 	 0.008419091389086444 
42.4 	 0.008347456308273094 
42.42 	 0.00825081297739322 
42.44 	 0.008127438274933521 
42.46 	 0.007975574315404448 
42.48 	 0.007796982410546479 
42.5 	 0.007592879349176631 
42.52 	 0.007368473205294952 
42.54 	 0.007127438956370917 
42.56 	 0.006877073936549853 
42.58 	 0.006622001868972343 
42.6 	 0.006369512369507734 
42.62 	 0.006123376479237107 
42.64 	 0.005888988631639906 
42.66 	 0.005668006295156659 
42.68 	 0.005463024596557166 
42.7 	 0.005273348994129902 
42.72 	 0.00509904421148201 
42.74 	 0.0049377483262822005 
42.76 	 0.004788040821402376 
42.78 	 0.00464698614082385 
42.8 	 0.004512868444965663 
42.82 	 0.004383141011129495 
42.84 	 0.004256657858130032 
42.86 	 0.0041318137002347615 
42.88 	 0.004008427418320004 
42.9 	 0.003885977108310344 
42.92 	 0.003765247863304973 
42.94 	 0.0036466448992275163 
42.96 	 0.0035316462501580343 
42.98 	 0.0034212218151167305 
43.0 	 0.003317084499897042 
43.02 	 0.003220276550010241 
43.04 	 0.003132213295941145 
43.06 	 0.003053517900349633 
43.08 	 0.0029848776018909116 
43.1 	 0.002926192569435304 
43.12 	 0.002877277133452606 
43.14 	 0.002837331181709485 
43.16 	 0.0028055037073204726 
43.18 	 0.002780622681188618 
43.2 	 0.0027616135769808767 
43.22 	 0.00274737841695605 
43.24 	 0.0027370545517949344 
43.26 	 0.0027299407846493214 
43.28 	 0.0027255998181029985 
43.3 	 0.0027237797568593586 
43.32 	 0.002724393151720857 
43.34 	 0.0027274422812223974 
43.36 	 0.0027329277955808924 
43.38 	 0.0027408220060263656 
43.4 	 0.0027509584366493416 
43.42 	 0.002763092834800716 
43.44 	 0.002776802449266952 
43.46 	 0.002791637301286094 
43.48 	 0.002807027244208057 
43.5 	 0.0028224827912431104 
43.52 	 0.002837488038400853 
43.54 	 0.002851692024622698 
43.56 	 0.0028647712301824047 
43.58 	 0.002876572996728032 
43.6 	 0.0028869592349159787 
43.62 	 0.002895905442757331 
43.64 	 0.0029033631441346738 
43.66 	 0.0029093440558390984 
43.68 	 0.0029138359080269523 
43.7 	 0.0029168884241756407 
43.72 	 0.00291858366913172 
43.74 	 0.0029191058674030703 
43.76 	 0.0029187324020692727 
43.78 	 0.0029178553654745604 
43.8 	 0.0029169555623168924 
43.82 	 0.0029165725780153366 
43.84 	 0.002917253154011608 
43.86 	 0.002919514285144605 
43.88 	 0.0029237860083741888 
43.9 	 0.0029304309978321454 
43.92 	 0.0029396966952126113 
43.94 	 0.0029518244765730076 
43.96 	 0.0029669889759035804 
43.98 	 0.002985479481904387 
44.0 	 0.0030075703671892094 
44.02 	 0.0030337368613650465 
44.04 	 0.003064401569586724 
44.06 	 0.003100177023517357 
44.08 	 0.0031414669481766226 
44.1 	 0.0031887816125002865 
44.12 	 0.003242207244050992 
44.14 	 0.0033018685460265798 
44.16 	 0.003367287294224025 
44.18 	 0.0034380431262221027 
44.2 	 0.0035130247958843194 
44.22 	 0.0035912814845534707 
44.24 	 0.003671157401694308 
44.26 	 0.003751272371691674 
44.28 	 0.0038295537478692794 
44.3 	 0.0039042656900287365 
44.32 	 0.003973015495592515 
44.34 	 0.004033756843259784 
44.36 	 0.004083918464128997 
44.38 	 0.004121300004296544 
44.4 	 0.004143500986687239 
44.42 	 0.004148583660030209 
44.44 	 0.004134939859731097 
44.46 	 0.004101539450989872 
44.48 	 0.00404827538173776 
44.5 	 0.003975618756074199 
44.52 	 0.003885376871074609 
44.54 	 0.003779687931510301 
44.56 	 0.003662062808844842 
44.58 	 0.003535844469336202 
44.6 	 0.0034053979140902194 
44.62 	 0.0032743267446701946 
44.64 	 0.0031467041891153472 
44.66 	 0.0030253819398223494 
44.68 	 0.0029131829559727027 
44.7 	 0.0028115418507506226 
44.72 	 0.002721593829901965 
44.74 	 0.002643226865693799 
44.76 	 0.0025760150288892973 
44.78 	 0.00251863322924958 
44.8 	 0.0024696123913067465 
44.82 	 0.002427007593612767 
44.84 	 0.0023889884244614767 
44.86 	 0.0023536422871636583 
44.88 	 0.002319432869659194 
44.9 	 0.0022850310013690866 
44.92 	 0.0022496692257452057 
44.94 	 0.002212916375167076 
44.96 	 0.002174943508161761 
44.98 	 0.002136205223173224 
45.0 	 0.0020976321076008474 
45.02 	 0.002060245398893845 
45.04 	 0.0020253019937868624 
45.06 	 0.001993916728348582 
45.08 	 0.0019671868940269004 
45.1 	 0.0019458976840835412 
45.12 	 0.001930632211622003 
45.14 	 0.0019215960955843252 
45.16 	 0.0019186930557043447 
45.18 	 0.0019214626563737113 
45.2 	 0.0019291004778504935 
45.22 	 0.0019404903145846882 
45.24 	 0.001954179452349205 
45.26 	 0.001968495234404242 
45.28 	 0.001981523106434137 
45.3 	 0.00199129195648425 
45.32 	 0.001995809803064743 
45.34 	 0.0019932639740762505 
45.36 	 0.001982138820793846 
45.38 	 0.001961331144646036 
45.4 	 0.0019303325004260085 
45.42 	 0.0018891557175938272 
45.44 	 0.001838544015099927 
45.46 	 0.0017796632050351266 
45.48 	 0.0017143105177630086 
45.5 	 0.0016444196734440959 
45.52 	 0.0015722672674607578 
45.54 	 0.001499907354118199 
45.56 	 0.0014293897470521134 
45.58 	 0.0013622501034774586 
45.6 	 0.0012997534159347316 
45.62 	 0.0012425218845048204 
45.64 	 0.0011908047589023018 
45.66 	 0.0011442641142838722 
45.68 	 0.001102259698760041 
45.7 	 0.0010637622181853264 
45.72 	 0.0010276337720842334 
45.74 	 0.0009926102616644402 
45.76 	 0.0009575539768372662 
45.78 	 0.0009214402945418083 
45.8 	 0.0008835595967092706 
45.82 	 0.0008434567199839811 
45.84 	 0.0008010678113211039 
45.86 	 0.0007565912798955165 
45.88 	 0.0007105620288269588 
45.9 	 0.0006636696838142331 
45.92 	 0.0006167911713532895 
45.94 	 0.0005707984100842412 
45.96 	 0.000526579398966659 
45.98 	 0.00048487997183254214 
46.0 	 0.0004463371985616348 
46.02 	 0.00041137979508839266 
46.04 	 0.00038028054223584144 
46.06 	 0.0003531129630361795 
46.08 	 0.00032981376368544207 
46.1 	 0.0003101761303297662 
46.12 	 0.0002939080488004394 
46.14 	 0.00028064095441927237 
46.16 	 0.0002699747385382698 
46.18 	 0.000261488581261973 
46.2 	 0.00025477126982827956 
46.22 	 0.00024942944209079226 
46.24 	 0.00024510630608914945 
46.26 	 0.00024148645358104413 
46.28 	 0.00023830633644282654 
46.3 	 0.000235355329090856 
46.32 	 0.00023248002438769756 
46.34 	 0.00022958117046794875 
46.36 	 0.00022661311390186756 
46.38 	 0.0002235768132951056 
46.4 	 0.00022051570703057537 
46.42 	 0.0002175057877974698 
46.44 	 0.0002146492017496396 
46.46 	 0.0002120629094446566 
46.48 	 0.00020987134522129752 
46.5 	 0.00020819560699630868 
46.52 	 0.0002071467149452314 
46.54 	 0.00020681760691758721 
46.56 	 0.00020727869103544146 
46.58 	 0.00020857474475194149 
46.6 	 0.00021072396369226047 
46.62 	 0.00021372075814258051 
46.64 	 0.00021753814656362612 
46.66 	 0.0002221356455269629 
46.68 	 0.00022746316810641704 
46.7 	 0.00023347155080637657 
46.72 	 0.00024011498533319688 
46.74 	 0.00024736108933679575 
46.76 	 0.00025518895888381214 
46.78 	 0.00026359645242848937 
46.8 	 0.00027259223192881274 
46.82 	 0.0002821998041389849 
46.84 	 0.0002924438422505567 
46.86 	 0.0003033526584663394 
46.88 	 0.0003149407265426177 
46.9 	 0.0003272126008606334 
46.92 	 0.00034014410771648066 
46.94 	 0.0003536906759702465 
46.96 	 0.0003677690828118305 
46.98 	 0.0003822720168754875 
47.0 	 0.0003970513395772104 
47.02 	 0.0004119393769805572 
47.04 	 0.00042673427558520224 
47.06 	 0.00044122757192897237 
47.08 	 0.0004551923432549892 
47.1 	 0.0004684155596430721 
47.12 	 0.00048068926683428787 
47.14 	 0.000491844201688883 
47.16 	 0.0005017423345119686 
47.18 	 0.0005103055300347698 
47.2 	 0.0005175053604891761 
47.22 	 0.0005233794996769001 
47.24 	 0.0005280144733814518 
47.26 	 0.0005315456797285735 
47.28 	 0.0005341326963706578 
47.3 	 0.0005359463377009692 
47.32 	 0.0005371428528012327 
47.34 	 0.0005378490081471552 
47.36 	 0.0005381460117487839 
47.38 	 0.0005380651715669079 
47.4 	 0.0005375899200206494 
47.42 	 0.0005366674574193909 
47.44 	 0.0005352280013873169 
47.46 	 0.0005332060078438881 
47.48 	 0.0005305657329773353 
47.5 	 0.000527317500681669 
47.52 	 0.0005235351410892243 
47.54 	 0.0005193543947296627 
47.56 	 0.0005149732552102645 
47.58 	 0.0005106296886468206 
47.6 	 0.000506586089393329 
47.62 	 0.0005030948099450724 
47.64 	 0.0005003758741986774 
47.66 	 0.0004985844484263521 
47.68 	 0.0004977928194127785 
47.7 	 0.0004979722970971356 
47.72 	 0.0004989875416498086 
47.74 	 0.0005005995200617467 
47.76 	 0.0005024759250675433 
47.78 	 0.0005042150103552472 
47.8 	 0.0005053716307649328 
47.82 	 0.0005054949872012993 
47.84 	 0.0005041650942444154 
47.86 	 0.0005010309107041082 
47.88 	 0.0004958469374292824 
47.9 	 0.0004884943333944635 
47.92 	 0.0004790048137932461 
47.94 	 0.00046755036888357175 
47.96 	 0.00045444550175028253 
47.98 	 0.0004401028078115589 
48.0 	 0.0004250151927538876 
48.02 	 0.000409690391602489 
48.04 	 0.00039462675276477843 
48.06 	 0.0003802506096783194 
48.08 	 0.00036690433361369373 
48.1 	 0.0003548087689080511 
48.12 	 0.000344075884813053 
48.14 	 0.0003347044211334366 
48.16 	 0.00032661483438755056 
48.18 	 0.0003196683495416337 
48.2 	 0.00031370843802102066 
48.22 	 0.0003085827465995587 
48.24 	 0.0003041719801858674 
48.26 	 0.0003003968337521376 
48.28 	 0.00029722383840478006 
48.3 	 0.00029465270925862434 
48.32 	 0.0002927032749348044 
48.34 	 0.00029139321042056723 
48.36 	 0.00029072088945136115 
48.38 	 0.00029064982523277104 
48.4 	 0.00029110252640901344 
48.42 	 0.0002919626263868312 
48.44 	 0.000293085132405226 
48.46 	 0.0002943144946344715 
48.48 	 0.000295503981445721 
48.5 	 0.00029653675181366045 
48.52 	 0.0002973400999551617 
48.54 	 0.00029789458744541863 
48.56 	 0.00029823222967188183 
48.58 	 0.0002984272763390243 
48.6 	 0.00029857868310525213 
48.62 	 0.000298789297487219 
48.64 	 0.000299144259316393 
48.66 	 0.00029969385183395945 
48.68 	 0.00030044266491197134 
48.7 	 0.00030134896437530254 
48.72 	 0.0003023319681870129 
48.74 	 0.00030328875057981925 
48.76 	 0.0003041139922651408 
48.78 	 0.0003047226346252667 
48.8 	 0.0003050673863141441 
48.82 	 0.0003051509954865696 
48.84 	 0.00030502836323700693 
48.86 	 0.0003047997246786367 
48.88 	 0.0003045953265077236 
48.9 	 0.00030455456975099027 
48.92 	 0.000304803635599731 
48.94 	 0.0003054355991389643 
48.96 	 0.0003064960131212071 
48.98 	 0.00030797798863993513 
49.0 	 0.00030982443657686477 
49.02 	 0.00031194125936497686 
49.04 	 0.0003142127492846993 
49.06 	 0.0003165236047440393 
49.08 	 0.00031877499577181377 
49.1 	 0.00032090101513789984 
49.12 	 0.000322873323667016 
49.14 	 0.000324702885028368 
49.16 	 0.0003264298568150288 
49.18 	 0.0003281124673959314 
49.2 	 0.00032980906764048883 
49.22 	 0.00033156460619344365 
49.24 	 0.0003333963138050485 
49.26 	 0.00033528880270635006 
49.28 	 0.0003371913226202307 
49.3 	 0.00033902566832791977 
49.32 	 0.0003406948177422816 
49.34 	 0.0003420991970880826 
49.36 	 0.000343149885007636 
49.38 	 0.00034378427385674796 
49.4 	 0.000343975816903106 
49.42 	 0.0003437416859765016 
49.44 	 0.00034314454110570596 
49.46 	 0.00034228980956724534 
49.48 	 0.0003413194159215763 
49.5 	 0.0003404007130339513 
49.52 	 0.0003397144969599744 
49.54 	 0.0003394394693182166 
49.56 	 0.0003397371818872992 
49.58 	 0.00034073623712000073 
49.6 	 0.0003425170293719175 
49.62 	 0.0003451004301361852 
49.64 	 0.0003484363688695611 
49.66 	 0.0003524023752087919 
49.68 	 0.00035680087675840725 
49.7 	 0.0003613716807916955 
49.72 	 0.0003658011674093051 
49.74 	 0.00036974814590811386 
49.76 	 0.0003728634299766106 
49.78 	 0.0003748218280941366 
49.8 	 0.0003753451896642525 
49.82 	 0.0003742283570940406 
49.84 	 0.00037135615327259144 
49.86 	 0.00036671151827739933 
49.88 	 0.0003603791708620852 
49.9 	 0.0003525305778729552 
49.92 	 0.0003434134032517777 
49.94 	 0.0003333175471735703 
49.96 	 0.0003225568290841348 
49.98 	 0.0003114282914028138 
50.0 	 0.0003001970586120929 
50.02 	 0.0002890634321576021 
50.04 	 0.00027816112034861716 
50.06 	 0.00026754231682443795 
50.08 	 0.0002571937885278101 
50.1 	 0.00024704151446945205 
50.12 	 0.00023698134338123183 
50.14 	 0.00022689628588802726 
50.16 	 0.00021669249518701646 
50.18 	 0.00020631788939711335 
50.2 	 0.00019579262270399235 
50.22 	 0.00018521865067282672 
50.24 	 0.00017479644511737773 
50.26 	 0.0001648196474727252 
50.28 	 0.00015567422061596263 
50.3 	 0.00014781742705456533 
50.32 	 0.00014175967466693444 
50.34 	 0.0001380309521834686 
50.36 	 0.00013714893378100567 
50.38 	 0.00013957931113721408 
50.4 	 0.00014569728873510128 
50.42 	 0.00015575234396805973 
50.44 	 0.00016983415013224805 
50.46 	 0.00018785645228037908 
50.48 	 0.00020954020327930347 
50.5 	 0.00023443167661135893 
50.52 	 0.0002619115764975989 
50.54 	 0.00029125517217559326 
50.56 	 0.0003216654625828155 
50.58 	 0.00035236835431766867 
50.6 	 0.0003826548523890638 
50.62 	 0.0004119886830124828 
50.64 	 0.0004400339814162735 
50.66 	 0.00046674529155919504 
50.68 	 0.0004923577461405628 
50.7 	 0.000517434940958056 
50.72 	 0.0005428067364398229 
50.74 	 0.000569566780405876 
50.76 	 0.0005989538299116747 
50.78 	 0.0006323114593761482 
50.8 	 0.0006709185339916384 
50.82 	 0.0007159441266475761 
50.84 	 0.0007682407635689892 
50.86 	 0.0008283451054826248 
50.88 	 0.0008962531127745653 
50.9 	 0.0009715263394686268 
50.92 	 0.0010530679517812766 
50.94 	 0.0011393850640192434 
50.96 	 0.0012283756842864093 
50.98 	 0.0013177603048881324 
51.0 	 0.0014048756196326365 
51.02 	 0.0014872285244436855 
51.04 	 0.0015622829048834218 
51.06 	 0.0016280311990314797 
51.08 	 0.0016827647820828718 
51.1 	 0.001725535812988798 
51.12 	 0.0017559188916664982 
51.14 	 0.0017742674843495088 
51.16 	 0.0017814930029978852 
51.18 	 0.0017790923203506123 
51.2 	 0.0017689763918570158 
51.22 	 0.0017533202477350743 
51.24 	 0.001734461075270874 
51.26 	 0.0017146640495352256 
51.28 	 0.0016960861780019373 
51.3 	 0.0016805507935325743 
51.32 	 0.0016695529124737725 
51.34 	 0.001664108536474267 
51.36 	 0.001664771559042439 
51.38 	 0.0016715934526098904 
51.4 	 0.0016841315969071224 
51.42 	 0.0017015298474514172 
51.44 	 0.0017225139518379333 
51.46 	 0.0017455794395945868 
51.48 	 0.0017689805318598323 
51.5 	 0.0017909836905623411 
51.52 	 0.0018098580979067909 
51.54 	 0.0018241267712341114 
51.56 	 0.0018325629406772254 
51.58 	 0.0018343607152480096 
51.6 	 0.0018291383806045083 
51.62 	 0.001816968975026313 
51.64 	 0.0017983918423385879 
51.66 	 0.001774287470255441 
51.68 	 0.0017459020498338117 
51.7 	 0.0017146023663226172 
51.72 	 0.001681921649104446 
51.74 	 0.0016492657735469685 
51.76 	 0.0016179885682445 
51.78 	 0.0015891254751244177 
51.8 	 0.0015635005295037863 
51.82 	 0.0015415398645827055 
51.84 	 0.0015234025297997666 
51.86 	 0.0015088888963133607 
51.88 	 0.0014975787375097838 
51.9 	 0.0014888163254817464 
51.92 	 0.001481837175835895 
51.94 	 0.0014757933010695718 
51.96 	 0.0014698561039579137 
51.98 	 0.0014632434272584033 
52.0 	 0.0014552968569183928 
52.02 	 0.0014454821307809354 
52.04 	 0.0014334490093714728 
52.06 	 0.0014189914431305285 
52.08 	 0.001402102726325611 
52.1 	 0.0013828954403986543 
52.12 	 0.0013616623632485294 
52.14 	 0.0013387648121104807 
52.16 	 0.0013147026447944236 
52.18 	 0.0012899828155375148 
52.2 	 0.001265194239368127 
52.22 	 0.0012408687954317383 
52.24 	 0.0012175536604778815 
52.26 	 0.0011956778893105937 
52.28 	 0.0011756181896843212 
52.3 	 0.0011575862130245467 
52.32 	 0.001141691096108113 
52.34 	 0.0011278625698441674 
52.36 	 0.0011159188406207725 
52.38 	 0.001105534062672777 
52.4 	 0.0010963177553653715 
52.42 	 0.0010878207773440415 
52.44 	 0.0010796220276129895 
52.46 	 0.0010713499631827851 
52.48 	 0.0010627599543630933 
52.5 	 0.0010537389186723281 
52.52 	 0.0010443519255088464 
52.54 	 0.0010348047468635173 
52.56 	 0.0010254474424919308 
52.58 	 0.0010166935430694806 
52.6 	 0.0010089886675826248 
52.62 	 0.0010027136919403524 
52.64 	 0.0009981460703480179 
52.66 	 0.0009953898532279962 
52.68 	 0.0009943625289712905 
52.7 	 0.0009947853823400019 
52.72 	 0.0009962139521946724 
52.74 	 0.0009980913918235447 
52.76 	 0.000999814040934308 
52.78 	 0.0010008156556461237 
52.8 	 0.0010006373949116036 
52.82 	 0.0009989927211595995 
52.84 	 0.0009958066750714923 
52.86 	 0.0009912208606060431 
52.88 	 0.0009855824563265376 
52.9 	 0.0009793808289861514 
52.92 	 0.0009731933173069138 
52.94 	 0.0009675820066099176 
52.96 	 0.0009630267540141837 
52.98 	 0.0009598326768356124 
53.0 	 0.0009580890997152489 
53.02 	 0.0009576337851875445 
53.04 	 0.0009580650423939046 
53.06 	 0.0009587796755643907 
53.08 	 0.0009590399150564828 
53.1 	 0.0009580628722518854 
53.12 	 0.0009551173326019174 
53.14 	 0.000949613225560734 
53.16 	 0.0009411895021174506 
53.18 	 0.0009297485539622553 
53.2 	 0.000915502357473583 
53.22 	 0.0008989216096979125 
53.24 	 0.0008807295844420592 
53.26 	 0.0008617762857744414 
53.28 	 0.000842996417837961 
53.3 	 0.0008252538813950896 
53.32 	 0.000809298329622591 
53.34 	 0.0007956373469117587 
53.36 	 0.0007845264084533675 
53.38 	 0.0007759105603459661 
53.4 	 0.0007694654961135985 
53.42 	 0.0007646168536466975 
53.44 	 0.0007606248726833955 
53.46 	 0.0007566544866850002 
53.48 	 0.0007518759514474092 
53.5 	 0.0007455387544926174 
53.52 	 0.0007370556415711651 
53.54 	 0.0007260361619813004 
53.56 	 0.0007123329690152559 
53.58 	 0.0006960135399153714 
53.6 	 0.0006773681352327722 
53.62 	 0.0006568282433734687 
53.64 	 0.0006349537991702672 
53.66 	 0.0006123286484328232 
53.68 	 0.0005895514614123265 
53.7 	 0.0005671422049225947 
53.72 	 0.0005455544370565189 
53.74 	 0.0005251136163748496 
53.76 	 0.0005060535592828216 
53.78 	 0.0004884877340737158 
53.8 	 0.0004724590483621556 
53.82 	 0.00045793108635992856 
53.84 	 0.00044483551768467684 
53.86 	 0.00043306770276776063 
53.88 	 0.0004225208568340126 
53.9 	 0.000413077288284747 
53.92 	 0.00040462779919737745 
53.94 	 0.000397058699905065 
53.96 	 0.0003902619434569916 
53.98 	 0.0003841226570191252 
54.0 	 0.00037852672343973885 
54.02 	 0.0003733525297339016 
54.04 	 0.0003684795485302387 
54.06 	 0.0003637843173170722 
54.08 	 0.00035914989669026415 
54.1 	 0.00035446349656357613 
54.12 	 0.0003496252209400283 
54.14 	 0.00034454474213054415 
54.16 	 0.000339148516051286 
54.18 	 0.00033337449219516163 
54.2 	 0.0003271783833232576 
54.22 	 0.00032052686054130473 
54.24 	 0.0003134040919125926 
54.26 	 0.00030580430057351607 
54.28 	 0.0002977393760356539 
54.3 	 0.00028923124121325286 
54.32 	 0.0002803204073233576 
54.34 	 0.00027105791692143836 
54.36 	 0.0002615138502480662 
54.38 	 0.0002517681392909612 
54.4 	 0.0002419175633762263 
54.42 	 0.00023206466508429775 
54.44 	 0.00022232188377444207 
54.46 	 0.00021279831885017753 
54.48 	 0.00020360056675431393 
54.5 	 0.0001948183258781715 
54.52 	 0.0001865232427104129 
54.54 	 0.00017875604635390983 
54.56 	 0.00017152655632012104 
54.58 	 0.00016480607421682697 
54.6 	 0.00015853221106254 
54.62 	 0.00015260926879260203 
54.64 	 0.00014691960348839076 
54.66 	 0.00014133141513694738 
54.68 	 0.00013571457960463238 
54.7 	 0.00012995131142609474 
54.72 	 0.00012395114901759887 
54.74 	 0.00011765807315498454 
54.76 	 0.0001110590164822749 
54.78 	 0.00010418274866463174 
54.8 	 9.709928170692775e-05 
54.82 	 8.991016093807794e-05 
54.84 	 8.274048956780044e-05 
54.86 	 7.572446240605959e-05 
54.88 	 6.899478931526904e-05 
54.9 	 6.266908517407826e-05 
54.92 	 5.684183725652161e-05 
54.94 	 5.157619729364892e-05 
54.96 	 4.690172034531469e-05 
54.98 	 4.2813349659301355e-05 
55.0 	 3.927532624476526e-05 
55.02 	 3.622625233213894e-05 
55.04 	 3.358712143603719e-05 
55.06 	 3.126937184879565e-05 
55.08 	 2.9183693650494928e-05 
55.1 	 2.724743422300395e-05 
55.12 	 2.5390987937754136e-05 
55.14 	 2.3561803687753e-05 
55.16 	 2.172656367650866e-05 
55.18 	 1.987089575678312e-05 
55.2 	 1.7997513179395673e-05 
55.22 	 1.6122671187422605e-05 
55.24 	 1.4272023198118942e-05 
55.26 	 1.247598394911737e-05 
55.28 	 1.0765561612361562e-05 
55.3 	 9.16869992888984e-06 
55.32 	 7.707726600957186e-06 
55.34 	 6.397747746730016e-06 
55.36 	 5.246173240296974e-06 
55.38 	 4.253050120751908e-06 
55.4 	 3.4121117093644625e-06 
55.42 	 2.712191766396511e-06 
55.44 	 2.1388283944741166e-06 
55.46 	 1.6758025800817225e-06 
55.48 	 1.3064928050098145e-06 
55.5 	 1.0149336342582305e-06 
55.52 	 7.865586926632849e-07 
55.54 	 6.086315438355553e-07 
55.56 	 4.704141922058992e-07 
55.58 	 3.631312039394062e-07 
55.6 	 2.797973642716506e-07 
55.62 	 2.1496832837927295e-07 
55.64 	 1.6446460648340492e-07 
55.66 	 1.251043100145703e-07 
55.68 	 9.446720300326178e-08 
55.7 	 7.070049100486808e-08 
55.72 	 5.236821633837818e-08 
55.74 	 3.834021312394146e-08 
55.76 	 2.7713644930520285e-08 
55.78 	 1.9759205738939388e-08 
55.8 	 1.388463738264527e-08 
55.82 	 9.609521641485736e-09 
55.84 	 6.5469022062851905e-09 
55.86 	 4.388788343050015e-09 
55.88 	 2.8938181245640606e-09 
55.9 	 1.8762345008481914e-09 
55.92 	 1.195876353428016e-09 
55.94 	 7.491699706880598e-10 
55.96 	 4.61205773403456e-10 
55.98 	 2.789750367224565e-10 
56.0 	 1.6578155699982516e-10 
56.02 	 9.67737392335236e-11 
56.04 	 5.5486086511326694e-11 
56.06 	 3.124455025073869e-11 
56.08 	 1.7277825566592203e-11 
56.1 	 9.381916776891224e-12 
56.12 	 5.002031310325736e-12 
56.14 	 2.618300647212233e-12 
56.16 	 1.3454820592678562e-12 
56.18 	 6.787182966185981e-13 
56.2 	 3.3606499280674666e-13 
56.22 	 1.6332351817847993e-13 
56.24 	 7.789981031861863e-14 
56.26 	 3.646343909370274e-14 
56.28 	 1.674883497376838e-14 
56.3 	 7.549017237387809e-15 
56.32 	 3.3384822929242886e-15 
56.34 	 1.4485568369200105e-15 
56.36 	 6.166315370295333e-16 
56.38 	 2.575114629786364e-16 
56.4 	 1.054935604551421e-16 
56.42 	 4.2392867591230055e-17 
56.44 	 1.671002149688731e-17 
56.46 	 6.4604012478209425e-18 
56.48 	 2.449752017996501e-18 
56.5 	 9.110615994412704e-19 
56.52 	 3.3229218009230063e-19 
56.54 	 1.1885677680484144e-19 
56.56 	 4.169123831069323e-20 
56.58 	 1.434065804971881e-20 
56.6 	 4.837088633768731e-21 
56.62 	 1.599844285955566e-21 
56.64 	 5.188464642887171e-22 
56.66 	 1.6498975383572763e-22 
56.68 	 5.144251825436764e-23 
56.7 	 1.5726258473242165e-23 
56.72 	 4.7136568281160465e-24 
56.74 	 1.3851980460767376e-24 
56.76 	 3.9909811270033916e-25 
56.78 	 1.1273387102977345e-25 
56.8 	 3.121976540639199e-26 
56.82 	 8.476162960760023e-27 
56.84 	 2.2560972020140257e-27 
56.86 	 5.887080272735232e-28 
56.88 	 1.5059859297914117e-28 
56.9 	 3.7767321629103556e-29 
56.92 	 9.284993563742303e-30 
56.94 	 2.2377589764320004e-30 
56.96 	 5.286980424848157e-31 
56.98 	 1.2245075425557136e-31 
57.0 	 2.7801710154374674e-32 
57.02 	 6.187781725357447e-33 
57.04 	 1.3500480944790906e-33 
57.06 	 2.8874323877166633e-34 
57.08 	 6.053694007092511e-35 
57.1 	 1.2441509134491478e-35 
57.12 	 2.506499778343944e-36 
57.14 	 4.949969095868762e-37 
57.16 	 9.58243422950712e-38 
57.18 	 1.8183865371355105e-38 
57.2 	 3.382455890110281e-39 
57.22 	 6.167545058041942e-40 
57.24 	 1.1023653521793578e-40 
57.26 	 1.9313931399325596e-41 
57.28 	 3.317009206931158e-42 
57.3 	 5.584092033632844e-43 
57.32 	 9.214832898622616e-44 
57.34 	 1.4905637074905895e-44 
57.36 	 2.3634207346243577e-45 
57.38 	 3.673315706502946e-46 
57.4 	 5.596307058904017e-47 
57.42 	 8.357382490903735e-48 
57.44 	 1.2233871957458015e-48 
57.46 	 1.7554237817934795e-49 
57.48 	 2.469016234877368e-50 
57.5 	 3.4039987858185235e-51 
57.52 	 4.600212839845245e-52 
57.54 	 6.093813518950462e-53 
57.56 	 7.912664535679087e-54 
57.58 	 1.0071134333824459e-54 
57.6 	 1.2564805516929982e-55 
57.62 	 1.5365780608049185e-56 
57.64 	 1.841936736940202e-57 
57.66 	 2.16429165409089e-58 
57.68 	 2.4927437669991058e-59 
57.7 	 2.814233156492449e-60 
57.72 	 3.1143176864878e-61 
57.74 	 3.3782048506460893e-62 
57.76 	 3.5919404465563763e-63 
57.78 	 3.743623875660319e-64 
57.8 	 3.8245037567740855e-65 
57.82 	 3.829813770162246e-66 
57.84 	 3.759237719549059e-67 
57.86 	 3.6169406996738955e-68 
57.88 	 3.411162097522258e-69 
57.9 	 3.1534257431842476e-70 
57.92 	 2.8574725112882418e-71 
57.94 	 2.538052728211203e-72 
57.96 	 2.2097252452896102e-73 
57.98 	 1.885796862707904e-74 
58.0 	 1.5775040270354893e-75 
58.02 	 1.2934955134789385e-76 
58.04 	 1.0396285794068391e-77 
58.06 	 8.190497464640912e-79 
58.08 	 6.325008247834945e-80 
58.1 	 4.787740674460919e-81 
58.12 	 3.552375067802799e-82 
58.14 	 2.5836022042728207e-83 
58.16 	 1.8418365553417727e-84 
58.18 	 1.2870490883112677e-85 
58.2 	 8.815718015873112e-87 
58.22 	 5.918870002091533e-88 
58.24 	 3.895277694787291e-89 
58.26 	 2.512791983796937e-90 
58.28 	 1.5888874151404383e-91 
58.3 	 9.848002932943057e-93 
58.32 	 5.983036535647939e-94 
58.34 	 3.5629815058720025e-95 
58.36 	 2.0798111208130218e-96 
58.38 	 1.1900155243702095e-97 
58.4 	 6.674208199510301e-99 
58.42 	 3.669148217032917e-100 
58.44 	 1.9771933190824288e-101 
58.46 	 1.0443627613058452e-102 
58.48 	 5.4071943371540713e-104 
58.5 	 2.7441694778378877e-105 
58.52 	 1.3651118112025795e-106 
58.54 	 6.6564681267179035e-108 
58.56 	 3.1815431790068563e-109 
58.58 	 1.4905622361354392e-110 
58.6 	 6.845114689889219e-112 
58.62 	 3.081269341562127e-113 
58.64 	 1.3595554056796437e-114 
58.66 	 5.880069648228905e-116 
58.68 	 2.492793692629987e-117 
58.7 	 1.0358777589594036e-118 
58.72 	 4.2193833194115146e-120 
58.74 	 1.6846425032829692e-121 
58.76 	 6.593026512356005e-123 
58.78 	 2.529182596423326e-124 
58.8 	 9.5102917285002e-126 
58.82 	 3.50530476567579e-127 
58.84 	 1.2664149106110337e-128 
58.86 	 4.484815000015187e-130 
58.88 	 1.5567946653859211e-131 
58.9 	 5.297078619193219e-133 
58.92 	 1.7666876916689813e-134 
58.94 	 5.775657439503976e-136 
58.96 	 1.8508079129196315e-137 
58.98 	 5.8135249951982384e-139 
59.0 	 1.7899298661993564e-140 
59.02 	 5.401952458100085e-142 
59.04 	 1.5980257451723843e-143 
59.06 	 4.633776207474985e-145 
59.08 	 1.3170571085571126e-146 
59.1 	 3.6693777599418425e-148 
59.12 	 1.0020710299046964e-149 
59.14 	 2.68239574943721e-151 
59.16 	 7.038262481185686e-153 
59.18 	 1.810199021637163e-154 
59.2 	 4.5635777138323406e-156 
59.22 	 1.1277240222803328e-157 
59.24 	 2.7316085746402015e-159 
59.26 	 6.485632789474567e-161 
59.28 	 1.5094005187089704e-162 
59.3 	 3.443300162468166e-164 
59.32 	 7.699517638153334e-166 
59.34 	 1.687603425746699e-167 
59.36 	 3.6257305115250494e-169 
59.38 	 7.63552467659622e-171 
59.4 	 1.576160673810105e-172 
59.42 	 3.1891895036842835e-174 
59.44 	 6.32525470720686e-176 
59.46 	 1.2296863487143828e-177 
59.48 	 2.3433055013472783e-179 
59.5 	 4.3770519101510257e-181 
59.52 	 0.0 
59.54 	 0.0 
59.56 	 0.0 
59.58 	 0.0 
59.6 	 0.0 
59.62 	 0.0 
59.64 	 0.0 
59.66 	 0.0 
59.68 	 0.0 
59.7 	 0.0 
59.72 	 0.0 
59.74 	 0.0 
59.76 	 0.0 
59.78 	 0.0 
59.8 	 0.0 
59.82 	 0.0 
59.84 	 0.0 
59.86 	 0.0 
59.88 	 0.0 
59.9 	 0.0 
59.92 	 0.0 
59.94 	 0.0 
59.96 	 0.0 
59.98 	 0.0 
