0.0 	 1.0901476383412378 
0.02 	 1.331324629365427 
0.04 	 1.46720383934553 
0.06 	 1.6133399473590977 
0.08 	 1.6894156526766497 
0.1 	 1.7582966547178926 
0.12 	 1.7915485733842416 
0.14 	 1.795950458783188 
0.16 	 1.7930774378251324 
0.18 	 1.7429029368394264 
0.2 	 1.7094199760119655 
0.22 	 1.6168817473141956 
0.24 	 1.5580315193856278 
0.26 	 1.4362520252403979 
0.28 	 1.356750135652377 
0.3 	 1.2172148737299175 
0.32 	 1.1205945457384021 
0.34 	 0.97062200387848 
0.36 	 0.8577482590360841 
0.38 	 0.6976940592134199 
0.4 	 0.5632875677363677 
0.42 	 0.3871536780981167 
0.44 	 0.2439306822652034 
0.46 	 0.13943697975666625 
0.48 	 0.08852589258590728 
0.5 	 0.05991223329085405 
0.52 	 0.04426445585128631 
0.54 	 0.035114249258393224 
0.56 	 0.029977386973587705 
0.58 	 0.027152666807958626 
0.6 	 0.02576619293088933 
0.62 	 0.025245558840067527 
0.64 	 0.025222693441165636 
0.66 	 0.02548704972751331 
0.68 	 0.025861653970154875 
0.7 	 0.026272997713612634 
0.72 	 0.026631111290710587 
0.74 	 0.02692189439967135 
0.76 	 0.02710551889002327 
0.78 	 0.02719728043179521 
0.8 	 0.02719074258409529 
0.82 	 0.027116335736017398 
0.84 	 0.026988114816709027 
0.86 	 0.026842242134417698 
0.88 	 0.026700169123225752 
0.9 	 0.026596098311550468 
0.92 	 0.02654653118012524 
0.94 	 0.02657771366525343 
0.96 	 0.026692012962115964 
0.98 	 0.026904442641723706 
1.0 	 0.027199189953858578 
1.02 	 0.02758021639307513 
1.04 	 0.028015220921172646 
1.06 	 0.028500401458718017 
1.08 	 0.028993378148281443 
1.1 	 0.02948748661951215 
1.12 	 0.029939058069465785 
1.14 	 0.030343054620994337 
1.16 	 0.03066280062499434 
1.18 	 0.03089733920864017 
1.2 	 0.031022414750248705 
1.22 	 0.031041109902221545 
1.24 	 0.03094331864314526 
1.26 	 0.03073448470592571 
1.28 	 0.030417530067893793 
1.3 	 0.02999852142238714 
1.32 	 0.02949109711902034 
1.34 	 0.028901359148065003 
1.36 	 0.028251293851945424 
1.38 	 0.027547594684692155 
1.4 	 0.0268180674634719 
1.42 	 0.02607055261036952 
1.44 	 0.02533517862583813 
1.46 	 0.024620225481849164 
1.48 	 0.02395339974489023 
1.5 	 0.023341213469077797 
1.52 	 0.02280393939716634 
1.54 	 0.02234368252918899 
1.56 	 0.021969778378221994 
1.58 	 0.021678413839666576 
1.6 	 0.02146736103723903 
1.62 	 0.0213273980020486 
1.64 	 0.02124707952966984 
1.66 	 0.02121400516040522 
1.68 	 0.02121173604641287 
1.7 	 0.02122754848302388 
1.72 	 0.02124457787253709 
1.74 	 0.021252143670088614 
1.76 	 0.021236615830756506 
1.78 	 0.02119060208210699 
1.8 	 0.021105784150450165 
1.82 	 0.02097807112570561 
1.84 	 0.02080483127475226 
1.86 	 0.02058431929211231 
1.88 	 0.0203186309439911 
1.9 	 0.020006984573275356 
1.92 	 0.019654682907694003 
1.94 	 0.01926081586396097 
1.96 	 0.018832710840868586 
1.98 	 0.018369126634893894 
2.0 	 0.017879107466823183 
2.02 	 0.017361850446659645 
2.04 	 0.016828470073328952 
2.06 	 0.016279744074304752 
2.08 	 0.015729023549704926 
2.1 	 0.015179232110111605 
2.12 	 0.014645096403039872 
2.14 	 0.014131054739946428 
2.16 	 0.013651213462681968 
2.18 	 0.013209946403382059 
2.2 	 0.012818461238305113 
2.22 	 0.012479597441114286 
2.24 	 0.01220041130402178 
2.26 	 0.011982017324881506 
2.28 	 0.011827924375699107 
2.3 	 0.011738995595185599 
2.32 	 0.011717268811745582 
2.34 	 0.011765629683729366 
2.36 	 0.01188659700725503 
2.38 	 0.012086426012242468 
2.4 	 0.012368016281091947 
2.42 	 0.012739948858938631 
2.44 	 0.013202435445707334 
2.46 	 0.013762944507872322 
2.48 	 0.014414014580744561 
2.5 	 0.015157990713512603 
2.52 	 0.015975634846515097 
2.54 	 0.016862286906402707 
2.56 	 0.017786753765847346 
2.58 	 0.018739428187722777 
2.6 	 0.01968223806953081 
2.62 	 0.020606201215093333 
2.64 	 0.021475174104642898 
2.66 	 0.02228732791195106 
2.68 	 0.02301716560337651 
2.7 	 0.02367430852628656 
2.72 	 0.024248495200177498 
2.74 	 0.02476092421529724 
2.76 	 0.025215116041989016 
2.78 	 0.02564015958458562 
2.8 	 0.02604706049734152 
2.82 	 0.026467527338186466 
2.84 	 0.026912136939719725 
2.86 	 0.027410917236606026 
2.88 	 0.02796748921823772 
2.9 	 0.028608195758476247 
2.92 	 0.029325750175056602 
2.94 	 0.030142759840939348 
2.96 	 0.031039164856229807 
2.98 	 0.032034563850572746 
3.0 	 0.03309552374152729 
3.02 	 0.034239309776657255 
3.04 	 0.03541974189164209 
3.06 	 0.03665234912874553 
3.08 	 0.037880724856258916 
3.1 	 0.03911945351412217 
3.12 	 0.04030670766970819 
3.14 	 0.041456945813261294 
3.16 	 0.042509305536346215 
3.18 	 0.043478214607618075 
3.2 	 0.04431009886561301 
3.22 	 0.045017975771782036 
3.24 	 0.045560241026237354 
3.26 	 0.04594562370806987 
3.28 	 0.04614699827968988 
3.3 	 0.04616537963870133 
3.32 	 0.04598917211467745 
3.34 	 0.045609255506467786 
3.36 	 0.045030444832465155 
3.38 	 0.044233535721648835 
3.4 	 0.04324129820061567 
3.42 	 0.042027692777020946 
3.44 	 0.040635291358843945 
3.46 	 0.03903719753666916 
3.48 	 0.03729633470957182 
3.5 	 0.03539185923243398 
3.52 	 0.03340421879687834 
3.54 	 0.031323756043698386 
3.56 	 0.029240979129652796 
3.58 	 0.02715827385788862 
3.6 	 0.025164805712586627 
3.62 	 0.02327073263876406 
3.64 	 0.021551312727860032 
3.66 	 0.020016695549649643 
3.68 	 0.018718191566593257 
3.7 	 0.01765813629276645 
3.72 	 0.016859233008489197 
3.74 	 0.01631171870966591 
3.76 	 0.016011307542621422 
3.78 	 0.015937179512299303 
3.8 	 0.016064909424379888 
3.82 	 0.016368373609688788 
3.84 	 0.016812834560093293 
3.86 	 0.017374925089601295 
3.88 	 0.018019711805576998 
3.9 	 0.018734058466304184 
3.92 	 0.01949073185926774 
3.94 	 0.020291575047429032 
3.96 	 0.02112100693448872 
3.98 	 0.021997236033022335 
4.0 	 0.022915960200120596 
4.02 	 0.02391074627206547 
4.04 	 0.02498490571207125 
4.06 	 0.026185973707027667 
4.08 	 0.027519632494718088 
4.1 	 0.02904771184563215 
4.12 	 0.030772680366088604 
4.14 	 0.0327741998344347 
4.16 	 0.035045633832003036 
4.18 	 0.03769225381642031 
4.2 	 0.040691032078850414 
4.22 	 0.0441861366476213 
4.24 	 0.048127314300328954 
4.26 	 0.05271810416172312 
4.28 	 0.05786226140097131 
4.3 	 0.06385142071445037 
4.32 	 0.07050809486915377 
4.34 	 0.07824830800376587 
4.36 	 0.08674939937939068 
4.38 	 0.09659385307221302 
4.4 	 0.10721236038659068 
4.42 	 0.11940034631065254 
4.44 	 0.1322107592926901 
4.46 	 0.14669935483251698 
4.48 	 0.16141817467156436 
4.5 	 0.17771623036611797 
4.52 	 0.1935969596335947 
4.54 	 0.21068532541039953 
4.56 	 0.22653974370414576 
4.58 	 0.24294735432528264 
4.6 	 0.25731830960986496 
4.62 	 0.2713691804501709 
4.64 	 0.28281657550525385 
4.66 	 0.29299266100361576 
4.68 	 0.3004090063189969 
4.7 	 0.3057191571304195 
4.72 	 0.3085802737595362 
4.74 	 0.3088086954561636 
4.76 	 0.30728268495426864 
4.78 	 0.3030201166497328 
4.8 	 0.2978936398349098 
4.82 	 0.29032888965468273 
4.84 	 0.28276615703150343 
4.86 	 0.2733186223165559 
4.88 	 0.26454242336585826 
4.9 	 0.25449873636424686 
4.92 	 0.2455301800163394 
4.94 	 0.23583732516567765 
4.96 	 0.22739005334768173 
4.98 	 0.2186400740540897 
5.0 	 0.21115198020510895 
5.02 	 0.20366860872452816 
5.04 	 0.19737428017242495 
5.06 	 0.19128744157195046 
5.08 	 0.18625390675760695 
5.1 	 0.1815188016618302 
5.12 	 0.17764268079622395 
5.14 	 0.17403798091634506 
5.16 	 0.1710523698350505 
5.18 	 0.16821261674766333 
5.2 	 0.1657438308602619 
5.22 	 0.1632482813448412 
5.24 	 0.16092071044673287 
5.26 	 0.15841535233439305 
5.28 	 0.1559665362240459 
5.3 	 0.15327000031608426 
5.32 	 0.15062740042821762 
5.34 	 0.14777399865472676 
5.36 	 0.14505931954018497 
5.38 	 0.14225857414833418 
5.4 	 0.13971660354570908 
5.42 	 0.13724688157061793 
5.44 	 0.13513097927389983 
5.46 	 0.1332166818674654 
5.48 	 0.13168395878854156 
5.5 	 0.13041167653257235 
5.52 	 0.12947311738818248 
5.54 	 0.12877764672594752 
5.56 	 0.12831614039369305 
5.58 	 0.1280289698254216 
5.6 	 0.12786309885182415 
5.62 	 0.1277879973236762 
5.64 	 0.1277424662343801 
5.66 	 0.12771863836968145 
5.68 	 0.12766941822727948 
5.7 	 0.127599903268266 
5.72 	 0.1274846190525378 
5.74 	 0.12733256918639277 
5.76 	 0.1271382235985497 
5.78 	 0.12690984334589048 
5.8 	 0.12665709873524447 
5.82 	 0.126388178724047 
5.84 	 0.1261221235198696 
5.86 	 0.12587055084135876 
5.88 	 0.12565333777390952 
5.9 	 0.12548809072056052 
5.92 	 0.12538354178903485 
5.94 	 0.12536276425423667 
5.96 	 0.12541138590894815 
5.98 	 0.1255550075851116 
6.0 	 0.12575060356558762 
6.02 	 0.12602311283217463 
6.04 	 0.12630638846794376 
6.06 	 0.12662285803458231 
6.08 	 0.12689913874278227 
6.1 	 0.12715486781464289 
6.12 	 0.1273295907330546 
6.14 	 0.1274410442818614 
6.16 	 0.12745787971673359 
6.18 	 0.1273978441403539 
6.2 	 0.12726428681584634 
6.22 	 0.12707813278100924 
6.24 	 0.12687011455275413 
6.26 	 0.12666904539144525 
6.28 	 0.12651520987715978 
6.3 	 0.12645156920498868 
6.32 	 0.126504863152354 
6.34 	 0.12673924325703115 
6.36 	 0.1271445431585186 
6.38 	 0.12781162498117787 
6.4 	 0.12867255797394647 
6.42 	 0.12984488348645123 
6.44 	 0.13118645182724437 
6.46 	 0.13283153843488946 
6.48 	 0.13455685497805864 
6.5 	 0.13649132854857787 
6.52 	 0.13834407232282292 
6.54 	 0.1402061529386018 
6.56 	 0.14176599054899314 
6.58 	 0.14303988582514848 
6.6 	 0.1437799956890437 
6.62 	 0.14389682304538862 
6.64 	 0.1433121030461793 
6.66 	 0.14181870168323532 
6.68 	 0.13959659477748565 
6.7 	 0.13633899741941014 
6.72 	 0.13250897929886932 
6.74 	 0.1277454829840912 
6.76 	 0.12272889739581072 
6.78 	 0.11709654436353714 
6.8 	 0.11160680921401411 
6.82 	 0.10593033213677075 
6.84 	 0.10074887372182284 
6.86 	 0.09577503412380305 
6.88 	 0.09150775302294568 
6.9 	 0.0876961221871857 
6.92 	 0.08462727971499125 
6.94 	 0.0820833647975923 
6.96 	 0.08017360948114442 
6.98 	 0.0787169366513548 
7.0 	 0.0777074550879531 
7.02 	 0.07700676593003039 
7.04 	 0.0765564127901343 
7.06 	 0.07626193628379226 
7.08 	 0.07605872543394246 
7.1 	 0.07588978026773145 
7.12 	 0.07570962591381422 
7.14 	 0.07548566783260426 
7.16 	 0.07519826606900491 
7.18 	 0.07482353637719168 
7.2 	 0.07436341950551385 
7.22 	 0.07378945751997745 
7.24 	 0.07311953936123568 
7.26 	 0.0723142595363669 
7.28 	 0.0714074351796627 
7.3 	 0.07035142097695532 
7.32 	 0.06920230870092779 
7.34 	 0.06791473188201441 
7.36 	 0.06657418416858604 
7.38 	 0.06515156949873321 
7.4 	 0.06376159054300105 
7.42 	 0.06240333711193534 
7.44 	 0.06120783468972135 
7.46 	 0.060207996795487176 
7.48 	 0.05952598199442236 
7.5 	 0.05922708563545475 
7.52 	 0.059392133227601486 
7.54 	 0.06011316942500752 
7.56 	 0.06139589291279052 
7.58 	 0.06335400139924982 
7.6 	 0.06588743165111645 
7.62 	 0.06913059012916056 
7.64 	 0.07285453955107225 
7.66 	 0.07721767441485772 
7.68 	 0.0818540551971073 
7.7 	 0.0869492788624809 
7.72 	 0.09201836653120322 
7.74 	 0.09727010816641417 
7.76 	 0.10215415475418647 
7.78 	 0.10688530317850048 
7.8 	 0.11093620352616841 
7.82 	 0.11449773006167789 
7.84 	 0.11717014041817925 
7.86 	 0.11908686265500067 
7.88 	 0.12006325577654453 
7.9 	 0.12015195647555403 
7.92 	 0.11941962108534329 
7.94 	 0.11783445588590352 
7.96 	 0.11568324666087024 
7.98 	 0.11286488755537909 
8.0 	 0.10980086549469842 
8.02 	 0.10634555982616281 
8.04 	 0.10295117080672637 
8.06 	 0.09945264880230377 
8.08 	 0.09624765956535962 
8.1 	 0.09317219205793616 
8.12 	 0.09052229275455066 
8.14 	 0.08814937467819477 
8.16 	 0.08623672725781668 
8.18 	 0.08465907504788542 
8.2 	 0.08349841519462296 
8.22 	 0.08265441378809489 
8.24 	 0.08212957054942875 
8.26 	 0.08184517704443112 
8.28 	 0.0817501127038443 
8.3 	 0.08178095794972595 
8.32 	 0.08186090184692466 
8.34 	 0.08193413640164819 
8.36 	 0.08192669425741184 
8.38 	 0.0817826575989075 
8.4 	 0.08145723957464017 
8.42 	 0.08088808326996087 
8.44 	 0.08007983932543514 
8.46 	 0.07896050198382187 
8.48 	 0.07759464926570747 
8.5 	 0.07590173396429349 
8.52 	 0.07400469741908716 
8.54 	 0.07181936236085723 
8.56 	 0.0695134123543175 
8.58 	 0.06700527158082736 
8.6 	 0.06448457078186773 
8.62 	 0.06187676789473852 
8.64 	 0.05936714405461892 
8.66 	 0.056889208379631705 
8.68 	 0.054601121605278434 
8.7 	 0.05244311301744196 
8.72 	 0.05053278341854155 
8.74 	 0.04881626826405776 
8.76 	 0.047368717093271416 
8.78 	 0.04614428812224891 
8.8 	 0.04518321183820333 
8.82 	 0.044452843426603696 
8.84 	 0.04397008162913224 
8.86 	 0.04372136670117176 
8.88 	 0.04370950499689452 
8.9 	 0.04394323475697999 
8.92 	 0.044413247820631455 
8.94 	 0.045148840951879876 
8.96 	 0.04612208085062362 
8.98 	 0.04737667122310519 
9.0 	 0.048854508087000925 
9.02 	 0.05060657597153105 
9.04 	 0.05253502546449567 
9.06 	 0.054694370582426835 
9.08 	 0.056946689081649335 
9.1 	 0.059352000623827256 
9.12 	 0.06174473092834261 
9.14 	 0.06419684909908588 
9.16 	 0.06653741562826987 
9.18 	 0.0688573523040472 
9.2 	 0.0710038737436753 
9.22 	 0.0730905134783852 
9.24 	 0.07499708763908848 
9.26 	 0.07685846293635452 
9.28 	 0.07858594007720042 
9.3 	 0.08033086925867734 
9.32 	 0.08202008154706923 
9.34 	 0.08381631849801412 
9.36 	 0.08563808192544022 
9.38 	 0.08765755450503847 
9.4 	 0.08976181210906439 
9.42 	 0.09213527517745745 
9.44 	 0.09461719479707852 
9.46 	 0.09741076567418334 
9.48 	 0.1002992341532442 
9.5 	 0.10351175727967533 
9.52 	 0.10677401439568879 
9.54 	 0.1103452265305829 
9.56 	 0.11389649647680859 
9.58 	 0.11771522572690478 
9.6 	 0.12142524506125206 
9.62 	 0.12533312358659007 
9.64 	 0.12902932800142225 
9.66 	 0.13282420148745688 
9.68 	 0.13629865884734016 
9.7 	 0.13974722078305038 
9.72 	 0.14277597610466836 
9.74 	 0.14564276250914135 
9.76 	 0.14802006890404557 
9.78 	 0.15011010014737242 
9.8 	 0.15168943893216424 
9.82 	 0.1528907476890773 
9.84 	 0.153617337804956 
9.86 	 0.15392645734570798 
9.88 	 0.15384904363533577 
9.9 	 0.15337186057587177 
9.92 	 0.1526343326477781 
9.94 	 0.15157026082892228 
9.96 	 0.1503955291742918 
9.98 	 0.1490199438231835 
10.0 	 0.1476964551005497 
10.02 	 0.14634511023812127 
10.04 	 0.14520924970892102 
10.06 	 0.14424818625730895 
10.08 	 0.1436407420663155 
10.1 	 0.14339971358497125 
10.12 	 0.14358309172566863 
10.14 	 0.14425395638686508 
10.16 	 0.14530994330476588 
10.18 	 0.14684874712075566 
10.2 	 0.148607531005182 
10.22 	 0.15069706192234572 
10.24 	 0.15274715525184365 
10.26 	 0.15485742099635347 
10.28 	 0.15665070656064747 
10.3 	 0.1581903780220744 
10.32 	 0.15921117868829676 
10.34 	 0.1597200178688783 
10.36 	 0.15965740111687346 
10.38 	 0.15896774123703764 
10.4 	 0.15782657693299237 
10.42 	 0.1561295465282523 
10.44 	 0.1542374358493535 
10.46 	 0.15202687153171113 
10.48 	 0.14993530564706634 
10.5 	 0.14785625435966998 
10.52 	 0.1461794912979861 
10.54 	 0.14484863930211106 
10.56 	 0.14410518594224703 
10.58 	 0.14396801097507889 
10.6 	 0.1444704783938315 
10.62 	 0.14571917409063592 
10.64 	 0.1475179882555336 
10.66 	 0.15005557207864223 
10.68 	 0.15291934324711925 
10.7 	 0.15635163685800185 
10.72 	 0.1597769539599197 
10.74 	 0.1634385112413 
10.76 	 0.16670398903982434 
10.78 	 0.1697445558595127 
10.8 	 0.1720295327594145 
10.82 	 0.17357992214828907 
10.84 	 0.17414741032348705 
10.86 	 0.17354668569745607 
10.88 	 0.17195334234246065 
10.9 	 0.16897040166652236 
10.92 	 0.165231108426862 
10.94 	 0.16018048356947492 
10.96 	 0.15480174613127098 
10.98 	 0.14846864863215245 
11.0 	 0.14229982298929342 
11.02 	 0.13567514789954896 
11.04 	 0.12962069927993808 
11.06 	 0.12356729894843163 
11.08 	 0.11830131303515838 
11.1 	 0.11332347901904952 
11.12 	 0.10914836679455507 
11.14 	 0.10535469777277533 
11.16 	 0.10223662266976 
11.18 	 0.09945276281127881 
11.2 	 0.09715683219284889 
11.22 	 0.09508045458644995 
11.24 	 0.09330659317771678 
11.26 	 0.09162367299295306 
11.28 	 0.09009047753686723 
11.3 	 0.08853165522220181 
11.32 	 0.08700947340880394 
11.34 	 0.0853671239988273 
11.36 	 0.08368758082141804 
11.38 	 0.08182292209580183 
11.4 	 0.07988794094978549 
11.42 	 0.07774246861677113 
11.44 	 0.07553670368711961 
11.46 	 0.07314197733060539 
11.48 	 0.07073665269400951 
11.5 	 0.06820708030289367 
11.52 	 0.06574184343346637 
11.54 	 0.06324229462840761 
11.56 	 0.06088438093559674 
11.58 	 0.058581223012732705 
11.6 	 0.05647715105428335 
11.62 	 0.05449361975849533 
11.64 	 0.0527347490526969 
11.66 	 0.051129502039973296 
11.68 	 0.04974430146169131 
11.7 	 0.04851768000115516 
11.72 	 0.04748753338106805 
11.74 	 0.04660475834822337 
11.76 	 0.04588849903725136 
11.78 	 0.04530296923005332 
11.8 	 0.04485489834923471 
11.82 	 0.04451990788960934 
11.84 	 0.0442947100137397 
11.86 	 0.04416255729516274 
11.88 	 0.04411075725865598 
11.9 	 0.0441264959668953 
11.92 	 0.04418914720890042 
11.94 	 0.044287648428083456 
11.96 	 0.04439710547192975 
11.98 	 0.044507780678322256 
12.0 	 0.04459596182658191 
12.02 	 0.04465396353262356 
12.04 	 0.04466502155351582 
12.06 	 0.04462468010220367 
12.08 	 0.0445275918995828 
12.1 	 0.044373708852986894 
12.12 	 0.044171000217436404 
12.14 	 0.043924638806635954 
12.16 	 0.04365442870583484 
12.18 	 0.043370694640558365 
12.2 	 0.04310002884738026 
12.22 	 0.0428564600708262 
12.24 	 0.04266555327214994 
12.26 	 0.0425422635531616 
12.28 	 0.042502504899360125 
12.3 	 0.04255898505147193 
12.32 	 0.042711245313600675 
12.34 	 0.04296768525807403 
12.36 	 0.04330911940819048 
12.38 	 0.04373995392257952 
12.4 	 0.04422545498033046 
12.42 	 0.04476905206810919 
12.44 	 0.04532849100741708 
12.46 	 0.045911291097194745 
12.48 	 0.04647818195670577 
12.5 	 0.04704675412565325 
12.52 	 0.047590295918048184 
12.54 	 0.048142225530127085 
12.56 	 0.04869342512300198 
12.58 	 0.049297615737369606 
12.6 	 0.04996075093793323 
12.62 	 0.050759003866913066 
12.64 	 0.05170165500393455 
12.66 	 0.052886433713878016 
12.68 	 0.054305412690442006 
12.7 	 0.05607434634102049 
12.72 	 0.05814187499276628 
12.74 	 0.06063765269103156 
12.76 	 0.06344082190034771 
12.78 	 0.06669301913688892 
12.8 	 0.07018584528555318 
12.82 	 0.07407454351504777 
12.84 	 0.07806124140823746 
12.86 	 0.08231789977869856 
12.88 	 0.08647681588399501 
12.9 	 0.09072627084134834 
12.92 	 0.09466958741870365 
12.94 	 0.0985026661679356 
12.96 	 0.10185405366128802 
12.98 	 0.10490944466690842 
13.0 	 0.10737657699936512 
13.02 	 0.10940873621006653 
13.04 	 0.11083252415540151 
13.06 	 0.11175070024584165 
13.08 	 0.11212513227927129 
13.1 	 0.11200198501430178 
13.12 	 0.11146983447724636 
13.14 	 0.11052742859443819 
13.16 	 0.1093601319099264 
13.18 	 0.10794008845330626 
13.2 	 0.10650380759515106 
13.22 	 0.10502043355577881 
13.24 	 0.1037228322254977 
13.26 	 0.10259432549952269 
13.28 	 0.10180879644140244 
13.3 	 0.10137012914921842 
13.32 	 0.10134830754115515 
13.34 	 0.10176535894203978 
13.36 	 0.10256414023195697 
13.38 	 0.10377845481544112 
13.4 	 0.10523078686399875 
13.42 	 0.10695921568126601 
13.44 	 0.1087051710817919 
13.46 	 0.11050171758089064 
13.48 	 0.11207569040607948 
13.5 	 0.11344290113541551 
13.52 	 0.11439409334700903 
13.54 	 0.11491456582962789 
13.56 	 0.11492629907702114 
13.58 	 0.11437467127003564 
13.6 	 0.1133452431599039 
13.62 	 0.11174172518484006 
13.64 	 0.10979799508660389 
13.66 	 0.10738135471548094 
13.68 	 0.1048184044195506 
13.7 	 0.1019485041995251 
13.72 	 0.09911992363658022 
13.74 	 0.0961531091596223 
13.76 	 0.09336016985992371 
13.78 	 0.09055249290042339 
13.8 	 0.08797829803475614 
13.82 	 0.08545138443565356 
13.84 	 0.08315753128688974 
13.86 	 0.08092478083129113 
13.88 	 0.07889418078829864 
13.9 	 0.07691736702216807 
13.92 	 0.07511013904131 
13.94 	 0.0733525879606136 
13.96 	 0.07174780625326953 
13.98 	 0.07020515015224447 
14.0 	 0.06881914429058271 
14.02 	 0.06752754612709091 
14.04 	 0.06641484743838356 
14.06 	 0.06544697411758318 
14.08 	 0.06469407542591123 
14.1 	 0.06415103481043292 
14.12 	 0.06386678895409247 
14.14 	 0.06386533452508353 
14.16 	 0.06416357873304125 
14.18 	 0.06481218931250703 
14.2 	 0.06578109668327163 
14.22 	 0.0671423756886333 
14.24 	 0.0688032402515253 
14.26 	 0.0708509106098891 
14.28 	 0.07312004553818402 
14.3 	 0.07570767416306035 
14.32 	 0.07837941256859882 
14.34 	 0.08123736410252382 
14.36 	 0.08399969016882038 
14.38 	 0.08676671085277866 
14.4 	 0.08924816018829346 
14.42 	 0.09153113793853397 
14.44 	 0.0933667408984488 
14.46 	 0.09481399508466563 
14.48 	 0.09571471814470868 
14.5 	 0.09608734340439666 
14.52 	 0.09590065962226901 
14.54 	 0.09512982508722378 
14.56 	 0.09388297216457454 
14.58 	 0.09210317965346893 
14.6 	 0.09002056395034169 
14.62 	 0.08756782912273438 
14.64 	 0.08505150449346795 
14.66 	 0.08241636279546295 
14.68 	 0.07998152602631432 
14.7 	 0.07771729784101841 
14.72 	 0.07588941692486491 
14.74 	 0.07449570238209875 
14.76 	 0.07369630871188271 
14.78 	 0.07351309324992232 
14.8 	 0.07397133607853443 
14.82 	 0.07511659372414317 
14.84 	 0.07683351601181808 
14.86 	 0.07919792383030656 
14.88 	 0.08196745584901502 
14.9 	 0.0852579677551909 
14.92 	 0.08872854425724658 
14.94 	 0.09254000596629083 
14.96 	 0.0962924450375981 
14.98 	 0.10018476177442281 
15.0 	 0.10380444062781805 
15.02 	 0.10736774772659309 
15.04 	 0.11049698704877141 
15.06 	 0.11339487565736592 
15.08 	 0.11576067078940581 
15.1 	 0.1177497720828755 
15.12 	 0.11917032900767531 
15.14 	 0.12010206872135001 
15.16 	 0.12048153103877272 
15.18 	 0.12029673004267295 
15.2 	 0.11961947051075517 
15.22 	 0.11834640005318692 
15.24 	 0.11667886364423165 
15.26 	 0.1144390414600535 
15.28 	 0.11193840585924673 
15.3 	 0.10895360560098019 
15.32 	 0.10587190835544126 
15.34 	 0.10245676787905772 
15.36 	 0.09912385823468904 
15.38 	 0.09564956453185554 
15.4 	 0.09242532705477202 
15.42 	 0.08925469284722991 
15.44 	 0.0864595828687342 
15.46 	 0.0838742112424698 
15.48 	 0.08172464180634213 
15.5 	 0.07987440978727238 
15.52 	 0.07845055797115753 
15.54 	 0.07734483845676442 
15.56 	 0.076600443887873 
15.58 	 0.07613709881412536 
15.6 	 0.07593766267595602 
15.62 	 0.07594749238557008 
15.64 	 0.07611195130349972 
15.66 	 0.07639477454379164 
15.68 	 0.0767222698261678 
15.7 	 0.07706465451776146 
15.72 	 0.07734527361623941 
15.74 	 0.07752782978371003 
15.76 	 0.07755085557904885 
15.78 	 0.07736210504529545 
15.8 	 0.07693714350546883 
15.82 	 0.0762050627788205 
15.84 	 0.07519960475824211 
15.86 	 0.07383532165972327 
15.88 	 0.07221555604138809 
15.9 	 0.07024844849294105 
15.92 	 0.06810079455844471 
15.94 	 0.06568224718215641 
15.96 	 0.06319887016495626 
15.98 	 0.06056637219955667 
16.0 	 0.05799635315114884 
16.02 	 0.05541136685186766 
16.04 	 0.052997837224428676 
16.06 	 0.05068420299887618 
16.08 	 0.048613157193074095 
16.1 	 0.04671846785398572 
16.12 	 0.045094332804419976 
16.14 	 0.04368027565207488 
16.16 	 0.04252685035974144 
16.18 	 0.04157997498216611 
16.2 	 0.040855589754996806 
16.22 	 0.04030606846318974 
16.24 	 0.03992252016500064 
16.26 	 0.03966325190795978 
16.28 	 0.03950410476404172 
16.3 	 0.039408765394649325 
16.32 	 0.03934729292110121 
16.34 	 0.039288626178313975 
16.36 	 0.03920625819949263 
16.38 	 0.03907464398483352 
16.4 	 0.038878540919139296 
16.42 	 0.03859809786135534 
16.44 	 0.038234143413952905 
16.46 	 0.037772034678467764 
16.48 	 0.03722928161763509 
16.5 	 0.036595052343985184 
16.52 	 0.03590014037616824 
16.54 	 0.035135567271683155 
16.56 	 0.034339667758302404 
16.58 	 0.033503601817348905 
16.6 	 0.03266740923165503 
16.62 	 0.031821589138084284 
16.64 	 0.031003514331487576 
16.66 	 0.030203122728713602 
16.68 	 0.029452439407409863 
16.7 	 0.028741182149817676 
16.72 	 0.02809442821833941 
16.74 	 0.027501652279034273 
16.76 	 0.026980042800002352 
16.78 	 0.026518523531493685 
16.8 	 0.02612634889590117 
16.82 	 0.025791915953294744 
16.84 	 0.025517769265484658 
16.86 	 0.025292487299661163 
16.88 	 0.025114095322276125 
16.9 	 0.02497229066626838 
16.92 	 0.024862705671529865 
16.94 	 0.024776480514216354 
16.96 	 0.024708082047514113 
16.98 	 0.024649582513194743 
17.0 	 0.02459491209220579 
17.02 	 0.024536608583201346 
17.04 	 0.024469326954870384 
17.06 	 0.024386887351959995 
17.08 	 0.024287323897720977 
17.1 	 0.02416804366781913 
17.12 	 0.024033490336089956 
17.14 	 0.023886933052924744 
17.16 	 0.023740084418278195 
17.18 	 0.02360195873546087 
17.2 	 0.023488082416870896 
17.22 	 0.023409413646974478 
17.24 	 0.02337790535980829 
17.26 	 0.023400145791053907 
17.28 	 0.023476537635470723 
17.3 	 0.02360367915679385 
17.32 	 0.023766360257104862 
17.34 	 0.023949430902779373 
17.36 	 0.024124825131669376 
17.38 	 0.024268773949772126 
17.4 	 0.02434942874831391 
17.42 	 0.024340760076506804 
17.44 	 0.02421880580470456 
17.46 	 0.023961735284620252 
17.48 	 0.023562751722759727 
17.5 	 0.02300806698384532 
17.52 	 0.02231127581392406 
17.54 	 0.02146686985313468 
17.56 	 0.020505454377950028 
17.58 	 0.019427331925167834 
17.6 	 0.018272606414675648 
17.62 	 0.01704415035705143 
17.64 	 0.01578361445265454 
17.66 	 0.014494116952817798 
17.68 	 0.013213171807688013 
17.7 	 0.011943280412364081 
17.72 	 0.010715068259418608 
17.74 	 0.009530435335646367 
17.76 	 0.008412415609839298 
17.78 	 0.00736226541807553 
17.8 	 0.006395593498831241 
17.82 	 0.005512460554658675 
17.84 	 0.004721507262508781 
17.86 	 0.0040208324812366445 
17.88 	 0.0034129394910303937 
17.9 	 0.002893646530608777 
17.92 	 0.002460776060195074 
17.94 	 0.0021084233139334104 
17.96 	 0.0018317637575776032 
17.98 	 0.0016244691360855397 
18.0 	 0.0014812229508385435 
18.02 	 0.0013967210027435633 
18.04 	 0.0013667895073904786 
18.06 	 0.0013880530592067437 
18.08 	 0.0014580806342449383 
18.1 	 0.001575341501245646 
18.12 	 0.0017385355272130656 
18.14 	 0.0019468680166050798 
18.16 	 0.0021985662661592673 
18.18 	 0.002491809754481476 
18.2 	 0.002822335965556087 
18.22 	 0.00318555450255592 
18.24 	 0.0035731093440686205 
18.26 	 0.0039766984266531675 
18.28 	 0.00438355095569884 
18.3 	 0.004782137831377127 
18.32 	 0.005156803949844208 
18.34 	 0.005494853713472094 
18.36 	 0.005781013582939816 
18.38 	 0.006004530320852763 
18.4 	 0.006154529436764082 
18.42 	 0.006225246552851495 
18.44 	 0.006213405661751487 
18.46 	 0.006119967683392569 
18.48 	 0.005950222798142433 
18.5 	 0.00571151582567679 
18.52 	 0.005415982593059953 
18.54 	 0.005075074517382916 
18.56 	 0.004704157099600299 
18.58 	 0.0043155644884267305 
18.6 	 0.003923951198768795 
18.62 	 0.0035396503660045523 
18.64 	 0.0031737840027791183 
18.66 	 0.0028330466442680305 
18.68 	 0.0025239504350827945 
18.7 	 0.002249325505517837 
18.72 	 0.002011472896555531 
18.74 	 0.0018100994794457476 
18.76 	 0.00164443858733973 
18.78 	 0.0015121460825418154 
18.8 	 0.0014105972800028612 
18.82 	 0.0013363422395648362 
18.84 	 0.0012858254505107131 
18.86 	 0.0012551521041775878 
18.88 	 0.00124044627001754 
18.9 	 0.0012377998343230934 
18.92 	 0.0012434264170972508 
18.94 	 0.0012537206965534391 
18.96 	 0.0012653103050221705 
18.98 	 0.0012751651315641725 
19.0 	 0.0012806124452520353 
19.02 	 0.0012794337316910927 
19.04 	 0.001269886947952371 
19.06 	 0.0012507330415141528 
19.08 	 0.001221292948706259 
19.1 	 0.0011813644588079407 
19.12 	 0.0011313229750212978 
19.14 	 0.001071919350585301 
19.16 	 0.0010044142572913529 
19.18 	 0.0009302809397673831 
19.2 	 0.0008513510417936937 
19.22 	 0.0007694726090689947 
19.24 	 0.0006866461075936774 
19.26 	 0.0006046985787095192 
19.28 	 0.0005254000602839174 
19.3 	 0.00045020594777478743 
19.32 	 0.0003803570077868979 
19.34 	 0.0003167176942312721 
19.36 	 0.0002598685313817643 
19.38 	 0.0002100386033647418 
19.4 	 0.00016719514844302277 
19.42 	 0.0001310452736352712 
19.44 	 0.00010111935671680587 
19.46 	 7.680754789356744e-05 
19.48 	 5.7428329018256704e-05 
19.5 	 4.226969678315448e-05 
19.52 	 3.063553988799825e-05 
19.54 	 2.187383751895801e-05 
19.56 	 1.5399522830090236e-05 
19.58 	 1.0705151737136956e-05 
19.6 	 7.365086406992316e-06 
19.62 	 5.032727940992059e-06 
19.64 	 3.4338528910884346e-06 
19.66 	 2.3572817524749497e-06 
19.68 	 1.6446049168696434e-06 
19.7 	 1.1800647184740903e-06 
19.72 	 8.809976824688286e-07 
19.74 	 6.899736465686694e-07 
19.76 	 5.680548583607941e-07 
19.78 	 4.893052168743094e-07 
19.8 	 4.3724181506398946e-07 
19.82 	 4.0122604423273384e-07 
19.84 	 3.749056346836425e-07 
19.86 	 3.545881520000337e-07 
19.88 	 3.3807907416040977e-07 
19.9 	 3.240788455446295e-07 
19.92 	 3.1194718801168085e-07 
19.94 	 3.0144942289805277e-07 
19.96 	 2.9209696924556284e-07 
19.98 	 2.8400299776413915e-07 
20.0 	 2.768770482549376e-07 
20.02 	 2.705904811223578e-07 
20.04 	 2.6520299509998687e-07 
20.06 	 2.6034422531211596e-07 
20.08 	 2.560442727422652e-07 
20.1 	 2.5211161845458495e-07 
20.12 	 2.484520077784816e-07 
20.14 	 2.4496439431270354e-07 
20.16 	 2.415413421012063e-07 
20.18 	 2.379524621765511e-07 
20.2 	 2.343086182105003e-07 
20.22 	 2.3036636164397458e-07 
20.24 	 2.26232803623214e-07 
20.26 	 2.2202230134235828e-07 
20.28 	 2.176028768198227e-07 
20.3 	 2.132220271416632e-07 
20.32 	 2.0914776396182476e-07 
20.34 	 2.0580332453449268e-07 
20.36 	 2.0377031462158775e-07 
20.38 	 2.0349771207195018e-07 
20.4 	 2.0580332453449268e-07 
20.42 	 2.119163074095233e-07 
20.44 	 2.2302015940987714e-07 
20.46 	 2.405049263174679e-07 
20.48 	 2.6656007498500226e-07 
20.5 	 3.0328530724417597e-07 
20.52 	 3.5396139383970807e-07 
20.54 	 4.220607590159341e-07 
20.56 	 5.118174700616478e-07 
20.58 	 6.282832135315048e-07 
20.6 	 7.772209130604681e-07 
20.62 	 9.648717621007598e-07 
20.64 	 1.1980153651285825e-06 
20.66 	 1.4834702826184235e-06 
20.68 	 1.8277627286517052e-06 
20.7 	 2.236738253767826e-06 
20.72 	 2.7149163266086882e-06 
20.74 	 3.265105908536975e-06 
20.76 	 3.887918276517194e-06 
20.78 	 4.581604276767069e-06 
20.8 	 5.341993548218574e-06 
20.82 	 6.162805737723224e-06 
20.84 	 7.036161220043644e-06 
20.86 	 7.953445058361189e-06 
20.88 	 8.906242796534497e-06 
20.9 	 9.887389260505689e-06 
20.92 	 1.0891846775676234e-05 
20.94 	 1.1917408035783551e-05 
20.96 	 1.2964924401219313e-05 
20.98 	 1.4038155324656477e-05 
21.0 	 1.5143082827201866e-05 
21.02 	 1.628691976420643e-05 
21.04 	 1.7476761014322973e-05 
21.06 	 1.8718317108216638e-05 
21.08 	 2.0014646245179974e-05 
21.1 	 2.136540604719128e-05 
21.12 	 2.2766419118787733e-05 
21.14 	 2.420995515835378e-05 
21.16 	 2.568533928520417e-05 
21.18 	 2.7180176526688782e-05 
21.2 	 2.868154878845134e-05 
21.22 	 3.01775114335173e-05 
21.24 	 3.1658139439291975e-05 
21.26 	 3.311657192489621e-05 
21.28 	 3.454938018410695e-05 
21.3 	 3.595690953268349e-05 
21.32 	 3.734301531233776e-05 
21.34 	 3.8715013425354725e-05 
21.36 	 4.008329891509558e-05 
21.38 	 4.1461480904930436e-05 
21.4 	 4.2866394723474764e-05 
21.42 	 4.4318792158341146e-05 
21.44 	 4.584388375805743e-05 
21.46 	 4.747248792996901e-05 
21.48 	 4.9241760844709066e-05 
21.5 	 5.119631909417314e-05 
21.52 	 5.338849307944267e-05 
21.54 	 5.5878753460195076e-05 
21.56 	 5.873471739607509e-05 
21.58 	 6.203020464463005e-05 
21.6 	 6.584224773352381e-05 
21.62 	 7.024831072431062e-05 
21.64 	 7.532083634075533e-05 
21.66 	 8.112273105371413e-05 
21.68 	 8.769973791608434e-05 
21.7 	 9.5075407229451e-05 
21.72 	 0.00010324278189742274 
21.74 	 0.00011216138452496029 
21.76 	 0.00012175075663493917 
21.78 	 0.00013189260160536838 
21.8 	 0.00014242868309903683 
21.82 	 0.00015317024366338173 
21.84 	 0.00016390114575023766 
21.86 	 0.00017439401878584237 
21.88 	 0.00018441697757778298 
21.9 	 0.00019375290796781841 
21.92 	 0.0002022061607988529 
21.94 	 0.00020961979058907093 
21.96 	 0.00021587860105081453 
21.98 	 0.0002209199737718508 
22.0 	 0.00022473150314430935 
22.02 	 0.00022735369438761763 
22.04 	 0.0002288728948236125 
22.06 	 0.00022941700149350962 
22.08 	 0.000229146050748199 
22.1 	 0.00022824384061759717 
22.12 	 0.00022690880280586237 
22.14 	 0.00022534474133519147 
22.16 	 0.0002237537958291792 
22.18 	 0.00022232868361568884 
22.2 	 0.00022124826095276423 
22.22 	 0.00022067234145746895 
22.24 	 0.00022073913671387486 
22.26 	 0.00022156257763112622 
22.28 	 0.00022323031762426976 
22.3 	 0.00022580312558794746 
22.32 	 0.00022931251631098592 
22.34 	 0.00023376237396189478 
22.36 	 0.00023912635744592856 
22.38 	 0.0002453528354258145 
22.4 	 0.00025236312032972554 
22.42 	 0.0002600610533642988 
22.44 	 0.0002683330597757685 
22.46 	 0.0002770628477025815 
22.48 	 0.0002861332231519656 
22.5 	 0.00029544476956060704 
22.52 	 0.00030491792888474384 
22.54 	 0.0003145130003570979 
22.56 	 0.00032422976639809954 
22.58 	 0.0003341252690722405 
22.6 	 0.0003443074643255742 
22.62 	 0.0003549472968377681 
22.64 	 0.0003662626836378813 
22.66 	 0.00037852269906361 
22.68 	 0.0003920189822610507 
22.7 	 0.00040706264430748283 
22.72 	 0.0004239423107303988 
22.74 	 0.0004429185603439814 
22.76 	 0.00046417111557807867 
22.78 	 0.00048780029532942204 
22.8 	 0.0005137693956302267 
22.82 	 0.0005419258048959024 
22.84 	 0.0005719466186398851 
22.86 	 0.000603390982186623 
22.88 	 0.0006356556320868136 
22.9 	 0.00066806267328412 
22.92 	 0.000699826685630781 
22.94 	 0.0007301695831158594 
22.96 	 0.0007582945825395696 
22.98 	 0.0007835073574633052 
23.0 	 0.0008051888402646077 
23.02 	 0.000822896703957973 
23.04 	 0.0008363315434767168 
23.06 	 0.0008453985067845306 
23.08 	 0.0008501683413667466 
23.1 	 0.0008508926249738917 
23.12 	 0.0008479672604960293 
23.14 	 0.0008419084481063093 
23.16 	 0.0008333269748647028 
23.18 	 0.0008228795283411779 
23.2 	 0.0008112576595259025 
23.22 	 0.0007991296013626382 
23.24 	 0.0007871422226094673 
23.26 	 0.000775865705801448 
23.28 	 0.0007658040859555156 
23.3 	 0.0007573521162888929 
23.32 	 0.0007508104520378461 
23.34 	 0.0007463610768759766 
23.36 	 0.0007440843295917843 
23.38 	 0.0007439552654585608 
23.4 	 0.0007458595183381447 
23.42 	 0.0007496081318366557 
23.44 	 0.0007549483346520087 
23.46 	 0.000761590774964863 
23.48 	 0.0007692118387688258 
23.5 	 0.0007774867603894403 
23.52 	 0.0007860830427473681 
23.54 	 0.0007946950996724541 
23.56 	 0.0008030318618181395 
23.58 	 0.0008108507029439512 
23.6 	 0.0008179434758783563 
23.62 	 0.0008241671983084787 
23.64 	 0.0008294305139918025 
23.66 	 0.0008337167283195791 
23.68 	 0.0008370693228509139 
23.7 	 0.0008396027564522064 
23.72 	 0.0008414846790159465 
23.74 	 0.0008429336886842098 
23.76 	 0.0008441982267527666 
23.78 	 0.0008455463757813012 
23.8 	 0.000847244249426272 
23.82 	 0.0008495464379429215 
23.84 	 0.0008526766083325569 
23.86 	 0.0008568258824718935 
23.88 	 0.0008621353250466429 
23.9 	 0.0008687055352904544 
23.92 	 0.0008765781439529078 
23.94 	 0.000885757307333418 
23.96 	 0.0008961879491681049 
23.98 	 0.00090778993248634 
24.0 	 0.0009204332889591649 
24.02 	 0.0009339860073366554 
24.04 	 0.0009482873175449667 
24.06 	 0.0009632075776509008 
24.08 	 0.0009786182939124262 
24.1 	 0.0009944584420316987 
24.12 	 0.0010106964524299875 
24.14 	 0.0010273951798651308 
24.16 	 0.0010446596577592725 
24.18 	 0.0010626953126146965 
24.2 	 0.0010817366227710156 
24.22 	 0.0011020990714285426 
24.24 	 0.0011240863185181065 
24.26 	 0.0011480429734038768 
24.28 	 0.001174240089311848 
24.3 	 0.0012029411391471314 
24.32 	 0.0012342677114385986 
24.34 	 0.0012682942173208376 
24.36 	 0.0013048979060732925 
24.38 	 0.0013438973380344719 
24.4 	 0.0013848920149608622 
24.42 	 0.0014274531439950717 
24.44 	 0.0014709564382874778 
24.46 	 0.001514820647420252 
24.48 	 0.0015583327192001913 
24.5 	 0.0016009142354723007 
24.52 	 0.0016419345946117937 
24.54 	 0.0016809757823584642 
24.56 	 0.001717630427131042 
24.58 	 0.0017517374104462596 
24.6 	 0.001783168038329232 
24.62 	 0.00181201828170713 
24.64 	 0.0018383941593905836 
24.66 	 0.001862563748220121 
24.68 	 0.0018847571698982705 
24.7 	 0.001905294012640141 
24.72 	 0.001924411120121179 
24.74 	 0.0019423831569031376 
24.76 	 0.0019593830495352447 
24.78 	 0.001975605426467503 
24.8 	 0.001991153428752324 
24.82 	 0.002006162800979655 
24.84 	 0.002020700694059176 
24.86 	 0.0020348813933078564 
24.88 	 0.0020487634531326493 
24.9 	 0.0020624523274214287 
24.92 	 0.00207599230978477 
24.94 	 0.002089463156157872 
24.96 	 0.00210287511278329 
24.98 	 0.0021162740981920318 
25.0 	 0.0021296502602903035 
25.02 	 0.002143059900325632 
25.04 	 0.0021565463781896247 
25.06 	 0.002170270768686049 
25.08 	 0.002184427357390274 
25.1 	 0.0021993652075919666 
25.12 	 0.0022154734938557726 
25.14 	 0.0022332858702524896 
25.16 	 0.0022533194368635967 
25.18 	 0.0022761789384880132 
25.2 	 0.002302348279203542 
25.22 	 0.002332333085350183 
25.24 	 0.0023664104359238957 
25.26 	 0.0024048495958442773 
25.28 	 0.002447618453332733 
25.3 	 0.00249470414231384 
25.32 	 0.0025457629686182204 
25.34 	 0.002600541004627202 
25.36 	 0.0026584522347989957 
25.38 	 0.002719088109682703 
25.4 	 0.0027817202004718645 
25.42 	 0.0028458866572197415 
25.44 	 0.002910830735516001 
25.46 	 0.0029761501967615588 
25.48 	 0.0030411886933741 
25.5 	 0.0031057255733884523 
25.52 	 0.003169331016220965 
25.54 	 0.0032320665168929304 
25.56 	 0.0032938062242545926 
25.58 	 0.0033549258561650086 
25.6 	 0.0034155906962988892 
25.62 	 0.0034764347745125795 
25.64 	 0.0035378177612491865 
25.66 	 0.0036005226521854563 
25.68 	 0.003664978572852408 
25.7 	 0.0037320169758729015 
25.72 	 0.00380203989616128 
25.74 	 0.0038758694403440794 
25.76 	 0.003953819493035967 
25.78 	 0.004036664779059108 
25.8 	 0.004124562978830381 
25.82 	 0.00421817207711713 
25.84 	 0.00431737680712714 
25.86 	 0.00442259576258576 
25.88 	 0.004533286487572413 
25.9 	 0.004649491648141279 
25.92 	 0.004770121061171755 
25.94 	 0.004894772152087676 
25.96 	 0.005021808615823009 
25.98 	 0.005150448736413756 
26.0 	 0.005278679193870443 
26.02 	 0.005405545928864092 
26.04 	 0.0055289606703876745 
26.06 	 0.005648075596452063 
26.08 	 0.005761060847149257 
26.1 	 0.005867420533571455 
26.12 	 0.005965838377111821 
26.14 	 0.006056309634626785 
26.16 	 0.006138158735130982 
26.18 	 0.00621190806509634 
26.2 	 0.006277551525724819 
26.22 	 0.006336131416671772 
26.24 	 0.006388296837695284 
26.26 	 0.006435597523228526 
26.28 	 0.006479276530004465 
26.3 	 0.0065213233058259166 
26.32 	 0.006563377745310501 
26.34 	 0.006607636398159181 
26.36 	 0.006655715257553256 
26.38 	 0.006709575911661973 
26.4 	 0.006770219791764454 
26.42 	 0.006838857259908805 
26.44 	 0.0069153634825483935 
26.46 	 0.006999893782442002 
26.48 	 0.007091081106057421 
26.5 	 0.007188178882866377 
26.52 	 0.007289001117641085 
26.54 	 0.00739249606250834 
26.56 	 0.007496435464356436 
26.58 	 0.0076001903832039934 
26.6 	 0.007702192139799544 
26.62 	 0.007802679804289431 
26.64 	 0.007900986982474595 
26.66 	 0.00799815592284867 
26.68 	 0.008094127567891811 
26.7 	 0.008190278291156884 
26.72 	 0.008286579154911617 
26.74 	 0.00838420028686101 
26.76 	 0.008482661584792783 
26.78 	 0.008582624545740877 
26.8 	 0.008683015134000487 
26.82 	 0.008784025508171032 
26.84 	 0.008884185909784716 
26.86 	 0.008983504620451058 
26.88 	 0.009080501222149326 
26.9 	 0.009175369624112048 
26.92 	 0.00926702335240445 
26.94 	 0.009356176168900306 
26.96 	 0.00944244711377638 
26.98 	 0.00952730104298276 
27.0 	 0.009611201534153027 
27.02 	 0.009696434413337986 
27.04 	 0.009784202149331612 
27.06 	 0.009877467074232569 
27.08 	 0.00997778819529688 
27.1 	 0.010088448086095566 
27.12 	 0.01021076649942206 
27.14 	 0.010347871086936673 
27.16 	 0.01050018856909962 
27.18 	 0.010670240436917553 
27.2 	 0.010857017175245997 
27.22 	 0.011062113488458513 
27.24 	 0.011282751906942657 
27.26 	 0.01151943750215419 
27.28 	 0.01176753589347705 
27.3 	 0.012026446854206615 
27.32 	 0.012289861178934318 
27.34 	 0.012556227600979492 
27.36 	 0.012818081996906157 
27.38 	 0.013073309189373045 
27.4 	 0.013314195072321063 
27.42 	 0.013538698379016735 
27.44 	 0.013740046946846409 
27.46 	 0.01391703078676919 
27.48 	 0.01406498408537329 
27.5 	 0.014184115446097116 
27.52 	 0.014272562751695448 
27.54 	 0.014332059207838586 
27.56 	 0.014363455182646614 
27.58 	 0.014369516520580277 
27.6 	 0.014352965245769232 
27.62 	 0.014316726659368367 
27.64 	 0.014264246971404304 
27.66 	 0.01419783129793445 
27.68 	 0.014120805423061975 
27.7 	 0.014034618622095417 
27.72 	 0.01394232310478927 
27.74 	 0.013844937172602097 
27.76 	 0.013745678247343861 
27.78 	 0.01364589401656416 
27.8 	 0.01354946634767842 
27.82 	 0.013458591989809227 
27.84 	 0.013377768475569492 
27.86 	 0.01330986576821364 
27.88 	 0.013259135747176716 
27.9 	 0.013228230346219087 
27.92 	 0.013219775574785757 
27.94 	 0.013235067194353987 
27.96 	 0.013273928228131048 
27.98 	 0.01333562003577229 
28.0 	 0.01341693298545131 
28.02 	 0.0135154019529281 
28.04 	 0.013625811552737533 
28.06 	 0.013745263049413396 
28.08 	 0.013868446424022117 
28.1 	 0.013993718929253524 
28.12 	 0.014117547490011621 
28.14 	 0.014240742134868659 
28.16 	 0.014362373703755113 
28.18 	 0.014485702456568451 
28.2 	 0.014611663933011871 
28.22 	 0.014744653662912277 
28.24 	 0.01488546070134327 
28.26 	 0.015037567944276456 
28.28 	 0.01519934009480384 
28.3 	 0.01537156381635891 
28.32 	 0.015548858954125732 
28.34 	 0.01572870728045713 
28.36 	 0.015902443198602834 
28.38 	 0.01606516406499268 
28.4 	 0.016207140868498855 
28.42 	 0.016323140753065058 
28.44 	 0.01640546095286576 
28.46 	 0.016450769607245303 
28.48 	 0.016455986364143176 
28.5 	 0.01642105722622245 
28.52 	 0.016348488320205634 
28.54 	 0.01624145515930716 
28.56 	 0.016107059300078115 
28.58 	 0.015950397014887117 
28.6 	 0.015780830953431784 
28.62 	 0.015603548692969017 
28.64 	 0.015427605558044387 
28.66 	 0.015256759994380639 
28.68 	 0.015097895700288817 
28.7 	 0.014952588427036537 
28.72 	 0.014824734944807278 
28.74 	 0.01471369625719482 
28.76 	 0.014620418329353848 
28.78 	 0.014542408021732251 
28.8 	 0.014478166544377094 
28.82 	 0.014423815278030947 
28.84 	 0.014376143622068653 
28.86 	 0.014330394930448987 
28.88 	 0.014282569446464647 
28.9 	 0.014227656805969319 
28.92 	 0.014161989983263682 
28.94 	 0.014081078122189143 
28.96 	 0.013982770024506054 
28.98 	 0.013863869829152272 
29.0 	 0.013724660103951174 
29.02 	 0.013563736749238772 
29.04 	 0.013384117076529575 
29.06 	 0.013186180223944487 
29.08 	 0.012975226195743664 
29.1 	 0.01275290755922258 
29.12 	 0.012525796618176167 
29.14 	 0.012296053564617096 
29.16 	 0.01207036470812984 
29.18 	 0.011850700069649354 
29.2 	 0.01164293615058268 
29.22 	 0.011448441736240171 
29.24 	 0.01127178834064792 
29.26 	 0.011113689226508891 
29.28 	 0.010977383510998752 
29.3 	 0.010863252061712117 
29.32 	 0.010773649669234369 
29.34 	 0.010709376544408426 
29.36 	 0.01067281745642241 
29.38 	 0.010666365831849963 
29.4 	 0.010693623110664052 
29.42 	 0.010759892976482166 
29.44 	 0.010870881220099262 
29.46 	 0.011035598479076944 
29.48 	 0.011261545149354991 
29.5 	 0.011560887320906536 
29.52 	 0.011940624029203017 
29.54 	 0.012413742512399442 
29.56 	 0.012982447643760183 
29.58 	 0.013656969292698825 
29.6 	 0.014429672401174981 
29.62 	 0.015304826244165739 
29.64 	 0.0162614802995473 
29.66 	 0.017297145965490666 
29.68 	 0.018378063272122543 
29.7 	 0.0194978330074665 
29.72 	 0.020615420331722832 
29.74 	 0.02172647210658854 
29.76 	 0.022791827498437014 
29.78 	 0.023815907736239494 
29.8 	 0.024770448984410613 
29.82 	 0.02567306385615725 
29.84 	 0.026510884479423007 
29.86 	 0.02731458278888471 
29.88 	 0.028084044481199725 
29.9 	 0.028858173573787952 
29.92 	 0.029640635923677258 
29.94 	 0.03047115524035149 
29.96 	 0.03134575400190502 
29.98 	 0.032298235488646236 
30.0 	 0.03330794112294835 
30.02 	 0.034399318312144725 
30.04 	 0.035531805744281705 
30.06 	 0.03672105987009177 
30.08 	 0.03791003471895478 
30.1 	 0.03910886915578036 
30.12 	 0.04025254524434533 
30.14 	 0.04134945644043261 
30.16 	 0.0423373705017558 
30.18 	 0.043225415204438664 
30.2 	 0.04396416897063498 
30.22 	 0.044564073578180215 
30.24 	 0.0449955627102531 
30.26 	 0.04526955558521627 
30.28 	 0.04537927095128072 
30.3 	 0.04533478604375535 
30.32 	 0.0451508789832049 
30.34 	 0.04483574715498091 
30.36 	 0.04442118700594364 
30.38 	 0.043913145249936954 
30.4 	 0.043354019853711914 
30.42 	 0.04274793761562487 
30.44 	 0.04214121980577263 
30.46 	 0.04153738352046898 
30.48 	 0.04098090591095235 
30.5 	 0.04047635759227979 
30.52 	 0.040061716044968304 
30.54 	 0.039743941473750335 
30.56 	 0.039550259338241585 
30.58 	 0.03949006986417258 
30.6 	 0.03957522691512379 
30.62 	 0.0398159371285096 
30.64 	 0.04020400010770281 
30.66 	 0.04074789206213015 
30.68 	 0.041416471349800275 
30.7 	 0.04221477981545065 
30.72 	 0.04309024934323997 
30.74 	 0.0440451725094281 
30.76 	 0.04501303631014443 
30.78 	 0.04599661455255016 
30.8 	 0.04692781732565201 
30.82 	 0.04781414534338387 
30.84 	 0.04859929687555742 
30.86 	 0.04929844608090518 
30.88 	 0.049876435621868664 
30.9 	 0.05035606418235319 
30.92 	 0.050725193379146216 
30.94 	 0.05101105249796133 
30.96 	 0.05121884657147395 
30.98 	 0.0513752306515643 
31.0 	 0.051492690302843355 
31.02 	 0.05159244082421598 
31.04 	 0.051684266194429986 
31.06 	 0.05178077676046933 
31.08 	 0.05188276725708197 
31.1 	 0.051993431162001905 
31.12 	 0.05210361557655307 
31.14 	 0.052208457809707655 
31.16 	 0.05229285811312564 
31.18 	 0.052346711304006685 
31.2 	 0.05235599209240228 
31.22 	 0.05230855266678269 
31.24 	 0.052198571889140725 
31.26 	 0.05201421061711336 
31.28 	 0.0517621666477501 
31.3 	 0.05143143939436592 
31.32 	 0.051041137063705985 
31.34 	 0.05057971060050718 
31.36 	 0.05007481677744186 
31.38 	 0.04951212867108753 
31.4 	 0.04892285932859918 
31.42 	 0.04828858282560525 
31.44 	 0.0476408504729098 
31.46 	 0.04695805701913415 
31.48 	 0.04627195659242509 
31.5 	 0.04556095408757979 
31.52 	 0.044858961676680985 
31.54 	 0.04414857879697085 
31.56 	 0.043467486264594575 
31.58 	 0.0428058650695272 
31.6 	 0.04220414284424179 
31.62 	 0.041661266725999097 
31.64 	 0.04121580116985643 
31.66 	 0.040873932349861856 
31.68 	 0.040664836237110674 
31.7 	 0.04059819914731895 
31.72 	 0.040685376116020217 
31.74 	 0.040935026408235195 
31.76 	 0.04133421275558018 
31.78 	 0.04188725199698214 
31.8 	 0.042555423486195613 
31.82 	 0.043338359146788165 
31.84 	 0.04417700856942604 
31.86 	 0.04506939697820969 
31.88 	 0.04594801959479426 
31.9 	 0.04681436267130043 
31.92 	 0.04760713391475912 
31.94 	 0.04833561792431877 
31.96 	 0.048956667314568096 
31.98 	 0.049488500669167226 
32.0 	 0.04991072136278918 
32.02 	 0.050247675877319924 
32.04 	 0.050497993273346316 
32.06 	 0.050686780916625845 
32.08 	 0.050822635745910574 
32.1 	 0.05092600533894361 
32.12 	 0.05100589767575197 
32.14 	 0.0510746295435564 
32.16 	 0.05113533428843218 
32.18 	 0.05119116699437281 
32.2 	 0.05123765980703366 
32.22 	 0.05126946570896887 
32.24 	 0.05127670651215293 
32.26 	 0.05124692841624063 
32.28 	 0.05116965145574484 
32.3 	 0.05102702739175778 
32.32 	 0.05081410396876575 
32.34 	 0.050509724453079524 
32.36 	 0.05012050117882369 
32.38 	 0.04962444343891231 
32.4 	 0.049043970920188536 
32.42 	 0.04835874868523172 
32.44 	 0.04760783070077761 
32.46 	 0.0467743707633234 
32.48 	 0.04591067007086267 
32.5 	 0.045003915113430513 
32.52 	 0.044112565258608724 
32.54 	 0.04322679218437655 
32.56 	 0.04240209042281528 
32.58 	 0.04162915000032606 
32.6 	 0.04095159061999406 
32.62 	 0.04035744908365523 
32.64 	 0.03987205669727386 
32.66 	 0.0394781378999101 
32.68 	 0.03918074738313034 
32.7 	 0.038956518980918974 
32.72 	 0.038793729771586766 
32.74 	 0.03866482215523016 
32.76 	 0.038549742931023055 
32.78 	 0.03842084403756891 
32.8 	 0.03826055876077424 
32.82 	 0.038045664174560005 
32.84 	 0.03777028805742087 
32.86 	 0.037418349932861875 
32.88 	 0.036999748450444986 
32.9 	 0.03650516586212393 
32.92 	 0.03595816663895145 
32.94 	 0.03535319370547563 
32.96 	 0.03472122040108834 
32.98 	 0.0340567619441731 
33.0 	 0.03339147260349105 
33.02 	 0.03271765285104672 
33.04 	 0.032063393454368455 
33.06 	 0.031418815969735565 
33.08 	 0.030807409578207327 
33.1 	 0.030218868357956074 
33.12 	 0.02967298371868977 
33.14 	 0.029161042708319693 
33.16 	 0.028700105972302634 
33.18 	 0.02828409019800532 
33.2 	 0.027927148070684978 
33.22 	 0.027625452533079638 
33.24 	 0.027388870225956284 
33.26 	 0.02721445809551796 
33.28 	 0.027106043643286917 
33.3 	 0.02706006811161812 
33.32 	 0.027073323800931855 
33.34 	 0.02714090265054236 
33.36 	 0.027253239307474312 
33.38 	 0.027404709942267794 
33.4 	 0.027582094503925167 
33.42 	 0.027781188267035503 
33.44 	 0.027989416427113913 
33.46 	 0.028207198379712826 
33.48 	 0.02842719489255204 
33.5 	 0.028657680585118226 
33.52 	 0.028899393980430208 
33.54 	 0.029170192553961687 
33.56 	 0.029477830251984628 
33.58 	 0.029848492545309253 
33.6 	 0.030290843956814112 
33.62 	 0.03083470759369772 
33.64 	 0.031479604031437944 
33.66 	 0.032252300284231976 
33.68 	 0.033132853935307245 
33.7 	 0.0341393648445737 
33.72 	 0.03522687411683165 
33.74 	 0.036403307990960455 
33.76 	 0.03760169037219739 
33.78 	 0.03882316139245998 
33.8 	 0.03999035597925357 
33.82 	 0.041103680157247406 
33.84 	 0.04209144177662555 
33.86 	 0.042958237402540504 
33.88 	 0.043652204431665974 
33.9 	 0.04418322791731906 
33.92 	 0.04452670611812445 
33.94 	 0.04469526445206796 
33.96 	 0.04469150369654842 
33.98 	 0.04452718818985986 
34.0 	 0.04422723745443871 
34.02 	 0.04380058024814605 
34.04 	 0.04328781397537966 
34.06 	 0.04269524309616635 
34.08 	 0.04207186045145725 
34.1 	 0.04142203842237187 
34.12 	 0.04079487013495127 
34.14 	 0.0401919981307971 
34.16 	 0.03965370787121435 
34.18 	 0.0391765306600983 
34.2 	 0.0387847947743186 
34.22 	 0.038467928051352546 
34.24 	 0.03823197613150461 
34.26 	 0.03805985539605629 
34.28 	 0.03794315344490151 
34.3 	 0.0378618838869593 
34.32 	 0.03780146812427274 
34.34 	 0.03774396568310938 
34.36 	 0.037677581492551855 
34.38 	 0.037590238236766625 
34.4 	 0.03747878124705838 
34.42 	 0.03733806870105723 
34.44 	 0.03717457422357943 
34.46 	 0.03698845131144804 
34.48 	 0.036792667576913636 
34.5 	 0.036589647152540865 
34.52 	 0.036393952961393035 
34.54 	 0.036207487471198736 
34.56 	 0.03604213434828901 
34.58 	 0.03589767908897988 
34.6 	 0.035780920659235015 
34.62 	 0.035689113339170166 
34.64 	 0.03562340085211315 
34.66 	 0.03557866850300234 
34.68 	 0.03555107795066908 
34.7 	 0.03553341070439685 
34.72 	 0.03551841925084751 
34.74 	 0.03549722298195128 
34.76 	 0.035461689021861566 
34.78 	 0.035402257918856275 
34.8 	 0.03531324928156463 
34.82 	 0.03518594117639597 
34.84 	 0.03502031714016292 
34.86 	 0.03480980132110021 
34.88 	 0.034561581840261126 
34.9 	 0.0342712975624912 
34.92 	 0.03395216527819692 
34.94 	 0.03360049296649801 
34.96 	 0.03323215701845652 
34.98 	 0.03284181444584976 
35.0 	 0.03244444184221754 
35.02 	 0.03203151794213818 
35.04 	 0.03161547126323194 
35.06 	 0.03118495331360325 
35.08 	 0.03075075295783227 
35.1 	 0.030300648065119947 
35.12 	 0.02984603475293331 
35.14 	 0.0293759553483805 
35.16 	 0.02890395217665788 
35.18 	 0.02842119535295028 
35.2 	 0.027942905853441086 
35.22 	 0.02746153370448689 
35.24 	 0.02699183969092568 
35.26 	 0.02652582493788106 
35.28 	 0.026075577010893355 
35.3 	 0.025631474467511694 
35.32 	 0.02520228530734573 
35.34 	 0.024777176763581887 
35.36 	 0.02436306819992789 
35.38 	 0.023949873501747855 
35.4 	 0.02354537810196761 
35.42 	 0.023142693383669182 
35.44 	 0.022752696856908537 
35.46 	 0.02237321565089552 
35.48 	 0.022018402236094164 
35.5 	 0.02169040406273448 
35.52 	 0.021404303387399033 
35.54 	 0.02116426677945814 
35.56 	 0.02098228796851213 
35.58 	 0.020861345579268598 
35.6 	 0.020806397693947258 
35.62 	 0.020816592997635806 
35.64 	 0.02088775143943807 
35.66 	 0.02101431759157811 
35.68 	 0.021183734453857562 
35.7 	 0.021387023062098796 
35.72 	 0.021606759764888493 
35.74 	 0.02183343374736541 
35.76 	 0.022049833046073202 
35.78 	 0.02224922176573044 
35.8 	 0.02241940995957114 
35.82 	 0.022558789889878687 
35.84 	 0.02266290389243931 
35.86 	 0.02273564749239718 
35.88 	 0.022779842412415378 
35.9 	 0.022803040323712286 
35.92 	 0.022812002204033885 
35.94 	 0.022814601888554546 
35.96 	 0.022816930713500876 
35.98 	 0.022823858749380498 
36.0 	 0.022837191713690634 
36.02 	 0.022857080794010328 
36.04 	 0.02288023385757399 
36.06 	 0.02290290496293865 
36.08 	 0.022919158804028388 
36.1 	 0.022924497595336758 
36.12 	 0.02291495052354048 
36.14 	 0.022889496318460874 
36.16 	 0.022850703894748758 
36.18 	 0.022804629515132485 
36.2 	 0.022762602891428348 
36.22 	 0.022739211090303878 
36.24 	 0.022752869850231592 
36.26 	 0.022825180583163796 
36.28 	 0.022975868217058635 
36.3 	 0.023229234989383073 
36.32 	 0.023597666314757463 
36.34 	 0.024102299697424966 
36.36 	 0.024739083653774103 
36.38 	 0.02552065069759146 
36.4 	 0.02642010544045633 
36.42 	 0.027439005152338977 
36.44 	 0.028526989536025088 
36.46 	 0.02967620149064462 
36.48 	 0.030819885957015226 
36.5 	 0.03194656403632097 
36.52 	 0.03298722094988947 
36.54 	 0.03393489098839286 
36.56 	 0.0347355723479964 
36.58 	 0.03539442961252863 
36.6 	 0.035886498855271017 
36.62 	 0.03623333866668185 
36.64 	 0.03644374239070569 
36.66 	 0.03655498424929973 
36.68 	 0.03660271729846214 
36.7 	 0.03663489678465715 
36.72 	 0.03669848424636898 
36.74 	 0.03684543067299507 
36.76 	 0.03711608242919363 
36.78 	 0.037561373095999585 
36.8 	 0.03820019740083589 
36.82 	 0.03908090858614337 
36.84 	 0.04019092825309404 
36.86 	 0.04157714544459198 
36.88 	 0.04318892255035536 
36.9 	 0.04507324278339651 
36.92 	 0.04713698798978256 
36.94 	 0.04942753917301675 
36.96 	 0.05180860192897976 
36.98 	 0.05432677515122143 
37.0 	 0.056809793549431345 
37.02 	 0.05930129448358215 
37.04 	 0.06161179515949228 
37.06 	 0.06377885784342353 
37.08 	 0.06562541624567422 
37.1 	 0.06717857298592554 
37.12 	 0.06830766262689945 
37.14 	 0.06902403095490355 
37.16 	 0.06927151539199285 
37.18 	 0.06904127137418414 
37.2 	 0.06836469912122589 
37.22 	 0.0672116491378818 
37.24 	 0.06569534553814048 
37.26 	 0.06376789975112508 
37.28 	 0.06160261803508995 
37.3 	 0.05914103956790927 
37.32 	 0.05658592602285478 
37.34 	 0.053875802632037464 
37.36 	 0.05121140872090865 
37.38 	 0.04853286616814944 
37.4 	 0.046013156202401075 
37.42 	 0.0435944960197949 
37.44 	 0.041406343576686135 
37.46 	 0.03939113734559171 
37.48 	 0.03763056089234031 
37.5 	 0.036066153863740597 
37.52 	 0.03473783340736554 
37.54 	 0.033587952009676306 
37.56 	 0.03262732327671415 
37.58 	 0.031803367048085986 
37.6 	 0.0311123868642071 
37.62 	 0.030511621684964622 
37.64 	 0.029995140351987255 
37.66 	 0.029533094607982403 
37.68 	 0.02912474058863487 
37.7 	 0.02875355407908496 
37.72 	 0.028426075200874302 
37.74 	 0.028137068210762783 
37.76 	 0.02789818440322773 
37.78 	 0.02771186872889704 
37.8 	 0.027590162854659497 
37.82 	 0.02753897962682878 
37.84 	 0.027565331051622878 
37.86 	 0.027674784026096435 
37.88 	 0.027865064882171785 
37.9 	 0.028139124004617325 
37.92 	 0.028484004469697646 
37.94 	 0.028900299130822607 
37.96 	 0.02936670780924022 
37.98 	 0.029884383083507136 
38.0 	 0.03042904622400061 
38.02 	 0.031006813030128987 
38.04 	 0.03159640637165921 
38.06 	 0.03221270882262956 
38.08 	 0.032840917395219237 
38.1 	 0.033505940270718994 
38.12 	 0.03419817550836743 
38.14 	 0.03495047763921549 
38.16 	 0.03575230945987314 
38.18 	 0.03663978354056826 
38.2 	 0.037592624659817275 
38.22 	 0.038644788876307574 
38.24 	 0.03975848164798456 
38.26 	 0.040961534273870635 
38.28 	 0.04219564751725008 
38.3 	 0.04348145240177977 
38.32 	 0.0447442624784042 
38.34 	 0.04599928983800432 
38.36 	 0.047166275246896205 
38.38 	 0.0482580783691645 
38.4 	 0.04920300348287246 
38.42 	 0.050013629795935856 
38.44 	 0.050639246797624646 
38.46 	 0.051091577673646985 
38.48 	 0.05134744755943583 
38.5 	 0.05141452734352695 
38.52 	 0.05129683248863233 
38.54 	 0.05099394410185434 
38.56 	 0.050532190484022445 
38.58 	 0.04990067903663737 
38.6 	 0.04914236738557517 
38.62 	 0.0482368235547591 
38.64 	 0.04723952997790126 
38.66 	 0.04612455459766085 
38.68 	 0.0449571416208922 
38.7 	 0.04371105574525164 
38.72 	 0.042457926761271116 
38.74 	 0.04117509782079079 
38.76 	 0.03993500012887833 
38.78 	 0.03871959789396996 
38.8 	 0.0375946295908089 
38.82 	 0.03654513432384753 
38.84 	 0.0356228830469611 
38.86 	 0.034813557391889925 
38.88 	 0.034150440074374275 
38.9 	 0.03361845071004952 
38.92 	 0.03323192106691751 
38.94 	 0.032975474622718055 
38.96 	 0.03284746449729759 
38.98 	 0.032833920370654655 
39.0 	 0.03292168387028648 
39.02 	 0.03309972351039026 
39.04 	 0.03334744415810648 
39.06 	 0.0336571154412138 
39.08 	 0.03400368592431048 
39.1 	 0.0343820197705918 
39.12 	 0.03476509904380011 
39.14 	 0.035149532541595224 
39.16 	 0.03550932883496614 
39.18 	 0.0358426727849146 
39.2 	 0.03612830043479882 
39.22 	 0.036366458415564816 
39.24 	 0.036543978654767224 
39.26 	 0.03666345899886342 
39.28 	 0.036721248082241746 
39.3 	 0.036721447867557766 
39.32 	 0.03666848410650887 
39.34 	 0.03656577202306378 
39.36 	 0.03642216523419544 
39.38 	 0.03623766124470576 
39.4 	 0.03602165246338617 
39.42 	 0.035768806321596805 
39.44 	 0.03548704114196197 
39.46 	 0.03516567901698675 
39.48 	 0.03481203518105328 
39.5 	 0.034412141188239535 
39.52 	 0.03397583854074452 
39.54 	 0.03348921238688669 
39.56 	 0.03296818472055846 
39.58 	 0.032402241947359 
39.6 	 0.03181531972944659 
39.62 	 0.03120245608332264 
39.64 	 0.030594617815459874 
39.66 	 0.029992666404635375 
39.68 	 0.029430654941698636 
39.7 	 0.028913702073425886 
39.72 	 0.028473173403433062 
39.74 	 0.02811581180293666 
39.76 	 0.027864532269857783 
39.78 	 0.027725307914601437 
39.8 	 0.02770872509771062 
39.82 	 0.02781919038649271 
39.84 	 0.028054146233778367 
39.86 	 0.028417922372557445 
39.88 	 0.028896900494791992 
39.9 	 0.029498497644222077 
39.92 	 0.030201268003712423 
39.94 	 0.03101861104222572 
39.96 	 0.031922907889759336 
39.98 	 0.0329337841233415 
40.0 	 0.034015414679698736 
40.02 	 0.03518995014411513 
40.04 	 0.036408085971662126 
40.06 	 0.03768783671607484 
40.08 	 0.03896174297565869 
40.1 	 0.04023710520621825 
40.12 	 0.04142997513275608 
40.14 	 0.04253380058966943 
40.16 	 0.04346026747323249 
40.18 	 0.044190911780478 
40.2 	 0.04465455567824521 
40.22 	 0.0448269490481888 
40.24 	 0.04467765172208706 
40.26 	 0.044184194276306425 
40.28 	 0.043372038665228166 
40.3 	 0.042226240157860646 
40.32 	 0.04082687538777352 
40.34 	 0.03916795041109255 
40.36 	 0.037365982693025324 
40.38 	 0.03542044190772099 
40.4 	 0.03345692901260879 
40.42 	 0.03147381147123798 
40.44 	 0.029580411882128774 
40.46 	 0.02776775290633799 
40.48 	 0.026113793333376874 
40.5 	 0.024599242365418727 
40.52 	 0.023267850928843925 
40.54 	 0.022091195419506767 
40.56 	 0.021084948815065868 
40.58 	 0.020215646265740347 
40.6 	 0.019480882561504466 
40.62 	 0.01884701562295924 
40.64 	 0.018303296848362485 
40.66 	 0.017819814681544546 
40.68 	 0.01738481667399213 
40.7 	 0.016974361951335084 
40.72 	 0.016580195569487144 
40.74 	 0.016185068608182838 
40.76 	 0.015786314756819447 
40.78 	 0.015373061945658637 
40.8 	 0.014948516247457792 
40.82 	 0.014507212067684294 
40.84 	 0.014057180254983988 
40.86 	 0.013596914201121165 
40.88 	 0.013137296089094067 
40.9 	 0.012678992956092807 
40.92 	 0.012233339992202627 
40.94 	 0.01180133182746947 
40.96 	 0.011392555549199794 
40.98 	 0.011006836869183441 
41.0 	 0.010650585882416368 
41.02 	 0.010321681580204044 
41.04 	 0.01002300847391413 
41.06 	 0.009750580167247093 
41.08 	 0.009504422547757588 
41.1 	 0.009279467340639396 
41.12 	 0.00907418288608376 
41.14 	 0.008883521052486748 
41.16 	 0.008705792308599958 
41.18 	 0.00853693444849442 
41.2 	 0.008376105569447458 
41.22 	 0.008220709736681408 
41.24 	 0.00807109018878021 
41.26 	 0.007926006374700057 
41.28 	 0.007786697164390725 
41.3 	 0.007652747721333784 
41.32 	 0.007525686556884585 
41.34 	 0.007405319600247062 
41.36 	 0.007292934023438035 
41.38 	 0.007188182680681958 
41.4 	 0.007091894930721829 
41.42 	 0.007003514659632927 
41.44 	 0.006923475257486178 
41.46 	 0.006851114857896144 
41.48 	 0.006786575487730838 
41.5 	 0.006729102012526474 
41.52 	 0.006678477932309856 
41.54 	 0.006633655553917234 
41.56 	 0.00659382196089862 
41.58 	 0.006557346827980215 
41.6 	 0.006522644367855942 
41.62 	 0.006487399652374314 
41.64 	 0.006449424393562789 
41.66 	 0.0064060238322279995 
41.68 	 0.006355026740547954 
41.7 	 0.006294041842403792 
41.72 	 0.0062217861504960704 
41.74 	 0.006136941388168581 
41.76 	 0.006039827969349394 
41.78 	 0.005930663437778975 
41.8 	 0.005811550197780608 
41.82 	 0.005684137170765235 
41.84 	 0.005551825009162175 
41.86 	 0.005417046839793301 
41.88 	 0.0052835585484481175 
41.9 	 0.005153680433232341 
41.92 	 0.005030535262050188 
41.94 	 0.004915578947310084 
41.96 	 0.004810667135664716 
41.98 	 0.00471607629331411 
42.0 	 0.004632308950258014 
42.02 	 0.0045586422592734654 
42.04 	 0.004494615458127675 
42.06 	 0.0044390142521109335 
42.08 	 0.004391018362061199 
42.1 	 0.004349474260114808 
42.12 	 0.0043137125290844845 
42.14 	 0.004282976591925577 
42.16 	 0.004256945677503829 
42.18 	 0.004235246606115024 
42.2 	 0.004217738537084981 
42.22 	 0.004204103276115473 
42.24 	 0.00419396630494838 
42.26 	 0.004186605278193916 
42.28 	 0.004181000028246753 
42.3 	 0.004175695560051515 
42.32 	 0.004168887026130513 
42.34 	 0.004158416832226147 
42.36 	 0.004141998754288914 
42.38 	 0.004117238088069582 
42.4 	 0.0040820736262188835 
42.42 	 0.004034630526178349 
42.44 	 0.003973911140102989 
42.46 	 0.0038992781572808706 
42.48 	 0.003811369973073545 
42.5 	 0.003711098750805048 
42.52 	 0.0036007257136222645 
42.54 	 0.003482421030715935 
42.56 	 0.0033594250556460885 
42.58 	 0.003234375751070227 
42.6 	 0.0031104985623088147 
42.62 	 0.0029899762261816946 
42.64 	 0.0028751291090594656 
42.66 	 0.0027670482348302206 
42.68 	 0.0026667296031444064 
42.7 	 0.00257405603827448 
42.72 	 0.002488837838253814 
42.74 	 0.002410095618745437 
42.76 	 0.0023369591231258515 
42.78 	 0.0022681359269169643 
42.8 	 0.0022026450182723815 
42.82 	 0.0021393641711772047 
42.84 	 0.0020776127771891845 
42.86 	 0.0020167174622516687 
42.88 	 0.001956482781879408 
42.9 	 0.0018967572650806634 
42.92 	 0.001837827213416114 
42.94 	 0.0017799863229128758 
42.96 	 0.001723868560033728 
42.98 	 0.0016700330229566366 
43.0 	 0.001619239146569282 
43.02 	 0.0015720679084769364 
43.04 	 0.0015291462887415824 
43.06 	 0.0014908352814625853 
43.08 	 0.0014574204754177465 
43.1 	 0.0014288944480825244 
43.12 	 0.0014051303647614067 
43.14 	 0.001385765174283109 
43.16 	 0.0013703591054152317 
43.18 	 0.001358356718211376 
43.2 	 0.0013492183853728034 
43.22 	 0.001342417396253084 
43.24 	 0.0013375243081515983 
43.26 	 0.0013342016131475808 
43.28 	 0.001332232343099462 
43.3 	 0.0013314955015072817 
43.32 	 0.001331948471108747 
43.34 	 0.0013335918086427624 
43.36 	 0.0013364286889256348 
43.38 	 0.001340442061644907 
43.4 	 0.001345555750024514 
43.42 	 0.001351643738864607 
43.44 	 0.0013585064564072657 
43.46 	 0.0013659147869293363 
43.48 	 0.0013735983377974883 
43.5 	 0.0013813074506903414 
43.52 	 0.001388798712877026 
43.54 	 0.001395890471671943 
43.56 	 0.001402433049298938 
43.58 	 0.0014083430981767023 
43.6 	 0.0014135605900876542 
43.62 	 0.0014180665929177769 
43.64 	 0.001421843398817923 
43.66 	 0.0014248915894672608 
43.68 	 0.001427209494182737 
43.7 	 0.0014288181899247767 
43.72 	 0.0014297606539080548 
43.74 	 0.0014301257831047453 
43.76 	 0.0014300510733252507 
43.78 	 0.0014297288186746217 
43.8 	 0.0014293956749007709 
43.82 	 0.0014293167039453507 
43.84 	 0.0014297612698548335 
43.86 	 0.0014309823687743937 
43.88 	 0.001433193621090671 
43.9 	 0.0014365700589934636 
43.92 	 0.0014412383010829566 
43.94 	 0.0014473108176185211 
43.96 	 0.0014548819880725592 
43.98 	 0.001464084284227481 
44.0 	 0.0014750653734659682 
44.02 	 0.0014880448060879035 
44.04 	 0.001503248376320823 
44.06 	 0.0015209575156902451 
44.08 	 0.0015413953912299919 
44.1 	 0.0015647857464768542 
44.12 	 0.001591203743766652 
44.14 	 0.0016206743141295111 
44.16 	 0.001653003973611458 
44.18 	 0.001687939300118612 
44.2 	 0.0017249839302227788 
44.22 	 0.0017636136698121372 
44.24 	 0.0018030706286099789 
44.26 	 0.0018426120276031728 
44.28 	 0.0018812773571510579 
44.3 	 0.0019181463160485078 
44.32 	 0.0019520978318534686 
44.34 	 0.001982063662476834 
44.36 	 0.0020068249126020273 
44.38 	 0.002025252244697644 
44.4 	 0.0020361935180706575 
44.42 	 0.0020386745399484474 
44.44 	 0.002031909332474231 
44.46 	 0.0020154054838621227 
44.48 	 0.0019890879317704395 
44.5 	 0.001953240535848042 
44.52 	 0.001908702175209102 
44.54 	 0.001856607059606581 
44.56 	 0.0017986086898158704 
44.58 	 0.0017364487958288018 
44.6 	 0.001672186725455193 
44.62 	 0.0016076906586301686 
44.64 	 0.001544874134258516 
44.66 	 0.0014852221531204567 
44.68 	 0.00143004229644476 
44.7 	 0.0013801047442306032 
44.72 	 0.0013359030076122585 
44.74 	 0.001297429503464162 
44.76 	 0.0012644274651195594 
44.78 	 0.0012362789111150987 
44.8 	 0.0012122287502845193 
44.82 	 0.001191344506279093 
44.84 	 0.0011727033026324534 
44.86 	 0.0011553831192272694 
44.88 	 0.0011386108954104964 
44.9 	 0.0011217497025248484 
44.92 	 0.0011044062402419939 
44.94 	 0.0010863855396622943 
44.96 	 0.001067755633019823 
44.98 	 0.0010487577441908127 
45.0 	 0.0010298330534519514 
45.02 	 0.0010115007523938866 
45.04 	 0.0009943633206063102 
45.06 	 0.000978983459498341 
45.08 	 0.0009658878321000948 
45.1 	 0.0009554730189690508 
45.12 	 0.0009480171049784699 
45.14 	 0.0009436268311448171 
45.16 	 0.0009422511694430548 
45.18 	 0.000943664368982114 
45.2 	 0.0009474717375221113 
45.22 	 0.0009531206939609918 
45.24 	 0.0009599008448410444 
45.26 	 0.0009669831943026161 
45.28 	 0.0009734310701063894 
45.3 	 0.0009782687435312117 
45.32 	 0.000980519654468875 
45.34 	 0.000979289848265342 
45.36 	 0.0009738327271928368 
45.38 	 0.0009636107272732215 
45.4 	 0.0009483665267470324 
45.42 	 0.0009281204765017007 
45.44 	 0.0009032241457209003 
45.46 	 0.0008742723741561716 
45.48 	 0.0008421292916680581 
45.5 	 0.0008077708100603082 
45.52 	 0.0007722933873680435 
45.54 	 0.000736731220526714 
45.56 	 0.0007020690618428574 
45.58 	 0.0006690825391893481 
45.6 	 0.0006383731903858547 
45.62 	 0.0006102630517431147 
45.64 	 0.0005848584546857216 
45.66 	 0.0005620054684722778 
45.68 	 0.0005413772542467007 
45.7 	 0.0005224771721430764 
45.72 	 0.0005047367694678015 
45.74 	 0.00048754239086912286 
45.76 	 0.0004703273374488803 
45.78 	 0.0004525951749430401 
45.8 	 0.0004339902168390219 
45.82 	 0.00041429608942548593 
45.84 	 0.0003934745343272851 
45.86 	 0.0003716305576141505 
45.88 	 0.0003490201474330849 
45.9 	 0.0003259893491778142 
45.92 	 0.0003029625274948273 
45.94 	 0.0002803743138580508 
45.96 	 0.0002586552890406208 
45.98 	 0.0002381767887659407 
46.0 	 0.00021924725956128042 
46.02 	 0.00020208090273642233 
46.04 	 0.00018680846213185834 
46.06 	 0.0001734685409570743 
46.08 	 0.00016202790317554767 
46.1 	 0.00015238661038336805 
46.12 	 0.00014439990052877416 
46.14 	 0.00013788778198174886 
46.16 	 0.0001326529287935866 
46.18 	 0.00012848926002513686 
46.2 	 0.00012519430416648472 
46.22 	 0.00012257518510424127 
46.24 	 0.0001204563278535609 
46.26 	 0.00011868298334152722 
46.28 	 0.00011712546213915529 
46.3 	 0.00011568041626746653 
46.32 	 0.00011427230683227592 
46.34 	 0.00011285249249398126 
46.36 	 0.00011139840019930801 
46.38 	 0.00010991064804295798 
46.4 	 0.00010841046351354088 
46.42 	 0.00010693536120663138 
46.44 	 0.00010553545067089847 
46.46 	 0.00010426838923557052 
46.48 	 0.00010319528397745516 
46.5 	 0.00010237581121779457 
46.52 	 0.00010186453873567181 
46.54 	 0.00010170725980261916 
46.56 	 0.00010193864115301914 
46.58 	 0.00010258073575336405 
46.6 	 0.00010364260766720447 
46.62 	 0.00010512146597189544 
46.64 	 0.00010700422951981955 
46.66 	 0.00010927086097647507 
46.68 	 0.0001118969851630716 
46.7 	 0.00011485820968663336 
46.72 	 0.00011813233498006765 
46.74 	 0.00012170313956893267 
46.76 	 0.000125560754054265 
46.78 	 0.00012970375282857956 
46.8 	 0.00013413690328487523 
46.82 	 0.00013887131018752114 
46.84 	 0.0001439197274884517 
46.86 	 0.00014929551594197027 
46.88 	 0.0001550065343860274 
46.9 	 0.00016105431422954627 
46.92 	 0.0001674278272153277 
46.94 	 0.00017410425631010052 
46.96 	 0.0001810436411375972 
46.98 	 0.0001881920890134582 
47.0 	 0.00019547779603450554 
47.02 	 0.00020281696624162133 
47.04 	 0.00021011142093726993 
47.06 	 0.00021725713973446515 
47.08 	 0.00022414360819968918 
47.1 	 0.00023066450760642667 
47.12 	 0.00023671859776735793 
47.14 	 0.00024222118789269786 
47.16 	 0.000247105335382284 
47.18 	 0.0002513314316150009 
47.2 	 0.0002548863212302621 
47.22 	 0.00025778772329870797 
47.24 	 0.00026007888429869076 
47.26 	 0.00026182595909264735 
47.28 	 0.0002631079683977042 
47.3 	 0.0002640087550024405 
47.32 	 0.00026460552334929956 
47.34 	 0.0002649605715464571 
47.36 	 0.00026511399912042835 
47.38 	 0.00026508116369222077 
47.4 	 0.0002648538840784048 
47.42 	 0.00026440615520112573 
47.44 	 0.0002637034738880318 
47.46 	 0.00026271366773730466 
47.48 	 0.0002614188989550041 
47.5 	 0.00025982453246594023 
47.52 	 0.00025796662494756987 
47.54 	 0.0002559124928866199 
47.56 	 0.00025375931525353594 
47.58 	 0.00025162486301149694 
47.6 	 0.0002496380573270741 
47.62 	 0.00024792371987231057 
47.64 	 0.00024658997955827317 
47.66 	 0.0002457136051336008 
47.68 	 0.0002453300651052022 
47.7 	 0.0002454252826309325 
47.72 	 0.00024593254964606833 
47.74 	 0.00024673388331549975 
47.76 	 0.00024766557971707734 
47.78 	 0.0002485293144853758 
47.8 	 0.00024910572930709167 
47.82 	 0.000249172369345968 
47.84 	 0.0002485221064882543 
47.86 	 0.0002469819465671673 
47.88 	 0.00024443049532506755 
47.9 	 0.0002408096930029779 
47.92 	 0.0002361344752758674 
47.94 	 0.00023049064823938776 
47.96 	 0.0002240322552805392 
47.98 	 0.00021696405401115505 
48.0 	 0.00020952784140664723 
48.02 	 0.00020197536215652077 
48.04 	 0.00019455105767639301 
48.06 	 0.00018746640421733954 
48.08 	 0.00018088906445029275 
48.1 	 0.00017492895329449987 
48.12 	 0.00016964035860798725 
48.14 	 0.00016502342481334467 
48.16 	 0.0001610382531954909 
48.18 	 0.00015761696490741866 
48.2 	 0.0001546819019427916 
48.22 	 0.00015215833281851234 
48.24 	 0.00014998710541485878 
48.26 	 0.00014812940444287054 
48.28 	 0.00014656850721052493 
48.3 	 0.00014530448731233655 
48.32 	 0.00014434699105539026 
48.34 	 0.0001437048723522465 
48.36 	 0.00014337727218644274 
48.38 	 0.0001433462467668035 
48.4 	 0.00014357358259491293 
48.42 	 0.0001440018558544625 
48.44 	 0.00014455959871871571 
48.46 	 0.00014517000494723137 
48.48 	 0.0001457607612560023 
48.5 	 0.00014627414400675485 
48.52 	 0.0001466743459406196 
48.54 	 0.0001469517208980729 
48.56 	 0.00014712210490007774 
48.58 	 0.00014722210897428798 
48.6 	 0.00014730058325488843 
48.62 	 0.00014740826525066634 
48.64 	 0.0001475871917369637 
48.66 	 0.0001478621516966421 
48.68 	 0.00014823545136895784 
48.7 	 0.00014868644443663076 
48.72 	 0.00014917532246441583 
48.74 	 0.00014965122105790497 
48.76 	 0.0001500622194514859 
48.78 	 0.00015036627733095936 
48.8 	 0.00015054009255165452 
48.82 	 0.0001505849931103118 
48.84 	 0.00015052809066115738 
48.86 	 0.00015041886567147096 
48.88 	 0.00015032160816136537 
48.9 	 0.00015030514261113166 
48.92 	 0.0001504317698418939 
48.94 	 0.00015074742175155277 
48.96 	 0.00015127464064953498 
48.98 	 0.00015200995987830126 
49.0 	 0.00015292530045257893 
49.02 	 0.00015397408671918782 
49.04 	 0.00015509933435006178 
49.06 	 0.0001562439634479695 
49.08 	 0.00015735933148469634 
49.1 	 0.00015841274152804809 
49.12 	 0.0001593903459367025 
49.14 	 0.00016029741966378894 
49.16 	 0.00016115392301534117 
49.18 	 0.00016198848539877568 
49.2 	 0.0001628300452310054 
49.22 	 0.000163700675696215 
49.24 	 0.0001646090132126464 
49.26 	 0.0001655473219792929 
49.28 	 0.0001664906708513795 
49.3 	 0.0001674002906580636 
49.32 	 0.00016822838804550448 
49.34 	 0.00016892565145039046 
49.36 	 0.00016944825656442454 
49.38 	 0.00016976519205178525 
49.4 	 0.00016986339112081087 
49.42 	 0.00016975131330363032 
49.44 	 0.00016945990101344441 
49.46 	 0.00016904126999339557 
49.48 	 0.00016856548202061534 
49.5 	 0.00016811527519784716 
49.52 	 0.00016777991693992452 
49.54 	 0.00016764773764776255 
49.56 	 0.00016779854910695162 
49.58 	 0.00016829586824452679 
49.6 	 0.00016917950544191555 
49.62 	 0.00017045964996974909 
49.64 	 0.00017211176371122872 
49.66 	 0.0001740750932113272 
49.68 	 0.00017625230811517653 
49.7 	 0.00017851450354027364 
49.72 	 0.00018070703273173337 
49.74 	 0.000182660933682962 
49.76 	 0.00018420392171511832 
49.78 	 0.00018517502203636475 
49.8 	 0.00018543690117246744 
49.82 	 0.0001848881084946225 
49.84 	 0.0001834716312744335 
49.86 	 0.00018117925786198085 
49.88 	 0.00017805252133513104 
49.9 	 0.00017417665140975766 
49.92 	 0.00016967349445114137 
49.94 	 0.00016468699105899728 
49.96 	 0.00015937154303011862 
49.98 	 0.00015387468178084906 
50.0 	 0.00014832670062453772 
50.02 	 0.00014282729113254526 
50.04 	 0.00013744183707880148 
50.06 	 0.00013219676115623207 
50.08 	 0.00012708490355874932 
50.1 	 0.00012207023723929023 
50.12 	 0.00011710074300672104 
50.14 	 0.00011211910575243178 
50.16 	 0.00010707845141801856 
50.18 	 0.00010195351130874285 
50.2 	 9.675379041996443e-05 
50.22 	 9.153012124087528e-05 
50.24 	 8.638116935657535e-05 
50.26 	 8.145245854198556e-05 
50.28 	 7.693440807197685e-05 
50.3 	 7.305334206639276e-05 
50.32 	 7.006132220206605e-05 
50.34 	 6.822054582974868e-05 
50.36 	 6.778688252500154e-05 
50.38 	 6.899068785724408e-05 
50.4 	 7.201770901225269e-05 
50.42 	 7.699133913793342e-05 
50.44 	 8.395654504472746e-05 
50.46 	 9.287053168021844e-05 
50.48 	 0.0001035963703788216 
50.5 	 0.00011590912223483744 
50.52 	 0.00012950398996785275 
50.54 	 0.00014402132809994406 
50.56 	 0.00015906876436876422 
50.58 	 0.0001742614828888263 
50.6 	 0.000189250876045151 
50.62 	 0.0002037692189445706 
50.64 	 0.00021765267271660853 
50.66 	 0.0002308761473888388 
50.68 	 0.00024355851095370274 
50.7 	 0.00025597609388282257 
50.72 	 0.00026854242112940113 
50.74 	 0.00028179612350119913 
50.76 	 0.0002963539135766534 
50.78 	 0.0003128776812576611 
50.8 	 0.00033200564057817434 
50.82 	 0.0003543120563411221 
50.84 	 0.00038022680655221667 
50.86 	 0.0004100085334344116 
50.88 	 0.0004436666879240004 
50.9 	 0.0004809727808456723 
50.92 	 0.0005213991569828075 
50.94 	 0.0005641891089478374 
50.96 	 0.0006083206620402205 
50.98 	 0.0006526410717047115 
51.0 	 0.0006958524107328229 
51.02 	 0.0007366919515070262 
51.04 	 0.0007739248263447576 
51.06 	 0.0008065295680455548 
51.08 	 0.000833678976577867 
51.1 	 0.0008548829485953718 
51.12 	 0.0008699454760737202 
51.14 	 0.0008790311050896176 
51.16 	 0.0008825999320841805 
51.18 	 0.00088139284751309 
51.2 	 0.0008763586526105637 
51.22 	 0.0008685809141963433 
51.24 	 0.0008592144955605013 
51.26 	 0.0008493900266316773 
51.28 	 0.0008401706950330979 
51.3 	 0.0008324669827132171 
51.32 	 0.0008270146858517304 
51.34 	 0.0008243207731756415 
51.36 	 0.0008246575944162218 
51.38 	 0.0008280496918593463 
51.4 	 0.0008342794220634964 
51.42 	 0.0008429171006751504 
51.44 	 0.0008533363152645039 
51.46 	 0.0008647826974783583 
51.48 	 0.0008763980290671558 
51.5 	 0.0008873132431210952 
51.52 	 0.000896677436809296 
51.54 	 0.0009037505616191657 
51.56 	 0.0009079294638401976 
51.58 	 0.0009088114277522139 
51.6 	 0.0009062085219040562 
51.62 	 0.0009001598011629348 
51.64 	 0.0008909294618449638 
51.66 	 0.0008789622509824939 
51.68 	 0.0008648685950033956 
51.7 	 0.0008493374866208043 
51.72 	 0.0008331188225958935 
51.74 	 0.0008169214795525906 
51.76 	 0.0008014055859043897 
51.78 	 0.0007870948444179606 
51.8 	 0.0007743878262913844 
51.82 	 0.0007635036292454069 
51.84 	 0.0007545134439492763 
51.86 	 0.0007473235011864703 
51.88 	 0.0007417203412591385 
51.9 	 0.0007373819580279878 
51.92 	 0.000733926210272209 
51.94 	 0.0007309345591464712 
51.96 	 0.0007279941201158094 
51.98 	 0.0007247188285262359 
52.0 	 0.0007207802219320758 
52.02 	 0.0007159159066272423 
52.04 	 0.0007099494675098273 
52.06 	 0.0007027825665459217 
52.08 	 0.0006944079202118202 
52.1 	 0.0006848865743737026 
52.12 	 0.0006743584774147177 
52.14 	 0.0006630090519643669 
52.16 	 0.0006510799521793995 
52.18 	 0.0006388292498701363 
52.2 	 0.0006265423169246781 
52.22 	 0.0006144893658067951 
52.24 	 0.0006029352582031497 
52.26 	 0.0005920984770670641 
52.28 	 0.0005821601069643802 
52.3 	 0.0005732297914886142 
52.32 	 0.0005653570533351517 
52.34 	 0.0005585106637804726 
52.36 	 0.0005525970745973129 
52.38 	 0.0005474574263507118 
52.4 	 0.0005428956635081871 
52.42 	 0.0005386912183986272 
52.44 	 0.0005346334156553505 
52.46 	 0.000530539962907172 
52.48 	 0.0005262878250879439 
52.5 	 0.0005218229205262195 
52.52 	 0.0005171756421706861 
52.54 	 0.0005124500800728382 
52.56 	 0.0005078177970491412 
52.58 	 0.0005034857491687722 
52.6 	 0.0004996730015931287 
52.62 	 0.0004965698660720774 
52.64 	 0.0004943125268722898 
52.66 	 0.0004929533755033333 
52.68 	 0.0004924508738179628 
52.7 	 0.0004926669631918533 
52.72 	 0.0004933813512980905 
52.74 	 0.0004943176469262496 
52.76 	 0.000495176980482208 
52.78 	 0.0004956782974863581 
52.8 	 0.0004955944109003606 
52.82 	 0.0004947833749018212 
52.84 	 0.000493207835581382 
52.86 	 0.0004909387306301712 
52.88 	 0.00048814739211702643 
52.9 	 0.0004850775969859469 
52.92 	 0.0004820143893629814 
52.94 	 0.00047923759274920273 
52.96 	 0.00047698395284903855 
52.98 	 0.00047540549349148393 
53.0 	 0.00047454577466169725 
53.02 	 0.00047432456508191256 
53.04 	 0.00047454253127554444 
53.06 	 0.00047490045546314 
53.08 	 0.00047503265598828357 
53.1 	 0.0004745509549794783 
53.12 	 0.00047309268373732727 
53.14 	 0.00047036601713933054 
53.16 	 0.000466191059119215 
53.18 	 0.00046052129936395906 
53.2 	 0.0004534598902960022 
53.22 	 0.00044524311722429646 
53.24 	 0.00043622663972010253 
53.26 	 0.00042683524291391373 
53.28 	 0.0004175288825370126 
53.3 	 0.0004087389871543045 
53.32 	 0.0004008339357946614 
53.34 	 0.0003940678128690615 
53.36 	 0.00038856476386768437 
53.38 	 0.00038429918413640215 
53.4 	 0.0003811087574101673 
53.42 	 0.00037870973218208544 
53.44 	 0.0003767345649658755 
53.46 	 0.0003747699739593118 
53.48 	 0.0003724040464013499 
53.5 	 0.0003692656155636666 
53.52 	 0.00036506270948243296 
53.54 	 0.00035960327049947954 
53.56 	 0.00035281277847536754 
53.58 	 0.00034472692254980674 
53.6 	 0.00033548738253084894 
53.62 	 0.00032531081898533575 
53.64 	 0.00031447201547131736 
53.66 	 0.0003032632938256232 
53.68 	 0.0002919784049347064 
53.7 	 0.0002808778059610979 
53.72 	 0.00027018346233199724 
53.74 	 0.0002600590393084112 
53.76 	 0.00025061799245656405 
53.78 	 0.00024191849311592321 
53.8 	 0.00023397987530024308 
53.82 	 0.0002267856339558523 
53.84 	 0.00022030043419126144 
53.86 	 0.00021447362721488183 
53.88 	 0.00020925118929659558 
53.9 	 0.0002045757345026657 
53.92 	 0.00020039231880962177 
53.94 	 0.00019664532984293068 
53.96 	 0.00019328059543437985 
53.98 	 0.0001902417598147398 
54.0 	 0.00018747178598532154 
54.02 	 0.00018491086857991916 
54.04 	 0.00018249888789435435 
54.06 	 0.00018017505476335325 
54.08 	 0.00017788107653524582 
54.1 	 0.00017556142464508472 
54.12 	 0.00017316626184015043 
54.14 	 0.0001706511959207008 
54.16 	 0.00016797942797121984 
54.18 	 0.00016512060664631583 
54.2 	 0.00016205239311504145 
54.22 	 0.00015875870934067536 
54.24 	 0.00015523127186177504 
54.26 	 0.00015146769855846795 
54.28 	 0.00014747339937268964 
54.3 	 0.00014325975267430026 
54.32 	 0.00013884631796311944 
54.34 	 0.00013425892051386067 
54.36 	 0.00012953175478568326 
54.38 	 0.00012470495625975758 
54.4 	 0.00011982595305768065 
54.42 	 0.00011494605433268727 
54.44 	 0.00011012047523816685 
54.46 	 0.00010540372261908246 
54.48 	 0.00010084816669953514 
54.5 	 9.649863708521436e-05 
54.52 	 9.239025408940016e-05 
54.54 	 8.854351859651439e-05 
54.56 	 8.496298976644151e-05 
54.58 	 8.163471078145278e-05 
54.6 	 7.852753145566159e-05 
54.62 	 7.55942527380645e-05 
54.64 	 7.277639753085575e-05 
54.66 	 7.000884962449562e-05 
54.68 	 6.722697558041213e-05 
54.7 	 6.437258863748515e-05 
54.72 	 6.140071431550573e-05 
54.74 	 5.82837628933938e-05 
54.76 	 5.501510528998628e-05 
54.78 	 5.1609155356606763e-05 
54.8 	 4.810044631709332e-05 
54.82 	 4.4539434334702835e-05 
54.84 	 4.0987958476059194e-05 
54.86 	 3.7512627842047465e-05 
54.88 	 3.417907135206361e-05 
54.9 	 3.104565656185044e-05 
54.92 	 2.815910540990686e-05 
54.94 	 2.555077629374752e-05 
54.96 	 2.3235252881290547e-05 
54.98 	 2.121008221639721e-05 
55.0 	 1.9457511830856527e-05 
55.02 	 1.7947160456169926e-05 
55.04 	 1.6639865562505735e-05 
55.06 	 1.5491774571211313e-05 
55.08 	 1.4458628649481224e-05 
55.1 	 1.3499491902313138e-05 
55.12 	 1.2579870143223376e-05 
55.14 	 1.1673740297640543e-05 
55.16 	 1.0764583272813123e-05 
55.18 	 9.845287527514686e-06 
55.2 	 8.91719027762672e-06 
55.22 	 7.988356720791491e-06 
55.24 	 7.0714802416394995e-06 
55.26 	 6.181652028036235e-06 
55.28 	 5.334220270866037e-06 
55.3 	 4.543046122634744e-06 
55.32 	 3.819176625599464e-06 
55.34 	 3.1701235477116164e-06 
55.36 	 2.599537359605732e-06 
55.38 	 2.1074609602224444e-06 
55.4 	 1.6907729788789847e-06 
55.42 	 1.343978180594424e-06 
55.44 	 1.0598696411897708e-06 
55.46 	 8.304306303032878e-07 
55.48 	 6.47429303435694e-07 
55.5 	 5.029555807035467e-07 
55.52 	 3.897871482231715e-07 
55.54 	 3.01633514165836e-07 
55.56 	 2.3312103520575188e-07 
55.58 	 1.7989719610884245e-07 
55.6 	 1.3858881024821308e-07 
55.62 	 1.0667607980427409e-07 
55.64 	 8.127623881873275e-08 
55.66 	 6.188917057900187e-08 
55.68 	 4.712160915387242e-08 
55.7 	 3.494632065164618e-08 
55.72 	 2.5809568279517847e-08 
55.74 	 1.971238338250362e-08 
55.76 	 1.4901161193847656e-08 
55.78 	 1.0536712127723509e-08 
55.8 	 7.450580596923828e-09 
55.82 	 7.450580596923828e-09 
55.84 	 0.0 
55.86 	 0.0 
55.88 	 0.0 
55.9 	 0.0 
55.92 	 0.0 
55.94 	 0.0 
55.96 	 0.0 
55.98 	 0.0 
56.0 	 0.0 
56.02 	 0.0 
56.04 	 0.0 
56.06 	 0.0 
56.08 	 0.0 
56.1 	 0.0 
56.12 	 0.0 
56.14 	 0.0 
56.16 	 0.0 
56.18 	 0.0 
56.2 	 0.0 
56.22 	 0.0 
56.24 	 0.0 
56.26 	 0.0 
56.28 	 0.0 
56.3 	 0.0 
56.32 	 0.0 
56.34 	 0.0 
56.36 	 0.0 
56.38 	 0.0 
56.4 	 0.0 
56.42 	 0.0 
56.44 	 0.0 
56.46 	 0.0 
56.48 	 0.0 
56.5 	 0.0 
56.52 	 0.0 
56.54 	 0.0 
56.56 	 0.0 
56.58 	 0.0 
56.6 	 0.0 
56.62 	 0.0 
56.64 	 0.0 
56.66 	 0.0 
56.68 	 0.0 
56.7 	 0.0 
56.72 	 0.0 
56.74 	 0.0 
56.76 	 0.0 
56.78 	 0.0 
56.8 	 0.0 
56.82 	 0.0 
56.84 	 0.0 
56.86 	 0.0 
56.88 	 0.0 
56.9 	 0.0 
56.92 	 0.0 
56.94 	 0.0 
56.96 	 0.0 
56.98 	 0.0 
57.0 	 0.0 
57.02 	 0.0 
57.04 	 0.0 
57.06 	 0.0 
57.08 	 0.0 
57.1 	 0.0 
57.12 	 0.0 
57.14 	 0.0 
57.16 	 0.0 
57.18 	 0.0 
57.2 	 0.0 
57.22 	 0.0 
57.24 	 0.0 
57.26 	 0.0 
57.28 	 0.0 
57.3 	 0.0 
57.32 	 0.0 
57.34 	 0.0 
57.36 	 0.0 
57.38 	 0.0 
57.4 	 0.0 
57.42 	 0.0 
57.44 	 0.0 
57.46 	 0.0 
57.48 	 0.0 
57.5 	 0.0 
57.52 	 0.0 
57.54 	 0.0 
57.56 	 0.0 
57.58 	 0.0 
57.6 	 0.0 
57.62 	 0.0 
57.64 	 0.0 
57.66 	 0.0 
57.68 	 0.0 
57.7 	 0.0 
57.72 	 0.0 
57.74 	 0.0 
57.76 	 0.0 
57.78 	 0.0 
57.8 	 0.0 
57.82 	 0.0 
57.84 	 0.0 
57.86 	 0.0 
57.88 	 0.0 
57.9 	 0.0 
57.92 	 0.0 
57.94 	 0.0 
57.96 	 0.0 
57.98 	 0.0 
58.0 	 0.0 
58.02 	 0.0 
58.04 	 0.0 
58.06 	 0.0 
58.08 	 0.0 
58.1 	 0.0 
58.12 	 0.0 
58.14 	 0.0 
58.16 	 0.0 
58.18 	 0.0 
58.2 	 0.0 
58.22 	 0.0 
58.24 	 0.0 
58.26 	 0.0 
58.28 	 0.0 
58.3 	 0.0 
58.32 	 0.0 
58.34 	 0.0 
58.36 	 0.0 
58.38 	 0.0 
58.4 	 0.0 
58.42 	 0.0 
58.44 	 0.0 
58.46 	 0.0 
58.48 	 0.0 
58.5 	 0.0 
58.52 	 0.0 
58.54 	 0.0 
58.56 	 0.0 
58.58 	 0.0 
58.6 	 0.0 
58.62 	 0.0 
58.64 	 0.0 
58.66 	 0.0 
58.68 	 0.0 
58.7 	 0.0 
58.72 	 0.0 
58.74 	 0.0 
58.76 	 0.0 
58.78 	 0.0 
58.8 	 0.0 
58.82 	 0.0 
58.84 	 0.0 
58.86 	 0.0 
58.88 	 0.0 
58.9 	 0.0 
58.92 	 0.0 
58.94 	 0.0 
58.96 	 0.0 
58.98 	 0.0 
59.0 	 0.0 
59.02 	 0.0 
59.04 	 0.0 
59.06 	 0.0 
59.08 	 0.0 
59.1 	 0.0 
59.12 	 0.0 
59.14 	 0.0 
59.16 	 0.0 
59.18 	 0.0 
59.2 	 0.0 
59.22 	 0.0 
59.24 	 0.0 
59.26 	 0.0 
59.28 	 0.0 
59.3 	 0.0 
59.32 	 0.0 
59.34 	 0.0 
59.36 	 0.0 
59.38 	 0.0 
59.4 	 0.0 
59.42 	 0.0 
59.44 	 0.0 
59.46 	 0.0 
59.48 	 0.0 
59.5 	 0.0 
59.52 	 0.0 
59.54 	 0.0 
59.56 	 0.0 
59.58 	 0.0 
59.6 	 0.0 
59.62 	 0.0 
59.64 	 0.0 
59.66 	 0.0 
59.68 	 0.0 
59.7 	 0.0 
59.72 	 0.0 
59.74 	 0.0 
59.76 	 0.0 
59.78 	 0.0 
59.8 	 0.0 
59.82 	 0.0 
59.84 	 0.0 
59.86 	 0.0 
59.88 	 0.0 
59.9 	 0.0 
59.92 	 0.0 
59.94 	 0.0 
59.96 	 0.0 
59.98 	 0.0 
