0.0 	 0.44554878526099906 
0.02 	 0.39823618942109384 
0.04 	 0.37909945946389373 
0.06 	 0.3644447195947044 
0.08 	 0.3563680630851255 
0.1 	 0.3515248959296246 
0.12 	 0.3482299565405544 
0.14 	 0.3455444133956956 
0.16 	 0.34717655180904516 
0.18 	 0.34369961600906707 
0.2 	 0.35148776947606025 
0.22 	 0.34642197301253513 
0.24 	 0.3609782616831908 
0.26 	 0.35473178488068535 
0.28 	 0.3750287639099334 
0.3 	 0.367944125558113 
0.32 	 0.3905035659377972 
0.34 	 0.38054432804672716 
0.36 	 0.397668932126826 
0.38 	 0.37484514491729803 
0.4 	 0.366074562529162 
0.42 	 0.29340082048887517 
0.44 	 0.21055055316100127 
0.46 	 0.11603122432380777 
0.48 	 0.06971998759663298 
0.5 	 0.041127179492722626 
0.52 	 0.02618621303720113 
0.54 	 0.016605241683658765 
0.56 	 0.010881474758762095 
0.58 	 0.0071183844539476045 
0.6 	 0.004684081059616067 
0.62 	 0.003080696528770995 
0.64 	 0.0020004445842729613 
0.66 	 0.001301002139993337 
0.68 	 0.000827850963915413 
0.7 	 0.0005349711220584848 
0.72 	 0.0003473074545083172 
0.74 	 0.0002451351238214851 
0.76 	 0.00019504821129112608 
0.78 	 0.00018519178608902145 
0.8 	 0.00020289879369785667 
0.82 	 0.0002398759023332363 
0.84 	 0.00029275650603562516 
0.86 	 0.00035542466804678024 
0.88 	 0.0004284070070491907 
0.9 	 0.0005061530312948835 
0.92 	 0.0005915920287097809 
0.94 	 0.0006775739686493471 
0.96 	 0.0007700940653917639 
0.98 	 0.0008583833031137469 
1.0 	 0.0009527060730832708 
1.02 	 0.0010376752383536392 
1.04 	 0.001128292450442651 
1.06 	 0.00120510453764671 
1.08 	 0.0012869328688028263 
1.1 	 0.0013522851567621978 
1.12 	 0.0014215884301790836 
1.14 	 0.00147417855019992 
1.16 	 0.0015292254012202813 
1.18 	 0.001569730446033944 
1.2 	 0.0016109143993257376 
1.22 	 0.0016415461790400228 
1.24 	 0.0016709957534021837 
1.26 	 0.0016948604652065496 
1.28 	 0.001715794722560398 
1.3 	 0.0017363005405848363 
1.32 	 0.0017524189238235669 
1.34 	 0.0017728468111911167 
1.36 	 0.0017878783816637296 
1.38 	 0.0018110598362022917 
1.4 	 0.001828393041559066 
1.42 	 0.0018563726427878657 
1.44 	 0.0018786334634107857 
1.46 	 0.001912298495781758 
1.48 	 0.0019408845652272731 
1.5 	 0.0019797163710133566 
1.52 	 0.0020144763735768295 
1.54 	 0.002056634345284155 
1.56 	 0.002095913208509322 
1.58 	 0.002138722144538596 
1.6 	 0.002179831572271024 
1.62 	 0.0022205168607826 
1.64 	 0.0022604732638856003 
1.66 	 0.0022968614755266067 
1.68 	 0.002333122226445421 
1.7 	 0.0023640751414807123 
1.72 	 0.0023950468282444267 
1.74 	 0.002420550572678837 
1.76 	 0.0024457711634258486 
1.78 	 0.0024667402758791687 
1.8 	 0.002486760515276322 
1.82 	 0.0025046838932890722 
1.84 	 0.0025207510154037255 
1.86 	 0.0025373174527938977 
1.88 	 0.002551001155243414 
1.9 	 0.0025678225879506764 
1.92 	 0.002580723772726968 
1.94 	 0.0025992240928093655 
1.96 	 0.0026128560420102497 
1.98 	 0.002634307543762394 
2.0 	 0.002650135382465139 
2.02 	 0.0026757356331430066 
2.04 	 0.0026952529950094776 
2.06 	 0.0027261074004870946 
2.08 	 0.0027508002180318654 
2.1 	 0.0027877497917094315 
2.12 	 0.0028188861928515312 
2.14 	 0.002862258058253217 
2.16 	 0.002900597783302291 
2.18 	 0.0029500546793265006 
2.2 	 0.00299567305560615 
2.22 	 0.003050306202785711 
2.24 	 0.0031026843936562574 
2.26 	 0.0031613326536882257 
2.28 	 0.0032196903061997534 
2.3 	 0.00328128555669818 
2.32 	 0.003344939640758055 
2.34 	 0.0034086160296287224 
2.36 	 0.003477081847785097 
2.38 	 0.0035419175588248964 
2.4 	 0.0036145994568415806 
2.42 	 0.0036791264626488355 
2.44 	 0.0037547269621374247 
2.46 	 0.003816577684871441 
2.48 	 0.003892614906624712 
2.5 	 0.003948687813910293 
2.52 	 0.004021555963264498 
2.54 	 0.0040688126482156155 
2.56 	 0.004134574404038256 
2.58 	 0.0041711784386706105 
2.6 	 0.004226863544081475 
2.62 	 0.004253107575313513 
2.64 	 0.0042979488011058746 
2.66 	 0.0043164673797981895 
2.68 	 0.004352442231805973 
2.7 	 0.004367535681675553 
2.72 	 0.004398870985933767 
2.74 	 0.004415185950285913 
2.76 	 0.004446998562182989 
2.78 	 0.004468111144948004 
2.8 	 0.004504798343285183 
2.82 	 0.004532262392392477 
2.84 	 0.004576320224852723 
2.86 	 0.004609456765975999 
2.88 	 0.004661062893079951 
2.9 	 0.004697369513862218 
2.92 	 0.0047546099230218585 
2.94 	 0.004790442720008423 
2.96 	 0.004849832348373907 
2.98 	 0.004881074177891217 
3.0 	 0.004938111378548732 
3.02 	 0.004960746134400192 
3.04 	 0.005010463353067394 
3.06 	 0.005021101146200929 
3.08 	 0.005058686953328421 
3.1 	 0.005055046006063081 
3.12 	 0.005076535999926935 
3.14 	 0.005057783483693436 
3.16 	 0.0050606636672061505 
3.18 	 0.005027493615124592 
3.2 	 0.005011005849276697 
3.22 	 0.004965433367881072 
3.24 	 0.004930496491884296 
3.26 	 0.004875500841926401 
3.28 	 0.004824382707810126 
3.3 	 0.00476362328312223 
3.32 	 0.004699651294188848 
3.34 	 0.004637439136576506 
3.36 	 0.004564999455429881 
3.38 	 0.004506541704484554 
3.4 	 0.004431398041007773 
3.42 	 0.004383117960835692 
3.44 	 0.004312796476462145 
3.46 	 0.004282369898732302 
3.48 	 0.004226164007062273 
3.5 	 0.004221907475433025 
3.52 	 0.004190094449363108 
3.54 	 0.00421956637703582 
3.56 	 0.004221755295209217 
3.58 	 0.004289864422217503 
3.6 	 0.004332901118094095 
3.62 	 0.004440250883340594 
3.64 	 0.004526492107609135 
3.66 	 0.0046687986185384965 
3.68 	 0.004795532551040754 
3.7 	 0.00496455785320529 
3.72 	 0.00512486953307323 
3.74 	 0.00531061192103706 
3.76 	 0.005495385054489784 
3.78 	 0.005688718765733152 
3.8 	 0.005889094014523761 
3.82 	 0.006083960568243849 
3.84 	 0.006293546344011921 
3.86 	 0.006488112022016861 
3.88 	 0.006704438420299626 
3.9 	 0.006901078778028324 
3.92 	 0.007126050449341426 
3.94 	 0.007330390470574658 
3.96 	 0.0075697797253177854 
3.98 	 0.0077892377749467475 
4.0 	 0.00805154032336424 
4.02 	 0.008293886365356568 
4.04 	 0.008589044435555087 
4.06 	 0.008861373744802017 
4.08 	 0.009199836613913884 
4.1 	 0.009508108380705108 
4.12 	 0.009900453232982408 
4.14 	 0.010249478280851224 
4.16 	 0.01070652639139412 
4.18 	 0.011100153399868886 
4.2 	 0.01163335646015836 
4.22 	 0.012074594750161366 
4.24 	 0.012696387335947646 
4.26 	 0.013187173415074721 
4.28 	 0.013910773291224754 
4.3 	 0.014451032644768751 
4.32 	 0.015288779047411922 
4.34 	 0.015874665098628865 
4.36 	 0.01683381977159697 
4.38 	 0.017455768093966567 
4.4 	 0.018531343218350753 
4.42 	 0.019173253182331075 
4.44 	 0.020338949012903784 
4.46 	 0.020979003884610856 
4.48 	 0.022179113902035984 
4.5 	 0.022790217774803594 
4.52 	 0.02393669039891833 
4.54 	 0.02448303687160761 
4.56 	 0.02546212500652848 
4.58 	 0.025891728891255225 
4.6 	 0.02658254194264327 
4.62 	 0.026822647705153 
4.64 	 0.027124637444029463 
4.66 	 0.027090557911199263 
4.68 	 0.026950985783306628 
4.7 	 0.02657265160506894 
4.72 	 0.026003294544834674 
4.74 	 0.02525988666991613 
4.76 	 0.02433640545052826 
4.78 	 0.023278535067394225 
4.8 	 0.022122481057679024 
4.82 	 0.020864355499614608 
4.84 	 0.01961325530201703 
4.86 	 0.018295844206839752 
4.88 	 0.017071547493831104 
4.9 	 0.01581876090651461 
4.92 	 0.014706632967343066 
4.94 	 0.013599690620718358 
4.96 	 0.01264550910300981 
4.98 	 0.011722387922904138 
5.0 	 0.010941872620689564 
5.02 	 0.010209630861880857 
5.04 	 0.009599298143874339 
5.06 	 0.009045051900911552 
5.08 	 0.008587795522017203 
5.1 	 0.008184198023933721 
5.12 	 0.0078511527389694 
5.14 	 0.007560109858108976 
5.16 	 0.007313612796458442 
5.18 	 0.00709216033585315 
5.2 	 0.006892311988160927 
5.22 	 0.0067009739102258875 
5.24 	 0.006514500117523538 
5.26 	 0.006325720210290325 
5.28 	 0.006133668048174463 
5.3 	 0.005937154573170944 
5.32 	 0.00573801312445736 
5.34 	 0.005540495736075808 
5.36 	 0.005347123061752003 
5.38 	 0.005166053653429361 
5.4 	 0.004997575428446009 
5.42 	 0.0048513358964059105 
5.44 	 0.004723673930754185 
5.46 	 0.00462294586839561 
5.48 	 0.004542222927127456 
5.5 	 0.004486334298158236 
5.52 	 0.004447553613976869 
5.54 	 0.004426398461134397 
5.56 	 0.004416862202339115 
5.58 	 0.0044160663243673955 
5.6 	 0.004420933819637611 
5.62 	 0.004427126379973415 
5.64 	 0.004434216747974614 
5.66 	 0.004438255436726623 
5.68 	 0.004440352157747271 
5.7 	 0.004437972498164232 
5.72 	 0.004432609193227771 
5.74 	 0.00442332956285545 
5.76 	 0.004411310127551311 
5.78 	 0.004396950156458038 
5.8 	 0.004380976955752285 
5.82 	 0.004364667988308594 
5.84 	 0.004348563539914593 
5.86 	 0.004334165318106144 
5.88 	 0.004322216328660947 
5.9 	 0.004313517432559024 
5.92 	 0.004309335553986613 
5.94 	 0.004308761360144324 
5.96 	 0.004313757107192186 
5.98 	 0.004321086242144607 
6.0 	 0.004333391190282804 
6.02 	 0.004345344328574882 
6.04 	 0.004360036627444312 
6.06 	 0.004371206659313075 
6.08 	 0.004381992190160388 
6.1 	 0.004386832167568218 
6.12 	 0.004388511588558197 
6.14 	 0.004383566760373997 
6.16 	 0.004374235802462447 
6.18 	 0.004359733741691923 
6.2 	 0.004341849540955421 
6.22 	 0.004322065092866965 
6.24 	 0.004302059736220773 
6.26 	 0.004284383114865851 
6.28 	 0.00427111179768511 
6.3 	 0.004264261567432452 
6.32 	 0.004266942307602818 
6.34 	 0.004278996911542072 
6.36 	 0.004305224939729684 
6.38 	 0.004341912106427026 
6.4 	 0.004395877654372899 
6.42 	 0.004459050807668115 
6.44 	 0.004539685832934807 
6.46 	 0.004625635408087327 
6.48 	 0.00472458036038845 
6.5 	 0.004822131600637488 
6.52 	 0.004922219158104922 
6.54 	 0.005011342908005672 
6.56 	 0.005087142290242718 
6.58 	 0.005139637364780299 
6.6 	 0.005161605625200601 
6.62 	 0.0051457578586782335 
6.64 	 0.005088211377532836 
6.66 	 0.004978332904573907 
6.68 	 0.004829144712836644 
6.7 	 0.004617767869348165 
6.72 	 0.004385611225004561 
6.74 	 0.004091975388971715 
6.76 	 0.0038066362627165126 
6.78 	 0.003474117450092798 
6.8 	 0.0031780672438917195 
6.82 	 0.002859138686771944 
6.84 	 0.0025936165039932677 
6.86 	 0.002330507052581101 
6.88 	 0.00212318480754434 
6.9 	 0.0019358186690713306 
6.92 	 0.0017957466057857577 
6.94 	 0.0016818231106472815 
6.96 	 0.0016020601270730595 
6.98 	 0.001545237811658426 
7.0 	 0.0015096241941265406 
7.02 	 0.00148904849478654 
7.04 	 0.0014792670498429005 
7.06 	 0.001476351047328843 
7.08 	 0.0014769743508437055 
7.1 	 0.0014785658783362666 
7.12 	 0.001479315410839289 
7.14 	 0.0014779646933331255 
7.16 	 0.0014734898351307754 
7.18 	 0.0014659799742683588 
7.2 	 0.0014542076973294582 
7.22 	 0.0014396228022123768 
7.24 	 0.0014200500458781359 
7.26 	 0.001398531239331182 
7.28 	 0.0013715569619054619 
7.3 	 0.0013443511712316059 
7.32 	 0.0013119414094100472 
7.34 	 0.0012824821539835043 
7.36 	 0.0012495351865760324 
7.38 	 0.0012245422845184647 
7.4 	 0.0011997996722243646 
7.42 	 0.0011892158190677498 
7.44 	 0.0011847629583870939 
7.46 	 0.0011999539975427135 
7.48 	 0.0012291331482277353 
7.5 	 0.0012798568141130153 
7.52 	 0.001354228685987061 
7.54 	 0.001445681423113677 
7.56 	 0.0015719708110974355 
7.58 	 0.001703142149362565 
7.6 	 0.0018808271555505768 
7.62 	 0.0020445230350593464 
7.64 	 0.0022643283844473827 
7.66 	 0.002448264279431554 
7.68 	 0.0026917634237963403 
7.7 	 0.002879758238175898 
7.72 	 0.003120578183215381 
7.74 	 0.0032933627917089065 
7.76 	 0.003500644361539392 
7.78 	 0.003636857108966414 
7.8 	 0.0037811079525373313 
7.82 	 0.003859832054874739 
7.84 	 0.003920061080150852 
7.86 	 0.003925719902264785 
7.88 	 0.003895460723858218 
7.9 	 0.0038238305482301157 
7.92 	 0.0037134021098508595 
7.94 	 0.003575394953941445 
7.96 	 0.0034090401209600466 
7.98 	 0.0032290474834599284 
8.0 	 0.003037902675148947 
8.02 	 0.0028465948907076396 
8.04 	 0.002660424147064838 
8.06 	 0.002485621088318149 
8.08 	 0.002326566132072735 
8.1 	 0.002186727488226649 
8.12 	 0.002066761278359949 
8.14 	 0.0019691798937027482 
8.16 	 0.0018907923214039229 
8.18 	 0.0018334443588990503 
8.2 	 0.0017919364054111095 
8.22 	 0.001766707602529587 
8.24 	 0.0017527094514618708 
8.26 	 0.001748370714949864 
8.28 	 0.0017500370955029706 
8.3 	 0.0017544684009906364 
8.32 	 0.001759394137083636 
8.34 	 0.0017612127281663342 
8.36 	 0.0017582071529496021 
8.38 	 0.0017480761481751012 
8.4 	 0.001728755822744836 
8.42 	 0.0017005087870483036 
8.44 	 0.0016605062921013773 
8.46 	 0.0016120325602693385 
8.48 	 0.0015515952333997967 
8.5 	 0.0014852706991662877 
8.52 	 0.0014090903437552185 
8.54 	 0.00133145697289632 
8.56 	 0.001247673472631902 
8.58 	 0.0011681607508606162 
8.6 	 0.0010866483490944618 
8.62 	 0.0010154678994063334 
8.64 	 0.0009457679921051282 
8.66 	 0.0008915839436688505 
8.68 	 0.0008410770747928376 
8.7 	 0.000809315737752615 
8.72 	 0.0007822221003126814 
8.74 	 0.000774647783989796 
8.76 	 0.0007721336556615469 
8.78 	 0.0007876855500693848 
8.8 	 0.0008088880695060666 
8.82 	 0.0008451713761810278 
8.84 	 0.0008885778689169732 
8.86 	 0.0009431829658462142 
8.88 	 0.001007670099537494 
8.9 	 0.0010787048575081378 
8.92 	 0.001163708524132842 
8.94 	 0.0012494119062723067 
8.96 	 0.0013541303651993398 
8.98 	 0.001451961392397917 
9.0 	 0.0015740364910905007 
9.02 	 0.0016799385582619588 
9.04 	 0.0018144374694015915 
9.06 	 0.001922873885290648 
9.08 	 0.002062367347085031 
9.1 	 0.002167285196871955 
9.12 	 0.002303350910816249 
9.14 	 0.0023997620977994046 
9.16 	 0.0025255156028632093 
9.18 	 0.0026111100909591363 
9.2 	 0.0027237145143977136 
9.22 	 0.0027998481943384145 
9.24 	 0.0029017764577674195 
9.26 	 0.0029733092415603836 
9.28 	 0.0030716553334038726 
9.3 	 0.003145545769300723 
9.32 	 0.0032496709300540365 
9.34 	 0.003332858088300897 
9.36 	 0.0034514717407807525 
9.38 	 0.0035489638305132307 
9.4 	 0.003687844828867128 
9.42 	 0.0038017400952205763 
9.44 	 0.003962733182197658 
9.46 	 0.004092281458132473 
9.48 	 0.0042734472316830275 
9.5 	 0.0044157113764109945 
9.52 	 0.0046120387309125386 
9.54 	 0.004762559472420229 
9.56 	 0.004966629733413373 
9.58 	 0.0051197054110811505 
9.6 	 0.005322028837341593 
9.62 	 0.005470590007889028 
9.64 	 0.005659801033068178 
9.66 	 0.005795206240064569 
9.68 	 0.005958637317232383 
9.7 	 0.006070908603197 
9.72 	 0.0061960199711032305 
9.74 	 0.006274956933148132 
9.76 	 0.006351613238280394 
9.78 	 0.006388806861894289 
9.8 	 0.0064117152050015705 
9.82 	 0.006402867865482889 
9.84 	 0.006373143916073716 
9.86 	 0.006319733795803637 
9.88 	 0.006244955592211358 
9.9 	 0.006154616502879107 
9.92 	 0.006047680772767641 
9.94 	 0.005933534232576584 
9.96 	 0.005811306215957389 
9.98 	 0.005690952059565924 
10.0 	 0.0055732944009951125 
10.02 	 0.005467537464363787 
10.04 	 0.005376037704201474 
10.06 	 0.005306379573052862 
10.08 	 0.005261321778311405 
10.1 	 0.005245360586007568 
10.12 	 0.005260402165050945 
10.14 	 0.005305990353870636 
10.16 	 0.0053821523234974114 
10.18 	 0.005482794273858118 
10.2 	 0.005604881857232784 
10.22 	 0.005738704157587452 
10.24 	 0.005876821055056195 
10.26 	 0.006010061661678663 
10.28 	 0.006126809967352001 
10.3 	 0.006221655427355605 
10.32 	 0.006283107960477386 
10.34 	 0.006308724977843355 
10.36 	 0.006295401914627885 
10.38 	 0.006239136299654101 
10.4 	 0.0061528353455816455 
10.42 	 0.006026659960434194 
10.44 	 0.005890422317397054 
10.46 	 0.005728548102007781 
10.48 	 0.0055798649250023685 
10.5 	 0.0054280122002766705 
10.52 	 0.005308323757447302 
10.54 	 0.005210188481907802 
10.56 	 0.005154969683659319 
10.58 	 0.00514217996807124 
10.6 	 0.005174440084846043 
10.62 	 0.005262338346753715 
10.64 	 0.005389560241373166 
10.66 	 0.005576753286363856 
10.68 	 0.005789753130279136 
10.7 	 0.00605817252723 
10.72 	 0.006331066689335294 
10.74 	 0.00664518665640048 
10.76 	 0.006937303756495271 
10.78 	 0.007244233808202821 
10.8 	 0.007505497774761057 
10.82 	 0.007739978545349281 
10.84 	 0.007920223826743282 
10.86 	 0.008018077138739763 
10.88 	 0.008078734672500055 
10.9 	 0.007997537960391562 
10.92 	 0.007922490618679615 
10.94 	 0.007660718737425605 
10.96 	 0.007462275160619298 
10.98 	 0.007064041826030047 
11.0 	 0.006780107220930731 
11.02 	 0.006318906486108761 
11.04 	 0.006000432269259819 
11.06 	 0.005550188456136735 
11.08 	 0.005244210386389663 
11.1 	 0.0048554642663339986 
11.12 	 0.004592653799906471 
11.14 	 0.004285293848364731 
11.16 	 0.004077034050563178 
11.18 	 0.0038470758717267855 
11.2 	 0.0036900919760258764 
11.22 	 0.0035211456810054107 
11.24 	 0.003404501117251659 
11.26 	 0.003276884217368571 
11.28 	 0.0031874594471802053 
11.3 	 0.0030829431997651422 
11.32 	 0.0030083133172546985 
11.34 	 0.002911740035559178 
11.36 	 0.0028412957916667805 
11.38 	 0.002741109927833356 
11.4 	 0.0026666802680387876 
11.42 	 0.0025556269338331944 
11.44 	 0.002472219814945406 
11.46 	 0.0023481687375288152 
11.48 	 0.0022545996515314095 
11.5 	 0.002120627800630469 
11.52 	 0.0020194338152244784 
11.54 	 0.0018824788465954957 
11.56 	 0.0017788093779329216 
11.58 	 0.0016471490727417084 
11.6 	 0.0015469595807199234 
11.62 	 0.00142761594448668 
11.64 	 0.0013359287560265672 
11.66 	 0.0012331148290270102 
11.68 	 0.0011530312733113984 
11.7 	 0.0010680259698842638 
11.72 	 0.001000686980311989 
11.74 	 0.0009327071276158193 
11.76 	 0.0008778852346156675 
11.78 	 0.0008251770466684519 
11.8 	 0.0007819650498497067 
11.82 	 0.0007425238437417448 
11.84 	 0.0007097305378892929 
11.86 	 0.0006814975354639529 
11.88 	 0.0006576902236120652 
11.9 	 0.0006384379524865924 
11.92 	 0.0006218309515432386 
11.94 	 0.0006090552599397113 
11.96 	 0.0005974916046795676 
11.98 	 0.0005885105512947252 
12.0 	 0.0005796593112323348 
12.02 	 0.0005719325796776785 
12.04 	 0.0005636642483117859 
12.06 	 0.0005552224178508236 
12.08 	 0.000546035164852774 
12.1 	 0.0005358740566648354 
12.12 	 0.0005252347181601734 
12.14 	 0.0005135429134568591 
12.16 	 0.0005020325507110186 
12.18 	 0.0004901461736933213 
12.2 	 0.0004793335224234357 
12.22 	 0.00046936662136878 
12.24 	 0.00046138945330241637 
12.26 	 0.0004555963490730664 
12.28 	 0.0004525275018566905 
12.3 	 0.00045258610435290755 
12.32 	 0.0004557702852702374 
12.34 	 0.00046224830125624864 
12.36 	 0.00047185525538851576 
12.38 	 0.00048407419032994774 
12.4 	 0.0004990761896668901 
12.42 	 0.0005154475118172391 
12.44 	 0.0005340983295629402 
12.46 	 0.0005528518415537249 
12.48 	 0.0005735705877138199 
12.5 	 0.000593680344984516 
12.52 	 0.0006160917970390476 
12.54 	 0.0006381318948541464 
12.56 	 0.0006639321190657525 
12.58 	 0.0006905587667119939 
12.6 	 0.0007238762789011763 
12.62 	 0.000759668554487623 
12.64 	 0.0008066755762070376 
12.66 	 0.0008572323403826467 
12.68 	 0.0009249265866328936 
12.7 	 0.0009954043486339276 
12.72 	 0.001089715101033959 
12.74 	 0.0011832551375282705 
12.76 	 0.0013068783271887711 
12.78 	 0.0014234022600182882 
12.8 	 0.0015739652329001311 
12.82 	 0.0017095775903650135 
12.84 	 0.001878803136884271 
12.86 	 0.0020257721276962337 
12.88 	 0.0022001660896243205 
12.9 	 0.0023474367102533484 
12.92 	 0.0025105832842364016 
12.94 	 0.002644947840416852 
12.96 	 0.0027808429470069147 
12.98 	 0.002888894800360537 
13.0 	 0.0029852397677302732 
13.02 	 0.003055895193193772 
13.04 	 0.003106324995722293 
13.06 	 0.0031333087984172945 
13.08 	 0.0031381643324418645 
13.1 	 0.0031218092107786048 
13.12 	 0.003087781052767692 
13.14 	 0.0030357472786471536 
13.16 	 0.002974934582773097 
13.18 	 0.0029016313658447473 
13.2 	 0.00283018651643035 
13.22 	 0.002754671972757896 
13.24 	 0.002690742370490863 
13.26 	 0.0026330972190502524 
13.28 	 0.0025938103732122304 
13.3 	 0.002570665695477026 
13.32 	 0.0025684883710462834 
13.34 	 0.0025890243960746307 
13.36 	 0.0026284614255965336 
13.38 	 0.0026920586475542214 
13.4 	 0.0027678539785634415 
13.42 	 0.002863802872013661 
13.44 	 0.002961497999164123 
13.46 	 0.003070635617558237 
13.48 	 0.0031696937636139597 
13.5 	 0.003267908771219169 
13.52 	 0.003346768174581678 
13.54 	 0.0034103284410474228 
13.56 	 0.0034519355892999536 
13.58 	 0.003463766266104495 
13.6 	 0.0034597627163709998 
13.62 	 0.003414469754547434 
13.64 	 0.0033665709156175446 
13.66 	 0.0032716054205132903 
13.68 	 0.00318975260806753 
13.7 	 0.003061729036359931 
13.72 	 0.0029599028606469135 
13.74 	 0.002817901023869685 
13.76 	 0.002709439050578193 
13.78 	 0.0025688169660381985 
13.8 	 0.002463118911665202 
13.82 	 0.002332533594164711 
13.84 	 0.002234113059475665 
13.86 	 0.002116090667267177 
13.88 	 0.002025672254958728 
13.9 	 0.001919220895868437 
13.92 	 0.0018357735669191806 
13.94 	 0.001739164583529344 
13.96 	 0.0016617437855875065 
13.98 	 0.0015743147795777921 
14.0 	 0.001503139423119026 
14.02 	 0.0014259548298626089 
14.04 	 0.001362774521734311 
14.06 	 0.0012985809581767145 
14.08 	 0.0012466757117241176 
14.1 	 0.0011995970253860539 
14.12 	 0.0011636069261350668 
14.14 	 0.0011386681347763628 
14.16 	 0.0011241269872044827 
14.18 	 0.0011264258557354787 
14.2 	 0.0011387322270311044 
14.22 	 0.0011721604028799653 
14.24 	 0.0012149346416314858 
14.26 	 0.0012806559006704145 
14.28 	 0.0013538638308830573 
14.3 	 0.001448959296606124 
14.32 	 0.0015475149966518076 
14.34 	 0.0016641752501781659 
14.36 	 0.0017777124696711536 
14.38 	 0.0019032446573873114 
14.4 	 0.0020173407589718947 
14.42 	 0.0021352047436645487 
14.44 	 0.0022337766816844878 
14.46 	 0.002325802676128079 
14.48 	 0.0023940198591076503 
14.5 	 0.002443756465433342 
14.52 	 0.002470830358940277 
14.54 	 0.0024675841055174395 
14.56 	 0.0024490469298946026 
14.58 	 0.00239164500268762 
14.6 	 0.0023308592632699894 
14.62 	 0.002229682105080896 
14.64 	 0.0021381799597623877 
14.66 	 0.0020140557328272766 
14.68 	 0.0019101959462735493 
14.7 	 0.001789841101151 
14.72 	 0.0016956355780501664 
14.74 	 0.0016051571303111636 
14.76 	 0.0015419205840826202 
14.78 	 0.0015010622927343318 
14.8 	 0.0014851564687917852 
14.82 	 0.0015043294197295924 
14.84 	 0.001544216281865294 
14.86 	 0.0016244991600951055 
14.88 	 0.0017197489948387846 
14.9 	 0.0018546402846918231 
14.92 	 0.0019968986695085415 
14.94 	 0.002174496485655981 
14.96 	 0.0023499070541579737 
14.98 	 0.002554868268261836 
15.0 	 0.002747116278279091 
15.02 	 0.002962326411742745 
15.04 	 0.0031553916457887927 
15.06 	 0.003363411263695562 
15.08 	 0.0035433625377876057 
15.1 	 0.0037276139904097766 
15.12 	 0.003883254954903015 
15.14 	 0.0040289109102657405 
15.16 	 0.00415158478498367 
15.18 	 0.004246326520873039 
15.2 	 0.004329500489455783 
15.22 	 0.004364538468603415 
15.24 	 0.00440380244058477 
15.26 	 0.0043754637519531495 
15.28 	 0.0043692696415477995 
15.3 	 0.004280883946770513 
15.32 	 0.004231795861601325 
15.34 	 0.0040948315564312545 
15.36 	 0.004010494067463114 
15.38 	 0.0038436332221805656 
15.4 	 0.003736496469532827 
15.42 	 0.003562175141224652 
15.44 	 0.003447539147089786 
15.46 	 0.0032870436558048773 
15.48 	 0.0031799775780645147 
15.5 	 0.003049193455726674 
15.52 	 0.002961615549657369 
15.54 	 0.0028690691588157172 
15.56 	 0.0028081506605773677 
15.58 	 0.002755526751958616 
15.6 	 0.002723731953152584 
15.62 	 0.0027077896984723238 
15.64 	 0.002703947715890946 
15.66 	 0.0027184125829493966 
15.68 	 0.0027388456012896662 
15.7 	 0.0027753682829283893 
15.72 	 0.0028144348053709915 
15.74 	 0.0028626366210711216 
15.76 	 0.002912759981270786 
15.78 	 0.0029601920502362166 
15.8 	 0.0030119920874129833 
15.82 	 0.0030450518743999695 
15.84 	 0.003088208340640135 
15.86 	 0.003094481397655545 
15.88 	 0.0031194626197677626 
15.9 	 0.003090864841616957 
15.92 	 0.003091018274457134 
15.94 	 0.0030262402438737614 
15.96 	 0.0029993808141618194 
15.98 	 0.0029042350576456316 
16.0 	 0.0028530091499910067 
16.02 	 0.002738420854528792 
16.04 	 0.002669297385563472 
16.06 	 0.0025480054620273147 
16.08 	 0.002469397422024261 
16.1 	 0.0023529157176358463 
16.12 	 0.0022732380953817736 
16.14 	 0.0021700618567259806 
16.16 	 0.0020963335596128007 
16.18 	 0.002011444861880139 
16.2 	 0.0019485910998033216 
16.22 	 0.0018837549596998641 
16.24 	 0.001834432437832314 
16.26 	 0.0017887628830812225 
16.28 	 0.001753470912364252 
16.3 	 0.001724019711759141 
16.32 	 0.0017013760609019854 
16.34 	 0.001683745298532628 
16.36 	 0.0016709188070735672 
16.38 	 0.0016599782787572858 
16.4 	 0.001653285869354354 
16.42 	 0.0016440010957300129 
16.44 	 0.0016396095172304904 
16.46 	 0.0016278492545259283 
16.48 	 0.0016224418696869942 
16.5 	 0.0016055494260773344 
16.52 	 0.0015967941547371874 
16.54 	 0.0015737554151352515 
16.56 	 0.0015604722415516901 
16.58 	 0.001531682274362196 
16.6 	 0.001513730681039604 
16.62 	 0.0014805339677981253 
16.64 	 0.0014585463340120166 
16.66 	 0.0014227729063389877 
16.68 	 0.0013978762612616227 
16.7 	 0.0013614955739820152 
16.72 	 0.001335087870208866 
16.74 	 0.0012999633949522067 
16.76 	 0.0012735204499183378 
16.78 	 0.0012411997109393349 
16.8 	 0.0012160726080772913 
16.82 	 0.0011876090063369263 
16.84 	 0.001164833248723954 
16.86 	 0.0011407075029238691 
16.88 	 0.001120898930764428 
16.9 	 0.001101086538512442 
16.92 	 0.0010844653694791482 
16.94 	 0.0010685924451772078 
16.96 	 0.0010550785352467407 
16.98 	 0.0010425382138033203 
17.0 	 0.0010318071688860384 
17.02 	 0.0010217705361586732 
17.04 	 0.0010132282950853192 
17.06 	 0.0010046397403236903 
17.08 	 0.0009974114217741754 
17.1 	 0.0009891514698683215 
17.12 	 0.0009822461473640747 
17.14 	 0.0009735474580362236 
17.16 	 0.0009662590561962411 
17.18 	 0.0009572165874733926 
17.2 	 0.0009496081899275375 
17.22 	 0.0009414373333676491 
17.24 	 0.0009346029585709678 
17.26 	 0.0009293595500549939 
17.28 	 0.0009252083233432692 
17.3 	 0.0009249799788080176 
17.32 	 0.0009255394506098433 
17.34 	 0.0009314406221887971 
17.36 	 0.0009379710113231293 
17.38 	 0.0009494117246784812 
17.4 	 0.000961757719641124 
17.42 	 0.0009763429196428464 
17.44 	 0.0009928278927891468 
17.46 	 0.0010069531266692893 
17.48 	 0.0010248301740317918 
17.5 	 0.0010347129518003828 
17.52 	 0.0010509248153108381 
17.54 	 0.001053617561151536 
17.56 	 0.0010655285145821068 
17.58 	 0.0010595134416917773 
17.6 	 0.0010653663642650598 
17.62 	 0.0010505959947936865 
17.64 	 0.0010496244063496235 
17.66 	 0.0010271585796909292 
17.68 	 0.0010194407077603596 
17.7 	 0.0009909598409761976 
17.72 	 0.0009771714302661836 
17.74 	 0.0009445806701155503 
17.76 	 0.0009257728236648732 
17.78 	 0.0008909584929110579 
17.8 	 0.0008684008904920711 
17.82 	 0.0008330890170000271 
17.84 	 0.0008081478497646251 
17.86 	 0.0007737978549455005 
17.88 	 0.0007478060737531179 
17.9 	 0.0007155185983682851 
17.92 	 0.0006896339148838083 
17.94 	 0.0006600980314966319 
17.96 	 0.0006351869281636022 
17.98 	 0.0006087010501032105 
18.0 	 0.0005852972178050676 
18.02 	 0.0005618720627617012 
18.04 	 0.0005402305265772274 
18.06 	 0.000519745944882816 
18.08 	 0.000499972029245623 
18.1 	 0.0004823353833772482 
18.12 	 0.00046453635290707643 
18.14 	 0.00044978787581277007 
18.16 	 0.0004341866249170823 
18.18 	 0.0004225137243614067 
18.2 	 0.0004094767764505827 
18.22 	 0.00040112678190343254 
18.24 	 0.00039108714790517696 
18.26 	 0.00038620032765567045 
18.28 	 0.00037949382094699745 
18.3 	 0.0003779109692167875 
18.32 	 0.00037458344405264443 
18.34 	 0.00037570630862249427 
18.36 	 0.00037537273395567386 
18.38 	 0.0003781550172798304 
18.4 	 0.00037998176284387904 
18.42 	 0.00038308825539648517 
18.44 	 0.00038592384696695245 
18.46 	 0.00038802083731715104 
18.48 	 0.0003906373059630295 
18.5 	 0.0003907062088252413 
18.52 	 0.00039206572311019014 
18.54 	 0.00038961327255009786 
18.56 	 0.0003890669910881587 
18.58 	 0.0003841576304788873 
18.6 	 0.0003815171872194895 
18.62 	 0.00037464226294571333 
18.64 	 0.00037012018851235675 
18.66 	 0.00036198572673028364 
18.68 	 0.0003560511599865932 
18.7 	 0.00034737707092868594 
18.72 	 0.0003405938563996779 
18.74 	 0.0003319819398186781 
18.76 	 0.0003248824346653272 
18.78 	 0.00031676258958309323 
18.8 	 0.0003097776978269224 
18.82 	 0.00030240975818990914 
18.84 	 0.0002958466819353023 
18.86 	 0.00028934769674868026 
18.88 	 0.00028339485523195504 
18.9 	 0.00027777057296480884 
18.92 	 0.0002725124008498286 
18.94 	 0.00026768469216419106 
18.96 	 0.0002631181340091687 
18.98 	 0.00025894878014814666 
19.0 	 0.0002550003600743569 
19.02 	 0.0002513142178753887 
19.04 	 0.00024785909577789144 
19.06 	 0.00024446830809096985 
19.08 	 0.0002413520866621679 
19.1 	 0.00023808054866239847 
19.12 	 0.00023514290240431946 
19.14 	 0.00023184827717955762 
19.16 	 0.00022894597556704732 
19.18 	 0.0002255357164782393 
19.2 	 0.00022256170397973838 
19.22 	 0.0002189999167032167 
19.24 	 0.00021589501563564511 
19.26 	 0.00021219862262626853 
19.28 	 0.00020895345490808188 
19.3 	 0.00020517872595287123 
19.32 	 0.00020182566886221823 
19.34 	 0.0001980488853692537 
19.36 	 0.00019464666254669717 
19.38 	 0.00019094428955381782 
19.4 	 0.00018755993353034806 
19.42 	 0.00018399335030146443 
19.44 	 0.00018068664945921161 
19.46 	 0.00017729436086821087 
19.48 	 0.00017410831628239082 
19.5 	 0.00017090568211684627 
19.52 	 0.00016786382772452155 
19.54 	 0.0001648480381445507 
19.56 	 0.00016195708462588262 
19.58 	 0.00015911421916753752 
19.6 	 0.00015636933793086933 
19.62 	 0.0001536808551713184 
19.64 	 0.00015107113274858618 
19.66 	 0.00014851838606135104 
19.68 	 0.00014603098113423842 
19.7 	 0.00014359756938680775 
19.72 	 0.00014122017506641891 
19.74 	 0.00013889265887741947 
19.76 	 0.0001366145643667176 
19.78 	 0.00013438226456869456 
19.8 	 0.0001321945468407598 
19.82 	 0.00013004899587190112 
19.84 	 0.00012794430683863616 
19.86 	 0.00012587868065346537 
19.88 	 0.00012385092233204052 
19.9 	 0.00012185958305690895 
19.92 	 0.00011990360783250292 
19.94 	 0.00011798177604603075 
19.96 	 0.00011609315356029657 
19.98 	 0.00011423668572525305 
20.0 	 0.00011241153459204432 
20.02 	 0.00011061677404503345 
20.04 	 0.000108851643540343 
20.06 	 0.00010711531938089689 
20.08 	 0.00010540710595328551 
20.1 	 0.00010372626206237339 
20.12 	 0.00010207214886341333 
20.14 	 0.00010044409171479123 
20.16 	 9.884150301151665e-05 
20.18 	 9.726376156142209e-05 
20.2 	 9.57103269797186e-05 
20.22 	 9.4180620980388e-05 
20.24 	 9.267414678321955e-05 
20.26 	 9.119036157003178e-05 
20.28 	 8.97288074685229e-05 
20.3 	 8.828897389937426e-05 
20.32 	 8.68704343112307e-05 
20.34 	 8.547271258762356e-05 
20.36 	 8.409540118951583e-05 
20.38 	 8.273806736993257e-05 
20.4 	 8.140030380319323e-05 
20.42 	 8.00817383673273e-05 
20.44 	 7.878193649090552e-05 
20.46 	 7.750061537146695e-05 
20.48 	 7.623727360046845e-05 
20.5 	 7.499176331933081e-05 
20.52 	 7.37634590491965e-05 
20.54 	 7.255241832153062e-05 
20.56 	 7.135780953841452e-05 
20.58 	 7.017999901980725e-05 
20.6 	 6.9017835823435e-05 
20.62 	 6.787213458836318e-05 
20.64 	 6.674128015814456e-05 
20.66 	 6.562670184863891e-05 
20.68 	 6.452615588709143e-05 
20.7 	 6.344185138618317e-05 
20.72 	 6.23707614883559e-05 
20.74 	 6.131599345429548e-05 
20.76 	 6.027363688277122e-05 
20.78 	 5.924772002306357e-05 
20.8 	 5.823344656212185e-05 
20.82 	 5.723566667256942e-05 
20.84 	 5.6248813795965505e-05 
20.86 	 5.527835936477118e-05 
20.88 	 5.4318174502182795e-05 
20.9 	 5.337412099175092e-05 
20.92 	 5.243973468496931e-05 
20.94 	 5.152110151731144e-05 
20.96 	 5.061157619667745e-05 
20.98 	 4.9717435291173276e-05 
21.0 	 4.8831871930929524e-05 
21.02 	 4.7961449150483404e-05 
21.04 	 4.709909364319013e-05 
21.06 	 4.625179978294914e-05 
21.08 	 4.541208308127455e-05 
21.1 	 4.4587448845203746e-05 
21.12 	 4.3769930890893734e-05 
21.14 	 4.2967478959345414e-05 
21.16 	 4.217172509037701e-05 
21.18 	 4.139085163560533e-05 
21.2 	 4.061631109592748e-05 
21.22 	 3.985624056582486e-05 
21.24 	 3.9102190830793787e-05 
21.26 	 3.8362018251589526e-05 
21.28 	 3.7627591917082613e-05 
21.3 	 3.690637368646249e-05 
21.32 	 3.619063293350927e-05 
21.34 	 3.548746824121552e-05 
21.36 	 3.478947278496372e-05 
21.38 	 3.4103542668847916e-05 
21.4 	 3.34223800567354e-05 
21.42 	 3.2752955571802256e-05 
21.44 	 3.208774504124585e-05 
21.46 	 3.143420550752993e-05 
21.48 	 3.07841157985915e-05 
21.5 	 3.0146015275624636e-05 
21.52 	 2.9510336454615478e-05 
21.54 	 2.8887529162297256e-05 
21.56 	 2.8265814874708412e-05 
21.58 	 2.7658615939471558e-05 
21.6 	 2.7050879715798356e-05 
21.62 	 2.6460206534761055e-05 
21.64 	 2.5867120686032028e-05 
21.66 	 2.5294535209496844e-05 
21.68 	 2.4717546168260382e-05 
21.7 	 2.4165109917480076e-05 
21.72 	 2.3606364237885324e-05 
21.74 	 2.3076249661095217e-05 
21.76 	 2.253825064147323e-05 
21.78 	 2.203214108461578e-05 
21.8 	 2.151714827647062e-05 
21.82 	 2.103558145005647e-05 
21.84 	 2.0544900009466322e-05 
21.86 	 2.008679722040765e-05 
21.88 	 1.9620205878210423e-05 
21.9 	 1.918280762296679e-05 
21.92 	 1.873836354865035e-05 
21.94 	 1.8317646589578616e-05 
21.96 	 1.7891966944013427e-05 
21.98 	 1.7483419818843187e-05 
22.0 	 1.7072345648932756e-05 
22.02 	 1.66718408154391e-05 
22.04 	 1.627124908672384e-05 
22.06 	 1.5875741408994033e-05 
22.08 	 1.54822516975566e-05 
22.1 	 1.509013880460926e-05 
22.12 	 1.4701547334607882e-05 
22.14 	 1.4312672295572404e-05 
22.16 	 1.3928071515851068e-05 
22.18 	 1.3543459876296041e-05 
22.2 	 1.3163104354972562e-05 
22.22 	 1.2784572680765333e-05 
22.24 	 1.240960075473189e-05 
22.26 	 1.2039355193729224e-05 
22.28 	 1.1671467466460166e-05 
22.3 	 1.1311753207602443e-05 
22.32 	 1.0952901679596435e-05 
22.34 	 1.0605706217844188e-05 
22.36 	 1.0257797556257118e-05 
22.38 	 9.924589816722784e-06 
22.4 	 9.589190628402912e-06 
22.42 	 9.270704456486432e-06 
22.44 	 8.948765807578365e-06 
22.46 	 8.644881816733392e-06 
22.48 	 8.336546789011214e-06 
22.5 	 8.046347499181339e-06 
22.52 	 7.750927557697859e-06 
22.54 	 7.4729743106198795e-06 
22.56 	 7.1891566193586515e-06 
22.58 	 6.921972568652105e-06 
22.6 	 6.6482596329940165e-06 
22.62 	 6.390926442793052e-06 
22.64 	 6.126232647561819e-06 
22.66 	 5.878942709895119e-06 
22.68 	 5.6231986346207385e-06 
22.7 	 5.387570033732396e-06 
22.72 	 5.142134432237999e-06 
22.74 	 4.921113988293439e-06 
22.76 	 4.688791268918857e-06 
22.78 	 4.486058134663599e-06 
22.8 	 4.270593916568525e-06 
22.82 	 4.089529764413932e-06 
22.84 	 3.8946191746916425e-06 
22.86 	 3.737096933917093e-06 
22.88 	 3.5651562034143137e-06 
22.9 	 3.430546788254076e-06 
22.92 	 3.2816744974639445e-06 
22.94 	 3.166486854712927e-06 
22.96 	 3.0380526831630633e-06 
22.98 	 2.9364423963921348e-06 
23.0 	 2.8235247065759716e-06 
23.02 	 2.7285678518024993e-06 
23.04 	 2.625100884555535e-06 
23.06 	 2.53039686126269e-06 
23.08 	 2.430590101646766e-06 
23.1 	 2.3316292739105414e-06 
23.12 	 2.2311610885852996e-06 
23.14 	 2.1260458012704107e-06 
23.16 	 2.0227136027228763e-06 
23.18 	 1.912135754686113e-06 
23.2 	 1.80591174360105e-06 
23.22 	 1.6925608054963132e-06 
23.24 	 1.5851918852651099e-06 
23.26 	 1.4728750194073507e-06 
23.28 	 1.3672245141919211e-06 
23.3 	 1.25995336150078e-06 
23.32 	 1.1592623249163871e-06 
23.34 	 1.0604897516862653e-06 
23.36 	 9.677043183814442e-07 
23.38 	 8.79828737626541e-07 
23.4 	 7.971137129855149e-07 
23.42 	 7.213015880492539e-07 
23.44 	 6.498153273910514e-07 
23.46 	 5.861132549138544e-07 
23.48 	 5.260445303425245e-07 
23.5 	 4.736836471300355e-07 
23.52 	 4.2447901130008245e-07 
23.54 	 3.822536504438146e-07 
23.56 	 3.429372261376674e-07 
23.58 	 3.095730631100351e-07 
23.6 	 2.790848547192598e-07 
23.62 	 2.535594528660983e-07 
23.64 	 2.3107127667514374e-07 
23.66 	 2.1286411163013232e-07 
23.68 	 1.9803319748440833e-07 
23.7 	 1.8726058020783963e-07 
23.72 	 1.8036012874930061e-07 
23.74 	 1.777417874536545e-07 
23.76 	 1.7961521902540134e-07 
23.78 	 1.8626572398613808e-07 
23.8 	 1.9811183817559974e-07 
23.82 	 2.1522961420841397e-07 
23.84 	 2.3830078549635127e-07 
23.86 	 2.6687245009104117e-07 
23.88 	 3.021957172523571e-07 
23.9 	 3.428080289975101e-07 
23.92 	 3.910057529542268e-07 
23.94 	 4.437966962804528e-07 
23.96 	 5.050350591116017e-07 
23.98 	 5.69776428717919e-07 
24.0 	 6.43849908922814e-07 
24.02 	 7.201447056412603e-07 
24.04 	 8.066997096190036e-07 
24.06 	 8.942595453273914e-07 
24.08 	 9.931248018038268e-07 
24.1 	 1.0920431404089724e-06 
24.12 	 1.2035605384833987e-06 
24.14 	 1.3144513052385771e-06 
24.16 	 1.439643310779052e-06 
24.18 	 1.5635270227046523e-06 
24.2 	 1.7039579151522678e-06 
24.22 	 1.8418648416244625e-06 
24.24 	 1.999157762901236e-06 
24.26 	 2.1515409524986317e-06 
24.28 	 2.3266509399599243e-06 
24.3 	 2.4928058690122257e-06 
24.32 	 2.685267721488161e-06 
24.34 	 2.8630018051922837e-06 
24.36 	 3.0704409350555944e-06 
24.38 	 3.256201303228682e-06 
24.4 	 3.4743849401415012e-06 
24.42 	 3.6639197942515635e-06 
24.44 	 3.887490855644459e-06 
24.46 	 4.076905324117915e-06 
24.48 	 4.30067402122868e-06 
24.5 	 4.487529019419565e-06 
24.52 	 4.707894573410717e-06 
24.54 	 4.891912781553765e-06 
24.56 	 5.107837366195865e-06 
24.58 	 5.29090857767224e-06 
24.6 	 5.5040155544494065e-06 
24.62 	 5.6895001421126285e-06 
24.64 	 5.903279971071134e-06 
24.66 	 6.0949401827839935e-06 
24.68 	 6.313487212322871e-06 
24.7 	 6.514542613939543e-06 
24.72 	 6.74144633282901e-06 
24.74 	 6.954145524610771e-06 
24.76 	 7.192002174847215e-06 
24.78 	 7.417779255544592e-06 
24.8 	 7.668374755126521e-06 
24.82 	 7.908313524027355e-06 
24.84 	 8.173121106045644e-06 
24.86 	 8.428322353232275e-06 
24.88 	 8.708845501915118e-06 
24.9 	 8.980494874272585e-06 
24.92 	 9.278274615710009e-06 
24.94 	 9.567586727711932e-06 
24.96 	 9.884152822169943e-06 
24.98 	 1.0192560249000336e-05 
25.0 	 1.052978175825909e-05 
25.02 	 1.0859487035231886e-05 
25.04 	 1.1220397609877975e-05 
25.06 	 1.1574875589753354e-05 
25.08 	 1.1964383352474565e-05 
25.1 	 1.2348135567465702e-05 
25.12 	 1.2772738418340057e-05 
25.14 	 1.318995932677303e-05 
25.16 	 1.365609554087758e-05 
25.18 	 1.4108725981860664e-05 
25.2 	 1.4620378874277579e-05 
25.22 	 1.5106611350276925e-05 
25.24 	 1.5663419339971773e-05 
25.26 	 1.6177533910318745e-05 
25.28 	 1.6774379232879575e-05 
25.3 	 1.7307975399404e-05 
25.32 	 1.7936113299338748e-05 
25.34 	 1.848007399252456e-05 
25.36 	 1.9129128390431993e-05 
25.38 	 1.967555724076026e-05 
25.4 	 2.033566815403791e-05 
25.42 	 2.0879443170905986e-05 
25.44 	 2.154326444805799e-05 
25.46 	 2.208316650760428e-05 
25.48 	 2.2747629402587768e-05 
25.5 	 2.328690210890788e-05 
25.52 	 2.3954401715660968e-05 
25.54 	 2.450036103386538e-05 
25.56 	 2.5178722399138754e-05 
25.58 	 2.5741179424579205e-05 
25.6 	 2.644204207003693e-05 
25.62 	 2.7030914441260724e-05 
25.64 	 2.7767025718172685e-05 
25.66 	 2.83900481868059e-05 
25.68 	 2.9172601288540068e-05 
25.7 	 2.9833896337374742e-05 
25.72 	 3.067077189112591e-05 
25.74 	 3.137026525588665e-05 
25.76 	 3.226504200798341e-05 
25.78 	 3.299806066669722e-05 
25.8 	 3.3948942522017025e-05 
25.82 	 3.470549622154837e-05 
25.84 	 3.570362455198837e-05 
25.86 	 3.646772794461323e-05 
25.88 	 3.7495474972181045e-05 
25.9 	 3.824560326646764e-05 
25.92 	 3.927637875484472e-05 
25.94 	 3.9988031148484614e-05 
25.96 	 4.0989016143894405e-05 
25.98 	 4.163935926490078e-05 
26.0 	 4.257732971819674e-05 
26.02 	 4.3150656700113314e-05 
26.04 	 4.3999388029267514e-05 
26.06 	 4.449148001389851e-05 
26.08 	 4.523818751258706e-05 
26.1 	 4.565806643005833e-05 
26.12 	 4.630671433747064e-05 
26.14 	 4.66755268543365e-05 
26.16 	 4.724649827299183e-05 
26.18 	 4.7594524901367365e-05 
26.2 	 4.8121852325468655e-05 
26.22 	 4.8484888379301226e-05 
26.24 	 4.901248643794251e-05 
26.26 	 4.9427815180272046e-05 
26.28 	 5.0004660337751226e-05 
26.3 	 5.050558432768151e-05 
26.32 	 5.117825068697917e-05 
26.34 	 5.178642646906716e-05 
26.36 	 5.258817573178094e-05 
26.38 	 5.330547571416375e-05 
26.4 	 5.424465514178607e-05 
26.42 	 5.5049161347504186e-05 
26.44 	 5.610324981446959e-05 
26.46 	 5.695402420916736e-05 
26.48 	 5.807530272947992e-05 
26.5 	 5.892628302640504e-05 
26.52 	 6.005937608543372e-05 
26.54 	 6.0876582131174595e-05 
26.56 	 6.198024444347078e-05 
26.58 	 6.275325669405769e-05 
26.6 	 6.381472158173011e-05 
26.62 	 6.455610547692903e-05 
26.64 	 6.559001579810592e-05 
26.66 	 6.632354559307163e-05 
26.68 	 6.735703317253662e-05 
26.7 	 6.810227458253776e-05 
26.72 	 6.915619766944719e-05 
26.74 	 6.991852882556349e-05 
26.76 	 7.099605270285735e-05 
26.78 	 7.176681134266736e-05 
26.8 	 7.285443316527691e-05 
26.82 	 7.361938717746915e-05 
26.84 	 7.469772004676843e-05 
26.86 	 7.544824428156228e-05 
26.88 	 7.650589235080933e-05 
26.9 	 7.724767970442706e-05 
26.92 	 7.829237329132483e-05 
26.94 	 7.9049104654317e-05 
26.96 	 8.011303456863411e-05 
26.98 	 8.092439771421887e-05 
27.0 	 8.206250006114102e-05 
27.02 	 8.297662869677353e-05 
27.04 	 8.425730621019735e-05 
27.06 	 8.531843837029372e-05 
27.08 	 8.680757452598154e-05 
27.1 	 8.804146470488715e-05 
27.12 	 8.978314316300896e-05 
27.14 	 9.118449291002993e-05 
27.16 	 9.318379530246662e-05 
27.18 	 9.47097901609861e-05 
27.2 	 9.692240160201304e-05 
27.22 	 9.849402081078255e-05 
27.24 	 0.00010082454300248439 
27.26 	 0.00010233457679109388 
27.28 	 0.00010464306374845112 
27.3 	 0.00010596887207383968 
27.32 	 0.00010808507614737957 
27.34 	 0.00010910503288982093 
27.36 	 0.00011085106994755044 
27.38 	 0.00011146427655262748 
27.4 	 0.0001126856673455765 
27.42 	 0.00011283302651796864 
27.44 	 0.00011343341863744167 
27.46 	 0.00011311487418809435 
27.48 	 0.00011308337862757649 
27.5 	 0.0001123636881903792 
27.52 	 0.0001117813780225422 
27.54 	 0.0001107784913545923 
27.56 	 0.0001097970250477871 
27.58 	 0.0001086543112999299 
27.6 	 0.00010745352595952389 
27.62 	 0.00010630663939020347 
27.64 	 0.00010505076225902353 
27.66 	 0.00010400491687607856 
27.68 	 0.0001028187809063121 
27.7 	 0.00010194705651290786 
27.72 	 0.00010092143210949946 
27.74 	 0.0001002812459064723 
27.76 	 9.949748783971082e-05 
27.78 	 9.914962322157451e-05 
27.8 	 9.870091563640742e-05 
27.82 	 9.871301239040637e-05 
27.84 	 9.870157324962202e-05 
27.86 	 9.912841411964337e-05 
27.88 	 9.963430484380553e-05 
27.9 	 0.00010048433252368961 
27.92 	 0.00010152184433354016 
27.94 	 0.00010273172722438026 
27.96 	 0.00010422081056088644 
27.98 	 0.00010565849785441793 
28.0 	 0.00010743401325041777 
28.02 	 0.0001089355548624533 
28.04 	 0.0001107982155443892 
28.06 	 0.00011222387701084456 
28.08 	 0.0001140129747450533 
28.1 	 0.00011529544071273292 
28.12 	 0.00011694729542271888 
28.14 	 0.00011810587683242971 
28.16 	 0.00011966410152081698 
28.18 	 0.00012077392643618599 
28.2 	 0.00012234026097712627 
28.22 	 0.0001234684221410298 
28.24 	 0.0001251152419102984 
28.26 	 0.00012625541489359854 
28.28 	 0.0001279441901829236 
28.3 	 0.00012898510289994014 
28.32 	 0.0001305352980409862 
28.34 	 0.00013128274500718182 
28.36 	 0.00013241304504721672 
28.38 	 0.00013265884807402424 
28.4 	 0.00013308844492838364 
28.42 	 0.0001326974803922291 
28.44 	 0.00013226450996577828 
28.46 	 0.00013124223557970218 
28.48 	 0.00012998412595398388 
28.5 	 0.00012849407575951834 
28.52 	 0.0001266502495644767 
28.54 	 0.00012497174227690542 
28.56 	 0.00012290799810897235 
28.58 	 0.0001213517772409306 
28.6 	 0.00011944508155104456 
28.62 	 0.00011826437996743422 
28.64 	 0.00011680101689180671 
28.66 	 0.00011613403458507985 
28.68 	 0.00011525654265321336 
28.7 	 0.00011511490951068651 
28.72 	 0.00011482135546215014 
28.74 	 0.00011511483294519124 
28.76 	 0.0001152913174947162 
28.78 	 0.00011586827419445113 
28.8 	 0.00011633255393837124 
28.82 	 0.00011702074903700887 
28.84 	 0.00011756531532337493 
28.86 	 0.00011820820190650198 
28.88 	 0.00011864200913035292 
28.9 	 0.00011913155476490587 
28.92 	 0.00011932182127388704 
28.94 	 0.0001196266896125331 
28.96 	 0.00011953591836729679 
28.98 	 0.00011971822407771486 
29.0 	 0.00011942440770913391 
29.02 	 0.00011963619665249952 
29.04 	 0.00011932478073883877 
29.06 	 0.00011978093335045296 
29.08 	 0.00011970789162309773 
29.1 	 0.00012064291613108513 
29.12 	 0.00012108242823128248 
29.14 	 0.00012270703417075802 
29.16 	 0.00012390419064444016 
29.18 	 0.0001263771483097628 
29.2 	 0.00012852130330520388 
29.22 	 0.00013194379566035212 
29.24 	 0.0001351671948577656 
29.26 	 0.00013959786447352232 
29.28 	 0.00014399625550039292 
29.3 	 0.00014948089918014293 
29.32 	 0.00015515110368434038 
29.34 	 0.0001617594095815455 
29.36 	 0.00016884758310792947 
29.38 	 0.00017670445215844395 
29.4 	 0.00018545063460114413 
29.42 	 0.00019474068921131426 
29.44 	 0.00020549134083313675 
29.46 	 0.00021641135838348506 
29.48 	 0.00022956454393152019 
29.5 	 0.0002422133221939137 
29.52 	 0.00025807694434916325 
29.54 	 0.00027230957069765893 
29.56 	 0.00029089567489373 
29.58 	 0.0003062113432564064 
29.6 	 0.00032704242101691755 
29.62 	 0.00034258682408086125 
29.64 	 0.00036462317736736885 
29.66 	 0.00037934623402316925 
29.68 	 0.00040113012400186366 
29.7 	 0.0004140673524433655 
29.72 	 0.00043410710772931335 
29.74 	 0.00044469418319983305 
29.76 	 0.0004619888276222937 
29.78 	 0.0004702965367118245 
29.8 	 0.000484778946117724 
29.82 	 0.0004915608575096408 
29.84 	 0.0005042076965685572 
29.86 	 0.0005106912320429766 
29.88 	 0.0005231785084357058 
29.9 	 0.000530628726895193 
29.92 	 0.0005446494523313949 
29.94 	 0.0005538677238800302 
29.96 	 0.0005704106754785444 
29.98 	 0.0005813921710141868 
30.0 	 0.0006002840841059715 
30.02 	 0.0006121754368323942 
30.04 	 0.0006320399533464413 
30.06 	 0.0006433745505967886 
30.08 	 0.0006619811148855229 
30.1 	 0.0006710569581666022 
30.12 	 0.0006859099559839367 
30.14 	 0.0006911719395446715 
30.16 	 0.0007001423037805749 
30.18 	 0.000700488995157121 
30.2 	 0.0007023074796154829 
30.22 	 0.0006972927130026726 
30.24 	 0.0006917929986797373 
30.26 	 0.0006817121042843451 
30.28 	 0.0006698047511206013 
30.3 	 0.0006556601987613948 
30.32 	 0.0006390960618411677 
30.34 	 0.0006224479310975186 
30.36 	 0.0006034694166805242 
30.38 	 0.0005861999327283356 
30.4 	 0.0005671839308542281 
30.42 	 0.0005512333294848692 
30.44 	 0.0005344097712192158 
30.46 	 0.0005215490708924248 
30.48 	 0.0005088335515136385 
30.5 	 0.000500508973571234 
30.52 	 0.0004934227913908561 
30.54 	 0.0004906510692098575 
30.56 	 0.0004902487888715062 
30.58 	 0.0004935108521930839 
30.6 	 0.00050023772339765 
30.62 	 0.0005093474861205952 
30.64 	 0.0005228228930215781 
30.66 	 0.0005368186903409616 
30.68 	 0.0005556502825466304 
30.7 	 0.0005728052275169019 
30.72 	 0.000594607495015124 
30.74 	 0.0006126377447312328 
30.76 	 0.0006343929168195917 
30.78 	 0.0006508724044205542 
30.8 	 0.0006696177486775239 
30.82 	 0.0006825198689747343 
30.84 	 0.0006961408623713264 
30.86 	 0.0007043443040714919 
30.88 	 0.0007121319068859802 
30.9 	 0.0007156850396019432 
30.92 	 0.0007183907647479812 
30.94 	 0.0007183884715704381 
30.96 	 0.0007177589392312477 
30.98 	 0.0007158575124149465 
31.0 	 0.0007138828138426129 
31.02 	 0.0007116591751186286 
31.04 	 0.0007098624019383561 
31.06 	 0.0007082819258418346 
31.08 	 0.0007072921233677875 
31.1 	 0.0007064622620728703 
31.12 	 0.000705955791493093 
31.14 	 0.0007052015761058005 
31.16 	 0.0007041677139020229 
31.18 	 0.0007023587502694103 
31.2 	 0.0006995653972341736 
31.22 	 0.0006955659725753552 
31.24 	 0.0006900510958485414 
31.26 	 0.000683132681889552 
31.28 	 0.0006745340030955712 
31.3 	 0.0006645912731570882 
31.32 	 0.0006531882318403324 
31.34 	 0.00064067460794658 
31.36 	 0.0006271574194017103 
31.38 	 0.0006128018782717736 
31.4 	 0.0005979305765607777 
31.42 	 0.0005824274217362424 
31.44 	 0.0005667960371208625 
31.46 	 0.0005506681910572078 
31.48 	 0.0005347056462179292 
31.5 	 0.0005184146476290719 
31.52 	 0.0005025952599855966 
31.54 	 0.00048680135788899495 
31.56 	 0.0004719110469660391 
31.58 	 0.00045768992301472596 
31.6 	 0.00044496898244171377 
31.62 	 0.00043381674189320085 
31.64 	 0.0004248688551072544 
31.66 	 0.00041844115422832404 
31.68 	 0.00041490300313319086 
31.7 	 0.00041456494732651424 
31.72 	 0.0004176209764162873 
31.74 	 0.0004239701745212353 
31.76 	 0.0004338608498407685 
31.78 	 0.00044640125785855387 
31.8 	 0.0004621130528266692 
31.82 	 0.00047921141763318845 
31.84 	 0.0004985297929242035 
31.86 	 0.0005177075796331863 
31.88 	 0.0005377137891591907 
31.9 	 0.0005562326563847619 
31.92 	 0.000574123107279376 
31.94 	 0.0005897078769642454 
31.96 	 0.0006036077381404478 
31.98 	 0.0006150439738050358 
32.0 	 0.0006244411041024566 
32.02 	 0.0006317809207175099 
32.04 	 0.000637399489978072 
32.06 	 0.0006416813080321351 
32.08 	 0.0006449212393184377 
32.1 	 0.0006475669192362755 
32.12 	 0.0006498282829946354 
32.14 	 0.0006520234340533084 
32.16 	 0.0006542036258600601 
32.18 	 0.0006564990446495727 
32.2 	 0.0006587796171956785 
32.22 	 0.0006609760256662006 
32.24 	 0.0006628630879553587 
32.26 	 0.0006641172987285445 
32.28 	 0.000664645977753267 
32.3 	 0.0006637197172363471 
32.32 	 0.0006617515930304321 
32.34 	 0.0006573558788518393 
32.36 	 0.0006519188119326605 
32.38 	 0.0006431105047482042 
32.4 	 0.0006337188081251718 
32.42 	 0.0006202656231739049 
32.44 	 0.0006071379580467342 
32.46 	 0.0005897306979311633 
32.48 	 0.0005738334439903751 
32.5 	 0.0005540440442859921 
32.52 	 0.0005369369665794047 
32.54 	 0.0005169042785337785 
32.56 	 0.0005004232908450031 
32.58 	 0.00048234883863399207 
32.6 	 0.0004681979276220461 
32.62 	 0.00045379807546272954 
32.64 	 0.0004431393174063914 
32.66 	 0.00043320997529756926 
32.68 	 0.00042635383116607485 
32.7 	 0.00042057245962269366 
32.72 	 0.00041687752740225144 
32.74 	 0.0004139116833763335 
32.76 	 0.00041197065022672435 
32.78 	 0.00040988529835234806 
32.8 	 0.00040797396922659927 
32.82 	 0.00040482860230645437 
32.84 	 0.00040145877544937723 
32.86 	 0.0003958857897448334 
32.88 	 0.00039022613494500995 
32.9 	 0.00038175674637663435 
32.92 	 0.0003737488647789307 
32.94 	 0.0003627644590634716 
32.96 	 0.00035293455682160305 
32.98 	 0.00034032392319151327 
33.0 	 0.0003294478497734442 
33.02 	 0.0003161970542950713 
33.04 	 0.0003050127688298422 
33.06 	 0.00029193769800697506 
33.08 	 0.00028101662581979777 
33.1 	 0.0002687064575400428 
33.12 	 0.00025847521251449426 
33.14 	 0.0002473739029617548 
33.16 	 0.00023820018142862792 
33.18 	 0.0002287012864935142 
33.2 	 0.0002209512688185314 
33.22 	 0.00021341947788149198 
33.24 	 0.00020743895552403292 
33.26 	 0.00020214626571607585 
33.28 	 0.00019817488719793525 
33.3 	 0.00019519798883607087 
33.32 	 0.00019326613359300714 
33.34 	 0.00019241213017156977 
33.36 	 0.00019228342267619143 
33.38 	 0.00019309954483352383 
33.4 	 0.0001943114079509951 
33.42 	 0.0001962062433070444 
33.44 	 0.00019822990760560476 
33.46 	 0.00020069635751761465 
33.48 	 0.00020318924236864005 
33.5 	 0.0002060716379435349 
33.52 	 0.0002091379255145035 
33.54 	 0.00021283452782546532 
33.56 	 0.00021716701869992734 
33.58 	 0.0002226373737691665 
33.6 	 0.00022941902883442223 
33.62 	 0.00023791775061016528 
33.64 	 0.0002484378622810781 
33.66 	 0.0002610245653772586 
33.68 	 0.0002760987333311857 
33.7 	 0.00029310485123884247 
33.72 	 0.00031252346385114477 
33.74 	 0.0003331994539865112 
33.76 	 0.00035548537415696626 
33.78 	 0.0003779887087891577 
33.8 	 0.00040064991122313156 
33.82 	 0.00042241175328390794 
33.84 	 0.00044262922648763707 
33.86 	 0.0004609899502272229 
33.88 	 0.000476421794929224 
33.9 	 0.0004892921860693212 
33.92 	 0.0004986126709317212 
33.94 	 0.0005048993157867247 
33.96 	 0.0005078994203162763 
33.98 	 0.0005075898726707525 
34.0 	 0.0005049607740452252 
34.02 	 0.0004989733060409019 
34.04 	 0.0004920173255310817 
34.06 	 0.0004819778657973259 
34.08 	 0.0004723803518515183 
34.1 	 0.00046036931195538646 
34.12 	 0.0004499882706839022 
34.14 	 0.0004381890064827102 
34.16 	 0.0004287673591054497 
34.18 	 0.00041900137249270845 
34.2 	 0.00041180704215351493 
34.22 	 0.0004050942469446283 
34.24 	 0.00040062377856369145 
34.26 	 0.00039697608118415727 
34.28 	 0.00039488868898293676 
34.3 	 0.00039345298521691865 
34.32 	 0.0003928019891124118 
34.34 	 0.00039229411214415964 
34.36 	 0.0003919615717893161 
34.38 	 0.0003911961814707619 
34.4 	 0.00039032718929903504 
34.42 	 0.0003886186515789412 
34.44 	 0.0003868685853437052 
34.46 	 0.00038416098370206217 
34.48 	 0.00038169076670720327 
34.5 	 0.00037842101303340594 
34.52 	 0.00037570852381363547 
34.54 	 0.0003725269644048865 
34.56 	 0.0003701244514630215 
34.58 	 0.00036762458910480334 
34.6 	 0.00036596730042322403 
34.62 	 0.0003645146602914247 
34.64 	 0.00036381768570567893 
34.66 	 0.0003634822807040438 
34.68 	 0.00036370732598301966 
34.7 	 0.00036426036380564786 
34.72 	 0.0003651241472402412 
34.74 	 0.00036607480219979875 
34.76 	 0.00036709660229768495 
34.78 	 0.0003677821083137924 
34.8 	 0.00036838828974798096 
34.82 	 0.00036813539887800957 
34.84 	 0.00036781788072332765 
34.86 	 0.00036614468771876843 
34.88 	 0.0003646180894614163 
34.9 	 0.00036138293432473877 
34.92 	 0.00035865499371859577 
34.94 	 0.00035405595490824366 
34.96 	 0.0003503620269786582 
34.98 	 0.00034477506566717533 
35.0 	 0.00034041326191688496 
35.02 	 0.0003341697288913753 
35.04 	 0.00032934070640674106 
35.06 	 0.00032258784066814024 
35.08 	 0.0003173364636826284 
35.1 	 0.0003100587363050383 
35.12 	 0.00030433867147508476 
35.14 	 0.0002964980844620186 
35.16 	 0.00029029388251714954 
35.18 	 0.00028196757043408445 
35.2 	 0.00027537618260971037 
35.22 	 0.0002667855046917282 
35.24 	 0.000259999624326101 
35.26 	 0.0002514161169140022 
35.28 	 0.00024462839629181673 
35.3 	 0.00023623477947991292 
35.32 	 0.00022953760993630584 
35.34 	 0.00022135081451142926 
35.36 	 0.00021470729449838842 
35.38 	 0.00020662407582552983 
35.4 	 0.00019993758856318665 
35.42 	 0.00019188057446734564 
35.44 	 0.00018512629525582758 
35.46 	 0.00017720236883912664 
35.48 	 0.0001705432063491256 
35.5 	 0.0001631142810043884 
35.52 	 0.00015692908407384548 
35.54 	 0.00015054321133660303 
35.56 	 0.00014534034034586284 
35.58 	 0.00014054865572108997 
35.6 	 0.0001367952782844949 
35.62 	 0.00013393935259375348 
35.64 	 0.00013187740098725533 
35.66 	 0.00013094091807506163 
35.68 	 0.00013046966688484495 
35.7 	 0.0001310540557250429 
35.72 	 0.00013173537298687217 
35.74 	 0.00013316868927783823 
35.76 	 0.00013436191860502595 
35.78 	 0.00013590414311952383 
35.8 	 0.00013698044771616696 
35.82 	 0.0001380526872444551 
35.84 	 0.00013859904830293887 
35.86 	 0.00013894685735803668 
35.88 	 0.0001388706764906775 
35.9 	 0.00013858950751816958 
35.92 	 0.00013807988825264404 
35.94 	 0.00013749000527437557 
35.96 	 0.0001368599542409419 
35.98 	 0.00013629403819096414 
36.0 	 0.00013578469720673306 
36.02 	 0.00013539823094623797 
36.04 	 0.00013504509833023673 
36.06 	 0.00013474869979661035 
36.08 	 0.0001343828946372843 
36.1 	 0.00013393623735645602 
36.12 	 0.00013333202261398903 
36.14 	 0.00013256270962622125 
36.16 	 0.00013167149971713142 
36.18 	 0.0001307201760397227 
36.2 	 0.0001298841458360764 
36.22 	 0.00012935289615051277 
36.24 	 0.00012939085692780807 
36.26 	 0.00013030092844689206 
36.28 	 0.00013240214515443973 
36.3 	 0.00013594432402986897 
36.32 	 0.00014136879484549875 
36.34 	 0.00014852025404332668 
36.36 	 0.00015816583624206161 
36.38 	 0.0001693020350487359 
36.4 	 0.0001832555255296942 
36.42 	 0.00019788146315751818 
36.44 	 0.00021512080179925664 
36.46 	 0.0002318089635162385 
36.48 	 0.0002502398918868448 
36.5 	 0.0002668362662787493 
36.52 	 0.00028377435201367817 
36.54 	 0.0002979101581806383 
36.56 	 0.00031093130130075585 
36.58 	 0.00032078540637022656 
36.6 	 0.0003286406982439902 
36.62 	 0.00033371444354419663 
36.64 	 0.0003369064347826021 
36.66 	 0.00033843761356705374 
36.68 	 0.00033920150958703324 
36.7 	 0.0003399568020359135 
36.72 	 0.0003417024329107478 
36.74 	 0.0003452393237059213 
36.76 	 0.00035175635843028323 
36.78 	 0.00036154895877485357 
36.8 	 0.0003762910321073124 
36.82 	 0.00039510170787579907 
36.84 	 0.00042068413754913294 
36.86 	 0.00045028461294652444 
36.88 	 0.00048812946302304597 
36.9 	 0.0005292053503324987 
36.92 	 0.0005791994777127342 
36.94 	 0.0006312035757091318 
36.96 	 0.0006913441617443601 
36.98 	 0.0007521900683224678 
37.0 	 0.0008183949804440833 
37.02 	 0.0008841011153053382 
37.04 	 0.0009504793591753353 
37.06 	 0.0010150723371383382 
37.08 	 0.0010748239921973444 
37.1 	 0.00113085614701886 
37.12 	 0.0011776256526970757 
37.14 	 0.0012174410462838469 
37.16 	 0.0012466330800382846 
37.18 	 0.0012640946123553573 
37.2 	 0.0012736543358547415 
37.22 	 0.0012657105433499342 
37.24 	 0.0012561855164765659 
37.26 	 0.001223675212355844 
37.28 	 0.0011977398507590478 
37.3 	 0.0011451723386635875 
37.32 	 0.0011069312141624714 
37.34 	 0.0010413728945194757 
37.36 	 0.000995651212888835 
37.38 	 0.0009250984277344737 
37.4 	 0.0008767686723191548 
37.42 	 0.0008084802788827508 
37.44 	 0.0007618231211656046 
37.46 	 0.0007010585072801938 
37.48 	 0.0006592144475667483 
37.5 	 0.0006086649548166177 
37.52 	 0.0005733024625139678 
37.54 	 0.0005332504728098184 
37.56 	 0.0005045686852617631 
37.58 	 0.0004735766308491454 
37.6 	 0.00045065707239960186 
37.62 	 0.0004264783860814773 
37.64 	 0.00040785936806090044 
37.66 	 0.0003882806952404013 
37.68 	 0.00037254533152935644 
37.7 	 0.00035596412429778865 
37.72 	 0.0003421598251565702 
37.74 	 0.00032782243404098693 
37.76 	 0.0003156299349662066 
37.78 	 0.0003035600556421669 
37.8 	 0.00029322544855748834 
37.82 	 0.0002839350244621271 
37.84 	 0.00027602862753976266 
37.86 	 0.0002701279959517374 
37.88 	 0.0002652169985428709 
37.9 	 0.0002630500702677162 
37.92 	 0.0002613956812521198 
37.94 	 0.0002628236148085372 
37.96 	 0.0002642278574050447 
37.98 	 0.00026865113457923454 
38.0 	 0.00027254265001602605 
38.02 	 0.000279170469141708 
38.04 	 0.00028491508262456003 
38.06 	 0.0002931788470761313 
38.08 	 0.0003004750321533319 
38.1 	 0.00031039356457680675 
38.12 	 0.00031954809568161764 
38.14 	 0.000331849214100075 
38.16 	 0.00034377101839194404 
38.18 	 0.0003596755054217372 
38.2 	 0.00037554958627449063 
38.22 	 0.00039627563037384175 
38.24 	 0.0004170197937550023 
38.26 	 0.00044318513871999195 
38.28 	 0.00046889796796798346 
38.3 	 0.000500038453981168 
38.32 	 0.0005296814745955461 
38.34 	 0.0005640754802316246 
38.36 	 0.0005955617342397985 
38.38 	 0.0006304622377561517 
38.4 	 0.0006611439630633262 
38.42 	 0.0006933693516401576 
38.44 	 0.0007207079683256834 
38.46 	 0.0007473648307401995 
38.48 	 0.0007694685544044478 
38.5 	 0.0007884917182143642 
38.52 	 0.0008043046811819069 
38.54 	 0.0008146095835672147 
38.56 	 0.0008237633907003231 
38.58 	 0.0008250633775516264 
38.6 	 0.0008275901612521357 
38.62 	 0.0008201348916492601 
38.64 	 0.0008162704863454057 
38.66 	 0.0008007478496297088 
38.68 	 0.0007909349717011127 
38.7 	 0.0007685764151518845 
38.72 	 0.0007536136068348432 
38.74 	 0.0007263313373870741 
38.76 	 0.0007075119896924977 
38.78 	 0.000677844187108795 
38.8 	 0.0006569405408526462 
38.82 	 0.0006277150798281542 
38.84 	 0.0006067610813819083 
38.86 	 0.0005805900711269842 
38.88 	 0.0005615361713706316 
38.9 	 0.0005403654759565297 
38.92 	 0.0005247486693202914 
38.94 	 0.0005096409109853876 
38.96 	 0.000498397485805587 
38.98 	 0.0004895804415058155 
39.0 	 0.000483040120278353 
39.02 	 0.000480115781691762 
39.04 	 0.0004781148820761949 
39.06 	 0.00048027786175284593 
39.08 	 0.00048228750556425336 
39.1 	 0.000488457154407913 
39.12 	 0.000493665945086001 
39.14 	 0.0005025438972399612 
39.16 	 0.0005099172247660487 
39.18 	 0.0005200599474211777 
39.2 	 0.0005284425610436431 
39.22 	 0.0005384275057058969 
39.24 	 0.0005467221106049983 
39.26 	 0.00055539348542975 
39.28 	 0.0005627675687949572 
39.3 	 0.0005694475560793612 
39.32 	 0.0005754659965183432 
39.34 	 0.000579996107847926 
39.36 	 0.0005845972233535621 
39.38 	 0.0005871597011553112 
39.4 	 0.0005904747853820273 
39.42 	 0.0005912771636805947 
39.44 	 0.0005933818290844794 
39.46 	 0.0005923743688136524 
39.48 	 0.0005930993060585083 
39.5 	 0.0005898807020758741 
39.52 	 0.0005887797642559599 
39.54 	 0.0005827478846966549 
39.56 	 0.0005792434864957519 
39.58 	 0.0005699253354397761 
39.6 	 0.0005635695466252401 
39.62 	 0.0005509796892721427 
39.64 	 0.000541723382364702 
39.66 	 0.0005265882796898232 
39.68 	 0.0005149528083396713 
39.7 	 0.0004986995286872601 
39.72 	 0.0004857838342865814 
39.74 	 0.0004702938245208854 
39.76 	 0.0004576072285048194 
39.78 	 0.0004448338616775966 
39.8 	 0.00043400928107808237 
39.82 	 0.0004256136745689753 
39.84 	 0.00041811333153353886 
39.86 	 0.0004152673482621507 
39.88 	 0.0004122143865393359 
39.9 	 0.00041565082383456675 
39.92 	 0.0004178707795799949 
39.94 	 0.0004281399311375664 
39.96 	 0.0004363707080374372 
39.98 	 0.00045412528415404827 
40.0 	 0.0004692114465112475 
40.02 	 0.0004952608850329936 
40.04 	 0.0005180940693565715 
40.06 	 0.0005530263517584118 
40.08 	 0.0005841082581658085 
40.1 	 0.0006274936055792354 
40.12 	 0.0006662524602706805 
40.14 	 0.0007157403518851781 
40.16 	 0.0007599709562227795 
40.18 	 0.0008108186308457718 
40.2 	 0.0008566467059802043 
40.22 	 0.0009021958746040567 
40.24 	 0.00094472106865682 
40.26 	 0.0009779514619938621 
40.28 	 0.0010123577450541494 
40.3 	 0.0010280062925506885 
40.32 	 0.0010507073189982507 
40.34 	 0.0010469715399796166 
40.36 	 0.0010563968558829173 
40.38 	 0.0010353721956203087 
40.4 	 0.0010321887527862234 
40.42 	 0.0009988973996866725 
40.44 	 0.0009856536826727063 
40.46 	 0.0009462724119602886 
40.48 	 0.0009266125507335755 
40.5 	 0.0008867656273537635 
40.52 	 0.0008644850466213562 
40.54 	 0.0008281848836831377 
40.56 	 0.000806431957859227 
40.58 	 0.0007757792602595584 
40.6 	 0.0007566088815284547 
40.62 	 0.0007320427935322144 
40.64 	 0.0007163534983012861 
40.66 	 0.0006971581441116306 
40.68 	 0.0006849026643954654 
40.7 	 0.0006697427911206268 
40.72 	 0.0006602564266690873 
40.74 	 0.0006476228035200214 
40.76 	 0.0006399501386738848 
40.78 	 0.0006284803464190512 
40.8 	 0.0006216428835990524 
40.82 	 0.0006103239448829163 
40.84 	 0.0006035141905154208 
40.86 	 0.0005917788883092171 
40.88 	 0.0005844795902022585 
40.9 	 0.0005722028422544147 
40.92 	 0.0005642286722308775 
40.94 	 0.0005516349598461118 
40.96 	 0.0005430969128240817 
40.98 	 0.0005306070231886231 
41.0 	 0.0005218136013137076 
41.02 	 0.0005098755099397313 
41.04 	 0.0005012020316497057 
41.06 	 0.0004901530880360506 
41.08 	 0.0004819195029785863 
41.1 	 0.000471912776798864 
41.12 	 0.00046430484747186386 
41.14 	 0.0004553087238463903 
41.16 	 0.00044835947507794184 
41.18 	 0.00044021563050332597 
41.2 	 0.00043384123047499214 
41.22 	 0.00042634927553017796 
41.24 	 0.0004204149350657136 
41.26 	 0.00041340752310303297 
41.28 	 0.0004077917253774817 
41.3 	 0.0004011739813016222 
41.32 	 0.00039580622791090256 
41.34 	 0.0003895540117739622 
41.36 	 0.00038441874488812875 
41.38 	 0.00037855095819382616 
41.4 	 0.0003736688618126256 
41.42 	 0.00036821798793975973 
41.44 	 0.000363624714145521 
41.46 	 0.00035862241111252836 
41.48 	 0.00035435908606635044 
41.5 	 0.00034983637459147103 
41.52 	 0.0003459512381100518 
41.54 	 0.00034193896119830174 
41.56 	 0.0003384871534552878 
41.58 	 0.0003350023296769701 
41.6 	 0.0003320308895446501 
41.62 	 0.0003290480377599752 
41.64 	 0.00032656560893441116 
41.66 	 0.0003239884733067239 
41.68 	 0.0003219343815070893 
41.7 	 0.00031958993956070317 
41.72 	 0.0003178234099605465 
41.74 	 0.00031549093595944176 
41.76 	 0.0003138131407938435 
41.78 	 0.00031128168594068056 
41.8 	 0.0003094860051141354 
41.82 	 0.00030661637913141426 
41.84 	 0.000304546657547667 
41.86 	 0.00030130996543918897 
41.88 	 0.00029890187445453343 
41.9 	 0.00029537821923967085 
41.92 	 0.00029266716276245795 
41.94 	 0.0002890077410554014 
41.96 	 0.00028610279816420654 
41.98 	 0.0002824747310589606 
42.0 	 0.0002795130574782711 
42.02 	 0.0002760510843929083 
42.04 	 0.0002731537510905089 
42.06 	 0.00026993604207823047 
42.08 	 0.0002671824443598292 
42.1 	 0.0002642346838799257 
42.12 	 0.00026166184819960604 
42.14 	 0.00025898123493299193 
42.16 	 0.00025660257598341985 
42.18 	 0.00025418627062988666 
42.2 	 0.0002520165992053067 
42.22 	 0.0002498791201101942 
42.24 	 0.0002479512292259809 
42.26 	 0.00024612147467462857 
42.28 	 0.0002444842649342833 
42.3 	 0.00024298275252012023 
42.32 	 0.00024167981687045435 
42.34 	 0.0002404868903993109 
42.36 	 0.00023952462814048783 
42.38 	 0.0002385567220018134 
42.4 	 0.00023787809739800943 
42.42 	 0.00023698798745675696 
42.44 	 0.0002364678717236894 
42.46 	 0.0002354749327322863 
42.48 	 0.00023494419494464523 
42.5 	 0.0002336854620740521 
42.52 	 0.0002329769682144648 
42.54 	 0.0002313573007915422 
42.56 	 0.00023035500285972254 
42.58 	 0.00022837316460195758 
42.6 	 0.000227042692435402 
42.62 	 0.00022478181960258685 
42.64 	 0.0002231697650063554 
42.66 	 0.00022075875391514235 
42.68 	 0.00021896346681113938 
42.7 	 0.00021652911565657104 
42.72 	 0.00021465903784578336 
42.74 	 0.00021228988626456342 
42.76 	 0.00021042856371820734 
42.78 	 0.000208161494781117 
42.8 	 0.00020635094871138712 
42.82 	 0.00020417869324149273 
42.84 	 0.00020242142620107223 
42.86 	 0.0002003112620884128 
42.88 	 0.00019858363882780175 
42.9 	 0.00019649742659283198 
42.92 	 0.00019476634521354715 
42.94 	 0.0001926762420899917 
42.96 	 0.0001909140312917817 
42.98 	 0.0001888118855080972 
43.0 	 0.00018700694309339787 
43.02 	 0.0001849066146423448 
43.04 	 0.0001830679980109637 
43.06 	 0.00018100033199762658 
43.08 	 0.00017915499753115273 
43.1 	 0.00017715693614578338 
43.12 	 0.00017534040519058314 
43.14 	 0.00017344242010945636 
43.16 	 0.00017168674498335216 
43.18 	 0.00016990407155529824 
43.2 	 0.0001682286311006208 
43.22 	 0.00016656000138205677 
43.24 	 0.0001649691419349699 
43.26 	 0.0001634026435569393 
43.28 	 0.00016189027269704646 
43.3 	 0.00016041224550113195 
43.32 	 0.0001589697731843978 
43.34 	 0.00015757160187762233 
43.36 	 0.00015619437229716325 
43.38 	 0.0001548740104130872 
43.4 	 0.00015356302463953754 
43.42 	 0.00015232158666514604 
43.44 	 0.00015108056724908765 
43.46 	 0.0001499171582537199 
43.48 	 0.0001487477954947633 
43.5 	 0.00014765629900108284 
43.52 	 0.0001465551923793216 
43.54 	 0.00014552481396392232 
43.56 	 0.00014448386090325718 
43.58 	 0.00014350225885725868 
43.6 	 0.0001425114102275654 
43.62 	 0.0001415675101625275 
43.64 	 0.00014061717230098213 
43.66 	 0.00013970165467217007 
43.68 	 0.00013878293195986277 
43.7 	 0.00013788701654541744 
43.72 	 0.0001369905274292709 
43.74 	 0.00013610546563849025 
43.76 	 0.00013522107512562784 
43.78 	 0.0001343398636370489 
43.8 	 0.00013345866008450502 
43.82 	 0.0001325788176683734 
43.84 	 0.00013169604155835828 
43.86 	 0.000130820712388356 
43.88 	 0.00012993692913325727 
43.9 	 0.0001290729196209016 
43.92 	 0.00012819217090302096 
43.94 	 0.0001273465553761874 
43.96 	 0.0001264731939784729 
43.98 	 0.00012565175123096766 
44.0 	 0.000124789165139505 
44.02 	 0.00012399838856787837 
44.04 	 0.00012315126367609005 
44.06 	 0.00012240238888763788 
44.08 	 0.00012158095595744752 
44.1 	 0.0001208924389146049 
44.12 	 0.00012011524797512871 
44.14 	 0.00011951117917487862 
44.16 	 0.00011880397938043879 
44.18 	 0.00011830895855674925 
44.2 	 0.00011770015370854115 
44.22 	 0.00011733342645156226 
44.24 	 0.00011684868851973476 
44.26 	 0.0001166199949090377 
44.28 	 0.00011627819241177018 
44.3 	 0.0001161854160859039 
44.32 	 0.00011599572129470525 
44.34 	 0.00011602256640257355 
44.36 	 0.00011598093726915313 
44.38 	 0.00011609364185825742 
44.4 	 0.00011617786353670968 
44.42 	 0.00011632301501338401 
44.44 	 0.0001164886301744768 
44.46 	 0.00011659652497762415 
44.48 	 0.00011677832774978173 
44.5 	 0.00011677493396440563 
44.52 	 0.0001168973664856049 
44.54 	 0.00011672274914206076 
44.56 	 0.00011671759027204522 
44.58 	 0.00011634334196491192 
44.6 	 0.00011616792574219228 
44.62 	 0.0001156051900740181 
44.64 	 0.00011525303958196691 
44.66 	 0.000114547257584504 
44.68 	 0.00011404663878431151 
44.7 	 0.00011326188671104239 
44.72 	 0.00011266377818376527 
44.74 	 0.00011186383266391426 
44.76 	 0.00011122512397561282 
44.78 	 0.00011045813058384161 
44.8 	 0.00010982635632184473 
44.82 	 0.00010911677660510903 
44.84 	 0.00010852038747776238 
44.86 	 0.00010786868022681566 
44.88 	 0.00010731418995637902 
44.9 	 0.00010670289487105407 
44.92 	 0.00010617852014015898 
44.94 	 0.00010558249200317111 
44.96 	 0.00010506669315572254 
44.98 	 0.00010446431918777758 
45.0 	 0.00010393635050723117 
45.02 	 0.00010331805930928475 
45.04 	 0.00010276681803789399 
45.06 	 0.00010213816519990713 
45.08 	 0.00010156640783007036 
45.1 	 0.00010094554601538967 
45.12 	 0.00010036890816857306 
45.14 	 9.978067602036344e-05 
45.16 	 9.92232520594057e-05 
45.18 	 9.869263598265327e-05 
45.2 	 9.818139951328068e-05 
45.22 	 9.772772415619358e-05 
45.24 	 9.728683701638943e-05 
45.26 	 9.691859699325513e-05 
45.28 	 9.656349995466479e-05 
45.3 	 9.6273986686436e-05 
45.32 	 9.600568205752667e-05 
45.34 	 9.577112177738027e-05 
45.36 	 9.557273507974748e-05 
45.38 	 9.53553957198266e-05 
45.4 	 9.51938010550742e-05 
45.42 	 9.495084555388515e-05 
45.44 	 9.478441518806368e-05 
45.46 	 9.447996520672806e-05 
45.48 	 9.427023182659123e-05 
45.5 	 9.388572876727277e-05 
45.52 	 9.36083376594829e-05 
45.54 	 9.314678419808947e-05 
45.56 	 9.279730132882437e-05 
45.58 	 9.227995228732483e-05 
45.6 	 9.187260505183809e-05 
45.62 	 9.133005207319884e-05 
45.64 	 9.089057594347208e-05 
45.66 	 9.035205801008898e-05 
45.68 	 8.990785433144823e-05 
45.7 	 8.939258151798446e-05 
45.72 	 8.896379461810457e-05 
45.74 	 8.847676757954871e-05 
45.76 	 8.807103229400291e-05 
45.78 	 8.760408980263551e-05 
45.8 	 8.721618409427398e-05 
45.82 	 8.675329422533403e-05 
45.84 	 8.636921080035296e-05 
45.86 	 8.589368302937328e-05 
45.88 	 8.54971426303574e-05 
45.9 	 8.499792734650026e-05 
45.92 	 8.457663190594045e-05 
45.94 	 8.405151940740104e-05 
45.96 	 8.360086873404028e-05 
45.98 	 8.30559695102811e-05 
46.0 	 8.257936330884878e-05 
46.02 	 8.202591023068855e-05 
46.04 	 8.153235325487769e-05 
46.06 	 8.098271913824143e-05 
46.08 	 8.048336652226998e-05 
46.1 	 7.994793199417599e-05 
46.12 	 7.945310394701155e-05 
46.14 	 7.893867573087965e-05 
46.16 	 7.845609158804061e-05 
46.18 	 7.7965690908717e-05 
46.2 	 7.749988729550908e-05 
46.22 	 7.703334799957851e-05 
46.24 	 7.658587714593564e-05 
46.26 	 7.614076636466579e-05 
46.28 	 7.571079326196616e-05 
46.3 	 7.528338869801272e-05 
46.32 	 7.486846106941598e-05 
46.34 	 7.445466310164324e-05 
46.36 	 7.40515282134118e-05 
46.38 	 7.364762694491702e-05 
46.4 	 7.325299586475979e-05 
46.42 	 7.28562240170374e-05 
46.44 	 7.24673926612671e-05 
46.46 	 7.207621730812129e-05 
46.48 	 7.169147271464742e-05 
46.5 	 7.130560925839946e-05 
46.52 	 7.092437494731518e-05 
46.54 	 7.054454157144231e-05 
46.56 	 7.01672499924443e-05 
46.58 	 6.979472916257628e-05 
46.6 	 6.942246448171446e-05 
46.62 	 6.90585955754649e-05 
46.64 	 6.869261996367661e-05 
46.66 	 6.833838226534216e-05 
46.68 	 6.797970796902717e-05 
46.7 	 6.763553126240127e-05 
46.72 	 6.728469099676103e-05 
46.74 	 6.695054680525769e-05 
46.76 	 6.66076383286425e-05 
46.78 	 6.628335127756741e-05 
46.8 	 6.59483183905298e-05 
46.82 	 6.563394594086169e-05 
46.84 	 6.530695888288744e-05 
46.86 	 6.500306192833072e-05 
46.88 	 6.46848214526631e-05 
46.9 	 6.439249990409882e-05 
46.92 	 6.408432798807826e-05 
46.94 	 6.380499616964401e-05 
46.96 	 6.350866767795587e-05 
46.98 	 6.32436401305866e-05 
47.0 	 6.296100150689584e-05 
47.02 	 6.271100835000241e-05 
47.04 	 6.244348080414643e-05 
47.06 	 6.22082351206009e-05 
47.08 	 6.195631473009081e-05 
47.1 	 6.173424939532972e-05 
47.12 	 6.149713141817262e-05 
47.14 	 6.128542878856594e-05 
47.16 	 6.106091104279919e-05 
47.18 	 6.085592615558875e-05 
47.2 	 6.064073515284089e-05 
47.22 	 6.0438793194367616e-05 
47.24 	 6.0229349221006295e-05 
47.26 	 6.002767925177503e-05 
47.28 	 5.982107205356829e-05 
47.3 	 5.961844994826028e-05 
47.32 	 5.941317593288661e-05 
47.34 	 5.920988248431097e-05 
47.36 	 5.90059060156524e-05 
47.38 	 5.880294002868275e-05 
47.4 	 5.860097486775298e-05 
47.42 	 5.8398931784815076e-05 
47.44 	 5.819932893169183e-05 
47.46 	 5.799763083992622e-05 
47.48 	 5.779956337749945e-05 
47.5 	 5.759656354638742e-05 
47.52 	 5.739806352854932e-05 
47.54 	 5.719201905187387e-05 
47.56 	 5.699090880636992e-05 
47.58 	 5.678127340326002e-05 
47.6 	 5.657649025438565e-05 
47.62 	 5.636478582613722e-05 
47.64 	 5.615737737923961e-05 
47.66 	 5.594714486670859e-05 
47.68 	 5.574040385330756e-05 
47.7 	 5.553620041205517e-05 
47.72 	 5.533482782452973e-05 
47.74 	 5.5140639904638566e-05 
47.76 	 5.494921606545832e-05 
47.78 	 5.476685383307014e-05 
47.8 	 5.458812985224802e-05 
47.82 	 5.4416180030585446e-05 
47.84 	 5.424978237805474e-05 
47.86 	 5.408357141941261e-05 
47.88 	 5.392565159216795e-05 
47.9 	 5.37583906981931e-05 
47.92 	 5.360250114394466e-05 
47.94 	 5.34273415749277e-05 
47.96 	 5.326636113437004e-05 
47.98 	 5.307862250773325e-05 
48.0 	 5.290703878602817e-05 
48.02 	 5.270566671902117e-05 
48.04 	 5.252124937391826e-05 
48.06 	 5.230883363460495e-05 
48.08 	 5.211294776180955e-05 
48.1 	 5.1894321864639536e-05 
48.12 	 5.169079515264586e-05 
48.14 	 5.147096570882596e-05 
48.16 	 5.126417320367003e-05 
48.18 	 5.1046640469012324e-05 
48.2 	 5.08398412805791e-05 
48.22 	 5.062606635781172e-05 
48.24 	 5.042078031008745e-05 
48.26 	 5.021082732510959e-05 
48.28 	 5.000734622513179e-05 
48.3 	 4.980104942334308e-05 
48.32 	 4.959949644601447e-05 
48.34 	 4.939729291457168e-05 
48.36 	 4.919840195344244e-05 
48.38 	 4.90013238710387e-05 
48.4 	 4.880642316938886e-05 
48.42 	 4.861538369198476e-05 
48.44 	 4.842568460434779e-05 
48.46 	 4.824067897785114e-05 
48.48 	 4.805646365277014e-05 
48.5 	 4.7876331540903144e-05 
48.52 	 4.769668247164264e-05 
48.54 	 4.7519648611648396e-05 
48.56 	 4.734295667785978e-05 
48.58 	 4.7167595188338425e-05 
48.6 	 4.6992515243978397e-05 
48.62 	 4.681846903612367e-05 
48.64 	 4.6644662693362766e-05 
48.66 	 4.647261444464715e-05 
48.68 	 4.63007620442813e-05 
48.7 	 4.61316829478052e-05 
48.72 	 4.596276427669117e-05 
48.74 	 4.5796985028248604e-05 
48.76 	 4.563135381323219e-05 
48.78 	 4.546813350923249e-05 
48.8 	 4.530506219394568e-05 
48.82 	 4.51429736490786e-05 
48.84 	 4.4981006687604106e-05 
48.86 	 4.4818866805339627e-05 
48.88 	 4.465673689205939e-05 
48.9 	 4.4494418878015727e-05 
48.92 	 4.433187827400234e-05 
48.94 	 4.417043352145544e-05 
48.96 	 4.400842236062374e-05 
48.98 	 4.384943845065261e-05 
49.0 	 4.368949190938201e-05 
49.02 	 4.3534146346641776e-05 
49.04 	 4.337747282101116e-05 
49.06 	 4.322592628385441e-05 
49.08 	 4.307278759294708e-05 
49.1 	 4.2924284406141864e-05 
49.12 	 4.2774055410198274e-05 
49.14 	 4.2627588684125125e-05 
49.16 	 4.247937952536897e-05 
49.18 	 4.2334409577404935e-05 
49.2 	 4.218776438089597e-05 
49.22 	 4.204449450780104e-05 
49.24 	 4.189967836306737e-05 
49.26 	 4.175874144370088e-05 
49.28 	 4.161645394642293e-05 
49.3 	 4.147827111463105e-05 
49.32 	 4.1339019942573375e-05 
49.34 	 4.120327915029701e-05 
49.36 	 4.106684018562215e-05 
49.38 	 4.0932419932830446e-05 
49.4 	 4.079770972660806e-05 
49.42 	 4.066307596242891e-05 
49.44 	 4.05284897966744e-05 
49.46 	 4.0392343360438784e-05 
49.48 	 4.025637451754909e-05 
49.5 	 4.0118254582128956e-05 
49.52 	 3.998013034721363e-05 
49.54 	 3.984075756314884e-05 
49.56 	 3.9700878594813096e-05 
49.58 	 3.956213624993157e-05 
49.6 	 3.942218844049641e-05 
49.62 	 3.9286720414178355e-05 
49.64 	 3.9149388859414335e-05 
49.66 	 3.901986201662643e-05 
49.68 	 3.888814744478898e-05 
49.7 	 3.8766333965562136e-05 
49.72 	 3.864260110780126e-05 
49.74 	 3.8528567704893065e-05 
49.76 	 3.841361657575129e-05 
49.78 	 3.830536635208196e-05 
49.8 	 3.819790364318701e-05 
49.82 	 3.809170740401478e-05 
49.84 	 3.798850401226574e-05 
49.86 	 3.787988546609882e-05 
49.88 	 3.7776638226329e-05 
49.9 	 3.7661667215883655e-05 
49.92 	 3.7554260526898964e-05 
49.94 	 3.743063293534392e-05 
49.96 	 3.7316290752979696e-05 
49.98 	 3.718374224393653e-05 
50.0 	 3.7061589513453627e-05 
50.02 	 3.6921480250728455e-05 
50.04 	 3.679229039893553e-05 
50.06 	 3.664656821756571e-05 
50.08 	 3.651183662482882e-05 
50.1 	 3.636185565409679e-05 
50.12 	 3.6222631549069246e-05 
50.14 	 3.6068347200260005e-05 
50.16 	 3.592434168360884e-05 
50.18 	 3.576421584911258e-05 
50.2 	 3.5613558257950236e-05 
50.22 	 3.5445200509528764e-05 
50.24 	 3.528493488124937e-05 
50.26 	 3.51062301269759e-05 
50.28 	 3.493337382164339e-05 
50.3 	 3.4743706789707886e-05 
50.32 	 3.455653316238545e-05 
50.34 	 3.4357717281677396e-05 
50.36 	 3.415687766562607e-05 
50.38 	 3.395346797216824e-05 
50.4 	 3.37425843964663e-05 
50.42 	 3.354136005453907e-05 
50.44 	 3.332677984789256e-05 
50.46 	 3.313534964809817e-05 
50.48 	 3.2924908043567034e-05 
50.5 	 3.274966887282077e-05 
50.52 	 3.255061406989691e-05 
50.54 	 3.239463785945623e-05 
50.56 	 3.221128193332592e-05 
50.58 	 3.207294772586576e-05 
50.6 	 3.190491324000149e-05 
50.62 	 3.177802589268644e-05 
50.64 	 3.1619928252125315e-05 
50.66 	 3.14956039631675e-05 
50.68 	 3.133857440104413e-05 
50.7 	 3.12084972744113e-05 
50.72 	 3.104328710636571e-05 
50.74 	 3.090336431466236e-05 
50.76 	 3.072417178457559e-05 
50.78 	 3.057737520065706e-05 
50.8 	 3.0385207768202465e-05 
50.82 	 3.0242525037569905e-05 
50.84 	 3.0046898384897233e-05 
50.86 	 2.992574252636971e-05 
50.88 	 2.9743814106297485e-05 
50.9 	 2.9663896132509368e-05 
50.92 	 2.9516769946825457e-05 
50.94 	 2.949428254268621e-05 
50.96 	 2.9401188668941756e-05 
50.98 	 2.9442999966624706e-05 
51.0 	 2.94150778169647e-05 
51.02 	 2.9515076969893124e-05 
51.04 	 2.955102774987331e-05 
51.06 	 2.969033786140382e-05 
51.08 	 2.977576996249121e-05 
51.1 	 2.9927164915382304e-05 
51.12 	 3.003806794158502e-05 
51.14 	 3.0173167077586938e-05 
51.16 	 3.0282284956106738e-05 
51.18 	 3.037892711983306e-05 
51.2 	 3.046274430680542e-05 
51.22 	 3.0510041302685092e-05 
51.24 	 3.055413668269512e-05 
51.26 	 3.055392036380357e-05 
51.28 	 3.055538165376272e-05 
51.3 	 3.0520247985422994e-05 
51.32 	 3.0487017431774155e-05 
51.34 	 3.0436112958451903e-05 
51.36 	 3.03839485815345e-05 
51.38 	 3.033781867385619e-05 
51.4 	 3.0285836676827422e-05 
51.42 	 3.0261417745701397e-05 
51.44 	 3.022717741571241e-05 
51.46 	 3.023381483226304e-05 
51.48 	 3.0228916640471676e-05 
51.5 	 3.0266231658538284e-05 
51.52 	 3.029344274934006e-05 
51.54 	 3.035170400252279e-05 
51.56 	 3.0404460529554293e-05 
51.58 	 3.0467571392816046e-05 
51.6 	 3.053213772260891e-05 
51.62 	 3.058248503079962e-05 
51.64 	 3.064218526672036e-05 
51.66 	 3.066581736265634e-05 
51.68 	 3.070597930803428e-05 
51.7 	 3.069636960479648e-05 
51.72 	 3.0708337362251814e-05 
51.74 	 3.066753055967509e-05 
51.76 	 3.065047653042588e-05 
51.78 	 3.05874606918549e-05 
51.8 	 3.0547600437699334e-05 
51.82 	 3.0474780839689287e-05 
51.84 	 3.0422565146507115e-05 
51.86 	 3.0351770700445514e-05 
51.88 	 3.0298268507325756e-05 
51.9 	 3.02376339343852e-05 
51.92 	 3.019139284228232e-05 
51.94 	 3.0143892301232695e-05 
51.96 	 3.0109136077684147e-05 
51.98 	 3.007283165995568e-05 
52.0 	 3.0049212168728736e-05 
52.02 	 3.0018731995168197e-05 
52.04 	 3.0002309128154642e-05 
52.06 	 2.997084226968776e-05 
52.08 	 2.9955702692160614e-05 
52.1 	 2.9916879704568095e-05 
52.12 	 2.989683370271595e-05 
52.14 	 2.9846120065240653e-05 
52.16 	 2.9816118301766804e-05 
52.18 	 2.9751609210615812e-05 
52.2 	 2.9708733804515064e-05 
52.22 	 2.9631374003915807e-05 
52.24 	 2.9575358899649353e-05 
52.26 	 2.9488608098057514e-05 
52.28 	 2.9421822474788767e-05 
52.3 	 2.93307532600613e-05 
52.32 	 2.925754813674381e-05 
52.34 	 2.9167440765190846e-05 
52.36 	 2.909285703149771e-05 
52.38 	 2.9007590146042537e-05 
52.4 	 2.8935702148141377e-05 
52.42 	 2.8856507468148184e-05 
52.44 	 2.8788997791085225e-05 
52.46 	 2.8714212664175762e-05 
52.48 	 2.8649884946367474e-05 
52.5 	 2.8576017805038536e-05 
52.52 	 2.8511656582098754e-05 
52.54 	 2.843543357065559e-05 
52.56 	 2.8367762061165966e-05 
52.58 	 2.828818862786164e-05 
52.6 	 2.8215996174084683e-05 
52.62 	 2.813528806891889e-05 
52.64 	 2.8060549845666454e-05 
52.66 	 2.7983288616560416e-05 
52.68 	 2.7910535835121783e-05 
52.7 	 2.7841374512528296e-05 
52.72 	 2.777552569389324e-05 
52.74 	 2.7716651125139795e-05 
52.76 	 2.7660440490409223e-05 
52.78 	 2.76102307151001e-05 
52.8 	 2.7562681898154693e-05 
52.82 	 2.751639296712663e-05 
52.84 	 2.747325702479063e-05 
52.86 	 2.7425455504924316e-05 
52.88 	 2.7381455697708796e-05 
52.9 	 2.7328921126877552e-05 
52.92 	 2.728064081205867e-05 
52.94 	 2.7224163428076423e-05 
52.96 	 2.7172031070063646e-05 
52.98 	 2.711608619050196e-05 
53.0 	 2.7064348209554486e-05 
53.02 	 2.7014732294827837e-05 
53.04 	 2.696933311519797e-05 
53.06 	 2.6929920606356558e-05 
53.08 	 2.6895308793181786e-05 
53.1 	 2.686558734970449e-05 
53.12 	 2.6842067403492836e-05 
53.14 	 2.6816768631014687e-05 
53.16 	 2.679978843197989e-05 
53.18 	 2.677089974507441e-05 
53.2 	 2.6752707506045904e-05 
53.22 	 2.6712944302790582e-05 
53.24 	 2.6685864960139337e-05 
53.26 	 2.6631935046699448e-05 
53.28 	 2.6591717426288224e-05 
53.3 	 2.652581575633132e-05 
53.32 	 2.6473478890495824e-05 
53.34 	 2.6402331966203067e-05 
53.36 	 2.6343675156836073e-05 
53.38 	 2.6275627905203738e-05 
53.4 	 2.6218680747150123e-05 
53.42 	 2.616019532591862e-05 
53.44 	 2.611182254273894e-05 
53.46 	 2.6064947831555037e-05 
53.48 	 2.602814322396235e-05 
53.5 	 2.5989976080516975e-05 
53.52 	 2.5962955994837776e-05 
53.54 	 2.5927146428727075e-05 
53.56 	 2.5904442220426285e-05 
53.58 	 2.586387960822864e-05 
53.6 	 2.5838717191839248e-05 
53.62 	 2.5788113393533944e-05 
53.64 	 2.575489999114794e-05 
53.66 	 2.5692222246042097e-05 
53.68 	 2.564810869163133e-05 
53.7 	 2.557451522448364e-05 
53.72 	 2.5519608208974044e-05 
53.74 	 2.5438280019964294e-05 
53.76 	 2.5374771220166794e-05 
53.78 	 2.5289428081124705e-05 
53.8 	 2.5220321025166698e-05 
53.82 	 2.5134123609519532e-05 
53.84 	 2.5062215260202897e-05 
53.86 	 2.497734435878948e-05 
53.88 	 2.490477017798318e-05 
53.9 	 2.4822543678897194e-05 
53.92 	 2.4750799778575654e-05 
53.94 	 2.4671982689949445e-05 
53.96 	 2.4602135091448278e-05 
53.98 	 2.452716247357332e-05 
54.0 	 2.4459996619260992e-05 
54.02 	 2.4389029295952657e-05 
54.04 	 2.432506530510135e-05 
54.06 	 2.4257957138978418e-05 
54.08 	 2.4197396864851402e-05 
54.1 	 2.4133683932463277e-05 
54.12 	 2.4076384631820532e-05 
54.14 	 2.4015343977216173e-05 
54.16 	 2.3960858795561633e-05 
54.18 	 2.390161301013346e-05 
54.2 	 2.3849276159847094e-05 
54.22 	 2.3790895961859914e-05 
54.24 	 2.3739909906160398e-05 
54.26 	 2.368148858454758e-05 
54.28 	 2.3630990366331965e-05 
54.3 	 2.357169777987492e-05 
54.32 	 2.3520812592350994e-05 
54.34 	 2.345995402094539e-05 
54.36 	 2.3407861269990414e-05 
54.38 	 2.3344960403876905e-05 
54.4 	 2.3290993240135394e-05 
54.42 	 2.3225895819612285e-05 
54.44 	 2.316967330100731e-05 
54.46 	 2.3102638466283166e-05 
54.48 	 2.3044197339646213e-05 
54.5 	 2.2975919238084173e-05 
54.52 	 2.291578138835964e-05 
54.54 	 2.284728147725422e-05 
54.56 	 2.278638453206071e-05 
54.58 	 2.271875368287956e-05 
54.6 	 2.2658209528600242e-05 
54.62 	 2.2592257143312147e-05 
54.64 	 2.2532987155946223e-05 
54.66 	 2.246893354041685e-05 
54.68 	 2.241131902700466e-05 
54.7 	 2.234868664283154e-05 
54.72 	 2.2292402490212823e-05 
54.74 	 2.2230187149581387e-05 
54.76 	 2.217431788979851e-05 
54.78 	 2.2111384069926743e-05 
54.8 	 2.205478486239928e-05 
54.82 	 2.199031324446669e-05 
54.84 	 2.1932056451371134e-05 
54.86 	 2.1865848965954392e-05 
54.88 	 2.180556284696089e-05 
54.9 	 2.1738088860069792e-05 
54.92 	 2.167605971075951e-05 
54.94 	 2.1608251802633947e-05 
54.96 	 2.154527646103943e-05 
54.98 	 2.1478185661904775e-05 
55.0 	 2.141526328925049e-05 
55.02 	 2.1349721319198018e-05 
55.04 	 2.1287721065550684e-05 
55.06 	 2.122413059355024e-05 
55.08 	 2.1163558758879623e-05 
55.1 	 2.1101865761215953e-05 
55.12 	 2.1042799237788432e-05 
55.14 	 2.0982625206492175e-05 
55.16 	 2.0924804768547272e-05 
55.18 	 2.0865659867845245e-05 
55.2 	 2.0808676921761356e-05 
55.22 	 2.0750158249072632e-05 
55.24 	 2.069364486692789e-05 
55.26 	 2.0635549415978087e-05 
55.28 	 2.057929964633784e-05 
55.3 	 2.05216320839995e-05 
55.32 	 2.0465627823597307e-05 
55.34 	 2.0408530912702224e-05 
55.36 	 2.0352891593647224e-05 
55.38 	 2.0296550194830563e-05 
55.4 	 2.0241450393257786e-05 
55.42 	 2.0186014033770805e-05 
55.44 	 2.013161104709481e-05 
55.46 	 2.0077156628524184e-05 
55.48 	 2.002355061737915e-05 
55.5 	 1.9970082743138035e-05 
55.52 	 1.991731032971567e-05 
55.54 	 1.9864783243624297e-05 
55.56 	 1.981283225298144e-05 
55.58 	 1.9761176276406157e-05 
55.6 	 1.971000696513709e-05 
55.62 	 1.9659148703023842e-05 
55.64 	 1.9608711513844885e-05 
55.66 	 1.955858471390432e-05 
55.68 	 1.9508830943679844e-05 
55.7 	 1.945937985551354e-05 
55.72 	 1.9410266076327345e-05 
55.74 	 1.9361444726449067e-05 
55.76 	 1.931293347258723e-05 
55.78 	 1.926470363038054e-05 
55.8 	 1.9216762595681753e-05 
55.82 	 1.9169091882831515e-05 
55.84 	 1.9121692907505535e-05 
55.86 	 1.9074553458137627e-05 
55.88 	 1.9027671749591746e-05 
55.9 	 1.8981039326862364e-05 
55.92 	 1.893465292418839e-05 
55.94 	 1.88885062953051e-05 
55.96 	 1.8842595670560044e-05 
55.98 	 1.8796916107584507e-05 
56.0 	 1.8751463825124268e-05 
56.02 	 1.870623467923536e-05 
56.04 	 1.8661225086312537e-05 
56.06 	 1.8616431426179215e-05 
56.08 	 1.8571850376537005e-05 
56.1 	 1.8527478691240385e-05 
56.12 	 1.848331330862802e-05 
56.14 	 1.8439351271243986e-05 
56.16 	 1.8395589754665387e-05 
56.18 	 1.8352026037319978e-05 
56.2 	 1.8308657504145576e-05 
56.22 	 1.826548163343599e-05 
56.24 	 1.8222495993708693e-05 
56.26 	 1.817969823639057e-05 
56.28 	 1.8137086091487034e-05 
56.3 	 1.8094657362505592e-05 
56.32 	 1.8052409922390004e-05 
56.34 	 1.8010341709531444e-05 
56.36 	 1.7968450724229818e-05 
56.38 	 1.7926735025383932e-05 
56.4 	 1.7885192727457747e-05 
56.42 	 1.7843821997668214e-05 
56.44 	 1.7802621053374147e-05 
56.46 	 1.7761588159655218e-05 
56.48 	 1.7720721627055562e-05 
56.5 	 1.7680019809481604e-05 
56.52 	 1.7639481102233527e-05 
56.54 	 1.7599103940168743e-05 
56.56 	 1.755888679597899e-05 
56.58 	 1.751882817857437e-05 
56.6 	 1.7478926631562254e-05 
56.62 	 1.743918073182211e-05 
56.64 	 1.739958908815724e-05 
56.66 	 1.7360150340026984e-05 
56.68 	 1.7320863156351726e-05 
56.7 	 1.728172623437798e-05 
56.72 	 1.724273829860914e-05 
56.74 	 1.7203898099795302e-05 
56.76 	 1.7165204413969966e-05 
56.78 	 1.7126656041541334e-05 
56.8 	 1.7088251806427817e-05 
56.82 	 1.7049990555236067e-05 
56.84 	 1.7011871156484048e-05 
56.86 	 1.6973892499852948e-05 
56.88 	 1.6936053495484377e-05 
56.9 	 1.6898353073305e-05 
56.92 	 1.686079018238424e-05 
56.94 	 1.6823363790320826e-05 
56.96 	 1.6786072882658745e-05 
56.98 	 1.6748916462326837e-05 
57.0 	 1.671189354910431e-05 
57.02 	 1.6675003179111683e-05 
57.04 	 1.663824440431724e-05 
57.06 	 1.6601616292073102e-05 
57.08 	 1.656511792466329e-05 
57.1 	 1.6528748398874267e-05 
57.12 	 1.649250682558208e-05 
57.14 	 1.6456392329356366e-05 
57.16 	 1.642040404807968e-05 
57.18 	 1.6384541132583032e-05 
57.2 	 1.6348802746293734e-05 
57.22 	 1.631318806489971e-05 
57.24 	 1.6277696276021397e-05 
57.26 	 1.6242326578903895e-05 
57.28 	 1.620707818411341e-05 
57.3 	 1.6171950313247895e-05 
57.32 	 1.6136942198657615e-05 
57.34 	 1.6102053083179348e-05 
57.36 	 1.6067282219872675e-05 
57.38 	 1.6032628871772902e-05 
57.4 	 1.599809231164818e-05 
57.42 	 1.5963671821767674e-05 
57.44 	 1.5929366693675722e-05 
57.46 	 1.5895176227974114e-05 
57.48 	 1.5861099734114284e-05 
57.5 	 1.5827136530191317e-05 
57.52 	 1.579328594275081e-05 
57.54 	 1.5759547306595236e-05 
57.56 	 1.5725919964604447e-05 
57.58 	 1.569240326755463e-05 
57.6 	 1.5658996573947746e-05 
57.62 	 1.5625699249844744e-05 
57.64 	 1.559251066870335e-05 
57.66 	 1.5559430211222208e-05 
57.68 	 1.5526457265189075e-05 
57.7 	 1.5493591225334002e-05 
57.72 	 1.546083149318558e-05 
57.74 	 1.542817747693346e-05 
57.76 	 1.5395628591295576e-05 
57.78 	 1.5363184257384166e-05 
57.8 	 1.533084390258345e-05 
57.82 	 1.5298606960422493e-05 
57.84 	 1.5266472870459724e-05 
57.86 	 1.5234441078164752e-05 
57.88 	 1.5202511034806102e-05 
57.9 	 1.5170682197342308e-05 
57.92 	 1.5138954028314095e-05 
57.94 	 1.5107325995742904e-05 
57.96 	 1.5075797573027874e-05 
57.98 	 1.5044368238849092e-05 
58.0 	 1.5013037477072323e-05 
58.02 	 1.4981804776655206e-05 
58.04 	 1.4950669631558322e-05 
58.06 	 1.4919631540655545e-05 
58.08 	 1.4888690007649253e-05 
58.1 	 1.4857844540986912e-05 
58.12 	 1.4827094653779478e-05 
58.14 	 1.479643986372158e-05 
58.16 	 1.4765879693014357e-05 
58.18 	 1.4735413668292162e-05 
58.2 	 1.4705041320545475e-05 
58.22 	 1.4674762185051527e-05 
58.24 	 1.4644575801304085e-05 
58.26 	 1.4614481712944933e-05 
58.28 	 1.4584479467697046e-05 
58.3 	 1.4554568617300748e-05 
58.32 	 1.452474871744853e-05 
58.34 	 1.449501932772452e-05 
58.36 	 1.4465380011543476e-05 
58.38 	 1.4435830336090971e-05 
58.4 	 1.4406369872267389e-05 
58.42 	 1.4376998194630047e-05 
58.44 	 1.4347714881338701e-05 
58.46 	 1.4318519514101354e-05 
58.48 	 1.4289411678121637e-05 
58.5 	 1.4260390962047793e-05 
58.52 	 1.4231456957922373e-05 
58.54 	 1.4202609261131375e-05 
58.56 	 1.417384747035877e-05 
58.58 	 1.4145171187536629e-05 
58.6 	 1.4116580017801875e-05 
58.62 	 1.4088073569448645e-05 
58.64 	 1.4059651453884744e-05 
58.66 	 1.40313132855904e-05 
58.68 	 1.4003058682072274e-05 
58.7 	 1.397488726382609e-05 
58.72 	 1.3946798654292783e-05 
58.74 	 1.391879247982035e-05 
58.76 	 1.3890868369625497e-05 
58.78 	 1.3863025955753406e-05 
58.8 	 1.3835264873041937e-05 
58.82 	 1.380758475908556e-05 
58.84 	 1.3779985254197492e-05 
58.86 	 1.3752466001375722e-05 
58.88 	 1.3725026646269247e-05 
58.9 	 1.3697666837142872e-05 
58.92 	 1.3670386224844247e-05 
58.94 	 1.3643184462771942e-05 
58.96 	 1.361606120684326e-05 
58.98 	 1.3589016115463491e-05 
59.0 	 1.3562048849493715e-05 
59.02 	 1.353515907222285e-05 
59.04 	 1.3508346449335373e-05 
59.06 	 1.348161064888496e-05 
59.08 	 1.3454951341264999e-05 
59.1 	 1.3428368199179676e-05 
59.12 	 1.3401860897618492e-05 
59.14 	 1.337542911382683e-05 
59.16 	 1.3349072527281217e-05 
59.18 	 1.3322790819664256e-05 
59.2 	 1.329658367483688e-05 
59.22 	 1.3270450778813635e-05 
59.24 	 1.3244391819739262e-05 
59.26 	 1.3218406487864228e-05 
59.28 	 1.3192494475520398e-05 
59.3 	 1.3166655477096402e-05 
59.32 	 1.3140889189018848e-05 
59.34 	 1.311519530972471e-05 
59.36 	 1.3089573539641967e-05 
59.38 	 1.3064023581167908e-05 
59.4 	 1.3038545138645968e-05 
59.42 	 1.3013137918346705e-05 
59.44 	 1.2987801628445239e-05 
59.46 	 1.29625359790025e-05 
59.48 	 1.2937340681942858e-05 
59.5 	 1.29122154510368e-05 
59.52 	 1.2887160001880425e-05 
59.54 	 1.286217405187626e-05 
59.56 	 1.2837257320214603e-05 
59.58 	 1.2812409527854559e-05 
59.6 	 1.2787630397506362e-05 
59.62 	 1.2762919653614607e-05 
59.64 	 1.2738277022337567e-05 
59.66 	 1.2713702231532235e-05 
59.68 	 1.2689195010737412e-05 
59.7 	 1.2664755091154506e-05 
59.72 	 1.264038220563405e-05 
59.74 	 1.2616076088656247e-05 
59.76 	 1.2591836476317654e-05 
59.78 	 1.2567663106313528e-05 
59.8 	 1.2543555717922636e-05 
59.82 	 1.2519514051992984e-05 
59.84 	 1.2495537850924414e-05 
59.86 	 1.2471626858656042e-05 
59.88 	 1.2447780820649828e-05 
59.9 	 1.2423999483877775e-05 
59.92 	 1.2400282596805645e-05 
59.94 	 1.2376629909380309e-05 
59.96 	 1.2353041173015579e-05 
59.98 	 1.2329516140577748e-05 
