0.0 	 4.754008877599752 
0.02 	 3.9442173711411073 
0.04 	 3.555564642859464 
0.06 	 3.1499090929759923 
0.08 	 2.8734379513876878 
0.1 	 2.586263561888567 
0.12 	 2.3318592459121894 
0.14 	 2.0959214457086937 
0.16 	 1.8553319507192416 
0.18 	 1.6548611599893832 
0.2 	 1.4352415899854845 
0.22 	 1.2665946778370523 
0.24 	 1.0769223614099168 
0.26 	 0.9397350915634135 
0.28 	 0.7859771629525808 
0.3 	 0.6802004615901039 
0.32 	 0.5641199224801856 
0.34 	 0.489464854856673 
0.36 	 0.41028188206870253 
0.38 	 0.3689789600300538 
0.4 	 0.3310768072114863 
0.42 	 0.3469859893584089 
0.44 	 0.39681643505253117 
0.46 	 0.5045506968318944 
0.48 	 0.5891667494819733 
0.5 	 0.6670535248113398 
0.52 	 0.7243956979484846 
0.54 	 0.7740598572881564 
0.56 	 0.8132197154085258 
0.58 	 0.8465711074323712 
0.6 	 0.8743226741326111 
0.62 	 0.8977289429969885 
0.64 	 0.9179989987472258 
0.66 	 0.9350185151495524 
0.68 	 0.9501976895291602 
0.7 	 0.9629666375669066 
0.72 	 0.9745992778355059 
0.74 	 0.9844831107445838 
0.76 	 0.9936234798046146 
0.78 	 1.0015321430507007 
0.8 	 1.0089257470834492 
0.82 	 1.0154688106670389 
0.84 	 1.0216416488311744 
0.86 	 1.0272102315365734 
0.88 	 1.0325146953770517 
0.9 	 1.0373351364165555 
0.92 	 1.0419815820735008 
0.94 	 1.0461622895449951 
0.96 	 1.050251359230194 
0.98 	 1.0538295296613018 
1.0 	 1.057389658275993 
1.02 	 1.060375535405034 
1.04 	 1.0634025620616732 
1.06 	 1.0658148877587799 
1.08 	 1.0683068613063602 
1.1 	 1.070193696898262 
1.12 	 1.0721740473336892 
1.14 	 1.073616968046028 
1.16 	 1.0751425738884757 
1.18 	 1.076247304729785 
1.2 	 1.0774030207834502 
1.22 	 1.07828345573594 
1.24 	 1.0791690069114024 
1.26 	 1.0799322139068654 
1.28 	 1.0806486597205451 
1.3 	 1.0813854555826226 
1.32 	 1.082025851546067 
1.34 	 1.0828067041412397 
1.36 	 1.0834509206982816 
1.38 	 1.0843236747400347 
1.4 	 1.0850341247790332 
1.42 	 1.0860206999756752 
1.44 	 1.0868364546945004 
1.46 	 1.0879293545567477 
1.48 	 1.0888598840974457 
1.5 	 1.0900225063737332 
1.52 	 1.091045413275643 
1.54 	 1.0922196449436257 
1.56 	 1.0932861809371202 
1.58 	 1.0944067860409938 
1.6 	 1.095454952759543 
1.62 	 1.0964660618602775 
1.64 	 1.097436902687478 
1.66 	 1.0983046843088229 
1.68 	 1.0991559995044273 
1.7 	 1.0998737941483818 
1.72 	 1.1005873473861172 
1.74 	 1.101173104859609 
1.76 	 1.1017545616273459 
1.78 	 1.102243052565836 
1.8 	 1.102716390553756 
1.82 	 1.1031495815466283 
1.84 	 1.1035488586071236 
1.86 	 1.1039675524019792 
1.88 	 1.104329054879951 
1.9 	 1.1047679636090906 
1.92 	 1.1051251728647264 
1.94 	 1.1056120776325549 
1.96 	 1.105994471775767 
1.98 	 1.106552181418343 
2.0 	 1.1069868135674932 
2.02 	 1.1076351589055318 
2.04 	 1.1081482756769974 
2.06 	 1.1089035573433759 
2.08 	 1.109519586546321 
2.1 	 1.1103910070387488 
2.12 	 1.1111283732464974 
2.14 	 1.112113727423718 
2.16 	 1.1129798054333242 
2.18 	 1.1140639853814962 
2.2 	 1.115052897361331 
2.22 	 1.1162113366774762 
2.24 	 1.117306906746771 
2.26 	 1.118512653922431 
2.28 	 1.119695311517335 
2.3 	 1.1209253261823946 
2.32 	 1.1221784489880693 
2.34 	 1.1234143915319854 
2.36 	 1.1247250366894075 
2.38 	 1.1259470797699491 
2.4 	 1.1272992583995938 
2.42 	 1.12847666266067 
2.44 	 1.1298407640630854 
2.46 	 1.1309267201827395 
2.48 	 1.132252893949672 
2.5 	 1.1331902753531433 
2.52 	 1.1344131161650919 
2.54 	 1.1351518479362752 
2.56 	 1.1362078956575155 
2.58 	 1.136726874183324 
2.6 	 1.1375783641007413 
2.62 	 1.1379004024775032 
2.64 	 1.1385535514513505 
2.66 	 1.1387440712298975 
2.68 	 1.1392516508446273 
2.7 	 1.1393998737067652 
2.72 	 1.1398454769040476 
2.74 	 1.1400359547309933 
2.76 	 1.1405067475051252 
2.78 	 1.1407936871257187 
2.8 	 1.1413537805729215 
2.82 	 1.1417480758403817 
2.84 	 1.1424227807227754 
2.86 	 1.1428940404142331 
2.88 	 1.1436680436279738 
2.9 	 1.1441566455940742 
2.92 	 1.1449820778546673 
2.94 	 1.1454139660077318 
2.96 	 1.1462220044943332 
2.98 	 1.1465217253562083 
3.0 	 1.1472338867450083 
3.02 	 1.1473354376645557 
3.04 	 1.1478743382924868 
3.06 	 1.147730922540091 
3.08 	 1.1480313730982175 
3.1 	 1.1476236021869821 
3.12 	 1.1476430951659244 
3.14 	 1.1469831730689264 
3.16 	 1.1467087450448408 
3.18 	 1.1458384725659554 
3.2 	 1.1452872772606992 
3.22 	 1.1442705517559377 
3.24 	 1.1434844640812412 
3.26 	 1.1423980475327231 
3.28 	 1.1414359627592803 
3.3 	 1.1403631120094628 
3.32 	 1.1392957098311536 
3.34 	 1.13832507977291 
3.36 	 1.137234818555802 
3.38 	 1.1364632152060863 
3.4 	 1.1354484072295927 
3.42 	 1.1349826993751606 
3.44 	 1.1341608784090507 
3.46 	 1.1341134633863292 
3.48 	 1.133617869482186 
3.5 	 1.1340923149959612 
3.52 	 1.1340573177930453 
3.54 	 1.1351257216970176 
3.56 	 1.1356621690885207 
3.58 	 1.1373414467186485 
3.6 	 1.1385091803912422 
3.62 	 1.1407467376009144 
3.64 	 1.1425353046719278 
3.66 	 1.1452126773335087 
3.68 	 1.147539668514564 
3.7 	 1.150495823026078 
3.72 	 1.1532255420374833 
3.74 	 1.1562931986039324 
3.76 	 1.1592701870060953 
3.78 	 1.162313335088499 
3.8 	 1.1653999610070442 
3.82 	 1.1683409609561062 
3.84 	 1.1714477944307458 
3.86 	 1.1742770649977754 
3.88 	 1.1773782664268273 
3.9 	 1.1801458657080326 
3.92 	 1.1832772785666033 
3.94 	 1.1860713036644372 
3.96 	 1.189314488193758 
3.98 	 1.1922345684277904 
4.0 	 1.195694005836973 
4.02 	 1.198828265595027 
4.04 	 1.202609929835751 
4.06 	 1.2060205920557783 
4.08 	 1.2102175172187142 
4.1 	 1.2139353626736844 
4.12 	 1.2186211786257697 
4.14 	 1.2226450839235017 
4.16 	 1.2278725492143003 
4.18 	 1.2321690109870826 
4.2 	 1.2379689618794347 
4.22 	 1.2424668243040484 
4.24 	 1.2488423303670713 
4.26 	 1.2534175975273822 
4.28 	 1.2603261555734213 
4.3 	 1.2647716231359238 
4.32 	 1.2720864870738817 
4.34 	 1.276066608041073 
4.36 	 1.2835138260165826 
4.38 	 1.286521163407169 
4.4 	 1.2936070889056235 
4.42 	 1.2949559788802505 
4.44 	 1.3009241693702929 
4.46 	 1.2998206168594297 
4.48 	 1.3036874955108362 
4.5 	 1.2993872980237438 
4.52 	 1.300086639765425 
4.54 	 1.2921066183572654 
4.56 	 1.2887285294227497 
4.58 	 1.2770398942107999 
4.6 	 1.2691027909069588 
4.62 	 1.254234724385403 
4.64 	 1.2419008511268321 
4.66 	 1.224912177544032 
4.68 	 1.209059698869952 
4.7 	 1.1913756625859395 
4.72 	 1.173475493887859 
4.74 	 1.1566209792922348 
4.76 	 1.1384295714815609 
4.78 	 1.1237211519715364 
4.8 	 1.106877075425756 
4.82 	 1.0951653517834654 
4.84 	 1.0808368038127678 
4.86 	 1.0723953909502546 
4.88 	 1.0611196149375979 
4.9 	 1.055721973278119 
4.92 	 1.0474782782660563 
4.94 	 1.044599994613071 
4.96 	 1.0390221132834778 
4.98 	 1.03804142750524 
5.0 	 1.0346190817605745 
5.02 	 1.0349288522833757 
5.04 	 1.0331145812190092 
5.06 	 1.0341553603365021 
5.08 	 1.0333977743438485 
5.1 	 1.0346753177572878 
5.12 	 1.0344459742154755 
5.14 	 1.0355750344058199 
5.16 	 1.035427743585248 
5.18 	 1.0361915349466129 
5.2 	 1.03583997174018 
5.22 	 1.0362247585159148 
5.24 	 1.0355951319564056 
5.26 	 1.0357675640637045 
5.28 	 1.0349898714702945 
5.3 	 1.0352144189578378 
5.32 	 1.034544900055663 
5.34 	 1.0350688873944016 
5.36 	 1.0347698058344448 
5.38 	 1.035721180859366 
5.4 	 1.0359468271836259 
5.42 	 1.0372872164605573 
5.44 	 1.038024478740649 
5.46 	 1.0395752186176752 
5.48 	 1.040660203465313 
5.5 	 1.042182962191763 
5.52 	 1.0433765962698174 
5.54 	 1.0446650864232652 
5.56 	 1.0457446713296816 
5.58 	 1.0466853391705724 
5.6 	 1.0475096626098086 
5.62 	 1.0480928128833857 
5.64 	 1.0486203997513623 
5.66 	 1.0489112248854309 
5.68 	 1.0491784674077198 
5.7 	 1.049273591793777 
5.72 	 1.0493564407447418 
5.74 	 1.0493496094021542 
5.76 	 1.0493317758915535 
5.78 	 1.049297336149613 
5.8 	 1.0492535156587706 
5.82 	 1.0492411315959325 
5.84 	 1.0492287745691309 
5.86 	 1.0492588482677643 
5.88 	 1.0493086858077938 
5.9 	 1.0493661160083732 
5.92 	 1.0494706575409332 
5.94 	 1.0495046814126001 
5.96 	 1.049614246019252 
5.98 	 1.0495530573145977 
6.0 	 1.0495892043494854 
6.02 	 1.0493684847188363 
6.04 	 1.0492542163998861 
6.06 	 1.0488475675932385 
6.08 	 1.0485418051200155 
6.1 	 1.04797788965226 
6.12 	 1.0474979309596304 
6.14 	 1.0468555602195564 
6.16 	 1.0462770911933361 
6.18 	 1.0456599887189924 
6.2 	 1.0450946427683514 
6.22 	 1.0445957862026158 
6.24 	 1.0441551750542573 
6.26 	 1.0438232744796025 
6.28 	 1.0435821270953942 
6.3 	 1.0433997153867811 
6.32 	 1.0433681665719958 
6.34 	 1.0432440990374983 
6.36 	 1.043352257462648 
6.38 	 1.0431257992457688 
6.4 	 1.043218052398193 
6.42 	 1.042672209425405 
6.44 	 1.0425102618442659 
6.46 	 1.0413986407279447 
6.48 	 1.0406808888699532 
6.5 	 1.0387774433282042 
6.52 	 1.0371889354130808 
6.54 	 1.034363805224107 
6.56 	 1.0316644929371084 
6.58 	 1.027970631967342 
6.6 	 1.024107553124832 
6.62 	 1.0198427827488332 
6.64 	 1.0150448335318125 
6.66 	 1.0107469762084869 
6.68 	 1.0055464473210982 
6.7 	 1.0018940438389705 
6.72 	 0.9970326711343966 
6.74 	 0.9946612518810957 
6.76 	 0.9908867106300885 
6.78 	 0.9901816705086252 
6.8 	 0.9880085786491317 
6.82 	 0.988971666230796 
6.84 	 0.9885227325681574 
6.86 	 0.99078761165993 
6.88 	 0.9917955147264355 
6.9 	 0.994783474202355 
6.92 	 0.9967366676137621 
6.94 	 0.9998623039411575 
6.96 	 1.0022017538782582 
6.98 	 1.005029574252203 
7.0 	 1.0073041507839087 
7.02 	 1.0096104942059196 
7.04 	 1.0115494546831985 
7.06 	 1.01330099610511 
7.08 	 1.0148098181476377 
7.1 	 1.016096687964927 
7.12 	 1.0172059106813742 
7.14 	 1.0181684136333247 
7.16 	 1.0189696917928617 
7.18 	 1.0197466469535554 
7.2 	 1.0203444427428303 
7.22 	 1.0210554397171883 
7.24 	 1.0215497507014866 
7.26 	 1.0223061797568052 
7.28 	 1.0228039603519963 
7.3 	 1.0237296623750187 
7.32 	 1.0243667587591183 
7.34 	 1.0256052120400005 
7.36 	 1.0265549079153646 
7.38 	 1.0282486031206213 
7.4 	 1.02970074503107 
7.42 	 1.0319451076371806 
7.44 	 1.0340567507221026 
7.46 	 1.036846266605325 
7.48 	 1.0396808902419483 
7.5 	 1.0428706737035849 
7.52 	 1.0463491625859709 
7.54 	 1.049649039024216 
7.56 	 1.0535298704131038 
7.58 	 1.0565355750245515 
7.6 	 1.0604303266610904 
7.62 	 1.0626857931783105 
7.64 	 1.0661074881187367 
7.66 	 1.0671870858989068 
7.68 	 1.0696255197198923 
7.7 	 1.069222880842437 
7.72 	 1.0702388396274671 
7.74 	 1.0682459594225915 
7.76 	 1.0675705731048637 
7.78 	 1.0641276721829076 
7.8 	 1.0617445582502891 
7.82 	 1.0572417784481323 
7.84 	 1.0534238495796606 
7.86 	 1.0484436805257265 
7.88 	 1.0437207970106932 
7.9 	 1.0389256543666388 
7.92 	 1.0339779640513127 
7.94 	 1.0299676642089706 
7.96 	 1.0254692570715778 
7.98 	 1.022650807514687 
8.0 	 1.0191154276520262 
8.02 	 1.017630186236625 
8.04 	 1.0153151538086025 
8.06 	 1.0150467500319782 
8.08 	 1.013943392162996 
8.1 	 1.0145924783112823 
8.12 	 1.014487994337348 
8.14 	 1.0156730458538963 
8.16 	 1.0162417899531282 
8.18 	 1.0175870971585252 
8.2 	 1.0184737799070758 
8.22 	 1.0196677395069143 
8.24 	 1.0205471873552463 
8.26 	 1.0213737509562153 
8.28 	 1.021989525924986 
8.3 	 1.022341647810603 
8.32 	 1.0225302143082071 
8.34 	 1.0224106124412164 
8.36 	 1.022114033056694 
8.38 	 1.0216244135097665 
8.4 	 1.0208908434304844 
8.42 	 1.0202099688395072 
8.44 	 1.019180804352055 
8.46 	 1.0185331571431222 
8.48 	 1.0174173048818616 
8.5 	 1.017035443897538 
8.52 	 1.0160729707893994 
8.54 	 1.0161578569629788 
8.56 	 1.0155773117097933 
8.58 	 1.0162628658289925 
8.6 	 1.016239635574449 
8.62 	 1.0175700261994716 
8.64 	 1.0181960919313586 
8.66 	 1.0201238331462001 
8.68 	 1.0213988498109143 
8.7 	 1.023806180411843 
8.72 	 1.0256535688092254 
8.74 	 1.0283901931195172 
8.76 	 1.0306918894924648 
8.78 	 1.0336143459314004 
8.8 	 1.0362495695257112 
8.82 	 1.0392464259109513 
8.84 	 1.0421181511448547 
8.86 	 1.045111991969822 
8.88 	 1.048150821410904 
8.9 	 1.051079423270257 
8.92 	 1.0542256987305647 
8.94 	 1.0570156312736652 
8.96 	 1.0601921411253261 
8.98 	 1.0627429088729314 
9.0 	 1.0658367709249863 
9.02 	 1.068028992639812 
9.04 	 1.0708978701239296 
9.06 	 1.072625872828698 
9.08 	 1.0751309802069993 
9.1 	 1.0763452372909368 
9.12 	 1.0783979738157317 
9.14 	 1.079135023985846 
9.16 	 1.0807345178458436 
9.18 	 1.0811164750790179 
9.2 	 1.0823576921882732 
9.22 	 1.0825579114155397 
9.24 	 1.0836034707282118 
9.26 	 1.0837914354745406 
9.28 	 1.0848178242021058 
9.3 	 1.085106026762004 
9.32 	 1.0862468535470033 
9.34 	 1.0866602946014778 
9.36 	 1.0879688331465411 
9.38 	 1.0884454589917383 
9.4 	 1.0898869457632887 
9.42 	 1.0903025640832957 
9.44 	 1.0917716499467172 
9.46 	 1.0919742064232856 
9.48 	 1.0933237272563128 
9.5 	 1.093162875771668 
9.52 	 1.0942304350117003 
9.54 	 1.093576230892865 
9.56 	 1.0942023529727156 
9.58 	 1.0929556366886413 
9.6 	 1.0929958381995148 
9.62 	 1.091097344368089 
9.64 	 1.0904352547570826 
9.66 	 1.087878609832635 
9.68 	 1.086445589937519 
9.7 	 1.0832927197581637 
9.72 	 1.0810922118687907 
9.74 	 1.077482874104813 
9.76 	 1.0746096435187893 
9.78 	 1.0707551627200056 
9.8 	 1.067396969057926 
9.82 	 1.0635542376021287 
9.84 	 1.0599699328478709 
9.86 	 1.056402204444499 
9.88 	 1.0528826289205444 
9.9 	 1.0498206521767723 
9.92 	 1.0466472817789723 
9.94 	 1.0442608723002151 
9.96 	 1.0416731005914284 
9.98 	 1.0400510469894764 
10.0 	 1.038218698659182 
10.02 	 1.037346397358513 
10.04 	 1.0363350194583971 
10.06 	 1.0360671330771687 
10.08 	 1.0357940965037165 
10.1 	 1.0358406822431871 
10.12 	 1.036044816944121 
10.14 	 1.0360021845309726 
10.16 	 1.0362637519661868 
10.18 	 1.0357060584539775 
10.2 	 1.0355376453189775 
10.22 	 1.0341480635436113 
10.24 	 1.0331384201678053 
10.26 	 1.0308282930929646 
10.28 	 1.0287876202848136 
10.3 	 1.0257504293497195 
10.32 	 1.0227972025852472 
10.34 	 1.0194691492457424 
10.36 	 1.016016902275407 
10.38 	 1.0129514453305193 
10.4 	 1.0095907379816784 
10.42 	 1.0072872325712112 
10.44 	 1.004601427736628 
10.46 	 1.003348385080389 
10.48 	 1.0017332330589916 
10.5 	 1.001522909216982 
10.52 	 1.0010771855419736 
10.54 	 1.0016147484125726 
10.56 	 1.0021281311173822 
10.58 	 1.0029138591032596 
10.6 	 1.0039286110841033 
10.62 	 1.0043695257833536 
10.64 	 1.0052737898267634 
10.66 	 1.0047944755947598 
10.68 	 1.0049235487379278 
10.7 	 1.0030711363656977 
10.72 	 1.0018193448866746 
10.74 	 0.9983652718955471 
10.76 	 0.9953154795044031 
10.78 	 0.9903422042399354 
10.8 	 0.9853988363062571 
10.82 	 0.9793404648285199 
10.84 	 0.9728225009252321 
10.86 	 0.9664221754142895 
10.88 	 0.9590569892437956 
10.9 	 0.9532189844960121 
10.92 	 0.9459943695088718 
10.94 	 0.9415476932566837 
10.96 	 0.9354375061578358 
10.98 	 0.9328854737884575 
11.0 	 0.9285485964438273 
11.02 	 0.9279221745559545 
11.04 	 0.9255235646501414 
11.06 	 0.9264252062372572 
11.08 	 0.9256708817036448 
11.1 	 0.9274805300110792 
11.12 	 0.9278203252118482 
11.14 	 0.9299345887795702 
11.16 	 0.9307949133375931 
11.18 	 0.9327802995395921 
11.2 	 0.9337158767938898 
11.22 	 0.9353454639540746 
11.24 	 0.9360856384233915 
11.26 	 0.9373007361250446 
11.28 	 0.9377278943867694 
11.3 	 0.9385808995963099 
11.32 	 0.9386899044701805 
11.34 	 0.9393007421818809 
11.36 	 0.9391673475170274 
11.38 	 0.9396960221531167 
11.4 	 0.9394556198763846 
11.42 	 0.9400776963657401 
11.44 	 0.9399016205314773 
11.46 	 0.9407762319021227 
11.48 	 0.9408363590246543 
11.5 	 0.9420699129318306 
11.52 	 0.9424964978864767 
11.54 	 0.9441167350070516 
11.56 	 0.9449660857511076 
11.58 	 0.9469207022101168 
11.6 	 0.9481682210386243 
11.62 	 0.9503498017652385 
11.64 	 0.9519106055534321 
11.66 	 0.9541948460028964 
11.68 	 0.95595914164818 
11.7 	 0.95823755348093 
11.72 	 0.9601022435173618 
11.74 	 0.9622970369956687 
11.76 	 0.9641812545498849 
11.78 	 0.9662426327259378 
11.8 	 0.9680868656288975 
11.82 	 0.969982360510071 
11.84 	 0.971739922567551 
11.86 	 0.9734465825210822 
11.88 	 0.9750776132227491 
11.9 	 0.9765821836760111 
11.92 	 0.9780552280539463 
11.94 	 0.979360318235994 
11.96 	 0.9806598271615543 
11.98 	 0.9817902731754959 
12.0 	 0.9829246458907946 
12.02 	 0.9839290336592706 
12.04 	 0.9849342391902994 
12.06 	 0.9858796524609166 
12.08 	 0.9868160634010448 
12.1 	 0.9877768601626581 
12.12 	 0.9887193417584259 
12.14 	 0.9897622153571349 
12.16 	 0.9907850356787535 
12.18 	 0.9919535419704131 
12.2 	 0.9931130442937032 
12.22 	 0.9944158315500778 
12.24 	 0.9957354694823531 
12.26 	 0.9971429361315707 
12.28 	 0.9986062373753951 
12.3 	 1.0000588262606993 
12.32 	 1.0016145329446509 
12.34 	 1.0030419509531996 
12.36 	 1.0046216059717883 
12.38 	 1.0059675348269157 
12.4 	 1.0075107932475384 
12.42 	 1.0087547133918433 
12.44 	 1.0102341992292683 
12.46 	 1.0114023294183356 
12.48 	 1.0128394668377576 
12.5 	 1.0140000319104008 
12.52 	 1.0154656619815743 
12.54 	 1.0167080385185963 
12.56 	 1.0183054595455014 
12.58 	 1.0197068932461855 
12.6 	 1.0215392222212705 
12.62 	 1.0231265047924012 
12.64 	 1.0252547315820082 
12.66 	 1.0269714466528734 
12.68 	 1.0293739551572987 
12.7 	 1.0310655212460649 
12.72 	 1.0336126550069347 
12.74 	 1.0350391206246339 
12.76 	 1.037495045391659 
12.78 	 1.038374002835194 
12.8 	 1.0404312228468984 
12.82 	 1.04050214231977 
12.84 	 1.0418432052146 
12.86 	 1.040934989611856 
12.88 	 1.0413055455629627 
12.9 	 1.0393863182760799 
12.92 	 1.0386584547059212 
12.94 	 1.0358523274900735 
12.96 	 1.0340595977463187 
12.98 	 1.0306268422785136 
13.0 	 1.02796205756877 
13.02 	 1.024251259363185 
13.04 	 1.0210308867101172 
13.06 	 1.017418604013906 
13.08 	 1.014027132063206 
13.1 	 1.0108592946354522 
13.12 	 1.0076880381385245 
13.14 	 1.0052298543391476 
13.16 	 1.0026181493167474 
13.18 	 1.001012574844562 
13.2 	 0.9991927862457489 
13.22 	 0.9984285120423323 
13.24 	 0.9974777384424311 
13.26 	 0.9973757505190841 
13.28 	 0.9971859125140539 
13.3 	 0.997419543020426 
13.32 	 0.9977033843654112 
13.34 	 0.997860551427233 
13.36 	 0.9982045192271437 
13.38 	 0.9978833792868907 
13.4 	 0.9978412779265283 
13.42 	 0.9967534199440775 
13.44 	 0.9959578809912424 
13.46 	 0.9940073204472776 
13.48 	 0.9922679125811757 
13.5 	 0.9895808593099006 
13.52 	 0.9869391879821473 
13.54 	 0.9838336260672159 
13.56 	 0.9805552450476773 
13.58 	 0.9774561531782541 
13.6 	 0.9739561926436101 
13.62 	 0.9712796704128804 
13.64 	 0.9680026374693383 
13.66 	 0.9660465980487586 
13.68 	 0.9633429824866429 
13.7 	 0.9622246372586238 
13.72 	 0.9602728115277064 
13.74 	 0.9599354536579673 
13.76 	 0.9587366739490512 
13.78 	 0.9590151031717539 
13.8 	 0.9584517339915661 
13.82 	 0.9591581342424897 
13.84 	 0.959076231811621 
13.86 	 0.9600656055047188 
13.88 	 0.9603408755596083 
13.9 	 0.9615356047004215 
13.92 	 0.9621019094860344 
13.94 	 0.9634804268748729 
13.96 	 0.9643242279655914 
13.98 	 0.9658927479992601 
14.0 	 0.9670302634690834 
14.02 	 0.9687949858352295 
14.04 	 0.9702476769001828 
14.06 	 0.9721943843699039 
14.08 	 0.9739686466821403 
14.1 	 0.976047458392031 
14.12 	 0.9781160496646781 
14.14 	 0.9802281331254693 
14.16 	 0.9825107366079553 
14.18 	 0.9845000719730465 
14.2 	 0.986847379206742 
14.22 	 0.9885067672301558 
14.24 	 0.9906989943582565 
14.26 	 0.9917980761923131 
14.28 	 0.9935676752809429 
14.3 	 0.9939011404265734 
14.32 	 0.9949800574944011 
14.34 	 0.9944230660566931 
14.36 	 0.9946034309925547 
14.38 	 0.9931564413967152 
14.4 	 0.9923473239175584 
14.42 	 0.9901565267870038 
14.44 	 0.9884210724688837 
14.46 	 0.9857695048908859 
14.48 	 0.9833335569590701 
14.5 	 0.9806054628524346 
14.52 	 0.9778355206248218 
14.54 	 0.9754593199312219 
14.56 	 0.9728112911265537 
14.58 	 0.971186592854635 
14.6 	 0.969128963425457 
14.62 	 0.9685456742927414 
14.64 	 0.9674663220287829 
14.66 	 0.9680318556539538 
14.68 	 0.9681483829105696 
14.7 	 0.969747022152122 
14.72 	 0.9710489434455765 
14.74 	 0.9733544505315458 
14.76 	 0.9756004123897501 
14.78 	 0.9781442069757575 
14.8 	 0.9809168021602082 
14.82 	 0.9831899725590214 
14.84 	 0.9859877405655921 
14.86 	 0.987542854740331 
14.88 	 0.9898787866491114 
14.9 	 0.9904032339096599 
14.92 	 0.9918841668099897 
14.94 	 0.9912327529305964 
14.96 	 0.991606459195479 
14.98 	 0.9897961747391812 
15.0 	 0.9889646977612205 
15.02 	 0.9861435537382677 
15.04 	 0.9841493932644202 
15.06 	 0.9805539870655002 
15.08 	 0.9775501764687067 
15.1 	 0.9734650000115328 
15.12 	 0.9696812229308525 
15.14 	 0.9654080706274972 
15.16 	 0.9611224427012359 
15.18 	 0.9569616592180044 
15.2 	 0.9524817055176387 
15.22 	 0.9487200229461994 
15.24 	 0.9443684177990191 
15.26 	 0.9412636170153698 
15.28 	 0.937358383267409 
15.3 	 0.9351125095355668 
15.32 	 0.9319325842383621 
15.34 	 0.9306546147899961 
15.36 	 0.9283922054537931 
15.38 	 0.9280641388247757 
15.4 	 0.9267801112997467 
15.42 	 0.9272476408694255 
15.44 	 0.9268534876765491 
15.46 	 0.9278546946186751 
15.48 	 0.9281352519106444 
15.5 	 0.9293604449642742 
15.52 	 0.9300299933534659 
15.54 	 0.9311879702327261 
15.56 	 0.9319549358218326 
15.58 	 0.9328197162156631 
15.6 	 0.9334346229701891 
15.62 	 0.9338619014495811 
15.64 	 0.934137983746359 
15.66 	 0.9340594267274186 
15.68 	 0.933873370527239 
15.7 	 0.9332862360088985 
15.72 	 0.9325757154726585 
15.74 	 0.9315404820526776 
15.76 	 0.9303105857345649 
15.78 	 0.9289555785222349 
15.8 	 0.9272922606916314 
15.82 	 0.9258122865360402 
15.84 	 0.9238881750584207 
15.86 	 0.9225228439408004 
15.88 	 0.9205789401266483 
15.9 	 0.9195671943959012 
15.92 	 0.9178657876225094 
15.94 	 0.9173893867273997 
15.96 	 0.9161517903959148 
15.98 	 0.9162908892860697 
16.0 	 0.9156453957340229 
16.02 	 0.9163655504598698 
16.04 	 0.9163267689230069 
16.06 	 0.9175004032933082 
16.08 	 0.9179836975935528 
16.1 	 0.9194321474060816 
16.12 	 0.9202897843606809 
16.14 	 0.9218263701592584 
16.16 	 0.9228868450530032 
16.18 	 0.9243481870878615 
16.2 	 0.9254468388612247 
16.22 	 0.9267103007328215 
16.24 	 0.9277090521705869 
16.26 	 0.9287003989536724 
16.28 	 0.9294997822962912 
16.3 	 0.9301950859071192 
16.32 	 0.9307414235609895 
16.34 	 0.9311642895195177 
16.36 	 0.9314521152633543 
16.38 	 0.9316652748044223 
16.4 	 0.9317332537499372 
16.42 	 0.931824076446043 
16.44 	 0.9317433722614737 
16.46 	 0.9318052763337106 
16.48 	 0.9316620435981281 
16.5 	 0.9317762743973513 
16.52 	 0.931652881878019 
16.54 	 0.9318757290481423 
16.56 	 0.931836254514081 
16.58 	 0.9321945894266848 
16.6 	 0.9322779992475362 
16.62 	 0.9327721737955947 
16.64 	 0.9329926498977084 
16.66 	 0.9336029981248702 
16.68 	 0.9339540114758519 
16.7 	 0.9346474376361856 
16.72 	 0.9351064244138511 
16.74 	 0.9358421070860262 
16.76 	 0.9363750762206506 
16.78 	 0.9371103029420157 
16.8 	 0.9376774304753361 
16.82 	 0.9383740067761199 
16.84 	 0.9389364044882875 
16.86 	 0.9395660194362123 
16.88 	 0.9400917095457005 
16.9 	 0.940638002215574 
16.92 	 0.9411046726733562 
16.94 	 0.9415618714905791 
16.96 	 0.9419563847549604 
16.98 	 0.9423272353920685 
17.0 	 0.9426447967642306 
17.02 	 0.9429406236457489 
17.04 	 0.9431864286045281 
17.06 	 0.9434286637878461 
17.08 	 0.9436209449517478 
17.1 	 0.9438394796563907 
17.12 	 0.9440086307267411 
17.14 	 0.9442324634743041 
17.16 	 0.9444111335951432 
17.18 	 0.9446523648603463 
17.2 	 0.9448574673806781 
17.22 	 0.9450968937022595 
17.24 	 0.9453122854612739 
17.26 	 0.9454974221697587 
17.28 	 0.945669009361151 
17.3 	 0.9457300150647084 
17.32 	 0.945779801710376 
17.34 	 0.945658411868771 
17.36 	 0.9455134850865887 
17.38 	 0.9451917674817729 
17.4 	 0.9448154143617654 
17.42 	 0.9443305000632217 
17.44 	 0.9437410976439301 
17.46 	 0.9431791139424067 
17.48 	 0.942448637497763 
17.5 	 0.9419212658102978 
17.52 	 0.9411552649185614 
17.54 	 0.9407699216704279 
17.56 	 0.9400790172907193 
17.58 	 0.9399149452738877 
17.6 	 0.9393901020813712 
17.62 	 0.9394877099478025 
17.64 	 0.9391872055493056 
17.66 	 0.9395503629102253 
17.68 	 0.9394989623468262 
17.7 	 0.9401044454198673 
17.72 	 0.940299761232428 
17.74 	 0.9411073849934746 
17.76 	 0.9415275741652873 
17.78 	 0.9424877222453931 
17.8 	 0.9430975339304353 
17.82 	 0.9441564545035807 
17.84 	 0.9449119601008632 
17.86 	 0.9460166413463755 
17.88 	 0.9468702280129385 
17.9 	 0.9479736543096748 
17.92 	 0.948879848823393 
17.94 	 0.9499456268152995 
17.96 	 0.9508665869443879 
17.98 	 0.9518710854685838 
18.0 	 0.9527797741119932 
18.02 	 0.9537106104388033 
18.04 	 0.9545902860034313 
18.06 	 0.9554415690800737 
18.08 	 0.9562817301070394 
18.1 	 0.957047914613135 
18.12 	 0.9578383167443947 
18.14 	 0.9585091705354969 
18.16 	 0.9592343664259146 
18.18 	 0.959793285663462 
18.2 	 0.960430135542183 
18.22 	 0.9608570204689032 
18.24 	 0.9613768234525624 
18.26 	 0.9616551700424758 
18.28 	 0.962030571370052 
18.3 	 0.9621566489242287 
18.32 	 0.9623715336276908 
18.34 	 0.962362091028116 
18.36 	 0.9624208996725135 
18.38 	 0.9623155979306657 
18.4 	 0.962247857434026 
18.42 	 0.9621041622019356 
18.44 	 0.9619613074320255 
18.46 	 0.9618426232386389 
18.48 	 0.9616872636098998 
18.5 	 0.9616482877691748 
18.52 	 0.961539560697381 
18.54 	 0.961614344100506 
18.56 	 0.9615948872058593 
18.58 	 0.9617918517817705 
18.6 	 0.9618809842894229 
18.62 	 0.9621858075793372 
18.64 	 0.9623803219449496 
18.66 	 0.9627641810284522 
18.68 	 0.9630447434016088 
18.7 	 0.9634738364186844 
18.72 	 0.963813304712436 
18.74 	 0.9642563083817998 
18.76 	 0.9646267840494975 
18.78 	 0.965058919350773 
18.8 	 0.9654360997393842 
18.82 	 0.9658402909491536 
18.84 	 0.966205331950035 
18.86 	 0.966571724698449 
18.88 	 0.9669115869401289 
18.9 	 0.9672365170509922 
18.92 	 0.9675436909597889 
18.94 	 0.96782862623966 
18.96 	 0.9681006813469378 
18.98 	 0.9683511897905721 
19.0 	 0.9685902017220522 
19.02 	 0.9688148173001803 
19.04 	 0.9690265635948184 
19.06 	 0.9692354612995076 
19.08 	 0.9694283046775476 
19.1 	 0.9696318229063207 
19.12 	 0.9698153118208235 
19.14 	 0.970022478947648 
19.16 	 0.9702058145988401 
19.18 	 0.9704231111154756 
19.2 	 0.9706137220432164 
19.22 	 0.9708443229093537 
19.24 	 0.9710468260885191 
19.26 	 0.9712905007953572 
19.28 	 0.9715062807722107 
19.3 	 0.9717599772965613 
19.32 	 0.9719874703739629 
19.34 	 0.9722464140402303 
19.36 	 0.9724819811027526 
19.38 	 0.972740962917335 
19.4 	 0.9729800576603719 
19.42 	 0.9732345487209407 
19.44 	 0.973472823453165 
19.46 	 0.9737196543723627 
19.48 	 0.973953722148083 
19.5 	 0.9741912546617786 
19.52 	 0.9744189968892918 
19.54 	 0.9746468937619716 
19.56 	 0.9748673762707105 
19.58 	 0.9750861695953648 
19.6 	 0.9752993321206678 
19.62 	 0.9755099820430868 
19.64 	 0.9757162744610338 
19.66 	 0.9759198365933957 
19.68 	 0.9761199189584474 
19.7 	 0.9763173537449322 
19.72 	 0.9765119043467229 
19.74 	 0.9767040037534754 
19.76 	 0.9768936258293738 
19.78 	 0.9770810117116112 
19.8 	 0.977266206333713 
19.82 	 0.9774493599877832 
19.84 	 0.9776305327349168 
19.86 	 0.9778098303634705 
19.88 	 0.97798730969989 
19.9 	 0.9781630525055696 
19.92 	 0.9783371085873653 
19.94 	 0.9785095448054362 
19.96 	 0.9786804046662778 
19.98 	 0.9788497445791221 
20.0 	 0.9790176032109428 
20.02 	 0.9791840290961745 
20.04 	 0.9793490571920227 
20.06 	 0.9795127299311722 
20.08 	 0.9796750792528569 
20.1 	 0.9798361428490674 
20.12 	 0.9799959500270102 
20.14 	 0.9801545348489127 
20.16 	 0.9803119241938854 
20.18 	 0.9804681494316265 
20.2 	 0.980623235121416 
20.22 	 0.9807772107083813 
20.24 	 0.9809300985403783 
20.26 	 0.981081926660564 
20.28 	 0.9812327154587632 
20.3 	 0.9813824917154891 
20.32 	 0.9815312744529577 
20.34 	 0.9816790887834745 
20.36 	 0.981825953500612 
20.38 	 0.981971890926938 
20.4 	 0.9821169215380977 
20.42 	 0.9822610627988869 
20.44 	 0.9824043398348757 
20.46 	 0.9825467618326654 
20.48 	 0.9826883630445111 
20.5 	 0.9828291388965276 
20.52 	 0.9829691394684601 
20.54 	 0.9831083378377018 
20.56 	 0.9832468097957138 
20.58 	 0.9833844932176727 
20.6 	 0.9835215036117466 
20.62 	 0.9836577258648002 
20.64 	 0.9837933336383716 
20.66 	 0.9839281369028199 
20.68 	 0.9840623891600596 
20.7 	 0.9841958025700988 
20.72 	 0.984328732008508 
20.74 	 0.9844607736174733 
20.76 	 0.9845923995197593 
20.78 	 0.9847230828845721 
20.8 	 0.9848534173253745 
20.82 	 0.9849827615806431 
20.84 	 0.9851118199965829 
20.86 	 0.9852398593566837 
20.88 	 0.9853676713078923 
20.9 	 0.985494458486886 
20.92 	 0.9856210725831136 
20.94 	 0.9857466725840252 
20.96 	 0.9858721513377544 
20.98 	 0.9859966273234618 
21.0 	 0.986121033144774 
21.02 	 0.9862444317290983 
21.04 	 0.9863678113654629 
21.06 	 0.9864901564720987 
21.08 	 0.98661253348324 
21.1 	 0.9867338337159697 
21.12 	 0.9868552146198569 
21.14 	 0.986975480981075 
21.16 	 0.9870958725333036 
21.18 	 0.9872151367723212 
21.2 	 0.9873345649824117 
21.22 	 0.9874528886419733 
21.24 	 0.9875714095420611 
21.26 	 0.9876888801075839 
21.28 	 0.9878065783257117 
21.3 	 0.9879232970014982 
21.32 	 0.9880402761774661 
21.34 	 0.9881563457139362 
21.36 	 0.9882727187565057 
21.38 	 0.9883882369582152 
21.4 	 0.98850412155472 
21.42 	 0.9886191793613622 
21.44 	 0.9887346976016291 
21.46 	 0.9888493752301221 
21.48 	 0.9889646507306904 
21.5 	 0.9890790047332226 
21.52 	 0.9891941495357494 
21.54 	 0.9893081874134234 
21.56 	 0.989423274007076 
21.58 	 0.9895369188713562 
21.6 	 0.989651938164682 
21.62 	 0.9897649923484098 
21.64 	 0.9898798054487721 
21.66 	 0.9899919284786962 
21.68 	 0.9901062285186577 
21.7 	 0.9902169493828566 
21.72 	 0.9903302566999225 
21.74 	 0.9904390375183346 
21.76 	 0.990550750619652 
21.78 	 0.9906571034372699 
21.8 	 0.9907666128951085 
21.82 	 0.990870245362136 
21.84 	 0.9909770896899148 
21.86 	 0.9910780316029284 
21.88 	 0.9911820467273535 
21.9 	 0.9912807048923549 
21.92 	 0.9913821105421513 
21.94 	 0.9914792222039693 
21.96 	 0.9915786086120254 
21.98 	 0.9916751038716922 
22.0 	 0.9917733214577636 
22.02 	 0.9918701403801559 
22.04 	 0.9919681316031039 
22.06 	 0.9920660536599062 
22.08 	 0.9921646814560585 
22.1 	 0.9922642112695927 
22.12 	 0.9923641291772756 
22.14 	 0.9924654552692653 
22.16 	 0.9925670407402303 
22.18 	 0.9926700582059343 
22.2 	 0.9927734062611321 
22.22 	 0.9928777794621734 
22.24 	 0.9929827381935271 
22.26 	 0.9930879784827993 
22.28 	 0.9931942050556508 
22.3 	 0.993299748674814 
22.32 	 0.993406773222824 
22.34 	 0.9935120580913354 
22.36 	 0.9936193557073866 
22.38 	 0.993723902327565 
22.4 	 0.9938309792309223 
22.42 	 0.9939344743842907 
22.44 	 0.9940409669366808 
22.46 	 0.9941433337228539 
22.48 	 0.9942491026065919 
22.5 	 0.9943505283918128 
22.52 	 0.9944557163761621 
22.54 	 0.9945566106379652 
22.56 	 0.9946616300559745 
22.58 	 0.9947624981284597 
22.6 	 0.9948679254354017 
22.62 	 0.9949691676608315 
22.64 	 0.9950755448838928 
22.66 	 0.9951772188964693 
22.68 	 0.99528479233283 
22.7 	 0.9953864036356581 
22.72 	 0.9954948638341157 
22.74 	 0.9955952672297723 
22.76 	 0.9957035808209809 
22.78 	 0.9958010695424658 
22.8 	 0.995907497140286 
22.82 	 0.9960001160602279 
22.84 	 0.996102475566898 
22.86 	 0.9961885190261921 
22.88 	 0.9962846757156317 
22.9 	 0.9963632401753479 
22.92 	 0.9964517037733824 
22.94 	 0.9965231046044324 
22.96 	 0.9966035367930918 
22.98 	 0.9966694144820628 
23.0 	 0.9967428517091607 
23.02 	 0.9968058990588053 
23.04 	 0.9968745940196299 
23.06 	 0.9969379872773743 
23.08 	 0.9970049242826418 
23.1 	 0.9970716541783132 
23.12 	 0.9971399142518527 
23.14 	 0.9972122260386637 
23.16 	 0.9972844033091304 
23.18 	 0.997363475523303 
23.2 	 0.9974412820161738 
23.22 	 0.9975271666352914 
23.24 	 0.9976112684750129 
23.26 	 0.9977030436175214 
23.28 	 0.9977931061778856 
23.3 	 0.997889170928343 
23.32 	 0.9979840658880706 
23.34 	 0.9980825082221597 
23.36 	 0.9981806272884156 
23.38 	 0.9982795948276848 
23.4 	 0.9983792029337328 
23.42 	 0.9984772056924822 
23.44 	 0.9985767584072263 
23.46 	 0.9986728517615802 
23.48 	 0.9987712173518333 
23.5 	 0.9988650553302015 
23.52 	 0.9989616228344976 
23.54 	 0.9990534126884281 
23.56 	 0.9991481076235553 
23.58 	 0.999238507503145 
23.6 	 0.999331746901829 
23.62 	 0.999421726715914 
23.64 	 0.9995143237299509 
23.66 	 0.9996049851816703 
23.68 	 0.9996979922761254 
23.7 	 0.9997903511589075 
23.72 	 0.9998848431449632 
23.74 	 0.9999796142437267 
23.76 	 1.0000764544875307 
23.78 	 1.0001739078302525 
23.8 	 1.0002735717140592 
23.82 	 1.0003735117871875 
23.84 	 1.0004760249145679 
23.86 	 1.0005778895948076 
23.88 	 1.0006828845986395 
23.9 	 1.0007859140856477 
23.92 	 1.0008927657518236 
23.94 	 1.0009961877260443 
23.96 	 1.001104182512587 
23.98 	 1.0012073840355715 
24.0 	 1.0013159000057057 
24.02 	 1.001418568763642 
24.04 	 1.0015272461245377 
24.06 	 1.0016294481107995 
24.08 	 1.0017383080340871 
24.1 	 1.0018404535219072 
24.12 	 1.0019499046011133 
24.14 	 1.002052574804774 
24.16 	 1.0021632672242604 
24.18 	 1.0022669305663852 
24.2 	 1.0023794762639635 
24.22 	 1.0024841804897533 
24.24 	 1.0025988187360477 
24.26 	 1.002703969399128 
24.28 	 1.0028202895248406 
24.3 	 1.002924609881606 
24.32 	 1.0030414390253746 
24.34 	 1.0031431616884434 
24.36 	 1.0032586907644716 
24.38 	 1.0033559646149814 
24.4 	 1.0034681206243101 
24.42 	 1.0035595333917076 
24.44 	 1.0036665140680356 
24.46 	 1.0037515577324245 
24.48 	 1.0038523551737824 
24.5 	 1.0039316464830677 
24.52 	 1.004026355762835 
24.54 	 1.00410150270458 
24.56 	 1.0041912806513305 
24.58 	 1.0042644359264714 
24.6 	 1.0043511251777193 
24.62 	 1.004424410821167 
24.64 	 1.004509995775417 
24.66 	 1.0045850352619123 
24.68 	 1.0046711631057172 
24.7 	 1.0047488886167752 
24.72 	 1.004836634520941 
24.74 	 1.0049173884433407 
24.76 	 1.0050073031506257 
24.78 	 1.0050911079636176 
24.8 	 1.0051834387895715 
24.82 	 1.0052702496662904 
24.84 	 1.0053651581630263 
24.86 	 1.005454973687715 
24.88 	 1.0055526285054064 
24.9 	 1.0056454752645094 
24.92 	 1.005746038113185 
24.94 	 1.005841954514824 
24.96 	 1.0059455856710269 
24.98 	 1.0060447073694947 
25.0 	 1.006151688123894 
25.02 	 1.0062543900537642 
25.04 	 1.0063653035990328 
25.06 	 1.0064722196411975 
25.08 	 1.0065879945403717 
25.1 	 1.0066997662227475 
25.12 	 1.006821422202765 
25.14 	 1.0069382297554625 
25.16 	 1.0070663768215558 
25.18 	 1.007187512916659 
25.2 	 1.0073218688310248 
25.22 	 1.0074456363575122 
25.24 	 1.0075848524532074 
25.26 	 1.0077088735397957 
25.28 	 1.0078507695390266 
25.3 	 1.0079725476047097 
25.32 	 1.0081146176863556 
25.34 	 1.0082320944256742 
25.36 	 1.0083720500077067 
25.38 	 1.0084839884070782 
25.4 	 1.0086201834407755 
25.42 	 1.0087263547134857 
25.44 	 1.0088580653493044 
25.46 	 1.0089592723271512 
25.48 	 1.0090868362784995 
25.5 	 1.0091847593632184 
25.52 	 1.0093095263566654 
25.54 	 1.009406351573247 
25.56 	 1.0095303799200035 
25.58 	 1.0096282519944006 
25.6 	 1.009753787613274 
25.62 	 1.0098542625037126 
25.64 	 1.009983179658404 
25.66 	 1.0100868802927505 
25.68 	 1.0102202928717932 
25.7 	 1.0103268383866435 
25.72 	 1.0104649536692163 
25.74 	 1.0105730503069916 
25.76 	 1.0107151569419541 
25.78 	 1.0108226841984187 
25.8 	 1.0109671190170935 
25.82 	 1.0110711698742976 
25.84 	 1.0112152401208874 
25.86 	 1.0113122529633405 
25.88 	 1.0114522720580226 
25.9 	 1.0115384461020034 
25.92 	 1.0116700959424574 
25.94 	 1.011742145580775 
25.96 	 1.0118612404704956 
25.98 	 1.011917308822682 
26.0 	 1.0120207926797546 
26.02 	 1.0120611785988136 
26.04 	 1.0121480040831865 
26.06 	 1.012175384194787 
26.08 	 1.0122469314727338 
26.1 	 1.0122659792469528 
26.12 	 1.0123258832461297 
26.14 	 1.0123424635862361 
26.16 	 1.0123959957257713 
26.18 	 1.012416249582337 
26.2 	 1.0124695374375219 
26.22 	 1.0124990630055293 
26.24 	 1.0125583198411505 
26.26 	 1.0126014159180408 
26.28 	 1.0126721112920414 
26.3 	 1.0127309445248929 
26.32 	 1.0128167642284163 
26.34 	 1.0128905365512348 
26.36 	 1.0129922406322702 
26.38 	 1.0130768220127733 
26.4 	 1.013191548597383 
26.42 	 1.0132801811509728 
26.44 	 1.0134019054130388 
26.46 	 1.0134871540905575 
26.48 	 1.0136085538746409 
26.5 	 1.0136848413922348 
26.52 	 1.0137999222620524 
26.54 	 1.0138653765805792 
26.56 	 1.0139715372142015 
26.58 	 1.0140280911168487 
26.6 	 1.0141264841206892 
26.62 	 1.0141781757792714 
26.64 	 1.0142722242306905 
26.66 	 1.0143227537822546 
26.68 	 1.014415813121415 
26.7 	 1.014466794657988 
26.72 	 1.0145603766411937 
26.74 	 1.0146111430373097 
26.76 	 1.0147045909355688 
26.78 	 1.0147533697109894 
26.8 	 1.0148448843443623 
26.82 	 1.0148904449225677 
26.84 	 1.0149786602534097 
26.86 	 1.0150215220685879 
26.88 	 1.0151067821346114 
26.9 	 1.0151495416142324 
26.92 	 1.01523442227043 
26.94 	 1.0152812182631286 
26.96 	 1.0153702251566938 
26.98 	 1.0154255613839238 
27.0 	 1.0155241087163887 
27.02 	 1.0155912956242608 
27.04 	 1.0157041464268926 
27.06 	 1.0157837113229573 
27.08 	 1.0159132087775915 
27.1 	 1.0160017451064154 
27.12 	 1.0161463390289327 
27.14 	 1.0162362344261542 
27.16 	 1.0163898011630224 
27.18 	 1.0164700056757834 
27.2 	 1.01662219117084 
27.22 	 1.016679827242549 
27.24 	 1.0168172951500023 
27.26 	 1.0168397331898262 
27.28 	 1.0169480346575681 
27.3 	 1.0169251260889909 
27.32 	 1.0169909689582042 
27.34 	 1.0169172316558477 
27.36 	 1.0169309868379004 
27.38 	 1.016807437235725 
27.4 	 1.0167655442725774 
27.42 	 1.016600599757918 
27.44 	 1.016507179399017 
27.46 	 1.0163159454563484 
27.48 	 1.0161827601794802 
27.5 	 1.0159844050246514 
27.52 	 1.0158286972315929 
27.54 	 1.0156424840835176 
27.56 	 1.015483160163557 
27.58 	 1.0153245722769628 
27.6 	 1.0151781810458447 
27.62 	 1.0150567700296749 
27.64 	 1.0149350211050956 
27.66 	 1.0148547991552315 
27.68 	 1.0147645928884472 
27.7 	 1.0147263411629919 
27.72 	 1.0146717923414093 
27.74 	 1.0146754974954242 
27.76 	 1.0146601866073164 
27.78 	 1.0147057903039487 
27.8 	 1.0147333619725896 
27.82 	 1.014819220948737 
27.84 	 1.0148916239090215 
27.86 	 1.0150117754938093 
27.88 	 1.015126175831787 
27.9 	 1.0152685713146 
27.92 	 1.0154151442777368 
27.94 	 1.0155627092071493 
27.96 	 1.0157253245326199 
27.98 	 1.0158601269328889 
28.0 	 1.0160204064063751 
28.02 	 1.0161292455323367 
28.04 	 1.016272426199372 
28.06 	 1.0163509735668115 
28.08 	 1.0164706534113082 
28.1 	 1.016523682132673 
28.12 	 1.0166227433544834 
28.14 	 1.0166598927971673 
28.16 	 1.0167467250251623 
28.18 	 1.0167756884947174 
28.2 	 1.0168573586566603 
28.22 	 1.0168779882053518 
28.24 	 1.0169538327143937 
28.26 	 1.016956457150781 
28.28 	 1.01701562888629 
28.3 	 1.0169848848568943 
28.32 	 1.0170095529597205 
28.34 	 1.0169322327065964 
28.36 	 1.016905317106979 
28.38 	 1.016778581256684 
28.4 	 1.016692535497655 
28.42 	 1.0165284524891285 
28.44 	 1.0163909048794841 
28.46 	 1.016214915138939 
28.48 	 1.0160483588321452 
28.5 	 1.0158921512980057 
28.52 	 1.0157277073552988 
28.54 	 1.015619654953024 
28.56 	 1.0154877459115939 
28.58 	 1.0154450280843375 
28.6 	 1.0153670335237157 
28.62 	 1.0153923707894232 
28.64 	 1.015376357387154 
28.66 	 1.0154597481666285 
28.68 	 1.0155009688245717 
28.7 	 1.0156245983772052 
28.72 	 1.0157092732558013 
28.74 	 1.0158530761457243 
28.76 	 1.0159632184447673 
28.78 	 1.0161093856435712 
28.8 	 1.0162271035223578 
28.82 	 1.0163631147086138 
28.84 	 1.0164739497401543 
28.86 	 1.016594451384266 
28.88 	 1.0166899373129898 
28.9 	 1.016797686407471 
28.92 	 1.016877159034981 
28.94 	 1.0169827733443237 
28.96 	 1.0170539791594853 
28.98 	 1.017174065492356 
29.0 	 1.01725197388155 
29.02 	 1.017405673822556 
29.04 	 1.0175094180563626 
29.06 	 1.0177142346216965 
29.08 	 1.017863000616843 
29.1 	 1.0181312973960148 
29.12 	 1.0183405764562106 
29.14 	 1.0186779069006346 
29.16 	 1.0189573526911901 
29.18 	 1.0193629221606981 
29.2 	 1.0197162487607134 
29.22 	 1.0201849581640319 
29.24 	 1.0206115055650729 
29.26 	 1.021136686683138 
29.28 	 1.021633946674324 
29.3 	 1.022210011668849 
29.32 	 1.0227764471999958 
29.34 	 1.0234007519237769 
29.36 	 1.0240381621871408 
29.38 	 1.0247111459353033 
29.4 	 1.025425394330418 
29.42 	 1.026147875123166 
29.44 	 1.0269464628064282 
29.46 	 1.0277136017409534 
29.48 	 1.0285991975685609 
29.5 	 1.0293924785938025 
29.52 	 1.0303535509326869 
29.54 	 1.0311344837659977 
29.56 	 1.0321369287207969 
29.58 	 1.0328474211248453 
29.6 	 1.0338327603986321 
29.62 	 1.0344055656146784 
29.64 	 1.0353000366526395 
29.66 	 1.0356781092605032 
29.68 	 1.036412346359072 
29.7 	 1.036570279388709 
29.72 	 1.03710312521318 
29.74 	 1.0370604934942937 
29.76 	 1.037396264600666 
29.78 	 1.0372144331258772 
29.8 	 1.0374038324256236 
29.82 	 1.0371647011807097 
29.84 	 1.0372861777565023 
29.86 	 1.0370603080091383 
29.88 	 1.0371881820361013 
29.9 	 1.0370058753946931 
29.92 	 1.0371787494615559 
29.94 	 1.0370170640057945 
29.96 	 1.037220435630025 
29.98 	 1.0370117405506474 
30.0 	 1.0371818773853814 
30.02 	 1.0368395567970092 
30.04 	 1.036885792071342 
30.06 	 1.0363357815781264 
30.08 	 1.0361711154239737 
30.1 	 1.0353772678297744 
30.12 	 1.0349456684515823 
30.14 	 1.0339215225061584 
30.16 	 1.0332138731064056 
30.18 	 1.0320197501082333 
30.2 	 1.0310759882403258 
30.22 	 1.0298052049175233 
30.24 	 1.0287049378114632 
30.26 	 1.027464879407682 
30.28 	 1.0263111599324872 
30.3 	 1.0252044488866365 
30.32 	 1.0241055962190762 
30.34 	 1.023214966373607 
30.36 	 1.022268338404887 
30.38 	 1.0216471410406016 
30.4 	 1.0209274459854698 
30.42 	 1.0205961510315527 
30.44 	 1.0201493087863893 
30.46 	 1.0200967226474769 
30.48 	 1.019938344581992 
30.5 	 1.0201249590168568 
30.52 	 1.0202408842207396 
30.54 	 1.0206019448881396 
30.56 	 1.0209483595921371 
30.58 	 1.02139651828417 
30.6 	 1.0218996774145268 
30.62 	 1.0223302009615585 
30.64 	 1.0228892331561512 
30.66 	 1.0231918835816685 
30.68 	 1.023689541599338 
30.7 	 1.023768388491549 
30.72 	 1.0240916993340183 
30.74 	 1.0238883106659984 
30.76 	 1.0239548492586432 
30.78 	 1.0234654773285532 
30.8 	 1.0232454213998732 
30.82 	 1.0225229441002233 
30.84 	 1.0220464049317757 
30.86 	 1.0211837411464686 
30.88 	 1.0205284248731104 
30.9 	 1.0196287960267476 
30.92 	 1.0188920675410957 
30.94 	 1.0180377953471733 
30.96 	 1.0173044844892105 
30.98 	 1.0165363742423597 
31.0 	 1.0158549944035082 
31.02 	 1.015168885446687 
31.04 	 1.0145440625269309 
31.06 	 1.013903417303846 
31.08 	 1.013304794972946 
31.1 	 1.0126624393433166 
31.12 	 1.0120443541098123 
31.14 	 1.0113645851009798 
31.16 	 1.010688274819572 
31.18 	 1.0099618395029792 
31.2 	 1.0092123395922865 
31.22 	 1.008459896675268 
31.24 	 1.0076521624978463 
31.26 	 1.0069160562142716 
31.28 	 1.0060889417400722 
31.3 	 1.0054177446289598 
31.32 	 1.0046196072241385 
31.34 	 1.0040531230993481 
31.36 	 1.0033268105436037 
31.38 	 1.0028887632867884 
31.4 	 1.0022637581780136 
31.42 	 1.0019646594289822 
31.44 	 1.0014594477871417 
31.46 	 1.0013057424202478 
31.48 	 1.000936811172515 
31.5 	 1.0009385936655946 
31.52 	 1.0007283195267929 
31.54 	 1.0008991670896554 
31.56 	 1.0008757993122595 
31.58 	 1.0012233692482895 
31.6 	 1.0014111926314846 
31.62 	 1.0019227035345923 
31.64 	 1.0023259659460273 
31.66 	 1.0029556978526608 
31.68 	 1.0035432888259923 
31.7 	 1.0042090866905597 
31.72 	 1.0049074711573454 
31.74 	 1.0055005286879506 
31.76 	 1.0062003696805335 
31.78 	 1.0066079551604445 
31.8 	 1.0071854613302291 
31.82 	 1.0073205462033918 
31.84 	 1.0076684510645122 
31.86 	 1.007495487831475 
31.88 	 1.0075528578593544 
31.9 	 1.0070983411698022 
31.92 	 1.006866636226361 
31.94 	 1.0062084368035782 
31.96 	 1.0057459020256854 
31.98 	 1.004984939222509 
32.0 	 1.0043812192329178 
32.02 	 1.0036076398567024 
32.04 	 1.0029501180521994 
32.06 	 1.002218362733901 
32.08 	 1.0015650140242547 
32.1 	 1.0008865076490112 
32.12 	 1.000255014034885 
32.14 	 0.9996077356676963 
32.16 	 0.9989813220877255 
32.18 	 0.9983285756203141 
32.2 	 0.9976720535859491 
32.22 	 0.9969817929628887 
32.24 	 0.9962600170354272 
32.26 	 0.9955193449041667 
32.28 	 0.9947129076149209 
32.3 	 0.9939358216841554 
32.32 	 0.9930515317249389 
32.34 	 0.992279449251106 
32.36 	 0.9913541142174812 
32.38 	 0.9906489776630827 
32.4 	 0.9897452208135319 
32.42 	 0.9891758704062367 
32.44 	 0.9883698624517934 
32.46 	 0.9879943410177084 
32.48 	 0.9873577240588423 
32.5 	 0.9872061284096293 
32.52 	 0.9867867735676316 
32.54 	 0.9868498188882994 
32.56 	 0.9866569834992528 
32.58 	 0.9868842592902911 
32.6 	 0.9868828726553852 
32.62 	 0.9871924262266334 
32.64 	 0.9873091758770371 
32.66 	 0.9876071245548125 
32.68 	 0.9877481291588099 
32.7 	 0.9879536980045973 
32.72 	 0.9880298923387112 
32.74 	 0.9880982920119262 
32.76 	 0.9880509289750122 
32.78 	 0.9879855903424807 
32.8 	 0.9878025237163841 
32.82 	 0.9876511959215265 
32.84 	 0.9873670734562333 
32.86 	 0.9872029425516365 
32.88 	 0.9868832003465856 
32.9 	 0.986779298490303 
32.92 	 0.9864956249657943 
32.94 	 0.9865038764229938 
32.96 	 0.9863126437169761 
32.98 	 0.986455560770348 
33.0 	 0.9863878244349588 
33.02 	 0.9866632121409846 
33.04 	 0.9867273272883894 
33.06 	 0.9871196144338622 
33.08 	 0.9873106989616918 
33.1 	 0.9878008512119123 
33.12 	 0.9881094424787439 
33.14 	 0.9886788246710715 
33.16 	 0.9890941274869526 
33.18 	 0.9897227987575854 
33.2 	 0.9902307240243956 
33.22 	 0.9908939985417939 
33.24 	 0.9914734895961547 
33.26 	 0.992140880008184 
33.28 	 0.9927625416130043 
33.3 	 0.9934012249950591 
33.32 	 0.9940306197466067 
33.34 	 0.9946128805676165 
33.36 	 0.9952183552340653 
33.38 	 0.9957302627025262 
33.4 	 0.9962928665572748 
33.42 	 0.9967402822885275 
33.44 	 0.997261789186924 
33.46 	 0.9976698585848122 
33.48 	 0.9981744333730349 
33.5 	 0.9985781822993458 
33.52 	 0.9991043052061789 
33.54 	 0.9995310632528328 
33.56 	 1.0001134712409747 
33.58 	 1.0005622478401996 
33.6 	 1.0012086748950848 
33.62 	 1.00163560841172 
33.64 	 1.0023080580561032 
33.66 	 1.0026275766005164 
33.68 	 1.003239173404534 
33.7 	 1.0033451419624861 
33.72 	 1.0037784833824814 
33.74 	 1.0035796267546775 
33.76 	 1.0037221828799117 
33.78 	 1.0031771364153088 
33.8 	 1.0029593995991108 
33.82 	 1.0020953201730423 
33.84 	 1.0015148097715032 
33.86 	 1.0004214955853703 
33.88 	 0.9995428551868811 
33.9 	 0.9983469964707113 
33.92 	 0.9972810668893475 
33.94 	 0.9961142357351829 
33.96 	 0.9949886748194436 
33.98 	 0.9939622030582633 
34.0 	 0.992896493612545 
34.02 	 0.9920880194131693 
34.04 	 0.9911777590370281 
34.06 	 0.990625782067696 
34.08 	 0.9899331058196963 
34.1 	 0.9896345036914808 
34.12 	 0.9891806264564517 
34.14 	 0.9890913305471534 
34.16 	 0.988852713409309 
34.18 	 0.9888963979022801 
34.2 	 0.9888104034714701 
34.22 	 0.9888979558893523 
34.24 	 0.9888811709294364 
34.26 	 0.9889362236511705 
34.28 	 0.9889106913045201 
34.3 	 0.9888906253216307 
34.32 	 0.9888070964266352 
34.34 	 0.9887100716928361 
34.36 	 0.988558195441881 
34.38 	 0.9884140401935757 
34.4 	 0.9882163553568524 
34.42 	 0.9880672234900311 
34.44 	 0.9878618948055263 
34.46 	 0.987742500306825 
34.48 	 0.987564095384428 
34.5 	 0.9874895724830373 
34.52 	 0.9873560219937079 
34.54 	 0.9873201112873026 
34.56 	 0.9872290869768823 
34.58 	 0.9872101075038435 
34.6 	 0.9871429802359744 
34.62 	 0.9871127838876149 
34.64 	 0.9870420118719597 
34.66 	 0.9869742291553425 
34.68 	 0.986870948016549 
34.7 	 0.9867473612286918 
34.72 	 0.9865881816785196 
34.74 	 0.9864034594772815 
34.76 	 0.9861765201747843 
34.78 	 0.9859408602170061 
34.8 	 0.9856501708927394 
34.82 	 0.9853880590425198 
34.84 	 0.985053692704385 
34.86 	 0.984797389959866 
34.88 	 0.9844496504698824 
34.9 	 0.984228929780598 
34.92 	 0.9838979339106639 
34.94 	 0.9837309050132087 
34.96 	 0.9834367177793203 
34.98 	 0.9833269846837674 
35.0 	 0.9830759805660868 
35.02 	 0.9830176541935798 
35.04 	 0.9828069250312295 
35.06 	 0.9827936905141149 
35.08 	 0.9826197959798092 
35.1 	 0.9826515836049124 
35.12 	 0.9825171460293903 
35.14 	 0.9826001404188011 
35.16 	 0.9825138934116344 
35.18 	 0.9826548158406678 
35.2 	 0.9826259033759538 
35.22 	 0.9828256415264868 
35.24 	 0.9828571761574456 
35.26 	 0.9831089668983534 
35.28 	 0.9831961180277612 
35.3 	 0.9834898473861295 
35.32 	 0.9836241902621922 
35.34 	 0.9839538072748658 
35.36 	 0.9841310713465664 
35.38 	 0.9844997696402926 
35.4 	 0.9847255996368758 
35.42 	 0.9851446527066368 
35.44 	 0.9854339823424046 
35.46 	 0.9859149395447833 
35.48 	 0.9862842769548695 
35.5 	 0.986828267193967 
35.52 	 0.9872843566665482 
35.54 	 0.9878742253005856 
35.56 	 0.9884048497921561 
35.58 	 0.9890047478537876 
35.6 	 0.9895766815799284 
35.62 	 0.9901402093614382 
35.64 	 0.9907060385744784 
35.66 	 0.9911900188881096 
35.68 	 0.9917015185255272 
35.7 	 0.992079911976935 
35.72 	 0.9925028169897214 
35.74 	 0.9927751895364468 
35.76 	 0.993099590458419 
35.78 	 0.9932906925388093 
35.8 	 0.9935329311590614 
35.82 	 0.9936834014560368 
35.84 	 0.993878589015906 
35.86 	 0.9940303532363302 
35.88 	 0.9942184236681004 
35.9 	 0.9944007329046421 
35.92 	 0.9946118648997022 
35.94 	 0.9948339498236445 
35.96 	 0.9950797833931642 
35.98 	 0.9953333678543579 
36.0 	 0.9956080246702126 
36.02 	 0.9958783995697723 
36.04 	 0.996168758741735 
36.06 	 0.9964489276796787 
36.08 	 0.9967491090996999 
36.1 	 0.9970498500002285 
36.12 	 0.9973726745817229 
36.14 	 0.997723033954605 
36.16 	 0.9981023462461824 
36.18 	 0.9985391778790315 
36.2 	 0.9990206578229668 
36.22 	 0.9995704464865448 
36.24 	 1.0001932161158786 
36.26 	 1.0008528337082911 
36.28 	 1.0016280454192679 
36.3 	 1.002352265720475 
36.32 	 1.0032467679296833 
36.34 	 1.003949025336698 
36.36 	 1.004881605024865 
36.38 	 1.0054507932359382 
36.4 	 1.0063053377962858 
36.42 	 1.006636049463524 
36.44 	 1.0072906847792151 
36.46 	 1.0073185742057946 
36.48 	 1.0076835950505916 
36.5 	 1.0074136370792575 
36.52 	 1.0074659095304768 
36.54 	 1.0069814600640452 
36.56 	 1.0067815207627862 
36.58 	 1.0062274369317261 
36.6 	 1.005909778569792 
36.62 	 1.0054524517976555 
36.64 	 1.0051893346718783 
36.66 	 1.0049666692034094 
36.68 	 1.0049175074233323 
36.7 	 1.0049971556440729 
36.72 	 1.0052624537141526 
36.74 	 1.005622810873153 
36.76 	 1.0062184897859985 
36.78 	 1.0067553901869435 
36.8 	 1.00761161496868 
36.82 	 1.0081620148498716 
36.84 	 1.0091388623279043 
36.86 	 1.0095092601487035 
36.88 	 1.0104182599728204 
36.9 	 1.0104113201501845 
36.92 	 1.0110377535936401 
36.94 	 1.0104785741578648 
36.96 	 1.0106071494378734 
36.98 	 1.009372736109928 
37.0 	 1.0088208895550628 
37.02 	 1.0068709740313824 
37.04 	 1.005527920936105 
37.06 	 1.0029278544124691 
37.08 	 1.0007890207930905 
37.1 	 0.9977132306719911 
37.12 	 0.9948961327716072 
37.14 	 0.9916061222820829 
37.16 	 0.9883385000299442 
37.18 	 0.985139176567104 
37.2 	 0.9817205870610685 
37.22 	 0.9789067441316027 
37.24 	 0.9756545652009811 
37.26 	 0.9734614392078254 
37.28 	 0.9706560437503642 
37.3 	 0.969224311643493 
37.32 	 0.9670655475185632 
37.34 	 0.9664257147920903 
37.36 	 0.9650076290275316 
37.38 	 0.965084933275759 
37.4 	 0.9643916979555726 
37.42 	 0.9650303405112146 
37.44 	 0.9649535691342571 
37.46 	 0.9659558394141651 
37.48 	 0.9663296054367014 
37.5 	 0.9675007336735265 
37.52 	 0.968145377119172 
37.54 	 0.9693317892713926 
37.56 	 0.970094104180981 
37.58 	 0.9712045718866341 
37.6 	 0.9719833265979115 
37.62 	 0.9729891772781664 
37.64 	 0.9737409590270794 
37.66 	 0.9746593229128693 
37.68 	 0.9753871004102451 
37.7 	 0.976256019955738 
37.72 	 0.9769878322266524 
37.74 	 0.977842370618376 
37.76 	 0.9786085528659867 
37.78 	 0.9794642186069156 
37.8 	 0.9802796571135467 
37.82 	 0.981126068300916 
37.84 	 0.9819813502212302 
37.86 	 0.9827864643047727 
37.88 	 0.983649546970981 
37.9 	 0.9843724847457422 
37.92 	 0.9852000350370557 
37.94 	 0.9858077693382101 
37.96 	 0.986561968934249 
37.98 	 0.9870427882208582 
38.0 	 0.9877062999503738 
38.02 	 0.9880731785692201 
38.04 	 0.988654577113456 
38.06 	 0.9889355763942265 
38.08 	 0.989461252732588 
38.1 	 0.9896803520522931 
38.12 	 0.9901753407009606 
38.14 	 0.9903322974278189 
38.16 	 0.9907982710203355 
38.18 	 0.9908573700218967 
38.2 	 0.9912581283738707 
38.22 	 0.9911523345379036 
38.24 	 0.9914144922744383 
38.26 	 0.9910650722556377 
38.28 	 0.9910955044016645 
38.3 	 0.9904403252519282 
38.32 	 0.9901547348762479 
38.34 	 0.9891740873567674 
38.36 	 0.988525756402074 
38.38 	 0.9872549467982208 
38.4 	 0.9862519762370956 
38.42 	 0.9847755266369261 
38.44 	 0.9834797604775242 
38.46 	 0.9819105607394165 
38.48 	 0.9804200849147041 
38.5 	 0.9788737592814764 
38.52 	 0.9772986886983428 
38.54 	 0.9758745538866076 
38.56 	 0.9743178277935811 
38.58 	 0.9730922819673434 
38.6 	 0.9716419810409705 
38.62 	 0.9706716949677151 
38.64 	 0.9694027458122975 
38.66 	 0.9687294980791833 
38.68 	 0.9677067900440937 
38.7 	 0.9673567553595712 
38.72 	 0.9666324769748371 
38.74 	 0.966608894990441 
38.76 	 0.9662130066011674 
38.78 	 0.9664875814281909 
38.8 	 0.9664168657505289 
38.82 	 0.9669273874299098 
38.84 	 0.9671407724051005 
38.86 	 0.9677990680215136 
38.88 	 0.9682235994287304 
38.9 	 0.9689316725029513 
38.92 	 0.9694772954772691 
38.94 	 0.970144873574967 
38.96 	 0.9707215144676907 
38.98 	 0.9712782203232134 
39.0 	 0.9718085089901919 
39.02 	 0.972208008610227 
39.04 	 0.9726328887049877 
39.06 	 0.9728512913455165 
39.08 	 0.9731305021312102 
39.1 	 0.9731634481572852 
39.12 	 0.9732749567893484 
39.14 	 0.9731361138205433 
39.16 	 0.9730768728319071 
39.18 	 0.9727969363969116 
39.2 	 0.9725837378698009 
39.22 	 0.9722068301329541 
39.24 	 0.9718738563651728 
39.26 	 0.9714494004501404 
39.28 	 0.9710403580747236 
39.3 	 0.9706121485798541 
39.32 	 0.9701687310954559 
39.34 	 0.9697660439670174 
39.36 	 0.9693178579520783 
39.38 	 0.9689534141507143 
39.4 	 0.9685146693050934 
39.42 	 0.9681908229920546 
39.44 	 0.9677656707157527 
39.46 	 0.9674855659527816 
39.48 	 0.9670791897894794 
39.5 	 0.9668567999143626 
39.52 	 0.9664862196418523 
39.54 	 0.9663497520772827 
39.56 	 0.9660484868059404 
39.58 	 0.9660349911208982 
39.6 	 0.9658487915290827 
39.62 	 0.9659919398600847 
39.64 	 0.9659669083734468 
39.66 	 0.9662828643848566 
39.68 	 0.9664505167230636 
39.7 	 0.9669275716987716 
39.72 	 0.9672926248288424 
39.74 	 0.9678888429297156 
39.76 	 0.9684245094232726 
39.78 	 0.9690745513687086 
39.8 	 0.9697272398585648 
39.82 	 0.9703557303042696 
39.84 	 0.9710570930243506 
39.86 	 0.971592693800702 
39.88 	 0.9722732907798775 
39.9 	 0.9726567485804078 
39.92 	 0.9732541342754576 
39.94 	 0.9734363463685093 
39.96 	 0.9738928493151642 
39.98 	 0.973825126469585 
40.0 	 0.974076997034017 
40.02 	 0.9737022846055435 
40.04 	 0.9736692884967111 
40.06 	 0.9729254456708548 
40.08 	 0.9725132284637262 
40.1 	 0.9713542244041998 
40.12 	 0.9704769240824322 
40.14 	 0.9689065180410771 
40.16 	 0.9675252938184787 
40.18 	 0.965627069281848 
40.2 	 0.9637880464161847 
40.22 	 0.9617329800787593 
40.24 	 0.9595835247341064 
40.26 	 0.9576044053619229 
40.28 	 0.9553737003616671 
40.3 	 0.953711078366927 
40.32 	 0.9516572043639023 
40.34 	 0.9504963236588249 
40.36 	 0.9488392105952941 
40.38 	 0.9482633154380821 
40.4 	 0.9471308624010574 
40.42 	 0.94710914532702 
40.44 	 0.9465169850789922 
40.46 	 0.9469287556168597 
40.48 	 0.9467968069491774 
40.5 	 0.9474774167477303 
40.52 	 0.9476700023459771 
40.54 	 0.948458000529936 
40.56 	 0.9488281663021906 
40.58 	 0.9495983122706296 
40.6 	 0.9500214941395851 
40.62 	 0.9506985058868651 
40.64 	 0.9510897867361369 
40.66 	 0.9516461273556006 
40.68 	 0.9519628966106164 
40.7 	 0.9524074265851296 
40.72 	 0.9526427063292973 
40.74 	 0.9530064033413037 
40.76 	 0.9531779937746149 
40.78 	 0.9535005188971525 
40.8 	 0.9536393555731584 
40.82 	 0.9539580960484426 
40.84 	 0.9540975787584681 
40.86 	 0.9544398088254615 
40.88 	 0.9546071563962246 
40.9 	 0.9549858138735274 
40.92 	 0.9551964364153162 
40.94 	 0.9556098701165548 
40.96 	 0.9558655624097118 
40.98 	 0.9563009488064197 
41.0 	 0.9565919567409139 
41.02 	 0.9570311100078928 
41.04 	 0.9573410404382364 
41.06 	 0.9577666462518352 
41.08 	 0.9580783703743765 
41.1 	 0.9584786913600004 
41.12 	 0.9587792554233273 
41.14 	 0.9591500752347494 
41.16 	 0.9594332046702224 
41.18 	 0.959776870113917 
41.2 	 0.960042668633424 
41.22 	 0.9603651362298181 
41.24 	 0.9606176565032869 
41.26 	 0.9609250692102206 
41.28 	 0.9611691582275538 
41.3 	 0.961465414384565 
41.32 	 0.9617042936085999 
41.34 	 0.96199034080048 
41.36 	 0.9622247302305936 
41.38 	 0.9624993055533665 
41.4 	 0.9627279099936852 
41.42 	 0.9629887535325903 
41.44 	 0.963209215666228 
41.46 	 0.9634538294269844 
41.48 	 0.9636632701302238 
41.5 	 0.9638889914778176 
41.52 	 0.9640839346456843 
41.54 	 0.9642878714257597 
41.56 	 0.9644641233010627 
41.58 	 0.9646437280374555 
41.6 	 0.9647970122448986 
41.62 	 0.9649515569532264 
41.64 	 0.9650791834547218 
41.66 	 0.9652115264372979 
41.68 	 0.9653144752708315 
41.7 	 0.965431966120316 
41.72 	 0.9655161749895553 
41.74 	 0.9656297760681907 
41.76 	 0.9657056062781431 
41.78 	 0.9658272186120802 
41.8 	 0.965906968177541 
41.82 	 0.9660459714718608 
41.84 	 0.9661403624704709 
41.86 	 0.9663008760283206 
41.88 	 0.9664160199027534 
41.9 	 0.9665960673942084 
41.92 	 0.9667321764604196 
41.94 	 0.9669250023242765 
41.96 	 0.9670772384530796 
41.98 	 0.9672740268769436 
42.0 	 0.9674348827796887 
42.02 	 0.9676275981372203 
42.04 	 0.9677896164957828 
42.06 	 0.967972818395011 
42.08 	 0.9681304947413338 
42.1 	 0.9683016080921425 
42.12 	 0.968451865329175 
42.14 	 0.9686101379221207 
42.16 	 0.9687514779987362 
42.18 	 0.9688964020371005 
42.2 	 0.9690274169432702 
42.22 	 0.9691575523506494 
42.24 	 0.9692757181947679 
42.26 	 0.9693886180516499 
42.28 	 0.9694901420839717 
42.3 	 0.9695835420719168 
42.32 	 0.9696645360220405 
42.34 	 0.969738318463547 
42.36 	 0.9697968971589045 
42.38 	 0.9698548388137773 
42.4 	 0.9698931632676249 
42.42 	 0.9699433960241006 
42.44 	 0.969968506756762 
42.46 	 0.9700221017740379 
42.48 	 0.9700448121323249 
42.5 	 0.9701127998248437 
42.52 	 0.9701448319177556 
42.54 	 0.9702348494479575 
42.56 	 0.9702853471651567 
42.58 	 0.97039942480215 
42.6 	 0.9704723924281701 
42.62 	 0.9706068821403064 
42.64 	 0.9707006619151679 
42.66 	 0.9708482295161983 
42.68 	 0.9709570780415491 
42.7 	 0.9711096819187054 
42.72 	 0.9712264894337325 
42.74 	 0.97137795522377 
42.76 	 0.9714967822748308 
42.78 	 0.9716440566818927 
42.8 	 0.9717615584649149 
42.82 	 0.9719045549482077 
42.84 	 0.9720201203447151 
42.86 	 0.9721606781379192 
42.88 	 0.9722756831186377 
42.9 	 0.9724162781496837 
42.92 	 0.9725329875988028 
42.94 	 0.9726756144777854 
42.96 	 0.9727961062368425 
42.98 	 0.9729415180191301 
43.0 	 0.9730668377668753 
43.02 	 0.9732142438915576 
43.04 	 0.9733439550087868 
43.06 	 0.9734912474854124 
43.08 	 0.9736235138706674 
43.1 	 0.9737679675566598 
43.12 	 0.9739001610649217 
43.14 	 0.9740393404847757 
43.16 	 0.9741689225756915 
43.18 	 0.9743013914457388 
43.2 	 0.9744266586389327 
43.22 	 0.9745521764003149 
43.24 	 0.9746725304766907 
43.26 	 0.9747917037913227 
43.28 	 0.9749073822669554 
43.3 	 0.9750210339088787 
43.32 	 0.9751325334736257 
43.34 	 0.9752411700999318 
43.36 	 0.9753487305544187 
43.38 	 0.9754523788175441 
43.4 	 0.9755558040744449 
43.42 	 0.9756542319168131 
43.44 	 0.9757530851520503 
43.46 	 0.9758461934269304 
43.48 	 0.9759401701978667 
43.5 	 0.9760282664901905 
43.52 	 0.9761174657086995 
43.54 	 0.9762012559080662 
43.56 	 0.9762861832694808 
43.58 	 0.9763665443810314 
43.6 	 0.9764479076139965 
43.62 	 0.9765256606612759 
43.64 	 0.9766041695668738 
43.66 	 0.9766800256646556 
43.68 	 0.9767563604057239 
43.7 	 0.9768310113853416 
43.72 	 0.9769059194770939 
43.74 	 0.9769800855562222 
43.76 	 0.9770544161382116 
43.78 	 0.9771287128718188 
43.8 	 0.9772032588246832 
43.82 	 0.9772779578682277 
43.84 	 0.9773531948442592 
43.86 	 0.9774281021666733 
43.88 	 0.9775040563438312 
43.9 	 0.9775786454531088 
43.92 	 0.9776550232971382 
43.94 	 0.9777287122567629 
43.96 	 0.9778051704199103 
43.98 	 0.9778774710261073 
44.0 	 0.977953747873802 
44.02 	 0.9780241146315849 
44.04 	 0.9780998511721 
44.06 	 0.9781673320668319 
44.08 	 0.9782416869608486 
44.1 	 0.9783046734068995 
44.12 	 0.9783760304699413 
44.14 	 0.9784323451853482 
44.16 	 0.9784983530703587 
44.18 	 0.9785456641225044 
44.2 	 0.9786036021245951 
44.22 	 0.9786399374091147 
44.24 	 0.9786871950721598 
44.26 	 0.9787113346274884 
44.28 	 0.9787458026334322 
44.3 	 0.9787575197130404 
44.32 	 0.9787778845343819 
44.34 	 0.9787781820176628 
44.36 	 0.9787842841438688 
44.38 	 0.9787757289423659 
44.4 	 0.9787690799199777 
44.42 	 0.9787560780808088 
44.44 	 0.9787403442383312 
44.46 	 0.9787289644390086 
44.48 	 0.9787099700000886 
44.5 	 0.978706995960148 
44.52 	 0.9786918708760953 
44.54 	 0.9787031912960195 
44.56 	 0.978698737659717 
44.58 	 0.9787276813586189 
44.6 	 0.9787385620351774 
44.62 	 0.9787849547756686 
44.64 	 0.9788125073729178 
44.66 	 0.978872900773486 
44.68 	 0.978915080912168 
44.7 	 0.9789840095372176 
44.72 	 0.9790363926579199 
44.74 	 0.979108068186345 
44.76 	 0.9791653929577863 
44.78 	 0.9792351892865802 
44.8 	 0.9792928415007653 
44.82 	 0.979358174146292 
44.84 	 0.9794132054193665 
44.86 	 0.9794737040574463 
44.88 	 0.9795252224579815 
44.9 	 0.979582278432093 
44.92 	 0.9796312092444855 
44.94 	 0.9796870812134839 
44.96 	 0.9797354150157673 
44.98 	 0.9797921755010625 
45.0 	 0.9798419599696526 
45.02 	 0.9799006358589176 
45.04 	 0.9799530730626016 
45.06 	 0.9800132664502939 
45.08 	 0.9800682278106209 
45.1 	 0.9801282773301997 
45.12 	 0.9801843272224361 
45.14 	 0.9802418275382251 
45.16 	 0.9802966083756283 
45.18 	 0.9803490301378464 
45.2 	 0.9803997908731203 
45.22 	 0.9804450600133141 
45.24 	 0.9804892210708025 
45.26 	 0.9805262560240198 
45.28 	 0.9805620214176938 
45.3 	 0.9805912120398135 
45.32 	 0.9806181937737465 
45.34 	 0.9806416535332991 
45.36 	 0.9806612975400192 
45.38 	 0.9806826335085634 
45.4 	 0.9806981428937478 
45.42 	 0.9807216349980834 
45.44 	 0.9807372417026109 
45.46 	 0.9807666470681691 
45.48 	 0.980786423031074 
45.5 	 0.9808238807131315 
45.52 	 0.9808505585938995 
45.54 	 0.9808960599085442 
45.56 	 0.9809303474908815 
45.58 	 0.9809819658687031 
45.6 	 0.9810225921444897 
45.62 	 0.981077323457861 
45.64 	 0.9811217257411012 
45.66 	 0.9811765709317861 
45.68 	 0.9812219046670907 
45.7 	 0.9812747994400504 
45.72 	 0.9813188940224449 
45.74 	 0.9813692046750804 
45.76 	 0.9814111640638093 
45.78 	 0.9814596439049145 
45.8 	 0.9814999395536333 
45.82 	 0.9815482229179773 
45.84 	 0.9815883053856362 
45.86 	 0.9816381664230626 
45.88 	 0.9816797882581229 
45.9 	 0.9817324604440977 
45.92 	 0.9817769960236066 
45.94 	 0.9818327962759336 
45.96 	 0.9818808138774486 
45.98 	 0.9819391582685475 
46.0 	 0.9819903561241039 
46.02 	 0.9820500751915461 
46.04 	 0.9821035181431235 
46.06 	 0.9821632770137247 
46.08 	 0.9822177625896513 
46.1 	 0.98227640659185 
46.12 	 0.9823307929418975 
46.14 	 0.9823875339856989 
46.16 	 0.982440942495127 
46.18 	 0.9824953974266414 
46.2 	 0.982547288169789 
46.22 	 0.9825994254526351 
46.24 	 0.9826495859294674 
46.26 	 0.9826996324591909 
46.28 	 0.9827481196637811 
46.3 	 0.9827964570275615 
46.32 	 0.9828435170751817 
46.34 	 0.9828905812804404 
46.36 	 0.9829365604294821 
46.38 	 0.9829827547246704 
46.4 	 0.983028013187146 
46.42 	 0.983073642647623 
46.44 	 0.9831184820725681 
46.46 	 0.9831637163742487 
46.48 	 0.9832083300915145 
46.5 	 0.9832531975822651 
46.52 	 0.983297650019325 
46.54 	 0.9833420622076436 
46.56 	 0.9833863000545277 
46.58 	 0.9834300998567205 
46.6 	 0.9834739910533772 
46.62 	 0.9835170109897999 
46.64 	 0.9835603990741434 
46.66 	 0.9836025107753413 
46.68 	 0.9836452656832334 
46.7 	 0.9836864038714669 
46.72 	 0.9837284506114201 
46.74 	 0.9837686041292192 
46.76 	 0.9838099192161103 
46.78 	 0.9838490951065083 
46.8 	 0.9838896740314574 
46.82 	 0.9839278520417891 
46.84 	 0.9839676633758823 
46.86 	 0.9840047621727442 
46.88 	 0.9840437093889144 
46.9 	 0.9840795803691004 
46.92 	 0.9841174886449788 
46.94 	 0.9841519414944416 
46.96 	 0.9841885761745904 
46.98 	 0.9842214286234005 
47.0 	 0.9842565408396101 
47.02 	 0.9842876786847643 
47.04 	 0.984321066969847 
47.06 	 0.9843504994729978 
47.08 	 0.9843820738430826 
47.1 	 0.9844099697263538 
47.12 	 0.9844398022827847 
47.14 	 0.9844664902874707 
47.16 	 0.9844948322215237 
47.18 	 0.9845207523861329 
47.2 	 0.9845479977588842 
47.22 	 0.9845736039823966 
47.24 	 0.9846001960119144 
47.26 	 0.9846258380497086 
47.28 	 0.9846521448660466 
47.3 	 0.984677983160586 
47.32 	 0.9847041997943935 
47.34 	 0.9847302048262595 
47.36 	 0.9847563393536141 
47.38 	 0.9847823867847385 
47.4 	 0.9848083477600558 
47.42 	 0.9848343604301913 
47.44 	 0.9848600993309892 
47.46 	 0.9848861491658326 
47.48 	 0.9849117693750167 
47.5 	 0.9849380693811352 
47.52 	 0.9849638269754715 
47.54 	 0.9849906094835015 
47.56 	 0.9850167956157192 
47.58 	 0.985044143868924 
47.6 	 0.985070910507412 
47.62 	 0.9850986393765678 
47.64 	 0.9851258627005275 
47.66 	 0.9851535167118525 
47.68 	 0.9851807708104249 
47.7 	 0.9852077485964773 
47.72 	 0.9852344085714029 
47.74 	 0.9852601692490447 
47.76 	 0.9852856107834213 
47.78 	 0.9853098895166982 
47.8 	 0.9853337192284295 
47.82 	 0.9853566749107113 
47.84 	 0.9853789123643786 
47.86 	 0.9854011444777185 
47.88 	 0.9854222816867085 
47.9 	 0.9854446887609842 
47.92 	 0.9854655840375602 
47.94 	 0.9854890945563654 
47.96 	 0.985510718641456 
47.98 	 0.9855359893344893 
48.0 	 0.9855591139239094 
48.02 	 0.9855863226448686 
48.04 	 0.9856112832540977 
48.06 	 0.985640112007008 
48.08 	 0.9856667523934315 
48.1 	 0.9856965655262004 
48.12 	 0.9857243821036907 
48.14 	 0.9857545039061606 
48.16 	 0.9857829042347349 
48.18 	 0.9858128519611267 
48.2 	 0.9858413861973995 
48.22 	 0.9858709509088294 
48.24 	 0.9858994043000632 
48.26 	 0.9859285694611926 
48.28 	 0.9859568973390674 
48.3 	 0.985985680357795 
48.32 	 0.9860138628782604 
48.34 	 0.9860421980720765 
48.36 	 0.9860701296181384 
48.38 	 0.9860978661013927 
48.4 	 0.9861253544713748 
48.42 	 0.9861523544532038 
48.44 	 0.9861792196697522 
48.46 	 0.9862054723621932 
48.48 	 0.9862316635314118 
48.5 	 0.9862573227804833 
48.52 	 0.9862829608523312 
48.54 	 0.9863082724054671 
48.56 	 0.9863335816504151 
48.58 	 0.9863587469729375 
48.6 	 0.98638391901963 
48.62 	 0.9864089899224997 
48.64 	 0.9864340742334302 
48.66 	 0.9864589525777518 
48.68 	 0.9864838503321997 
48.7 	 0.9865083929774695 
48.72 	 0.9865329583474537 
48.74 	 0.9865571116697879 
48.76 	 0.9865812870244903 
48.78 	 0.9866051529218637 
48.8 	 0.9866290389889515 
48.82 	 0.9866528228897266 
48.84 	 0.9866766310734842 
48.86 	 0.9867005076376065 
48.88 	 0.9867244266718247 
48.9 	 0.9867484184859717 
48.92 	 0.9867724892961007 
48.94 	 0.9867964442824156 
48.96 	 0.9868205303611757 
48.98 	 0.9868442126247405 
49.0 	 0.9868680843078715 
49.02 	 0.9868913136688527 
49.04 	 0.9869147850793273 
49.06 	 0.9869375300908453 
49.08 	 0.9869605547663188 
49.1 	 0.9869829218973352 
49.12 	 0.9870055879225554 
49.14 	 0.9870277246917886 
49.16 	 0.9870501633894675 
49.18 	 0.9870721501052246 
49.2 	 0.98709442977143 
49.22 	 0.9871162352256111 
49.24 	 0.9871383147400403 
49.26 	 0.987159840725705 
49.28 	 0.9871816103913807 
49.3 	 0.9872027881663455 
49.32 	 0.9872241647804121 
49.34 	 0.9872450362642532 
49.36 	 0.9872660479173638 
49.38 	 0.987286780694631 
49.4 	 0.9873075899112251 
49.42 	 0.9873284193192159 
49.44 	 0.9873492739096058 
49.46 	 0.9873704043360206 
49.48 	 0.9873915424645787 
49.5 	 0.9874130525048511 
49.52 	 0.9874346022788636 
49.54 	 0.98745638783301 
49.56 	 0.9874782951150488 
49.58 	 0.9875000676787665 
49.6 	 0.9875220737887781 
49.62 	 0.9875434190312916 
49.64 	 0.9875651010098397 
49.66 	 0.9875855919673295 
49.68 	 0.9876064672830375 
49.7 	 0.9876258092165981 
49.72 	 0.9876454863847106 
49.74 	 0.9876636487242496 
49.76 	 0.9876819788039247 
49.78 	 0.9876992587519785 
49.8 	 0.9877164270008321 
49.82 	 0.987733404843801 
49.84 	 0.9877499140224644 
49.86 	 0.9877673023114709 
49.88 	 0.9877838407318286 
49.9 	 0.9878022793121408 
49.92 	 0.9878195193027255 
49.94 	 0.9878393984462108 
49.96 	 0.9878578066295377 
49.98 	 0.9878791927923274 
50.0 	 0.987898932032685 
50.02 	 0.987921626649408 
50.04 	 0.9879425897482252 
50.06 	 0.9879662920129068 
50.08 	 0.9879882482520624 
50.1 	 0.9880127471050909 
50.12 	 0.9880355333817603 
50.14 	 0.9880608435262959 
50.16 	 0.9880845151984334 
50.18 	 0.9881108996495866 
50.2 	 0.9881357774673468 
50.22 	 0.9881636482406371 
50.24 	 0.9881902424588105 
50.26 	 0.9882199766954243 
50.28 	 0.9882488142600258 
50.3 	 0.9882805480657095 
50.32 	 0.9883119568784368 
50.34 	 0.9883454222182626 
50.36 	 0.988379336252316 
50.38 	 0.9884137968624869 
50.4 	 0.9884496451337352 
50.42 	 0.9884839716932495 
50.44 	 0.9885207059921942 
50.46 	 0.9885536034522407 
50.48 	 0.9885898956933338 
50.5 	 0.9886202482609422 
50.52 	 0.9886548377171752 
50.54 	 0.9886820761887113 
50.56 	 0.9887141768093475 
50.58 	 0.9887385286043806 
50.6 	 0.988768149825859 
50.62 	 0.9887906409333365 
50.64 	 0.9888186725331585 
50.66 	 0.9888408254772411 
50.68 	 0.9888688042667492 
50.7 	 0.9888920896070207 
50.72 	 0.9889216781304808 
50.74 	 0.9889468777482053 
50.76 	 0.9889791935280837 
50.78 	 0.989005882380968 
50.8 	 0.9890408816206016 
50.82 	 0.9890672216532451 
50.84 	 0.9891033513793979 
50.86 	 0.9891263255824505 
50.88 	 0.9891606135764137 
50.9 	 0.989176715454429 
50.92 	 0.9892053634183653 
50.94 	 0.9892116044249626 
50.96 	 0.989230987318361 
50.98 	 0.9892259290000532 
51.0 	 0.9892337211259974 
51.02 	 0.9892181572878797 
51.04 	 0.9892141908112664 
51.06 	 0.9891911758735611 
51.08 	 0.9891776806663055 
51.1 	 0.9891518315424793 
51.12 	 0.9891329243658371 
51.14 	 0.9891092177879884 
51.16 	 0.989089810110481 
51.18 	 0.989072300367744 
51.2 	 0.9890568191613727 
51.22 	 0.9890477036593283 
51.24 	 0.9890390519858212 
51.26 	 0.9890383293545929 
51.28 	 0.9890373605828268 
51.3 	 0.9890430823441029 
51.32 	 0.9890486395185534 
51.34 	 0.9890575855570295 
51.36 	 0.9890669933228408 
51.38 	 0.9890755524536538 
51.4 	 0.9890853895576233 
51.42 	 0.9890904522833369 
51.44 	 0.98909743485666 
51.46 	 0.9890971340523036 
51.48 	 0.9890989404374078 
51.5 	 0.9890930856161346 
51.52 	 0.9890889396905213 
51.54 	 0.989079019538588 
51.56 	 0.9890698644051753 
51.58 	 0.9890585838927701 
51.6 	 0.98904676656899 
51.62 	 0.9890372321934859 
51.64 	 0.989025775492092 
51.66 	 0.989020580900964 
51.68 	 0.9890122752919822 
51.7 	 0.9890127909682728 
51.72 	 0.9890094139082438 
51.74 	 0.9890155103157705 
51.76 	 0.9890174280062269 
51.78 	 0.98902769096272 
51.8 	 0.9890339400975393 
51.82 	 0.9890462514411917 
51.84 	 0.9890550133170984 
51.86 	 0.9890672545807441 
51.88 	 0.9890765067319881 
51.9 	 0.9890871403919159 
51.92 	 0.9890952482129629 
51.94 	 0.9891036216122063 
51.96 	 0.9891097031258447 
51.98 	 0.9891160465685597 
52.0 	 0.9891200568796835 
52.02 	 0.9891252506668688 
52.04 	 0.9891278332723775 
52.06 	 0.9891330659729938 
52.08 	 0.9891352719023738 
52.1 	 0.9891417033980133 
52.12 	 0.9891446808729802 
52.14 	 0.9891531810178722 
52.16 	 0.989157905691667 
52.18 	 0.9891688936370797 
52.2 	 0.989175971197962 
52.22 	 0.9891893554293254 
52.24 	 0.9891989083356391 
52.26 	 0.9892141272405357 
52.28 	 0.9892257800223008 
52.3 	 0.9892419491561508 
52.32 	 0.9892549335008014 
52.34 	 0.989271092490438 
52.36 	 0.9892844769945462 
52.38 	 0.9892998858561319 
52.4 	 0.9893128848806358 
52.42 	 0.9893272671819601 
52.44 	 0.9893395206399375 
52.46 	 0.9893531330710043 
52.48 	 0.989364821450398 
52.5 	 0.989378281769137 
52.52 	 0.9893899888334399 
52.54 	 0.9894039105457458 
52.56 	 0.9894162668694426 
52.58 	 0.989430870535112 
52.6 	 0.9894441444349744 
52.62 	 0.9894590600889004 
52.64 	 0.9894729211773757 
52.66 	 0.9894873156174535 
52.68 	 0.9895009248224184 
52.7 	 0.989513911264917 
52.72 	 0.9895263147438366 
52.74 	 0.9895374312010498 
52.76 	 0.9895480543184528 
52.78 	 0.9895575401116743 
52.8 	 0.9895665048748334 
52.82 	 0.9895752051630513 
52.84 	 0.9895832808871466 
52.86 	 0.989592213232303 
52.88 	 0.9896004096669105 
52.9 	 0.9896102177790724 
52.92 	 0.9896192295465476 
52.94 	 0.9896298196227332 
52.96 	 0.9896396195518373 
52.98 	 0.9896501855426026 
53.0 	 0.9896599943524416 
53.02 	 0.9896694373361715 
53.04 	 0.9896781046923478 
53.06 	 0.9896856428342053 
53.08 	 0.9896922590579259 
53.1 	 0.989697916614634 
53.12 	 0.9897023466705904 
53.14 	 0.9897070614520375 
53.16 	 0.9897101216333549 
53.18 	 0.9897153977129264 
53.2 	 0.9897185694958702 
53.22 	 0.9897258310486384 
53.24 	 0.9897306378834532 
53.26 	 0.9897405922031415 
53.28 	 0.989747933929402 
53.3 	 0.9897602485307397 
53.32 	 0.9897700083761558 
53.34 	 0.989783452850187 
53.36 	 0.9897945568331139 
53.38 	 0.9898075368121491 
53.4 	 0.9898184278572622 
53.42 	 0.9898296589309664 
53.44 	 0.989838958338881 
53.46 	 0.989847976509585 
53.48 	 0.9898550331711264 
53.5 	 0.9898623320810874 
53.52 	 0.9898674318869034 
53.54 	 0.9898742012343077 
53.56 	 0.9898783810822277 
53.58 	 0.9898860007163635 
53.6 	 0.989890593281178 
53.62 	 0.989900127076016 
53.64 	 0.9899062652429785 
53.66 	 0.9899181631142081 
53.68 	 0.9899264545128585 
53.7 	 0.9899405419887757 
53.72 	 0.9899510086410198 
53.74 	 0.9899666988385101 
53.76 	 0.9899789373524751 
53.78 	 0.9899955165152843 
53.8 	 0.990008946695477 
53.82 	 0.9900257936292275 
53.84 	 0.9900398632593777 
53.86 	 0.9900565396223685 
53.88 	 0.990070820009381 
53.9 	 0.9900870536382106 
53.92 	 0.9901012395074313 
53.94 	 0.9901168665793675 
53.96 	 0.9901307365829579 
53.98 	 0.9901456585958862 
54.0 	 0.9901590462000646 
54.02 	 0.9901732193184951 
54.04 	 0.9901860102266264 
54.06 	 0.990199452502892 
54.08 	 0.9902115961770422 
54.1 	 0.9902243908074285 
54.12 	 0.9902359070137394 
54.14 	 0.9902481916316166 
54.16 	 0.9902591634326601 
54.18 	 0.9902711097489412 
54.2 	 0.9902816670190862 
54.22 	 0.9902934603219518 
54.24 	 0.9903037623701987 
54.26 	 0.9903155863302392 
54.28 	 0.9903258084425762 
54.3 	 0.9903378338763419 
54.32 	 0.99034815629793 
54.34 	 0.9903605288147784 
54.36 	 0.9903711230354346 
54.38 	 0.9903839455241729 
54.4 	 0.9903949534361948 
54.42 	 0.9904082639135253 
54.44 	 0.9904197698209422 
54.46 	 0.990433521291659 
54.48 	 0.9904455234613255 
54.5 	 0.9904595777579874 
54.52 	 0.9904719728478995 
54.54 	 0.9904861212396917 
54.56 	 0.9904987170831825 
54.58 	 0.9905127327443394 
54.6 	 0.9905252975490166 
54.62 	 0.9905390087273251 
54.64 	 0.9905513472635277 
54.66 	 0.9905647030209584 
54.68 	 0.9905767311782009 
54.7 	 0.9905898266869366 
54.72 	 0.9906016087441968 
54.74 	 0.9906146519699701 
54.76 	 0.9906263785727816 
54.78 	 0.9906396086974619 
54.8 	 0.9906515221222453 
54.82 	 0.990665115034458 
54.84 	 0.9906774146245355 
54.86 	 0.9906914166995745 
54.88 	 0.9907041855865834 
54.9 	 0.9907185014077505 
54.92 	 0.99073168270187 
54.94 	 0.990746116285927 
54.96 	 0.9907595426082687 
54.98 	 0.9907738697769253 
55.0 	 0.9907873280221787 
55.02 	 0.9908013687522962 
55.04 	 0.9908146712325122 
55.06 	 0.9908283357374135 
55.08 	 0.9908413710377161 
55.1 	 0.99085466723546 
55.12 	 0.9908674158521283 
55.14 	 0.9908804222204136 
55.16 	 0.9908929376488791 
55.18 	 0.9909057579317411 
55.2 	 0.9909181269863955 
55.22 	 0.9909308473129635 
55.24 	 0.9909431490097723 
55.26 	 0.9909558128997028 
55.28 	 0.9909680917018066 
55.3 	 0.9909806977058245 
55.32 	 0.9909929573173819 
55.34 	 0.9910054736419702 
55.36 	 0.9910176875138582 
55.38 	 0.9910300727386109 
55.4 	 0.991042201853993 
55.42 	 0.9910544219067776 
55.44 	 0.9910664306590776 
55.46 	 0.9910784671836196 
55.48 	 0.9910903322826635 
55.5 	 0.9911021827850887 
55.52 	 0.9911138948554686 
55.54 	 0.9911255680364411 
55.56 	 0.9911371285171563 
55.58 	 0.9911486385207514 
55.6 	 0.9911600550585985 
55.62 	 0.9911714170214838 
55.64 	 0.9911826995672256 
55.66 	 0.9911939271933616 
55.68 	 0.9912050856286061 
55.7 	 0.9912161904126977 
55.72 	 0.9912272335479473 
55.74 	 0.991238224908056 
55.76 	 0.9912491603099274 
55.78 	 0.9912600460185647 
55.8 	 0.99127088017272 
55.82 	 0.9912816667626422 
55.84 	 0.9912924052878673 
55.86 	 0.9913030983393641 
55.88 	 0.9913137461522503 
55.9 	 0.9913243504812304 
55.92 	 0.991334911908167 
55.94 	 0.9913454316983301 
55.96 	 0.9913559105582402 
55.98 	 0.9913663494666578 
56.0 	 0.9913767491418953 
56.02 	 0.9913871103894756 
56.04 	 0.9913974338907918 
56.06 	 0.9914077203394767 
56.08 	 0.9914179703645029 
56.1 	 0.9914281845808339 
56.12 	 0.99143836356433 
56.14 	 0.9914485078700224 
56.16 	 0.9914586180253003 
56.18 	 0.9914686945367086 
56.2 	 0.9914787378889534 
56.22 	 0.9914887485478034 
56.24 	 0.9914987269606862 
56.26 	 0.9915086735582612 
56.28 	 0.9915185887553122 
56.3 	 0.9915284729518198 
56.32 	 0.9915383265338077 
56.34 	 0.9915481498741774 
56.36 	 0.9915579433334446 
56.38 	 0.9915677072604282 
56.4 	 0.99157744199288 
56.42 	 0.9915871478580678 
56.44 	 0.9915968251733158 
56.46 	 0.9916064742465052 
56.48 	 0.9916160953765393 
56.5 	 0.9916256888537771 
56.52 	 0.9916352549604383 
56.54 	 0.9916447939709802 
56.56 	 0.9916543061524516 
56.58 	 0.991663791764824 
56.6 	 0.9916732510613022 
56.62 	 0.9916826842886162 
56.64 	 0.9916920916872958 
56.66 	 0.9917014734919294 
56.68 	 0.9917108299314069 
56.7 	 0.9917201612291506 
56.72 	 0.9917294676033322 
56.74 	 0.9917387492670776 
56.76 	 0.9917480064286619 
56.78 	 0.9917572392916933 
56.8 	 0.9917664480552879 
56.82 	 0.9917756329142351 
56.84 	 0.9917847940591544 
56.86 	 0.9917939316766462 
56.88 	 0.9918030459494326 
56.9 	 0.9918121370564933 
56.92 	 0.9918212051731944 
56.94 	 0.9918302504714112 
56.96 	 0.9918392731196449 
56.98 	 0.9918482732831351 
57.0 	 0.9918572511239657 
57.02 	 0.9918662068011671 
57.04 	 0.991875140470814 
57.06 	 0.991884052286118 
57.08 	 0.9918929423975169 
57.1 	 0.9919018109527605 
57.12 	 0.9919106580969921 
57.14 	 0.9919194839728267 
57.16 	 0.9919282887204267 
57.18 	 0.9919370724775736 
57.2 	 0.9919458353797374 
57.22 	 0.9919545775601428 
57.24 	 0.9919632991498342 
57.26 	 0.9919720002777352 
57.28 	 0.9919806810707094 
57.3 	 0.991989341653616 
57.32 	 0.9919979821493654 
57.34 	 0.9920066026789708 
57.36 	 0.9920152033615997 
57.38 	 0.9920237843146221 
57.4 	 0.9920323456536583 
57.42 	 0.9920408874926232 
57.44 	 0.992049409943771 
57.46 	 0.9920579131177371 
57.48 	 0.9920663971235782 
57.5 	 0.992074862068813 
57.52 	 0.9920833080594585 
57.54 	 0.9920917352000684 
57.56 	 0.9921001435937671 
57.58 	 0.9921085333422848 
57.6 	 0.9921169045459904 
57.62 	 0.9921252573039238 
57.64 	 0.9921335917138263 
57.66 	 0.9921419078721715 
57.68 	 0.9921502058741936 
57.7 	 0.9921584858139157 
57.72 	 0.9921667477841778 
57.74 	 0.9921749918766621 
57.76 	 0.9921832181819191 
57.78 	 0.9921914267893928 
57.8 	 0.9921996177874437 
57.82 	 0.9922077912633737 
57.84 	 0.9922159473034471 
57.86 	 0.9922240859929137 
57.88 	 0.9922322074160296 
57.9 	 0.992240311656078 
57.92 	 0.9922483987953894 
57.94 	 0.9922564689153609 
57.96 	 0.9922645220964754 
57.98 	 0.99227255841832 
58.0 	 0.9922805779596034 
58.02 	 0.9922885807981744 
58.04 	 0.9922965670110374 
58.06 	 0.9923045366743701 
58.08 	 0.9923124898635389 
58.1 	 0.9923204266531145 
58.12 	 0.992328347116887 
58.14 	 0.9923362513278811 
58.16 	 0.99234413935837 
58.18 	 0.9923520112798891 
58.2 	 0.9923598671632508 
58.22 	 0.9923677070785563 
58.24 	 0.9923755310952095 
58.26 	 0.9923833392819292 
58.28 	 0.9923911317067616 
58.3 	 0.9923989084370918 
58.32 	 0.9924066695396558 
58.34 	 0.9924144150805521 
58.36 	 0.992422145125252 
58.38 	 0.9924298597386113 
58.4 	 0.9924375589848803 
58.42 	 0.9924452429277141 
58.44 	 0.9924529116301828 
58.46 	 0.9924605651547813 
58.48 	 0.9924682035634389 
58.5 	 0.9924758269175283 
58.52 	 0.9924834352778751 
58.54 	 0.9924910287047666 
58.56 	 0.9924986072579602 
58.58 	 0.9925061709966927 
58.6 	 0.9925137199796873 
58.62 	 0.9925212542651629 
58.64 	 0.9925287739108417 
58.66 	 0.9925362789739564 
58.68 	 0.9925437695112586 
58.7 	 0.9925512455790254 
58.72 	 0.9925587072330675 
58.74 	 0.9925661545287355 
58.76 	 0.9925735875209272 
58.78 	 0.9925810062640943 
58.8 	 0.9925884108122492 
58.82 	 0.9925958012189712 
58.84 	 0.9926031775374129 
58.86 	 0.9926105398203068 
58.88 	 0.9926178881199706 
58.9 	 0.9926252224883141 
58.92 	 0.9926325429768442 
58.94 	 0.9926398496366713 
58.96 	 0.9926471425185143 
58.98 	 0.9926544216727062 
59.0 	 0.9926616871492001 
59.02 	 0.9926689389975734 
59.04 	 0.9926761772670338 
59.06 	 0.9926834020064241 
59.08 	 0.9926906132642268 
59.1 	 0.9926978110885695 
59.12 	 0.992704995527229 
59.14 	 0.992712166627637 
59.16 	 0.9927193244368835 
59.18 	 0.9927264690017218 
59.2 	 0.9927336003685729 
59.22 	 0.9927407185835302 
59.24 	 0.9927478236923628 
59.26 	 0.9927549157405203 
59.28 	 0.9927619947731368 
59.3 	 0.9927690608350349 
59.32 	 0.9927761139707292 
59.34 	 0.9927831542244308 
59.36 	 0.9927901816400506 
59.38 	 0.9927971962612032 
59.4 	 0.9928041981312106 
59.42 	 0.9928111872931052 
59.44 	 0.9928181637896344 
59.46 	 0.9928251276632627 
59.48 	 0.9928320789561764 
59.5 	 0.992839017710286 
59.52 	 0.9928459439672298 
59.54 	 0.992852857768377 
59.56 	 0.9928597591548308 
59.58 	 0.9928666481674321 
59.6 	 0.9928735248467616 
59.62 	 0.9928803892331431 
59.64 	 0.9928872413666471 
59.66 	 0.9928940812870927 
59.68 	 0.9929009090340508 
59.7 	 0.9929077246468475 
59.72 	 0.9929145281645657 
59.74 	 0.9929213196260489 
59.76 	 0.992928099069903 
59.78 	 0.9929348665344994 
59.8 	 0.9929416220579774 
59.82 	 0.9929483656782467 
59.84 	 0.9929550974329902 
59.86 	 0.9929618173596656 
59.88 	 0.992968525495509 
59.9 	 0.992975221877536 
59.92 	 0.992981906542545 
59.94 	 0.9929885795271193 
59.96 	 0.9929952408676287 
59.98 	 0.9930018906002327 
