0.0 	 0.0 
0.02 	 0.19739146766634702 
0.04 	 0.42399095626371064 
0.06 	 0.6759112487517265 
0.08 	 0.9490592846437244 
0.1 	 1.2397565000325763 
0.12 	 1.545209351633814 
0.14 	 1.8639447979633161 
0.16 	 2.195937145710397 
0.18 	 2.542642259877815 
0.2 	 2.9066818776321184 
0.22 	 3.291504160683832 
0.24 	 3.700770879675481 
0.26 	 4.13789622634375 
0.28 	 4.605441220081933 
0.3 	 5.104869345770879 
0.32 	 5.636249078799308 
0.34 	 6.198477404879761 
0.36 	 6.789433151750527 
0.38 	 7.406702740361057 
0.4 	 8.048086064422154 
0.42 	 8.71260657444933 
0.44 	 9.40104931550505 
0.46 	 10.1168617014491 
0.48 	 10.866298165293774 
0.5 	 11.658811210303147 
0.52 	 12.506452066047066 
0.54 	 13.423547343917173 
0.56 	 14.425257041297861 
0.58 	 15.52668156055206 
0.6 	 16.74082361863445 
0.62 	 18.077645224628625 
0.64 	 19.541978146478936 
0.66 	 21.133282199388173 
0.68 	 22.844157898172085 
0.7 	 24.66152138409096 
0.72 	 26.566239622124456 
0.74 	 28.5361458397038 
0.76 	 30.54705247004255 
0.78 	 32.57768805785498 
0.8 	 34.61219297826201 
0.82 	 36.646981446566436 
0.84 	 38.695003418110176 
0.86 	 40.794915670200076 
0.88 	 43.01780742952668 
0.9 	 45.479695346270255 
0.92 	 48.35145581352174 
0.94 	 51.87586541997806 
0.96 	 56.38011639966216 
0.98 	 62.2976839937387 
1.0 	 70.17897784872143 
1.02 	 80.71652724008585 
1.04 	 94.7425396913991 
1.06 	 113.25612264425936 
1.08 	 137.38670313395312 
1.1 	 168.43096563254704 
1.12 	 207.74682645163472 
1.14 	 256.8355646288972 
1.16 	 317.10643467598476 
1.18 	 390.09583884180586 
1.2 	 476.99577034749313 
1.22 	 579.1892815898361 
1.24 	 697.3538526693505 
1.26 	 832.5997759171453 
1.28 	 984.8410393527612 
1.3 	 1154.9268917037098 
1.32 	 1341.840901839999 
1.34 	 1546.2902630919828 
1.36 	 1766.1956062361887 
1.38 	 2002.2307985293053 
1.4 	 2251.0589011877228 
1.42 	 2513.282718282063 
1.44 	 2784.0162746521673 
1.46 	 3063.5735641850993 
1.48 	 3345.2757482686197 
1.5 	 3628.893210421778 
1.52 	 3906.087191664505 
1.54 	 4176.057876673857 
1.56 	 4429.65437725809 
1.58 	 4665.924129383606 
1.6 	 4876.527039577722 
1.62 	 5061.2053186251205 
1.64 	 5214.4135728634055 
1.66 	 5337.564526467675 
1.68 	 5429.457466415858 
1.7 	 5493.815727899987 
1.72 	 5534.128563168417 
1.74 	 5556.369448573559 
1.76 	 5567.590294860252 
1.78 	 5575.234963067507 
1.8 	 5587.749705005011 
1.82 	 5612.931438416575 
1.84 	 5658.282242088276 
1.86 	 5731.068001027866 
1.88 	 5836.120768985 
1.9 	 5979.943492276253 
1.92 	 6163.878548081644 
1.94 	 6394.133669561216 
1.96 	 6668.417449143484 
1.98 	 6993.5238064995765 
2.0 	 7363.560998487906 
2.02 	 7786.797873719924 
2.04 	 8253.501809544014 
2.06 	 8773.995280913072 
2.08 	 9333.996576980111 
2.1 	 9946.027014789312 
2.12 	 10590.238583907838 
2.14 	 11281.145769866162 
2.16 	 11992.52287135516 
2.18 	 12740.562908673757 
2.2 	 13492.799788984406 
2.22 	 14266.973497107445 
2.24 	 15026.100916161842 
2.26 	 15789.692038023226 
2.28 	 16519.604798876066 
2.3 	 17237.583725471777 
2.32 	 17908.4311193654 
2.34 	 18556.38530682973 
2.36 	 19152.37022327451 
2.38 	 19722.52775965998 
2.4 	 20244.496453766256 
2.42 	 20744.351380603894 
2.44 	 21203.906927057153 
2.46 	 21645.79671751852 
2.48 	 22051.638627750635 
2.5 	 22436.632015051942 
2.52 	 22778.95542237003 
2.54 	 23083.39754396746 
2.56 	 23326.025545270073 
2.58 	 23501.445855832695 
2.6 	 23591.568557157698 
2.62 	 23586.328334761994 
2.64 	 23486.768435028163 
2.66 	 23289.65603273466 
2.68 	 23028.041757609648 
2.7 	 22720.512541853488 
2.72 	 22435.47302097827 
2.74 	 22225.16772437427 
2.76 	 22178.856774830645 
2.78 	 22383.63290844817 
2.8 	 22915.152240298867 
2.82 	 23885.078667088543 
2.84 	 25307.22897813341 
2.86 	 27306.00951760774 
2.88 	 29782.848013671835 
2.9 	 32874.5250231235 
2.92 	 36331.09532164551 
2.94 	 40314.67281889472 
2.96 	 44414.02513910587 
2.98 	 48827.860130503344 
3.0 	 53022.55599493937 
3.02 	 57221.82042871819 
3.04 	 60867.654756501615 
3.06 	 64167.39700965901 
3.08 	 66679.81101779408 
3.1 	 68545.17932711831 
3.12 	 69574.24560191859 
3.14 	 69817.88415730634 
3.16 	 69401.16319990244 
3.18 	 68312.40483574044 
3.2 	 66931.85655237387 
3.22 	 65237.71312203206 
3.24 	 63695.619084167505 
3.26 	 62305.66629701243 
3.28 	 61419.28759225435 
3.3 	 61057.876059276976 
3.32 	 61326.88103611337 
3.34 	 62263.372931607584 
3.36 	 63704.57161871524 
3.38 	 65710.24839212133 
3.4 	 67917.11033970247 
3.42 	 70413.88475598843 
3.44 	 72757.12514965939 
3.46 	 75051.06091379284 
3.48 	 76909.20009554224 
3.5 	 78419.77612330181 
3.52 	 79367.69770087273 
3.54 	 79797.76071778357 
3.56 	 79719.83627990678 
3.58 	 79134.15337697824 
3.6 	 78249.38305470311 
3.62 	 77050.10186318381 
3.64 	 75851.22253977673 
3.66 	 74666.03249632606 
3.68 	 73794.81115548458 
3.7 	 73322.6538699538 
3.72 	 73424.25781366306 
3.74 	 74293.2187918531 
3.76 	 75893.9875798989 
3.78 	 78565.16553281032 
3.8 	 81996.15303068119 
3.82 	 86715.30387223187 
3.84 	 92080.12345029281 
3.86 	 98862.69038268279 
3.88 	 106039.16018882341 
3.9 	 114676.05803359073 
3.92 	 123341.46128129422 
3.94 	 133418.32426954224 
3.96 	 143088.18347376058 
3.98 	 154013.06917125883 
4.0 	 164083.93140521718 
4.02 	 175121.85587283695 
4.04 	 184914.1315132755 
4.06 	 195234.1979134454 
4.08 	 204039.70187373587 
4.1 	 212786.69247731834 
4.12 	 219929.90512535264 
4.14 	 226328.65245504433 
4.16 	 231246.45022810495 
4.18 	 234732.52683947442 
4.2 	 237067.3804162689 
4.22 	 237419.96835203964 
4.24 	 237112.7716012184 
4.26 	 234555.27598357352 
4.28 	 231917.6609051387 
4.3 	 227150.59635112752 
4.32 	 222887.84391387843 
4.34 	 217021.61223257656 
4.36 	 212166.54033368063 
4.38 	 206534.6422394498 
4.4 	 202264.1971876192 
4.42 	 198142.79016185677 
4.44 	 195510.8669048503 
4.46 	 193838.1304972096 
4.48 	 193530.61104190035 
4.5 	 194732.39691450723 
4.52 	 196942.29661541578 
4.54 	 200898.44907560205 
4.56 	 205337.5316548549 
4.58 	 211454.01968700835 
4.6 	 217460.23265500445 
4.62 	 224807.2455710334 
4.64 	 231504.5738144757 
4.66 	 239000.0531990923 
4.68 	 245478.23654044338 
4.7 	 252095.4481534337 
4.72 	 257578.80829850622 
4.74 	 262539.029092577 
4.76 	 266512.82623194717 
4.78 	 269413.0656279052 
4.8 	 271680.70659279445 
4.82 	 272516.1558093243 
4.84 	 273173.41398424667 
4.86 	 272245.893265228 
4.88 	 271579.55876954476 
4.9 	 269326.3603967775 
4.92 	 267671.5478005778 
4.94 	 264483.2640642777 
4.96 	 262092.55810378518 
4.98 	 258190.00476954543 
5.0 	 255160.70989735698 
5.02 	 250565.02813622318 
5.04 	 246839.06752886524 
5.06 	 241423.7092273772 
5.08 	 236845.46032996985 
5.1 	 230439.96185166898 
5.12 	 224853.8799554822 
5.14 	 217381.08407268106 
5.16 	 210764.59484891413 
5.18 	 202403.73317807078 
5.2 	 195028.16577655077 
5.22 	 186369.48532814736 
5.24 	 178934.65223322803 
5.26 	 171028.07352471768 
5.28 	 164649.7281953004 
5.3 	 158833.452693215 
5.32 	 154791.6860101197 
5.34 	 152321.6583885158 
5.36 	 151663.45789535108 
5.38 	 153344.9162200423 
5.4 	 156569.19614390164 
5.42 	 162563.79913655366 
5.44 	 169513.48467684252 
5.46 	 179317.6401279654 
5.48 	 189238.2130731716 
5.5 	 201754.62730573828 
5.52 	 213440.2988039603 
5.54 	 227110.70090132745 
5.56 	 239094.85245949798 
5.58 	 252103.59678898493 
5.6 	 262872.2926928569 
5.62 	 273422.1165927954 
5.64 	 281630.4192551933 
5.66 	 288257.8403018092 
5.68 	 292929.2177233162 
5.7 	 294801.7234094299 
5.72 	 295498.4963508255 
5.74 	 292632.59552048886 
5.76 	 289588.57010789734 
5.78 	 282933.1699408823 
5.8 	 277114.65727177716 
5.82 	 268432.0600836037 
5.84 	 261432.69367571492 
5.86 	 252902.4185304871 
5.88 	 246564.31750359698 
5.9 	 240154.764088216 
5.92 	 235997.128754531 
5.94 	 232902.906342692 
5.96 	 231694.21255293308 
5.98 	 232155.57138997084 
6.0 	 233859.6324849788 
6.02 	 237329.82273526763 
6.04 	 241304.59083301097 
6.06 	 246708.75854178038 
6.08 	 251937.3117527192 
6.1 	 257878.90736465785 
6.12 	 263146.7297324147 
6.14 	 268073.40202184586 
6.16 	 272107.67120192735 
6.18 	 274485.0653610181 
6.2 	 276082.7775693416 
6.22 	 274592.4273258276 
6.24 	 272748.05846123386 
6.26 	 266497.11939179926 
6.28 	 260540.86065611112 
6.3 	 249275.08778114413 
6.32 	 239054.51094411756 
6.34 	 223385.2752276083 
6.36 	 209528.96713888543 
6.38 	 191132.71908938655 
6.4 	 175293.38939564972 
6.42 	 156776.42479780962 
6.44 	 141375.40251939863 
6.46 	 125336.68905215662 
6.48 	 112465.20236857758 
6.5 	 100247.13140040923 
6.52 	 90683.9214826652 
6.54 	 82139.66067372989 
6.56 	 75498.56721470437 
6.58 	 69724.27968151767 
6.6 	 65178.81188929998 
6.62 	 61227.03735982487 
6.64 	 58039.981422946934 
6.66 	 55246.77637082814 
6.68 	 52962.619427535086 
6.7 	 50984.39664135947 
6.72 	 49400.467630358755 
6.74 	 48105.24525188968 
6.76 	 47148.79597232391 
6.78 	 46476.207193661416 
6.8 	 46088.405231154946 
6.82 	 45958.06945590508 
6.84 	 46042.880553440446 
6.86 	 46338.9102891932 
6.88 	 46779.06265393303 
6.9 	 47387.032553770725 
6.92 	 48088.679345803066 
6.94 	 48937.80961712336 
6.96 	 49859.341134115675 
6.98 	 50933.20197011357 
7.0 	 52076.04807924721 
7.02 	 53384.9919000028 
7.04 	 54754.908209015455 
7.06 	 56291.06110995187 
7.08 	 57857.61655377634 
7.1 	 59562.879863152826 
7.12 	 61243.53577762788 
7.14 	 63010.358595407284 
7.16 	 64688.128855824805 
7.18 	 66391.51305637069 
7.2 	 67954.26732256335 
7.22 	 69494.70250998966 
7.24 	 70871.44098133796 
7.26 	 72201.80459803258 
7.28 	 73372.87191595267 
7.3 	 74491.52451998388 
7.32 	 75465.46530847409 
7.34 	 76379.1817874483 
7.36 	 77151.02862377262 
7.38 	 77832.91166723637 
7.4 	 78353.34317156066 
7.42 	 78727.39880597648 
7.44 	 78908.10985540153 
7.46 	 78877.49585131237 
7.48 	 78636.60049824712 
7.5 	 78145.51531448886 
7.52 	 77471.63102164447 
7.54 	 76568.59766844276 
7.56 	 75569.02431945047 
7.58 	 74435.58017335885 
7.6 	 73340.32019420346 
7.62 	 72266.36422076421 
7.64 	 71382.067138037 
7.66 	 70696.98226242083 
7.68 	 70329.84187286919 
7.7 	 70318.87517211286 
7.72 	 70697.25086455558 
7.74 	 71533.14226850957 
7.76 	 72753.90725758027 
7.78 	 74459.19605095005 
7.8 	 76466.6633880909 
7.82 	 78908.1690302957 
7.84 	 81504.46355347203 
7.86 	 84417.13025154367 
7.88 	 87300.74441778599 
7.9 	 90338.58781742495 
7.92 	 93166.20662236119 
7.94 	 95974.10117046155 
7.96 	 98433.66981197045 
7.98 	 100722.91813522363 
8.0 	 102596.26607297148 
8.02 	 104197.24764518556 
8.04 	 105387.81827129089 
8.06 	 106256.32449140288 
8.08 	 106769.51463607997 
8.1 	 106944.44466083318 
8.12 	 106832.52092155382 
8.14 	 106371.27111112302 
8.16 	 105676.96329367047 
8.18 	 104609.98524316635 
8.2 	 103344.52450368738 
8.22 	 101677.63666186952 
8.24 	 99845.67078045823 
8.26 	 97605.04980126134 
8.28 	 95256.18329122418 
8.3 	 92540.6907171863 
8.32 	 89808.60374577307 
8.34 	 86808.65016831202 
8.36 	 83906.7244739925 
8.38 	 80871.74468915626 
8.4 	 78043.24651138278 
8.42 	 75214.59792701858 
8.44 	 72665.20965390686 
8.46 	 70212.56301706142 
8.48 	 68062.07266011203 
8.5 	 66054.9696080719 
8.52 	 64328.87274552612 
8.54 	 62750.10305157751 
8.56 	 61406.52138401524 
8.58 	 60191.536263601934 
8.6 	 59163.1313174573 
8.62 	 58242.669859075686 
8.64 	 57473.020305870334 
8.66 	 56802.26077072001 
8.68 	 56265.09010367281 
8.7 	 55832.9518459322 
8.72 	 55532.04963973838 
8.74 	 55352.13556090954 
8.76 	 55305.62975458067 
8.78 	 55394.2474561785 
8.8 	 55609.53161128914 
8.82 	 55958.07987018308 
8.84 	 56405.36071225147 
8.86 	 56956.00891738407 
8.88 	 57550.012846294085 
8.9 	 58184.76286447169 
8.92 	 58784.11938551786 
8.94 	 59335.66934653682 
8.96 	 59765.408510796566 
8.98 	 60051.656904527415 
9.0 	 60145.546274768494 
9.02 	 60019.083039256984 
9.04 	 59668.317075610576 
9.06 	 59062.784991992485 
9.08 	 58251.666869245426 
9.1 	 57205.0060155223 
9.12 	 56017.76566497678 
9.14 	 54661.55804034279 
9.16 	 53257.39181312152 
9.18 	 51778.06361203138 
9.2 	 50347.10398331855 
9.22 	 48938.45228994007 
9.24 	 47659.63378735556 
9.26 	 46487.75257647373 
9.28 	 45504.955547126 
9.3 	 44695.77217172639 
9.32 	 44115.180955336065 
9.34 	 43760.00554019145 
9.36 	 43658.94666273879 
9.38 	 43824.2295653328 
9.4 	 44257.08257379519 
9.42 	 44984.84858867295 
9.44 	 45975.9316205061 
9.46 	 47269.17681135699 
9.48 	 48792.31755561072 
9.5 	 50590.42851356099 
9.52 	 52545.184101833904 
9.54 	 54703.17038322434 
9.56 	 56903.42669036164 
9.58 	 59191.24430274954 
9.6 	 61379.9392689293 
9.62 	 63512.48335930964 
9.64 	 65406.540793327156 
9.66 	 67102.51038075802 
9.68 	 68458.5034768449 
9.7 	 69512.04850687283 
9.72 	 70191.48915082109 
9.74 	 70530.86502812752 
9.76 	 70540.06474769572 
9.78 	 70248.52500760232 
9.8 	 69735.3110107702 
9.82 	 69023.52159126384 
9.84 	 68230.68050430481 
9.86 	 67371.88249626876 
9.88 	 66567.0415144023 
9.9 	 65823.40315093182 
9.92 	 65234.78138357292 
9.94 	 64804.00984241366 
9.96 	 64583.97685039948 
9.98 	 64579.28058425392 
10.0 	 64798.88017136365 
10.02 	 65255.486190023556 
10.04 	 65917.19975739933 
10.06 	 66808.49207167198 
10.08 	 67861.01384782605 
10.1 	 69110.4215531759 
10.12 	 70456.36335212273 
10.14 	 71940.97639025103 
10.16 	 73438.12229885126 
10.18 	 74988.61807312974 
10.2 	 76451.51966877683 
10.22 	 77856.95459397887 
10.24 	 79067.35596227417 
10.26 	 80093.42358755277 
10.28 	 80826.45294184762 
10.3 	 81252.51596643486 
10.32 	 81320.54792210406 
10.34 	 80992.9323437232 
10.36 	 80299.57521051477 
10.38 	 79186.61319032864 
10.4 	 77771.84671769405 
10.42 	 75995.87971036157 
10.44 	 74047.70048754851 
10.46 	 71870.72784536499 
10.48 	 69687.37876831063 
10.5 	 67445.73973910786 
10.52 	 65355.991545066165 
10.54 	 63367.20421043634 
10.56 	 61640.79120680649 
10.58 	 60122.976462122206 
10.6 	 58910.386397161565 
10.62 	 57947.58595248074 
10.64 	 57271.5213385571 
10.66 	 56832.09224529094 
10.68 	 56624.665246856974 
10.7 	 56613.55587493537 
10.72 	 56772.583859354905 
10.74 	 57086.48793433058 
10.76 	 57520.86192305772 
10.78 	 58080.507589571935 
10.8 	 58726.16062219071 
10.82 	 59476.07395871697 
10.84 	 60282.10412911475 
10.86 	 61166.11356122122 
10.88 	 62066.11233819635 
10.9 	 62998.61906009983 
10.92 	 63888.73183692984 
10.94 	 64742.75380305871 
10.96 	 65483.36147452701 
10.98 	 66106.88243557209 
11.0 	 66551.89683397599 
11.02 	 66808.94655685009 
11.04 	 66851.93174984017 
11.06 	 66671.29312995356 
11.08 	 66288.10303915667 
11.1 	 65697.36284246469 
11.12 	 64965.64241096224 
11.14 	 64094.652719929145 
11.16 	 63181.34448103892 
11.18 	 62233.84228402861 
11.2 	 61356.65923897596 
11.22 	 60562.80150981041 
11.24 	 59941.31413005196 
11.26 	 59508.49904335322 
11.28 	 59319.76101382449 
11.3 	 59393.34367866401 
11.32 	 59739.19459204665 
11.34 	 60376.06226771785 
11.36 	 61262.93959903913 
11.38 	 62417.65203929168 
11.4 	 63750.01798335834 
11.42 	 65276.43208566383 
11.44 	 66868.79411370365 
11.46 	 68543.43024018238 
11.48 	 70155.9558194105 
11.5 	 71725.60435833853 
11.52 	 73120.0900679636 
11.54 	 74364.21249632229 
11.56 	 75364.11696317456 
11.58 	 76149.88046175169 
11.6 	 76680.34508011963 
11.62 	 76986.42304108053 
11.64 	 77077.3192796513 
11.66 	 76978.39730669008 
11.68 	 76735.11917157382 
11.7 	 76364.42363417204 
11.72 	 75932.75366309316 
11.74 	 75454.36905746629 
11.76 	 75007.43293113016 
11.78 	 74617.64287750091 
11.8 	 74368.57201042975 
11.82 	 74312.31486483404 
11.84 	 74523.4049086636 
11.86 	 75085.55298583915 
11.88 	 76032.79426177054 
11.9 	 77470.40679247947 
11.92 	 79347.09862458757 
11.94 	 81768.9143436982 
11.96 	 84559.41300112607 
11.98 	 87804.49353845564 
12.0 	 91193.36871628721 
12.02 	 94777.64034150486 
12.04 	 98153.81022850331 
12.06 	 101329.69549302333 
12.08 	 103903.94060698585 
12.1 	 105830.48379652173 
12.12 	 106835.16947608165 
12.14 	 106808.99757490055 
12.16 	 105715.19065029277 
12.18 	 103383.88030280857 
12.2 	 100062.1355056222 
12.22 	 95540.26209960008 
12.24 	 90306.42027093607 
12.26 	 84145.32202894067 
12.28 	 77670.44616231305 
12.3 	 70691.3512884415 
12.32 	 63809.18865627489 
12.34 	 56871.481216036234 
12.36 	 50362.773205182275 
12.38 	 44164.27120274059 
12.4 	 38600.704068933905 
12.42 	 33574.73887094444 
12.44 	 29261.79298995738 
12.46 	 25575.230641640566 
12.48 	 22579.60238721388 
12.5 	 20193.981889629395 
12.52 	 18414.534889405506 
12.54 	 17166.482498475543 
12.56 	 16411.16601143705 
12.58 	 16083.230785522941 
12.6 	 16130.644553926031 
12.62 	 16501.019569672913 
12.64 	 17140.425875746096 
12.66 	 18011.968630476924 
12.68 	 19065.152351079334 
12.7 	 20280.13066773696 
12.72 	 21612.336557580828 
12.74 	 23060.028621533107 
12.76 	 24585.76575348889 
12.78 	 26206.36069279987 
12.8 	 27890.9198849902 
12.82 	 29673.72642610949 
12.84 	 31526.517965987605 
12.86 	 33497.47755462083 
12.88 	 35552.891087004726 
12.9 	 37748.994978997136 
12.92 	 40035.85613339496 
12.94 	 42471.46240454272 
12.96 	 44980.06590984778 
12.98 	 47617.062323523394 
13.0 	 50276.922051106565 
13.02 	 53011.181257890625 
13.04 	 55688.78573658291 
13.06 	 58357.93375734101 
13.08 	 60873.921268704275 
13.1 	 63281.10202950461 
13.12 	 65437.582734896816 
13.14 	 67380.32926701338 
13.16 	 68987.98022477987 
13.18 	 70284.23540334536 
13.2 	 71185.14238696838 
13.22 	 71696.165714892 
13.24 	 71785.40496707904 
13.26 	 71439.5721913587 
13.28 	 70688.76592520109 
13.3 	 69506.0167473509 
13.32 	 67984.50863892444 
13.34 	 66091.83481244536 
13.36 	 63972.791642383556 
13.38 	 61596.4098872692 
13.4 	 59135.50712838799 
13.42 	 56562.559003718736 
13.44 	 54048.98667988437 
13.46 	 51567.95780017429 
13.48 	 49263.86308484761 
13.5 	 47106.54319934901 
13.52 	 45199.19179605149 
13.54 	 43507.04142552308 
13.56 	 42091.21661296298 
13.58 	 40915.26775651614 
13.6 	 40006.63840788509 
13.62 	 39332.47330244214 
13.64 	 38897.458963467536 
13.66 	 38676.49267841534 
13.68 	 38659.38369172307 
13.7 	 38829.34925173089 
13.72 	 39164.19951071479 
13.74 	 39652.60553154484 
13.76 	 40260.18531608876 
13.78 	 40977.24878020577 
13.8 	 41757.94039206189 
13.82 	 42592.3602739747 
13.84 	 43427.94896250209 
13.86 	 44255.95873764739 
13.88 	 45025.99353436763 
13.9 	 45733.808489541094 
13.92 	 46340.943803004186 
13.94 	 46850.326539689224 
13.96 	 47241.77677320306 
13.98 	 47525.24380283815 
14.0 	 47699.154654757 
14.02 	 47777.37114002938 
14.04 	 47771.986020680444 
14.06 	 47696.50581106685 
14.08 	 47569.742772620644 
14.1 	 47401.776377152455 
14.12 	 47212.57041588108 
14.14 	 47008.2323199669 
14.16 	 46807.201600202134 
14.18 	 46613.29708406865 
14.2 	 46443.01463013576 
14.22 	 46300.44009142782 
14.24 	 46200.28006150736 
14.26 	 46148.89800815984 
14.28 	 46158.454673163404 
14.3 	 46238.15677672407 
14.32 	 46395.21562068698 
14.34 	 46640.39742812757 
14.36 	 46971.90143185912 
14.38 	 47398.832536541704 
14.4 	 47905.36945306024 
14.42 	 48494.149497185594 
14.44 	 49131.11962338447 
14.46 	 49807.230208787725 
14.48 	 50469.72656743779 
14.5 	 51094.35335307909 
14.52 	 51616.28845167256 
14.54 	 51996.67918852388 
14.56 	 52174.06747988755 
14.58 	 52101.164434765546 
14.6 	 51741.62402857782 
14.62 	 51050.51902677462 
14.64 	 50037.15511919798 
14.66 	 48670.659492700244 
14.68 	 47015.356354062686 
14.7 	 45061.55182758066 
14.72 	 42920.034646268774 
14.74 	 40600.47564531003 
14.76 	 38235.27044630054 
14.78 	 35842.63705815782 
14.8 	 33545.566403808516 
14.82 	 31356.177264852096 
14.84 	 29363.758520391395 
14.86 	 27563.31475392267 
14.88 	 26000.956711305145 
14.9 	 24652.091340742176 
14.92 	 23524.901672028278 
14.94 	 22580.89061999395 
14.96 	 21804.178966786818 
14.98 	 21151.927235211122 
15.0 	 20599.330044188926 
15.02 	 20107.858643501935 
15.04 	 19655.28005222014 
15.06 	 19212.563220106553 
15.08 	 18766.469411568454 
15.1 	 18299.26687247281 
15.12 	 17809.026907962932 
15.14 	 17289.142705497554 
15.16 	 16748.798349336164 
15.18 	 16191.504047884153 
15.2 	 15635.780667708039 
15.22 	 15093.534935531692 
15.24 	 14589.333241117978 
15.26 	 14140.467518232374 
15.28 	 13772.549239041282 
15.3 	 13503.560897681002 
15.32 	 13353.75911643096 
15.34 	 13335.959466666543 
15.36 	 13458.450949978353 
15.38 	 13723.41610497865 
15.4 	 14122.272585227805 
15.42 	 14643.553207000967 
15.44 	 15260.70994987363 
15.46 	 15949.685964822645 
15.48 	 16670.094545114738 
15.5 	 17390.698012433302 
15.52 	 18066.37611225729 
15.54 	 18666.956282456125 
15.56 	 19154.235323063946 
15.58 	 19507.30651956426 
15.6 	 19705.01682434763 
15.62 	 19740.814740414193 
15.64 	 19615.295203932736 
15.66 	 19336.405994108165 
15.68 	 18924.07869604274 
15.7 	 18396.24211989615 
15.72 	 17784.183996292017 
15.74 	 17108.847776054554 
15.76 	 16403.130387615645 
15.78 	 15684.525520282934 
15.8 	 14979.885802578037 
15.82 	 14299.48813794206 
15.84 	 13660.614213158278 
15.86 	 13065.819728463555 
15.88 	 12523.177408261627 
15.9 	 12029.381771690716 
15.92 	 11585.913190830615 
15.94 	 11186.3459307643 
15.96 	 10828.669689464472 
15.98 	 10505.767054608885 
16.0 	 10214.61814023301 
16.02 	 9949.002064051767 
16.04 	 9706.412302822424 
16.06 	 9482.280072746129 
16.08 	 9275.298345643585 
16.1 	 9082.702582835695 
16.12 	 8904.489359867886 
16.14 	 8739.485551069609 
16.16 	 8588.750998521322 
16.18 	 8452.318017135427 
16.2 	 8331.919428271185 
16.22 	 8228.37950522652 
16.24 	 8143.704619221513 
16.26 	 8079.157950862429 
16.28 	 8036.683951241385 
16.3 	 8017.725996843369 
16.32 	 8023.927264737599 
16.34 	 8056.777617234152 
16.36 	 8117.530064577406 
16.38 	 8207.793090068824 
16.4 	 8328.58954594727 
16.42 	 8482.027809116778 
16.44 	 8669.364167092725 
16.46 	 8893.884685611069 
16.48 	 9157.680761177135 
16.5 	 9465.885691729409 
16.52 	 9821.641363433933 
16.54 	 10231.939393817787 
16.56 	 10700.008734161698 
16.58 	 11233.304548108783 
16.6 	 11832.401152498029 
16.62 	 12502.153734796932 
16.64 	 13236.27046891892 
16.66 	 14033.102624362013 
16.68 	 14875.494624385363 
16.7 	 15752.50682075269 
16.72 	 16634.978771637932 
16.74 	 17503.179972054808 
16.76 	 18319.807199136765 
16.78 	 19061.025507433627 
16.8 	 19690.17243814611 
16.82 	 20186.830366033402 
16.84 	 20525.692052464936 
16.86 	 20696.927600066258 
16.88 	 20694.558286725874 
16.9 	 20522.830164490253 
16.92 	 20196.582465886437 
16.94 	 19732.351019830716 
16.96 	 19160.22784954357 
16.98 	 18502.962044127016 
17.0 	 17796.10958728535 
17.02 	 17061.121669026474 
17.04 	 16329.35941101505 
17.06 	 15615.085847868315 
17.08 	 14939.356260659837 
17.1 	 14306.76171610792 
17.12 	 13726.634636372539 
17.14 	 13194.884229838017 
17.16 	 12711.515483420715 
17.18 	 12267.066017607094 
17.2 	 11856.569659512495 
17.22 	 11469.246992445478 
17.24 	 11099.603575131849 
17.26 	 10738.941172595907 
17.28 	 10384.380718908888 
17.3 	 10031.142504339994 
17.32 	 9680.131460156943 
17.34 	 9330.513490692081 
17.36 	 8986.277180907638 
17.38 	 8649.166384670098 
17.4 	 8324.441534815884 
17.42 	 8014.523460701507 
17.44 	 7724.046475629496 
17.46 	 7454.564483228325 
17.48 	 7208.90755726583 
17.5 	 6987.0943925372985 
17.52 	 6789.966707564542 
17.54 	 6616.213161763758 
17.56 	 6465.262409750121 
17.58 	 6335.181985900787 
17.6 	 6224.852362239833 
17.62 	 6132.489337503777 
17.64 	 6057.170174260346 
17.66 	 5997.793482997739 
17.68 	 5954.052235509353 
17.7 	 5925.7289325633865 
17.72 	 5913.1949057957345 
17.74 	 5917.005008555539 
17.76 	 5937.960350817447 
17.78 	 5977.012813915329 
17.8 	 6034.887256498572 
17.82 	 6112.343558220222 
17.84 	 6209.340345126664 
17.86 	 6325.735281305043 
17.88 	 6459.996384899093 
17.9 	 6610.433925446765 
17.92 	 6773.520382440312 
17.94 	 6945.706789150195 
17.96 	 7121.479385969895 
17.98 	 7295.691731569049 
18.0 	 7461.544908653592 
18.02 	 7613.174545368924 
18.04 	 7743.780031482408 
18.06 	 7848.013522873173 
18.08 	 7920.501536807336 
18.1 	 7957.501921535653 
18.12 	 7956.063743640925 
18.14 	 7914.527724587227 
18.16 	 7832.554995750729 
18.18 	 7710.318590135345 
18.2 	 7549.576558105756 
18.22 	 7351.697810092147 
18.24 	 7119.828669966912 
18.26 	 6856.064224581326 
18.28 	 6564.556182713179 
18.3 	 6248.139573578487 
18.32 	 5912.01396040349 
18.34 	 5560.059334800447 
18.36 	 5198.599393814937 
18.38 	 4832.616483259132 
18.4 	 4469.153130833075 
18.42 	 4113.693955963297 
18.44 	 3772.958180645913 
18.46 	 3451.7686704968737 
18.48 	 3155.2184140676222 
18.5 	 2886.2894434617733 
18.52 	 2647.517999740008 
18.54 	 2439.4495465295436 
18.56 	 2261.9398781045234 
18.58 	 2113.3287606474732 
18.6 	 1991.4506491135312 
18.62 	 1893.2853762459097 
18.64 	 1815.6952084039735 
18.66 	 1755.3060284907253 
18.68 	 1708.98006399819 
18.7 	 1673.7586716830938 
18.72 	 1647.109238300743 
18.74 	 1626.855796932578 
18.76 	 1611.2681506940585 
18.78 	 1598.973506043616 
18.8 	 1588.9632739950823 
18.82 	 1580.507799832379 
18.84 	 1573.1437775704255 
18.86 	 1566.6195016102702 
18.88 	 1560.9092701526145 
18.9 	 1556.2185482692032 
18.92 	 1553.0650716524538 
18.94 	 1552.3846231707446 
18.96 	 1555.7232944935022 
18.98 	 1565.503744683366 
19.0 	 1585.3715731878774 
19.02 	 1620.6894877233622 
19.04 	 1679.031485580728 
19.06 	 1770.9353028764447 
19.08 	 1910.3796048842792 
19.1 	 2115.729443754677 
19.12 	 2409.7014655748085 
19.14 	 2820.3747570686246 
19.16 	 3379.597326891348 
19.18 	 4124.241278449681 
19.2 	 5091.140057284544 
19.22 	 6320.10928549215 
19.24 	 7842.0628867727755 
19.26 	 9688.47567173156 
19.28 	 11866.89308595866 
19.3 	 14386.522201779642 
19.32 	 17212.052133833342 
19.34 	 20319.89415021563 
19.36 	 23619.091840225054 
19.38 	 27052.658670146404 
19.4 	 30477.71862611269 
19.42 	 33816.115077665396 
19.44 	 36898.5633130117 
19.46 	 39647.692055565414 
19.48 	 41910.603496867676 
19.5 	 43634.53282518216 
19.52 	 44728.032082188816 
19.54 	 45179.79625333307 
19.56 	 44987.83727435074 
19.58 	 44186.185742624366 
19.6 	 42860.49824027259 
19.62 	 41080.173547009974 
19.64 	 38988.883147237386 
19.66 	 36672.30879602056 
19.68 	 34290.23851216406 
19.7 	 31924.758171695677 
19.72 	 29716.390322269683 
19.74 	 27730.629203090295 
19.76 	 26070.765710533615 
19.78 	 24782.62724354639 
19.8 	 23930.91384529859 
19.82 	 23546.31400293201 
19.84 	 23661.862649159124 
19.86 	 24300.32144822704 
19.88 	 25469.25930952505 
19.9 	 27189.426178984628 
19.92 	 29443.05608938691 
19.94 	 32252.14657754235 
19.96 	 35566.66457138067 
19.98 	 39411.0467409787 
20.0 	 43691.05253120012 
20.02 	 48433.55728099968 
20.04 	 53487.20360376011 
20.06 	 58880.32316372511 
20.08 	 64396.598980786686 
20.1 	 70063.73508200381 
20.12 	 75605.6700488825 
20.14 	 81046.71222710253 
20.16 	 86077.02604723626 
20.18 	 90715.34307310809 
20.2 	 94666.92358599606 
20.22 	 97944.87237433322 
20.24 	 100332.28485232589 
20.26 	 101839.40767802556 
20.28 	 102382.96216691552 
20.3 	 101974.60691593934 
20.32 	 100689.11947737892 
20.34 	 98541.81149933326 
20.36 	 95744.76526640999 
20.38 	 92313.42123236631 
20.4 	 88538.395210231 
20.42 	 84425.69060833243 
20.44 	 80272.97698851148 
20.46 	 76066.08224481306 
20.48 	 72053.72781280492 
20.5 	 68196.54954645749 
20.52 	 64669.138491616635 
20.54 	 61411.22943045453 
20.56 	 58526.86400724972 
20.58 	 55946.47180200357 
20.6 	 53723.29916130596 
20.62 	 51792.02327053206 
20.64 	 50177.653634790506 
20.66 	 48829.60811822442 
20.68 	 47761.43412191865 
20.7 	 46942.008308118406 
20.72 	 46381.10819753354 
20.74 	 46065.505968858175 
20.76 	 46000.09090608659 
20.78 	 46182.67239983718 
20.8 	 46605.77516227059 
20.82 	 47268.30207381026 
20.84 	 48140.75358601935 
20.86 	 49213.47003464478 
20.88 	 50428.55001254263 
20.9 	 51762.21909206387 
20.92 	 53130.3739232664 
20.94 	 54496.32441868831 
20.96 	 55763.16095034128 
20.98 	 56889.12263427731 
21.0 	 57786.791564320236 
21.02 	 58420.67409719423 
21.04 	 58736.72943894918 
21.06 	 58715.75241114177 
21.08 	 58353.14920451437 
21.1 	 57650.52538669173 
21.12 	 56654.29925071269 
21.14 	 55384.27574430578 
21.16 	 53924.67077183659 
21.18 	 52305.2551519289 
21.2 	 50626.12806108359 
21.22 	 48916.827554489704 
21.24 	 47271.361191170225 
21.26 	 45710.6536372958 
21.28 	 44307.13005527099 
21.3 	 43068.67561518817 
21.32 	 42039.24438160251 
21.34 	 41213.24374956521 
21.36 	 40606.381971569914 
21.38 	 40201.90385899493 
21.4 	 39991.87157318346 
21.42 	 39952.10237758787 
21.44 	 40057.814833969314 
21.46 	 40281.72874112805 
21.48 	 40590.04170208296 
21.5 	 40956.87374249266 
21.52 	 41347.48545087822 
21.54 	 41741.602758330606 
21.56 	 42110.86473656958 
21.58 	 42443.74035254322 
21.6 	 42723.30773120879 
21.62 	 42947.869677673334 
21.64 	 43113.319464530534 
21.66 	 43226.16990430724 
21.68 	 43292.359983792085 
21.7 	 43322.518554659924 
21.72 	 43326.846947012076 
21.74 	 43314.87693890234 
21.76 	 43294.7218013671 
21.78 	 43270.42346271062 
21.8 	 43243.71958938468 
21.82 	 43211.171763945524 
21.84 	 43167.50722165185 
21.86 	 43102.75720309989 
21.88 	 43007.68394265124 
21.9 	 42869.16659902485 
21.92 	 42679.48260219098 
21.94 	 42427.0469500138 
21.96 	 42111.655350655135 
21.98 	 41727.91996634955 
22.0 	 41287.602088448046 
22.02 	 40794.76103910673 
22.04 	 40274.2087698903 
22.06 	 39740.08502188149 
22.08 	 39227.035147601295 
22.1 	 38756.7842763333 
22.12 	 38366.818573073826 
22.14 	 38081.5351274807 
22.16 	 37932.54540891438 
22.18 	 37941.44945682839 
22.2 	 38126.273410746704 
22.22 	 38501.884674440545 
22.24 	 39068.04915602159 
22.26 	 39831.5866153382 
22.28 	 40772.78859250858 
22.3 	 41891.29469467017 
22.32 	 43149.28104458855 
22.34 	 44540.95949189074 
22.36 	 46013.355553834066 
22.38 	 47556.982017282484 
22.4 	 49108.26759281175 
22.42 	 50655.86930067822 
22.44 	 52132.49352858955 
22.46 	 53527.56472246748 
22.48 	 54779.41279118744 
22.5 	 55881.71349420458 
22.52 	 56788.60796905907 
22.54 	 57501.31079103091 
22.56 	 57997.61428038361 
22.58 	 58287.74059939803 
22.6 	 58375.59107428175 
22.62 	 58279.05778497535 
22.64 	 58024.28587297431 
22.66 	 57633.15652447856 
22.68 	 57145.676703522986 
22.7 	 56583.41694637577 
22.72 	 55990.808481547385 
22.74 	 55386.161851084755 
22.76 	 54810.981572520315 
22.78 	 54279.817201011334 
22.8 	 53827.302789203684 
22.82 	 53465.882070132124 
22.84 	 53222.05405980778 
22.86 	 53108.60582259723 
22.88 	 53143.44869318318 
22.9 	 53341.39029708698 
22.92 	 53710.398101779174 
22.94 	 54267.27019521714 
22.96 	 55007.11005846781 
22.98 	 55947.0050310435 
23.0 	 57065.29780839264 
23.02 	 58376.79833283532 
23.04 	 59839.722814378925 
23.06 	 61464.305800428396 
23.08 	 63187.74080575231 
23.1 	 65014.73944136106 
23.12 	 66864.86953896542 
23.14 	 68738.46516297385 
23.16 	 70546.13304284471 
23.18 	 72287.18660691808 
23.2 	 73876.47651515779 
23.22 	 75317.16464058423 
23.24 	 76543.24946301365 
23.26 	 77566.7548860747 
23.28 	 78353.13614458551 
23.3 	 78926.96080281443 
23.32 	 79290.79835704359 
23.34 	 79483.16823754755 
23.36 	 79540.69472275887 
23.38 	 79514.8444770609 
23.4 	 79465.10821858434 
23.42 	 79452.89963413094 
23.44 	 79543.77295753219 
23.46 	 79804.67449551664 
23.48 	 80287.97573955765 
23.5 	 81061.07257761015 
23.52 	 82144.64503860439 
23.54 	 83602.19754635428 
23.56 	 85408.38776194144 
23.58 	 87621.6492179711 
23.6 	 90164.29550772972 
23.62 	 93094.31068106442 
23.64 	 96286.21802639008 
23.66 	 99808.70483489044 
23.68 	 103502.9363573651 
23.7 	 107462.62494984943 
23.72 	 111512.7976985671 
23.74 	 115782.1318404335 
23.76 	 120088.11405340847 
23.78 	 124591.46172686732 
23.8 	 129093.4583313691 
23.82 	 133767.07576578014 
23.84 	 138374.47343802883 
23.86 	 143068.59898359922 
23.88 	 147553.31143710716 
23.9 	 151928.16112383924 
23.92 	 155848.81408014556 
23.94 	 159339.20631237185 
23.96 	 162063.17844035444 
23.98 	 163965.09937129734 
24.0 	 164812.62122152696 
24.02 	 164485.22707941142 
24.04 	 162954.516290732 
24.06 	 160063.29168036216 
24.08 	 156043.04081682078 
24.1 	 150731.62790124625 
24.12 	 144596.95360494393 
24.14 	 137494.03993611844 
24.16 	 130027.27480034008 
24.18 	 122071.92360349835 
24.2 	 114235.54136693543 
24.22 	 106400.49928145434 
24.24 	 99067.53155459119 
24.26 	 92110.61243658612 
24.28 	 85872.57021411875 
24.3 	 80214.3956992814 
24.32 	 75328.23449947877 
24.34 	 71071.19777215186 
24.36 	 67525.3866329328 
24.38 	 64559.914585577106 
24.4 	 62193.31767597086 
24.42 	 60320.40363323472 
24.44 	 58931.57787168648 
24.46 	 57953.75866432262 
24.48 	 57368.72823469386 
24.5 	 57134.27850833334 
24.52 	 57229.37875635908 
24.54 	 57635.87850108888 
24.56 	 58326.4947325354 
24.58 	 59297.144418003445 
24.6 	 60506.05386224435 
24.62 	 61952.227924567575 
24.64 	 63570.85447616786 
24.66 	 65354.43169264384 
24.68 	 67211.2063085811 
24.7 	 69121.56165904031 
24.72 	 70972.14022771844 
24.74 	 72731.46012218196 
24.76 	 74281.07205274297 
24.78 	 75583.54551309675 
24.8 	 76539.99913909349 
24.82 	 77115.89577910399 
24.84 	 77256.65618288265 
24.86 	 76938.16665743156 
24.88 	 76165.17421137018 
24.9 	 74926.67106758486 
24.92 	 73285.89990730786 
24.94 	 71242.01978016723 
24.96 	 68901.32864218115 
24.98 	 66267.05747646451 
25.0 	 63466.20701905688 
25.02 	 60500.81943445241 
25.04 	 57498.37417306151 
25.06 	 54457.97250794886 
25.08 	 51494.61725420969 
25.1 	 48605.86427499961 
25.12 	 45888.2740895629 
25.14 	 43339.79567116813 
25.16 	 41036.30206473927 
25.18 	 38976.18101998057 
25.2 	 37213.26993239146 
25.22 	 35744.10513057314 
25.24 	 34599.29747531915 
25.26 	 33770.39796221763 
25.28 	 33264.553254432474 
25.3 	 33066.41381232633 
25.32 	 33161.41355182053 
25.34 	 33527.972609264056 
25.36 	 34134.063366922936 
25.38 	 34955.3702323581 
25.4 	 35948.98210161494 
25.42 	 37093.399327028754 
25.44 	 38342.77244057587 
25.46 	 39684.4216433645 
25.48 	 41076.94122363165 
25.5 	 42520.69869928585 
25.52 	 43982.90697390609 
25.54 	 45477.2227738242 
25.56 	 46978.25341187384 
25.58 	 48508.18348093617 
25.6 	 50042.34447964713 
25.62 	 51602.93752087728 
25.64 	 53156.96647767085 
25.66 	 54717.883051610945 
25.68 	 56238.183902482124 
25.7 	 57717.683938724964 
25.72 	 59095.780660299024 
25.74 	 60360.03402415594 
25.76 	 61446.95896360716 
25.78 	 62338.66730286571 
25.8 	 62984.396477951406 
25.82 	 63369.50472327906 
25.84 	 63470.50940593316 
25.86 	 63282.54068592173 
25.88 	 62816.911853565354 
25.9 	 62080.51893264734 
25.92 	 61117.43477192838 
25.94 	 59943.942370223405 
25.96 	 58626.99875293575 
25.98 	 57187.45136809888 
26.0 	 55701.74610870088 
26.02 	 54190.3635766117 
26.04 	 52726.843994269686 
26.06 	 51328.08559764372 
26.08 	 50056.41696522221 
26.1 	 48924.689970213374 
26.12 	 47980.868361333865 
26.14 	 47236.09595846074 
26.16 	 46724.89485203295 
26.18 	 46460.51486426152 
26.2 	 46466.00354311802 
26.22 	 46759.295381775504 
26.24 	 47351.00863058963 
26.26 	 48262.163448254694 
26.28 	 49484.334270648964 
26.3 	 51034.77679923337 
26.32 	 52874.664058138245 
26.34 	 55007.727071088724 
26.36 	 57354.11745651007 
26.38 	 59896.48531367905 
26.4 	 62512.19687096968 
26.42 	 65162.4516121853 
26.44 	 67695.34183863542 
26.46 	 70059.0613451451 
26.48 	 72101.43145513152 
26.5 	 73772.0295488208 
26.52 	 74955.1028309616 
26.54 	 75616.217224112 
26.56 	 75707.25154384901 
26.58 	 75219.0081383656 
26.6 	 74184.40449185172 
26.62 	 72620.3886672164 
26.64 	 70631.55080849092 
26.66 	 68254.05233520082 
26.68 	 65636.87874652144 
26.7 	 62823.99441216227 
26.72 	 59975.12952600637 
26.74 	 57130.701020732224 
26.76 	 54432.845884784976 
26.78 	 51910.76099971873 
26.8 	 49672.362025420596 
26.82 	 47732.8454842389 
26.84 	 46160.74744665684 
26.86 	 44958.13279622904 
26.88 	 44156.01201401167 
26.9 	 43745.428117853604 
26.92 	 43723.79051001399 
26.94 	 44072.603918335604 
26.96 	 44758.99177130511 
26.98 	 45755.50301082118 
27.0 	 47002.041134716084 
27.02 	 48463.07436302824 
27.04 	 50056.484589194864 
27.06 	 51741.40487366581 
27.08 	 53423.3720391239 
27.1 	 55061.44359738517 
27.12 	 56563.217160251545 
27.14 	 57894.42286795681 
27.16 	 58981.064132042695 
27.18 	 59801.416538726255 
27.2 	 60313.25709365788 
27.22 	 60509.95771185546 
27.24 	 60386.91454703882 
27.26 	 59950.7412408991 
27.28 	 59231.18970671111 
27.3 	 58242.838485246386 
27.32 	 57039.66147137696 
27.34 	 55637.99905169963 
27.36 	 54103.6116370579 
27.38 	 52449.9982276344 
27.4 	 50744.162072184416 
27.42 	 48994.90388566777 
27.44 	 47263.66930494374 
27.46 	 45554.80910211443 
27.48 	 43920.55676942824 
27.5 	 42361.505794539975 
27.52 	 40918.51057351556 
27.54 	 39588.198253029244 
27.56 	 38398.30336788816 
27.58 	 37340.353223639766 
27.6 	 36428.006470427674 
27.62 	 35646.96714153625 
27.64 	 34997.98259073462 
27.66 	 34462.30288750119 
27.68 	 34032.01201747094 
27.7 	 33687.96327876981 
27.72 	 33420.19948904901 
27.74 	 33214.58755554261 
27.76 	 33065.530682188175 
27.78 	 32967.896813879204 
27.8 	 32923.39380684375 
27.82 	 32935.88304488883 
27.84 	 33011.99105345044 
27.86 	 33159.93706813564 
27.88 	 33384.429803065526 
27.9 	 33690.693218583445 
27.92 	 34073.61071374902 
27.94 	 34528.8178734973 
27.96 	 35036.53287860773 
27.98 	 35580.135723696454 
28.0 	 36126.23950841346 
28.02 	 36648.54499719845 
28.04 	 37107.3234259901 
28.06 	 37473.49560356845 
28.08 	 37712.2187884104 
28.1 	 37800.323813890085 
28.12 	 37719.144977023294 
28.14 	 37458.77657559295 
28.16 	 37023.885085567796 
28.18 	 36421.12867654871 
28.2 	 35678.623052152216 
28.22 	 34817.48276743553 
28.24 	 33882.121253750585 
28.26 	 32901.32064432917 
28.28 	 31924.161176918904 
28.3 	 30978.357660916176 
28.32 	 30106.101672400295 
28.34 	 29326.852424634973 
28.36 	 28668.399525001136 
28.38 	 28138.679709533648 
28.4 	 27749.046503052 
28.42 	 27496.645708348176 
28.44 	 27378.53982276629 
28.46 	 27384.015249158707 
28.48 	 27499.63610288694 
28.5 	 27709.895424039045 
28.52 	 27994.46144744807 
28.54 	 28335.339841946658 
28.56 	 28708.482152947498 
28.58 	 29095.42307189306 
28.6 	 29471.93907412149 
28.62 	 29821.657497650474 
28.64 	 30124.50615811771 
28.66 	 30369.31424405264 
28.68 	 30544.385250914293 
28.7 	 30646.200827414836 
28.72 	 30673.679228118126 
28.74 	 30631.141801453552 
28.76 	 30526.89344576632 
28.78 	 30370.396523671232 
28.8 	 30174.990937078714 
28.82 	 29950.93839602913 
28.84 	 29711.553741259053 
28.86 	 29464.570931322276 
28.88 	 29220.62880494443 
28.9 	 28984.981196097353 
28.92 	 28766.962741071853 
28.94 	 28572.946055143137 
28.96 	 28414.972419758447 
28.98 	 28305.047808986947 
29.0 	 28260.6612783853 
29.02 	 28300.799647744894 
29.04 	 28445.880537040244 
29.06 	 28717.265944391052 
29.08 	 29129.44350768565 
29.1 	 29696.469401050734 
29.12 	 30415.022900557906 
29.14 	 31281.793665710044 
29.16 	 32267.160073891813 
29.18 	 33345.956206964256 
29.2 	 34463.071236869015 
29.22 	 35576.030841498825 
29.24 	 36616.099505602986 
29.26 	 37535.74714944838 
29.28 	 38271.65926496929 
29.3 	 38785.823073156025 
29.32 	 39038.86427999025 
29.34 	 39012.8890533091 
29.36 	 38702.95005623098 
29.38 	 38114.04726051041 
29.4 	 37274.663676387514 
29.42 	 36207.751225163905 
29.44 	 34964.65244205521 
29.46 	 33576.85435032945 
29.48 	 32103.855776945744 
29.5 	 30575.934629321946 
29.52 	 29047.552119300068 
29.54 	 27540.73988792199 
29.56 	 26096.616698112088 
29.58 	 24725.803369797082 
29.6 	 23453.334863314627 
29.62 	 22278.841290561988 
29.64 	 21213.0217476447 
29.66 	 20247.533884279186 
29.68 	 19383.244292679596 
29.7 	 18608.215911362906 
29.72 	 17918.924134433433 
29.74 	 17304.237856753698 
29.76 	 16760.982256826785 
29.78 	 16282.060047384715 
29.8 	 15867.582387631935 
29.82 	 15515.964529881632 
29.84 	 15231.61591495264 
29.86 	 15018.651065264889 
29.88 	 14885.856868028626 
29.9 	 14843.280774535206 
29.92 	 14904.716399214929 
29.94 	 15087.708304656133 
29.96 	 15412.920558399002 
29.98 	 15908.182386446768 
30.0 	 16602.74904283969 
30.02 	 17536.449560084882 
30.04 	 18745.088231791644 
30.06 	 20277.38632643536 
30.08 	 22165.694414256817 
30.1 	 24456.997321543753 
30.12 	 27160.67763308242 
30.14 	 30305.22939143567 
30.16 	 33852.225452767125 
30.18 	 37795.37752456707 
30.2 	 42028.690805628365 
30.22 	 46504.32441573399 
30.24 	 51046.99565864759 
30.26 	 55576.067410620766 
30.28 	 59871.77418758189 
30.3 	 63843.490315511415 
30.32 	 67275.52526416197 
30.34 	 70095.32866481379 
30.36 	 72147.74356934687 
30.38 	 73400.10424019836 
30.4 	 73799.3751799186 
30.42 	 73359.89053289565 
30.44 	 72139.84256593334 
30.46 	 70191.37219776565 
30.48 	 67658.5162630557 
30.5 	 64611.23819420895 
30.52 	 61233.9384709135 
30.54 	 57593.116368752664 
30.56 	 53868.91748678135 
30.58 	 50110.019064023974 
30.6 	 46463.44856275697 
30.62 	 42955.44319260686 
30.64 	 39689.630003427555 
30.66 	 36672.132539812796 
30.68 	 33965.38620999107 
30.7 	 31559.792066360325 
30.72 	 29483.562915858056 
30.74 	 27714.822476330868 
30.76 	 26254.998628852467 
30.78 	 25072.649096737776 
30.8 	 24149.946070694994 
30.82 	 23449.75573402609 
30.84 	 22943.68446935591 
30.86 	 22595.074276435043 
30.88 	 22374.842257780645 
30.9 	 22254.34385645884 
30.92 	 22213.076845602656 
30.94 	 22236.813464158084 
30.96 	 22319.540680834598 
30.98 	 22464.03134448823 
31.0 	 22679.01284424297 
31.02 	 22981.39622437518 
31.04 	 23388.4643317602 
31.06 	 23923.019612908163 
31.08 	 24599.475296055887 
31.1 	 25434.823526357963 
31.12 	 26427.157277245213 
31.14 	 27576.145446023344 
31.16 	 28852.948760186704 
31.18 	 30233.17351973062 
31.2 	 31658.61233459781 
31.22 	 33082.689339565746 
31.24 	 34427.127445316684 
31.26 	 35634.6254336221 
31.28 	 36626.99802529798 
31.3 	 37353.95763854758 
31.32 	 37761.89087911917 
31.34 	 37824.68408231753 
31.36 	 37531.86189627615 
31.38 	 36890.56440810306 
31.4 	 35937.32678498634 
31.42 	 34709.28545553488 
31.44 	 33277.19575143026 
31.46 	 31694.152124225973 
31.48 	 30042.015738376558 
31.5 	 28371.701773336834 
31.52 	 26753.474850095958 
31.54 	 25221.799878956313 
31.56 	 23821.75984953881 
31.58 	 22565.813598088356 
31.6 	 21471.946964818417 
31.62 	 20533.623684654787 
31.64 	 19748.37452128678 
31.66 	 19098.540083483535 
31.68 	 18571.043575624724 
31.7 	 18145.490731767935 
31.72 	 17806.857384555104 
31.74 	 17538.038372052662 
31.76 	 17327.396214503144 
31.78 	 17163.856834171755 
31.8 	 17041.027071480392 
31.82 	 16953.866011302427 
31.84 	 16900.63463766943 
31.86 	 16880.830111616764 
31.88 	 16895.71185301119 
31.9 	 16947.51317327547 
31.92 	 17038.76207371965 
31.94 	 17172.849379711013 
31.96 	 17351.947414454527 
31.98 	 17579.027619218145 
32.0 	 17854.051988204734 
32.02 	 18177.685346625276 
32.04 	 18545.671085959777 
32.06 	 18954.70355614197 
32.08 	 19395.33436935483 
32.1 	 19860.417939188428 
32.12 	 20337.179701350236 
32.14 	 20818.047390011096 
32.16 	 21292.36521622597 
32.18 	 21758.489665885554 
32.2 	 22215.036916276487 
32.22 	 22672.623279205767 
32.24 	 23143.736372328633 
32.26 	 23653.252340920404 
32.28 	 24225.368873196523 
32.3 	 24894.14983130511 
32.32 	 25685.632558162415 
32.34 	 26632.245501407036 
32.36 	 27748.044774427897 
32.38 	 29052.517163928824 
32.4 	 30536.607978660282 
32.42 	 32201.120351865102 
32.44 	 34010.893794275755 
32.46 	 35950.621080190045 
32.48 	 37965.044280951864 
32.5 	 40031.32002128961 
32.52 	 42085.264008131584 
32.54 	 44105.693024086875 
32.56 	 46030.39278802837 
32.58 	 47845.291618785086 
32.6 	 49497.53246295788 
32.62 	 50981.2831837157 
32.64 	 52257.32867824251 
32.66 	 53327.48363082209 
32.68 	 54169.552827724925 
32.7 	 54793.41355258812 
32.72 	 55197.24757147841 
32.74 	 55400.706846634515 
32.76 	 55423.985276261265 
32.78 	 55297.45089538561 
32.8 	 55060.590200975035 
32.82 	 54752.5308584353 
32.84 	 54424.186775714676 
32.86 	 54118.54873892869 
32.88 	 53887.108120947545 
32.9 	 53770.96941478114 
32.92 	 53811.90106366146 
32.94 	 54044.79183251466 
32.96 	 54494.10846136294 
32.98 	 55186.01291361306 
33.0 	 56122.24161801143 
33.02 	 57317.80303564388 
33.04 	 58746.39208882698 
33.06 	 60407.57370202285 
33.08 	 62241.37084469518 
33.1 	 64226.17625218608 
33.12 	 66265.88142280935 
33.14 	 68314.28274211583 
33.16 	 70246.41062881268 
33.18 	 71995.44648838376 
33.2 	 73429.65729538178 
33.22 	 74475.60698753086 
33.24 	 75029.68424970047 
33.26 	 75032.9392805887 
33.28 	 74446.0346923085 
33.3 	 73244.43258028303 
33.32 	 71473.76812624256 
33.34 	 69152.7585943809 
33.36 	 66404.99780719515 
33.38 	 63284.37175143795 
33.4 	 59958.64228541413 
33.42 	 56494.382242651904 
33.44 	 53057.76864973026 
33.46 	 49701.63270753685 
33.48 	 46552.81058141109 
33.5 	 43632.45685134096 
33.52 	 41011.74924568773 
33.54 	 38677.68588058476 
33.56 	 36651.76414775512 
33.58 	 34897.81996099106 
33.6 	 33406.66204327838 
33.62 	 32135.074616810405 
33.64 	 31062.976011620663 
33.66 	 30152.403433283678 
33.68 	 29384.40884581083 
33.7 	 28730.10723332233 
33.72 	 28173.914740756667 
33.74 	 27692.416954653003 
33.76 	 27269.57180989662 
33.78 	 26881.44421393769 
33.8 	 26507.932258080957 
33.82 	 26121.831538507908 
33.84 	 25700.519231072463 
33.86 	 25216.939115054814 
33.88 	 24653.431546116215 
33.9 	 23991.34052568379 
33.92 	 23227.778030957103 
33.94 	 22360.92352663062 
33.96 	 21409.071696140087 
33.98 	 20390.73947474649 
34.0 	 19344.196303218894 
34.02 	 18304.3188064193 
34.04 	 17320.343536374072 
34.06 	 16433.37721021238 
34.08 	 15690.450563268974 
34.1 	 15126.657785304726 
34.12 	 14774.349505944698 
34.14 	 14652.454258520902 
34.16 	 14770.275697250936 
34.18 	 15124.992005703547 
34.2 	 15699.796955069189 
34.22 	 16469.78292995673 
34.24 	 17394.351205456223 
34.26 	 18431.30275705263 
34.28 	 19523.973550998493 
34.3 	 20622.30942430064 
34.32 	 21666.22518027236 
34.34 	 22610.28776794339 
34.36 	 23406.02806024318 
34.38 	 24024.646623080193 
34.4 	 24441.733687728305 
34.42 	 24652.043072976052 
34.44 	 24659.72040736364 
34.46 	 24481.662264897754 
34.48 	 24144.944229279285 
34.5 	 23679.475842829634 
34.52 	 23122.49828372443 
34.54 	 22504.65049311601 
34.56 	 21859.907417987142 
34.58 	 21209.974532126664 
34.6 	 20577.25786667221 
34.62 	 19970.92984237556 
34.64 	 19400.521355216042 
34.66 	 18864.71090805171 
34.68 	 18363.78076005313 
34.7 	 17890.655062394988 
34.72 	 17441.459449910206 
34.74 	 17007.932325003374 
34.76 	 16586.209400990047 
34.78 	 16169.956839377577 
34.8 	 15757.893512610983 
34.82 	 15347.273429158684 
34.84 	 14940.530788816775 
34.86 	 14538.899394779663 
34.88 	 14148.228313944019 
34.9 	 13772.703527628842 
34.92 	 13419.699781838111 
34.94 	 13093.86052672893 
34.96 	 12800.960218401637 
34.98 	 12542.871106121069 
35.0 	 12320.664418237342 
35.02 	 12131.002145745004 
35.04 	 11968.85926825015 
35.06 	 11825.512227517174 
35.08 	 11691.198812627566 
35.1 	 11554.282334541407 
35.12 	 11403.965973527847 
35.14 	 11229.72796140268 
35.16 	 11024.04783722773 
35.18 	 10781.137830528496 
35.2 	 10499.617519653853 
35.22 	 10179.97510905387 
35.24 	 9827.204221230522 
35.26 	 9447.083088792095 
35.28 	 9048.850880090928 
35.3 	 8640.91644220118 
35.32 	 8233.62211360126 
35.34 	 7835.13010088584 
35.36 	 7454.208002203076 
35.38 	 7096.813291087314 
35.4 	 6768.718824089305 
35.42 	 6472.957613391684 
35.44 	 6212.077444119523 
35.46 	 5986.353407669182 
35.48 	 5795.544460730401 
35.5 	 5637.709570339962 
35.52 	 5510.478862624142 
35.54 	 5410.347443424524 
35.56 	 5333.577097074193 
35.58 	 5275.874488898655 
35.6 	 5233.050240276762 
35.62 	 5200.9622153873015 
35.64 	 5175.994989214015 
35.66 	 5155.098462996 
35.68 	 5136.080345818931 
35.7 	 5117.566659494775 
35.72 	 5099.084019530644 
35.74 	 5080.8488900474385 
35.76 	 5063.665491442902 
35.78 	 5048.582834982207 
35.8 	 5036.705664635617 
35.82 	 5028.8636918786415 
35.84 	 5025.467538156493 
35.86 	 5026.346547591705 
35.88 	 5030.746963266199 
35.9 	 5037.406748908964 
35.92 	 5044.707097908829 
35.94 	 5050.92292555539 
35.96 	 5054.455845219329 
35.98 	 5054.111016096102 
36.0 	 5049.311505678629 
36.02 	 5040.260532820868 
36.04 	 5028.074768196286 
36.06 	 5014.786153560223 
36.08 	 5003.396798625276 
36.1 	 4997.7903374724465 
36.12 	 5002.740707553535 
36.14 	 5023.862892096355 
36.16 	 5067.555822733848 
36.18 	 5141.0948152561 
36.2 	 5252.3584529064965 
36.22 	 5410.093887360635 
36.24 	 5623.128314325226 
36.26 	 5900.82979792689 
36.28 	 6251.4245184254305 
36.3 	 6682.839781981098 
36.32 	 7199.799559166134 
36.34 	 7805.592192061513 
36.36 	 8497.775416340643 
36.38 	 9271.799745340293 
36.4 	 10115.315597694325 
36.42 	 11014.672950021151 
36.44 	 11947.895379040528 
36.46 	 12894.546397584701 
36.48 	 13827.44538548176 
36.5 	 14725.242599146686 
36.52 	 15563.030485576965 
36.54 	 16325.719776192425 
36.56 	 16997.93301101514 
36.58 	 17575.737014893646 
36.6 	 18056.52788691668 
36.62 	 18447.347968943315 
36.64 	 18755.717811348753 
36.66 	 18994.318175948512 
36.68 	 19173.752625344725 
36.7 	 19304.797039042234 
36.72 	 19393.83297577155 
36.74 	 19444.236730244596 
36.76 	 19454.766386517585 
36.78 	 19420.850471535206 
36.8 	 19335.717393315837 
36.82 	 19191.0522720011 
36.84 	 18980.341976882813 
36.86 	 18697.55789609008 
36.88 	 18342.14907100627 
36.9 	 17914.622173210624 
36.92 	 17422.754384636217 
36.94 	 16873.989134174357 
36.96 	 16282.577131342443 
36.98 	 15659.865740843981 
37.0 	 15022.09513060305 
37.02 	 14380.227786722848 
37.04 	 13748.035829790142 
37.06 	 13132.882379310737 
37.08 	 12543.62861016947 
37.1 	 11983.058234422251 
37.12 	 11455.114056771707 
37.14 	 10958.955555021632 
37.16 	 10495.157004987248 
37.18 	 10061.024999415995 
37.2 	 9655.618265547799 
37.22 	 9275.936380037312 
37.24 	 8920.853605520191 
37.26 	 8587.942458369216 
37.28 	 8276.551807035368 
37.3 	 7985.168940889275 
37.32 	 7713.881849909325 
37.34 	 7462.235290263066 
37.36 	 7231.233989566008 
37.38 	 7021.631792111206 
37.4 	 6835.518828303012 
37.42 	 6674.951134691961 
37.44 	 6543.070554822289 
37.46 	 6442.97821552861 
37.48 	 6378.293600815368 
37.5 	 6352.226412404494 
37.52 	 6367.515268603755 
37.54 	 6425.768577172881 
37.56 	 6526.838083959532 
37.58 	 6668.646536780451 
37.6 	 6846.203961116658 
37.62 	 7052.21830277403 
37.64 	 7276.067281943662 
37.66 	 7505.370257173764 
37.68 	 7725.216110808359 
37.7 	 7920.5135805156115 
37.72 	 8075.65376807526 
37.74 	 8176.987194617092 
37.76 	 8212.948312173441 
37.78 	 8175.721604605547 
37.8 	 8061.757539045261 
37.82 	 7871.843880393143 
37.84 	 7611.923295262133 
37.86 	 7291.374473325102 
37.88 	 6924.0685148633 
37.9 	 6525.371049337701 
37.92 	 6113.392295814635 
37.94 	 5705.633380686328 
37.96 	 5320.350562190841 
37.98 	 4973.686291196081 
38.0 	 4680.979439084294 
38.02 	 4454.788792214993 
38.04 	 4305.891240740464 
38.06 	 4242.170285402428 
38.08 	 4269.033860422937 
38.1 	 4388.98900984525 
38.12 	 4601.320532668238 
38.14 	 4902.347731628606 
38.16 	 5284.382757166483 
38.18 	 5736.959827028072 
38.2 	 6245.224954449493 
38.22 	 6792.53022113129 
38.24 	 7358.421682956168 
38.26 	 7922.696258410132 
38.28 	 8463.094902016208 
38.3 	 8960.301592086986 
38.32 	 9395.432448348618 
38.34 	 9754.870401883081 
38.36 	 10027.73607897039 
38.38 	 10209.31148475338 
38.4 	 10298.827480867005 
38.42 	 10300.689681838046 
38.44 	 10222.98972519353 
38.46 	 10076.55792076534 
38.48 	 9874.515839906466 
38.5 	 9629.873183263437 
38.52 	 9356.211521515337 
38.54 	 9064.779749495243 
38.56 	 8766.137762150434 
38.58 	 8467.486717500895 
38.6 	 8174.917840998673 
38.62 	 7891.2927270161645 
38.64 	 7618.6933370959305 
38.66 	 7356.811085785478 
38.68 	 7105.266437417316 
38.7 	 6862.298620046585 
38.72 	 6626.758995688672 
38.74 	 6396.897971777436 
38.76 	 6171.973460540266 
38.78 	 5951.026519453717 
38.8 	 5734.1461991849355 
38.82 	 5521.23226417579 
38.84 	 5313.008590717594 
38.86 	 5109.840503207402 
38.88 	 4912.595186071336 
38.9 	 4721.595079501062 
38.92 	 4537.398471581457 
38.94 	 4359.938937663696 
38.96 	 4189.260206142782 
38.98 	 4024.841766260127 
39.0 	 3866.2875496491947 
39.02 	 3712.797579804051 
39.04 	 3563.791987630032 
39.06 	 3418.473251130358 
39.08 	 3276.3669845623313 
39.1 	 3136.927830679105 
39.12 	 2999.9892491617293 
39.14 	 2865.38716204643 
39.16 	 2733.3234485309513 
39.18 	 2604.00275797016 
39.2 	 2477.922892256731 
39.22 	 2355.5345310603 
39.24 	 2237.475118490219 
39.26 	 2124.266924421839 
39.28 	 2016.5108397604981 
39.3 	 1914.6366502937844 
39.32 	 1819.0704307649225 
39.34 	 1730.0443318743055 
39.36 	 1647.7464056607757 
39.38 	 1572.1880083380904 
39.4 	 1503.3385676117446 
39.42 	 1441.0397915490355 
39.44 	 1385.1219311542905 
39.46 	 1335.3482527192077 
39.48 	 1291.5059138601134 
39.5 	 1253.3632675045958 
39.52 	 1220.728639853468 
39.54 	 1193.4067516064956 
39.56 	 1171.2222525877341 
39.58 	 1153.9686385226453 
39.6 	 1141.3998506950825 
39.62 	 1133.174487108235 
39.64 	 1128.8277602513215 
39.66 	 1127.7242551494069 
39.68 	 1129.0323140534379 
39.7 	 1131.7064527616155 
39.72 	 1134.4917445768867 
39.74 	 1135.9555398099715 
39.76 	 1134.5433543787065 
39.78 	 1128.6630377209888 
39.8 	 1116.7924508721528 
39.82 	 1097.5904428169815 
39.84 	 1070.0271954150337 
39.86 	 1033.4704526985295 
39.88 	 987.7890648778616 
39.9 	 933.3601567162427 
39.92 	 871.1018461023784 
39.94 	 802.3766870715114 
39.96 	 728.9424120958782 
39.98 	 652.7757663362784 
40.0 	 575.9720891728731 
40.02 	 500.5522047195431 
40.04 	 428.3661342105899 
40.06 	 360.95002518000666 
40.08 	 299.4814778708907 
40.1 	 244.72310787871572 
40.12 	 197.04459998176486 
40.14 	 156.44638032606306 
40.16 	 122.62935467931959 
40.18 	 95.06233426081825 
40.2 	 73.06409564686749 
40.22 	 55.873827061058904 
40.24 	 42.71557503100264 
40.26 	 32.84606734393794 
40.28 	 25.58901195691279 
40.3 	 20.354394326124364 
40.32 	 16.64643069042558 
40.34 	 14.061757222808321 
40.36 	 12.282142742329809 
40.38 	 11.062987977784479 
40.4 	 10.221257803172984 
40.42 	 9.623186586607623 
40.44 	 9.173381305069533 
40.46 	 8.805714708502517 
40.48 	 8.47594740387423 
40.5 	 8.156135023291698 
40.52 	 7.8306598949811095 
40.54 	 7.492930039011573 
40.56 	 7.144039577138192 
40.58 	 6.791211757612204 
40.6 	 6.44807981490996 
40.62 	 6.135039013044247 
40.64 	 5.881633063244513 
40.66 	 5.729658298018002 
40.68 	 5.73889625000476 
40.7 	 5.994406331311636 
40.72 	 6.616873171667673 
40.74 	 7.775085178402507 
40.76 	 9.701545014262623 
40.78 	 12.708766140390042 
40.8 	 17.206096725543173 
40.82 	 23.714443138523595 
40.84 	 32.87556687347685 
40.86 	 45.45279838915806 
40.88 	 62.318423304595214 
40.9 	 84.42538324183383 
40.92 	 112.75822752120754 
40.94 	 148.26665550929434 
40.96 	 191.77653544688064 
40.98 	 243.89486570392282 
41.0 	 304.89916770117975 
41.02 	 374.6504304266799 
41.04 	 452.5014978479359 
41.06 	 537.2735159349411 
41.08 	 627.2295847564262 
41.1 	 720.1618089584821 
41.12 	 813.4532405053468 
41.14 	 904.2802456944383 
41.16 	 989.7405886938923 
41.18 	 1067.1170900685954 
41.2 	 1134.0090950890267 
41.22 	 1188.5639968857545 
41.24 	 1229.5419636403979 
41.26 	 1256.4304712594746 
41.28 	 1269.4060341913316 
41.3 	 1269.3012893938774 
41.32 	 1257.481798051028 
41.34 	 1235.7019184729877 
41.36 	 1205.9552887740476 
41.38 	 1170.2948579764832 
41.4 	 1130.720053201009 
41.42 	 1089.03080632307 
41.44 	 1046.7863004915494 
41.46 	 1005.2262505637858 
41.48 	 965.2981763381854 
41.5 	 927.6399611524361 
41.52 	 892.6473637790197 
41.54 	 860.4907557490054 
41.56 	 831.19044387867 
41.58 	 804.64049438887 
41.6 	 780.6703133521673 
41.62 	 759.0600585137472 
41.64 	 739.581403984099 
41.66 	 722.0011232653666 
41.68 	 706.1039821307068 
41.7 	 691.6878817176267 
41.72 	 678.5754266932502 
41.74 	 666.6054625151727 
41.76 	 655.6390831243845 
41.78 	 645.5509758515487 
41.8 	 636.2333231985388 
41.82 	 627.5884499288013 
41.84 	 619.5321064731943 
41.86 	 611.9876297674447 
41.88 	 604.8890762941763 
41.9 	 598.1766534101565 
41.92 	 591.7998136058038 
41.94 	 585.7136821150729 
41.96 	 579.8821427239309 
41.98 	 574.2749684969075 
42.0 	 568.8707652515899 
42.02 	 563.6544064096561 
42.04 	 558.6195220219806 
42.06 	 553.7657812760613 
42.08 	 549.1006145637425 
42.1 	 544.6360896527466 
42.12 	 540.3898239719762 
42.14 	 536.3816129775727 
42.16 	 532.6338746439711 
42.18 	 529.1685087253134 
42.2 	 526.0073408636185 
42.22 	 523.1696639242034 
42.24 	 520.6729214718627 
42.26 	 518.5310077907727 
42.28 	 516.7550248231707 
42.3 	 515.3520888711987 
42.32 	 514.3258325795047 
42.34 	 513.6754955773828 
42.36 	 513.3961233384542 
42.38 	 513.478126582175 
42.4 	 513.9076180505828 
42.42 	 514.667020123797 
42.44 	 515.7361453598456 
42.46 	 517.0943157014692 
42.48 	 518.722384089216 
42.5 	 520.6060577684117 
42.52 	 522.7381705530435 
42.54 	 525.1220040009808 
42.56 	 527.7723422082921 
42.58 	 530.7172340103709 
42.6 	 533.9964106590492 
42.62 	 537.6605387131375 
42.64 	 541.7665978749651 
42.66 	 546.3751060944205 
42.68 	 551.543535184103 
42.7 	 557.3234382983755 
42.72 	 563.7540889873742 
42.74 	 570.862116172147 
42.76 	 578.6576347869933 
42.78 	 587.1385031650951 
42.8 	 596.2902972900379 
42.82 	 606.095944317568 
42.84 	 616.5394376290998 
42.86 	 627.6201459157203 
42.88 	 639.3589624595194 
42.9 	 651.8158410814223 
42.92 	 665.0969076074771 
42.94 	 679.3744871662294 
42.96 	 694.8950355710601 
42.98 	 712.0033453359797 
43.0 	 731.1536006873947 
43.02 	 752.9425576762942 
43.04 	 778.1274320969334 
43.06 	 807.6735990010047 
43.08 	 842.7791171694396 
43.1 	 884.9363429087335 
43.12 	 935.9487257919242 
43.14 	 997.9897779513838 
43.16 	 1073.572127683527 
43.18 	 1165.5662001528715 
43.2 	 1277.0529474430718 
43.22 	 1411.2562223854363 
43.24 	 1571.2006458518397 
43.26 	 1759.5445926354173 
43.28 	 1977.9996481982816 
43.3 	 2227.145835793541 
43.32 	 2505.658231825481 
43.34 	 2810.3208897936042 
43.36 	 3135.2182564268437 
43.38 	 3472.2527141658857 
43.4 	 3810.524341540102 
43.42 	 4137.577778767344 
43.44 	 4439.149743554112 
43.46 	 4701.0656822668925 
43.48 	 4909.379754230694 
43.5 	 5052.420280506876 
43.52 	 5121.164136553304 
43.54 	 5110.663726222398 
43.56 	 5020.406370384125 
43.58 	 4854.498342425076 
43.6 	 4621.834268019622 
43.62 	 4334.965897844476 
43.64 	 4010.1149098138308 
43.66 	 3665.3005464171797 
43.68 	 3320.436589665836 
43.7 	 2995.6187185430053 
43.72 	 2711.5904395221746 
43.74 	 2488.899329633052 
43.76 	 2348.8131083959765 
43.78 	 2313.4888867199675 
43.8 	 2407.0150710750922 
43.82 	 2656.1629478477153 
43.84 	 3090.7443868084615 
43.86 	 3744.3323357153554 
43.88 	 4652.63086007534 
43.9 	 5854.150671348853 
43.92 	 7384.6932694065945 
43.94 	 9279.734535424754 
43.96 	 11562.145293819924 
43.98 	 14251.135976485675 
44.0 	 17338.716248827674 
44.02 	 20813.842423727423 
44.04 	 24621.221973959568 
44.06 	 28711.709171877614 
44.08 	 32976.50941449891 
44.1 	 37332.67900383915 
44.12 	 41629.12157906074 
44.14 	 45766.94681628183 
44.16 	 49582.242881280516 
44.18 	 52986.62320981098 
44.2 	 55843.18247172371 
44.22 	 58099.47972223711 
44.24 	 59681.10241111365 
44.26 	 60586.05607800518 
44.28 	 60819.0043303916 
44.3 	 60426.38128765918 
44.32 	 59483.094723354094 
44.34 	 58066.88761769685 
44.36 	 56293.93820977856 
44.38 	 54248.70652907464 
44.4 	 52053.21896488265 
44.42 	 49776.51320761411 
44.44 	 47518.65163689057 
44.46 	 45320.88905343072 
44.48 	 43248.59143331097 
44.5 	 41314.42858817155 
44.52 	 39550.58771883053 
44.54 	 37948.641681559006 
44.56 	 36517.35725139575 
44.58 	 35237.60997774886 
44.6 	 34106.100326883934 
44.62 	 33101.85602355905 
44.64 	 32218.149977020144 
44.66 	 31437.354329464008 
44.68 	 30753.830530508858 
44.7 	 30154.81683307479 
44.72 	 29636.697837248386 
44.74 	 29190.471808526378 
44.76 	 28813.178766394125 
44.78 	 28497.07754827586 
44.8 	 28237.507098017537 
44.82 	 28025.208397747774 
44.84 	 27851.67934962581 
44.86 	 27704.1291882942 
44.88 	 27569.424793118524 
44.9 	 27430.961696245387 
44.92 	 27272.41495615879 
44.94 	 27075.392703060676 
44.96 	 26824.189727631267 
44.98 	 26502.648287289296 
45.0 	 26100.831642024114 
45.02 	 25609.399260975017 
45.04 	 25028.58424229146 
45.06 	 24358.90984535873 
45.08 	 23612.23435124384 
45.1 	 22798.77962690862 
45.12 	 21939.522881385343 
45.14 	 21050.811657647435 
45.16 	 20157.17525464557 
45.18 	 19275.605031410232 
45.2 	 18427.91249290038 
45.22 	 17626.680119179353 
45.24 	 16886.488629573672 
45.26 	 16212.753785973666 
45.28 	 15611.374293018893 
45.3 	 15080.680108423014 
45.32 	 14619.272169609998 
45.34 	 14220.5794226804 
45.36 	 13878.865648364152 
45.38 	 13585.593929907764 
45.4 	 13333.75717027153 
45.42 	 13115.302469955905 
45.44 	 12924.087688379579 
45.46 	 12753.858022992672 
45.48 	 12600.222612020989 
45.5 	 12458.941565028495 
45.52 	 12327.32545196547 
45.54 	 12202.76411645481 
45.56 	 12083.860464504472 
45.58 	 11969.171440230404 
45.6 	 11858.230651440612 
45.62 	 11750.434146106252 
45.64 	 11645.971694589573 
45.66 	 11544.778127955227 
45.68 	 11447.354140334557 
45.7 	 11353.76522533096 
45.72 	 11264.379278799142 
45.74 	 11178.97599432649 
45.76 	 11097.475345557725 
45.78 	 11019.229098000815 
45.8 	 10943.7875035736 
45.82 	 10870.356960580915 
45.84 	 10798.563730809981 
45.86 	 10727.956784681879 
45.88 	 10658.66367385402 
45.9 	 10590.806847226473 
45.92 	 10524.98391233842 
45.94 	 10461.581686746635 
45.96 	 10401.134675805335 
45.98 	 10343.670228180848 
46.0 	 10289.096097886806 
46.02 	 10236.74464485546 
46.04 	 10185.90458789596 
46.06 	 10135.592412929762 
46.08 	 10085.18169409107 
46.1 	 10034.226531601436 
46.12 	 9982.996332164566 
46.14 	 9932.112074628023 
46.16 	 9882.821682625767 
46.18 	 9836.38368723633 
46.2 	 9794.123685813038 
46.22 	 9756.777673154345 
46.24 	 9724.571552186457 
46.26 	 9696.849402537258 
46.28 	 9672.40665131238 
46.3 	 9649.533569952462 
46.32 	 9626.58840784308 
46.34 	 9602.232660780075 
46.36 	 9575.966366582874 
46.38 	 9548.146055964995 
46.4 	 9520.175341344486 
46.42 	 9494.078122453042 
46.44 	 9472.293922241359 
46.46 	 9456.995984885585 
46.48 	 9449.768180705942 
46.5 	 9451.148129711226 
46.52 	 9460.56609523726 
46.54 	 9476.483147366176 
46.56 	 9496.73788575824 
46.58 	 9519.200971917424 
46.6 	 9542.276297616252 
46.62 	 9565.567522059393 
46.64 	 9590.04228410041 
46.66 	 9618.175893732292 
46.68 	 9653.42563847545 
46.7 	 9699.753487477154 
46.72 	 9760.49763913062 
46.74 	 9837.766795496835 
46.76 	 9931.217076415103 
46.78 	 10038.08059806413 
46.8 	 10152.435214300662 
46.82 	 10266.31425069647 
46.84 	 10369.730727039308 
46.86 	 10452.581928335909 
46.88 	 10505.209799697264 
46.9 	 10520.16667764607 
46.92 	 10492.819690162507 
46.94 	 10421.961646967 
46.96 	 10310.087167801748 
46.98 	 10162.408945672063 
47.0 	 9986.837057580706 
47.02 	 9791.812755507226 
47.04 	 9586.399764710797 
47.06 	 9377.892346779841 
47.08 	 9172.490323502381 
47.1 	 8973.531972875957 
47.12 	 8782.912269271808 
47.14 	 8600.175051635157 
47.16 	 8424.368198306644 
47.18 	 8253.589853310155 
47.2 	 8086.703381410936 
47.22 	 7922.718942707203 
47.24 	 7761.923273196795 
47.26 	 7604.783759498271 
47.28 	 7452.486307090612 
47.3 	 7305.574782324772 
47.32 	 7164.30601581016 
47.34 	 7027.542787009869 
47.36 	 6893.420173667588 
47.38 	 6758.855232706334 
47.4 	 6620.717219302569 
47.42 	 6475.833983416626 
47.44 	 6322.402190804447 
47.46 	 6159.947384945011 
47.48 	 5990.441436307897 
47.5 	 5817.653724915437 
47.52 	 5647.5647513683125 
47.54 	 5486.971500730137 
47.56 	 5343.222418351719 
47.58 	 5222.519608598368 
47.6 	 5129.448487678762 
47.62 	 5065.740877909358 
47.64 	 5030.208845029025 
47.66 	 5018.554453142006 
47.68 	 5024.027467673907 
47.7 	 5038.281594581256 
47.72 	 5052.548917419612 
47.74 	 5058.915046605063 
47.76 	 5051.403191213069 
47.78 	 5026.7831167333115 
47.8 	 4984.963489746799 
47.82 	 4928.7498808450355 
47.84 	 4863.357012966479 
47.86 	 4795.208102306643 
47.88 	 4730.928233575287 
47.9 	 4675.886007127459 
47.92 	 4633.355863693969 
47.94 	 4603.645810517647 
47.96 	 4584.011557556113 
47.98 	 4568.818350268905 
48.0 	 4550.33553935828 
48.02 	 4519.723828177589 
48.04 	 4468.341056965972 
48.06 	 4388.844442029279 
48.08 	 4276.400114124014 
48.1 	 4129.1315679884765 
48.12 	 3948.750579649353 
48.14 	 3739.9716419329015 
48.16 	 3510.4489246852845 
48.18 	 3269.351108142534 
48.2 	 3026.8687695678964 
48.22 	 2792.5586344812023 
48.24 	 2574.880892501173 
48.26 	 2379.966953748598 
48.28 	 2211.578399394154 
48.3 	 2070.6616417674477 
48.32 	 1955.8512726988024 
48.34 	 1863.75641614809 
48.36 	 1789.820588986835 
48.38 	 1728.9649379066684 
48.4 	 1676.4316107224652 
48.42 	 1628.320348161302 
48.44 	 1582.0687280530651 
48.46 	 1536.5657013497512 
48.48 	 1492.1280403665958 
48.5 	 1450.1572397294763 
48.52 	 1412.7359968477208 
48.54 	 1382.0594314485963 
48.56 	 1359.9560140863082 
48.58 	 1347.435146843567 
48.6 	 1344.441805637627 
48.62 	 1349.7721925999458 
48.64 	 1361.2055214078218 
48.66 	 1375.8102032599343 
48.68 	 1390.3592010727527 
48.7 	 1401.8169160343077 
48.72 	 1407.7745564235697 
48.74 	 1406.806553118324 
48.76 	 1398.6561878997916 
48.78 	 1384.2373209702173 
48.8 	 1365.4572186931211 
48.82 	 1344.860251727874 
48.84 	 1325.1972129837739 
48.86 	 1308.9262530455096 
48.88 	 1297.7906414052725 
48.9 	 1292.4747054069976 
48.92 	 1292.4435347753442 
48.94 	 1295.9516180527926 
48.96 	 1300.2380151088344 
48.98 	 1301.8706070032147 
49.0 	 1297.1828351134213 
49.02 	 1282.7421521195843 
49.04 	 1255.7885412130465 
49.06 	 1214.5575257175692 
49.08 	 1158.505146563231 
49.1 	 1088.3185677312913 
49.12 	 1005.8555590217123 
49.14 	 913.861887195318 
49.16 	 815.7144264942921 
49.18 	 715.0121821177434 
49.2 	 615.2939762210224 
49.22 	 519.6984734922287 
49.24 	 430.79896709556976 
49.26 	 350.4461616711749 
49.28 	 279.7664052334687 
49.3 	 219.1842542384595 
49.32 	 168.53915510392753 
49.34 	 127.20805916620522 
49.36 	 94.2575627466555 
49.38 	 68.57704014846853 
49.4 	 48.999620073653716 
49.42 	 34.39207597513692 
49.44 	 23.71876122917589 
49.46 	 16.077490932559936 
49.48 	 10.714668906255206 
49.5 	 7.022993097832714 
49.52 	 4.5290960803188725 
49.54 	 2.8746825660940902 
49.56 	 1.796829319009781 
49.58 	 1.1064911243181528 
49.6 	 0.6712255555354739 
49.62 	 0.40016903125740927 
49.64 	 0.23713521856902336 
49.66 	 0.14034761064711274 
49.68 	 0.08390751894299826 
49.7 	 0.05308913837309922 
49.72 	 0.0 
49.74 	 0.0 
49.76 	 0.0 
49.78 	 0.0 
49.8 	 0.0 
49.82 	 0.0 
49.84 	 0.0 
49.86 	 0.0 
49.88 	 0.0 
49.9 	 0.0 
49.92 	 0.0 
49.94 	 0.0 
49.96 	 0.0 
49.98 	 0.0 
50.0 	 0.0 
50.02 	 0.0 
50.04 	 0.0 
50.06 	 0.0 
50.08 	 0.0 
50.1 	 0.0 
50.12 	 0.0 
50.14 	 0.0 
50.16 	 0.0 
50.18 	 0.0 
50.2 	 0.0 
50.22 	 0.0 
50.24 	 0.0 
50.26 	 0.0 
50.28 	 0.0 
50.3 	 0.0 
50.32 	 0.0 
50.34 	 0.0 
50.36 	 0.0 
50.38 	 0.0 
50.4 	 0.0 
50.42 	 0.0 
50.44 	 0.0 
50.46 	 0.0 
50.48 	 0.0 
50.5 	 0.0 
50.52 	 0.0 
50.54 	 0.0 
50.56 	 0.0 
50.58 	 0.0 
50.6 	 0.0 
50.62 	 0.0 
50.64 	 0.0 
50.66 	 0.0 
50.68 	 0.0 
50.7 	 0.0 
50.72 	 0.0 
50.74 	 0.0 
50.76 	 0.0 
50.78 	 0.0 
50.8 	 0.0 
50.82 	 0.0 
50.84 	 0.0 
50.86 	 0.0 
50.88 	 0.0 
50.9 	 0.0 
50.92 	 0.0 
50.94 	 0.0 
50.96 	 0.0 
50.98 	 0.0 
51.0 	 0.0 
51.02 	 0.0 
51.04 	 0.0 
51.06 	 0.0 
51.08 	 0.0 
51.1 	 0.0 
51.12 	 0.0 
51.14 	 0.0 
51.16 	 0.0 
51.18 	 0.0 
51.2 	 0.0 
51.22 	 0.0 
51.24 	 0.0 
51.26 	 0.0 
51.28 	 0.0 
51.3 	 0.0 
51.32 	 0.0 
51.34 	 0.0 
51.36 	 0.0 
51.38 	 0.0 
51.4 	 0.0 
51.42 	 0.0 
51.44 	 0.0 
51.46 	 0.0 
51.48 	 0.0 
51.5 	 0.0 
51.52 	 0.0 
51.54 	 0.0 
51.56 	 0.0 
51.58 	 0.0 
51.6 	 0.0 
51.62 	 0.0 
51.64 	 0.0 
51.66 	 0.0 
51.68 	 0.0 
51.7 	 0.0 
51.72 	 0.0 
51.74 	 0.0 
51.76 	 0.0 
51.78 	 0.0 
51.8 	 0.0 
51.82 	 0.0 
51.84 	 0.0 
51.86 	 0.0 
51.88 	 0.0 
51.9 	 0.0 
51.92 	 0.0 
51.94 	 0.0 
51.96 	 0.0 
51.98 	 0.0 
52.0 	 0.0 
52.02 	 0.0 
52.04 	 0.0 
52.06 	 0.0 
52.08 	 0.0 
52.1 	 0.0 
52.12 	 0.0 
52.14 	 0.0 
52.16 	 0.0 
52.18 	 0.0 
52.2 	 0.0 
52.22 	 0.0 
52.24 	 0.0 
52.26 	 0.0 
52.28 	 0.0 
52.3 	 0.0 
52.32 	 0.0 
52.34 	 0.0 
52.36 	 0.0 
52.38 	 0.0 
52.4 	 0.0 
52.42 	 0.0 
52.44 	 0.0 
52.46 	 0.0 
52.48 	 0.0 
52.5 	 0.0 
52.52 	 0.0 
52.54 	 0.0 
52.56 	 0.0 
52.58 	 0.0 
52.6 	 0.0 
52.62 	 0.0 
52.64 	 0.0 
52.66 	 0.0 
52.68 	 0.0 
52.7 	 0.0 
52.72 	 0.0 
52.74 	 0.0 
52.76 	 0.0 
52.78 	 0.0 
52.8 	 0.0 
52.82 	 0.0 
52.84 	 0.0 
52.86 	 0.0 
52.88 	 0.0 
52.9 	 0.0 
52.92 	 0.0 
52.94 	 0.0 
52.96 	 0.0 
52.98 	 0.0 
53.0 	 0.0 
53.02 	 0.0 
53.04 	 0.0 
53.06 	 0.0 
53.08 	 0.0 
53.1 	 0.0 
53.12 	 0.0 
53.14 	 0.0 
53.16 	 0.0 
53.18 	 0.0 
53.2 	 0.0 
53.22 	 0.0 
53.24 	 0.0 
53.26 	 0.0 
53.28 	 0.0 
53.3 	 0.0 
53.32 	 0.0 
53.34 	 0.0 
53.36 	 0.0 
53.38 	 0.0 
53.4 	 0.0 
53.42 	 0.0 
53.44 	 0.0 
53.46 	 0.0 
53.48 	 0.0 
53.5 	 0.0 
53.52 	 0.0 
53.54 	 0.0 
53.56 	 0.0 
53.58 	 0.0 
53.6 	 0.0 
53.62 	 0.0 
53.64 	 0.0 
53.66 	 0.0 
53.68 	 0.0 
53.7 	 0.0 
53.72 	 0.0 
53.74 	 0.0 
53.76 	 0.0 
53.78 	 0.0 
53.8 	 0.0 
53.82 	 0.0 
53.84 	 0.0 
53.86 	 0.0 
53.88 	 0.0 
53.9 	 0.0 
53.92 	 0.0 
53.94 	 0.0 
53.96 	 0.0 
53.98 	 0.0 
54.0 	 0.0 
54.02 	 0.0 
54.04 	 0.0 
54.06 	 0.0 
54.08 	 0.0 
54.1 	 0.0 
54.12 	 0.0 
54.14 	 0.0 
54.16 	 0.0 
54.18 	 0.0 
54.2 	 0.0 
54.22 	 0.0 
54.24 	 0.0 
54.26 	 0.0 
54.28 	 0.0 
54.3 	 0.0 
54.32 	 0.0 
54.34 	 0.0 
54.36 	 0.0 
54.38 	 0.0 
54.4 	 0.0 
54.42 	 0.0 
54.44 	 0.0 
54.46 	 0.0 
54.48 	 0.0 
54.5 	 0.0 
54.52 	 0.0 
54.54 	 0.0 
54.56 	 0.0 
54.58 	 0.0 
54.6 	 0.0 
54.62 	 0.0 
54.64 	 0.0 
54.66 	 0.0 
54.68 	 0.0 
54.7 	 0.0 
54.72 	 0.0 
54.74 	 0.0 
54.76 	 0.0 
54.78 	 0.0 
54.8 	 0.0 
54.82 	 0.0 
54.84 	 0.0 
54.86 	 0.0 
54.88 	 0.0 
54.9 	 0.0 
54.92 	 0.0 
54.94 	 0.0 
54.96 	 0.0 
54.98 	 0.0 
55.0 	 0.0 
55.02 	 0.0 
55.04 	 0.0 
55.06 	 0.0 
55.08 	 0.0 
55.1 	 0.0 
55.12 	 0.0 
55.14 	 0.0 
55.16 	 0.0 
55.18 	 0.0 
55.2 	 0.0 
55.22 	 0.0 
55.24 	 0.0 
55.26 	 0.0 
55.28 	 0.0 
55.3 	 0.0 
55.32 	 0.0 
55.34 	 0.0 
55.36 	 0.0 
55.38 	 0.0 
55.4 	 0.0 
55.42 	 0.0 
55.44 	 0.0 
55.46 	 0.0 
55.48 	 0.0 
55.5 	 0.0 
55.52 	 0.0 
55.54 	 0.0 
55.56 	 0.0 
55.58 	 0.0 
55.6 	 0.0 
55.62 	 0.0 
55.64 	 0.0 
55.66 	 0.0 
55.68 	 0.0 
55.7 	 0.0 
55.72 	 0.0 
55.74 	 0.0 
55.76 	 0.0 
55.78 	 0.0 
55.8 	 0.0 
55.82 	 0.0 
55.84 	 0.0 
55.86 	 0.0 
55.88 	 0.0 
55.9 	 0.0 
55.92 	 0.0 
55.94 	 0.0 
55.96 	 0.0 
55.98 	 0.0 
56.0 	 0.0 
56.02 	 0.0 
56.04 	 0.0 
56.06 	 0.0 
56.08 	 0.0 
56.1 	 0.0 
56.12 	 0.0 
56.14 	 0.0 
56.16 	 0.0 
56.18 	 0.0 
56.2 	 0.0 
56.22 	 0.0 
56.24 	 0.0 
56.26 	 0.0 
56.28 	 0.0 
56.3 	 0.0 
56.32 	 0.0 
56.34 	 0.0 
56.36 	 0.0 
56.38 	 0.0 
56.4 	 0.0 
56.42 	 0.0 
56.44 	 0.0 
56.46 	 0.0 
56.48 	 0.0 
56.5 	 0.0 
56.52 	 0.0 
56.54 	 0.0 
56.56 	 0.0 
56.58 	 0.0 
56.6 	 0.0 
56.62 	 0.0 
56.64 	 0.0 
56.66 	 0.0 
56.68 	 0.0 
56.7 	 0.0 
56.72 	 0.0 
56.74 	 0.0 
56.76 	 0.0 
56.78 	 0.0 
56.8 	 0.0 
56.82 	 0.0 
56.84 	 0.0 
56.86 	 0.0 
56.88 	 0.0 
56.9 	 0.0 
56.92 	 0.0 
56.94 	 0.0 
56.96 	 0.0 
56.98 	 0.0 
57.0 	 0.0 
57.02 	 0.0 
57.04 	 0.0 
57.06 	 0.0 
57.08 	 0.0 
57.1 	 0.0 
57.12 	 0.0 
57.14 	 0.0 
57.16 	 0.0 
57.18 	 0.0 
57.2 	 0.0 
57.22 	 0.0 
57.24 	 0.0 
57.26 	 0.0 
57.28 	 0.0 
57.3 	 0.0 
57.32 	 0.0 
57.34 	 0.0 
57.36 	 0.0 
57.38 	 0.0 
57.4 	 0.0 
57.42 	 0.0 
57.44 	 0.0 
57.46 	 0.0 
57.48 	 0.0 
57.5 	 0.0 
57.52 	 0.0 
57.54 	 0.0 
57.56 	 0.0 
57.58 	 0.0 
57.6 	 0.0 
57.62 	 0.0 
57.64 	 0.0 
57.66 	 0.0 
57.68 	 0.0 
57.7 	 0.0 
57.72 	 0.0 
57.74 	 0.0 
57.76 	 0.0 
57.78 	 0.0 
57.8 	 0.0 
57.82 	 0.0 
57.84 	 0.0 
57.86 	 0.0 
57.88 	 0.0 
57.9 	 0.0 
57.92 	 0.0 
57.94 	 0.0 
57.96 	 0.0 
57.98 	 0.0 
58.0 	 0.0 
58.02 	 0.0 
58.04 	 0.0 
58.06 	 0.0 
58.08 	 0.0 
58.1 	 0.0 
58.12 	 0.0 
58.14 	 0.0 
58.16 	 0.0 
58.18 	 0.0 
58.2 	 0.0 
58.22 	 0.0 
58.24 	 0.0 
58.26 	 0.0 
58.28 	 0.0 
58.3 	 0.0 
58.32 	 0.0 
58.34 	 0.0 
58.36 	 0.0 
58.38 	 0.0 
58.4 	 0.0 
58.42 	 0.0 
58.44 	 0.0 
58.46 	 0.0 
58.48 	 0.0 
58.5 	 0.0 
58.52 	 0.0 
58.54 	 0.0 
58.56 	 0.0 
58.58 	 0.0 
58.6 	 0.0 
58.62 	 0.0 
58.64 	 0.0 
58.66 	 0.0 
58.68 	 0.0 
58.7 	 0.0 
58.72 	 0.0 
58.74 	 0.0 
58.76 	 0.0 
58.78 	 0.0 
58.8 	 0.0 
58.82 	 0.0 
58.84 	 0.0 
58.86 	 0.0 
58.88 	 0.0 
58.9 	 0.0 
58.92 	 0.0 
58.94 	 0.0 
58.96 	 0.0 
58.98 	 0.0 
59.0 	 0.0 
59.02 	 0.0 
59.04 	 0.0 
59.06 	 0.0 
59.08 	 0.0 
59.1 	 0.0 
59.12 	 0.0 
59.14 	 0.0 
59.16 	 0.0 
59.18 	 0.0 
59.2 	 0.0 
59.22 	 0.0 
59.24 	 0.0 
59.26 	 0.0 
59.28 	 0.0 
59.3 	 0.0 
59.32 	 0.0 
59.34 	 0.0 
59.36 	 0.0 
59.38 	 0.0 
59.4 	 0.0 
59.42 	 0.0 
59.44 	 0.0 
59.46 	 0.0 
59.48 	 0.0 
59.5 	 0.0 
59.52 	 0.0 
59.54 	 0.0 
59.56 	 0.0 
59.58 	 0.0 
59.6 	 0.0 
59.62 	 0.0 
59.64 	 0.0 
59.66 	 0.0 
59.68 	 0.0 
59.7 	 0.0 
59.72 	 0.0 
59.74 	 0.0 
59.76 	 0.0 
59.78 	 0.0 
59.8 	 0.0 
59.82 	 0.0 
59.84 	 0.0 
59.86 	 0.0 
59.88 	 0.0 
59.9 	 0.0 
59.92 	 0.0 
59.94 	 0.0 
59.96 	 0.0 
59.98 	 0.0 
