0.0 	 0.0 
0.02 	 0.06542746109069372 
0.04 	 0.1405355497956292 
0.06 	 0.22403724311929776 
0.08 	 0.3145827009298797 
0.1 	 0.41095216557890013 
0.12 	 0.512228007606651 
0.14 	 0.6179209329167729 
0.16 	 0.7280321619062357 
0.18 	 0.8430430213632925 
0.2 	 0.9638342614593178 
0.22 	 1.0915478295583632 
0.24 	 1.2274123002873996 
0.26 	 1.3725585783516232 
0.28 	 1.5278542561167359 
0.3 	 1.693783019015001 
0.32 	 1.870390077778887 
0.34 	 2.0573064359806956 
0.36 	 2.253854788247878 
0.38 	 2.459229063847187 
0.4 	 2.6727292400795313 
0.42 	 2.8940242091086446 
0.44 	 3.1234092577966996 
0.46 	 3.3620219865382297 
0.48 	 3.611981828716432 
0.5 	 3.8764239347221783 
0.52 	 4.159407811989401 
0.54 	 4.465694065474457 
0.56 	 4.80039772829473 
0.58 	 5.168542516417556 
0.6 	 5.574555156466693 
0.62 	 6.0217509418127335 
0.64 	 6.511869273705281 
0.66 	 7.044720006657459 
0.68 	 7.617997547289145 
0.7 	 8.227310429803929 
0.72 	 8.866461161297845 
0.74 	 9.527997137745196 
0.76 	 10.204041681770144 
0.78 	 10.887408142376357 
0.8 	 11.573002242028487 
0.82 	 12.259529633845368 
0.84 	 12.951545773363636 
0.86 	 13.661909642528183 
0.88 	 14.414724476087251 
0.9 	 15.24885773809181 
0.92 	 16.222118066260823 
0.94 	 17.41611811878914 
0.96 	 18.941761639737326 
0.98 	 20.94515901922077 
1.0 	 23.613605452029947 
1.02 	 27.181067774433878 
1.04 	 31.932449955704957 
1.06 	 38.20578229918743 
1.08 	 46.39144926670474 
1.1 	 56.9276750277788 
1.12 	 70.29174901752556 
1.14 	 86.98689435863875 
1.16 	 107.52522303044175 
1.18 	 132.40780761435553 
1.2 	 162.10342181203697 
1.22 	 197.0278355398837 
1.24 	 237.52557950151532 
1.26 	 283.85574435619435 
1.28 	 336.1826486770722 
1.3 	 394.57118828643644 
1.32 	 458.9855522726126 
1.34 	 529.2890149853756 
1.36 	 605.2419702187834 
1.38 	 686.4955047505766 
1.4 	 772.5787441000266 
1.42 	 862.8799068263207 
1.44 	 956.6232434071904 
1.46 	 1052.846401915578 
1.48 	 1150.3847304860933 
1.5 	 1247.8700583853301 
1.52 	 1343.7511656315144 
1.54 	 1436.341253230408 
1.56 	 1523.894365057602 
1.58 	 1604.7083163019545 
1.6 	 1677.2469538395237 
1.62 	 1740.2703669148714 
1.64 	 1792.958826504445 
1.66 	 1835.0154133079643 
1.68 	 1866.7338115009325 
1.7 	 1889.0214852005972 
1.72 	 1903.3738782707978 
1.74 	 1911.8015139630484 
1.76 	 1916.717881190709 
1.78 	 1920.8007796571028 
1.8 	 1926.8425923299183 
1.82 	 1937.6053757860952 
1.84 	 1955.6947609386516 
1.86 	 1983.4628970866195 
1.88 	 2022.9457960473574 
1.9 	 2075.83530300253 
1.92 	 2143.481340132239 
1.94 	 2226.916639765024 
1.96 	 2326.894227280033 
1.98 	 2443.9274697140454 
2.0 	 2578.3233941024287 
2.02 	 2730.201901359275 
2.04 	 2899.496140331246 
2.06 	 3085.9323951205843 
2.08 	 3288.991172047905 
2.1 	 3507.8545688050904 
2.12 	 3741.3482378565623 
2.14 	 3987.888977457815 
2.16 	 4245.450724561967 
2.18 	 4511.56193486512 
2.2 	 4783.345516567377 
2.22 	 5057.608358813245 
2.24 	 5330.981174849035 
2.26 	 5600.101464333156 
2.28 	 5861.823964763981 
2.3 	 6113.435415456226 
2.32 	 6352.845286066429 
2.34 	 6578.722595230076 
2.36 	 6790.551848344914 
2.38 	 6988.588587721981 
2.4 	 7173.706516819388 
2.42 	 7347.142486077219 
2.44 	 7510.161254803843 
2.46 	 7663.677108416732 
2.48 	 7807.882309894317 
2.5 	 7941.9412634010205 
2.52 	 8063.812566076454 
2.54 	 8170.257429105294 
2.56 	 8257.081216552435 
2.58 	 8319.634615183035 
2.6 	 8353.572635076496 
2.62 	 8355.83487445365 
2.64 	 8325.772288230815 
2.66 	 8266.308474191492 
2.68 	 8184.992660217971 
2.7 	 8094.782941745518 
2.72 	 8014.397157177935 
2.74 	 7968.088861054461 
2.76 	 7984.7485058438515 
2.78 	 8096.29347849783 
2.8 	 8335.390107030362 
2.82 	 8732.638213521854 
2.84 	 9313.434046720356 
2.86 	 10094.799167151836 
2.88 	 11082.510065736735 
2.9 	 12268.876782884918 
2.92 	 13631.492638175701 
2.94 	 15133.209889279535 
2.96 	 16723.491326104355 
2.98 	 18341.154229454572 
3.0 	 19918.374010471016 
3.02 	 21385.666546199558 
3.04 	 22677.438334114067 
3.06 	 23737.59880154279 
3.08 	 24524.683098278103 
3.1 	 25015.94530271958 
3.12 	 25209.95387688457 
3.14 	 25127.34933137198 
3.16 	 24809.597619091717 
3.18 	 24315.775039606495 
3.2 	 23717.630175106602 
3.22 	 23093.361907858463 
3.24 	 22520.706302690793 
3.26 	 22070.018489926762 
3.28 	 21798.05400788706 
3.3 	 21743.09123161566 
3.32 	 21921.896641996995 
3.34 	 22328.83254463371 
3.36 	 22937.166617933748 
3.38 	 23702.39503943932 
3.4 	 24567.168775578542 
3.42 	 25467.245904787076 
3.44 	 26337.803745594552 
3.46 	 27119.4436062302 
3.48 	 27763.30513451392 
3.5 	 28234.860422671194 
3.52 	 28516.153876861237 
3.54 	 28606.460535798054 
3.56 	 28521.52128445733 
3.58 	 28291.652145071283 
3.6 	 27959.10031911431 
3.62 	 27575.02784342782 
3.64 	 27196.452622431087 
3.66 	 26883.383949145835 
3.68 	 26696.278864289245 
3.7 	 26693.8410456175 
3.72 	 26931.10557809352 
3.74 	 27457.713363256193 
3.76 	 28316.28074424348 
3.78 	 29540.806203491768 
3.8 	 31155.1124718605 
3.82 	 33171.38142271878 
3.84 	 35588.88432202656 
3.86 	 38393.03043153886 
3.88 	 41554.849749066765 
3.9 	 45030.99624494924 
3.92 	 48764.31773762444 
3.94 	 52685.00074330562 
3.96 	 56712.27339113351 
3.98 	 60756.64010406173 
4.0 	 64722.62321341061 
4.02 	 68511.98739989493 
4.04 	 72027.40902593787 
4.06 	 75176.5137701851 
4.08 	 77876.14086425972 
4.1 	 80056.61021277867 
4.12 	 81665.6892805801 
4.14 	 82671.9044884462 
4.16 	 83066.83948119248 
4.18 	 82866.12304979248 
4.2 	 82108.93112329485 
4.22 	 80855.9927441573 
4.24 	 79186.26950086515 
4.26 	 77192.63622865455 
4.28 	 74976.99580573737 
4.3 	 72645.2916412607 
4.32 	 70302.83337472066 
4.34 	 68050.2371844016 
4.36 	 65980.12898424816 
4.38 	 64174.60156288536 
4.4 	 62703.29010847853 
4.42 	 61621.86142537076 
4.44 	 60970.71373350398 
4.46 	 60773.75321398621 
4.48 	 61037.231882119144 
4.5 	 61748.7688451743 
4.52 	 62876.79821319369 
4.54 	 64370.75876205911 
4.56 	 66162.3391590092 
4.58 	 68168.00927729036 
4.6 	 70292.91148865604 
4.62 	 72435.98109473982 
4.64 	 74495.94967222816 
4.66 	 76377.70136672237 
4.68 	 77998.33855210729 
4.7 	 79292.29617679487 
4.72 	 80214.93195390799 
4.74 	 80744.20057346529 
4.76 	 80880.26458407869 
4.78 	 80643.160819154 
4.8 	 80068.88410762206 
4.82 	 79204.4300068364 
4.84 	 78102.42907076934 
4.86 	 76815.99794767865 
4.88 	 75394.3367472221 
4.9 	 73879.44193826208 
4.92 	 72304.11286414372 
4.94 	 70691.24293069835 
4.96 	 69054.23370481085 
4.98 	 67398.27137826277 
5.0 	 65722.16725691975 
5.02 	 64020.48144184967 
5.04 	 62285.70609057065 
5.06 	 60510.36057379402 
5.08 	 58688.92417060721 
5.1 	 56819.5857183333 
5.12 	 54905.81443506021 
5.14 	 52957.751215681434 
5.16 	 50993.39196812215 
5.18 	 49039.495825662656 
5.2 	 47132.114497599 
5.22 	 45316.61569970767 
5.24 	 43647.07030629866 
5.26 	 42184.891408874384 
5.28 	 40996.65172045157 
5.3 	 40151.0596546797 
5.32 	 39715.14000416026 
5.34 	 39749.739871034835 
5.36 	 40304.56289554649 
5.38 	 41413.0228058494 
5.4 	 43087.295688993145 
5.42 	 45314.02872777281 
5.44 	 48051.21522936658 
5.46 	 51226.75143269317 
5.48 	 54739.13013644171 
5.5 	 58460.5865061614 
5.52 	 62242.792071792435 
5.54 	 65924.9104452216 
5.56 	 69343.51674623863 
5.58 	 72343.58976662008 
5.6 	 74789.56448404914 
5.62 	 76575.3299956612 
5.64 	 77632.10489326162 
5.66 	 77933.32403210556 
5.68 	 77496.00452189501 
5.7 	 76378.4758933407 
5.72 	 74674.79411483092 
5.74 	 72506.54156568185 
5.76 	 70012.98492096522 
5.78 	 67340.68122024069 
5.8 	 64633.57863433264 
5.82 	 62024.47139756704 
5.84 	 59628.38102594508 
5.86 	 57538.105755193785 
5.88 	 55821.867098116774 
5.9 	 54522.73756571505 
5.92 	 53659.3902250574 
5.94 	 53227.67989195895 
5.96 	 53202.636154863736 
5.98 	 53540.59080134438 
6.0 	 54181.33627341306 
6.02 	 55050.374664428455 
6.04 	 56061.431348261154 
6.06 	 57119.44887376121 
6.08 	 58124.23708291558 
6.1 	 58974.8438466347 
6.12 	 59574.55188156337 
6.14 	 59836.235362395935 
6.16 	 59687.662953145926 
6.18 	 59076.24418805993 
6.2 	 57972.7051702311 
6.22 	 56373.25300273649 
6.24 	 54299.9353907157 
6.26 	 51799.097820894815 
6.28 	 48938.0528077446 
6.3 	 45800.26994971658 
6.32 	 42479.54371848516 
6.34 	 39073.68037493218 
6.36 	 35678.261147876445 
6.38 	 32380.992348486834 
6.4 	 29257.059046531565 
6.42 	 26365.775480447566 
6.44 	 23748.69001364558 
6.46 	 21429.16919369423 
6.48 	 19413.36390607816 
6.5 	 17692.356642786806 
6.52 	 16245.20640428109 
6.54 	 15042.550193427063 
6.56 	 14050.391300307314 
6.58 	 13233.708452233168 
6.6 	 12559.55877464034 
6.62 	 11999.420372921943 
6.64 	 11530.62131387662 
6.66 	 11136.81965444981 
6.68 	 10807.618468122953 
6.7 	 10537.503279532742 
6.72 	 10324.361167886536 
6.74 	 10167.870127157648 
6.76 	 10068.030506449022 
6.78 	 10024.05221349616 
6.8 	 10033.723964489858 
6.82 	 10093.291202309827 
6.84 	 10197.775725112893 
6.86 	 10341.598555955274 
6.88 	 10519.328779280559 
6.9 	 10726.37860575794 
6.92 	 10959.495388748284 
6.94 	 11216.955654152209 
6.96 	 11498.432123316892 
6.98 	 11804.569367151558 
7.0 	 12136.356140262324 
7.02 	 12494.415098824938 
7.04 	 12878.340165101868 
7.06 	 13286.198921553074 
7.08 	 13714.28598293185 
7.1 	 14157.169373052584 
7.12 	 14608.022719325998 
7.14 	 15059.188976115027 
7.16 	 15502.883245352998 
7.18 	 15931.918707751844 
7.2 	 16340.334495705609 
7.22 	 16723.818896212775 
7.24 	 17079.854082883492 
7.26 	 17407.55517436604 
7.28 	 17707.22970141161 
7.3 	 17979.734706715648 
7.32 	 18225.748555879956 
7.34 	 18445.095345550904 
7.36 	 18636.256822441526 
7.38 	 18796.179446996066 
7.4 	 18920.43671437222 
7.42 	 19003.74717093543 
7.44 	 19040.787370081263 
7.46 	 19027.18738705804 
7.48 	 18960.563756719377 
7.5 	 18841.436421200273 
7.52 	 18673.893293578745 
7.54 	 18465.904322606802 
7.56 	 18229.238584241124 
7.58 	 17978.992967247486 
7.6 	 17732.789620687414 
7.62 	 17509.733823243663 
7.64 	 17329.240291836268 
7.66 	 17209.834348828725 
7.68 	 17168.018763257365 
7.7 	 17217.273898241 
7.72 	 17367.2351165664 
7.74 	 17623.073066259876 
7.76 	 17985.092603864643 
7.78 	 18448.56437856784 
7.8 	 19003.805949141275 
7.82 	 19636.531145829824 
7.84 	 20328.481382022583 
7.86 	 21058.33664810512 
7.88 	 21802.876182258977 
7.9 	 22538.32257722427 
7.92 	 23241.76531028148 
7.94 	 23892.529554697663 
7.96 	 24473.34277921753 
7.98 	 24971.16167544345 
8.0 	 25377.55740389676 
8.02 	 25688.614437006636 
8.04 	 25904.368508773026 
8.06 	 26027.8797886933 
8.08 	 26064.09475622677 
8.1 	 26018.682668034744 
8.12 	 25897.032874003035 
8.14 	 25703.56670705465 
8.16 	 25441.457983922155 
8.18 	 25112.780497616397 
8.2 	 24719.023581876423 
8.22 	 24261.852373661157 
8.24 	 23743.94948579426 
8.26 	 23169.766021235922 
8.28 	 22546.03254267267 
8.3 	 21881.929016560287 
8.32 	 21188.876525970252 
8.34 	 20479.980065496435 
8.36 	 19769.208763898878 
8.38 	 19070.437986409874 
8.4 	 18396.49191720328 
8.42 	 17758.31534321852 
8.44 	 17164.373812138692 
8.46 	 16620.33952164881 
8.48 	 16129.074821741628 
8.5 	 15690.884060734657 
8.52 	 15303.973612963175 
8.54 	 14965.04239915885 
8.56 	 14669.921259981504 
8.58 	 14414.187008427456 
8.6 	 14193.692232128931 
8.62 	 14004.970836512335 
8.64 	 13845.498224894562 
8.66 	 13713.801241310004 
8.68 	 13609.425203114197 
8.7 	 13532.773439019697 
8.72 	 13484.83962167035 
8.74 	 13466.856278929883 
8.76 	 13479.885660139502 
8.78 	 13524.382669390274 
8.8 	 13599.764124425212 
8.82 	 13704.02348149782 
8.84 	 13833.43384080196 
8.86 	 13982.382433386236 
8.88 	 14143.37481312766 
8.9 	 14307.235220061728 
8.92 	 14463.510896959038 
8.94 	 14601.064037063774 
8.96 	 14708.808688698722 
8.98 	 14776.525736237789 
9.0 	 14795.671790220655 
9.02 	 14760.091529585317 
9.04 	 14666.550085550956 
9.06 	 14515.022317656767 
9.08 	 14308.706543881704 
9.1 	 14053.766490856804 
9.12 	 13758.840767601949 
9.14 	 13434.387971509666 
9.16 	 13091.95290784848 
9.18 	 12743.442934129343 
9.2 	 12400.493373437015 
9.22 	 12073.979923258199 
9.24 	 11773.708313038582 
9.26 	 11508.282062425815 
9.28 	 11285.12263201081 
9.3 	 11110.596018487018 
9.32 	 10990.187969883904 
9.34 	 10928.667122547853 
9.36 	 10930.181012270174 
9.38 	 10998.242868209123 
9.4 	 11135.58570528731 
9.42 	 11343.882552242672 
9.44 	 11623.355482089939 
9.46 	 11972.318929330027 
9.48 	 12386.72177291048 
9.5 	 12859.76492293156 
9.52 	 13381.674046551429 
9.54 	 13939.698800196555 
9.56 	 14518.390070459436 
9.58 	 15100.176612364685 
9.6 	 15666.225343057893 
9.62 	 16197.530240583592 
9.64 	 16676.13910175597 
9.66 	 17086.401139039226 
9.68 	 17416.106334116004 
9.7 	 17657.39245231537 
9.72 	 17807.31790044944 
9.74 	 17868.03562555104 
9.76 	 17846.549941341116 
9.78 	 17754.087723319397 
9.8 	 17605.160385393818 
9.82 	 17416.42663160485 
9.84 	 17205.48320261104 
9.86 	 16989.709500092038 
9.88 	 16785.273035549137 
9.9 	 16606.370060559755 
9.92 	 16464.735651039387 
9.94 	 16369.417085493398 
9.96 	 16326.770299780397 
9.98 	 16340.61652491869 
10.0 	 16412.487332811557 
10.02 	 16541.89078686604 
10.04 	 16726.54632889117 
10.06 	 16962.55702346592 
10.08 	 17244.510098587965 
10.1 	 17565.51643134246 
10.12 	 17917.21430922539 
10.14 	 18289.77170402917 
10.16 	 18671.924956114723 
10.18 	 19051.091244338106 
10.2 	 19413.588327220128 
10.22 	 19744.98787300701 
10.24 	 20030.617634439277 
10.26 	 20256.211983107318 
10.28 	 20408.689782578076 
10.3 	 20477.014590836792 
10.32 	 20453.0679066668 
10.34 	 20332.446303360386 
10.36 	 20115.083074930695 
10.38 	 19805.598860717055 
10.4 	 19413.305772651016 
10.42 	 18951.824782926276 
10.44 	 18438.32212454095 
10.46 	 17892.420136348956 
10.48 	 17334.883021709902 
10.5 	 16786.21055174552 
10.52 	 16265.287105656502 
10.54 	 15788.227089434518 
10.56 	 15367.531784588768 
10.58 	 15011.631342811255 
10.6 	 14724.835528569305 
10.62 	 14507.66550687233 
10.64 	 14357.493795795848 
10.66 	 14269.386404197354 
10.68 	 14237.02397987132 
10.7 	 14253.578841263885 
10.72 	 14312.440943347347 
10.74 	 14407.714942333776 
10.76 	 14534.447922721985 
10.78 	 14688.587674642426 
10.8 	 14866.709349635305 
10.82 	 15065.57926500806 
10.84 	 15281.645114483601 
10.86 	 15510.549829845202 
10.88 	 15746.761262218135 
10.9 	 15983.392586734757 
10.92 	 16212.261078677022 
10.94 	 16424.19902329679 
10.96 	 16609.594289224064 
10.98 	 16759.104348599943 
11.0 	 16864.461089902543 
11.02 	 16919.268737219136 
11.04 	 16919.69614862041 
11.06 	 16864.97813798995 
11.08 	 16757.666190489574 
11.1 	 16603.60267303907 
11.12 	 16411.62847957397 
11.14 	 16193.065722790043 
11.16 	 15961.039283192758 
11.18 	 15729.710583136795 
11.2 	 15513.493516849183 
11.22 	 15326.308506362564 
11.24 	 15180.910777078929 
11.26 	 15088.308723389204 
11.28 	 15057.27281753994 
11.3 	 15093.92841727312 
11.32 	 15201.428127542893 
11.34 	 15379.70950015702 
11.36 	 15625.357986285053 
11.38 	 15931.607992038194 
11.4 	 16288.52125682785 
11.42 	 16683.37733235175 
11.44 	 17101.293722400485 
11.46 	 17526.06435104632 
11.48 	 17941.168825768098 
11.5 	 18330.86855437249 
11.52 	 18681.277712300594 
11.54 	 18981.28546148354 
11.56 	 19223.216267598862 
11.58 	 19403.148841068443 
11.6 	 19520.86694618318 
11.62 	 19579.477758929417 
11.64 	 19584.79278497428 
11.66 	 19544.609004768285 
11.68 	 19468.042827071647 
11.7 	 19365.05097014862 
11.72 	 19246.222147628952 
11.74 	 19122.85038393064 
11.76 	 19007.21964914643 
11.78 	 18912.95775258897 
11.8 	 18855.27157371849 
11.82 	 18850.867754523195 
11.84 	 18917.397864593033 
11.86 	 19072.341481898507 
11.88 	 19331.34350689259 
11.9 	 19706.136276160436 
11.92 	 20202.282483086492 
11.94 	 20817.05163455421 
11.96 	 21537.77453802061 
11.98 	 22340.997521829333 
12.0 	 23192.679854817623 
12.02 	 24049.552776628425 
12.04 	 24861.60406390475 
12.06 	 25575.491872464663 
12.08 	 26138.551934329036 
12.1 	 26502.967038528965 
12.12 	 26629.634143560936 
12.14 	 26491.298972059263 
12.16 	 26074.624896531142 
12.18 	 25381.005502128217 
12.2 	 24426.093740351844 
12.22 	 23238.177649996152 
12.24 	 21855.65863315414 
12.26 	 20323.966204182543 
12.28 	 18692.266265600887 
12.3 	 17010.292166851083 
12.32 	 15325.561393967575 
12.34 	 13681.152793982701 
12.36 	 12114.127361284713 
12.38 	 10654.594317475563 
12.4 	 9325.36269001771 
12.42 	 8142.080148547541 
12.44 	 7113.743844475741 
12.46 	 6243.467646362472 
12.48 	 5529.400619406256 
12.5 	 4965.70760284204 
12.52 	 4543.540572185797 
12.54 	 4251.947120001765 
12.56 	 4078.6791277854527 
12.58 	 4010.880418676407 
12.6 	 4035.646729018251 
12.62 	 4140.464159244133 
12.64 	 4313.542360614981 
12.66 	 4544.06490025101 
12.68 	 4822.380576077763 
12.7 	 5140.155635076371 
12.72 	 5490.498525634688 
12.74 	 5868.057614808594 
12.76 	 6269.080633412062 
12.78 	 6691.415249556491 
12.8 	 7134.4256958512115 
12.82 	 7598.802591421594 
12.84 	 8086.252544342776 
12.86 	 8599.069784280506 
12.88 	 9139.611429144572 
12.9 	 9709.717352131247 
12.92 	 10310.13083928023 
12.94 	 10939.98358906602 
12.96 	 11596.405715023855 
12.98 	 12274.307920539304 
13.0 	 12966.3609029858 
13.02 	 13663.170365370803 
13.04 	 14353.620080267874 
13.06 	 15025.335621994496 
13.08 	 15665.211734919792 
13.1 	 16259.948540525731 
13.12 	 16796.55470049841 
13.14 	 17262.79535955223 
13.16 	 17647.583574837492 
13.18 	 17941.330124809698 
13.2 	 18136.27353452679 
13.22 	 18226.807904776004 
13.24 	 18209.81190661482 
13.26 	 18084.96220128326 
13.28 	 17854.994475171105 
13.3 	 17525.8613860306 
13.32 	 17106.733756510264 
13.34 	 16609.80144773451 
13.36 	 16049.85244696269 
13.38 	 15443.638855153746 
13.4 	 14809.070782369328 
13.42 	 14164.307233814294 
13.44 	 13526.831371353872 
13.46 	 12912.60255739109 
13.48 	 12335.368437577597 
13.5 	 11806.198716660547 
13.52 	 11333.272045382875 
13.54 	 10921.913633988122 
13.56 	 10574.849200918781 
13.58 	 10292.615430610762 
13.6 	 10074.0517720551 
13.62 	 9916.795010578455 
13.64 	 9817.706614486977 
13.66 	 9773.18166949709 
13.68 	 9779.314060020633 
13.7 	 9831.921192590395 
13.72 	 9926.458291344892 
13.74 	 10057.872685483157 
13.76 	 10220.45908361075 
13.78 	 10407.77573229663 
13.8 	 10612.668762518633 
13.82 	 10827.43022956097 
13.84 	 11044.08842621165 
13.86 	 11254.802135600326 
13.88 	 11452.308795090034 
13.9 	 11630.364272140254 
13.92 	 11784.111418559296 
13.94 	 11910.32568818355 
13.96 	 12007.506425970578 
13.98 	 12075.807712183885 
14.0 	 12116.827785978809 
14.02 	 12133.296287785193 
14.04 	 12128.710377428242 
14.06 	 12106.972714849515 
14.08 	 12072.076985259826 
14.1 	 12027.872556504655 
14.12 	 11977.92247848376 
14.14 	 11925.452035140468 
14.16 	 11873.371430579731 
14.18 	 11824.347697572992 
14.2 	 11780.897918835946 
14.22 	 11745.477494697636 
14.24 	 11720.541866319158 
14.26 	 11708.566019457521 
14.28 	 11712.011795755425 
14.3 	 11733.23775638751 
14.32 	 11774.350097116881 
14.34 	 11836.996583327546 
14.36 	 11922.109675624817 
14.38 	 12029.610883165153 
14.4 	 12158.096332026398 
14.42 	 12304.533143786713 
14.44 	 12464.006067835875 
14.46 	 12629.561596279316 
14.48 	 12792.199704342434 
14.5 	 12941.05871313374 
14.52 	 13063.824758272473 
14.54 	 13147.373772180244 
14.56 	 13178.622659797673 
14.58 	 13145.531547755041 
14.6 	 13038.166392429259 
14.62 	 12849.707319637171 
14.64 	 12577.278666221926 
14.66 	 12222.485578314065 
14.68 	 11791.569817142856 
14.7 	 11295.14112226117 
14.72 	 10747.493763016133 
14.74 	 10165.572243401863 
14.76 	 9567.69643769006 
14.78 	 8972.186938321789 
14.8 	 8396.041172717725 
14.82 	 7853.79878322578 
14.84 	 7356.703678529418 
14.86 	 6912.2260739246385 
14.88 	 6523.958623126584 
14.9 	 6191.854525225681 
14.92 	 5912.739093755776 
14.94 	 5681.004112811785 
14.96 	 5489.387850842326 
14.98 	 5329.751494529689 
15.0 	 5193.7814339542865 
15.02 	 5073.5714509197915 
15.04 	 4962.064397788748 
15.06 	 4853.3550804941015 
15.08 	 4742.871818877328 
15.1 	 4627.462262232816 
15.12 	 4505.409822146535 
15.14 	 4376.402168135097 
15.16 	 4241.464999205873 
15.18 	 4102.865328347158 
15.2 	 3963.981040721858 
15.22 	 3829.129065068801 
15.24 	 3703.3438415200117 
15.26 	 3592.100784470627 
15.28 	 3500.9854178382557 
15.3 	 3435.3167308765014 
15.32 	 3399.7418651076705 
15.34 	 3397.827322387715 
15.36 	 3431.678395403409 
15.38 	 3501.622471661876 
15.4 	 3605.9923517479283 
15.42 	 3741.042012812731 
15.44 	 3901.0189127416716 
15.46 	 4078.404077060011 
15.48 	 4264.31469317011 
15.5 	 4449.045455540359 
15.52 	 4622.706908237099 
15.54 	 4775.904374504362 
15.56 	 4900.392481258794 
15.58 	 4989.639782128586 
15.6 	 5039.246303128455 
15.62 	 5047.173188089059 
15.64 	 5013.765729813794 
15.66 	 4941.575574846543 
15.68 	 4835.010988091428 
15.7 	 4699.862274502894 
15.72 	 4542.760268068483 
15.74 	 4370.628100613279 
15.76 	 4190.180648070721 
15.78 	 4007.51381523876 
15.8 	 3827.80971891627 
15.82 	 3655.1667272526165 
15.84 	 3492.5478378961006 
15.86 	 3341.8289980563486 
15.88 	 3203.921756405528 
15.9 	 3078.9422228202675 
15.92 	 2966.4000307375472 
15.94 	 2865.3856442456363 
15.96 	 2774.74050450029 
15.98 	 2693.200829920299 
16.0 	 2619.5113532457513 
16.02 	 2552.50932052158 
16.04 	 2491.181564596866 
16.06 	 2434.6986213016157 
16.08 	 2382.4300945276714 
16.1 	 2333.9452358281446 
16.12 	 2289.0023190785837 
16.14 	 2247.5300305094675 
16.16 	 2209.6037762665455 
16.18 	 2175.4194647582835 
16.2 	 2145.266878271261 
16.22 	 2119.504199350486 
16.24 	 2098.534679030783 
16.26 	 2082.785963157705 
16.28 	 2072.69236960164 
16.3 	 2068.6805118274583 
16.32 	 2071.1590652598425 
16.34 	 2080.5140269329568 
16.36 	 2097.111287976432 
16.38 	 2121.308442052212 
16.4 	 2153.4772293410983 
16.42 	 2194.0366830192675 
16.44 	 2243.4948548947386 
16.46 	 2302.4940804510497 
16.48 	 2371.851448007658 
16.5 	 2452.583038933189 
16.52 	 2545.8983854739295 
16.54 	 2653.1513404319944 
16.56 	 2775.736000158561 
16.58 	 2914.922003484587 
16.6 	 3071.6324201889906 
16.62 	 3246.1787518976857 
16.64 	 3437.9796700213296 
16.66 	 3645.3006970864008 
16.68 	 3865.0584873930106 
16.7 	 4092.7333450729443 
16.72 	 4322.425717535933 
16.74 	 4547.076663052448 
16.76 	 4758.8504696762075 
16.78 	 4949.653023372639 
16.8 	 5111.736511715858 
16.82 	 5238.324048626912 
16.84 	 5324.180380218887 
16.86 	 5366.0588184093895 
16.88 	 5362.969580793397 
16.9 	 5316.238259417079 
16.92 	 5229.351045519255 
16.94 	 5107.610746821419 
16.96 	 4957.650036028397 
16.98 	 4786.862503837243 
17.0 	 4602.816507320114 
17.02 	 4412.7119636007055 
17.04 	 4222.928166297018 
17.06 	 4038.694351277641 
17.08 	 3863.897241265486 
17.1 	 3701.0238153360333 
17.12 	 3551.2248529051935 
17.14 	 3414.476162035251 
17.16 	 3289.8097296971882 
17.18 	 3175.5856884968457 
17.2 	 3069.777141417318 
17.22 	 2970.2427629995764 
17.24 	 2874.966164049925 
17.26 	 2782.245951658854 
17.28 	 2690.8260396766123 
17.3 	 2599.9618477142863 
17.32 	 2509.424220265246 
17.34 	 2419.448692941213 
17.36 	 2330.6425214483916 
17.38 	 2243.8650889133596 
17.4 	 2160.098511224412 
17.42 	 2080.3243532230044 
17.44 	 2005.4195769046141 
17.46 	 1936.0806973230156 
17.48 	 1872.7803492468404 
17.5 	 1815.7558386377957 
17.52 	 1765.0254307968246 
17.54 	 1720.4255515001119 
17.56 	 1681.6609104109584 
17.58 	 1648.3596917606053 
17.6 	 1620.127086986772 
17.62 	 1596.5921514387019 
17.64 	 1577.444828897535 
17.66 	 1562.461655532266 
17.68 	 1551.5199079953459 
17.7 	 1544.600720826444 
17.72 	 1541.7820168355086 
17.74 	 1543.22211364482 
17.76 	 1549.1347787023153 
17.78 	 1559.7564908269765 
17.8 	 1575.3068734103526 
17.82 	 1595.9437655506904 
17.84 	 1621.715177114005 
17.86 	 1652.511325994545 
17.88 	 1688.0208965290178 
17.9 	 1727.696351444733 
17.92 	 1770.7333284997007 
17.94 	 1816.0686477440158 
17.96 	 1862.40012845995 
17.98 	 1908.229288698762 
18.0 	 1951.9252681096345 
18.02 	 1991.80534126583 
18.04 	 2026.2246716763545 
18.06 	 2053.6660463865746 
18.08 	 2072.8197168492748 
18.1 	 2082.6444564490134 
18.12 	 2082.4035379515162 
18.14 	 2071.673195848295 
18.16 	 2050.3256046386973 
18.18 	 2018.492596769394 
18.2 	 1976.519357092646 
18.22 	 1924.918448492784 
18.24 	 1864.3334164552102 
18.26 	 1795.518061857756 
18.28 	 1719.3329306543849 
18.3 	 1636.7556749970615 
18.32 	 1548.897839798109 
18.34 	 1457.0183042590506 
18.36 	 1362.5236283501279 
18.38 	 1266.9479295262352 
18.4 	 1171.9090954632843 
18.42 	 1079.0431588613135 
18.44 	 989.9233857129207 
18.46 	 905.9740346901623 
18.48 	 828.3901557817601 
18.5 	 758.0740165703004 
18.52 	 695.5960678547511 
18.54 	 641.1844546615283 
18.56 	 594.7427967520799 
18.58 	 555.892132307674 
18.6 	 524.0301677342993 
18.62 	 498.39963180226914 
18.64 	 478.1576008607366 
18.66 	 462.43888835675335 
18.68 	 450.40856119059185 
18.7 	 441.3008979914573 
18.72 	 434.44423538883063 
18.74 	 429.2728723439929 
18.76 	 425.3283781578707 
18.78 	 422.2532694959136 
18.8 	 419.78017961806427 
18.82 	 417.71949218218003 
18.84 	 415.94812451306836 
18.86 	 414.4018795075764 
18.88 	 413.0736634469897 
18.9 	 412.0199594630965 
18.92 	 411.37826088905985 
18.94 	 411.3986389893114 
18.96 	 412.4930940965837 
18.98 	 415.3065721911515 
19.0 	 420.81318080953565 
19.02 	 430.4397959557279 
19.04 	 446.2164817349088 
19.06 	 470.9485860204925 
19.08 	 508.3988768214588 
19.1 	 563.4598674497261 
19.12 	 642.2873029488167 
19.14 	 752.357049569317 
19.16 	 902.4013835856066 
19.18 	 1102.1794038145686 
19.2 	 1362.0425270291123 
19.22 	 1692.2717409006134 
19.24 	 2102.1891792429888 
19.26 	 2599.081385414417 
19.28 	 3187.0116950693814 
19.3 	 3865.638511540436 
19.32 	 4629.187195918118 
19.34 	 5465.737784356434 
19.36 	 6356.982064499993 
19.38 	 7278.568185650852 
19.4 	 8201.090135347386 
19.42 	 9091.69962823672 
19.44 	 9916.230585737168 
19.46 	 10641.645865011691 
19.48 	 11238.556988211792 
19.5 	 11683.54231103973 
19.52 	 11961.003790418079 
19.54 	 12064.356463674603 
19.56 	 11996.429761405918 
19.58 	 11769.061808646922 
19.6 	 11401.969860357876 
19.62 	 10921.065343880673 
19.64 	 10356.43773481327 
19.66 	 9740.250806217551 
19.68 	 9104.777731612043 
19.7 	 8480.754463939913 
19.72 	 7896.164573570377 
19.74 	 7375.4960252894225 
19.76 	 6939.443239232151 
19.78 	 6604.975493750759 
19.8 	 6385.66061146386 
19.82 	 6292.122033620093 
19.84 	 6332.515297868453 
19.86 	 6512.931531209065 
19.88 	 6837.66463333645 
19.9 	 7309.309306853371 
19.92 	 7928.684202550159 
19.94 	 8694.59537572338 
19.96 	 9603.46940395575 
19.98 	 10648.894295275373 
20.0 	 11821.112402969497 
20.02 	 13106.515882921352 
20.04 	 14487.203756565601 
20.06 	 15940.670381755355 
20.08 	 17439.705591840673 
20.1 	 18952.592188776784 
20.12 	 20443.680957545766 
20.14 	 21874.40162622047 
20.16 	 23204.727632573828 
20.18 	 24395.05496516685 
20.2 	 25408.387634252584 
20.22 	 26212.655867553214 
20.24 	 26782.941662692756 
20.26 	 27103.362861828577 
20.28 	 27168.38032987856 
20.3 	 26983.345201678734 
20.32 	 26564.18862338867 
20.34 	 25936.26183904091 
20.36 	 25132.442128688872 
20.38 	 24190.711424947738 
20.4 	 23151.47404629085 
20.42 	 22054.89892097077 
20.44 	 20938.548994141503 
20.46 	 19835.502999633878 
20.48 	 18773.094936237947 
20.5 	 17772.3095318557 
20.52 	 16847.792114781554 
20.54 	 16008.36960020522 
20.56 	 15257.941663961137 
20.58 	 14596.588248036414 
20.6 	 14021.747592565356 
20.62 	 13529.341599336836 
20.64 	 13114.75530415652 
20.66 	 12773.608252209906 
20.68 	 12502.28328842972 
20.7 	 12298.200723677506 
20.72 	 12159.843176932956 
20.74 	 12086.550203378716 
20.76 	 12078.114161510839 
20.78 	 12134.22127590736 
20.8 	 12253.795010405669 
20.82 	 12434.311714988795 
20.84 	 12671.16873710205 
20.86 	 12957.189663839645 
20.88 	 13282.34697318368 
20.9 	 13633.766985792787 
20.92 	 13996.055314873376 
20.94 	 14351.945028914779 
20.96 	 14683.228797753467 
20.98 	 14971.896423693957 
21.0 	 15201.367020639414 
21.02 	 15357.686606730489 
21.04 	 15430.560877427488 
21.06 	 15414.110296595125 
21.08 	 15307.267957504439 
21.1 	 15113.7846150621 
21.12 	 14841.852730403272 
21.14 	 14503.404754004298 
21.16 	 14113.17374054392 
21.18 	 13687.622545363636 
21.2 	 13243.850016170978 
21.22 	 12798.570376273901 
21.24 	 12367.239288204917 
21.26 	 11963.372040372124 
21.28 	 11598.071170911015 
21.3 	 11279.756974246493 
21.32 	 11014.077475724289 
21.34 	 10803.96552427472 
21.36 	 10649.80890822139 
21.38 	 10549.702948790831 
21.4 	 10499.76143867693 
21.42 	 10494.468701704072 
21.44 	 10527.0610948103 
21.46 	 10589.929339211167 
21.48 	 10675.033319731378 
21.5 	 10774.31877787318 
21.52 	 10880.121505799953 
21.54 	 10985.540410310397 
21.56 	 11084.757479840113 
21.58 	 11173.281515814611 
21.6 	 11248.094470859445 
21.62 	 11307.684863743316 
21.64 	 11351.961827733438 
21.66 	 11382.05494820579 
21.68 	 11400.017536067144 
21.7 	 11408.462346827964 
21.72 	 11410.166996266355 
21.74 	 11407.689937154235 
21.76 	 11403.036203100723 
21.78 	 11397.405569674127 
21.8 	 11391.045610127338 
21.82 	 11383.220166955116 
21.84 	 11372.291926525942 
21.86 	 11355.907592151441 
21.88 	 11331.266443595649 
21.9 	 11295.447964693787 
21.92 	 11245.771293615679 
21.94 	 11180.157878104059 
21.96 	 11097.468425785697 
21.98 	 10997.78594001398 
22.0 	 10882.61866753946 
22.02 	 10755.000765169143 
22.04 	 10619.474985035074 
22.06 	 10481.95085867773 
22.08 	 10349.443251409517 
22.1 	 10229.708545596273 
22.12 	 10130.80728515471 
22.14 	 10060.63082107672 
22.16 	 10026.433525308108 
22.18 	 10034.410405924493 
22.2 	 10089.352479822357 
22.22 	 10194.400291568882 
22.24 	 10350.901818216063 
22.26 	 10558.367568209425 
22.28 	 10814.505782685621 
22.3 	 11115.31629395886 
22.32 	 11455.223437074284 
22.34 	 11827.235484952316 
22.36 	 12223.127995817727 
22.38 	 12633.657991794298 
22.4 	 13048.821814385721 
22.42 	 13458.16952450287 
22.44 	 13851.182124581783 
22.46 	 14217.705823545202 
22.48 	 14548.422788478343 
22.5 	 14835.323980910878 
22.52 	 15072.140369926981 
22.54 	 15254.68668928063 
22.56 	 15381.077978922069 
22.58 	 15451.792602157755 
22.6 	 15469.573851302703 
22.62 	 15439.182270597776 
22.64 	 15367.028877522333 
22.66 	 15260.732560195638 
22.68 	 15128.651178025859 
22.7 	 14979.434741432358 
22.72 	 14821.641220375177 
22.74 	 14663.442754135289 
22.76 	 14512.43462249849 
22.78 	 14375.543767898578 
22.8 	 14259.02017795727 
22.82 	 14168.484766378251 
22.84 	 14109.002519675036 
22.86 	 14085.149798458071 
22.88 	 14101.049233059097 
22.9 	 14160.353487790993 
22.92 	 14266.168817419664 
22.94 	 14420.919317395701 
22.96 	 14626.16185036954 
22.98 	 14882.369028059544 
23.0 	 15188.703019990318 
23.02 	 15542.80637467234 
23.04 	 15940.637622639688 
23.06 	 16376.379223640155 
23.08 	 16842.443215577874 
23.1 	 17329.59529772212 
23.12 	 17827.210601954463 
23.14 	 18323.663945773296 
23.16 	 18806.844401986986 
23.18 	 19264.76981231425 
23.2 	 19686.26334549857 
23.22 	 20061.643618673592 
23.24 	 20383.37433420846 
23.26 	 20646.62015678173 
23.28 	 20849.662836927957 
23.3 	 20994.144272191093 
23.32 	 21085.119118781655 
23.34 	 21130.915999288318 
23.36 	 21142.820663767572 
23.38 	 21134.604746025412 
23.4 	 21121.92927712421 
23.42 	 21121.653452338025 
23.44 	 21151.07799850457 
23.46 	 21227.151191802648 
23.48 	 21365.66640688357 
23.5 	 21580.48449855126 
23.52 	 21882.82233122455 
23.54 	 22280.658569864183 
23.56 	 22778.315888942536 
23.58 	 23376.28038157701 
23.6 	 24071.309482519388 
23.62 	 24856.85589564144 
23.64 	 25723.796429090828 
23.66 	 26661.404758842298 
23.68 	 27658.453534636126 
23.7 	 28704.28473751803 
23.72 	 29789.65995314239 
23.74 	 30907.205022014285 
23.76 	 32051.302851774944 
23.78 	 33217.363800849314 
23.8 	 34400.5068182311 
23.82 	 35593.80084929606 
23.84 	 36786.324101063816 
23.86 	 37961.37636200321 
23.88 	 39095.2075234541 
23.9 	 40156.59201841211 
23.92 	 41107.48300039291 
23.94 	 41904.832584721764 
23.96 	 42503.48705385387 
23.98 	 42859.887680380816 
24.0 	 42936.16005321954 
24.02 	 42704.08504746056 
24.04 	 42148.43109098136 
24.06 	 41269.19516261257 
24.08 	 40082.43942213926 
24.1 	 38619.598897390366 
24.12 	 36925.34181387106 
24.14 	 35054.25377986129 
24.16 	 33066.75979777679 
24.18 	 31024.773119036006 
24.2 	 28987.559485843263 
24.22 	 27008.235243658346 
24.24 	 25131.195702856367 
24.26 	 23390.620780708618 
24.28 	 21810.0550050317 
24.3 	 20402.93165901594 
24.32 	 19173.822149627125 
24.34 	 18120.148359913594 
24.36 	 17234.09563580449 
24.38 	 16504.498081386388 
24.4 	 15918.523047138107 
24.42 	 15463.044519086125 
24.44 	 15125.654051355741 
24.46 	 14895.305202010077 
24.48 	 14762.61974213508 
24.5 	 14719.901724262216 
24.52 	 14760.912117986469 
24.54 	 14880.45680639365 
24.56 	 15073.8389044901 
24.58 	 15336.226065262223 
24.6 	 15661.9862755907 
24.62 	 16044.05113629397 
24.64 	 16473.371480610258 
24.66 	 16938.53298052399 
24.68 	 17425.59548733362 
24.7 	 17918.206468019205 
24.72 	 18398.01503864056 
24.74 	 18845.380167022726 
24.76 	 19240.328524750836 
24.78 	 19563.680112407983 
24.8 	 19798.229990257387 
24.82 	 19929.858540114834 
24.84 	 19948.44497908376 
24.86 	 19848.48046139486 
24.88 	 19629.31540747993 
24.9 	 19295.024584981118 
24.92 	 18853.92447783503 
24.94 	 18317.821544002174 
24.96 	 17701.09934554775 
24.98 	 17019.762532940833 
25.0 	 16290.54560407147 
25.02 	 15530.167637055225 
25.04 	 14754.777371137568 
25.06 	 13979.594166606164 
25.08 	 13218.71721989037 
25.1 	 12485.053590764022 
25.12 	 11790.30765448969 
25.14 	 11144.979763241465 
25.16 	 10558.33675963129 
25.18 	 10038.336632074543 
25.2 	 9591.509052227972 
25.22 	 9222.808894403293 
25.24 	 8935.468988033314 
25.26 	 8730.881045457858 
25.28 	 8608.531125958572 
25.3 	 8566.010043115903 
25.32 	 8599.111654806009 
25.34 	 8702.024265152832 
25.36 	 8867.612898729467 
25.38 	 9087.782824172606 
25.4 	 9353.90701139986 
25.42 	 9657.292041839939 
25.44 	 9989.64879927935 
25.46 	 10343.527239504505 
25.48 	 10712.670451554517 
25.5 	 11092.244045098505 
25.52 	 11478.904206456813 
25.54 	 11870.682184670688 
25.56 	 12266.68374697053 
25.58 	 12666.627007024354 
25.6 	 13070.267388285825 
25.62 	 13476.779976827711 
25.64 	 13884.182820057196 
25.66 	 14288.88647305079 
25.68 	 14685.443702028095 
25.7 	 15066.549466762186 
25.72 	 15423.308270016663 
25.74 	 15745.748799572102 
25.76 	 16023.530666420631 
25.78 	 16246.76096629659 
25.8 	 16406.82395356553 
25.82 	 16497.127519838737 
25.84 	 16513.68477606181 
25.86 	 16455.47456806849 
25.88 	 16324.55610723016 
25.9 	 16125.9443527692 
25.92 	 15867.279298796486 
25.94 	 15558.34054888351 
25.96 	 15210.46733721311 
25.98 	 14835.944356472808 
26.0 	 14447.40763786617 
26.02 	 14057.314998251535 
26.04 	 13677.514471126105 
26.06 	 13318.932902477569 
26.08 	 12991.395651569288 
26.1 	 12703.576508328057 
26.12 	 12463.06390116336 
26.14 	 12276.515260214677 
26.16 	 12149.857183090533 
26.18 	 12088.477155719604 
26.2 	 12097.34610216549 
26.22 	 12181.013054409987 
26.24 	 12343.425885746085 
26.26 	 12587.55570167811 
26.28 	 12914.835201006998 
26.3 	 13324.458856005858 
26.32 	 13812.629050540307 
26.34 	 14371.86047335681 
26.36 	 14990.468691127868 
26.38 	 15652.36338378145 
26.4 	 16337.240688057598 
26.42 	 17021.22460453009 
26.44 	 17677.9502361918 
26.46 	 18280.020305393486 
26.48 	 18800.71083797633 
26.5 	 19215.761492208738 
26.52 	 19505.06777798878 
26.54 	 19654.099632397927 
26.56 	 19654.902358892385 
26.58 	 19506.5865263776 
26.6 	 19215.27475433758 
26.62 	 18793.535712531302 
26.64 	 18259.38994525498 
26.66 	 17635.01116246757 
26.68 	 16945.26638702225 
26.7 	 16216.238184425121 
26.72 	 15473.854566834736 
26.74 	 14742.721721036347 
26.76 	 14045.217284111155 
26.78 	 13400.863407875582 
26.8 	 12825.964486283872 
26.82 	 12333.468015120692 
26.84 	 11932.990859703703 
26.86 	 11630.94786253808 
26.88 	 11430.724432624027 
26.9 	 11332.847585827374 
26.92 	 11335.128131743726 
26.94 	 11432.767193565214 
26.96 	 11618.439812312808 
26.98 	 11882.384102211096 
27.0 	 12212.53392724645 
27.02 	 12594.734816380704 
27.04 	 13013.076318252433 
27.06 	 13450.35989052284 
27.08 	 13888.701614802183 
27.1 	 14310.246491381871 
27.12 	 14697.949487574011 
27.14 	 15036.36173962613 
27.16 	 15312.351654796385 
27.18 	 15515.692206905791 
27.2 	 15639.457787434358 
27.22 	 15680.194938656288 
27.24 	 15637.85781185004 
27.26 	 15515.526832358968 
27.28 	 15318.953192756495 
27.3 	 15055.988565208885 
27.32 	 14735.96646338218 
27.34 	 14369.098536140546 
27.36 	 13965.937145257161 
27.38 	 13536.937703049794 
27.4 	 13092.134010482716 
27.42 	 12640.920841794234 
27.44 	 12191.923250645645 
27.46 	 11752.923475523588 
27.48 	 11330.814645954493 
27.5 	 10931.555317197986 
27.52 	 10560.108783969426 
27.54 	 10220.364011731152 
27.56 	 9915.048326525874 
27.58 	 9645.653094686902 
27.6 	 9412.40017552628 
27.62 	 9214.27730353808 
27.64 	 9049.164143545051 
27.66 	 8914.058207468406 
27.68 	 8805.393038152062 
27.7 	 8719.422990868428 
27.72 	 8652.63304215731 
27.74 	 8602.121656191339 
27.76 	 8565.902333974604 
27.78 	 8543.076154351926 
27.8 	 8533.842793667529 
27.82 	 8539.338965626055 
27.84 	 8561.317527835177 
27.86 	 8601.7036901933 
27.88 	 8662.083097628647 
27.9 	 8743.18723873321 
27.92 	 8844.443243341722 
27.94 	 8963.647815333667 
27.96 	 9096.810312189797 
27.98 	 9238.190278632432 
28.0 	 9380.532898118781 
28.02 	 9515.484526117601 
28.04 	 9634.151875776868 
28.06 	 9727.754029615315 
28.08 	 9788.307121821652 
28.1 	 9809.277706715118 
28.12 	 9786.14267668843 
28.14 	 9716.801121845825 
28.16 	 9601.796495903813 
28.18 	 9444.325195646554 
28.2 	 9250.028847566822 
28.22 	 9026.590134929089 
28.24 	 8783.173147737596 
28.26 	 8529.76597214371 
28.28 	 8276.49282686263 
28.3 	 8032.963713094665 
28.32 	 7807.720938730646 
28.34 	 7607.825354983074 
28.36 	 7438.603566235626 
28.38 	 7303.5545775435785 
28.4 	 7204.394344296958 
28.42 	 7141.202828973172 
28.44 	 7112.632425335225 
28.46 	 7116.139209758753 
28.48 	 7148.2079308092625 
28.5 	 7204.555143847745 
28.52 	 7280.308985598846 
28.54 	 7370.175442998912 
28.56 	 7468.607111774961 
28.58 	 7569.990190613273 
28.6 	 7668.859146212189 
28.62 	 7760.137814943358 
28.64 	 7839.3933545321515 
28.66 	 7903.078500637211 
28.68 	 7948.730859767394 
28.7 	 7975.09750665608 
28.72 	 7982.159733724297 
28.74 	 7971.045764031655 
28.76 	 7943.836551888307 
28.78 	 7903.288368454037 
28.8 	 7852.512096878821 
28.82 	 7794.659582426033 
28.84 	 7732.669362194006 
28.86 	 7669.116397238803 
28.88 	 7606.193553338335 
28.9 	 7545.828824028516 
28.92 	 7489.915466502918 
28.94 	 7440.607052461055 
28.96 	 7400.610765213074 
28.98 	 7373.404180844154 
29.0 	 7363.305762903627 
29.02 	 7375.34772939541 
29.04 	 7414.929775332451 
29.06 	 7487.269089778563 
29.08 	 7596.700296376795 
29.1 	 7745.911775472994 
29.12 	 7935.226140654815 
29.14 	 8162.03788594909 
29.16 	 8420.508382187438 
29.18 	 8701.588561091252 
29.2 	 8993.396938070891 
29.22 	 9281.93170565286 
29.24 	 9552.048419786148 
29.26 	 9788.597110556866 
29.28 	 9977.590671571366 
29.3 	 10107.273506762487 
29.32 	 10168.975592731009 
29.34 	 10157.668948086912 
29.36 	 10072.18500842259 
29.38 	 9915.095311698014 
29.4 	 9692.297124707324 
29.42 	 9412.374652463646 
29.44 	 9085.822189248462 
29.46 	 8724.217665786951 
29.48 	 8339.425621883756 
29.5 	 7942.891411083906 
29.52 	 7545.067733857844 
29.54 	 7154.994305014557 
29.56 	 6780.034375529728 
29.58 	 6425.759298915655 
29.6 	 6095.964364750921 
29.62 	 5792.794782786052 
29.64 	 5516.958663420873 
29.66 	 5268.002909236902 
29.68 	 5044.627407709797 
29.7 	 4845.012725171088 
29.72 	 4667.137105854833 
29.74 	 4509.060702762975 
29.76 	 4369.159259986527 
29.78 	 4246.296188900106 
29.8 	 4139.93078982955 
29.82 	 4050.170258993197 
29.84 	 3977.7825185078505 
29.86 	 3924.193927621778 
29.88 	 3891.4987122200105 
29.9 	 3882.504031069669 
29.92 	 3900.8253012449013 
29.94 	 3951.031122233391 
29.96 	 4038.817497017984 
29.98 	 4171.1699080986655 
30.0 	 4356.45303473559 
30.02 	 4604.355912750095 
30.04 	 4925.619422617697 
30.06 	 5331.486434705653 
30.08 	 5832.84412435788 
30.1 	 6439.0715743365145 
30.12 	 7156.659328859548 
30.14 	 7987.723508501416 
30.16 	 8928.585625946649 
30.18 	 9968.619788369717 
30.2 	 11089.572258073616 
30.22 	 12265.528618743825 
30.24 	 13463.640728388094 
30.26 	 14645.63533421327 
30.28 	 15770.020934351778 
30.3 	 16794.805871722227 
30.32 	 17680.456861182625 
30.34 	 18392.77911907511 
30.36 	 18905.397247399364 
30.38 	 19201.562141828326 
30.4 	 19275.096628008752 
30.42 	 19130.40669711104 
30.44 	 18781.60664761549 
30.46 	 18250.914774818248 
30.48 	 17566.55430150094 
30.5 	 16760.431300223903 
30.52 	 15865.854913715566 
30.54 	 14915.520823695322 
30.56 	 13939.908529653218 
30.58 	 12966.161797997182 
30.6 	 12017.444856264787 
30.62 	 11112.706823597064 
30.64 	 10266.750856166622 
30.66 	 9490.49428189898 
30.68 	 8791.318228899538 
30.7 	 8173.432896275224 
30.72 	 7638.218969198979 
30.74 	 7184.538332560263 
30.76 	 6809.031673073401 
30.78 	 6506.433111448072 
30.8 	 6269.932085813196 
30.82 	 6091.6023809679555 
30.84 	 5962.901301137232 
30.86 	 5875.223034670679 
30.88 	 5820.473424909181 
30.9 	 5791.621691600312 
30.92 	 5783.179693052133 
30.94 	 5791.561160674914 
30.96 	 5815.280939524466 
30.98 	 5854.9660198626925 
31.0 	 5913.164405940148 
31.02 	 5993.953368970582 
31.04 	 6102.364617614321 
31.06 	 6243.6600275239225 
31.08 	 6422.507491749464 
31.1 	 6642.121512788624 
31.12 	 6903.4459833650235 
31.14 	 7204.465028142682 
31.16 	 7539.729072242948 
31.18 	 7900.17474993824 
31.2 	 8273.29698889235 
31.22 	 8643.699422464759 
31.24 	 8994.007369183832 
31.26 	 9306.08069523756 
31.28 	 9562.418774696216 
31.3 	 9747.61434598701 
31.32 	 9849.694666932315 
31.34 	 9861.192099160928 
31.36 	 9779.813563035474 
31.38 	 9608.62628360388 
31.4 	 9355.738852296552 
31.42 	 9033.52190897268 
31.44 	 8657.47082265235 
31.46 	 8244.85406000192 
31.48 	 7813.309231727932 
31.5 	 7379.542377377829 
31.52 	 6958.257845022853 
31.54 	 6561.402861028489 
31.56 	 6197.76133866127 
31.58 	 5872.884450761204 
31.6 	 5589.308030528775 
31.62 	 5346.9830710993965 
31.64 	 5143.836324966432 
31.66 	 4976.381353759881 
31.68 	 4840.312715157764 
31.7 	 4731.033141705736 
31.72 	 4644.081905055845 
31.74 	 4575.449492663126 
31.76 	 4521.777865017187 
31.78 	 4480.456435194011 
31.8 	 4449.631513155192 
31.82 	 4428.151365058548 
31.84 	 4415.470252869169 
31.86 	 4411.532848554819 
31.88 	 4416.655529299504 
31.9 	 4431.414050138716 
31.92 	 4456.5393815241605 
31.94 	 4492.81698226245 
31.96 	 4540.981386956555 
31.98 	 4601.599122463631 
32.0 	 4674.938953806722 
32.02 	 4760.838226652526 
32.04 	 4858.5852093614185 
32.06 	 4966.846546957894 
32.08 	 5083.672821823422 
32.1 	 5206.611183530246 
32.12 	 5332.941104166899 
32.14 	 5460.028695619091 
32.16 	 5585.76997713386 
32.18 	 5709.068898383265 
32.2 	 5830.27734742313 
32.22 	 5951.516790106008 
32.24 	 6076.807835770352 
32.26 	 6211.955489199493 
32.28 	 6364.171669279326 
32.3 	 6541.457480764805 
32.32 	 6751.808509456403 
32.34 	 7002.339288561714 
32.36 	 7298.441290164906 
32.38 	 7643.088086391608 
32.4 	 8036.381043286054 
32.42 	 8475.392342600462 
32.44 	 8954.31600303469 
32.46 	 9464.890759537178 
32.48 	 9997.020285377972 
32.5 	 10539.493664839085 
32.52 	 11080.706130010081 
32.54 	 11609.296347988718 
32.56 	 12114.647188949692 
32.58 	 12587.234025522353 
32.6 	 13018.839180199033 
32.62 	 13402.675234735334 
32.64 	 13733.468677349452 
32.66 	 14007.548076458574 
32.68 	 14222.961059477871 
32.7 	 14379.618307290406 
32.72 	 14479.438205011236 
32.74 	 14526.449499304257 
32.76 	 14526.805499395097 
32.78 	 14488.672715065579 
32.8 	 14421.976587818728 
32.82 	 14338.011851147401 
32.84 	 14248.94871802891 
32.86 	 14167.282772379289 
32.88 	 14105.28227995148 
32.9 	 14074.480481796478 
32.92 	 14085.243987754619 
32.94 	 14146.4257395217 
32.96 	 14265.08774452337 
32.98 	 14446.260813185016 
33.0 	 14692.700912341463 
33.02 	 15004.607565021426 
33.04 	 15379.289300544415 
33.06 	 15810.791660603463 
33.08 	 16289.53890484109 
33.1 	 16802.073392445207 
33.12 	 17330.997964009937 
33.14 	 17855.22890924948 
33.16 	 18350.645651523126 
33.18 	 18791.17797821375 
33.2 	 19150.307586889536 
33.22 	 19402.887821174787 
33.24 	 19527.11691478486 
33.26 	 19506.449761224532 
33.28 	 19331.212875115893 
33.3 	 18999.7035728518 
33.32 	 18518.60751340537 
33.34 	 17902.651524558867 
33.36 	 17173.508061767177 
33.38 	 16358.067212698854 
33.4 	 15486.27518065427 
33.42 	 14588.791056932863 
33.44 	 13694.72849170213 
33.46 	 12829.724633264786 
33.48 	 12014.521259569048 
33.5 	 11264.163472147678 
33.52 	 10587.833583417718 
33.54 	 9989.255896034592 
33.56 	 9467.543557121253 
33.58 	 9018.319106751773 
33.6 	 8634.928494285894 
33.62 	 8309.582468469664 
33.64 	 8034.294107822996 
33.66 	 7801.529462478283 
33.68 	 7604.541718232263 
33.7 	 7437.410316866249 
33.72 	 7294.8487095262435 
33.74 	 7171.873282162735 
33.76 	 7063.438848526305 
33.78 	 6964.142354404337 
33.8 	 6868.077449134177 
33.82 	 6768.891564471544 
33.84 	 6660.058854961155 
33.86 	 6535.34261251276 
33.88 	 6389.385708788144 
33.9 	 6218.342785010368 
33.92 	 6020.457287227818 
33.94 	 5796.491674521689 
33.96 	 5549.93908813446 
33.98 	 5286.975708809438 
34.0 	 5016.149257414323 
34.02 	 4747.834126743271 
34.04 	 4493.511543512534 
34.06 	 4264.949815390324 
34.08 	 4073.36359496207 
34.1 	 3928.6234645717536 
34.12 	 3838.5715876558256 
34.14 	 3808.480503294723 
34.16 	 3840.6750849129476 
34.18 	 3934.325598390447 
34.2 	 4085.4138153941494 
34.22 	 4286.872982765229 
34.24 	 4528.902946044544 
34.26 	 4799.459929064374 
34.28 	 5084.913061409008 
34.3 	 5370.845299859581 
34.32 	 5642.956142905606 
34.34 	 5888.001354336937 
34.36 	 6094.686433572098 
34.38 	 6254.4217216932175 
34.4 	 6361.85229446208 
34.42 	 6415.096735858853 
34.44 	 6415.6634041672 
34.46 	 6368.055332412911 
34.48 	 6279.117593073711 
34.5 	 6157.215504208674 
34.52 	 6011.35173029224 
34.54 	 5850.33160979728 
34.56 	 5682.069408298376 
34.58 	 5513.097919955627 
34.6 	 5348.3068013672355 
34.62 	 5190.898941652166 
34.64 	 5042.525753739485 
34.66 	 4903.545741030022 
34.68 	 4773.347100976505 
34.7 	 4650.68251441172 
34.72 	 4533.978572746999 
34.74 	 4421.598661372181 
34.76 	 4312.05223769744 
34.78 	 4204.152549244406 
34.8 	 4097.128152248395 
34.82 	 3990.6921798860963 
34.84 	 3885.0694702070127 
34.86 	 3780.9780790099826 
34.88 	 3679.5606041093465 
34.9 	 3582.2633128549305 
34.92 	 3490.6671675038083 
34.94 	 3406.283169295875 
34.96 	 3330.332904708378 
34.98 	 3263.541491876361 
35.0 	 3205.972396368639 
35.02 	 3156.9307698393786 
35.04 	 3114.9541163727986 
35.06 	 3077.8973527433063 
35.08 	 3043.1056887772866 
35.1 	 3007.655630266745 
35.12 	 2968.634151916946 
35.14 	 2923.420519477253 
35.16 	 2869.935291695504 
35.18 	 2806.8265886050694 
35.2 	 2733.5736585192626 
35.22 	 2650.500245570238 
35.24 	 2558.7030219624703 
35.26 	 2459.9112534608457 
35.28 	 2356.301248970523 
35.3 	 2250.2921149256135 
35.32 	 2144.347888245652 
35.34 	 2040.8060641801258 
35.36 	 1941.7452491757927 
35.38 	 1848.8967778994434 
35.4 	 1763.5981522510567 
35.42 	 1686.781201301183 
35.44 	 1618.9854598000468 
35.46 	 1560.3873440032592 
35.48 	 1510.8376822401992 
35.5 	 1469.9031366194565 
35.52 	 1436.910060639155 
35.54 	 1410.9915549108673 
35.56 	 1391.1394034454825 
35.58 	 1376.2620798299824 
35.6 	 1365.2483636617985 
35.62 	 1357.0338394439243 
35.64 	 1350.6653339089642 
35.66 	 1345.3568286749464 
35.68 	 1340.5300399618548 
35.7 	 1335.8338958827053 
35.72 	 1331.1394702206503 
35.74 	 1326.5101766942175 
35.76 	 1322.1506183908202 
35.78 	 1318.3407703030305 
35.8 	 1315.3645418423143 
35.82 	 1313.442775257464 
35.84 	 1312.6801825427065 
35.86 	 1313.033683386308 
35.88 	 1314.3064180816052 
35.9 	 1316.1679103446475 
35.92 	 1318.1970871908372 
35.94 	 1319.9417569149264 
35.96 	 1320.9862091503312 
35.98 	 1321.0181267459816 
36.0 	 1319.8870153055764 
36.02 	 1317.648618597284 
36.04 	 1314.5928242421012 
36.06 	 1311.2557574164084 
36.08 	 1308.4194593291552 
36.1 	 1307.104181652792 
36.12 	 1308.5585119653736 
36.14 	 1314.251152775889 
36.16 	 1325.8653813225083 
36.18 	 1345.2934904053475 
36.2 	 1374.6245782311462 
36.22 	 1416.1158136100712 
36.24 	 1472.1356911765354 
36.26 	 1545.0686286016878 
36.28 	 1637.1740552524893 
36.3 	 1750.3999189511858 
36.32 	 1886.159683770219 
36.34 	 2045.0921241199283 
36.36 	 2226.832683009861 
36.38 	 2429.8316911677 
36.4 	 2651.256277696973 
36.42 	 2887.007877098757 
36.44 	 3131.875448550402 
36.46 	 3379.8268407143973 
36.48 	 3624.41954303363 
36.5 	 3859.290872324817 
36.52 	 4078.6704852183716 
36.54 	 4277.848729298583 
36.56 	 4453.535362321505 
36.58 	 4604.055381550683 
36.6 	 4729.350771847903 
36.62 	 4830.785534783427 
36.64 	 4910.781581890868 
36.66 	 4972.339605400565 
36.68 	 5018.517046723596 
36.7 	 5051.9414379660375 
36.72 	 5074.430548685609 
36.74 	 5086.77219631162 
36.76 	 5088.689692300163 
36.78 	 5078.98857278165 
36.8 	 5055.8518657410605 
36.82 	 5017.229491690258 
36.84 	 4961.255859660794 
36.86 	 4886.629681971626 
36.88 	 4792.900722061556 
36.9 	 4680.626981943177 
36.92 	 4551.388867848577 
36.94 	 4407.66986668503 
36.96 	 4252.632357903336 
36.98 	 4089.8295985543577 
37.0 	 3922.8993615167255 
37.02 	 3755.2814401265787 
37.04 	 3589.991836670735 
37.06 	 3429.47336604053 
37.08 	 3275.52836299547 
37.1 	 3129.3266677000042 
37.12 	 2991.472899076343 
37.14 	 2862.1121335400844 
37.16 	 2741.0524947576087 
37.18 	 2627.8860743494147 
37.2 	 2522.0948063698825 
37.22 	 2423.1340106785897 
37.24 	 2330.4920355743457 
37.26 	 2243.728845686061 
37.28 	 2162.4990367505247 
37.3 	 2086.5655629877215 
37.32 	 2015.8097136575066 
37.34 	 1950.2410396289172 
37.36 	 1890.0085245350492 
37.38 	 1835.4117843656602 
37.4 	 1786.9088365503806 
37.42 	 1745.115290566787 
37.44 	 1710.7889103600505 
37.46 	 1684.7935946096245 
37.48 	 1668.0380975375215 
37.5 	 1661.3873790861387 
37.52 	 1665.5482801758276 
37.54 	 1680.9359735432163 
37.56 	 1707.5327559317145 
37.58 	 1744.7553640161675 
37.6 	 1791.350098602085 
37.62 	 1845.3356548918728 
37.64 	 1904.0109899366212 
37.66 	 1964.0396300306352 
37.68 	 2021.6130017171263 
37.7 	 2072.6847923026844 
37.72 	 2113.2576534797663 
37.74 	 2139.6946223995956 
37.76 	 2149.022167275897 
37.78 	 2139.190967167562 
37.8 	 2109.264800600441 
37.82 	 2059.516708817956 
37.84 	 1991.4235236005889 
37.86 	 1907.5629141233062 
37.88 	 1811.429107204814 
37.9 	 1707.1923848228914 
37.92 	 1599.4319775174547 
37.94 	 1492.8715216894846 
37.96 	 1392.1412314620914 
37.98 	 1301.5825712545686 
38.0 	 1225.101283680055 
38.02 	 1166.0651162064 
38.04 	 1127.2353181443113 
38.06 	 1110.7172666508197 
38.08 	 1117.9160146652664 
38.1 	 1149.4868913840521 
38.12 	 1205.278497131791 
38.14 	 1284.2738876518065 
38.16 	 1384.5435024733013 
38.18 	 1503.228586233639 
38.2 	 1636.5750489770796 
38.22 	 1780.0342357542902 
38.24 	 1928.4391932805026 
38.26 	 2076.2539436893935 
38.28 	 2217.880963691716 
38.3 	 2348.000861349057 
38.32 	 2461.9103855580083 
38.34 	 2555.8220664843457 
38.36 	 2627.0917019679378 
38.38 	 2674.348204531956 
38.4 	 2697.51260717689 
38.42 	 2697.707167518307 
38.44 	 2677.0691074283327 
38.46 	 2638.4943940997828 
38.48 	 2585.343556011385 
38.5 	 2521.143163422314 
38.52 	 2449.313539751598 
38.54 	 2372.9465251420083 
38.56 	 2294.6481764163314 
38.58 	 2216.4517750082373 
38.6 	 2139.7978574888407 
38.62 	 2065.5712119617697 
38.64 	 1994.1804345580726 
38.66 	 1925.6637811830992 
38.68 	 1859.8053856214206 
38.7 	 1796.2479319863255 
38.72 	 1734.5909726418756 
38.74 	 1674.4677028164044 
38.76 	 1615.5966590934333 
38.78 	 1557.8081324227762 
38.8 	 1501.0478206898933 
38.82 	 1445.3622347726966 
38.84 	 1390.8715466831466 
38.86 	 1337.7359387347217 
38.88 	 1286.1211597892293 
38.9 	 1236.1680609343298 
38.92 	 1187.969556258873 
38.94 	 1141.5569452644281 
38.96 	 1096.8960481163876 
38.98 	 1053.8923188851816 
39.0 	 1012.4031393118242 
39.02 	 972.25491849178 
39.04 	 933.262432607115 
39.06 	 895.2479826670193 
39.08 	 858.0583423196058 
39.1 	 821.5780128763088 
39.12 	 785.7379029251513 
39.14 	 750.5191262930052 
39.16 	 715.9521096801853 
39.18 	 682.1115902077715 
39.2 	 649.1083549278536 
39.22 	 617.0787352872314 
39.24 	 586.1729332165254 
39.26 	 556.5432369095975 
39.28 	 528.3330963306181 
39.3 	 501.667881227793 
39.32 	 476.6479471512983 
39.34 	 453.34439858728547 
39.36 	 431.79767769797843 
39.38 	 412.01884171816374 
39.4 	 393.99314429669624 
39.42 	 377.68532839235263 
39.44 	 363.04588924773697 
39.46 	 350.01748700691485 
39.48 	 338.54068299972425 
39.5 	 328.5582376453154 
39.52 	 320.0173330573808 
39.54 	 312.8692608179563 
39.56 	 307.0663382639901 
39.58 	 302.5560810797018 
39.6 	 299.2729626008013 
39.62 	 297.12842308929527 
39.64 	 296.0001365714445 
39.66 	 295.7218638149717 
39.68 	 296.07546530695186 
39.7 	 296.78675241839926 
39.72 	 297.52675164902337 
39.74 	 297.91959511554154 
39.76 	 297.55761473954556 
39.78 	 296.0233440120414 
39.8 	 292.9171149601635 
39.82 	 287.887927194768 
39.84 	 280.66444049340635 
39.86 	 271.08247968158906 
39.88 	 259.10547560170414 
39.9 	 244.83485495694794 
39.92 	 228.50848981533207 
39.94 	 210.48677725532028 
39.96 	 191.22751415820156 
39.98 	 171.25219784791068 
40.0 	 151.1074730253235 
40.02 	 131.32597974315874 
40.04 	 112.39076052462092 
40.06 	 94.70669859442434 
40.08 	 78.58132891555138 
40.1 	 64.21600369088027 
40.12 	 51.70704037226323 
40.14 	 41.055343270325025 
40.16 	 32.182216644725386 
40.18 	 24.948742009233214 
40.2 	 19.176157097460006 
40.22 	 14.665064721759567 
40.24 	 11.211894522798751 
40.26 	 8.621708693661274 
40.28 	 6.717070306957048 
40.3 	 5.3431992907608725 
40.32 	 4.369985235912438 
40.34 	 3.6916034000179616 
40.36 	 3.224513212432776 
40.38 	 2.904545672509794 
40.4 	 2.683650170234922 
40.42 	 2.5267112920328687 
40.44 	 2.4086918424602164 
40.46 	 2.312228528467499 
40.48 	 2.2257104236055834 
40.5 	 2.1418086352982617 
40.52 	 2.0563947513769114 
40.54 	 1.9677794070971437 
40.56 	 1.8762138976741778 
40.58 	 1.7836209560450953 
40.6 	 1.6935504586859893 
40.62 	 1.611387723400093 
40.64 	 1.544872563110956 
40.66 	 1.5050125852620064 
40.68 	 1.507489802962508 
40.7 	 1.5746595476289031 
40.72 	 1.7382175881968742 
40.74 	 2.042557031761206 
40.76 	 2.5487434036781056 
40.78 	 3.338899897618303 
40.8 	 4.520617451383636 
40.82 	 6.230798808962618 
40.84 	 8.638138339321133 
40.86 	 11.943270765627743 
40.88 	 16.375544500051763 
40.9 	 22.185445775183066 
40.92 	 29.631967438776307 
40.94 	 38.96470753303917 
40.96 	 50.401185689925256 
40.98 	 64.100718295097 
41.0 	 80.13708235980921 
41.02 	 98.47296681610752 
41.04 	 118.93968362897765 
41.06 	 141.22563117289627 
41.08 	 164.87646634458216 
41.1 	 189.30883867215974 
41.12 	 213.83796933999733 
41.14 	 237.71752900527605 
41.16 	 260.1884680576385 
41.18 	 280.5319963515299 
41.2 	 298.12107438673917 
41.22 	 312.4647440655944 
41.24 	 323.2404324191818 
41.26 	 330.3108887118628 
41.28 	 333.72441234305614 
41.3 	 333.69916070613505 
41.32 	 330.59424265052155 
41.34 	 324.87170973755286 
41.36 	 317.0542694860273 
41.38 	 307.6835154402236 
41.4 	 297.28278531921825 
41.42 	 286.32761038840846 
41.44 	 275.2253496953333 
41.46 	 264.3042552403247 
41.48 	 253.81108673205455 
41.5 	 243.9156119795453 
41.52 	 234.71993384024654 
41.54 	 226.27054709464048 
41.56 	 218.57126792379376 
41.58 	 211.59558979367094 
41.6 	 205.2974978071858 
41.62 	 199.6202327208313 
41.64 	 194.50287760960032 
41.66 	 189.88491592857744 
41.68 	 185.70907593991652 
41.7 	 181.92284719910015 
41.72 	 178.47905345204583 
41.74 	 175.33581870145034 
41.76 	 172.45619268260964 
41.78 	 169.80762672611345 
41.8 	 167.36142317791493 
41.82 	 165.09222780400688 
41.84 	 162.97759697091945 
41.86 	 160.9976486051337 
41.88 	 159.13479468697545 
41.9 	 157.37354911758248 
41.92 	 155.70040408691312 
41.94 	 154.10376731373864 
41.96 	 152.57394986619443 
41.98 	 151.10318942813578 
42.0 	 149.68568798591465 
42.02 	 148.31763800682612 
42.04 	 146.9972094733701 
42.06 	 145.72447324234574 
42.08 	 144.5012445329622 
42.1 	 143.33084286530763 
42.12 	 142.21777910712578 
42.14 	 141.1673933169313 
42.16 	 140.18547571239787 
42.18 	 139.2779051559259 
42.2 	 138.45033439388376 
42.22 	 137.70794009017962 
42.24 	 137.0552412481568 
42.26 	 136.49597567089674 
42.28 	 136.03301445182368 
42.3 	 135.6682919410212 
42.32 	 135.40273427859805 
42.34 	 135.2361823785087 
42.36 	 135.16732213990795 
42.38 	 135.19365124048977 
42.4 	 135.31152332018567 
42.42 	 135.51631262358518 
42.44 	 135.80273291746292 
42.46 	 136.1653238481247 
42.48 	 136.59908857654327 
42.5 	 137.10023349500432 
42.52 	 137.6669304306686 
42.54 	 138.30000049356588 
42.56 	 139.00341200103097 
42.58 	 139.78449578326237 
42.6 	 140.65380967675924 
42.62 	 141.62462696418805 
42.64 	 142.71207500595 
42.66 	 143.93200271594804 
42.68 	 145.29970092916454 
42.7 	 146.82863126850737 
42.72 	 148.52933228983824 
42.74 	 150.40866484274693 
42.76 	 152.469533098418 
42.78 	 154.71117747123367 
42.8 	 157.13008638188228 
42.82 	 159.7215221361256 
42.84 	 162.48160912192034 
42.86 	 165.40989698152606 
42.88 	 168.5122939467489 
42.9 	 171.80427187597678 
42.92 	 175.31427876792944 
42.94 	 179.08735756980616 
42.96 	 183.1890576856078 
42.98 	 187.7098260085603 
43.0 	 192.77015647292222 
43.02 	 198.52682987190525 
43.04 	 205.18054907414364 
43.06 	 212.9851242872329 
43.08 	 222.2580473095095 
43.1 	 233.3917859136616 
43.12 	 246.8644315675121 
43.14 	 263.24749190158764 
43.16 	 283.207737716706 
43.18 	 307.49926117526024 
43.2 	 336.94150340228015 
43.22 	 372.3792256857854 
43.24 	 414.6214757884186 
43.26 	 464.35870820531363 
43.28 	 522.0603685798873 
43.3 	 587.8592374659155 
43.32 	 661.4331715944003 
43.34 	 741.8988536188853 
43.36 	 827.7348665703855 
43.38 	 916.7519366788507 
43.4 	 1006.125825228906 
43.42 	 1092.5028050180695 
43.44 	 1172.1792369917623 
43.46 	 1241.3464461609465 
43.48 	 1296.3814543628603 
43.5 	 1334.1550850085564 
43.52 	 1352.3234192051568 
43.54 	 1349.5680206702323 
43.56 	 1325.7554090242165 
43.58 	 1281.9965536869452 
43.6 	 1220.6012392844627 
43.62 	 1144.9377542430552 
43.64 	 1059.2228173199114 
43.66 	 968.2774444566801 
43.68 	 877.2896430101856 
43.7 	 791.6234294163578 
43.72 	 716.7058118587202 
43.74 	 658.0101649756008 
43.76 	 621.1376780482299 
43.78 	 611.9804902937827 
43.8 	 636.9329992918533 
43.82 	 703.1037240611217 
43.84 	 818.4708100669118 
43.86 	 991.9212419313567 
43.88 	 1233.1182073148302 
43.9 	 1552.1535516851616 
43.92 	 1958.9630091153838 
43.94 	 2462.510144728191 
43.96 	 3069.7787647450787 
43.98 	 3784.6495976969695 
44.0 	 4606.770609761662 
44.02 	 5530.555705829819 
44.04 	 6544.457950285701 
44.06 	 7630.655968576841 
44.08 	 8765.263255231212 
44.1 	 9919.12042019486 
44.12 	 11059.164528935476 
44.14 	 12150.295877786786 
44.16 	 13157.591648909503 
44.18 	 14048.659572708935 
44.2 	 14795.893251396621 
44.22 	 15378.390880903127 
44.24 	 15783.332349712959 
44.26 	 16006.671992330354 
44.28 	 16053.086417449234 
44.3 	 15935.206151616781 
44.32 	 15672.24260801475 
44.34 	 15288.185884382443 
44.36 	 14809.78559092104 
44.38 	 14264.532832834251 
44.4 	 13678.838458810762 
44.42 	 13076.557085781555 
44.44 	 12477.947490300989 
44.46 	 11899.097930401602 
44.48 	 11351.789082654634 
44.5 	 10843.72439044605 
44.52 	 10379.031376400057 
44.54 	 9958.928284468024 
44.56 	 9582.455996670136 
44.58 	 9247.191458180774 
44.6 	 8949.881073634315 
44.62 	 8686.956184517692 
44.64 	 8454.914224224118 
44.66 	 8250.566208658114 
44.68 	 8071.162951568757 
44.7 	 7914.419045281634 
44.72 	 7778.456262763589 
44.74 	 7661.688036514383 
44.76 	 7562.665464026265 
44.78 	 7479.903979274437 
44.8 	 7411.709024351958 
44.82 	 7356.018816105756 
44.84 	 7310.2822010382115 
44.86 	 7271.388864685404 
44.88 	 7235.666936161866 
44.9 	 7198.958582351077 
44.92 	 7156.777201175428 
44.94 	 7104.540579293736 
44.96 	 7037.863834152662 
44.98 	 6952.8856716534965 
45.0 	 6846.5933675198885 
45.02 	 6717.107789548373 
45.04 	 6563.891087130222 
45.06 	 6387.846846475794 
45.08 	 6191.2948693341605 
45.1 	 5977.818495578625 
45.12 	 5751.9989775081995 
45.14 	 5519.065989837357 
45.16 	 5284.503452815114 
45.18 	 5053.653890962634 
45.2 	 4831.362196320158 
45.22 	 4621.691778977876 
45.24 	 4427.734459822824 
45.26 	 4251.522325636083 
45.28 	 4094.037285142455 
45.3 	 3955.303910915782 
45.32 	 3834.5443021050887 
45.34 	 3730.370432688807 
45.36 	 3640.9894885438894 
45.38 	 3564.400440831887 
45.4 	 3498.5648052376864 
45.42 	 3441.5404167003126 
45.44 	 3391.5733359135734 
45.46 	 3347.148941903468 
45.48 	 3307.0081419311728 
45.5 	 3270.1378501876256 
45.52 	 3235.74608600076 
45.54 	 3203.2312005897593 
45.56 	 3172.1522377614688 
45.58 	 3142.203999512884 
45.6 	 3113.1969494291075 
45.62 	 3085.0395373675833 
45.64 	 3057.7194869856494 
45.66 	 3031.2812269532274 
45.68 	 3005.7986479042747 
45.7 	 2981.3450113762674 
45.72 	 2957.9642140747837 
45.74 	 2935.64888242063 
45.76 	 2914.3304138734643 
45.78 	 2893.8840365849746 
45.8 	 2874.148666205686 
45.82 	 2854.9576262911573 
45.84 	 2836.173174647233 
45.86 	 2817.716168487645 
45.88 	 2799.5827010375565 
45.9 	 2781.84223478177 
45.92 	 2764.6161517377805 
45.94 	 2748.0407510357145 
45.96 	 2732.223271519867 
45.98 	 2717.2022389867743 
46.0 	 2702.9234188370174 
46.02 	 2689.2396100827664 
46.04 	 2675.93693961814 
46.06 	 2662.783436552807 
46.08 	 2649.5892022382486 
46.1 	 2636.263231568719 
46.12 	 2622.851262456158 
46.14 	 2609.5424743684916 
46.16 	 2596.639894144542 
46.18 	 2584.4984409686426 
46.2 	 2573.4434042068474 
46.22 	 2563.688418380554 
46.24 	 2555.273809581782 
46.26 	 2548.0427233834216 
46.28 	 2541.6642363682067 
46.3 	 2535.7015135198317 
46.32 	 2529.7116810670805 
46.34 	 2523.35532231264 
46.36 	 2516.489720279736 
46.38 	 2509.2223577963 
46.4 	 2501.9094435195875 
46.42 	 2495.0966065389835 
46.44 	 2489.412580088009 
46.46 	 2485.4384641974916 
46.48 	 2483.5821606942386 
46.5 	 2483.9879821661134 
46.52 	 2486.50488347163 
46.54 	 2490.7244545490144 
46.56 	 2496.084281009191 
46.58 	 2502.016857379003 
46.6 	 2508.1123517025526 
46.62 	 2514.257950495424 
46.64 	 2520.7187845345366 
46.66 	 2528.1354551707236 
46.68 	 2537.4292037844807 
46.7 	 2549.6247115314814 
46.72 	 2565.6185644140464 
46.74 	 2585.9347904235483 
46.76 	 2610.5146198026905 
46.78 	 2638.5842512152185 
46.8 	 2668.6322530124926 
46.82 	 2698.5094043004 
46.84 	 2725.641789108496 
46.86 	 2747.327001682083 
46.88 	 2761.0674639254694 
46.9 	 2764.8872041658315 
46.92 	 2757.580530213344 
46.94 	 2738.8525010080057 
46.96 	 2709.329806666509 
46.98 	 2670.44307749389 
47.0 	 2624.203548890912 
47.02 	 2572.9143411139344 
47.04 	 2518.8662242200867 
47.06 	 2464.068002621012 
47.08 	 2410.0527581169526 
47.1 	 2357.785075571722 
47.12 	 2307.6743317270175 
47.14 	 2259.6791311028237 
47.16 	 2213.471893245383 
47.18 	 2168.6234342125867 
47.2 	 2124.7666961557347 
47.22 	 2081.7063879524985 
47.24 	 2039.4553757405981 
47.26 	 1998.1961200997307 
47.28 	 1958.1826064473069 
47.3 	 1919.6115175647662 
47.32 	 1882.4981715784445 
47.34 	 1846.591692748289 
47.36 	 1811.3553034070294 
47.38 	 1776.0233474549814 
47.4 	 1739.7296306408414 
47.42 	 1701.6853695993598 
47.44 	 1661.3727986792808 
47.46 	 1618.7148069843795 
47.48 	 1574.1831065791005 
47.5 	 1528.817104117657 
47.52 	 1484.141159283203 
47.54 	 1441.9864460930878 
47.56 	 1404.2417769796002 
47.58 	 1372.5721247595538 
47.6 	 1348.15144538609 
47.62 	 1331.4561607807611 
47.64 	 1322.1571319352227 
47.66 	 1319.132441590294 
47.68 	 1320.6033871454383 
47.7 	 1324.3751704327801 
47.72 	 1328.1455244538272 
47.74 	 1329.8322040280198 
47.76 	 1327.8661621168962 
47.78 	 1321.4021884225483 
47.8 	 1310.4120504033365 
47.82 	 1295.6445080705807 
47.84 	 1278.4586378409756 
47.86 	 1260.5578754424243 
47.88 	 1243.6684657560722 
47.9 	 1229.2148511873484 
47.92 	 1218.0445538757294 
47.94 	 1210.2464915839848 
47.96 	 1205.091075921134 
47.98 	 1201.1006677335283 
48.0 	 1196.2383911395568 
48.02 	 1188.1852949658264 
48.04 	 1174.6631670130955 
48.06 	 1153.7547040924544 
48.08 	 1124.1747324202852 
48.1 	 1085.4550374838852 
48.12 	 1038.0193508286209 
48.14 	 983.1417330181487 
48.16 	 922.7983290227164 
48.18 	 859.4367904054716 
48.2 	 795.6976484893455 
48.22 	 734.1264673395001 
48.24 	 676.9144708592275 
48.26 	 625.6991191481188 
48.28 	 581.4460574081745 
48.3 	 544.4216402852264 
48.32 	 514.2526516681935 
48.34 	 490.0585899056159 
48.36 	 470.6333514522921 
48.38 	 454.6482480175771 
48.4 	 440.8474336997667 
48.42 	 428.20986705606896 
48.44 	 416.05827271543734 
48.46 	 404.10419521109577 
48.48 	 392.4278992318082 
48.5 	 381.40121944317923 
48.52 	 371.5692342252872 
48.54 	 363.5118100348555 
48.56 	 357.70799318585864 
48.58 	 354.4247324228354 
48.6 	 353.6468020454672 
48.62 	 355.05780480022406 
48.64 	 358.07384306392817 
48.66 	 361.9231118459802 
48.68 	 365.7575409899899 
48.7 	 368.77776300011135 
48.72 	 370.3508263759776 
48.74 	 370.1014723082913 
48.76 	 367.9622014142354 
48.78 	 364.1740624564446 
48.8 	 359.23802038182595 
48.82 	 353.8246383175853 
48.84 	 348.6563817661749 
48.86 	 344.38108512458166 
48.88 	 341.45636041141984 
48.9 	 340.06281824351254 
48.92 	 340.05926927612256 
48.94 	 340.9863884512474 
48.96 	 342.117772475055 
48.98 	 342.5501394249107 
49.0 	 341.3187532226338 
49.02 	 337.52086618495963 
49.04 	 330.42949680136843 
49.06 	 319.58214555135527 
49.08 	 304.83358315951915 
49.1 	 286.36775204921724 
49.12 	 264.67004815789534 
49.14 	 240.46675880178378 
49.16 	 214.64239003053882 
49.18 	 188.147533905805 
49.2 	 161.90971644280773 
49.22 	 136.75762482445242 
49.24 	 113.3658149080506 
49.26 	 92.22316321122989 
49.28 	 73.62465328382845 
49.3 	 57.68313266878774 
49.32 	 44.355777375308975 
49.34 	 33.47924398647639 
49.36 	 24.807749259157347 
49.38 	 18.04932177359229 
49.4 	 12.896885472118738 
49.42 	 9.052339970833888 
49.44 	 6.243145193154543 
49.46 	 4.2319421155661665 
49.48 	 2.8203884688268612 
49.5 	 1.8486785671590609 
49.52 	 1.1922217957664059 
49.54 	 0.7567686764559741 
49.56 	 0.4729892917714018 
49.58 	 0.29120159788818634 
49.6 	 0.17666834889942762 
49.62 	 0.10565875325809353 
49.64 	 0.062312983844527735 
49.66 	 0.03624953475909931 
49.68 	 0.020805414984538036 
49.7 	 0.011783384018808858 
49.72 	 0.006585978763280127 
49.74 	 0.0036327030978990666 
49.76 	 0.001977275476053014 
49.78 	 0.001061862023344512 
49.8 	 0.0005625217554316187 
49.82 	 0.00029387505974897717 
49.84 	 0.00015135628832020035 
49.86 	 7.682463265516013e-05 
49.88 	 3.841509860672574e-05 
49.9 	 1.891647451666645e-05 
49.92 	 9.169615899611935e-06 
49.94 	 4.3739603692952965e-06 
49.96 	 2.0523823922927216e-06 
49.98 	 9.47016069285146e-07 
50.0 	 4.2957414909004343e-07 
50.02 	 1.9150389649145202e-07 
50.04 	 8.388104027789745e-08 
50.06 	 3.609072720563765e-08 
50.08 	 1.525044230506068e-08 
50.1 	 6.327663551307222e-09 
50.12 	 2.577547413653853e-09 
50.14 	 1.0306442078206616e-09 
50.16 	 4.044768105251818e-10 
50.18 	 1.5578005586845841e-10 
50.2 	 5.887351784783405e-11 
50.22 	 2.1831309775535872e-11 
50.24 	 7.942507568545511e-12 
50.26 	 2.8348097015382283e-12 
50.28 	 9.925502571706894e-13 
50.3 	 3.4089479541336526e-13 
50.32 	 1.1484367944372438e-13 
50.34 	 3.7948496983277623e-14 
50.36 	 1.2298912003110003e-14 
50.38 	 3.909390414676955e-15 
50.4 	 1.218733421036677e-15 
50.42 	 3.7260965938184353e-16 
50.44 	 1.1172097364156292e-16 
50.46 	 3.285042582084312e-17 
50.48 	 9.472493206059896e-18 
50.5 	 2.678530911565741e-18 
50.52 	 7.427296807990009e-19 
50.54 	 2.0195746426486457e-19 
50.56 	 5.384901959998674e-20 
50.58 	 1.4079221339435352e-20 
50.6 	 3.609582576003653e-21 
50.62 	 9.074187318392927e-22 
50.64 	 2.2367946662687164e-22 
50.66 	 5.40639275382079e-23 
50.68 	 1.2812913067017366e-23 
50.7 	 2.9774392960204714e-24 
50.72 	 6.784046784123852e-25 
50.74 	 1.515590753311607e-25 
50.76 	 3.319852051552661e-26 
50.78 	 7.130103087115942e-27 
50.8 	 1.5014467976490253e-27 
50.82 	 3.0999739091738845e-28 
50.84 	 6.275337540083375e-29 
50.86 	 1.2455014131154076e-29 
50.88 	 2.4236877253475038e-30 
50.9 	 4.624148014154508e-31 
50.92 	 8.649815139460461e-32 
50.94 	 1.586351621803829e-32 
50.96 	 2.852378782372075e-33 
50.98 	 5.028375495545301e-34 
51.0 	 8.690778803228998e-35 
51.02 	 1.4726447030217368e-35 
51.04 	 2.4464898262547945e-36 
51.06 	 3.9846751974919245e-37 
51.08 	 6.362744796751297e-38 
51.1 	 9.960845259423883e-39 
51.12 	 1.52878388078012e-39 
51.14 	 2.3003417631761572e-40 
51.16 	 3.393385564957257e-41 
51.18 	 4.9075742965615636e-42 
51.2 	 6.95811647157383e-43 
51.22 	 9.671770702041342e-44 
51.24 	 1.3179780323319527e-44 
51.26 	 1.7607458461213346e-45 
51.28 	 2.3060566656667167e-46 
51.3 	 2.9609194947138473e-47 
51.32 	 3.7270490312071967e-48 
51.34 	 4.599219032347639e-49 
51.36 	 5.563936870906757e-50 
51.38 	 6.59869536099877e-51 
51.4 	 7.67203283055551e-52 
51.42 	 8.74456182348368e-53 
51.44 	 9.771014297922954e-54 
51.46 	 1.0703209912147332e-54 
51.48 	 1.1493705549172807e-55 
51.5 	 1.209975516691477e-56 
51.52 	 1.248712560875109e-57 
51.54 	 1.2633296190751613e-58 
51.56 	 1.2529626419412822e-59 
51.58 	 1.2182201651492772e-60 
51.6 	 1.161124158347853e-61 
51.62 	 1.0849151548748226e-62 
51.64 	 9.937477876371397e-64 
51.66 	 8.923165095734126e-65 
51.68 	 7.854582931281384e-66 
51.7 	 6.777786642278067e-67 
51.72 	 5.733401525269063e-68 
51.74 	 4.754399589319325e-69 
51.76 	 3.8648891159058744e-70 
51.78 	 3.079893025862293e-71 
51.8 	 2.405972612454721e-72 
51.82 	 1.842474204881848e-73 
51.84 	 1.383143048669648e-74 
51.86 	 1.0178575415271709e-75 
51.88 	 7.342778166424213e-77 
51.9 	 5.192621093989071e-78 
51.92 	 3.5996891484959714e-79 
51.94 	 2.4462162382430036e-80 
51.96 	 1.6295794024498257e-81 
51.98 	 1.0641587380565322e-82 
52.0 	 6.812192268391433e-84 
52.02 	 4.274805619443898e-85 
52.04 	 2.6296276249511995e-86 
52.06 	 1.585696146055507e-87 
52.08 	 9.373309655580452e-89 
52.1 	 5.431411275985298e-90 
52.12 	 3.08516654122589e-91 
52.14 	 1.717869676099436e-92 
52.16 	 9.376634409985803e-94 
52.18 	 5.0170499569966465e-95 
52.2 	 2.6314435288280554e-96 
52.22 	 1.3529551368589142e-97 
52.24 	 6.818926142505919e-99 
52.26 	 3.3689252383189735e-100 
52.28 	 1.631582783793565e-101 
52.3 	 7.745844531905352e-103 
52.32 	 3.6047067215245325e-104 
52.34 	 1.6444178490586799e-105 
52.36 	 7.353517145461332e-107 
52.38 	 3.2234305921615978e-108 
52.4 	 1.3851009845038874e-109 
52.42 	 5.834237118794421e-111 
52.44 	 2.408939364759217e-112 
52.46 	 9.750041288103515e-114 
52.48 	 3.868347513195977e-115 
52.5 	 1.504466789516805e-116 
52.52 	 5.735581922853197e-118 
52.54 	 2.14343243373353e-119 
52.56 	 7.851980544531376e-121 
52.58 	 2.8195864971084096e-122 
52.6 	 9.924945050758479e-124 
52.62 	 3.424577346387015e-125 
52.64 	 1.1583018023301232e-126 
52.66 	 3.840361257125661e-128 
52.68 	 1.2481240149909422e-129 
52.7 	 3.9762935118242333e-131 
52.72 	 1.2417492149021839e-132 
52.74 	 3.801227417019935e-134 
52.76 	 1.1406385675473552e-135 
52.78 	 3.3551059331072086e-137 
52.8 	 9.67382350579437e-139 
52.82 	 2.7341578040484406e-140 
52.84 	 7.57499324311102e-142 
52.86 	 2.057187828278085e-143 
52.88 	 5.476441303374699e-145 
52.9 	 1.4290765730684743e-146 
52.92 	 3.6554842339622046e-148 
52.94 	 9.165717526839486e-150 
52.96 	 2.252786065509757e-151 
52.98 	 5.427566542899959e-153 
53.0 	 1.2818047723278935e-154 
53.02 	 2.9673579399900743e-156 
53.04 	 6.733628013174245e-158 
53.06 	 1.4978186989019753e-159 
53.08 	 3.2658793203828485e-161 
53.1 	 6.980259907312693e-163 
53.12 	 1.4624244960403077e-164 
53.14 	 3.003347162712365e-166 
53.16 	 6.045992887459472e-168 
53.18 	 1.1930493615956185e-169 
53.2 	 2.307017359538697e-171 
53.22 	 4.331907699936664e-173 
53.24 	 6.856599374345948e-175 
53.26 	 0.0 
53.28 	 0.0 
53.3 	 0.0 
53.32 	 0.0 
53.34 	 0.0 
53.36 	 0.0 
53.38 	 0.0 
53.4 	 0.0 
53.42 	 0.0 
53.44 	 0.0 
53.46 	 0.0 
53.48 	 0.0 
53.5 	 0.0 
53.52 	 0.0 
53.54 	 0.0 
53.56 	 0.0 
53.58 	 0.0 
53.6 	 0.0 
53.62 	 0.0 
53.64 	 0.0 
53.66 	 0.0 
53.68 	 0.0 
53.7 	 0.0 
53.72 	 0.0 
53.74 	 0.0 
53.76 	 0.0 
53.78 	 0.0 
53.8 	 0.0 
53.82 	 0.0 
53.84 	 0.0 
53.86 	 0.0 
53.88 	 0.0 
53.9 	 0.0 
53.92 	 0.0 
53.94 	 0.0 
53.96 	 0.0 
53.98 	 0.0 
54.0 	 0.0 
54.02 	 0.0 
54.04 	 0.0 
54.06 	 0.0 
54.08 	 0.0 
54.1 	 0.0 
54.12 	 0.0 
54.14 	 0.0 
54.16 	 0.0 
54.18 	 0.0 
54.2 	 0.0 
54.22 	 0.0 
54.24 	 0.0 
54.26 	 0.0 
54.28 	 0.0 
54.3 	 0.0 
54.32 	 0.0 
54.34 	 0.0 
54.36 	 0.0 
54.38 	 0.0 
54.4 	 0.0 
54.42 	 0.0 
54.44 	 0.0 
54.46 	 0.0 
54.48 	 0.0 
54.5 	 0.0 
54.52 	 0.0 
54.54 	 0.0 
54.56 	 0.0 
54.58 	 0.0 
54.6 	 0.0 
54.62 	 0.0 
54.64 	 0.0 
54.66 	 0.0 
54.68 	 0.0 
54.7 	 0.0 
54.72 	 0.0 
54.74 	 0.0 
54.76 	 0.0 
54.78 	 0.0 
54.8 	 0.0 
54.82 	 0.0 
54.84 	 0.0 
54.86 	 0.0 
54.88 	 0.0 
54.9 	 0.0 
54.92 	 0.0 
54.94 	 0.0 
54.96 	 0.0 
54.98 	 0.0 
55.0 	 0.0 
55.02 	 0.0 
55.04 	 0.0 
55.06 	 0.0 
55.08 	 0.0 
55.1 	 0.0 
55.12 	 0.0 
55.14 	 0.0 
55.16 	 0.0 
55.18 	 0.0 
55.2 	 0.0 
55.22 	 0.0 
55.24 	 0.0 
55.26 	 0.0 
55.28 	 0.0 
55.3 	 0.0 
55.32 	 0.0 
55.34 	 0.0 
55.36 	 0.0 
55.38 	 0.0 
55.4 	 0.0 
55.42 	 0.0 
55.44 	 0.0 
55.46 	 0.0 
55.48 	 0.0 
55.5 	 0.0 
55.52 	 0.0 
55.54 	 0.0 
55.56 	 0.0 
55.58 	 0.0 
55.6 	 0.0 
55.62 	 0.0 
55.64 	 0.0 
55.66 	 0.0 
55.68 	 0.0 
55.7 	 0.0 
55.72 	 0.0 
55.74 	 0.0 
55.76 	 0.0 
55.78 	 0.0 
55.8 	 0.0 
55.82 	 0.0 
55.84 	 0.0 
55.86 	 0.0 
55.88 	 0.0 
55.9 	 0.0 
55.92 	 0.0 
55.94 	 0.0 
55.96 	 0.0 
55.98 	 0.0 
56.0 	 0.0 
56.02 	 0.0 
56.04 	 0.0 
56.06 	 0.0 
56.08 	 0.0 
56.1 	 0.0 
56.12 	 0.0 
56.14 	 0.0 
56.16 	 0.0 
56.18 	 0.0 
56.2 	 0.0 
56.22 	 0.0 
56.24 	 0.0 
56.26 	 0.0 
56.28 	 0.0 
56.3 	 0.0 
56.32 	 0.0 
56.34 	 0.0 
56.36 	 0.0 
56.38 	 0.0 
56.4 	 0.0 
56.42 	 0.0 
56.44 	 0.0 
56.46 	 0.0 
56.48 	 0.0 
56.5 	 0.0 
56.52 	 0.0 
56.54 	 0.0 
56.56 	 0.0 
56.58 	 0.0 
56.6 	 0.0 
56.62 	 0.0 
56.64 	 0.0 
56.66 	 0.0 
56.68 	 0.0 
56.7 	 0.0 
56.72 	 0.0 
56.74 	 0.0 
56.76 	 0.0 
56.78 	 0.0 
56.8 	 0.0 
56.82 	 0.0 
56.84 	 0.0 
56.86 	 0.0 
56.88 	 0.0 
56.9 	 0.0 
56.92 	 0.0 
56.94 	 0.0 
56.96 	 0.0 
56.98 	 0.0 
57.0 	 0.0 
57.02 	 0.0 
57.04 	 0.0 
57.06 	 0.0 
57.08 	 0.0 
57.1 	 0.0 
57.12 	 0.0 
57.14 	 0.0 
57.16 	 0.0 
57.18 	 0.0 
57.2 	 0.0 
57.22 	 0.0 
57.24 	 0.0 
57.26 	 0.0 
57.28 	 0.0 
57.3 	 0.0 
57.32 	 0.0 
57.34 	 0.0 
57.36 	 0.0 
57.38 	 0.0 
57.4 	 0.0 
57.42 	 0.0 
57.44 	 0.0 
57.46 	 0.0 
57.48 	 0.0 
57.5 	 0.0 
57.52 	 0.0 
57.54 	 0.0 
57.56 	 0.0 
57.58 	 0.0 
57.6 	 0.0 
57.62 	 0.0 
57.64 	 0.0 
57.66 	 0.0 
57.68 	 0.0 
57.7 	 0.0 
57.72 	 0.0 
57.74 	 0.0 
57.76 	 0.0 
57.78 	 0.0 
57.8 	 0.0 
57.82 	 0.0 
57.84 	 0.0 
57.86 	 0.0 
57.88 	 0.0 
57.9 	 0.0 
57.92 	 0.0 
57.94 	 0.0 
57.96 	 0.0 
57.98 	 0.0 
58.0 	 0.0 
58.02 	 0.0 
58.04 	 0.0 
58.06 	 0.0 
58.08 	 0.0 
58.1 	 0.0 
58.12 	 0.0 
58.14 	 0.0 
58.16 	 0.0 
58.18 	 0.0 
58.2 	 0.0 
58.22 	 0.0 
58.24 	 0.0 
58.26 	 0.0 
58.28 	 0.0 
58.3 	 0.0 
58.32 	 0.0 
58.34 	 0.0 
58.36 	 0.0 
58.38 	 0.0 
58.4 	 0.0 
58.42 	 0.0 
58.44 	 0.0 
58.46 	 0.0 
58.48 	 0.0 
58.5 	 0.0 
58.52 	 0.0 
58.54 	 0.0 
58.56 	 0.0 
58.58 	 0.0 
58.6 	 0.0 
58.62 	 0.0 
58.64 	 0.0 
58.66 	 0.0 
58.68 	 0.0 
58.7 	 0.0 
58.72 	 0.0 
58.74 	 0.0 
58.76 	 0.0 
58.78 	 0.0 
58.8 	 0.0 
58.82 	 0.0 
58.84 	 0.0 
58.86 	 0.0 
58.88 	 0.0 
58.9 	 0.0 
58.92 	 0.0 
58.94 	 0.0 
58.96 	 0.0 
58.98 	 0.0 
59.0 	 0.0 
59.02 	 0.0 
59.04 	 0.0 
59.06 	 0.0 
59.08 	 0.0 
59.1 	 0.0 
59.12 	 0.0 
59.14 	 0.0 
59.16 	 0.0 
59.18 	 0.0 
59.2 	 0.0 
59.22 	 0.0 
59.24 	 0.0 
59.26 	 0.0 
59.28 	 0.0 
59.3 	 0.0 
59.32 	 0.0 
59.34 	 0.0 
59.36 	 0.0 
59.38 	 0.0 
59.4 	 0.0 
59.42 	 0.0 
59.44 	 0.0 
59.46 	 0.0 
59.48 	 0.0 
59.5 	 0.0 
59.52 	 0.0 
59.54 	 0.0 
59.56 	 0.0 
59.58 	 0.0 
59.6 	 0.0 
59.62 	 0.0 
59.64 	 0.0 
59.66 	 0.0 
59.68 	 0.0 
59.7 	 0.0 
59.72 	 0.0 
59.74 	 0.0 
59.76 	 0.0 
59.78 	 0.0 
59.8 	 0.0 
59.82 	 0.0 
59.84 	 0.0 
59.86 	 0.0 
59.88 	 0.0 
59.9 	 0.0 
59.92 	 0.0 
59.94 	 0.0 
59.96 	 0.0 
59.98 	 0.0 
