0.0 	 0.0001433602491672347 
0.02 	 0.00015579156900590252 
0.04 	 0.0001673166849461516 
0.06 	 0.00017781793829886946 
0.08 	 0.00018725156554494273 
0.1 	 0.0001956777517051589 
0.12 	 0.00020322949833141325 
0.14 	 0.00021011585017740938 
0.16 	 0.00021658088205194693 
0.18 	 0.0002228929820073619 
0.2 	 0.00022930207217276044 
0.22 	 0.00023602922176431566 
0.24 	 0.00024323270188974418 
0.26 	 0.00025100990278308864 
0.28 	 0.0002593789894642247 
0.3 	 0.00026829873618722705 
0.32 	 0.0002776658762110467 
0.34 	 0.0002873507008874612 
0.36 	 0.0002972038555307942 
0.38 	 0.00030709927432275046 
0.4 	 0.00031694034970803644 
0.42 	 0.00032669898324912735 
0.44 	 0.0003364107764877121 
0.46 	 0.00034620058712566656 
0.48 	 0.00035625964229136055 
0.5 	 0.0003668536569840654 
0.52 	 0.0003782805559995139 
0.54 	 0.0003908652171460252 
0.56 	 0.00040490293842352363 
0.58 	 0.00042065244743038943 
0.6 	 0.0004382750355518408 
0.62 	 0.000457841651512436 
0.64 	 0.0004792787196594468 
0.66 	 0.0005024038221393626 
0.68 	 0.0005268859678712637 
0.7 	 0.0005523175269439768 
0.72 	 0.0005781907481850257 
0.74 	 0.0006040040626724538 
0.76 	 0.000629251707561332 
0.78 	 0.0006535554692671145 
0.8 	 0.0006766642129159174 
0.82 	 0.0006986026440188809 
0.84 	 0.0007196829239353479 
0.86 	 0.0007406711202855052 
0.88 	 0.0007628182843266084 
0.9 	 0.0007880574443970374 
0.92 	 0.0008190546145888998 
0.94 	 0.0008594548741061385 
0.96 	 0.0009139201564491145 
0.98 	 0.0009884383947675638 
1.0 	 0.001090242430057373 
1.02 	 0.0012282014558520533 
1.04 	 0.0014123937101767955 
1.06 	 0.0016546815389169636 
1.08 	 0.0019675135368743234 
1.1 	 0.002365075014571609 
1.12 	 0.002860540764545162 
1.14 	 0.003468875790314758 
1.16 	 0.004201073455913874 
1.18 	 0.005070921630179421 
1.2 	 0.006083513978117352 
1.22 	 0.007250103017608443 
1.24 	 0.008566256215997619 
1.26 	 0.010041015523036973 
1.28 	 0.011657740994926797 
1.3 	 0.013425643599092244 
1.32 	 0.01531432659906274 
1.34 	 0.01733675403807454 
1.36 	 0.019447691002867255 
1.38 	 0.0216668816036289 
1.4 	 0.023932763201338875 
1.42 	 0.02627273361969253 
1.44 	 0.02860711682575743 
1.46 	 0.030969346603017936 
1.48 	 0.03326146989175482 
1.5 	 0.035520010086862626 
1.52 	 0.03763334719518855 
1.54 	 0.03963867198917532 
1.56 	 0.04142237799809675 
1.58 	 0.04302178178664648 
1.6 	 0.044339068004338456 
1.62 	 0.04541319336364689 
1.64 	 0.04618086136156443 
1.66 	 0.04668526692454533 
1.68 	 0.04690972957577013 
1.7 	 0.046903665513564015 
1.72 	 0.046696294112084584 
1.74 	 0.04634293121352414 
1.76 	 0.04590412634020168 
1.78 	 0.04543796819282306 
1.8 	 0.045013057734170504 
1.82 	 0.044685970896911203 
1.84 	 0.044509922157626725 
1.86 	 0.04453775005600426 
1.88 	 0.044790758146436786 
1.9 	 0.04532049645546297 
1.92 	 0.04610886246133689 
1.94 	 0.047213335019229925 
1.96 	 0.04857523959469165 
1.98 	 0.05026765225105221 
2.0 	 0.052191839671059705 
2.02 	 0.05444558261437292 
2.04 	 0.05688872099027244 
2.06 	 0.05965018028041827 
2.08 	 0.06254425198921544 
2.1 	 0.06573404044610105 
2.12 	 0.06898341369261138 
2.14 	 0.07248948686423722 
2.16 	 0.07596423731677783 
2.18 	 0.07963591940950802 
2.2 	 0.08317131865739298 
2.22 	 0.0868246157506196 
2.24 	 0.0902351423044883 
2.26 	 0.09367566808745252 
2.28 	 0.0967852126705529 
2.3 	 0.09984608107016484 
2.32 	 0.10252635118868164 
2.34 	 0.10510782974252529 
2.36 	 0.10730863920274039 
2.38 	 0.10939957441362753 
2.4 	 0.11115251503169427 
2.42 	 0.11281574830463124 
2.44 	 0.1142001538785278 
2.46 	 0.11551785488630442 
2.48 	 0.11659517283605145 
2.5 	 0.1175921607285722 
2.52 	 0.11833615241752998 
2.54 	 0.11891997265766362 
2.56 	 0.11918436545486001 
2.58 	 0.11914783800100344 
2.6 	 0.11871029130510204 
2.62 	 0.11782880318330068 
2.64 	 0.11652851349687565 
2.66 	 0.11475093976393926 
2.68 	 0.11269849057910923 
2.7 	 0.11037732017568562 
2.72 	 0.10815643624218454 
2.74 	 0.10619359306322469 
2.76 	 0.10490708445128394 
2.78 	 0.10465094604330398 
2.8 	 0.10566133126595904 
2.82 	 0.10847636512420764 
2.84 	 0.11286108478771763 
2.86 	 0.11953553725487719 
2.88 	 0.12755234915960642 
2.9 	 0.13790172488576735 
2.92 	 0.1488251260858836 
2.94 	 0.16172120345734436 
2.96 	 0.17411401463623338 
2.98 	 0.1878348119910709 
3.0 	 0.1999936228345995 
3.02 	 0.2126310736875348 
3.04 	 0.22293590680143693 
3.06 	 0.2327182355372754 
3.08 	 0.23983502369019216 
3.1 	 0.24540655131989716 
3.12 	 0.24846855160711573 
3.14 	 0.24923331254008801 
3.16 	 0.2481319583687218 
3.18 	 0.24464914014082562 
3.2 	 0.24036807515577993 
3.22 	 0.2345213906000924 
3.24 	 0.22914083414492328 
3.26 	 0.22365444281156027 
3.28 	 0.21964115004581894 
3.3 	 0.21692035882349803 
3.32 	 0.215963193305866 
3.34 	 0.21700342923586602 
3.36 	 0.2192904919028755 
3.38 	 0.22345584035918664 
3.4 	 0.22788439851180303 
3.42 	 0.23350895857779397 
3.44 	 0.23842029368788994 
3.46 	 0.243610064605914 
3.48 	 0.24744489272980616 
3.5 	 0.2506622601055524 
3.52 	 0.2523342317439527 
3.54 	 0.25272880488765354 
3.56 	 0.2518102361269927 
3.58 	 0.24938295175931371 
3.6 	 0.2461971360564785 
3.62 	 0.24181684482740073 
3.64 	 0.23741369630382128 
3.66 	 0.23263682795022325 
3.68 	 0.2285732541923406 
3.7 	 0.2252520622544126 
3.72 	 0.22317522635263481 
3.74 	 0.22295948760424475 
3.76 	 0.2241357904411505 
3.78 	 0.22806252505562355 
3.8 	 0.2330636204753194 
3.82 	 0.24139294207571857 
3.84 	 0.2500648003473533 
3.86 	 0.26238019561477627 
3.88 	 0.27405333881621113 
3.9 	 0.28951365683640906 
3.92 	 0.30329988656397633 
3.94 	 0.3208945721683531 
3.96 	 0.3359232359021802 
3.98 	 0.35463556573681493 
4.0 	 0.37016487783987573 
4.02 	 0.38902551760137916 
4.04 	 0.40444081620775146 
4.06 	 0.42250505650638553 
4.08 	 0.43724821643938805 
4.1 	 0.45354645095692503 
4.12 	 0.4670207877223835 
4.14 	 0.48052972925876003 
4.16 	 0.49202062649543815 
4.18 	 0.5016993239749306 
4.2 	 0.5103596264214999 
4.22 	 0.5152924846316377 
4.24 	 0.5202562476357689 
4.26 	 0.5199263962384939 
4.28 	 0.5205968984472437 
4.3 	 0.5152438153586096 
4.32 	 0.5117014428388272 
4.34 	 0.5025932368803865 
4.36 	 0.49590143261969516 
4.38 	 0.48527176068020667 
4.4 	 0.4773875509773957 
4.42 	 0.46791145293347974 
4.44 	 0.461116487719593 
4.46 	 0.4551209419335863 
4.48 	 0.4512664596794038 
4.5 	 0.450093423237809 
4.52 	 0.45010339551135153 
4.54 	 0.45391800934641113 
4.56 	 0.4577568261712227 
4.58 	 0.46576810086979764 
4.6 	 0.4727372638357887 
4.62 	 0.4835954762308842 
4.64 	 0.4926935863134401 
4.66 	 0.5048543656516226 
4.68 	 0.5150281201172091 
4.7 	 0.5270049300434471 
4.72 	 0.5372685127218019 
4.74 	 0.5477958700437903 
4.76 	 0.5572836028984743 
4.78 	 0.5654377909223085 
4.8 	 0.5734604451968528 
4.82 	 0.5787503949958042 
4.84 	 0.584873449182049 
4.86 	 0.5872628775888546 
4.88 	 0.5913574060777841 
4.9 	 0.5911640665919734 
4.92 	 0.5933588837191643 
4.94 	 0.5910327724212927 
4.96 	 0.5915549454980822 
4.98 	 0.5874240482299607 
5.0 	 0.5864007513596168 
5.02 	 0.5804994317156261 
5.04 	 0.5778172666167464 
5.06 	 0.5698563956444315 
5.08 	 0.5651300022131536 
5.1 	 0.5546063649008542 
5.12 	 0.5472714692578309 
5.14 	 0.5337091681647965 
5.16 	 0.5232643023084004 
5.18 	 0.5065982857405501 
5.2 	 0.4930193322194925 
5.22 	 0.4740736171974272 
5.24 	 0.4583117821961252 
5.26 	 0.4391369763577844 
5.28 	 0.42336634024450326 
5.3 	 0.4070289697444 
5.32 	 0.3942053789326229 
5.34 	 0.3838379237835962 
5.36 	 0.3765781327351021 
5.38 	 0.37416991635110936 
5.4 	 0.37369905931778974 
5.42 	 0.3794751970404504 
5.44 	 0.3854173200209716 
5.46 	 0.3981112826731433 
5.48 	 0.40907454520674463 
5.5 	 0.42664202400849294 
5.52 	 0.44096450327549336 
5.54 	 0.46117547587691665 
5.56 	 0.4773601431754741 
5.58 	 0.4980617091341201 
5.6 	 0.5148316888800033 
5.62 	 0.5339628888534692 
5.64 	 0.5500774051614299 
5.66 	 0.5656056484125294 
5.68 	 0.5796189824610967 
5.7 	 0.5895778936379694 
5.72 	 0.5997534782723721 
5.74 	 0.602565426647487 
5.76 	 0.6071998121580641 
5.78 	 0.6023712437955621 
5.8 	 0.6006428044298349 
5.82 	 0.589547194601871 
5.84 	 0.582452109772921 
5.86 	 0.5684281141747917 
5.88 	 0.5588313569933133 
5.9 	 0.5460559687098435 
5.92 	 0.5374641278493502 
5.94 	 0.5292654488238768 
5.96 	 0.524305266890706 
5.98 	 0.5221926627197229 
6.0 	 0.5219677666178566 
6.02 	 0.5257576645509854 
6.04 	 0.5301330516265362 
6.06 	 0.5385767768093419 
6.08 	 0.5467451723778837 
6.1 	 0.5580589488582756 
6.12 	 0.568924346628484 
6.14 	 0.5810325303740167 
6.16 	 0.5932998890126598 
6.18 	 0.6038488199294565 
6.2 	 0.6158727282233677 
6.22 	 0.6221407860995043 
6.24 	 0.6316452598525233 
6.26 	 0.6305289204245459 
6.28 	 0.6344246054568571 
6.3 	 0.6228039399150799 
6.32 	 0.6175571429804309 
6.34 	 0.5934170601816771 
6.36 	 0.5765036636090033 
6.38 	 0.5407333597152392 
6.4 	 0.5128730654427656 
6.42 	 0.4703499929565797 
6.44 	 0.43642909007547626 
6.46 	 0.39439636167364045 
6.48 	 0.3611307135085237 
6.5 	 0.3254695777485729 
6.52 	 0.29764172324794536 
6.54 	 0.2705106750151508 
6.56 	 0.24942772731933202 
6.58 	 0.22989221632267146 
6.6 	 0.21451496728672054 
6.62 	 0.20049618078664838 
6.64 	 0.1891877181195247 
6.66 	 0.17889092934304482 
6.68 	 0.17042869277050024 
6.7 	 0.1628097002763474 
6.72 	 0.15657281640060078 
6.74 	 0.15116951019221123 
6.76 	 0.1468874660183497 
6.78 	 0.1434497481259523 
6.8 	 0.14089475530354054 
6.82 	 0.13912346398757602 
6.84 	 0.13797028117683002 
6.86 	 0.1374763912399368 
6.88 	 0.13735111861559846 
6.9 	 0.1377633522916634 
6.92 	 0.13836616213695568 
6.94 	 0.1394445409011162 
6.96 	 0.14062184213408724 
6.98 	 0.14228006076013577 
7.0 	 0.14399607022143412 
7.02 	 0.14622568877513484 
7.04 	 0.14846509108668568 
7.06 	 0.151223070016499 
7.08 	 0.15389726613780838 
7.1 	 0.1570332584595135 
7.12 	 0.1599495849498877 
7.14 	 0.16321364274334016 
7.16 	 0.16611880810219729 
7.18 	 0.1692358418624443 
7.2 	 0.17189884817656498 
7.22 	 0.17465924097728514 
7.24 	 0.17694109838437372 
7.26 	 0.17925235917197882 
7.28 	 0.18112154951876577 
7.3 	 0.18298979220264994 
7.32 	 0.18447378784528487 
7.34 	 0.18592508378709877 
7.36 	 0.1870266670668163 
7.38 	 0.18801809496613234 
7.4 	 0.18865100058351886 
7.42 	 0.1890335943530444 
7.44 	 0.1890251808604997 
7.46 	 0.18859333759520042 
7.48 	 0.1877642152934058 
7.5 	 0.18637590167804663 
7.52 	 0.18466303847984603 
7.54 	 0.18237396236357972 
7.56 	 0.17993848295857784 
7.58 	 0.177080668670449 
7.6 	 0.1743419893942709 
7.62 	 0.17149681892730426 
7.64 	 0.16906172479611642 
7.66 	 0.1669246234283898 
7.68 	 0.1654286537646262 
7.7 	 0.16461716298378148 
7.72 	 0.1645424158394091 
7.74 	 0.16542674837738802 
7.76 	 0.16697098533179758 
7.78 	 0.1695869824900222 
7.8 	 0.17262625479935292 
7.82 	 0.17668490227303862 
7.84 	 0.1808254138743107 
7.86 	 0.1857969687013474 
7.88 	 0.19048335548311268 
7.9 	 0.1957223063372727 
7.92 	 0.20036466781071155 
7.94 	 0.2052440231580749 
7.96 	 0.2093328892230291 
7.98 	 0.21335936787126436 
8.0 	 0.21654526215346032 
8.02 	 0.2194278171441051 
8.04 	 0.22154766756211566 
8.06 	 0.22319754610986836 
8.08 	 0.22423994144499262 
8.1 	 0.22470130520674625 
8.12 	 0.22472418450124737 
8.14 	 0.22406920039207015 
8.16 	 0.22311147334715828 
8.18 	 0.22136045127232354 
8.2 	 0.21940009717598402 
8.22 	 0.21651762631144233 
8.24 	 0.21350489977364004 
8.26 	 0.2094755982659783 
8.28 	 0.20542268947442843 
8.3 	 0.20035677367779073 
8.32 	 0.19542656591677307 
8.34 	 0.18962216252247632 
8.36 	 0.18415363579859245 
8.38 	 0.17806537399258338 
8.4 	 0.17250778662826563 
8.42 	 0.16662902031902596 
8.44 	 0.16141458923090293 
8.46 	 0.156137184841422 
8.48 	 0.15156310953411245 
8.5 	 0.14709097430243795 
8.52 	 0.14327191229160455 
8.54 	 0.13962336061235509 
8.56 	 0.13652475154276264 
8.58 	 0.13360249968616228 
8.6 	 0.13111892110952747 
8.62 	 0.12879840803697823 
8.64 	 0.1268300628112658 
8.66 	 0.1250248015232006 
8.68 	 0.12352217033627254 
8.7 	 0.1222083347373066 
8.72 	 0.12117723736756386 
8.74 	 0.12037905010519119 
8.76 	 0.11985276742749211 
8.78 	 0.11960026626881629 
8.8 	 0.1195922065058087 
8.82 	 0.11986761352511179 
8.84 	 0.12032182066081004 
8.86 	 0.12101373357630205 
8.88 	 0.12177252179159949 
8.9 	 0.12265738654480975 
8.92 	 0.12346249845871705 
8.94 	 0.12422660709712598 
8.96 	 0.12476011258729053 
8.98 	 0.12506190934578634 
9.0 	 0.12501824952600907 
9.02 	 0.124574541834005 
9.04 	 0.12374203315897406 
9.06 	 0.12240969328949101 
9.08 	 0.12073372719959617 
9.1 	 0.11855625358460058 
9.12 	 0.11616004862722477 
9.14 	 0.11335914906237204 
9.16 	 0.11051240909732661 
9.18 	 0.10742736858785563 
9.2 	 0.10447558387858154 
9.22 	 0.10147781509588981 
9.24 	 0.09876379537182985 
9.26 	 0.09618443426226353 
9.28 	 0.0939945706852942 
9.3 	 0.09209011089779955 
9.32 	 0.09063821687612689 
9.34 	 0.08959201393491387 
9.36 	 0.08902798403822275 
9.38 	 0.0889640465379502 
9.4 	 0.08938162682746909 
9.42 	 0.09036486385164613 
9.44 	 0.09178965198643253 
9.46 	 0.09380224953394567 
9.48 	 0.09616079534123285 
9.5 	 0.09906604243618385 
9.52 	 0.10215582036215069 
9.54 	 0.10567484996203332 
9.56 	 0.10916061553191161 
9.58 	 0.11288581415065943 
9.6 	 0.11633718629874262 
9.62 	 0.11979050408491322 
9.64 	 0.12275675154155681 
9.66 	 0.12548209200248162 
9.68 	 0.12758512423310528 
9.7 	 0.12925062909437457 
9.72 	 0.1302712313909305 
9.74 	 0.1307517205516527 
9.76 	 0.13068424169595017 
9.78 	 0.13009540223847643 
9.8 	 0.12915046806745478 
9.82 	 0.12781721207125207 
9.84 	 0.12636486815735778 
9.86 	 0.1247296953584783 
9.88 	 0.1231989492464557 
9.9 	 0.12170440253960778 
9.92 	 0.12047773873175203 
9.94 	 0.11946986401046733 
9.96 	 0.11881288403688431 
9.98 	 0.11849641478673781 
10.0 	 0.11853844665747458 
10.02 	 0.11898113673930284 
10.04 	 0.11973249281452825 
10.06 	 0.12089260179953105 
10.08 	 0.12227173873706955 
10.1 	 0.1240231066790204 
10.12 	 0.12587564857625894 
10.14 	 0.12802042085936452 
10.16 	 0.13012784668556984 
10.18 	 0.13240166804097808 
10.2 	 0.13448767083916763 
10.22 	 0.13656862156559568 
10.24 	 0.13831364665491494 
10.26 	 0.1398463099055567 
10.28 	 0.14091918836898298 
10.3 	 0.1415619548427337 
10.32 	 0.14167334999348652 
10.34 	 0.1411694508789571 
10.36 	 0.14014313137882553 
10.38 	 0.13840207621437325 
10.4 	 0.13624593838242516 
10.42 	 0.1334052004026117 
10.44 	 0.1303496307214717 
10.46 	 0.12677791996079166 
10.48 	 0.12324740939848576 
10.5 	 0.1194656888825864 
10.52 	 0.11597383707535303 
10.54 	 0.11251159790570159 
10.56 	 0.10951482503708633 
10.58 	 0.10676323736096005 
10.6 	 0.10454180415124202 
10.62 	 0.10267355187773394 
10.64 	 0.1012958526613971 
10.66 	 0.10028110519058014 
10.68 	 0.09965493821192503 
10.7 	 0.09934614858335111 
10.72 	 0.09931209012876445 
10.74 	 0.09953993518209278 
10.76 	 0.09995031133565528 
10.78 	 0.10058194316508547 
10.8 	 0.10133117784304096 
10.82 	 0.10227343513882177 
10.84 	 0.10327916632005447 
10.86 	 0.10444144092377508 
10.88 	 0.10560162295107335 
10.9 	 0.10685155425096132 
10.92 	 0.10801145835433267 
10.94 	 0.10915617771282964 
10.96 	 0.11010992198053955 
10.98 	 0.11091913841728729 
11.0 	 0.11145013363508918 
11.02 	 0.1117147726877163 
11.04 	 0.1116595655721083 
11.06 	 0.11126209001024617 
11.08 	 0.11057127011828399 
11.1 	 0.10953794743383564 
11.12 	 0.10830873973216551 
11.14 	 0.106821179294265 
11.16 	 0.10528744656201686 
11.18 	 0.103647525281736 
11.2 	 0.10212975089872851 
11.22 	 0.10069088205070413 
11.24 	 0.09952355745377837 
11.26 	 0.09861192280470017 
11.28 	 0.09807060506239429 
11.3 	 0.09791735869240424 
11.32 	 0.09816171693930384 
11.34 	 0.09885707430439593 
11.36 	 0.09989767783870843 
11.38 	 0.10137093291099174 
11.4 	 0.10306400160812218 
11.42 	 0.1050933090280011 
11.44 	 0.10716743015972428 
11.46 	 0.1094230679168246 
11.48 	 0.11153766365222542 
11.5 	 0.11365524581273082 
11.52 	 0.11547978813965505 
11.54 	 0.11714648116891482 
11.56 	 0.11843767925873022 
11.58 	 0.11946339069452486 
11.6 	 0.12011351457999718 
11.62 	 0.12046027058608726 
11.64 	 0.12049972079478874 
11.66 	 0.12026124632811895 
11.68 	 0.11982208927809188 
11.7 	 0.11917526195668994 
11.72 	 0.11844734603268141 
11.74 	 0.1176161242742975 
11.76 	 0.11683123510946783 
11.78 	 0.11608935511969132 
11.8 	 0.11553902982657961 
11.82 	 0.11523295850569215 
11.84 	 0.11528020204615562 
11.86 	 0.11581458393541509 
11.88 	 0.11684099772314237 
11.9 	 0.11857793247747303 
11.92 	 0.12084601504082758 
11.94 	 0.12393423433282862 
11.96 	 0.12742036045547758 
11.98 	 0.13164130499314738 
12.0 	 0.13593963870038273 
12.02 	 0.14066558219023645 
12.04 	 0.14502642545613945 
12.06 	 0.14932076495991006 
12.08 	 0.15280381538377288 
12.1 	 0.15562028843173026 
12.12 	 0.1572951442166577 
12.14 	 0.1577095099532315 
12.16 	 0.15684935434609046 
12.18 	 0.1542739987357387 
12.2 	 0.15051968416490435 
12.22 	 0.1448645937872166 
12.24 	 0.13833916464756524 
12.26 	 0.1300753303723996 
12.28 	 0.12140667599684642 
12.3 	 0.11148689913906187 
12.32 	 0.10169358559528427 
12.34 	 0.09132646175016958 
12.36 	 0.08157399996766018 
12.38 	 0.071922431593077 
12.4 	 0.06323704889897422 
12.42 	 0.05516202278485282 
12.44 	 0.048221689369576 
12.46 	 0.04216397389750863 
12.48 	 0.03723633025511354 
12.5 	 0.03324619337998878 
12.52 	 0.030257279573854153 
12.54 	 0.028114356872347816 
12.56 	 0.02677983535211764 
12.58 	 0.026130637349089617 
12.6 	 0.02608340580822278 
12.62 	 0.026549283357621453 
12.64 	 0.027429286938946223 
12.66 	 0.028671457672833116 
12.68 	 0.0301747243657501 
12.7 	 0.03192518208773107 
12.72 	 0.03382503585095995 
12.74 	 0.03589831806715053 
12.76 	 0.03805214939791582 
12.78 	 0.04034738215639662 
12.8 	 0.04269412569091739 
12.82 	 0.045187367320880883 
12.84 	 0.04773270203778085 
12.86 	 0.050454365385540254 
12.88 	 0.05323952982411108 
12.9 	 0.05623519006699189 
12.92 	 0.05929275846444138 
12.94 	 0.0625759552671938 
12.96 	 0.06588636550763805 
12.98 	 0.06940068109037294 
13.0 	 0.07286716989589752 
13.02 	 0.07647323479509299 
13.04 	 0.07992482263347693 
13.06 	 0.08341542596622724 
13.08 	 0.08663280526210371 
13.1 	 0.0897652102012243 
13.12 	 0.09251436264480328 
13.14 	 0.0950440288722898 
13.16 	 0.0971043348039868 
13.18 	 0.0988111532282767 
13.2 	 0.09999549831945727 
13.22 	 0.10070521201361177 
13.24 	 0.10087931576322025 
13.26 	 0.10048861597021379 
13.28 	 0.09959720580410485 
13.3 	 0.09810552500834163 
13.32 	 0.09620315436114392 
13.34 	 0.09374100870589727 
13.36 	 0.09101236163675326 
13.38 	 0.08784593845754439 
13.4 	 0.08459532661549002 
13.42 	 0.08109066890049582 
13.44 	 0.07769079724604122 
13.46 	 0.07424046856282741 
13.48 	 0.07105332854327057 
13.5 	 0.0679922984488058 
13.52 	 0.06529468372974355 
13.54 	 0.06284156773771583 
13.56 	 0.06078719432397727 
13.58 	 0.05903254389528746 
13.6 	 0.0576606107510719 
13.62 	 0.05659614664225358 
13.64 	 0.05586948856408478 
13.66 	 0.05543182317110564 
13.68 	 0.055275980977513677 
13.7 	 0.05537795748305823 
13.72 	 0.055700856219520964 
13.74 	 0.05623961009016666 
13.76 	 0.05693067937689858 
13.78 	 0.05778073757916323 
13.8 	 0.05870394336788986 
13.82 	 0.059713472177084004 
13.84 	 0.06071130539950079 
13.86 	 0.06171504411782006 
13.88 	 0.06263020818822292 
13.9 	 0.0634785820320165 
13.92 	 0.06418568014745385 
13.94 	 0.0647767266554416 
13.96 	 0.06520808236751069 
13.98 	 0.06550574880529615 
14.0 	 0.06565838206642775 
14.02 	 0.06568859160183137 
14.04 	 0.06561031852383734 
14.06 	 0.06543893227505042 
14.08 	 0.065202842237619 
14.1 	 0.06490863446362577 
14.12 	 0.06458964935553886 
14.14 	 0.06424530490250713 
14.16 	 0.06390819994790736 
14.18 	 0.06357463601661037 
14.2 	 0.06327411215451756 
14.22 	 0.06300462130588215 
14.24 	 0.06279127784227846 
14.26 	 0.06263770635338659 
14.28 	 0.06256232882277095 
14.3 	 0.06257644725405467 
14.32 	 0.06268745145481217 
14.34 	 0.06291392572743619 
14.36 	 0.06324603055724479 
14.38 	 0.06370647101816933 
14.4 	 0.0642615039376333 
14.42 	 0.06493203242042886 
14.44 	 0.06565612826032136 
14.46 	 0.06644495771388097 
14.48 	 0.06721080949561105 
14.5 	 0.06794687006364454 
14.52 	 0.06855301611791047 
14.54 	 0.0689982892775423 
14.56 	 0.06919584396047027 
14.58 	 0.06908902409497643 
14.6 	 0.0686377099231185 
14.62 	 0.06776458633246832 
14.64 	 0.06650644822886219 
14.66 	 0.06477702379234099 
14.68 	 0.0627030944019129 
14.7 	 0.0602041742946951 
14.72 	 0.057483386906084885 
14.74 	 0.05447661194961934 
14.76 	 0.0514245088362701 
14.78 	 0.0482792750327383 
14.8 	 0.04526929090301873 
14.82 	 0.04235268701264725 
14.84 	 0.03970464890942886 
14.86 	 0.03727651621041817 
14.88 	 0.03517250780664748 
14.9 	 0.033331290764627035 
14.92 	 0.03179276938017907 
14.94 	 0.03048683801211073 
14.96 	 0.029410613404282072 
14.98 	 0.028494731465702413 
15.0 	 0.027717674215609004 
15.02 	 0.02701970507363207 
15.04 	 0.026379262897050934 
15.06 	 0.025751011835285904 
15.08 	 0.025124001676591887 
15.1 	 0.024468209156513186 
15.12 	 0.02378745846279767 
15.14 	 0.023066113603295694 
15.16 	 0.022322827622037193 
15.18 	 0.021555065411331738 
15.2 	 0.020793713140010408 
15.22 	 0.020047609836724607 
15.24 	 0.019354901089209495 
15.26 	 0.018732527393867486 
15.28 	 0.018218481118618707 
15.3 	 0.01783219480804714 
15.32 	 0.017602302359693487 
15.34 	 0.0175434402960995 
15.36 	 0.017665733686686363 
15.38 	 0.017972306798004132 
15.4 	 0.018448456580298523 
15.42 	 0.019082465335979973 
15.44 	 0.019834126288239547 
15.46 	 0.02067869161464137 
15.48 	 0.021557036200330358 
15.5 	 0.022437887059399038 
15.52 	 0.023256324926954574 
15.54 	 0.0239832545356368 
15.56 	 0.02456414508685453 
15.58 	 0.02497973232950722 
15.6 	 0.025199766753211582 
15.62 	 0.02521886847064521 
15.64 	 0.02503763304384839 
15.66 	 0.024663966147081363 
15.68 	 0.02412630675645631 
15.7 	 0.023441172233817014 
15.72 	 0.02265411278515968 
15.74 	 0.021783451812138567 
15.76 	 0.020878315835422427 
15.78 	 0.019952520901802273 
15.8 	 0.019047733422844236 
15.82 	 0.018169621361783867 
15.84 	 0.017346900720212513 
15.86 	 0.016576853916666915 
15.88 	 0.015875229076081774 
15.9 	 0.015233238195484874 
15.92 	 0.014656968414358568 
15.94 	 0.014134806415199883 
15.96 	 0.01366734416191496 
15.98 	 0.013242949791286467 
16.0 	 0.012860150023441364 
16.02 	 0.012509059428090339 
16.04 	 0.01218830567816335 
16.06 	 0.011890510993641783 
16.08 	 0.011615433828808957 
16.1 	 0.011358260939705921 
16.12 	 0.01112010696066399 
16.14 	 0.01089837434107 
16.16 	 0.010695275039567874 
16.18 	 0.010509904055589886 
16.2 	 0.01034509178275162 
16.22 	 0.01020109793464613 
16.24 	 0.01008086386986929 
16.26 	 0.009985379796621287 
16.28 	 0.009917263039608782 
16.3 	 0.009877928124422971 
16.32 	 0.009869350441035934 
16.34 	 0.009893224077231534 
16.36 	 0.009950747877899058 
16.38 	 0.01004400840099845 
16.4 	 0.010173589604934932 
16.42 	 0.010342465014692482 
16.44 	 0.010551111997617185 
16.46 	 0.010804253074993045 
16.48 	 0.0111028896081098 
16.5 	 0.01145436626898006 
16.52 	 0.01186030729317178 
16.54 	 0.012330813723225115 
16.56 	 0.012866751691074747 
16.58 	 0.01347953438281806 
16.6 	 0.014165753400611445 
16.62 	 0.014934856278608076 
16.64 	 0.015774015833328884 
16.66 	 0.01668657477872276 
16.68 	 0.01764569688563093 
16.7 	 0.018645728635864885 
16.72 	 0.019645023826152998 
16.74 	 0.020629387819761993 
16.76 	 0.021547798553824524 
16.78 	 0.022381895679428866 
16.8 	 0.023082596869303702 
16.82 	 0.02363409859667122 
16.84 	 0.024002692554453246 
16.86 	 0.02418129081570204 
16.88 	 0.024161503687947117 
16.9 	 0.023947856477721186 
16.92 	 0.023559258808685674 
16.94 	 0.0230102640802705 
16.96 	 0.022340296956504548 
16.98 	 0.021568598725407895 
17.0 	 0.020742827177918904 
17.02 	 0.019880111188810404 
17.04 	 0.01902388416032433 
17.06 	 0.018183653809248485 
17.08 	 0.017390427155331446 
17.1 	 0.01664376571759957 
17.12 	 0.0159599840984329 
17.14 	 0.01532986276457413 
17.16 	 0.014757708299024678 
17.18 	 0.014229116553119389 
17.2 	 0.013741669561374053 
17.22 	 0.013280155694754747 
17.24 	 0.012840897592555302 
17.26 	 0.012411512328432375 
17.28 	 0.011990952377845384 
17.3 	 0.011571582225988024 
17.32 	 0.011156471332161133 
17.34 	 0.010742678467207943 
17.36 	 0.010336618782080066 
17.38 	 0.0099384814511525 
17.4 	 0.009555917634817251 
17.42 	 0.009190111885042752 
17.44 	 0.008847732362206307 
17.46 	 0.008529228093166502 
17.48 	 0.008238916794478681 
17.5 	 0.00797575760993045 
17.52 	 0.0077415258249940565 
17.54 	 0.0075339088149065795 
17.56 	 0.0073528406540445575 
17.58 	 0.007195511790929342 
17.6 	 0.007061050513008023 
17.62 	 0.006946985266010527 
17.64 	 0.006852524915980956 
17.66 	 0.006776104303916 
17.68 	 0.00671751018906195 
17.7 	 0.006676282321810262 
17.72 	 0.00665286223651262 
17.74 	 0.0066477531147054025 
17.76 	 0.006661766053057443 
17.78 	 0.006695945012713392 
17.8 	 0.006750893725034719 
17.82 	 0.006827550870823875 
17.84 	 0.006925537952480238 
17.86 	 0.007044920811026369 
17.88 	 0.007183544534158413 
17.9 	 0.007339912912631954 
17.92 	 0.007509571914442928 
17.94 	 0.007689133105987353 
17.96 	 0.007871918980908837 
17.98 	 0.008052918174000846 
18.0 	 0.008224088316644295 
18.02 	 0.0083796905573087 
18.04 	 0.008511818374152498 
18.06 	 0.00861523792490335 
18.08 	 0.008683820831913542 
18.1 	 0.00871389104815792 
18.12 	 0.008702235584915636 
18.14 	 0.008647148576277932 
18.16 	 0.00854855419300665 
18.18 	 0.008406399903960655 
18.2 	 0.0082231662665739 
18.22 	 0.007999785356483633 
18.24 	 0.007740472524005799 
18.26 	 0.007446703654176545 
18.28 	 0.007123937765833248 
18.3 	 0.006774299911743559 
18.32 	 0.006404448366081972 
18.34 	 0.006017583362806211 
18.36 	 0.005621550015549289 
18.38 	 0.005220775357861458 
18.4 	 0.00482376554473469 
18.42 	 0.004435595682501189 
18.44 	 0.004064241787315059 
18.46 	 0.0037142085389551007 
18.48 	 0.0033915070295137744 
18.5 	 0.003098806854905465 
18.52 	 0.0028391658034849936 
18.54 	 0.0026127655291607868 
18.56 	 0.0024196269190463722 
18.58 	 0.0022576767553305396 
18.6 	 0.002124670373111385 
18.62 	 0.0020171732662587656 
18.64 	 0.0019318546406996262 
18.66 	 0.001864980493720419 
18.68 	 0.0018132078159889084 
18.7 	 0.00177330608868783 
18.72 	 0.0017425799846225729 
18.74 	 0.0017186730923281401 
18.76 	 0.0016997492842446985 
18.78 	 0.0016843294604072959 
18.8 	 0.0016713472898008798 
18.82 	 0.0016600172921043992 
18.84 	 0.0016498515492642625 
18.86 	 0.0016405738648543604 
18.88 	 0.001632155824266108 
18.9 	 0.001624800738732039 
18.92 	 0.001619042802704257 
18.94 	 0.0016158413806473487 
18.96 	 0.0016167846263939493 
18.98 	 0.001624360400613275 
19.0 	 0.0016422927954744097 
19.02 	 0.001676074840552873 
19.04 	 0.0017333925311017653 
19.06 	 0.0018249920338495606 
19.08 	 0.001964932048722823 
19.1 	 0.0021718263663778915 
19.12 	 0.0024682070625690784 
19.14 	 0.002882305173385738 
19.16 	 0.0034449440570212555 
19.18 	 0.0041928499565280835 
19.2 	 0.005159876737529325 
19.22 	 0.006385472340846718 
19.24 	 0.007893937350767943 
19.26 	 0.009717382000209489 
19.28 	 0.0118513059815724 
19.3 	 0.01431005234794741 
19.32 	 0.017039893557741995 
19.34 	 0.020032700083872805 
19.36 	 0.02317359716937535 
19.38 	 0.026436823757877894 
19.4 	 0.029652754990574504 
19.42 	 0.03279015601944907 
19.44 	 0.035653518169103525 
19.46 	 0.03821877343771092 
19.48 	 0.040310253425971845 
19.5 	 0.04191857843573546 
19.52 	 0.04293550859531335 
19.54 	 0.04336830723611747 
19.56 	 0.04320694310630047 
19.58 	 0.042474403647786436 
19.6 	 0.04125963176928717 
19.62 	 0.039598851003159824 
19.64 	 0.03765073365250519 
19.66 	 0.03545968120892531 
19.68 	 0.03320872933237241 
19.7 	 0.03094279287082503 
19.72 	 0.028827432561420053 
19.74 	 0.026900851647480205 
19.76 	 0.02528662713231302 
19.78 	 0.02401329334922297 
19.8 	 0.0231567884707633 
19.82 	 0.022738384411748795 
19.84 	 0.022791409662181124 
19.86 	 0.023335681713900512 
19.88 	 0.024367301343582184 
19.9 	 0.025911398616380567 
19.92 	 0.02792602576782779 
19.94 	 0.03044847705723208 
19.96 	 0.033390510635324354 
19.98 	 0.036808814996646684 
20.0 	 0.04055599790887872 
20.02 	 0.04471536794895185 
20.04 	 0.049068249713594914 
20.06 	 0.05372948843775103 
20.08 	 0.058404894725871986 
20.1 	 0.06323962743345453 
20.12 	 0.06787579670626337 
20.14 	 0.07247792917195697 
20.16 	 0.07665864939947457 
20.18 	 0.08058029373467954 
20.2 	 0.08388253491373174 
20.22 	 0.08669737486909701 
20.24 	 0.08875990854976203 
20.26 	 0.09014622222290787 
20.28 	 0.09074672002862953 
20.3 	 0.09056903695034271 
20.32 	 0.08968720506724033 
20.34 	 0.08804590649078242 
20.36 	 0.08588523874772501 
20.38 	 0.0831056090032701 
20.4 	 0.08005375302807496 
20.42 	 0.0766064842576968 
20.44 	 0.07313841678491256 
20.46 	 0.0695170523843243 
20.48 	 0.06607632222609991 
20.5 	 0.06268211484064692 
20.52 	 0.05958972438241321 
20.54 	 0.056669346703198495 
20.56 	 0.05409280789287194 
20.58 	 0.051741978241907016 
20.6 	 0.04972199293840943 
20.62 	 0.04793438862278923 
20.64 	 0.04644090254150154 
20.66 	 0.04516863110432638 
20.68 	 0.04415488890713182 
20.7 	 0.043354117842441746 
20.72 	 0.04278916769225226 
20.74 	 0.04243899218866256 
20.76 	 0.04231275588926058 
20.78 	 0.04240716603200459 
20.8 	 0.04271191839745708 
20.82 	 0.043232502621682024 
20.84 	 0.043931339383701674 
20.86 	 0.044814079591057786 
20.88 	 0.04581173026511107 
20.9 	 0.0469244116967491 
20.92 	 0.048056373918852126 
20.94 	 0.049200690747523826 
20.96 	 0.05025040658833511 
20.98 	 0.05119346196707917 
21.0 	 0.05193540544221297 
21.02 	 0.05246243279446152 
21.04 	 0.052717220348727035 
21.06 	 0.052687326847037703 
21.08 	 0.05236916154646579 
21.1 	 0.05175354001023515 
21.12 	 0.05089273327922463 
21.14 	 0.04978107758967763 
21.16 	 0.04851366803269318 
21.18 	 0.04708686433930495 
21.2 	 0.04561579980808044 
21.22 	 0.044096057343883874 
21.24 	 0.04263879230390048 
21.26 	 0.04123589112577686 
21.28 	 0.03997650057031295 
21.3 	 0.03884707744954776 
21.32 	 0.037905780401369715 
21.34 	 0.037133705560817715 
21.36 	 0.03655717534754682 
21.38 	 0.03615353505024554 
21.4 	 0.03592180025645237 
21.42 	 0.03583803572019393 
21.44 	 0.035881311811912266 
21.46 	 0.036029135534791056 
21.48 	 0.03624921960191306 
21.5 	 0.03652308766140749 
21.52 	 0.03681586221039602 
21.54 	 0.03711518271403239 
21.56 	 0.03739140223325188 
21.58 	 0.037639497754879396 
21.6 	 0.03784049981977816 
21.62 	 0.03799659480212331 
21.64 	 0.03810125453620662 
21.66 	 0.038162077989582634 
21.68 	 0.03818266636366874 
21.7 	 0.038172750904359384 
21.72 	 0.03814076554642417 
21.74 	 0.03809468243659587 
21.76 	 0.03804182323015001 
21.78 	 0.03798518690665485 
21.8 	 0.03792692375609683 
21.82 	 0.03786359319595365 
21.84 	 0.037791556523278196 
21.86 	 0.03770156332013787 
21.88 	 0.037587049247463804 
21.9 	 0.03743531398264412 
21.92 	 0.03724199410294656 
21.94 	 0.0369943125326186 
21.96 	 0.036695625348029816 
21.98 	 0.0363366651952481 
22.0 	 0.03593241284255809 
22.02 	 0.03548003275921406 
22.04 	 0.03500671987764138 
22.06 	 0.034517397071967805 
22.08 	 0.034047894333259554 
22.1 	 0.03361000307403926 
22.12 	 0.03324098293578743 
22.14 	 0.03295664376317045 
22.16 	 0.032786840124097695 
22.18 	 0.03274789872373048 
22.2 	 0.03285446783605526 
22.22 	 0.033120940793347355 
22.24 	 0.03354201119625388 
22.26 	 0.03412970302714226 
22.28 	 0.03485755006264057 
22.3 	 0.03573638571793951 
22.32 	 0.03672015067935206 
22.34 	 0.03782000800559146 
22.36 	 0.03897375728885705 
22.38 	 0.04019371623907238 
22.4 	 0.041406794863654214 
22.42 	 0.04262646893139739 
22.44 	 0.04377630490921126 
22.46 	 0.044870636962307656 
22.48 	 0.04583943742264557 
22.5 	 0.04669772463538024 
22.52 	 0.047392178293634776 
22.54 	 0.04793837168583663 
22.56 	 0.04830759201877452 
22.58 	 0.04851547529650202 
22.6 	 0.04856063819765267 
22.62 	 0.04845766524485974 
22.64 	 0.04822909853386244 
22.66 	 0.04788696872423403 
22.68 	 0.047469713770832415 
22.7 	 0.046985634406320816 
22.72 	 0.04647951151045692 
22.74 	 0.04595589323528114 
22.76 	 0.04545782922490672 
22.78 	 0.044987658287437914 
22.8 	 0.04458157888297408 
22.82 	 0.04424248699845389 
22.84 	 0.043997168869479374 
22.86 	 0.04385209074183119 
22.88 	 0.04382309756762234 
22.9 	 0.0439224048257941 
22.92 	 0.04415293573820484 
22.94 	 0.04453338453769108 
22.96 	 0.045050752400164616 
22.98 	 0.04572956776075497 
23.0 	 0.04653745535515632 
23.02 	 0.047503321669888625 
23.04 	 0.04857291010633022 
23.06 	 0.04977788860767325 
23.08 	 0.051042308423289356 
23.1 	 0.052399262239064534 
23.12 	 0.053755516163067486 
23.14 	 0.05514467503055665 
23.16 	 0.05646547412830706 
23.18 	 0.05775147375007157 
23.2 	 0.05890653991824274 
23.22 	 0.05996388651299242 
23.24 	 0.060846831823552314 
23.26 	 0.06158824600825055 
23.28 	 0.062142460986807 
23.3 	 0.06254255118118837 
23.32 	 0.0627789802104365 
23.34 	 0.0628863600447501 
23.36 	 0.06288796903017735 
23.38 	 0.0628220119048981 
23.4 	 0.0627331747519356 
23.42 	 0.0626655245997747 
23.44 	 0.06266790496363693 
23.46 	 0.06279201168445239 
23.48 	 0.06307093706358172 
23.5 	 0.06356493878189469 
23.52 	 0.06427226719933746 
23.54 	 0.06526251191139426 
23.56 	 0.06648448017900568 
23.58 	 0.06801937265891196 
23.6 	 0.0697600344287994 
23.62 	 0.07180468633497271 
23.64 	 0.07399392608444001 
23.66 	 0.07645146591896838 
23.68 	 0.07897811877918498 
23.7 	 0.08173194024343429 
23.72 	 0.0844888684187305 
23.74 	 0.08744595330399244 
23.76 	 0.09036258579405414 
23.78 	 0.0934708032657357 
23.8 	 0.0965092368647588 
23.82 	 0.09973010818832227 
23.84 	 0.10283822864383932 
23.86 	 0.10608159720293646 
23.88 	 0.10912443383990128 
23.9 	 0.1121798525147983 
23.92 	 0.11489065392298844 
23.94 	 0.11740149023756417 
23.96 	 0.11938999581641684 
23.98 	 0.12089966374597559 
24.0 	 0.12172819220752347 
24.02 	 0.12179403754742417 
24.04 	 0.12110096747410214 
24.06 	 0.1194399732074534 
24.08 	 0.117070025588086 
24.1 	 0.11368247629980342 
24.12 	 0.10977484727102348 
24.14 	 0.1049902227825473 
24.16 	 0.09997957481665852 
24.18 	 0.09439030131581666 
24.2 	 0.08890275608575592 
24.22 	 0.0832008128175205 
24.24 	 0.07787929247892023 
24.26 	 0.07266627863822324 
24.28 	 0.0680047155020734 
24.3 	 0.06366256544451239 
24.32 	 0.05992281676886591 
24.34 	 0.056590096800509776 
24.36 	 0.053819322461861926 
24.38 	 0.05145323206736486 
24.4 	 0.049563051436062586 
24.42 	 0.04803205805253543 
24.44 	 0.04688495528106597 
24.46 	 0.0460450422932056 
24.48 	 0.04551317283951679 
24.5 	 0.045248225618865975 
24.52 	 0.04523646631415807 
24.54 	 0.0454650703479744 
24.56 	 0.04590572626909475 
24.58 	 0.046565238329335276 
24.6 	 0.04739598606286923 
24.62 	 0.048415544414369543 
24.64 	 0.049551979380550976 
24.66 	 0.050825669027968055 
24.68 	 0.0521396406757168 
24.7 	 0.053510958264474745 
24.72 	 0.05482496661575448 
24.74 	 0.056091582715958835 
24.76 	 0.057195119316857244 
24.78 	 0.058136467605912755 
24.8 	 0.05882190211360119 
24.82 	 0.059242625781643646 
24.84 	 0.0593493577659758 
24.86 	 0.05912359973612042 
24.88 	 0.05857441598292509 
24.9 	 0.057674044014317735 
24.92 	 0.05648994860810897 
24.94 	 0.05498603887405765 
24.96 	 0.05327489382017982 
24.98 	 0.051313807945960466 
25.0 	 0.04923980070909746 
25.02 	 0.04700649209416002 
25.04 	 0.04475504041147405 
25.06 	 0.04243962228932964 
25.08 	 0.040190822413192 
25.1 	 0.03796791088646709 
25.12 	 0.0358825943487773 
25.14 	 0.03390227048516429 
25.16 	 0.03211575395621063 
25.18 	 0.030498732744859203 
25.2 	 0.029115111233439565 
25.22 	 0.027946371387847085 
25.24 	 0.0270306030462625 
25.26 	 0.02635163156964091 
25.28 	 0.025922249296159442 
25.3 	 0.025726262280397084 
25.32 	 0.025753623883703634 
25.34 	 0.025988077451684414 
25.36 	 0.02640126543458576 
25.38 	 0.026979180640998312 
25.4 	 0.027681391797430926 
25.42 	 0.02849991283772923 
25.44 	 0.029389297346631357 
25.46 	 0.03035139697316355 
25.48 	 0.03134209313131001 
25.5 	 0.03237535394412683 
25.52 	 0.033412020768768314 
25.54 	 0.03447759425765203 
25.56 	 0.03553721915649472 
25.58 	 0.03662402432608901 
25.6 	 0.03770263026390718 
25.62 	 0.03880750776831174 
25.64 	 0.03989628541701217 
25.66 	 0.0409983256904041 
25.68 	 0.0420603343763672 
25.7 	 0.04310239265600199 
25.72 	 0.044062521661964046 
25.74 	 0.044950864295326305 
25.76 	 0.04570594573561144 
25.78 	 0.046330212045688234 
25.8 	 0.04677597308687203 
25.82 	 0.04704130685764314 
25.84 	 0.04710453488341511 
25.86 	 0.046962085380784134 
25.88 	 0.046624671256763034 
25.9 	 0.04608844089103088 
25.92 	 0.045394869390344955 
25.94 	 0.044540031816705974 
25.96 	 0.043587654986329875 
25.98 	 0.04253337136401616 
26.0 	 0.04145113383323036 
26.02 	 0.04033577160574153 
26.04 	 0.03925974641366702 
26.06 	 0.038217257726952496 
26.08 	 0.0372707261263716 
26.1 	 0.036414940642564335 
26.12 	 0.03569808199400754 
26.14 	 0.035118031704442394 
26.16 	 0.03470816142399846 
26.18 	 0.03447264753575552 
26.2 	 0.03443068092970141 
26.22 	 0.03459502347464689 
26.24 	 0.034969341343684124 
26.26 	 0.03557449204113 
26.28 	 0.036393244721417216 
26.3 	 0.037450645353250815 
26.32 	 0.03870015137565092 
26.34 	 0.04016521004040935 
26.36 	 0.04176307765106157 
26.38 	 0.04351083748051975 
26.4 	 0.04529050733792244 
26.42 	 0.0471111318029137 
26.44 	 0.04883282860471432 
26.46 	 0.050457717954163754 
26.48 	 0.051849213062087854 
26.5 	 0.05300447936783516 
26.52 	 0.053820854960765614 
26.54 	 0.054291924136582986 
26.56 	 0.05437489832490205 
26.58 	 0.054060659833647676 
26.6 	 0.05337811887730991 
26.62 	 0.05231657516855673 
26.64 	 0.05097000778480271 
26.66 	 0.04932747388526064 
26.68 	 0.04752584050587831 
26.7 	 0.04555466140183928 
26.72 	 0.043564536588169306 
26.74 	 0.041545162529521174 
26.76 	 0.0396345355806866 
26.78 	 0.03782157730236484 
26.8 	 0.03621456648840406 
26.82 	 0.03480113957735709 
26.84 	 0.03365297746907761 
26.86 	 0.03275672864853254 
26.88 	 0.032147736061612656 
26.9 	 0.03181234240523259 
26.92 	 0.03175279871484045 
26.94 	 0.031955596752099795 
26.96 	 0.03239352519052202 
26.98 	 0.03305334259202561 
27.0 	 0.03388225801269065 
27.02 	 0.034867518553831495 
27.04 	 0.03593646789995321 
27.06 	 0.03707761803856122 
27.08 	 0.03820760246421324 
27.1 	 0.03931745057213606 
27.12 	 0.04032571980257111 
27.14 	 0.041227040398261125 
27.16 	 0.04195580792262235 
27.18 	 0.042510398848264255 
27.2 	 0.04285250582267078 
27.22 	 0.042983077906101876 
27.24 	 0.042896615112101244 
27.26 	 0.04259438651238957 
27.28 	 0.042101861508659064 
27.3 	 0.04141806970617823 
27.32 	 0.040591694084296796 
27.34 	 0.03961764971262385 
27.36 	 0.038557519025607494 
27.38 	 0.03740166448972069 
27.4 	 0.03621507870991174 
27.42 	 0.03498464161645128 
27.44 	 0.03377191596099346 
27.46 	 0.03256214211213985 
27.48 	 0.03140922257968516 
27.5 	 0.03029822556714002 
27.52 	 0.029272758442646492 
27.54 	 0.028317991105724343 
27.56 	 0.027465439613015563 
27.58 	 0.026699581528003904 
27.6 	 0.026039065142514965 
27.62 	 0.025466887298297304 
27.64 	 0.024989919099484188 
27.66 	 0.024590195074322044 
27.68 	 0.024266312078153385 
27.7 	 0.02400167949722743 
27.72 	 0.02379185947967632 
27.74 	 0.023624946805422254 
27.76 	 0.023498445460280026 
27.78 	 0.023407584236786967 
27.8 	 0.023354139198433255 
27.82 	 0.02334035223073883 
27.84 	 0.02337063229402993 
27.86 	 0.02345110537318768 
27.88 	 0.023583919417401466 
27.9 	 0.023774177558235812 
27.92 	 0.02401616585214696 
27.94 	 0.024309532117499973 
27.96 	 0.0246374744090519 
27.98 	 0.024992224164910867 
28.0 	 0.025347100346670648 
28.02 	 0.025688148083435842 
28.04 	 0.02598458378164494 
28.06 	 0.026219996812025935 
28.08 	 0.026368098105931537 
28.1 	 0.026414749580768032 
28.12 	 0.026346660556625764 
28.14 	 0.026156062048407383 
28.16 	 0.025847997326293483 
28.18 	 0.025423172616422733 
28.2 	 0.024905005022469066 
28.22 	 0.024301981740484063 
28.24 	 0.023650427899469712 
28.26 	 0.022963240535777266 
28.28 	 0.022280694585962737 
28.3 	 0.02161534037125842 
28.32 	 0.02100235733368833 
28.34 	 0.020449818154454305 
28.36 	 0.019981747651089378 
28.38 	 0.01959983633275316 
28.4 	 0.01931509441981538 
28.42 	 0.019123375927823604 
28.44 	 0.019024124647950117 
28.46 	 0.019009273120700408 
28.48 	 0.01906956942229616 
28.5 	 0.01919494789045989 
28.52 	 0.019370338247649457 
28.54 	 0.01958498534271298 
28.56 	 0.0198206326703166 
28.58 	 0.020066827360863407 
28.6 	 0.020305003534715916 
28.62 	 0.02052626273905912 
28.64 	 0.02071509631800741 
28.66 	 0.02086574770029024 
28.68 	 0.020968966003865476 
28.7 	 0.02102338715210404 
28.72 	 0.021027725060101723 
28.74 	 0.020984975117337563 
28.76 	 0.020900998653685478 
28.78 	 0.02078144556066675 
28.8 	 0.020636229416617823 
28.82 	 0.020471014412176382 
28.84 	 0.020296090087458713 
28.86 	 0.02011519633478648 
28.88 	 0.019936936184846914 
28.9 	 0.019763380234941196 
28.92 	 0.019602140129333763 
28.94 	 0.01945619050254354 
28.96 	 0.01933464963720305 
28.98 	 0.019244595737945666 
29.0 	 0.019198246099292705 
29.02 	 0.019207949211272272 
29.04 	 0.01928696811645013 
29.06 	 0.01945021525109381 
29.08 	 0.01970562784537156 
29.1 	 0.020064666860344076 
29.12 	 0.020521684959101182 
29.14 	 0.021078431414560835 
29.16 	 0.02171008934738145 
29.18 	 0.02240593232036894 
29.2 	 0.023123145019653336 
29.22 	 0.02384111635996796 
29.24 	 0.02450797536730986 
29.26 	 0.02509991975179391 
29.28 	 0.025569851339722477 
29.3 	 0.025898246339721306 
29.32 	 0.026056118567676555 
29.34 	 0.026033265951650966 
29.36 	 0.025826520929769465 
29.38 	 0.025436106349361175 
29.4 	 0.024884285945594074 
29.42 	 0.02417925112502923 
29.44 	 0.023361318148636737 
29.46 	 0.022442196362493987 
29.48 	 0.021469518701579933 
29.5 	 0.020453892876207035 
29.52 	 0.01944022322554366 
29.54 	 0.018434606582422443 
29.56 	 0.017472539772223458 
29.58 	 0.01655405426515901 
29.6 	 0.01570268537473199 
29.62 	 0.014912708171378604 
29.64 	 0.014196617631494551 
29.66 	 0.013544716158392473 
29.68 	 0.012961571233781154 
29.7 	 0.012436135046888699 
29.72 	 0.011968947011756175 
29.74 	 0.01155027267983022 
29.76 	 0.01118006029175597 
29.78 	 0.010851832105203097 
29.8 	 0.010567100318646138 
29.82 	 0.010323492164911189 
29.84 	 0.010124854834962673 
29.86 	 0.009972971521368187 
29.88 	 0.009874073244955813 
29.9 	 0.009834227298387243 
29.92 	 0.009862354498241056 
29.94 	 0.009969850883442823 
29.96 	 0.010169301907413122 
29.98 	 0.010479331551103725 
30.0 	 0.010916833165301128 
30.02 	 0.01150896158937178 
30.04 	 0.012274732822195062 
30.06 	 0.013248266486528314 
30.08 	 0.01444290337963494 
30.1 	 0.01589394358366332 
30.12 	 0.017594877675769092 
30.14 	 0.01957365998104603 
30.16 	 0.021786764872418082 
30.18 	 0.024247923154215457 
30.2 	 0.026864029139812576 
30.22 	 0.029633826984155776 
30.24 	 0.032415426140178255 
30.26 	 0.035198629688845025 
30.28 	 0.03781190770282235 
30.3 	 0.04024498068161027 
30.32 	 0.04233149667634534 
30.34 	 0.04406745178787842 
30.36 	 0.04533149531550589 
30.38 	 0.04612730032637645 
30.4 	 0.04640869481639286 
30.42 	 0.04618463426408447 
30.44 	 0.04549288775511437 
30.46 	 0.04434382006240232 
30.48 	 0.04284384941680448 
30.5 	 0.041000823289261884 
30.52 	 0.03895845904449796 
30.54 	 0.036718873459735936 
30.56 	 0.03442945365440624 
30.58 	 0.03208496925531608 
30.6 	 0.02981210019523583 
30.62 	 0.027598738632194565 
30.64 	 0.025539709057764474 
30.66 	 0.023617810422167287 
30.68 	 0.02189517775131379 
30.7 	 0.020351087368910555 
30.72 	 0.019019225863654725 
30.74 	 0.017875932740731255 
30.76 	 0.01693218170413718 
30.78 	 0.016161691258025752 
30.8 	 0.015558958691796023 
30.82 	 0.015096510309715436 
30.84 	 0.014759306710517521 
30.86 	 0.014521876865596138 
30.88 	 0.014367048715403103 
30.9 	 0.014275591907363796 
30.92 	 0.014234830312380074 
30.94 	 0.014235408206170502 
30.96 	 0.014273256686319803 
30.98 	 0.014350272240627501 
31.0 	 0.014471191758783416 
31.02 	 0.014647323669084056 
31.04 	 0.014888084952079357 
31.06 	 0.015209190385833012 
31.08 	 0.015617169851439239 
31.1 	 0.016125165717027642 
31.12 	 0.016728052024824355 
31.14 	 0.017429683366624395 
31.16 	 0.0182066300572779 
31.18 	 0.019049673697099256 
31.2 	 0.01991606609180359 
31.22 	 0.020784574273277606 
31.24 	 0.021599894463011353 
31.26 	 0.022334713059072482 
31.28 	 0.022934875659857596 
31.3 	 0.023375730370578014 
31.32 	 0.023620550991882934 
31.34 	 0.023655595866911776 
31.36 	 0.02347389152235333 
31.38 	 0.023077147215388644 
31.4 	 0.022490908097434696 
31.42 	 0.021731251161423923 
31.44 	 0.020847986819651717 
31.46 	 0.01986515367655195 
31.48 	 0.018841374473467 
31.5 	 0.017799649312739495 
31.52 	 0.016791742744383695 
31.54 	 0.015832008324778272 
31.56 	 0.014955523764657265 
31.58 	 0.014164787747160672 
31.6 	 0.01347629256338272 
31.62 	 0.012882284310407397 
31.64 	 0.012384795919207601 
31.66 	 0.0119703435103547 
31.68 	 0.011633013072777245 
31.7 	 0.01135848161794311 
31.72 	 0.01113872742773049 
31.74 	 0.010962069454049072 
31.76 	 0.010822042646235076 
31.78 	 0.010711107933291147 
31.8 	 0.01062572139655042 
31.82 	 0.01056235074269136 
31.84 	 0.010520107328342458 
31.86 	 0.010498467855970417 
31.88 	 0.010498200848762943 
31.9 	 0.010520657283834714 
31.92 	 0.010567178968850387 
31.94 	 0.01064003101827615 
31.96 	 0.0107400939090586 
31.98 	 0.010869611755314623 
32.0 	 0.011027832407760483 
32.02 	 0.01121586544253384 
32.04 	 0.01143008862785609 
32.06 	 0.01166949306517917 
32.08 	 0.01192703102240868 
32.1 	 0.012199646470387777 
32.12 	 0.012478090267075642 
32.14 	 0.012759254918502256 
32.16 	 0.013035097777192087 
32.18 	 0.013306175380979689 
32.2 	 0.013570027213930306 
32.22 	 0.013834593273550138 
32.24 	 0.014105676575177561 
32.26 	 0.014399847369699344 
32.28 	 0.01472956833265598 
32.3 	 0.015117242710100854 
32.32 	 0.015575555678235731 
32.34 	 0.01612670590041985 
32.36 	 0.01677473589237951 
32.38 	 0.017535501644143397 
32.4 	 0.01839733180766096 
32.42 	 0.019367024330315084 
32.44 	 0.020415351857460195 
32.46 	 0.021542115512922223 
32.48 	 0.022704433213825648 
32.5 	 0.023900167896577524 
32.52 	 0.025080019197101597 
32.54 	 0.026244573154978548 
32.56 	 0.027345355401456606 
32.58 	 0.02838753455998184 
32.6 	 0.029328740633931524 
32.62 	 0.03017784240768566 
32.64 	 0.03090202797855049 
32.66 	 0.031512138919928157 
32.68 	 0.03198768025361013 
32.7 	 0.03234075837134392 
32.72 	 0.03256561265744126 
32.74 	 0.03267631255892236 
32.76 	 0.03268279649271036 
32.78 	 0.032602130315789776 
32.8 	 0.032457871387863484 
32.82 	 0.032270124094738235 
32.84 	 0.032070498880246635 
32.86 	 0.0318808283069226 
32.88 	 0.031733117000921233 
32.9 	 0.03164907962408018 
32.92 	 0.03165366988131759 
32.94 	 0.031767198602538085 
32.96 	 0.032001880922329896 
32.98 	 0.032376129525143627 
33.0 	 0.032885374760561324 
33.02 	 0.033545512914759365 
33.04 	 0.03433176485625492 
33.06 	 0.03525562508649482 
33.08 	 0.0362692309500571 
33.1 	 0.03737646720727858 
33.12 	 0.03850627153539156 
33.14 	 0.03965187159260387 
33.16 	 0.040725442378035485 
33.18 	 0.04170879333046683 
33.2 	 0.042512916005953576 
33.22 	 0.04311106686813406 
33.24 	 0.043435992505117975 
33.26 	 0.04345863272742874 
33.28 	 0.043156598637194385 
33.3 	 0.042506256569783886 
33.32 	 0.04154332733744302 
33.34 	 0.04025570300814378 
33.36 	 0.03873303967682293 
33.38 	 0.036975729464881174 
33.4 	 0.03510576363549068 
33.42 	 0.03313027816076761 
33.44 	 0.031173221627314146 
33.46 	 0.02923842652146002 
33.48 	 0.027425466065809975 
33.5 	 0.025726290664732466 
33.52 	 0.024203405173737542 
33.54 	 0.022834786930647142 
33.56 	 0.021648289241920676 
33.58 	 0.020612834699229827 
33.6 	 0.019733370744945362 
33.62 	 0.018977809861469117 
33.64 	 0.018341118929905028 
33.66 	 0.01779639715427413 
33.68 	 0.01733692757229596 
33.7 	 0.016942555401961504 
33.72 	 0.016607088188344735 
33.74 	 0.0163145488668907 
33.76 	 0.016057632181949597 
33.78 	 0.015820679035159494 
33.8 	 0.015593600738787128 
33.82 	 0.015359083578300467 
33.84 	 0.01510551503578275 
33.86 	 0.014815505245801556 
33.88 	 0.014480574636890309 
33.9 	 0.014087698413639958 
33.92 	 0.01363742177068011 
33.94 	 0.013125876281495545 
33.96 	 0.012566380018620272 
33.98 	 0.011966517239044306 
34.0 	 0.011351497564316677 
34.02 	 0.01073856104318536 
34.04 	 0.010159195099802556 
34.06 	 0.009634864668197345 
34.08 	 0.009195184473228802 
34.1 	 0.008858909282199895 
34.12 	 0.008646094369154138 
34.14 	 0.0085668655620602 
34.16 	 0.008626649549097764 
34.18 	 0.008823733244740896 
34.2 	 0.009147221952551724 
34.22 	 0.009583586013360184 
34.24 	 0.010107274750294484 
34.26 	 0.010695959057483748 
34.28 	 0.011314345793395715 
34.3 	 0.011936675282698338 
34.32 	 0.012525663990931135 
34.34 	 0.013058679031990936 
34.36 	 0.013505505864291082 
34.38 	 0.013852532883376774 
34.4 	 0.014084094808899383 
34.42 	 0.014198700204991645 
34.44 	 0.01419804985316303 
34.46 	 0.014091697989978908 
34.48 	 0.013895556161325123 
34.5 	 0.013625368333633559 
34.52 	 0.013303769499725131 
34.54 	 0.012946312958435097 
34.56 	 0.0125742858148144 
34.58 	 0.01219806512649562 
34.6 	 0.011832422711877611 
34.62 	 0.011480785822748904 
34.64 	 0.011150382586049123 
34.66 	 0.010838931981459984 
34.68 	 0.010548095229941453 
34.7 	 0.010272556690750527 
34.72 	 0.0100113513648496 
34.74 	 0.009758665226045946 
34.76 	 0.009513362907897862 
34.78 	 0.009270839261340563 
34.8 	 0.009031323440657492 
34.82 	 0.008792322011931055 
34.84 	 0.008556108172143116 
34.86 	 0.00832251413943549 
34.88 	 0.008095685251647713 
34.9 	 0.00787721419349962 
34.92 	 0.00767201728912127 
34.94 	 0.007482060710777462 
34.96 	 0.007311221581431001 
34.98 	 0.007160029234812284 
35.0 	 0.00702954351531928 
35.02 	 0.006917476416695672 
35.04 	 0.0068213009173944605 
35.06 	 0.006735790633281669 
35.08 	 0.0066556593837760435 
35.1 	 0.006574093587508077 
35.12 	 0.006485217105369728 
35.14 	 0.0063828392641686405 
35.16 	 0.006262992677605524 
35.18 	 0.006122092076337381 
35.2 	 0.005959726326705855 
35.22 	 0.00577576033610531 
35.24 	 0.005573464213736331 
35.26 	 0.005355618403997064 
35.28 	 0.005127935035656975 
35.3 	 0.0048946609205558255 
35.32 	 0.004662123313201501 
35.34 	 0.004434463375918353 
35.36 	 0.004217062669932639 
35.38 	 0.004012884579821561 
35.4 	 0.003825533224920316 
35.42 	 0.0036564002971026816 
35.44 	 0.003507175531833666 
35.46 	 0.0033777716865933246 
35.48 	 0.0032682213117030887 
35.5 	 0.003177256602214411 
35.52 	 0.003103645571378964 
35.54 	 0.003045298252078006 
35.56 	 0.0030001691345946184 
35.58 	 0.00296577207890305 
35.6 	 0.0029397838402384284 
35.62 	 0.0029198378379591177 
35.64 	 0.0029039229898623112 
35.66 	 0.0028903063348690032 
35.68 	 0.002877772408974063 
35.7 	 0.002865536111758741 
35.72 	 0.002853344251209942 
35.74 	 0.0028413027195964935 
35.76 	 0.0028298709408434222 
35.78 	 0.002819619254939551 
35.8 	 0.0028111704308793157 
35.82 	 0.002804974220797685 
35.84 	 0.002801260598697472 
35.86 	 0.0027999274753839273 
35.88 	 0.0028005523217101104 
35.9 	 0.002802433276579241 
35.92 	 0.002804666665131664 
35.94 	 0.0028062990495843557 
35.96 	 0.0028064421357041204 
35.98 	 0.002804437303522148 
36.0 	 0.0027999684121875388 
36.02 	 0.002793146272150305 
36.04 	 0.0027845957789829783 
36.06 	 0.002775431016013283 
36.08 	 0.0027673152125524464 
36.1 	 0.0027623777587328425 
36.12 	 0.0027632433369023566 
36.14 	 0.0027729933863227746 
36.16 	 0.0027951132041333744 
36.18 	 0.0028336033422687104 
36.2 	 0.0028927024849933715 
36.22 	 0.002977236593967916 
36.24 	 0.0030918688226784317 
36.26 	 0.0032418020120454803 
36.28 	 0.0034312260815902796 
36.3 	 0.0036646299502290157 
36.32 	 0.0039440903407284055 
36.34 	 0.004271709214339302 
36.36 	 0.004645411019069128 
36.38 	 0.0050632851855278065 
36.4 	 0.005517611783712382 
36.42 	 0.006001913477193012 
36.44 	 0.0065030349622253285 
36.46 	 0.0070112537241259 
36.48 	 0.007510479729227736 
36.5 	 0.00799083549851148 
36.52 	 0.008437462192158712 
36.54 	 0.008843950642421218 
36.56 	 0.009200705006424283 
36.58 	 0.009507123397289086 
36.6 	 0.009760711952168703 
36.62 	 0.009966384691566329 
36.64 	 0.010127375096709933 
36.66 	 0.010251223800310603 
36.68 	 0.010343105235337373 
36.7 	 0.010409231725827198 
36.72 	 0.010452757728011691 
36.74 	 0.010475720500858416 
36.76 	 0.010477396541409638 
36.78 	 0.01045538308814706 
36.8 	 0.010406203408430388 
36.82 	 0.010325214201586575 
36.84 	 0.01020931615997717 
36.86 	 0.010054773704976915 
36.88 	 0.009861944092716292 
36.9 	 0.009630247805861638 
36.92 	 0.009364754397421113 
36.94 	 0.009068329721656457 
36.96 	 0.008749700708997454 
36.98 	 0.00841370347527813 
37.0 	 0.008070216078485461 
37.02 	 0.007723900239344122 
37.04 	 0.007383280792419781 
37.06 	 0.0070512238274596005 
37.08 	 0.006733501823313205 
37.1 	 0.006430698708770602 
37.12 	 0.006145787651988874 
37.14 	 0.005877577610399845 
37.16 	 0.005627072504743913 
37.18 	 0.00539223109542477 
37.2 	 0.00517310391601494 
37.22 	 0.0049675994467378295 
37.24 	 0.004775556465623437 
37.26 	 0.004595279803667851 
37.28 	 0.004426773744835218 
37.3 	 0.004268903496504269 
37.32 	 0.004121997434440933 
37.34 	 0.003985543682961056 
37.36 	 0.003860299488366345 
37.38 	 0.003746447317898183 
37.4 	 0.003645266894611283 
37.42 	 0.003557678867259372 
37.44 	 0.003485465807335868 
37.46 	 0.0034301475532247565 
37.48 	 0.003393698635367862 
37.5 	 0.003377742309708223 
37.52 	 0.0033837174008809587 
37.54 	 0.0034124505917366567 
37.56 	 0.0034637805657931914 
37.58 	 0.003536646880408958 
37.6 	 0.003628265916757178 
37.62 	 0.0037348975669807003 
37.64 	 0.0038507498110415977 
37.66 	 0.0039694741246837 
37.68 	 0.004083026876336894 
37.7 	 0.004183677050111872 
37.72 	 0.004263073019780199 
37.74 	 0.004314219212593373 
37.76 	 0.004330990819363171 
37.78 	 0.004309352912569806 
37.8 	 0.004247514355548772 
37.82 	 0.004145802994630473 
37.84 	 0.0040075299766756745 
37.86 	 0.003837391374920548 
37.88 	 0.003642946329591375 
37.9 	 0.0034319575983430585 
37.92 	 0.003214240005732071 
37.94 	 0.0029986764059700796 
37.96 	 0.002795124554863712 
37.98 	 0.0026118004026756637 
38.0 	 0.002456943135779018 
38.02 	 0.0023369462669367747 
38.04 	 0.0022575373734576706 
38.06 	 0.002222710812611902 
38.08 	 0.0022352530836810694 
38.1 	 0.002296397284003494 
38.12 	 0.002405604501010425 
38.14 	 0.00256095464368382 
38.16 	 0.002758162207654131 
38.18 	 0.002991901229259322 
38.2 	 0.0032540740489713266 
38.22 	 0.003536322641198645 
38.24 	 0.003827599944632822 
38.26 	 0.004117895127731344 
38.28 	 0.004395236634906852 
38.3 	 0.004650195969974416 
38.32 	 0.0048726140158832035 
38.34 	 0.005055995141951239 
38.36 	 0.005194431789759759 
38.38 	 0.005285867356615473 
38.4 	 0.005329764494825918 
38.42 	 0.0053285388369964165 
38.44 	 0.005286386789405521 
38.46 	 0.00520881318993017 
38.48 	 0.005102750132127132 
38.5 	 0.004974674479426348 
38.52 	 0.004831848963280879 
38.54 	 0.004679775300343429 
38.56 	 0.004524195073992497 
38.58 	 0.004368518405561579 
38.6 	 0.004216175447274508 
38.62 	 0.004068367022632749 
38.64 	 0.003926426239848535 
38.66 	 0.003789957187492518 
38.68 	 0.0036589894850206518 
38.7 	 0.0035324127330907383 
38.72 	 0.0034098298881946516 
38.74 	 0.003290162173498159 
38.76 	 0.003173197568256209 
38.78 	 0.003058283288725505 
38.8 	 0.002945615019850075 
38.82 	 0.0028349971493127728 
38.84 	 0.0027269339246522198 
38.86 	 0.002621483798302012 
38.88 	 0.0025192076814653155 
38.9 	 0.002420157245031831 
38.92 	 0.0023247187608360443 
38.94 	 0.002232759732219349 
38.96 	 0.0021443880538486305 
38.98 	 0.002059252903513967 
39.0 	 0.0019772246258031876 
39.02 	 0.0018978218718248383 
39.04 	 0.0018208111078425084 
39.06 	 0.0017457225210791595 
39.08 	 0.0016723686814329123 
39.1 	 0.001600416719904407 
39.12 	 0.0015298298040891025 
39.14 	 0.001460476081010669 
39.16 	 0.0013925004786151556 
39.18 	 0.0013259644795534967 
39.2 	 0.001261157550139338 
39.22 	 0.0011982712590993963 
39.24 	 0.001137659690734019 
39.26 	 0.0010795553616119583 
39.28 	 0.0010242873056210845 
39.3 	 0.0009720454087083793 
39.32 	 0.0009230638426572974 
39.34 	 0.0008774363573573073 
39.36 	 0.0008352710809358151 
39.38 	 0.0007965537439987929 
39.4 	 0.0007612774245741039 
39.42 	 0.0007293455279093411 
39.44 	 0.0007006774628863616 
39.46 	 0.0006751401307024397 
39.48 	 0.0006526287923980995 
39.5 	 0.000633015627076263 
39.52 	 0.0006162048259656884 
39.54 	 0.0006020891725722939 
39.56 	 0.0005905797268448352 
39.58 	 0.0005815655192429022 
39.6 	 0.0005749209755179038 
39.62 	 0.0005704689890227492 
39.64 	 0.0005679734345279785 
39.66 	 0.0005671112865723167 
39.68 	 0.0005674624127459355 
39.7 	 0.0005685001129810661 
39.72 	 0.000569593380777426 
39.74 	 0.0005700238974404143 
39.76 	 0.0005690134267831169 
39.78 	 0.0005657662586483764 
39.8 	 0.0005595243712098285 
39.82 	 0.0005496194793680445 
39.84 	 0.000535544070816979 
39.86 	 0.0005169847744923239 
39.88 	 0.0004938864258065542 
39.9 	 0.00046643883346538233 
39.92 	 0.0004351118684105369 
39.94 	 0.00040058497486565847 
39.96 	 0.00036374540360818464 
39.98 	 0.0003255761749309138 
40.0 	 0.00028712906527849095 
40.02 	 0.0002494064157847956 
40.04 	 0.000213332903949857 
40.06 	 0.00017966744740752701 
40.08 	 0.00014899546961605396 
40.1 	 0.00012168985649177444 
40.12 	 9.793115138414243e-05 
40.14 	 7.771326458174373e-05 
40.16 	 6.088323214516233e-05 
40.18 	 4.717183592825445e-05 
40.2 	 3.623678006955955e-05 
40.22 	 2.769641965438424e-05 
40.24 	 2.1162718321400983e-05 
40.26 	 1.6264380429190712e-05 
40.28 	 1.2664170199529915e-05 
40.3 	 1.0068170756566179e-05 
40.32 	 8.22966732069089e-06 
40.34 	 6.948171962227461e-06 
40.36 	 6.065596391222421e-06 
40.38 	 5.460616354826092e-06 
40.4 	 5.042477529761674e-06 
40.42 	 4.744917124871073e-06 
40.44 	 4.520740851642639e-06 
40.46 	 4.337253364780124e-06 
40.48 	 4.172618822496782e-06 
40.5 	 4.013072370353292e-06 
40.52 	 3.850874578818596e-06 
40.54 	 3.682867185362542e-06 
40.56 	 3.5095301809027536e-06 
40.58 	 3.3344662057009665e-06 
40.6 	 3.1643111373489064e-06 
40.62 	 3.009112618877203e-06 
40.64 	 2.8832910707630835e-06 
40.66 	 2.8073294995404165e-06 
40.68 	 2.8103799601397265e-06 
40.7 	 2.9339630612880093e-06 
40.72 	 3.236899502110368e-06 
40.74 	 3.8015105542654206e-06 
40.76 	 4.7409411325529045e-06 
40.78 	 6.207232900329155e-06 
40.8 	 8.39938811316277e-06 
40.82 	 1.157040655140642e-05 
40.84 	 1.6031657561822985e-05 
40.86 	 2.2153117380978187e-05 
40.88 	 3.035694569422965e-05 
40.9 	 4.1103769767338293e-05 
40.92 	 5.486829524001057e-05 
40.94 	 7.210764630744477e-05 
40.96 	 9.32169026632321e-05 
40.98 	 0.00011848515121216813 
41.0 	 0.00014803885698555746 
41.02 	 0.0001818049709064166 
41.04 	 0.00021946007141722932 
41.06 	 0.00026042951811504664 
41.08 	 0.0003038623614071195 
41.1 	 0.00034869115618289185 
41.12 	 0.0003936417980197543 
41.14 	 0.0004373564655702086 
41.16 	 0.00047842786753984505 
41.18 	 0.0005155566515311634 
41.2 	 0.0005475833795280315 
41.22 	 0.0005736300479725798 
41.24 	 0.0005931023938587522 
41.26 	 0.0006057683883396079 
41.28 	 0.0006117199789425324 
41.3 	 0.0006113693219853936 
41.32 	 0.0006053823887463475 
41.34 	 0.0005946093342790482 
41.36 	 0.00058001772138361 
41.38 	 0.000562595731425541 
41.4 	 0.0005433116503648441 
41.42 	 0.000523027772457545 
41.44 	 0.0005024982376653466 
41.46 	 0.0004823137232278598 
41.48 	 0.00046293230004715275 
41.5 	 0.0004446548064340681 
41.52 	 0.00042767286823792923 
41.54 	 0.00041206321289536356 
41.56 	 0.00039783647465902524 
41.58 	 0.0003849376601620293 
41.6 	 0.0003732855106839893 
41.62 	 0.0003627713678492015 
41.64 	 0.0003532862143467409 
41.66 	 0.00034471581901742565 
41.68 	 0.0003369574414748684 
41.7 	 0.0003299124190983557 
41.72 	 0.0003234961525283551 
41.74 	 0.00031763007080602235 
41.76 	 0.0003122480157195854 
41.78 	 0.00030728892785274355 
41.8 	 0.0003027015405314975 
41.82 	 0.0002984382805805494 
41.84 	 0.0002944591672506371 
41.86 	 0.00029072687569079483 
41.88 	 0.00028721018789832514 
41.9 	 0.0002838799893874111 
41.92 	 0.0002807124241261477 
41.94 	 0.0002776856076538061 
41.96 	 0.00027478256735682965 
41.98 	 0.00027198847201491134 
42.0 	 0.0002692933467325158 
42.02 	 0.00026668958477031666 
42.04 	 0.00026417432334872534 
42.06 	 0.00026174699655830217 
42.08 	 0.00025941124290050757 
42.1 	 0.0002571723692830876 
42.12 	 0.00025503877932415606 
42.14 	 0.0002530194254377563 
42.16 	 0.0002511249116810895 
42.18 	 0.0002493651718572633 
42.2 	 0.00024775045919990963 
42.22 	 0.0002462894723903867 
42.24 	 0.0002449903299868967 
42.26 	 0.00024385919227753772 
42.28 	 0.0002429011321978369 
42.3 	 0.00024211913821816622 
42.32 	 0.00024151472158385445 
42.34 	 0.00024108720033948458 
42.36 	 0.00024083401690901647 
42.38 	 0.00024075039269902035 
42.4 	 0.0002408295617116454 
42.42 	 0.00024106305732591083 
42.44 	 0.000241441162498735 
42.46 	 0.0002419540241466543 
42.48 	 0.00024259241969060028 
42.5 	 0.00024334954577265468 
42.52 	 0.00024422178010897105 
42.54 	 0.00024521057012140277 
42.56 	 0.00024632251618363576 
42.58 	 0.00024757062693193954 
42.6 	 0.0002489730639338046 
42.62 	 0.00025055334292371605 
42.64 	 0.0002523375367185506 
42.66 	 0.00025435368700404233 
42.68 	 0.00025662793316750664 
42.7 	 0.00025918409113012 
42.72 	 0.0002620396726131977 
42.74 	 0.00026520689297144677 
42.76 	 0.0002686895837877538 
42.78 	 0.0002724866470839469 
42.8 	 0.00027659043494770465 
42.82 	 0.00028099301952639623 
42.84 	 0.0002856859551419649 
42.86 	 0.0002906690348373399 
42.88 	 0.0002959508075538951 
42.9 	 0.0003015591540823273 
42.92 	 0.00030754183535738574 
42.94 	 0.0003139786005680515 
42.96 	 0.00032098159121959257 
42.98 	 0.000328709913815253 
43.0 	 0.0003373707143471909 
43.02 	 0.00034723874710636406 
43.04 	 0.0003586593399539801 
43.06 	 0.00037207611524121235 
43.08 	 0.0003880348449238313 
43.1 	 0.0004072201641745181 
43.12 	 0.00043045206874981623 
43.14 	 0.00045872612984651636 
43.16 	 0.0004931813137566568 
43.18 	 0.000535130446059128 
43.2 	 0.0005859626773610126 
43.22 	 0.0006471505936917941 
43.24 	 0.0007200422390820808 
43.26 	 0.0008058520579105427 
43.28 	 0.0009053074704888827 
43.3 	 0.0010186816174159738 
43.32 	 0.0011452930669841033 
43.34 	 0.0012837056480838635 
43.36 	 0.0014311270945911265 
43.38 	 0.0015839374301694325 
43.4 	 0.0017370713102196132 
43.42 	 0.0018849761629076965 
43.44 	 0.00202107525749109 
43.46 	 0.00213907173280476 
43.48 	 0.0022325731423959378 
43.5 	 0.002296415108148594 
43.52 	 0.0023264937268494385 
43.54 	 0.002320640697102442 
43.56 	 0.002278668820578078 
43.58 	 0.0022024320662235447 
43.6 	 0.002096054546552993 
43.62 	 0.001965146276935108 
43.64 	 0.0018171757762241111 
43.66 	 0.0016601955471746363 
43.68 	 0.0015033376506856972 
43.7 	 0.001355591978687813 
43.72 	 0.001226420041017533 
43.74 	 0.0011250180088305257 
43.76 	 0.0010610008901769284 
43.78 	 0.0010442699541111382 
43.8 	 0.0010855831372299728 
43.82 	 0.001196858017991406 
43.84 	 0.001391210840976196 
43.86 	 0.0016835128356888053 
43.88 	 0.0020891182349951523 
43.9 	 0.002625020688654185 
43.92 	 0.003305859378183981 
43.94 	 0.0041473901708045215 
43.96 	 0.005157204838320088 
43.98 	 0.006344584957056188 
44.0 	 0.007701554388849134 
44.02 	 0.009226025288994914 
44.04 	 0.010886850628640731 
44.06 	 0.012668854807884388 
44.08 	 0.01451514057210848 
44.1 	 0.016400606778813945 
44.12 	 0.01824823185373267 
44.14 	 0.02003030754955879 
44.16 	 0.021663726910323155 
44.18 	 0.023126815463686768 
44.2 	 0.024349150760312 
44.22 	 0.02532178377258439 
44.24 	 0.026003951030681385 
44.26 	 0.026402029511179585 
44.28 	 0.026513545394203943 
44.3 	 0.026358181854352517 
44.32 	 0.025968757829228105 
44.34 	 0.02537246230441754 
44.36 	 0.02462458204562594 
44.38 	 0.023752164118643487 
44.4 	 0.022816201821792715 
44.42 	 0.021836717309853888 
44.44 	 0.02086638409309399 
44.46 	 0.019914394001941706 
44.48 	 0.019017860809547503 
44.5 	 0.018175279754076946 
44.52 	 0.017407891407066247 
44.54 	 0.016706636429973807 
44.56 	 0.01608088631926291 
44.58 	 0.015518242821875576 
44.6 	 0.015021350995244272 
44.62 	 0.01457801595424814 
44.64 	 0.014188262017569961 
44.66 	 0.013842109235037894 
44.68 	 0.01353924164675306 
44.7 	 0.013272375965877799 
44.72 	 0.013041489291983035 
44.74 	 0.01284138938751123 
44.76 	 0.012671898413566866 
44.78 	 0.012528740054429905 
44.8 	 0.012410657530411286 
44.82 	 0.012313007550017654 
44.84 	 0.012232614248945431 
44.86 	 0.012163507151645742 
44.88 	 0.01210035281810413 
44.9 	 0.012035617371601606 
44.92 	 0.011962561517700714 
44.94 	 0.011872820491677004 
44.96 	 0.011760039165335493 
44.98 	 0.011616608788696806 
45.0 	 0.011438909189151273 
45.02 	 0.011221959367487266 
45.04 	 0.010966850870824989 
45.06 	 0.010672536146827097 
45.08 	 0.010345445255063075 
45.1 	 0.00998849710973539 
45.12 	 0.009612289820855874 
45.14 	 0.009222339022228338 
45.16 	 0.008830850638308713 
45.18 	 0.008443732644786449 
45.2 	 0.008071914415749682 
45.22 	 0.007719610881580079 
45.24 	 0.007394387613537928 
45.26 	 0.007097601138259009 
45.28 	 0.006832765312011323 
45.3 	 0.006598395799184011 
45.32 	 0.006394568101343621 
45.34 	 0.006217867508726371 
45.36 	 0.006066271809913313 
45.38 	 0.005935667459865447 
45.4 	 0.005823331589399887 
45.42 	 0.005725474060298354 
45.44 	 0.005639654088989902 
45.46 	 0.005562939111365379 
45.48 	 0.005493593679245346 
45.5 	 0.005429608592394239 
45.52 	 0.00536995560269599 
45.54 	 0.005313362214991617 
45.56 	 0.0052593429475598415 
45.58 	 0.005207149281230739 
45.6 	 0.0051566881766007076 
45.62 	 0.005107586286350373 
45.64 	 0.005060026514015153 
45.66 	 0.005013877811021388 
45.68 	 0.004969449722564517 
45.7 	 0.004926676520588372 
45.72 	 0.004885801894634859 
45.74 	 0.00484664581586777 
45.76 	 0.004809250074104628 
45.78 	 0.004773258643273103 
45.8 	 0.004738546678373635 
45.82 	 0.0047047024188507135 
45.84 	 0.0046716288698654814 
45.86 	 0.0046390665937009155 
45.88 	 0.004607131182682452 
45.9 	 0.004575813519196326 
45.92 	 0.004545428086355315 
45.94 	 0.004516083306862191 
45.96 	 0.004488061850624352 
45.98 	 0.0044613227199226 
46.0 	 0.004435873874977328 
46.02 	 0.004411381340684939 
46.04 	 0.004387583065934349 
46.06 	 0.004364013518392889 
46.08 	 0.004340445304951631 
46.1 	 0.004316644797755689 
46.12 	 0.0042927684307108695 
46.14 	 0.004269039667268361 
46.16 	 0.004246032693789831 
46.18 	 0.0042242454128683625 
46.2 	 0.004204280492131117 
46.22 	 0.004186417339773609 
46.24 	 0.004170780876464739 
46.26 	 0.004157063206374216 
46.28 	 0.004144771330465731 
46.3 	 0.0041331539980542144 
46.32 	 0.004121528950072446 
46.34 	 0.004109305734761387 
46.36 	 0.0040962904579466535 
46.38 	 0.0040826135639993825 
46.4 	 0.0040688938273553904 
46.42 	 0.004055970190444332 
46.44 	 0.0040448992814561425 
46.46 	 0.004036586635190492 
46.48 	 0.0040317153972891226 
46.5 	 0.004030504706933474 
46.52 	 0.004032710091611126 
46.54 	 0.0040376803915326 
46.56 	 0.0040444860107853465 
46.58 	 0.004052234371002482 
46.6 	 0.004060232195949776 
46.62 	 0.004068325188883013 
46.64 	 0.004076905530590581 
46.66 	 0.004087036264100251 
46.68 	 0.004100157639837126 
46.7 	 0.004117967626397497 
46.72 	 0.004141839669129614 
46.74 	 0.004172704429426712 
46.76 	 0.004210355672763304 
46.78 	 0.00425368946358546 
46.8 	 0.004300126855113106 
46.82 	 0.0043463933096266425 
46.84 	 0.004388199445199851 
46.86 	 0.004421372936419491 
46.88 	 0.0044417956732619905 
46.9 	 0.0044463814932979 
46.92 	 0.004433183403505424 
46.94 	 0.004401679429947414 
46.96 	 0.004352984327511646 
46.98 	 0.004289208390068254 
47.0 	 0.004213796148520495 
47.02 	 0.004130167004391529 
47.04 	 0.004042278832933746 
47.06 	 0.003953050065997832 
47.08 	 0.0038652373927634417 
47.1 	 0.003780101001129452 
47.12 	 0.003698575229006666 
47.14 	 0.003620340649418463 
47.16 	 0.003545118902666639 
47.18 	 0.00347199770840232 
47.2 	 0.0034006080674400508 
47.22 	 0.003330430486361504 
47.24 	 0.003261683613895318 
47.26 	 0.003194466854253128 
47.28 	 0.003129367082543165 
47.3 	 0.0030665243740496495 
47.32 	 0.0030061272070244192 
47.34 	 0.0029476214586671733 
47.36 	 0.002890300081265237 
47.38 	 0.0028328027959251007 
47.4 	 0.0027738909093492016 
47.42 	 0.0027121695873957505 
47.44 	 0.0026469580903219817 
47.46 	 0.0025779858396130354 
47.48 	 0.0025061526917051916 
47.5 	 0.0024329559902787293 
47.52 	 0.002360966139525039 
47.54 	 0.002292944753680229 
47.56 	 0.0022320185379306125 
47.58 	 0.0021807098297902706 
47.6 	 0.0021409687296303657 
47.62 	 0.0021134707777733294 
47.64 	 0.002097734965945485 
47.66 	 0.002091947434237012 
47.68 	 0.0020932962500754587 
47.7 	 0.002098305051567705 
47.72 	 0.0021033228281589346 
47.74 	 0.0021050660841079446 
47.76 	 0.0021010549559136236 
47.78 	 0.0020899501235764326 
47.8 	 0.0020717288030306508 
47.82 	 0.0020475445407975024 
47.84 	 0.0020195835997800153 
47.86 	 0.00199048756129637 
47.88 	 0.0019630254385772793 
47.9 	 0.0019393971872246096 
47.92 	 0.001920974426086881 
47.94 	 0.0019078661139290617 
47.96 	 0.0018989441503724901 
47.98 	 0.001891868888706743 
48.0 	 0.0018834514723539474 
48.02 	 0.0018700355547568955 
48.04 	 0.0018480691737001924 
48.06 	 0.0018145112132523585 
48.08 	 0.0017674022168656938 
48.1 	 0.001705941960409909 
48.12 	 0.0016308900486613877 
48.14 	 0.0015441463129455075 
48.16 	 0.0014489302194694912 
48.18 	 0.0013489668128842372 
48.2 	 0.001248517400803748 
48.22 	 0.0011514662547266767 
48.24 	 0.0010613461606963693 
48.26 	 0.0009806362069702738 
48.28 	 0.000910913657458283 
48.3 	 0.0008525313509482548 
48.32 	 0.0008049399049884078 
48.34 	 0.0007667177663821502 
48.36 	 0.0007359956204385188 
48.38 	 0.0007106687406377615 
48.4 	 0.0006887850903714452 
48.42 	 0.0006687328998168472 
48.44 	 0.000649464193526843 
48.46 	 0.0006305166342673221 
48.48 	 0.0006120244583621173 
48.5 	 0.0005945563806216927 
48.52 	 0.0005789684852464648 
48.54 	 0.0005661534389209051 
48.56 	 0.0005568592616608788 
48.58 	 0.0005514924738094179 
48.6 	 0.0005500270226058175 
48.62 	 0.0005519657209403437 
48.64 	 0.0005563966258389371 
48.66 	 0.0005621204569694716 
48.68 	 0.0005678170877785861 
48.7 	 0.0005722492952562438 
48.72 	 0.0005744351895319671 
48.74 	 0.0005737967923569115 
48.76 	 0.000570232903575805 
48.78 	 0.0005641183081659268 
48.8 	 0.0005562338272947475 
48.82 	 0.0005476152467914188 
48.84 	 0.000539384411847211 
48.86 	 0.000532538751087993 
48.88 	 0.0005277868286537054 
48.9 	 0.0005254033130216116 
48.92 	 0.0005251687842421038 
48.94 	 0.0005263720961823376 
48.96 	 0.0005278910565066989 
48.98 	 0.0005283335044127394 
49.0 	 0.00052621414111758 
49.02 	 0.0005201442412211574 
49.04 	 0.0005090114986414301 
49.06 	 0.0004921044618714613 
49.08 	 0.0004692126263683637 
49.1 	 0.00044061575051329544 
49.12 	 0.0004070766556519745 
49.14 	 0.0003697049574373644 
49.16 	 0.00032987588074230817 
49.18 	 0.0002890408403560247 
49.2 	 0.00024863613416324046 
49.22 	 0.00020992466594797106 
49.24 	 0.00017394763228485856 
49.26 	 0.0001414463287337054 
49.28 	 0.00011287377926718432 
49.3 	 8.839536121440245e-05 
49.32 	 6.794285215783431e-05 
49.34 	 5.125982655600117e-05 
49.36 	 3.796630595891001e-05 
49.38 	 2.7610760574418247e-05 
49.4 	 1.9720142615057707e-05 
49.42 	 1.3835419348201824e-05 
49.44 	 9.537666721011154e-06 
49.46 	 6.462271031379935e-06 
49.48 	 4.3048885253463686e-06 
49.5 	 2.820473009411057e-06 
49.52 	 1.8181336429563496e-06 
49.54 	 1.153560477151192e-06 
49.56 	 7.206718038411006e-07 
49.58 	 4.4349561033539273e-07 
49.6 	 2.689453946315603e-07 
49.62 	 1.6077591314793649e-07 
49.64 	 9.477735106725311e-08 
49.66 	 5.51111278734033e-08 
49.68 	 3.161727331890015e-08 
49.7 	 1.78990314021323e-08 
49.72 	 9.999806144847471e-09 
49.74 	 5.513319838990447e-09 
49.76 	 2.999595910638166e-09 
49.78 	 1.6101865732947605e-09 
49.8 	 8.526292249005927e-10 
49.82 	 4.452425195102291e-10 
49.84 	 2.2921741130156309e-10 
49.86 	 1.1629500874709942e-10 
49.88 	 5.812677044641265e-11 
49.9 	 2.861068810613187e-11 
49.92 	 1.3862874989059493e-11 
49.94 	 6.609844745716284e-12 
49.96 	 3.1001958848211062e-12 
49.98 	 1.4298906546884303e-12 
50.0 	 6.483334391166284e-13 
50.02 	 2.8890354974943656e-13 
50.04 	 1.2648942645402074e-13 
50.06 	 5.440030941915815e-14 
50.08 	 2.2977547057078653e-14 
50.1 	 9.529722503114645e-15 
50.12 	 3.880246799617895e-15 
50.14 	 1.550877239877093e-15 
50.16 	 6.083848737238053e-16 
50.18 	 2.3421403312947277e-16 
50.2 	 8.847844317980858e-17 
50.22 	 3.2795469647059323e-17 
50.24 	 1.1926373975464576e-17 
50.26 	 4.254921624038464e-18 
50.28 	 1.489145631696535e-18 
50.3 	 5.112368953300499e-19 
50.32 	 1.7215760340358228e-19 
50.34 	 5.686317684677596e-20 
50.36 	 1.842132225732371e-20 
50.38 	 5.853031353907163e-21 
50.4 	 1.8238888232490222e-21 
50.42 	 5.573932648947135e-22 
50.44 	 1.6705536075507157e-22 
50.46 	 4.910038920701705e-23 
50.48 	 1.4152285737700022e-23 
50.5 	 4.000160624395909e-24 
50.52 	 1.1087411210667221e-24 
50.54 	 3.0135473324993667e-25 
50.56 	 8.031834756086362e-26 
50.58 	 2.0991070125035356e-26 
50.6 	 5.379377535257871e-27 
50.62 	 1.3517675126332185e-27 
50.64 	 3.330732263526124e-28 
50.66 	 8.047123332006272e-29 
50.68 	 1.9063407097415892e-29 
50.7 	 4.428077907680212e-30 
50.72 	 1.0085117965698179e-30 
50.74 	 2.252132934009569e-31 
50.76 	 4.931179883413066e-32 
50.78 	 1.0586394627655279e-32 
50.8 	 2.228345283631396e-33 
50.82 	 4.598868131124471e-34 
50.84 	 9.305731135771899e-35 
50.86 	 1.846197834079931e-35 
50.88 	 3.591132165044579e-36 
50.9 	 6.848686313162974e-37 
50.92 	 1.28056994699765e-37 
50.94 	 2.3475614870522037e-38 
50.96 	 4.2193530285476774e-39 
50.98 	 7.435113839124139e-40 
51.0 	 1.2845173614778902e-40 
51.02 	 2.1757086011878887e-41 
51.04 	 3.612998118221186e-42 
51.06 	 5.882188326244999e-43 
51.08 	 9.388847481515847e-44 
51.1 	 1.4692167068444154e-44 
51.12 	 2.2540199103118653e-45 
51.14 	 3.3902061563611967e-46 
51.16 	 4.999069161866541e-47 
51.18 	 7.226784680176827e-48 
51.2 	 1.0242178073090694e-48 
51.22 	 1.42307935042016e-49 
51.24 	 1.9384468337214698e-50 
51.26 	 2.5886008651069843e-51 
51.28 	 3.3889190165438176e-52 
51.3 	 4.349513778345599e-53 
51.32 	 5.472707182197139e-54 
51.34 	 6.750629776373614e-55 
51.36 	 8.163296703143376e-56 
51.38 	 9.677535076928696e-57 
51.4 	 1.1247098847823332e-57 
51.42 	 1.281420279536471e-58 
51.44 	 1.4312541732908097e-59 
51.46 	 1.5671653935695783e-60 
51.48 	 1.6822271006961775e-61 
51.5 	 1.7702108736225902e-62 
51.52 	 1.8261433231746597e-63 
51.54 	 1.84677127190455e-64 
51.56 	 1.8308750245106667e-65 
51.58 	 1.7793877733243163e-66 
51.6 	 1.6953048809130218e-67 
51.62 	 1.583395306910898e-68 
51.64 	 1.4497538521308748e-69 
51.66 	 1.3012526778393383e-70 
51.68 	 1.1449605963596868e-71 
51.7 	 9.875977684474117e-73 
51.72 	 8.350826303870812e-74 
51.74 	 6.922098106716152e-75 
51.76 	 5.624762343577456e-76 
51.78 	 4.480514945556814e-77 
51.8 	 3.498712257761047e-78 
51.82 	 2.678207998203944e-79 
51.84 	 2.009719348230865e-80 
51.86 	 1.4783621407774258e-81 
51.88 	 1.0660555824344418e-82 
51.9 	 7.535841757627472e-84 
51.92 	 5.22198861578999e-85 
51.94 	 3.547248712389513e-86 
51.96 	 2.3621000175152645e-87 
51.98 	 1.541896493161189e-88 
52.0 	 9.866470889217523e-90 
52.02 	 6.188958026088778e-91 
52.04 	 3.805587659298296e-92 
52.06 	 2.2938966388205856e-93 
52.08 	 1.3554182324812162e-94 
52.1 	 7.850903133831199e-96 
52.12 	 4.4577139751170155e-97 
52.14 	 2.4811358414541717e-98 
52.16 	 1.3537365058786877e-99 
52.18 	 7.240398944620574e-101 
52.2 	 3.79607797135013e-102 
52.22 	 1.950974305000657e-103 
52.24 	 9.82904467210104e-105 
52.26 	 4.854158455453763e-106 
52.28 	 2.3499521931454953e-107 
52.3 	 1.1151829238660445e-108 
52.32 	 5.1876990849438536e-110 
52.34 	 2.3656179761295333e-111 
52.36 	 1.0574387270068244e-112 
52.38 	 4.6334681459643444e-114 
52.4 	 1.9902018953857501e-115 
52.42 	 8.379685042500999e-117 
52.44 	 3.458577349228867e-118 
52.46 	 1.3992849606025674e-119 
52.48 	 5.54949370649394e-121 
52.5 	 2.1574400580749444e-122 
52.52 	 8.221706208824535e-124 
52.54 	 3.071303113096191e-125 
52.56 	 1.124658302680942e-126 
52.58 	 4.03696867338809e-128 
52.6 	 1.4204525402724867e-129 
52.62 	 4.899303422204501e-131 
52.64 	 1.6564483970255565e-132 
52.66 	 5.489808062458548e-134 
52.68 	 1.7834946177022252e-135 
52.7 	 5.6796498336877855e-137 
52.72 	 1.7729895003545614e-138 
52.74 	 5.425319832941765e-140 
52.76 	 1.6273420537879022e-141 
52.78 	 4.784828930074688e-143 
52.8 	 1.379074727999065e-144 
52.82 	 3.8962136033975864e-146 
52.84 	 1.0790238697683432e-147 
52.86 	 2.9292230839840193e-149 
52.88 	 7.79483124976683e-151 
52.9 	 2.033263372795391e-152 
52.92 	 5.198918247966753e-154 
52.94 	 1.303060427785285e-155 
52.96 	 3.2014603735176575e-157 
52.98 	 7.71016205925823e-159 
53.0 	 1.820163840304872e-160 
53.02 	 4.2120048330387774e-162 
53.04 	 9.554290652032812e-164 
53.06 	 2.1244135226382791e-165 
53.08 	 4.630314610040958e-167 
53.1 	 9.892648929664461e-169 
53.12 	 2.0717873126601145e-170 
53.14 	 4.253123971840701e-172 
53.16 	 8.558566002640667e-174 
53.18 	 1.688195460238736e-175 
53.2 	 3.2632188228791513e-177 
53.22 	 6.12499340482021e-179 
53.24 	 9.690950555145108e-181 
53.26 	 0.0 
53.28 	 0.0 
53.3 	 0.0 
53.32 	 0.0 
53.34 	 0.0 
53.36 	 0.0 
53.38 	 0.0 
53.4 	 0.0 
53.42 	 0.0 
53.44 	 0.0 
53.46 	 0.0 
53.48 	 0.0 
53.5 	 0.0 
53.52 	 0.0 
53.54 	 0.0 
53.56 	 0.0 
53.58 	 0.0 
53.6 	 0.0 
53.62 	 0.0 
53.64 	 0.0 
53.66 	 0.0 
53.68 	 0.0 
53.7 	 0.0 
53.72 	 0.0 
53.74 	 0.0 
53.76 	 0.0 
53.78 	 0.0 
53.8 	 0.0 
53.82 	 0.0 
53.84 	 0.0 
53.86 	 0.0 
53.88 	 0.0 
53.9 	 0.0 
53.92 	 0.0 
53.94 	 0.0 
53.96 	 0.0 
53.98 	 0.0 
54.0 	 0.0 
54.02 	 0.0 
54.04 	 0.0 
54.06 	 0.0 
54.08 	 0.0 
54.1 	 0.0 
54.12 	 0.0 
54.14 	 0.0 
54.16 	 0.0 
54.18 	 0.0 
54.2 	 0.0 
54.22 	 0.0 
54.24 	 0.0 
54.26 	 0.0 
54.28 	 0.0 
54.3 	 0.0 
54.32 	 0.0 
54.34 	 0.0 
54.36 	 0.0 
54.38 	 0.0 
54.4 	 0.0 
54.42 	 0.0 
54.44 	 0.0 
54.46 	 0.0 
54.48 	 0.0 
54.5 	 0.0 
54.52 	 0.0 
54.54 	 0.0 
54.56 	 0.0 
54.58 	 0.0 
54.6 	 0.0 
54.62 	 0.0 
54.64 	 0.0 
54.66 	 0.0 
54.68 	 0.0 
54.7 	 0.0 
54.72 	 0.0 
54.74 	 0.0 
54.76 	 0.0 
54.78 	 0.0 
54.8 	 0.0 
54.82 	 0.0 
54.84 	 0.0 
54.86 	 0.0 
54.88 	 0.0 
54.9 	 0.0 
54.92 	 0.0 
54.94 	 0.0 
54.96 	 0.0 
54.98 	 0.0 
55.0 	 0.0 
55.02 	 0.0 
55.04 	 0.0 
55.06 	 0.0 
55.08 	 0.0 
55.1 	 0.0 
55.12 	 0.0 
55.14 	 0.0 
55.16 	 0.0 
55.18 	 0.0 
55.2 	 0.0 
55.22 	 0.0 
55.24 	 0.0 
55.26 	 0.0 
55.28 	 0.0 
55.3 	 0.0 
55.32 	 0.0 
55.34 	 0.0 
55.36 	 0.0 
55.38 	 0.0 
55.4 	 0.0 
55.42 	 0.0 
55.44 	 0.0 
55.46 	 0.0 
55.48 	 0.0 
55.5 	 0.0 
55.52 	 0.0 
55.54 	 0.0 
55.56 	 0.0 
55.58 	 0.0 
55.6 	 0.0 
55.62 	 0.0 
55.64 	 0.0 
55.66 	 0.0 
55.68 	 0.0 
55.7 	 0.0 
55.72 	 0.0 
55.74 	 0.0 
55.76 	 0.0 
55.78 	 0.0 
55.8 	 0.0 
55.82 	 0.0 
55.84 	 0.0 
55.86 	 0.0 
55.88 	 0.0 
55.9 	 0.0 
55.92 	 0.0 
55.94 	 0.0 
55.96 	 0.0 
55.98 	 0.0 
56.0 	 0.0 
56.02 	 0.0 
56.04 	 0.0 
56.06 	 0.0 
56.08 	 0.0 
56.1 	 0.0 
56.12 	 0.0 
56.14 	 0.0 
56.16 	 0.0 
56.18 	 0.0 
56.2 	 0.0 
56.22 	 0.0 
56.24 	 0.0 
56.26 	 0.0 
56.28 	 0.0 
56.3 	 0.0 
56.32 	 0.0 
56.34 	 0.0 
56.36 	 0.0 
56.38 	 0.0 
56.4 	 0.0 
56.42 	 0.0 
56.44 	 0.0 
56.46 	 0.0 
56.48 	 0.0 
56.5 	 0.0 
56.52 	 0.0 
56.54 	 0.0 
56.56 	 0.0 
56.58 	 0.0 
56.6 	 0.0 
56.62 	 0.0 
56.64 	 0.0 
56.66 	 0.0 
56.68 	 0.0 
56.7 	 0.0 
56.72 	 0.0 
56.74 	 0.0 
56.76 	 0.0 
56.78 	 0.0 
56.8 	 0.0 
56.82 	 0.0 
56.84 	 0.0 
56.86 	 0.0 
56.88 	 0.0 
56.9 	 0.0 
56.92 	 0.0 
56.94 	 0.0 
56.96 	 0.0 
56.98 	 0.0 
57.0 	 0.0 
57.02 	 0.0 
57.04 	 0.0 
57.06 	 0.0 
57.08 	 0.0 
57.1 	 0.0 
57.12 	 0.0 
57.14 	 0.0 
57.16 	 0.0 
57.18 	 0.0 
57.2 	 0.0 
57.22 	 0.0 
57.24 	 0.0 
57.26 	 0.0 
57.28 	 0.0 
57.3 	 0.0 
57.32 	 0.0 
57.34 	 0.0 
57.36 	 0.0 
57.38 	 0.0 
57.4 	 0.0 
57.42 	 0.0 
57.44 	 0.0 
57.46 	 0.0 
57.48 	 0.0 
57.5 	 0.0 
57.52 	 0.0 
57.54 	 0.0 
57.56 	 0.0 
57.58 	 0.0 
57.6 	 0.0 
57.62 	 0.0 
57.64 	 0.0 
57.66 	 0.0 
57.68 	 0.0 
57.7 	 0.0 
57.72 	 0.0 
57.74 	 0.0 
57.76 	 0.0 
57.78 	 0.0 
57.8 	 0.0 
57.82 	 0.0 
57.84 	 0.0 
57.86 	 0.0 
57.88 	 0.0 
57.9 	 0.0 
57.92 	 0.0 
57.94 	 0.0 
57.96 	 0.0 
57.98 	 0.0 
58.0 	 0.0 
58.02 	 0.0 
58.04 	 0.0 
58.06 	 0.0 
58.08 	 0.0 
58.1 	 0.0 
58.12 	 0.0 
58.14 	 0.0 
58.16 	 0.0 
58.18 	 0.0 
58.2 	 0.0 
58.22 	 0.0 
58.24 	 0.0 
58.26 	 0.0 
58.28 	 0.0 
58.3 	 0.0 
58.32 	 0.0 
58.34 	 0.0 
58.36 	 0.0 
58.38 	 0.0 
58.4 	 0.0 
58.42 	 0.0 
58.44 	 0.0 
58.46 	 0.0 
58.48 	 0.0 
58.5 	 0.0 
58.52 	 0.0 
58.54 	 0.0 
58.56 	 0.0 
58.58 	 0.0 
58.6 	 0.0 
58.62 	 0.0 
58.64 	 0.0 
58.66 	 0.0 
58.68 	 0.0 
58.7 	 0.0 
58.72 	 0.0 
58.74 	 0.0 
58.76 	 0.0 
58.78 	 0.0 
58.8 	 0.0 
58.82 	 0.0 
58.84 	 0.0 
58.86 	 0.0 
58.88 	 0.0 
58.9 	 0.0 
58.92 	 0.0 
58.94 	 0.0 
58.96 	 0.0 
58.98 	 0.0 
59.0 	 0.0 
59.02 	 0.0 
59.04 	 0.0 
59.06 	 0.0 
59.08 	 0.0 
59.1 	 0.0 
59.12 	 0.0 
59.14 	 0.0 
59.16 	 0.0 
59.18 	 0.0 
59.2 	 0.0 
59.22 	 0.0 
59.24 	 0.0 
59.26 	 0.0 
59.28 	 0.0 
59.3 	 0.0 
59.32 	 0.0 
59.34 	 0.0 
59.36 	 0.0 
59.38 	 0.0 
59.4 	 0.0 
59.42 	 0.0 
59.44 	 0.0 
59.46 	 0.0 
59.48 	 0.0 
59.5 	 0.0 
59.52 	 0.0 
59.54 	 0.0 
59.56 	 0.0 
59.58 	 0.0 
59.6 	 0.0 
59.62 	 0.0 
59.64 	 0.0 
59.66 	 0.0 
59.68 	 0.0 
59.7 	 0.0 
59.72 	 0.0 
59.74 	 0.0 
59.76 	 0.0 
59.78 	 0.0 
59.8 	 0.0 
59.82 	 0.0 
59.84 	 0.0 
59.86 	 0.0 
59.88 	 0.0 
59.9 	 0.0 
59.92 	 0.0 
59.94 	 0.0 
59.96 	 0.0 
59.98 	 0.0 
