0.0 	 8.95890862091738e-05 
0.02 	 9.735409126027025e-05 
0.04 	 0.00010455683504871127 
0.06 	 0.00011112051628973462 
0.08 	 0.00011701975432492845 
0.1 	 0.0001222903592253515 
0.12 	 0.00012701701683939971 
0.14 	 0.00013132906047804528 
0.16 	 0.00013538038637938237 
0.18 	 0.00013933768236560395 
0.2 	 0.0001433584623109904 
0.22 	 0.00014758001642448194 
0.24 	 0.00015210265089500195 
0.26 	 0.0001569864156461702 
0.28 	 0.00016224414724650186 
0.3 	 0.00016784917201520414 
0.32 	 0.0001737384832504943 
0.34 	 0.00017982991215781028 
0.36 	 0.00018603165196872342 
0.38 	 0.00019226363334258928 
0.4 	 0.00019846706507868067 
0.42 	 0.0002046230905885784 
0.44 	 0.00021075577375259297 
0.46 	 0.00021694208423903548 
0.48 	 0.00022330384804876275 
0.5 	 0.00023000649095383864 
0.52 	 0.0002372392847601909 
0.54 	 0.00024520502491192747 
0.56 	 0.00025409221566781074 
0.58 	 0.00026406234716637423 
0.6 	 0.0002752208913601531 
0.62 	 0.00028761133392833464 
0.64 	 0.0003011926544955706 
0.66 	 0.0003158485180668845 
0.68 	 0.0003313767752797933 
0.7 	 0.00034751827810252896 
0.72 	 0.0003639597984867503 
0.74 	 0.00038038153171694657 
0.76 	 0.00039647110878320463 
0.78 	 0.00041198507635208445 
0.8 	 0.00042677105471695736 
0.82 	 0.0004408391767399527 
0.84 	 0.0004543927883171833 
0.86 	 0.00046791117259303524 
0.88 	 0.0004821935821034927 
0.9 	 0.000498460632409025 
0.92 	 0.000518414994181178 
0.94 	 0.0005443689278661123 
0.96 	 0.0005793093818138084 
0.98 	 0.0006270492496647488 
1.0 	 0.0006922498418812582 
1.02 	 0.0007805812651045019 
1.04 	 0.0008986022668160176 
1.06 	 0.001053929718523242 
1.08 	 0.001254806538891305 
1.1 	 0.0015103760141854678 
1.12 	 0.00182966761978415 
1.14 	 0.002222317656414188 
1.16 	 0.0026965153215624967 
1.18 	 0.0032609574885304506 
1.2 	 0.003920930178845298 
1.22 	 0.004682917559917269 
1.24 	 0.005547372716249762 
1.26 	 0.006518108288096399 
1.28 	 0.007589479546938316 
1.3 	 0.008763285647796043 
1.32 	 0.010027274900534984 
1.34 	 0.011382615074021312 
1.36 	 0.012810194341957331 
1.38 	 0.014311688590752034 
1.4 	 0.015860418768664782 
1.42 	 0.017458576383749855 
1.44 	 0.01907063281666671 
1.46 	 0.0206981382909346 
1.48 	 0.022295952654045947 
1.5 	 0.02386375358286123 
1.52 	 0.025348611316948825 
1.54 	 0.026748634403803744 
1.56 	 0.028009223576379534 
1.58 	 0.029129726862174368 
1.6 	 0.030063980478547074 
1.62 	 0.030817312901526527 
1.64 	 0.03136298947287666 
1.66 	 0.03171691052453872 
1.68 	 0.031878874522331575 
1.7 	 0.03187726066345532 
1.72 	 0.03173778573544534 
1.74 	 0.031499067215186236 
1.76 	 0.031204011412731887 
1.78 	 0.03089576829965072 
1.8 	 0.030621063207369945 
1.82 	 0.030421048336277356 
1.84 	 0.030333506057405334 
1.86 	 0.03039334109665972 
1.88 	 0.030621202944654983 
1.9 	 0.03104554626563448 
1.92 	 0.031667127520208255 
1.94 	 0.03251141021016384 
1.96 	 0.033560045011922106 
1.98 	 0.0348406857251342 
2.0 	 0.03631731391040145 
2.02 	 0.038024486594123344 
2.04 	 0.03990836266328267 
2.06 	 0.04201322334974355 
2.08 	 0.04426496539911055 
2.1 	 0.04671820699013515 
2.12 	 0.049274895295904356 
2.14 	 0.05199903264973891 
2.16 	 0.054766202891220764 
2.18 	 0.05764849179797922 
2.2 	 0.06049719268946226 
2.22 	 0.06339203691906303 
2.24 	 0.0661689296714981 
2.26 	 0.0689161562887692 
2.28 	 0.07146948179581726 
2.3 	 0.07392722073314664 
2.32 	 0.07614219331099017 
2.34 	 0.07822279882554599 
2.36 	 0.08005092452168121 
2.38 	 0.08174128218182568 
2.4 	 0.08320540981241 
2.42 	 0.08455519996638063 
2.44 	 0.08571994617632255 
2.46 	 0.08679491760000768 
2.48 	 0.08770917232616565 
2.5 	 0.08852653852125406 
2.52 	 0.08916390709400324 
2.54 	 0.0896441267995633 
2.56 	 0.0898786640245688 
2.58 	 0.0898526111843165 
2.6 	 0.08950335109132362 
2.62 	 0.08880039044078537 
2.64 	 0.08775566585438502 
2.66 	 0.0863648980258356 
2.68 	 0.08475748101498823 
2.7 	 0.08300613393912608 
2.72 	 0.08136210070325543 
2.74 	 0.08001111287173207 
2.76 	 0.07926580983906022 
2.78 	 0.07942214380914038 
2.8 	 0.08072732137019685 
2.82 	 0.0835474875823687 
2.84 	 0.08789862496603616 
2.86 	 0.0941776893660582 
2.88 	 0.1020069034571807 
2.9 	 0.11181944069286415 
2.92 	 0.12273020697457478 
2.94 	 0.13526070163436843 
2.96 	 0.14800767951485405 
2.98 	 0.16162452239200598 
3.0 	 0.17433927333034271 
3.02 	 0.1869005390425814 
3.04 	 0.19750077846307734 
3.06 	 0.20684680758245658 
3.08 	 0.21354994826488063 
3.1 	 0.21810772604134235 
3.12 	 0.21996305289943593 
3.14 	 0.21932738568380986 
3.16 	 0.21663842701589475 
3.18 	 0.2118986945083184 
3.2 	 0.20631876050847536 
3.22 	 0.19984748338727434 
3.24 	 0.19391900744963897 
3.26 	 0.18852362043310106 
3.28 	 0.18470844739015083 
3.3 	 0.18250870345347925 
3.32 	 0.18220849499113012 
3.34 	 0.18388317910217225 
3.36 	 0.18701961086293564 
3.38 	 0.19176627635122873 
3.4 	 0.19704077612327645 
3.42 	 0.20308975975354562 
3.44 	 0.20862815368033566 
3.46 	 0.21396195809349788 
3.48 	 0.21799918865164905 
3.5 	 0.2210107409280597 
3.52 	 0.22241134976711233 
3.54 	 0.22235314117782068 
3.56 	 0.22088805287185048 
3.58 	 0.21804029477996334 
3.6 	 0.21440467370161292 
3.62 	 0.20995222110128378 
3.64 	 0.2055497855768593 
3.66 	 0.2012323580681715 
3.68 	 0.19780343710495416 
3.7 	 0.19547547552689426 
3.72 	 0.19469394815237803 
3.74 	 0.195944645120607 
3.76 	 0.19910187673921162 
3.78 	 0.20501897447305137 
3.8 	 0.2128461051351068 
3.82 	 0.22391759151437876 
3.84 	 0.2365323220299699 
3.86 	 0.25263932188734023 
3.88 	 0.2695816832584835 
3.9 	 0.29004405985361814 
3.92 	 0.31036936604562404 
3.94 	 0.33402201112474544 
3.96 	 0.3564219247210148 
3.98 	 0.3817071809178895 
4.0 	 0.4046335492922337 
4.02 	 0.4297047206093598 
4.04 	 0.4514862867136114 
4.06 	 0.4743355618162825 
4.08 	 0.49329912369250467 
4.1 	 0.5119368997399776 
4.12 	 0.5265539773778968 
4.14 	 0.5392560463859251 
4.16 	 0.5483243985357215 
4.18 	 0.5539273627719559 
4.2 	 0.556773218714758 
4.22 	 0.5549586417366323 
4.24 	 0.551626240589397 
4.26 	 0.5431145452629189 
4.28 	 0.5344977481662511 
4.3 	 0.5210762181891381 
4.32 	 0.5089304816307949 
4.34 	 0.49325225879729273 
4.36 	 0.48000552047448836 
4.38 	 0.4651302906423423 
4.4 	 0.45344243977549653 
4.42 	 0.44219296774967537 
4.44 	 0.4343539327182137 
4.46 	 0.4287066108439875 
4.48 	 0.42611564579404393 
4.5 	 0.4268561298728703 
4.52 	 0.4297900826923389 
4.54 	 0.43649227090790577 
4.56 	 0.44418032874500607 
4.58 	 0.455413912858672 
4.6 	 0.46631334403360375 
4.62 	 0.4799811210068093 
4.64 	 0.49214992352676956 
4.66 	 0.5059037605632808 
4.68 	 0.517395882750008 
4.7 	 0.529081983385521 
4.72 	 0.5382994768039467 
4.74 	 0.5463505189297853 
4.76 	 0.5522897571643992 
4.78 	 0.5559638886027571 
4.8 	 0.5583074042321542 
4.82 	 0.5577005111656378 
4.84 	 0.5567354751456306 
4.86 	 0.5525618471444297 
4.88 	 0.5489503712782462 
4.9 	 0.5421739023836283 
4.92 	 0.5366522248731775 
4.94 	 0.5281132622483413 
4.96 	 0.5212293229583762 
4.98 	 0.5114061065990368 
5.0 	 0.50338425122552 
5.02 	 0.4923484388075977 
5.04 	 0.48310239157630774 
5.06 	 0.4706360907894814 
5.08 	 0.45989340254787153 
5.1 	 0.44570083253898324 
5.12 	 0.4331978092864066 
5.14 	 0.41717133384654315 
5.16 	 0.40290604477169695 
5.18 	 0.38542917505389507 
5.2 	 0.36995578212410607 
5.22 	 0.3521763026225728 
5.24 	 0.3368363815719166 
5.26 	 0.3207284507309854 
5.28 	 0.307597585646839 
5.3 	 0.2956119142712321 
5.32 	 0.28700656116863704 
5.34 	 0.28136898837837376 
5.36 	 0.27910781100144705 
5.38 	 0.281153137064983 
5.4 	 0.28600155128370625 
5.42 	 0.2958559994591227 
5.44 	 0.3073697888593843 
5.46 	 0.32395612748472036 
5.48 	 0.3406309507675201 
5.5 	 0.36184005558492316 
5.52 	 0.3814109606448842 
5.54 	 0.4043744055943423 
5.56 	 0.424181048575371 
5.58 	 0.4456569355850231 
5.6 	 0.46303371299923646 
5.62 	 0.47990265442063545 
5.64 	 0.49255676071860877 
5.66 	 0.5023663299627003 
5.68 	 0.5087098921913502 
5.7 	 0.5101653861845239 
5.72 	 0.5095831666564116 
5.74 	 0.5028826285056424 
5.76 	 0.49592358158190447 
5.78 	 0.4828495752554104 
5.8 	 0.47128902945562196 
5.82 	 0.45495372633419184 
5.84 	 0.44157337290110454 
5.86 	 0.42570739391741913 
5.88 	 0.41362685409051597 
5.9 	 0.4015087567633928 
5.92 	 0.39322474477067354 
5.94 	 0.38676243854896725 
5.96 	 0.3834641365070374 
5.98 	 0.3829426632282654 
6.0 	 0.38446768194863623 
6.02 	 0.3888764561639994 
6.04 	 0.3940800708736694 
6.06 	 0.401576019392391 
6.08 	 0.40873773923203555 
6.1 	 0.41700552894051585 
6.12 	 0.42413330996362586 
6.14 	 0.4306665898427849 
6.16 	 0.43572843279461276 
6.18 	 0.43811293061547085 
6.2 	 0.43924158785447825 
6.22 	 0.4354657453958921 
6.24 	 0.4311544817517389 
6.26 	 0.41992720620536284 
6.28 	 0.40923429950100143 
6.3 	 0.3902960492374484 
6.32 	 0.3731089713353712 
6.34 	 0.3475530558899199 
6.36 	 0.32496963549420427 
6.38 	 0.29550864207645305 
6.4 	 0.27017265535687035 
6.42 	 0.24088045068219335 
6.44 	 0.21654283277461311 
6.46 	 0.19138219301078527 
6.48 	 0.17119811950582278 
6.5 	 0.15212984547238392 
6.52 	 0.1371950755769614 
6.54 	 0.12388849662245766 
6.56 	 0.1135247873842779 
6.58 	 0.1045235061737743 
6.6 	 0.0974133168258721 
6.62 	 0.09123071587334228 
6.64 	 0.08622138844922524 
6.66 	 0.08182547588126783 
6.68 	 0.07820757513900854 
6.7 	 0.07506168480804795 
6.72 	 0.0725132906314257 
6.74 	 0.07040254572919137 
6.76 	 0.06879862167086595 
6.78 	 0.06761714226713064 
6.8 	 0.06685572377570788 
6.82 	 0.06647115563166725 
6.84 	 0.06639910283578102 
6.86 	 0.06663118356979848 
6.88 	 0.06706854794160651 
6.9 	 0.06774328450521729 
6.92 	 0.06854765188980452 
6.94 	 0.06955700653667828 
6.96 	 0.07066317098890883 
6.98 	 0.0719782665850733 
7.0 	 0.07338305807264202 
7.02 	 0.07501323511464202 
7.04 	 0.0767195811011131 
7.06 	 0.07864852118619106 
7.08 	 0.08060892101529245 
7.1 	 0.0827509838159214 
7.12 	 0.08484692141996678 
7.14 	 0.08705015849709398 
7.16 	 0.08911840262760438 
7.18 	 0.09121031357534572 
7.2 	 0.09309793855972565 
7.22 	 0.09494461315725577 
7.24 	 0.0965580582430758 
7.26 	 0.0980996049431949 
7.28 	 0.09941684250094636 
7.3 	 0.10065603738340755 
7.32 	 0.10169345436616885 
7.34 	 0.10264428374020947 
7.36 	 0.10339980819119364 
7.38 	 0.10403099260466046 
7.4 	 0.10444355330310143 
7.42 	 0.10465929955475568 
7.44 	 0.1046175467512244 
7.46 	 0.10429659106856053 
7.48 	 0.10370004846128464 
7.5 	 0.10277763565568929 
7.52 	 0.101620349795288 
7.54 	 0.1001694234470649 
7.56 	 0.09860021144760782 
7.58 	 0.09686507049508433 
7.6 	 0.09518862120797804 
7.62 	 0.09354855013883656 
7.64 	 0.092161935881685 
7.66 	 0.09103909529080527 
7.68 	 0.09033046537546457 
7.7 	 0.09008179192974614 
7.72 	 0.09033188075594335 
7.74 	 0.09116374737783202 
7.76 	 0.09248055504780073 
7.78 	 0.09440490782151853 
7.8 	 0.09670153418617407 
7.82 	 0.09953390428823264 
7.84 	 0.10254657444542623 
7.86 	 0.10594095047821349 
7.88 	 0.10928172866346375 
7.9 	 0.11279816453354043 
7.92 	 0.11603501378360538 
7.94 	 0.11923105254534391 
7.96 	 0.12197938400133275 
7.98 	 0.12450340673969089 
8.0 	 0.12650200092632857 
8.02 	 0.1281556346777287 
8.04 	 0.12929751909087456 
8.06 	 0.13003958478320507 
8.08 	 0.1303442070726692 
8.1 	 0.13023539677652018 
8.12 	 0.12977865653957016 
8.14 	 0.12890084693163617 
8.16 	 0.12774561251690125 
8.18 	 0.1261466332133224 
8.2 	 0.12431669213797117 
8.22 	 0.12201394029768939 
8.24 	 0.11952475276940815 
8.26 	 0.11655960494689908 
8.28 	 0.11347982731802303 
8.3 	 0.10997917843621534 
8.32 	 0.10647568553735354 
8.34 	 0.10267217905369387 
8.36 	 0.09900253542300226 
8.38 	 0.09519379058061529 
8.4 	 0.0916456525625614 
8.42 	 0.08811419410515736 
8.44 	 0.08492585171110216 
8.46 	 0.08186538157086813 
8.48 	 0.07917082031195627 
8.5 	 0.07665533715008724 
8.52 	 0.07447699976467251 
8.54 	 0.0724790345025136 
8.56 	 0.0707614229860311 
8.58 	 0.06919966098847194 
8.6 	 0.06785916748260164 
8.62 	 0.06664841656118423 
8.64 	 0.06561544898865111 
8.66 	 0.06469989204513206 
8.68 	 0.06394036635237912 
8.7 	 0.0633034185107604 
8.72 	 0.06281784665106842 
8.74 	 0.06247104565588931 
8.76 	 0.06227605055253129 
8.78 	 0.06223375095789492 
8.8 	 0.06233362611675059 
8.82 	 0.06258208749747955 
8.84 	 0.06293959479920269 
8.86 	 0.06341056957998414 
8.88 	 0.06392758316584249 
8.9 	 0.0644874328683633 
8.92 	 0.06500563260843173 
8.94 	 0.06546876580509792 
8.96 	 0.06579572995356585 
8.98 	 0.06596362054615273 
9.0 	 0.06591993812721533 
9.02 	 0.06563547692384834 
9.04 	 0.06510752482012033 
9.06 	 0.06430452736184623 
9.08 	 0.06328172883594362 
9.1 	 0.06200810653643641 
9.12 	 0.060588021508053924 
9.14 	 0.058991798580903775 
9.16 	 0.05735090122704166 
9.18 	 0.05563639096106637 
9.2 	 0.05398119493901992 
9.22 	 0.05235704606611116 
9.24 	 0.05087853016908385 
9.26 	 0.049520314141661574 
9.28 	 0.048368937217098645 
9.3 	 0.04740665610494356 
9.32 	 0.046690441371246734 
9.34 	 0.04621535770818876 
9.36 	 0.04601010575693468 
9.38 	 0.0460858156512932 
9.4 	 0.04644198298405771 
9.42 	 0.04710545325848843 
9.44 	 0.04804125793650546 
9.46 	 0.04928817406408983 
9.48 	 0.050769038242490606 
9.5 	 0.05252917493433313 
9.52 	 0.054444222024992016 
9.54 	 0.056561373772662946 
9.56 	 0.0587132815995071 
9.58 	 0.06094636206697778 
9.6 	 0.06306828886551503 
9.62 	 0.06512381724047483 
9.64 	 0.066926786644417 
9.66 	 0.06852001798140914 
9.68 	 0.06976022465923049 
9.7 	 0.07068775350487264 
9.72 	 0.07123181627061413 
9.74 	 0.07142924836787501 
9.76 	 0.07129217476580851 
9.78 	 0.07085233736412969 
9.8 	 0.07019117187219387 
9.82 	 0.06933323307964404 
9.84 	 0.06839753197176952 
9.86 	 0.06739964271332738 
9.88 	 0.06645966348148219 
9.9 	 0.06558446259692624 
9.92 	 0.06486693323133758 
9.94 	 0.06430893562756199 
9.96 	 0.0639618876401233 
9.98 	 0.0638290657947529 
10.0 	 0.06391802207407944 
10.02 	 0.06423994123404356 
10.04 	 0.06476209116756693 
10.06 	 0.0655072722313333 
10.08 	 0.0664072717760611 
10.1 	 0.06749599361585973 
10.12 	 0.06867450493036764 
10.14 	 0.06998326489907787 
10.16 	 0.07129904008650273 
10.18 	 0.0726613393815653 
10.2 	 0.07393358706416028 
10.22 	 0.07514539005486288 
10.24 	 0.0761645860763155 
10.26 	 0.07700258838913009 
10.28 	 0.07755614829062517 
10.3 	 0.07781358415937475 
10.32 	 0.07772780894592218 
10.34 	 0.07726492917754868 
10.36 	 0.07645560322580092 
10.38 	 0.07525064761112685 
10.4 	 0.07376407470458816 
10.42 	 0.07194127897399186 
10.44 	 0.0699627552479751 
10.46 	 0.06777603919896236 
10.48 	 0.06559166771943571 
10.5 	 0.06336085806019043 
10.52 	 0.061280950788488546 
10.54 	 0.059303423075072886 
10.56 	 0.057578469033621425 
10.58 	 0.05605451919626937 
10.6 	 0.05482035364098963 
10.62 	 0.053822846005979724 
10.64 	 0.053094913609251844 
10.66 	 0.05258867961052654 
10.68 	 0.05229861907469037 
10.7 	 0.05219062319400396 
10.72 	 0.052239583040544484 
10.74 	 0.05243060518534338 
10.76 	 0.05273135613163448 
10.78 	 0.053145618919650944 
10.8 	 0.053636901295213174 
10.82 	 0.05422141646985317 
10.84 	 0.0548548393349152 
10.86 	 0.05555675717390113 
10.88 	 0.05627059074705108 
10.9 	 0.05701122313359758 
10.92 	 0.05771084802652871 
10.94 	 0.05837537355771339 
10.96 	 0.05893540029860813 
10.98 	 0.059388200106030464 
11.0 	 0.05967928064716817 
11.02 	 0.05980105641719901 
11.04 	 0.059731127749900956 
11.06 	 0.05946200901226013 
11.08 	 0.05901353867971534 
11.1 	 0.058382244161860566 
11.12 	 0.05762816312392729 
11.14 	 0.056753471899734564 
11.16 	 0.055844511395705274 
11.18 	 0.05490863381397266 
11.2 	 0.054038030127897034 
11.22 	 0.053243785647952374 
11.24 	 0.052603637406760995 
11.26 	 0.05213104522856466 
11.28 	 0.051873567863945536 
11.3 	 0.05184598845391831 
11.32 	 0.052055756594013645 
11.34 	 0.052517924811852384 
11.36 	 0.053195552906895566 
11.38 	 0.05410295579981506 
11.4 	 0.05516089283267403 
11.42 	 0.056382734045031635 
11.44 	 0.057657166239014485 
11.46 	 0.05899796663393139 
11.48 	 0.06028072745115762 
11.5 	 0.06152224894237158 
11.52 	 0.06260947546822229 
11.54 	 0.06356440720168695 
11.56 	 0.06430764528735063 
11.58 	 0.06486590673451487 
11.6 	 0.06520514967869277 
11.62 	 0.06535274599733082 
11.64 	 0.06531748407996803 
11.66 	 0.06512176176168674 
11.68 	 0.06480479720449678 
11.7 	 0.06438149293188117 
11.72 	 0.0639083146430883 
11.74 	 0.06339749845349425 
11.76 	 0.0629147981160253 
11.78 	 0.06248158847984033 
11.8 	 0.06216747979900197 
11.82 	 0.062015341591659036 
11.84 	 0.062086447893040686 
11.86 	 0.06244929232435622 
11.88 	 0.06313066114148347 
11.9 	 0.06421621467119752 
11.92 	 0.06566147320461205 
11.94 	 0.06755223641906793 
11.96 	 0.06974074889048498 
11.98 	 0.07229624664518425 
12.0 	 0.07496142602056438 
12.02 	 0.07777808589885131 
12.04 	 0.08041489569397886 
12.06 	 0.08287914392379553 
12.08 	 0.0848439562154674 
12.1 	 0.08627425900932842 
12.12 	 0.08694957232750772 
12.14 	 0.08678506221858431 
12.16 	 0.08575503907752942 
12.18 	 0.08372619734021644 
12.2 	 0.08090321184050073 
12.22 	 0.07712071533450322 
12.24 	 0.07277681348999929 
12.26 	 0.06770103893903069 
12.28 	 0.06238975207537573 
12.3 	 0.0566913760688488 
12.32 	 0.051089110513282555 
12.34 	 0.0454606045322259 
12.36 	 0.04019268249408058 
12.38 	 0.03518894530381954 
12.4 	 0.030706432861935553 
12.42 	 0.026665324585275547 
12.44 	 0.023202585410106735 
12.46 	 0.020246844312356838 
12.48 	 0.017846683896382755 
12.5 	 0.01593557637751046 
12.52 	 0.014508157175069992 
12.54 	 0.013503290328619242 
12.56 	 0.012888596456180387 
12.58 	 0.012610969621640166 
12.6 	 0.012628070652969435 
12.62 	 0.012897550921331855 
12.64 	 0.013376126310046466 
12.66 	 0.014034059161851496 
12.68 	 0.014831219188178578 
12.7 	 0.015751533989981758 
12.72 	 0.016759861963715275 
12.74 	 0.01785444031031254 
12.76 	 0.019005919778772987 
12.78 	 0.020227009903432187 
12.8 	 0.021493576887448056 
12.82 	 0.02283178625339892 
12.84 	 0.02421959126150917 
12.86 	 0.02569371857511993 
12.88 	 0.02722794634749467 
12.9 	 0.028864996555986296 
12.92 	 0.030566269157967625 
12.94 	 0.03237567006463806 
12.96 	 0.03423504576009816 
12.98 	 0.036186262802106337 
13.0 	 0.038148824188852105 
13.02 	 0.040161721879486106 
13.04 	 0.04212558876481858 
13.06 	 0.044077053681759217 
13.08 	 0.04590704738512263 
13.1 	 0.04764952380876699 
13.12 	 0.049198202965853095 
13.14 	 0.05058171968265951 
13.16 	 0.051709860681805185 
13.18 	 0.052601525721240966 
13.2 	 0.0531950539418696 
13.22 	 0.05349587581019431 
13.24 	 0.0534815513440281 
13.26 	 0.05314362168861342 
13.28 	 0.05250590538114318 
13.3 	 0.051549752732540706 
13.32 	 0.050345605095535546 
13.34 	 0.04887061517730995 
13.36 	 0.04723290656034589 
13.38 	 0.045410377643780794 
13.4 	 0.04353107116535227 
13.42 	 0.041575009823966835 
13.44 	 0.03966834796766123 
13.46 	 0.03779120149393339 
13.48 	 0.03604909771758584 
13.5 	 0.03441939988819824 
13.52 	 0.03297689826513065 
13.54 	 0.03169543479258131 
13.56 	 0.030618761230407472 
13.58 	 0.029719496978103176 
13.6 	 0.029016764120796262 
13.62 	 0.028485901992116702 
13.64 	 0.028129543723739103 
13.66 	 0.027928795833701583 
13.68 	 0.02787562770247687 
13.7 	 0.027957309337278486 
13.72 	 0.028157297513869566 
13.74 	 0.02846694246956068 
13.76 	 0.028861118797803 
13.78 	 0.029332522037024637 
13.8 	 0.029848039472839455 
13.82 	 0.03040041351721821 
13.84 	 0.030952024138188334 
13.86 	 0.03149664895092709 
13.88 	 0.03199850331567148 
13.9 	 0.03245475950800731 
13.92 	 0.0328383604882666 
13.94 	 0.033151690192239694 
13.96 	 0.033380791615353365 
13.98 	 0.03353304631765648 
14.0 	 0.0336076753627631 
14.02 	 0.03361476372312552 
14.04 	 0.033563096028703394 
14.06 	 0.03346239877085947 
14.08 	 0.033326060238032314 
14.1 	 0.03316128348121619 
14.12 	 0.03298213580798437 
14.14 	 0.03279293874162178 
14.16 	 0.03260658009676772 
14.18 	 0.03242570436204402 
14.2 	 0.03226174725643575 
14.22 	 0.03211747164864264 
14.24 	 0.032002981883609026 
14.26 	 0.03192255443363762 
14.28 	 0.03188444634222948 
14.3 	 0.03189483079151085 
14.32 	 0.03195847197013644 
14.34 	 0.03208255281369451 
14.36 	 0.03226558381936886 
14.38 	 0.032513564593644684 
14.4 	 0.03281538686048867 
14.42 	 0.0331726306586474 
14.44 	 0.033561803836447496 
14.46 	 0.03397660059785109 
14.48 	 0.03438097723096957 
14.5 	 0.03475847642200874 
14.52 	 0.03506517277465006 
14.54 	 0.03527500046693711 
14.56 	 0.035346722254672835 
14.58 	 0.03524891329325179 
14.6 	 0.03495771415647135 
14.62 	 0.03444360626357381 
14.64 	 0.03371377311414845 
14.66 	 0.03274832467742774 
14.68 	 0.03159144589413842 
14.7 	 0.03023741328281538 
14.72 	 0.02876127142533078 
14.74 	 0.027169989133078744 
14.76 	 0.025552514044715296 
14.78 	 0.023921111055441906 
14.8 	 0.02235780893935478 
14.82 	 0.02087039813976511 
14.84 	 0.01951792162353175 
14.86 	 0.018296518612801207 
14.88 	 0.017236227742029254 
14.9 	 0.016320119203513773 
14.92 	 0.015553023223764057 
14.94 	 0.014908923844434265 
14.96 	 0.014376857603125391 
14.98 	 0.01392816673749334 
15.0 	 0.013546205623654039 
15.02 	 0.013205404767912609 
15.04 	 0.012891018350142383 
15.06 	 0.012583926252960655 
15.08 	 0.012275439790825304 
15.1 	 0.01195398125024606 
15.12 	 0.011618343855931709 
15.14 	 0.011264279306539993 
15.16 	 0.010897836283655794 
15.18 	 0.010521344670310625 
15.2 	 0.010146863276083159 
15.22 	 0.009782100910862668 
15.24 	 0.00944291986261826 
15.26 	 0.009140397054080818 
15.28 	 0.008890922123628893 
15.3 	 0.008705880533879707 
15.32 	 0.008598062532418967 
15.34 	 0.00857540685360426 
15.36 	 0.008642903959189659 
15.38 	 0.00880160193310117 
15.4 	 0.009045648252221785 
15.42 	 0.009367375347119171 
15.44 	 0.009749520770503929 
15.46 	 0.010176500863368047 
15.48 	 0.010622406898965655 
15.5 	 0.011067286233688177 
15.52 	 0.011482465709013876 
15.54 	 0.011848907869672468 
15.56 	 0.012142582219315096 
15.58 	 0.012350532462985418 
15.6 	 0.012459712988964776 
15.62 	 0.012466365910280552 
15.64 	 0.012371259778338525 
15.66 	 0.012179790693781709 
15.68 	 0.011904866066271919 
15.7 	 0.011558069223273577 
15.72 	 0.011159307065002701 
15.74 	 0.010721902681182432 
15.76 	 0.010266593121316081 
15.78 	 0.009804381754211292 
15.8 	 0.009352059093882169 
15.82 	 0.00891599547522805 
15.84 	 0.008506891157119882 
15.86 	 0.00812623365718046 
15.88 	 0.007778929968549998 
15.9 	 0.007462803569256886 
15.92 	 0.007178654198355259 
15.94 	 0.00692238508832947 
15.96 	 0.006692648960920437 
15.98 	 0.00648495278854448 
16.0 	 0.006297352149827726 
16.02 	 0.0061259413702821845 
16.04 	 0.005969118461496127 
16.06 	 0.005824022773259651 
16.08 	 0.00568980876818335 
16.1 	 0.0055647421304895394 
16.12 	 0.0054487867174314655 
16.14 	 0.005341191695135707 
16.16 	 0.005242572950071993 
16.18 	 0.005152916896312642 
16.2 	 0.005073245441089755 
16.22 	 0.0050040229251942904 
16.24 	 0.004946429400059354 
16.26 	 0.004901188257648712 
16.28 	 0.004869432117412091 
16.3 	 0.004851984811012234 
16.32 	 0.004849786894313429 
16.34 	 0.004863681765843655 
16.36 	 0.00489436589286421 
16.38 	 0.004942746407542581 
16.4 	 0.005009373779111582 
16.42 	 0.00509544790712591 
16.44 	 0.005201651595326971 
16.46 	 0.005329880723729304 
16.48 	 0.0054813069027680435 
16.5 	 0.005658914577897071 
16.52 	 0.005864484673605424 
16.54 	 0.006102085388734771 
16.56 	 0.006373524014403134 
16.58 	 0.0066831134533501995 
16.6 	 0.007031057081994446 
16.62 	 0.007420098018416836 
16.64 	 0.007846358329573195 
16.66 	 0.00830872779075592 
16.68 	 0.008796931208041458 
16.7 	 0.009304414125493694 
16.72 	 0.009813903983407464 
16.74 	 0.01031376736745275 
16.76 	 0.010782084006564718 
16.78 	 0.011204955414862062 
16.8 	 0.011561017658972375 
16.82 	 0.011838535174869531 
16.84 	 0.012022964048870455 
16.86 	 0.012108884505998577 
16.88 	 0.012093152945239934 
16.9 	 0.011978608564519893 
16.92 	 0.01177425277578549 
16.94 	 0.011490032399502352 
16.96 	 0.011143731721098143 
16.98 	 0.010748785561582626 
17.0 	 0.010325996578814244 
17.02 	 0.009887895116735067 
17.04 	 0.009452689322120922 
17.06 	 0.009028615873081665 
17.08 	 0.008627795535026503 
17.1 	 0.008252795055533347 
17.12 	 0.007908901023759228 
17.14 	 0.007593650300141993 
17.16 	 0.007306945599877825 
17.18 	 0.007043254311396599 
17.2 	 0.006799648094831186 
17.22 	 0.006569882237808316 
17.24 	 0.006350764864740502 
17.26 	 0.0061372879313211105 
17.28 	 0.00592778837543276 
17.3 	 0.005719527121965191 
17.32 	 0.005513015256407566 
17.34 	 0.005307772240392667 
17.36 	 0.005106060027919087 
17.38 	 0.004908856158444219 
17.4 	 0.004719127226166886 
17.42 	 0.004538218277956789 
17.44 	 0.004368720137106261 
17.46 	 0.004211471472256285 
17.48 	 0.004068027263767229 
17.5 	 0.00393835071959637 
17.52 	 0.003822868592281704 
17.54 	 0.00372079486068134 
17.56 	 0.0036317627656565535 
17.58 	 0.0035546434983121 
17.6 	 0.0034887689982004734 
17.62 	 0.0034331021393697956 
17.64 	 0.0033870922189618395 
17.66 	 0.003350091241983842 
17.68 	 0.0033218973372760416 
17.7 	 0.003302359439843591 
17.72 	 0.0032916549468718433 
17.74 	 0.0032900625000739036 
17.76 	 0.003297996259151154 
17.78 	 0.0033159521658844837 
17.8 	 0.0033442981260238783 
17.82 	 0.003383419779153109 
17.84 	 0.0034332580077354904 
17.86 	 0.0034936981978346024 
17.88 	 0.003563859606560775 
17.9 	 0.003642778497576493 
17.92 	 0.003728483825535194 
17.94 	 0.0038190015426795023 
17.96 	 0.003911287282965467 
17.98 	 0.004002511741517775 
18.0 	 0.004088952625559777 
18.02 	 0.004167415733229824 
18.04 	 0.0042342091033553166 
18.06 	 0.00428645060494055 
18.08 	 0.004321256871900873 
18.1 	 0.004336646318289783 
18.12 	 0.004331076825829607 
18.14 	 0.004303715445717559 
18.16 	 0.00425445011252889 
18.18 	 0.004183447000388714 
18.2 	 0.004091730603026057 
18.22 	 0.0039801102407213 
18.24 	 0.0038503528967000346 
18.26 	 0.0037036499338916192 
18.28 	 0.0035422972742364034 
18.3 	 0.0033678710864732905 
18.32 	 0.0031832137958026584 
18.34 	 0.0029904457046750622 
18.36 	 0.0027929907778266494 
18.38 	 0.0025935382090508307 
18.4 	 0.0023958699436591687 
18.42 	 0.0022029172287760385 
18.44 	 0.0020182590174617774 
18.46 	 0.0018444454385842704 
18.48 	 0.0016841597649117786 
18.5 	 0.001538948119552838 
18.52 	 0.0014101125111087652 
18.54 	 0.0012978901523755084 
18.56 	 0.001202150695868545 
18.58 	 0.0011219595008610602 
18.6 	 0.00105611796692722 
18.62 	 0.0010029799018528 
18.64 	 0.0009608439639165199 
18.66 	 0.0009278911482721736 
18.68 	 0.0009024350431274436 
18.7 	 0.0008828909401794461 
18.72 	 0.000867905389848992 
18.74 	 0.0008563184461700288 
18.76 	 0.0008472094968262405 
18.78 	 0.0008398495747617346 
18.8 	 0.000833703907279988 
18.82 	 0.0008283861917674538 
18.84 	 0.0008236512182224471 
18.86 	 0.0008193654869449167 
18.88 	 0.0008155141420716553 
18.9 	 0.0008122030384798201 
18.92 	 0.0008097003877384295 
18.94 	 0.0008084909899410273 
18.96 	 0.0008093751167164197 
18.98 	 0.0008136052258919945 
19.0 	 0.0008230634049836307 
19.02 	 0.0008405143438587574 
19.04 	 0.0008698567199873876 
19.06 	 0.0009165066616044785 
19.08 	 0.0009876364945812025 
19.1 	 0.0010926538227661296 
19.12 	 0.00124317188742346 
19.14 	 0.0014535189973034397 
19.16 	 0.0017399039735657533 
19.18 	 0.0021210518667884558 
19.2 	 0.0026155898459006197 
19.22 	 0.0032435980560636957 
19.24 	 0.004020509380315718 
19.26 	 0.004961979858132279 
19.28 	 0.006071357788249588 
19.3 	 0.007352826833471297 
19.32 	 0.008787824144097914 
19.34 	 0.01036384235571174 
19.36 	 0.012034101458107387 
19.38 	 0.01376930458861989 
19.4 	 0.01549660460244175 
19.42 	 0.0171763275695578 
19.44 	 0.018722723469468707 
19.46 	 0.020096984722319453 
19.48 	 0.021222218848666007 
19.5 	 0.022072501038925916 
19.52 	 0.02260246493634144 
19.54 	 0.02280738719006867 
19.56 	 0.02268726228415412 
19.58 	 0.022260230299184888 
19.6 	 0.02157033900692149 
19.62 	 0.020653282876118218 
19.64 	 0.019581913965286267 
19.66 	 0.018399692547879074 
19.68 	 0.017187045971257534 
19.7 	 0.015985168435540462 
19.72 	 0.014864317399485466 
19.74 	 0.013856974002702546 
19.76 	 0.01301435572626249 
19.78 	 0.012358816505053287 
19.8 	 0.01192202202306697 
19.82 	 0.011718583202543714 
19.84 	 0.011764218657890598 
19.86 	 0.012069481159907554 
19.88 	 0.01263734266907924 
19.9 	 0.013477296794877528 
19.92 	 0.014579726560765087 
19.94 	 0.015954724070314754 
19.96 	 0.017576744061624728 
19.98 	 0.0194571090321104 
20.0 	 0.0215485642093176 
20.02 	 0.02386371871501071 
20.04 	 0.026327401854559927 
20.06 	 0.02895310084611796 
20.08 	 0.031634068417832124 
20.1 	 0.03438373532327381 
20.12 	 0.03706655438960695 
20.14 	 0.03969463037937901 
20.16 	 0.04211652713597814 
20.18 	 0.044342013741422846 
20.2 	 0.046227746310858964 
20.22 	 0.04778112601628014 
20.24 	 0.04889742858519615 
20.26 	 0.04958293725088849 
20.28 	 0.049798420330103295 
20.3 	 0.04955093214141813 
20.32 	 0.048878139453768406 
20.34 	 0.04778872237176248 
20.36 	 0.046386658814317874 
20.38 	 0.04468034252007144 
20.4 	 0.04281119053719771 
20.42 	 0.04078258132494437 
20.44 	 0.03873863419218062 
20.46 	 0.036672561540307166 
20.48 	 0.03470422330004484 
20.5 	 0.03281439242399864 
20.52 	 0.031086766114487168 
20.54 	 0.029491928978869368 
20.56 	 0.028079409517062944 
20.58 	 0.026815330855915122 
20.6 	 0.025724757017582436 
20.62 	 0.02477593443114151 
20.64 	 0.02398040332202143 
20.66 	 0.02331356819887517 
20.68 	 0.022781517584689548 
20.7 	 0.022369029758332742 
20.72 	 0.022080413229005634 
20.74 	 0.021909018414386562 
20.76 	 0.021856829654614482 
20.78 	 0.021922462894265343 
20.8 	 0.022102033228129703 
20.82 	 0.022394692515861236 
20.84 	 0.0227861523345049 
20.86 	 0.023271560739368424 
20.88 	 0.023823294165840184 
20.9 	 0.024429941515944464 
20.92 	 0.025051689426511495 
20.94 	 0.02567121128058831 
20.96 	 0.026242906453696608 
20.98 	 0.0267472772156511 
21.0 	 0.02714345422130242 
21.02 	 0.02741509018713727 
21.04 	 0.027537204632133983 
21.06 	 0.02750122824032782 
21.08 	 0.027305461383036925 
21.1 	 0.02695110902934869 
21.12 	 0.026460301296947646 
21.14 	 0.0258426665950136 
21.16 	 0.025137823098601502 
21.18 	 0.024359882882827907 
21.2 	 0.02355562756855685 
21.22 	 0.022738862251739395 
21.24 	 0.021953280296885952 
21.26 	 0.021208502175238588 
21.28 	 0.02053798456524263 
21.3 	 0.01994516991675534 
21.32 	 0.019450175653491854 
21.34 	 0.01905014165224148 
21.36 	 0.018752055252550793 
21.38 	 0.018547900033082036 
21.4 	 0.01843375378778395 
21.42 	 0.01839822806803622 
21.44 	 0.01842970147022011 
21.46 	 0.018515447360410362 
21.48 	 0.01863979137573381 
21.5 	 0.018790752233463947 
21.52 	 0.01895233231531115 
21.54 	 0.019115217701054833 
21.56 	 0.019266429156246885 
21.58 	 0.01940072838626866 
21.6 	 0.01951043466408702 
21.62 	 0.01959484189997918 
21.64 	 0.019652148288291003 
21.66 	 0.019685394865142473 
21.68 	 0.019697350363333286 
21.7 	 0.019692905157273545 
21.72 	 0.019676737451502963 
21.74 	 0.019653204440451745 
21.76 	 0.0196260042736145 
21.78 	 0.019596977624260697 
21.8 	 0.01956691577862364 
21.82 	 0.01953426719437148 
21.84 	 0.019496657527273174 
21.86 	 0.019449602111115537 
21.88 	 0.01938896222765958 
21.9 	 0.01930886528632025 
21.92 	 0.019205889366843743 
21.94 	 0.01907488850526261 
21.96 	 0.018915847507998226 
21.98 	 0.018726424993716923 
22.0 	 0.018511977190011297 
22.02 	 0.01827439069660313 
22.04 	 0.018024833161804414 
22.06 	 0.01776965968787822 
22.08 	 0.017524363068662036 
22.1 	 0.017298613232998573 
22.12 	 0.017109073520721243 
22.14 	 0.016966515468240396 
22.16 	 0.016884883056517058 
22.18 	 0.016873617611354978 
22.2 	 0.016940538454987396 
22.22 	 0.017092034508500685 
22.24 	 0.017327773775057134 
22.26 	 0.017650551220800708 
22.28 	 0.018051406891695786 
22.3 	 0.01852997129754849 
22.32 	 0.019069319724069538 
22.34 	 0.019666733204393255 
22.36 	 0.020298686357229756 
22.38 	 0.020960905060767816 
22.4 	 0.021625313997078385 
22.42 	 0.02228691676660594 
22.44 	 0.022916140283568726 
22.46 	 0.023508426436925415 
22.48 	 0.02403681342029672 
22.5 	 0.024498699066774206 
22.52 	 0.0248741737574787 
22.54 	 0.025163999040952078 
22.56 	 0.025358692692804965 
22.58 	 0.025462973045551566 
22.6 	 0.02547878291886014 
22.62 	 0.025414159307787888 
22.64 	 0.025280706599509026 
22.66 	 0.025088132081744464 
22.68 	 0.024853992126302724 
22.7 	 0.02458776986312922 
22.72 	 0.0243088401762452 
22.74 	 0.024025179265357348 
22.76 	 0.023754787439743914 
22.78 	 0.023503929913631184 
22.8 	 0.02328753916118304 
22.82 	 0.023110903427675314 
22.84 	 0.022985362584205044 
22.86 	 0.022916300126485992 
22.88 	 0.022911289910561305 
22.9 	 0.0229765424260795 
22.92 	 0.023115302692031627 
22.94 	 0.023334601524844092 
22.96 	 0.023632124818067875 
22.98 	 0.024015002994754054 
23.0 	 0.02447372517210692 
23.02 	 0.02501443972373494 
23.04 	 0.02561904432892352 
23.06 	 0.02629175064485834 
23.08 	 0.027005539034855832 
23.1 	 0.02776231472412204 
23.12 	 0.02852765006586524 
23.14 	 0.02930166526981497 
23.16 	 0.030046264410988014 
23.18 	 0.03076123146599457 
23.2 	 0.031410439688763205 
23.22 	 0.03199540219057058 
23.24 	 0.03248827093380731 
23.26 	 0.032894382554996125 
23.28 	 0.03319932355308741 
23.3 	 0.03341375513980523 
23.32 	 0.033538997050881564 
23.34 	 0.03359155783208408 
23.36 	 0.033587089240637295 
23.38 	 0.033547451506218136 
23.4 	 0.033497812591468196 
23.42 	 0.03346406440636659 
23.44 	 0.0334737529250119 
23.46 	 0.03355491550327996 
23.48 	 0.033729371018305025 
23.5 	 0.03402517052082322 
23.52 	 0.03445067746593581 
23.54 	 0.03503217176763754 
23.56 	 0.035758645885056034 
23.58 	 0.03665417501937539 
23.6 	 0.03768585887854565 
23.62 	 0.0388775665998758 
23.64 	 0.04017653542576717 
23.66 	 0.0416111296877805 
23.68 	 0.04311484206072015 
23.7 	 0.0447265011300121 
23.72 	 0.04637307061385017 
23.74 	 0.048107928175071334 
23.76 	 0.049855079699717246 
23.78 	 0.051681160544284926 
23.8 	 0.05350361238621533 
23.82 	 0.055394073487732044 
23.84 	 0.05725396351819448 
23.86 	 0.05914659007775182 
23.88 	 0.060949544570931484 
23.9 	 0.06270413875423202 
23.92 	 0.0642684984550364 
23.94 	 0.06565296286873942 
23.96 	 0.06671958944501445 
23.98 	 0.06744628984689482 
24.0 	 0.06773841830204401 
24.02 	 0.06754756881283142 
24.04 	 0.06686329349410916 
24.06 	 0.06562237550251654 
24.08 	 0.06392102773108653 
24.1 	 0.06169403474792262 
24.12 	 0.05913405576942472 
24.14 	 0.05618267767007239 
24.16 	 0.05308763241090626 
24.18 	 0.04979839187633618 
24.2 	 0.046563080553004885 
24.22 	 0.04333365823823308 
24.24 	 0.04031387576982345 
24.26 	 0.03745197287177856 
24.28 	 0.034886837804446014 
24.3 	 0.03256131001541924 
24.32 	 0.03055273160558885 
24.34 	 0.028802413935951014 
24.36 	 0.027342965993073468 
24.38 	 0.026120715718018456 
24.4 	 0.02514257330996057 
24.42 	 0.024365448284306677 
24.44 	 0.023784974739327547 
24.46 	 0.02337119838922763 
24.48 	 0.023116369923470857 
24.5 	 0.023003106486198067 
24.52 	 0.0230226012939152 
24.54 	 0.023167234014687982 
24.56 	 0.0234257412284203 
24.58 	 0.023796206427368825 
24.6 	 0.024261606203780203 
24.62 	 0.024821310492468676 
24.64 	 0.025449143596322485 
24.66 	 0.02614193900294852 
24.68 	 0.02686286698355496 
24.7 	 0.027604025191237846 
24.72 	 0.02832013128503144 
24.74 	 0.028998693905359696 
24.76 	 0.029592615369715962 
24.78 	 0.03008720082765865 
24.8 	 0.030443361092844567 
24.82 	 0.030647704903402986 
24.84 	 0.030678925328476454 
24.86 	 0.030527872264365857 
24.88 	 0.030196867302722814 
24.9 	 0.02968198336361008 
24.92 	 0.02900869647091963 
24.94 	 0.028177055100592457 
24.96 	 0.027229448314247288 
24.98 	 0.026167430497199606 
25.0 	 0.025041385965153807 
25.02 	 0.0238522733768483 
25.04 	 0.02265046211657786 
25.06 	 0.021435628833242116 
25.08 	 0.02025303574003786 
25.1 	 0.019101645246103225 
25.12 	 0.018019299981451638 
25.14 	 0.017005030408686242 
25.16 	 0.016088420468003933 
25.18 	 0.015268605865678506 
25.2 	 0.0145664297655076 
25.22 	 0.013980257584533869 
25.24 	 0.013521776613439987 
25.26 	 0.013187384200509217 
25.28 	 0.012979574405095931 
25.3 	 0.012892062492838073 
25.32 	 0.012918888801788642 
25.34 	 0.013051382241866237 
25.36 	 0.013276835302849038 
25.38 	 0.013585577846553351 
25.4 	 0.013960748644969677 
25.42 	 0.014393848108438318 
25.44 	 0.014866962017227843 
25.46 	 0.015375083490004276 
25.48 	 0.015902100713845266 
25.5 	 0.016448111393639088 
25.52 	 0.017000397912452024 
25.54 	 0.01756422002969216 
25.56 	 0.018129751172756167 
25.58 	 0.018705542071703433 
25.6 	 0.0192820635378236 
25.62 	 0.019867861602992178 
25.64 	 0.02045022049251932 
25.66 	 0.021034319270285515 
25.68 	 0.02160190714491792 
25.7 	 0.022152951622230934 
25.72 	 0.02266424919289606 
25.74 	 0.023131125243433973 
25.76 	 0.023529373431030814 
25.78 	 0.023852309022682903 
25.8 	 0.0240806992136939 
25.82 	 0.024209170085760158 
25.84 	 0.02422898947921856 
25.86 	 0.02413855192931303 
25.88 	 0.023942425072146282 
25.9 	 0.023643480111186402 
25.92 	 0.02325872732546051 
25.94 	 0.022794557038473058 
25.96 	 0.022276594571904652 
25.98 	 0.02171287949721593 
26.0 	 0.021132519977584207 
26.02 	 0.020543318496056735 
26.04 	 0.019973152774875304 
26.06 	 0.019428375197558613 
26.08 	 0.01893250147427821 
26.1 	 0.018490276335020983 
26.12 	 0.01811968976877888 
26.14 	 0.01782478251863776 
26.16 	 0.01761839813611539 
26.18 	 0.01750532599118052 
26.2 	 0.017494029584801986 
26.22 	 0.017591023044435977 
26.24 	 0.017800050337153425 
26.26 	 0.018128751300524215 
26.28 	 0.01857369021485588 
26.3 	 0.019141073811901575 
26.32 	 0.0198160716050468 
26.34 	 0.020599835689979282 
26.36 	 0.02146223877441578 
26.38 	 0.022396614488016203 
26.4 	 0.023356978528603484 
26.42 	 0.02432878547503927 
26.44 	 0.025255336626572807 
26.46 	 0.02611742169176527 
26.48 	 0.02685849867472332 
26.5 	 0.027460072805597844 
26.52 	 0.02787940567315973 
26.54 	 0.028104111240289706 
26.56 	 0.028116757551220714 
26.58 	 0.027914409968658155 
26.6 	 0.02750976021303573 
26.62 	 0.026909544380768407 
26.64 	 0.026152929803287286 
26.66 	 0.02525364800483756 
26.68 	 0.024267102371751507 
26.7 	 0.023209731223582095 
26.72 	 0.022140660241014878 
26.74 	 0.021074824994376767 
26.76 	 0.02006461165819246 
26.78 	 0.019120649902267688 
26.8 	 0.01828251106044644 
26.82 	 0.017555547484530375 
26.84 	 0.016964698577819258 
26.86 	 0.016510418594252816 
26.88 	 0.016203782503918275 
26.9 	 0.01604117651991354 
26.92 	 0.016021330373847835 
26.94 	 0.01613715408370242 
26.96 	 0.016376316909266896 
26.98 	 0.016728508275787275 
27.0 	 0.017171521613580133 
27.02 	 0.01769218382768744 
27.04 	 0.01826036632752537 
27.06 	 0.018861066700911887 
27.08 	 0.01945980408440868 
27.1 	 0.020041680267920758 
27.12 	 0.020573124038900444 
27.14 	 0.02104179147314975 
27.16 	 0.021420946914839492 
27.18 	 0.021702903820135618 
27.2 	 0.021872564455436456 
27.22 	 0.021927774446383535 
27.24 	 0.021867118756633965 
27.26 	 0.021693245563647406 
27.28 	 0.02141716175121952 
27.3 	 0.0210443594907157 
27.32 	 0.020594538818492627 
27.34 	 0.020073764244557802 
27.36 	 0.019505899879062465 
27.38 	 0.018895912134442076 
27.4 	 0.01826801457469461 
27.42 	 0.01762541235640642 
27.44 	 0.016990225956901688 
27.46 	 0.016364002038232118 
27.48 	 0.01576547046563875 
27.5 	 0.015194783699438283 
27.52 	 0.014666524575328495 
27.54 	 0.01417939259601787 
27.56 	 0.013743224755818769 
27.58 	 0.013354879900337912 
27.6 	 0.013019135580413716 
27.62 	 0.01273077194285934 
27.64 	 0.012489952848150162 
27.66 	 0.012289888594045856 
27.68 	 0.012127669883113758 
27.7 	 0.011996396534793967 
27.72 	 0.011892458340091155 
27.74 	 0.011810770590164554 
27.76 	 0.011749296463173482 
27.78 	 0.011706170022075803 
27.8 	 0.011681957653197548 
27.82 	 0.011677987684643567 
27.84 	 0.011696564352001395 
27.86 	 0.011740549186416283 
27.88 	 0.011811553470584876 
27.9 	 0.011911366032668234 
27.92 	 0.01203811728206947 
27.94 	 0.012190208536421119 
27.96 	 0.01236060655156791 
27.98 	 0.01254341285782388 
28.0 	 0.012726839063122714 
28.02 	 0.012901625549190674 
28.04 	 0.013053814803941624 
28.06 	 0.01317323280266767 
28.08 	 0.013247709861831509 
28.1 	 0.013269208769429448 
28.12 	 0.013231294924587087 
28.14 	 0.013130622708853908 
28.16 	 0.012968960443042191 
28.18 	 0.012748768595775414 
28.2 	 0.012480006274850804 
28.22 	 0.012170157162927393 
28.24 	 0.011834821900290947 
28.26 	 0.011484100909361373 
28.28 	 0.011135146017899647 
28.3 	 0.01079761357407817 
28.32 	 0.010486175011777607 
28.34 	 0.010207548089219132 
28.36 	 0.009971329059325044 
28.38 	 0.009780186843476308 
28.4 	 0.009637969585071366 
28.42 	 0.00954358335455941 
28.44 	 0.009495908406081556 
28.46 	 0.009491132994326353 
28.48 	 0.009524513215448869 
28.5 	 0.009590601667212274 
28.52 	 0.009682297497531996 
28.54 	 0.009793327628108832 
28.56 	 0.009915345577033531 
28.58 	 0.010041955185048515 
28.6 	 0.010164792191067744 
28.62 	 0.010278221563322873 
28.64 	 0.010375349837140729 
28.66 	 0.010452366422168515 
28.68 	 0.01050529055294148 
28.7 	 0.01053296335522071 
28.72 	 0.010535066050274931 
28.74 	 0.01051313518154693 
28.76 	 0.010470069290494058 
28.78 	 0.010409155571001753 
28.8 	 0.010335000151519783 
28.82 	 0.01025114281878843 
28.84 	 0.01016215779400916 
28.86 	 0.010070699128258725 
28.88 	 0.009980405692428179 
28.9 	 0.00989306829047011 
28.92 	 0.009811864656692093 
28.94 	 0.00973895415014474 
28.96 	 0.009678420968627212 
28.98 	 0.009634326017667548 
29.0 	 0.009612584016154644 
29.02 	 0.00961960247632331 
29.04 	 0.009662257261022128 
29.06 	 0.009747725862014495 
29.08 	 0.009880834212601185 
29.1 	 0.010066248725110898 
29.12 	 0.010302736769085148 
29.14 	 0.010589072612941704 
29.16 	 0.010915133471615344 
29.18 	 0.011272330527532166 
29.2 	 0.011641982793071702 
29.22 	 0.01200972624730648 
29.24 	 0.012352377001469548 
29.26 	 0.01265396328087068 
29.28 	 0.012893239374695421 
29.3 	 0.013057535596026673 
29.32 	 0.013133758775868894 
29.34 	 0.013116073143909574 
29.36 	 0.013003008457887696 
29.38 	 0.01279643819562577 
29.4 	 0.012506109586210724 
29.42 	 0.012139888866657997 
29.44 	 0.011715133357490522 
29.46 	 0.011242505043127696 
29.48 	 0.010742009776064071 
29.5 	 0.010223828410406465 
29.52 	 0.009706195023982494 
29.54 	 0.00919646535853802 
29.56 	 0.008708344550568674 
29.58 	 0.008245330500779784 
29.6 	 0.007815715101551607 
29.62 	 0.007419307518363789 
29.64 	 0.007059601141448787 
29.66 	 0.006733747301247149 
29.68 	 0.006441965572145135 
29.7 	 0.006180222545041878 
29.72 	 0.005947287760452969 
29.74 	 0.005739411170826054 
29.76 	 0.005555489949205728 
29.78 	 0.005393124988502931 
29.8 	 0.0052523096815268525 
29.82 	 0.005132476455176758 
29.84 	 0.005035040727553606 
29.86 	 0.004961316700179537 
29.88 	 0.004914157509094897 
29.9 	 0.004896824518845881 
29.92 	 0.0049138054134688375 
29.94 	 0.004970811677044028 
29.96 	 0.005074566611872555 
29.98 	 0.005234133070241362 
30.0 	 0.005459018617833088 
30.02 	 0.005762179847950125 
30.04 	 0.006155217268523964 
30.06 	 0.006653939165600015 
30.08 	 0.00726874337782732 
30.1 	 0.008014795896445966 
30.12 	 0.008894907993261807 
30.14 	 0.009918138176881792 
30.16 	 0.011071633833125887 
30.18 	 0.012353080712811788 
30.2 	 0.013727604099228565 
30.22 	 0.015179403527937986 
30.24 	 0.016651149763529105 
30.26 	 0.018116517410833564 
30.28 	 0.01950392794237757 
30.3 	 0.02078403284630684 
30.32 	 0.02188687346202496 
30.34 	 0.02278921295588106 
30.36 	 0.023441036577991053 
30.38 	 0.023832232875652726 
30.4 	 0.023946107512160635 
30.42 	 0.023787855497360712 
30.44 	 0.023376870384831674 
30.46 	 0.022730535145045656 
30.48 	 0.02189592685754332 
30.5 	 0.02089604290170055 
30.52 	 0.019790806424456513 
30.54 	 0.018601902893364712 
30.56 	 0.017387643418311106 
30.58 	 0.016163779362844504 
30.6 	 0.014977724595920975 
30.62 	 0.013837857201311641 
30.64 	 0.012777447821346075 
30.66 	 0.011798311053131361 
30.68 	 0.010920361838925044 
30.7 	 0.010140318228407575 
30.72 	 0.00946704801331155 
30.74 	 0.008893322975555451 
30.76 	 0.008419406834186202 
30.78 	 0.008035028727465688 
30.8 	 0.007734304664751261 
30.82 	 0.007505186964633416 
30.84 	 0.007338454719021781 
30.86 	 0.0072222693037310055 
30.88 	 0.007147242495451132 
30.9 	 0.007104150306359252 
30.92 	 0.007086390170812677 
30.94 	 0.007089376974035281 
30.96 	 0.007111154716855572 
30.98 	 0.0071525698840625125 
31.0 	 0.007216361484319984 
31.02 	 0.007307863786360544 
31.04 	 0.007432515464286323 
31.06 	 0.0075974941034446415 
31.08 	 0.007807296273018825 
31.1 	 0.00806722493681577 
31.12 	 0.0083765789823864 
31.14 	 0.008735158296029282 
31.16 	 0.009133738682943007 
31.18 	 0.009564526010601175 
31.2 	 0.010009055735253047 
31.22 	 0.01045258564673072 
31.24 	 0.010870401592254013 
31.26 	 0.011244471582864785 
31.28 	 0.011550224015512282 
31.3 	 0.01177194193143046 
31.32 	 0.011892901070892857 
31.34 	 0.011905075227746283 
31.36 	 0.011805377589832572 
31.38 	 0.011596266492875956 
31.4 	 0.011289428242277902 
31.42 	 0.010896708149676596 
31.44 	 0.010440469063124848 
31.46 	 0.009937479518602623 
31.48 	 0.009413479309350228 
31.5 	 0.008884452281889114 
31.52 	 0.008372397047903473 
31.54 	 0.007888060142923014 
31.56 	 0.007445479537139619 
31.58 	 0.007048467433361251 
31.6 	 0.006702551659009538 
31.62 	 0.006405596227093061 
31.64 	 0.006156738485194555 
31.66 	 0.005950385280920061 
31.68 	 0.005782384448709397 
31.7 	 0.0056463173304707945 
31.72 	 0.005537451411936787 
31.74 	 0.005450419381739938 
31.76 	 0.0053815656081426 
31.78 	 0.005327418533776209 
31.8 	 0.005285967311808615 
31.82 	 0.00525562534090993 
31.84 	 0.005235832937734795 
31.86 	 0.005226414552717351 
31.88 	 0.0052277403413003975 
31.9 	 0.0052404806756977 
31.92 	 0.005265395314393872 
31.94 	 0.005303508579742416 
31.96 	 0.0053554661543099135 
31.98 	 0.005422158589209544 
32.0 	 0.00550354654121668 
32.02 	 0.005599807279118911 
32.04 	 0.005709602481420091 
32.06 	 0.005831889752375432 
32.08 	 0.005963740506744281 
32.1 	 0.0061029410896417694 
32.12 	 0.006245554698651476 
32.14 	 0.006389250963924753 
32.16 	 0.006530759539370832 
32.18 	 0.006669580721293928 
32.2 	 0.006805295600672896 
32.22 	 0.0069411601161821265 
32.24 	 0.007080994666894113 
32.26 	 0.007232398188211596 
32.28 	 0.007402743461328811 
32.3 	 0.007602398027079948 
32.32 	 0.007839254070707968 
32.34 	 0.008123133613054558 
32.36 	 0.008458234088442857 
32.38 	 0.00885039693081482 
32.4 	 0.009296759801134327 
32.42 	 0.00979746675106808 
32.44 	 0.010341725982910829 
32.46 	 0.01092480537799617 
32.48 	 0.011529851583922454 
32.5 	 0.012149890862352351 
32.52 	 0.012765426980832944 
32.54 	 0.013370046835609155 
32.56 	 0.01394492270562022 
32.58 	 0.014485848964496797 
32.6 	 0.014976894682320753 
32.62 	 0.015416388009574645 
32.64 	 0.015792572601532537 
32.66 	 0.016106112839204267 
32.68 	 0.016350424379874835 
32.7 	 0.016528613763834993 
32.72 	 0.016640254100980034 
32.74 	 0.01669138818702389 
32.76 	 0.01668820723852069 
32.78 	 0.016639948934099293 
32.8 	 0.01655857064953977 
32.82 	 0.01645589276710886 
32.84 	 0.016347247076063377 
32.86 	 0.01624554964094474 
32.88 	 0.016166235292598346 
32.9 	 0.016121587140857988 
32.92 	 0.016124057390268034 
32.94 	 0.01618400784601234 
32.96 	 0.01630865612479945 
32.98 	 0.016505709363669012 
33.0 	 0.0167755549548794 
33.02 	 0.017122544105605975 
33.04 	 0.01753868336697683 
33.06 	 0.018023717426861013 
33.08 	 0.018559636887397715 
33.1 	 0.019139910372795967 
33.12 	 0.01973583373046448 
33.14 	 0.020333626201653455 
33.16 	 0.02089610986297076 
33.18 	 0.021403484103168613 
33.2 	 0.02181670927570443 
33.22 	 0.0221141499506257 
33.24 	 0.02226526817831864 
33.26 	 0.02225284492111475 
33.28 	 0.022065515576435598 
33.3 	 0.021696326718891448 
33.32 	 0.021159115679436378 
33.34 	 0.020459722578034523 
33.36 	 0.019634983989790404 
33.38 	 0.01870104897055732 
33.4 	 0.017707658995927796 
33.42 	 0.016674570077431117 
33.44 	 0.015650872004420037 
33.46 	 0.014652122661845967 
33.48 	 0.013715646511215093 
33.5 	 0.012847560976799973 
33.52 	 0.012068689392211741 
33.54 	 0.011375048327651975 
33.56 	 0.010772803986634242 
33.58 	 0.010251169930224732 
33.6 	 0.009807303897995391 
33.62 	 0.009428387650031693 
33.64 	 0.009108416910474057 
33.66 	 0.008836161610480104 
33.68 	 0.008605987321827432 
33.7 	 0.00840936441632253 
33.72 	 0.008241674471446215 
33.74 	 0.008096020711220802 
33.76 	 0.007967676769883294 
33.78 	 0.007849622640204744 
33.8 	 0.007735973592077146 
33.82 	 0.007618787276254859 
33.84 	 0.007491475609962852 
33.86 	 0.007346174543048123 
33.88 	 0.007177774380232438 
33.9 	 0.006980887570040708 
33.92 	 0.006754724653766822 
33.94 	 0.006498808279962808 
33.96 	 0.006218504912498596 
33.98 	 0.005919232898376644 
34.0 	 0.005612128422429527 
34.02 	 0.005307317738748364 
34.04 	 0.005019064502201025 
34.06 	 0.004759244396603176 
34.08 	 0.00454141986729225 
34.1 	 0.004375668672500202 
34.12 	 0.004271251780599031 
34.14 	 0.004233530415447972 
34.16 	 0.004265073959291991 
34.18 	 0.004364946470969215 
34.2 	 0.00452818077405292 
34.22 	 0.004747486044788396 
34.24 	 0.005011068105940904 
34.26 	 0.005306699565986185 
34.28 	 0.005618019265384797 
34.3 	 0.005930605084618124 
34.32 	 0.006227185458470228 
34.34 	 0.006494737843569155 
34.36 	 0.006719398420590523 
34.38 	 0.006892979117491695 
34.4 	 0.0070085696232887644 
34.42 	 0.007064767577457318 
34.44 	 0.007062863813133101 
34.46 	 0.007007796083349428 
34.48 	 0.006907402702920603 
34.5 	 0.006770314081748016 
34.52 	 0.006607235637942856 
34.54 	 0.006426962502592622 
34.56 	 0.0062392216054072 
34.58 	 0.0060502174640668345 
34.6 	 0.005866339971403234 
34.62 	 0.005690193683598646 
34.64 	 0.005524479220855166 
34.66 	 0.005368802433136789 
34.68 	 0.005223226237446723 
34.7 	 0.005085721738902842 
34.72 	 0.004955174269216294 
34.74 	 0.004829226017825634 
34.76 	 0.004706772453100458 
34.78 	 0.004586011186840693 
34.8 	 0.0044665761655833264 
34.82 	 0.004347687199566607 
34.84 	 0.004230032530358933 
34.86 	 0.0041139591532079675 
34.88 	 0.004001118463911549 
34.9 	 0.0038926880218154787 
34.92 	 0.003790743438104891 
34.94 	 0.0036965844876013683 
34.96 	 0.0036118270873352868 
34.98 	 0.0035369830695317793 
35.0 	 0.0034723373444973393 
35.02 	 0.0034169322243996726 
35.04 	 0.0033693372996261 
35.06 	 0.0033270848480534154 
35.08 	 0.0032874207188959437 
35.1 	 0.003247070258867507 
35.12 	 0.0032030021659301415 
35.14 	 0.003152269248173401 
35.16 	 0.0030927730297957063 
35.18 	 0.0030229056332200374 
35.2 	 0.0029422979023353414 
35.22 	 0.002851104865517354 
35.24 	 0.0027507423151642463 
35.26 	 0.0026428423278471455 
35.28 	 0.0025300009348214014 
35.3 	 0.0024145762629882933 
35.32 	 0.002299461077709006 
35.34 	 0.0021869330798582084 
35.36 	 0.0020794336978051243 
35.38 	 0.001978615367272806 
35.4 	 0.0018860753469116963 
35.42 	 0.0018026442726311355 
35.44 	 0.0017290158514177499 
35.46 	 0.0016652500200908906 
35.48 	 0.0016112630858170374 
35.5 	 0.0015664991836725234 
35.52 	 0.001530284609644124 
35.54 	 0.0015016321533877156 
35.56 	 0.0014794921039636897 
35.58 	 0.0014626632115944827 
35.6 	 0.0014499757301265933 
35.62 	 0.0014402756232783844 
35.64 	 0.0014325572226508933 
35.66 	 0.0014259734932476895 
35.68 	 0.0014199164480889807 
35.7 	 0.0014140055659385964 
35.72 	 0.0014081098763562346 
35.74 	 0.0014022890968606303 
35.76 	 0.0013967649384660577 
35.78 	 0.001391826102002275 
35.8 	 0.0013877759993279355 
35.82 	 0.0013848416265915353 
35.84 	 0.0013831341292146592 
35.86 	 0.001382604511859685 
35.88 	 0.0013830435833798325 
35.9 	 0.0013841029614265162 
35.92 	 0.0013853370661445206 
35.94 	 0.0013862721405096736 
35.96 	 0.0013864702355730317 
35.98 	 0.0013856050098691906 
36.0 	 0.0013835201550867155 
36.02 	 0.0013802733542148903 
36.04 	 0.0013761721718033785 
36.06 	 0.0013717738586533522 
36.08 	 0.001367899668269788 
36.1 	 0.0013656099043353194 
36.12 	 0.0013662056563584302 
36.14 	 0.0013712146890318144 
36.16 	 0.0013823752398106877 
36.18 	 0.0014016606387243643 
36.2 	 0.001431204237946292 
36.22 	 0.001473371221382447 
36.24 	 0.001530543338739962 
36.26 	 0.0016052442211397031 
36.28 	 0.0016996814714606455 
36.3 	 0.0018159766121105413 
36.32 	 0.001955376506216532 
36.34 	 0.002118735587665611 
36.36 	 0.0023053517607528056 
36.38 	 0.0025139531220293282 
36.4 	 0.0027411568100408484 
36.42 	 0.002983235179897041 
36.44 	 0.003234214869924711 
36.46 	 0.0034885522467938495 
36.48 	 0.003738892244593763 
36.5 	 0.003979471702560813 
36.52 	 0.004203579119227128 
36.54 	 0.00440716815716008 
36.56 	 0.004586123577640397 
36.58 	 0.004739425176472073 
36.6 	 0.004866413231996396 
36.62 	 0.004969027801959645 
36.64 	 0.005049333449408184 
36.66 	 0.005110778684045629 
36.68 	 0.005156245889507421 
36.7 	 0.0051886574808745565 
36.72 	 0.005209749063611783 
36.74 	 0.005220445601884858 
36.76 	 0.0052204308107606096 
36.78 	 0.005208496136205431 
36.8 	 0.005182845920195379 
36.82 	 0.005141274960007167 
36.84 	 0.005082065267437368 
36.86 	 0.005003632244496213 
36.88 	 0.004905859804129747 
36.9 	 0.004788914835370528 
36.92 	 0.004654906356701268 
36.94 	 0.0045058496973131605 
36.96 	 0.004345572584042969 
36.98 	 0.0041771200235110485 
37.0 	 0.004004834841729828 
37.02 	 0.0038316442296283874 
37.04 	 0.003661217285144507 
37.06 	 0.0034955093362018822 
37.08 	 0.003336870006464279 
37.1 	 0.0031860279911681113 
37.12 	 0.0030440184259321224 
37.14 	 0.0029106038064295073 
37.16 	 0.002785922695521905 
37.18 	 0.002669246423260653 
37.2 	 0.0025603124879280703 
37.22 	 0.0024583132349191446 
37.24 	 0.0023629393080321615 
37.26 	 0.002273537396198595 
37.28 	 0.002189925602332414 
37.3 	 0.0021116945730914522 
37.32 	 0.0020388589143918792 
37.34 	 0.00197128969543652 
37.36 	 0.0019092437339414008 
37.38 	 0.0018529110933621054 
37.4 	 0.0018028338693731978 
37.42 	 0.0017595440114288304 
37.44 	 0.0017238584025401544 
37.46 	 0.0016965814595458707 
37.48 	 0.0016786523045757113 
37.5 	 0.0016709002664814679 
37.52 	 0.001674029057306024 
37.54 	 0.001688443913739559 
37.56 	 0.0017140878721984853 
37.58 	 0.0017503977636560868 
37.6 	 0.0017960474876388974 
37.62 	 0.0018491101523296308 
37.64 	 0.0019067902313966163 
37.66 	 0.001965837579615663 
37.68 	 0.0020223465113042185 
37.7 	 0.0020723724945321503 
37.72 	 0.002111843997625543 
37.74 	 0.002137210250912985 
37.76 	 0.0021454723938009903 
37.78 	 0.0021346170198558675 
37.8 	 0.002103748209395936 
37.82 	 0.0020531031747059534 
37.84 	 0.0019842623970195692 
37.86 	 0.001899698241051858 
37.88 	 0.0018030476869087125 
37.9 	 0.001698329012089587 
37.92 	 0.0015902659619714582 
37.94 	 0.0014834139627959919 
37.96 	 0.001382515064456579 
37.98 	 0.0012917523360000682 
38.0 	 0.001215091446367983 
38.02 	 0.0011557684436008554 
38.04 	 0.0011165505108637756 
38.06 	 0.0010994491311277705 
38.08 	 0.0011058303025384356 
38.1 	 0.0011363061166105779 
38.12 	 0.0011906535810535285 
38.14 	 0.0012678832116558218 
38.16 	 0.0013659717809407302 
38.18 	 0.0014821826029654222 
38.2 	 0.001612651594147996 
38.22 	 0.0017530597696358476 
38.24 	 0.0018981154102996377 
38.26 	 0.002042602538306244 
38.28 	 0.002180786291827377 
38.3 	 0.002307701755779097 
38.32 	 0.002418505619023992 
38.34 	 0.0025097197144686263 
38.36 	 0.0025785771120012324 
38.38 	 0.0026239001879768296 
38.4 	 0.0026455281410982853 
38.42 	 0.0026446290860339112 
38.44 	 0.0026233145743155247 
38.46 	 0.002584394168691 
38.48 	 0.0025312589387279172 
38.5 	 0.0024672642452864594 
38.52 	 0.0023959049230851278 
38.54 	 0.0023200715191486103 
38.56 	 0.002242472329934256 
38.58 	 0.002164951280319339 
38.6 	 0.0020890648351163947 
38.62 	 0.0020155413441497686 
38.64 	 0.001944908623725465 
38.66 	 0.0018770834521026013 
38.68 	 0.0018119646861433382 
38.7 	 0.0017490993349094676 
38.72 	 0.001688191286777761 
38.74 	 0.0016287920252520455 
38.76 	 0.0015707103602508386 
38.78 	 0.0015137003370287749 
38.8 	 0.0014577829376183993 
38.82 	 0.0014029310036666768 
38.84 	 0.0013493267296442546 
38.86 	 0.001297060921603225 
38.88 	 0.0012463515233101569 
38.9 	 0.0011972778968653555 
38.92 	 0.0011499790156089041 
38.94 	 0.0011044353186364364 
38.96 	 0.0010606551742378802 
38.98 	 0.001018504150295637 
39.0 	 0.0009778795650032483 
39.02 	 0.0009385768410982986 
39.04 	 0.0009004474340924384 
39.06 	 0.0008632881385058393 
39.08 	 0.000826977726666464 
39.1 	 0.0007913773144020886 
39.12 	 0.0007564438198074836 
39.14 	 0.0007221348695972054 
39.16 	 0.0006885003584702653 
39.18 	 0.0006555907766700285 
39.2 	 0.0006235302786187251 
39.22 	 0.0005924309139726706 
39.24 	 0.0005624514523724317 
39.26 	 0.0005337214024437092 
39.28 	 0.0005063897524986575 
39.3 	 0.0004805622412136836 
39.32 	 0.00045634346115459883 
39.34 	 0.00043378916791887994 
39.36 	 0.00041294395215448805 
39.38 	 0.0003938080544342247 
39.4 	 0.0003763712177501118 
39.42 	 0.00036059124663739443 
39.44 	 0.00034642316577454833 
39.46 	 0.0003338053464344848 
39.48 	 0.0003226822540092566 
39.5 	 0.00031299377040075834 
39.52 	 0.0003046898764057135 
39.54 	 0.00029771975455700255 
39.56 	 0.00029203765936753885 
39.58 	 0.0002875901736386449 
39.6 	 0.0002843141353706699 
39.62 	 0.0002821227727925302 
39.64 	 0.00028089878586089916 
39.66 	 0.0002804826734227328 
39.68 	 0.00028066647185150616 
39.7 	 0.0002811895081892248 
39.72 	 0.0002817396215604467 
39.74 	 0.0002819611659896027 
39.76 	 0.00028146898517869936 
39.78 	 0.00027986935741953177 
39.8 	 0.00027678670413273075 
39.82 	 0.0002718910349553604 
39.84 	 0.00026493010566516897 
39.86 	 0.00025575056209910235 
39.88 	 0.0002443233031313081 
39.9 	 0.0002307449414248566 
39.92 	 0.0002152455731380373 
39.94 	 0.00019816459684149013 
39.96 	 0.00017993828080099916 
39.98 	 0.00016105605619990226 
40.0 	 0.00014203562087973734 
40.02 	 0.00012337527140541982 
40.04 	 0.00010553023056442171 
40.06 	 8.887752624403229e-05 
40.08 	 7.37051919400602e-05 
40.1 	 6.019860585434992e-05 
40.12 	 4.8446169007864497e-05 
40.14 	 3.8445364075660755e-05 
40.16 	 3.0120110823846556e-05 
40.18 	 2.3337502020693947e-05 
40.2 	 1.7928080221643278e-05 
40.22 	 1.3703205786447637e-05 
40.24 	 1.047090240815476e-05 
40.26 	 8.047582455932351e-06 
40.28 	 6.266425518637456e-06 
40.3 	 4.9820601255542105e-06 
40.32 	 4.072456275997227e-06 
40.34 	 3.4384247831286484e-06 
40.36 	 3.0017796538320786e-06 
40.38 	 2.7024766646340664e-06 
40.4 	 2.495621991316434e-06 
40.42 	 2.348434350184805e-06 
40.44 	 2.23755709465694e-06 
40.46 	 2.146814694139944e-06 
40.48 	 2.0653971624528948e-06 
40.5 	 1.986484635625563e-06 
40.52 	 1.9062714869347965e-06 
40.54 	 1.8231557019150218e-06 
40.56 	 1.7374076613314845e-06 
40.58 	 1.6507870623110898e-06 
40.6 	 1.5666074869718869e-06 
40.62 	 1.4898180663526044e-06 
40.64 	 1.4275786826487598e-06 
40.66 	 1.3900076006105721e-06 
40.68 	 1.3915642276054662e-06 
40.7 	 1.4528059031112468e-06 
40.72 	 1.6028794753306644e-06 
40.74 	 1.8825215551899348e-06 
40.76 	 2.347807872487157e-06 
40.78 	 3.074057547859297e-06 
40.8 	 4.159853380951971e-06 
40.82 	 5.730542758930764e-06 
40.84 	 7.940417602511685e-06 
40.86 	 1.0972815856464377e-05 
40.88 	 1.5037006813486458e-05 
40.9 	 2.0361302659484884e-05 
40.92 	 2.7181188487128997e-05 
40.94 	 3.572329250246341e-05 
40.96 	 4.61839790381723e-05 
40.98 	 5.870654616806735e-05 
41.0 	 7.335474452326455e-05 
41.02 	 9.009203701893127e-05 
41.04 	 0.00010875982391413369 
41.06 	 0.00012907208183332436 
41.08 	 0.00015060934733468123 
41.1 	 0.00017283993382959613 
41.12 	 0.00019513506362054677 
41.14 	 0.00021681762507288989 
41.16 	 0.00023719298547799096 
41.18 	 0.0002556121891191592 
41.2 	 0.000271503322416067 
41.22 	 0.00028442673116668455 
41.24 	 0.00029409018172904576 
41.26 	 0.00030037588514695955 
41.28 	 0.00030333092994816506 
41.3 	 0.00030315902128340093 
41.32 	 0.00030019069154443205 
41.34 	 0.00029484860366639536 
41.36 	 0.00028761166956822184 
41.38 	 0.0002789720136764584 
41.4 	 0.0002694080571966349 
41.42 	 0.0002593497880335578 
41.44 	 0.00024916905800177286 
41.46 	 0.0002391609942794882 
41.48 	 0.0002295506700291572 
41.5 	 0.0002204891275859057 
41.52 	 0.00021206959581439823 
41.54 	 0.00020433160371883692 
41.56 	 0.00019727898708674907 
41.58 	 0.00019088562614964977 
41.6 	 0.00018511011935589712 
41.62 	 0.00017989947273511082 
41.64 	 0.00017519878444977686 
41.66 	 0.0001709520977473244 
41.68 	 0.000167107821360563 
41.7 	 0.00016361757014603587 
41.72 	 0.00016043889251680563 
41.74 	 0.0001575332562990501 
41.76 	 0.00015486745841402405 
41.78 	 0.00015241156869574287 
41.8 	 0.00015013984281267372 
41.82 	 0.00014802897793139954 
41.84 	 0.00014605888096641447 
41.86 	 0.00014421128494800312 
41.88 	 0.000142470482592241 
41.9 	 0.00014082224463886196 
41.92 	 0.0001392545444258675 
41.94 	 0.00013775671243077307 
41.96 	 0.00013632015845589223 
41.98 	 0.00013493769248050774 
42.0 	 0.0001336042126275249 
42.02 	 0.0001323160980334206 
42.04 	 0.00013107178933821674 
42.06 	 0.00012987114646798985 
42.08 	 0.0001287158489356198 
42.1 	 0.00012760865960328952 
42.12 	 0.00012655363575809196 
42.14 	 0.00012555533681370758 
42.16 	 0.0001246189271157891 
42.18 	 0.00012374944002598834 
42.2 	 0.00012295188204065974 
42.22 	 0.00012223065842479667 
42.24 	 0.0001215897342436385 
42.26 	 0.00012103223860568102 
42.28 	 0.00012056064323614611 
42.3 	 0.00012017648576233493 
42.32 	 0.00011988048892434786 
42.34 	 0.00011967235064418504 
42.36 	 0.00011955079275204925 
42.38 	 0.00011951346073901207 
42.4 	 0.00011955700464429898 
42.42 	 0.00011967722269278599 
42.44 	 0.00011986931444519055 
42.46 	 0.00012012837452994445 
42.48 	 0.00012044986231861019 
42.5 	 0.00012083037239256784 
42.52 	 0.00012126815900756313 
42.54 	 0.00012176390229759491 
42.56 	 0.00012232094704299574 
42.58 	 0.00012294570464313918 
42.6 	 0.00012364727952972215 
42.62 	 0.00012443728993546916 
42.64 	 0.00012532879273722422 
42.66 	 0.00012633563845800667 
42.68 	 0.00012747094764587705 
42.7 	 0.0001287464490067382 
42.72 	 0.00013017101391776573 
42.74 	 0.0001317505788678557 
42.76 	 0.00013348725972100236 
42.78 	 0.00013538034230025178 
42.8 	 0.0001374262830657274 
42.82 	 0.00013962093491097488 
42.84 	 0.0001419604039761652 
42.86 	 0.00014444434223740817 
42.88 	 0.0001470773538107023 
42.9 	 0.0001498730154758504 
42.92 	 0.0001528554901592972 
42.94 	 0.00015606410289834772 
42.96 	 0.00015955512667547949 
42.98 	 0.00016340729835283413 
43.0 	 0.00016772430241505183 
43.02 	 0.00017264232085180804 
43.04 	 0.00017833405727031413 
43.06 	 0.00018501957894918641 
43.08 	 0.00019297182228324346 
43.1 	 0.00020253057133204794 
43.12 	 0.00021410614495990276 
43.14 	 0.0002281927168016482 
43.16 	 0.00024536104828716673 
43.18 	 0.00026626257870293255 
43.2 	 0.0002915956115854194 
43.22 	 0.0003220897720273315 
43.24 	 0.00035842788570974196 
43.26 	 0.00040120800484260745 
43.28 	 0.0004508112908420347 
43.3 	 0.0005073604225939017 
43.32 	 0.0005705440916899783 
43.34 	 0.0006396211728337254 
43.36 	 0.0007132377685748553 
43.38 	 0.0007895463044854865 
43.4 	 0.0008660656970202839 
43.42 	 0.0009399660728034325 
43.44 	 0.0010080122391394638 
43.46 	 0.0010669950972235268 
43.48 	 0.001113763339577384 
43.5 	 0.0011456871432903915 
43.52 	 0.0011607418300433883 
43.54 	 0.0011578297596919179 
43.56 	 0.0011368595848143149 
43.58 	 0.0010987855969356735 
43.6 	 0.0010456436532727896 
43.62 	 0.0009802928857321476 
43.64 	 0.0009064167081184897 
43.66 	 0.0008280979070418768 
43.68 	 0.0007498396270293649 
43.7 	 0.0006761778270607402 
43.72 	 0.0006117863282910618 
43.74 	 0.0005612862183129231 
43.76 	 0.0005294524659738498 
43.78 	 0.000521251703323004 
43.8 	 0.0005420764320455524 
43.82 	 0.0005979132363400136 
43.84 	 0.0006954219115954008 
43.86 	 0.0008420959678764935 
43.88 	 0.0010458943208637849 
43.9 	 0.0013153920187793152 
43.92 	 0.0016585400243030683 
43.94 	 0.002083201726144782 
43.96 	 0.0025943977891275337 
43.98 	 0.003196318773600627 
44.0 	 0.0038870496646278008 
44.02 	 0.004663994728060399 
44.04 	 0.0055146521062913855 
44.06 	 0.0064279187743379405 
44.08 	 0.007379363848600253 
44.1 	 0.008350382962938272 
44.12 	 0.009307168356055448 
44.14 	 0.01022764013810624 
44.16 	 0.011075234500143912 
44.18 	 0.011830316359063068 
44.2 	 0.012462458293630985 
44.22 	 0.012960129223453727 
44.24 	 0.013306919975716284 
44.26 	 0.013502590589474438 
44.28 	 0.013548384726091706 
44.3 	 0.01345484463514881 
44.32 	 0.013238830764142825 
44.34 	 0.012917803872270676 
44.36 	 0.012517739843727773 
44.38 	 0.012057517931772234 
44.4 	 0.011564329249812242 
44.42 	 0.011053549081890447 
44.44 	 0.010547411385738325 
44.46 	 0.010055062841407697 
44.48 	 0.009590980668800306 
44.5 	 0.009157935201283881 
44.52 	 0.008763016159581902 
44.54 	 0.008404305863852156 
44.56 	 0.008083696223753984 
44.58 	 0.007796904358618643 
44.6 	 0.00754315502462706 
44.62 	 0.007317767486883239 
44.64 	 0.007119217145181975 
44.66 	 0.006943574475845594 
44.68 	 0.006789563886323085 
44.7 	 0.006654340173059574 
44.72 	 0.006537080667356016 
44.74 	 0.0064357766180605045 
44.76 	 0.006349754326313634 
44.78 	 0.006277288106118754 
44.8 	 0.006217333530807981 
44.82 	 0.0061678361105985055 
44.84 	 0.006126911531128309 
44.86 	 0.006091735822654434 
44.88 	 0.00605941480383947 
44.9 	 0.0060262968311562545 
44.92 	 0.005988798146135883 
44.94 	 0.005942887691475103 
44.96 	 0.005885131026244215 
44.98 	 0.005812000577872397 
45.0 	 0.005721338697468556 
45.02 	 0.005611122202076385 
45.04 	 0.005481428191422231 
45.06 	 0.0053323971474042615 
45.08 	 0.0051666495458579705 
45.1 	 0.0049864433054237125 
45.12 	 0.004796383657146301 
45.14 	 0.004600055988582678 
45.16 	 0.004402826434044348 
45.18 	 0.004208405882088205 
45.2 	 0.004021550560892 
45.22 	 0.0038449951113041733 
45.24 	 0.0036819050315169367 
45.26 	 0.003533442793757143 
45.28 	 0.0034008740235159894 
45.3 	 0.0032838140185865398 
45.32 	 0.003181937735566922 
45.34 	 0.003093795498423319 
45.36 	 0.0030181217324283635 
45.38 	 0.0029530443179060723 
45.4 	 0.002897026818159348 
45.42 	 0.0028483083811198452 
45.44 	 0.002805546040151723 
45.46 	 0.002767374746186277 
45.48 	 0.002732836117540834 
45.5 	 0.002701006187066543 
45.52 	 0.002671298592094524 
45.54 	 0.0026431451708670843 
45.56 	 0.002616241395876699 
45.58 	 0.002590273327400252 
45.6 	 0.00256513884560785 
45.62 	 0.0025407062662400216 
45.64 	 0.0025170156811595524 
45.66 	 0.002494052036706228 
45.68 	 0.0024719224971072166 
45.7 	 0.002450640103647486 
45.72 	 0.0024302831178981505 
45.74 	 0.00241080281575027 
45.76 	 0.0023921807971599863 
45.78 	 0.0023742762643394967 
45.8 	 0.0023569914139601024 
45.82 	 0.0023401545891498367 
45.84 	 0.002323684780774308 
45.86 	 0.0023074844963551296 
45.88 	 0.002291580806644619 
45.9 	 0.0022759996386134216 
45.92 	 0.0022608689427617793 
45.94 	 0.0022462711867502413 
45.96 	 0.002232320391857502 
45.98 	 0.002219021580947717 
46.0 	 0.002206354122733108 
46.02 	 0.0021941740901234843 
46.04 	 0.0021823284560154076 
46.06 	 0.0021706061585655095 
46.08 	 0.002158872942039118 
46.1 	 0.0021470334110294136 
46.12 	 0.002135145324068533 
46.14 	 0.002123341500568734 
46.16 	 0.0021118885033817605 
46.18 	 0.0021010546993323067 
46.2 	 0.0020911223097168767 
46.22 	 0.0020822472370455613 
46.24 	 0.0020744762996926023 
46.26 	 0.0020676682030658093 
46.28 	 0.0020615649576865365 
46.3 	 0.0020558013980928893 
46.32 	 0.0020500274657304016 
46.34 	 0.0020439582562592528 
46.36 	 0.002037487774388247 
46.38 	 0.002030692365906036 
46.4 	 0.0020238708415147326 
46.42 	 0.002017453305499698 
46.44 	 0.0020119574014480497 
46.46 	 0.002007843347160626 
46.48 	 0.0020054454904269137 
46.5 	 0.002004875662336251 
46.52 	 0.002006010698659697 
46.54 	 0.0020085222282507803 
46.56 	 0.002011950569447235 
46.58 	 0.002015843619688801 
46.6 	 0.002019862924162837 
46.62 	 0.0020239244608673446 
46.64 	 0.002028232824923379 
46.66 	 0.0020333109868298353 
46.68 	 0.0020398885248473627 
46.7 	 0.0020488003672361824 
46.72 	 0.0020607483149421703 
46.74 	 0.0020761734934071547 
46.76 	 0.0020949988990098312 
46.78 	 0.002116636532747379 
46.8 	 0.0021398345750703388 
46.82 	 0.0021629126030599188 
46.84 	 0.0021837676064955973 
46.86 	 0.0022002758031908756 
46.88 	 0.00221041059649146 
46.9 	 0.002212613738726853 
46.92 	 0.0022059213969623736 
46.94 	 0.0021900912603407536 
46.96 	 0.0021656590050414862 
46.98 	 0.002133730089942177 
47.0 	 0.0020959742021826946 
47.02 	 0.0020541696203179687 
47.04 	 0.0020102221282858293 
47.06 	 0.001965663379904823 
47.08 	 0.001921793122553758 
47.1 	 0.0018793096083390844 
47.12 	 0.0018386077638638792 
47.14 	 0.0017995898695384713 
47.16 	 0.0017620546356085915 
47.18 	 0.0017256025498586568 
47.2 	 0.0016899946963950055 
47.22 	 0.0016550232290327583 
47.24 	 0.001620747212096893 
47.26 	 0.0015872633151581403 
47.28 	 0.001554817949360142 
47.3 	 0.0015235232166045903 
47.32 	 0.0014934311954051612 
47.34 	 0.0014643034029261858 
47.36 	 0.001435750194659628 
47.38 	 0.001407129003719726 
47.4 	 0.0013777884000545338 
47.42 	 0.0013470694397098215 
47.44 	 0.0013145989038669012 
47.46 	 0.0012802803960999404 
47.48 	 0.0012445259116149318 
47.5 	 0.001208120030616231 
47.52 	 0.0011723049904154503 
47.54 	 0.0011384903500532594 
47.56 	 0.001108197671811683 
47.58 	 0.001082708305606059 
47.6 	 0.0010629664244308742 
47.62 	 0.0010493235183095565 
47.64 	 0.001041525939118493 
47.66 	 0.0010386767957744508 
47.68 	 0.0010393733692415142 
47.7 	 0.00104188523789996 
47.72 	 0.0010443977287450212 
47.74 	 0.0010452755658469067 
47.76 	 0.0010432863923891568 
47.78 	 0.0010377669347153597 
47.8 	 0.0010287027764756408 
47.82 	 0.001016677083843654 
47.84 	 0.0010027687875551997 
47.86 	 0.000988304088276561 
47.88 	 0.0009746485590140438 
47.9 	 0.0009629067438309198 
47.92 	 0.0009537502718178698 
47.94 	 0.0009472392823612811 
47.96 	 0.0009428060403034997 
47.98 	 0.0009392895152722014 
48.0 	 0.00093509990283271 
48.02 	 0.0009284223135300931 
48.04 	 0.0009174853583625819 
48.06 	 0.0009007872870755995 
48.08 	 0.0008773435754881815 
48.1 	 0.000846777815549361 
48.12 	 0.0008094497825928486 
48.14 	 0.0007663339217681538 
48.16 	 0.0007190051600147442 
48.18 	 0.0006693458802990711 
48.2 	 0.0006194444711015412 
48.22 	 0.000571256193062338 
48.24 	 0.000526508845797649 
48.26 	 0.0004864513758136456 
48.28 	 0.0004518464815383478 
48.3 	 0.00042288067055090396 
48.32 	 0.0003992682057471131 
48.34 	 0.0003803105142093141 
48.36 	 0.0003650724279900958 
48.38 	 0.0003525138209195946 
48.4 	 0.00034166170702048973 
48.42 	 0.00033171941566420153 
48.44 	 0.00032216402194457154 
48.46 	 0.0003127688921142547 
48.48 	 0.0003035982804258198 
48.5 	 0.00029493694893819287 
48.52 	 0.00028720767797169836 
48.54 	 0.0002808553969684996 
48.56 	 0.0002762498243985792 
48.58 	 0.0002735937598293971 
48.6 	 0.00027287362853902896 
48.62 	 0.0002738428140379333 
48.64 	 0.0002760488628995186 
48.66 	 0.00027889597595152086 
48.68 	 0.0002817294662553644 
48.7 	 0.00028393449767494353 
48.72 	 0.00028502414974274624 
48.74 	 0.00028471128703554517 
48.76 	 0.0002829457017244851 
48.78 	 0.00027991397719915944 
48.8 	 0.0002760031905796762 
48.82 	 0.0002717285113783772 
48.84 	 0.0002676459557183169 
48.86 	 0.000264251549473966 
48.88 	 0.0002618962425371484 
48.9 	 0.0002607168018180893 
48.92 	 0.00026060392763364046 
48.94 	 0.0002612044972098731 
48.96 	 0.00026196138445717194 
48.98 	 0.0002621832048168555 
49.0 	 0.00026113250807770444 
49.02 	 0.0002581201365252871 
49.04 	 0.0002525933316251738 
49.06 	 0.0002442004007016443 
49.08 	 0.00023283552307738057 
49.1 	 0.0002186403799222217 
49.12 	 0.00020199149757637436 
49.14 	 0.00018344304046805454 
49.16 	 0.00016367490432429258 
49.18 	 0.00014341043184328038 
49.2 	 0.00012335972351311777 
49.22 	 0.00010415153105291623 
49.24 	 8.630032591510366e-05 
49.26 	 7.017504938022744e-05 
49.28 	 5.599905396019684e-05 
49.3 	 4.3854913583207204e-05 
49.32 	 3.370804548539343e-05 
49.34 	 2.543146086543315e-05 
49.36 	 1.883635564159052e-05 
49.38 	 1.3698830050010565e-05 
49.4 	 9.784115943055504e-06 
49.42 	 6.864540587623583e-06 
49.44 	 4.732268392733581e-06 
49.46 	 3.206416893861246e-06 
49.48 	 2.136017917059579e-06 
49.5 	 1.3994998924231719e-06 
49.52 	 9.021665585426575e-07 
49.54 	 5.723869447907453e-07 
49.56 	 3.5762786865234375e-07 
49.58 	 2.2013912651977178e-07 
49.6 	 1.3348812510944096e-07 
49.62 	 7.955043205642187e-08 
49.64 	 4.712160915387242e-08 
49.66 	 2.7877519926234643e-08 
49.68 	 1.666000468656264e-08 
49.7 	 1.0536712127723509e-08 
49.72 	 0.0 
49.74 	 0.0 
49.76 	 0.0 
49.78 	 0.0 
49.8 	 0.0 
49.82 	 0.0 
49.84 	 0.0 
49.86 	 0.0 
49.88 	 0.0 
49.9 	 0.0 
49.92 	 0.0 
49.94 	 0.0 
49.96 	 0.0 
49.98 	 0.0 
50.0 	 0.0 
50.02 	 0.0 
50.04 	 0.0 
50.06 	 0.0 
50.08 	 0.0 
50.1 	 0.0 
50.12 	 0.0 
50.14 	 0.0 
50.16 	 0.0 
50.18 	 0.0 
50.2 	 0.0 
50.22 	 0.0 
50.24 	 0.0 
50.26 	 0.0 
50.28 	 0.0 
50.3 	 0.0 
50.32 	 0.0 
50.34 	 0.0 
50.36 	 0.0 
50.38 	 0.0 
50.4 	 0.0 
50.42 	 0.0 
50.44 	 0.0 
50.46 	 0.0 
50.48 	 0.0 
50.5 	 0.0 
50.52 	 0.0 
50.54 	 0.0 
50.56 	 0.0 
50.58 	 0.0 
50.6 	 0.0 
50.62 	 0.0 
50.64 	 0.0 
50.66 	 0.0 
50.68 	 0.0 
50.7 	 0.0 
50.72 	 0.0 
50.74 	 0.0 
50.76 	 0.0 
50.78 	 0.0 
50.8 	 0.0 
50.82 	 0.0 
50.84 	 0.0 
50.86 	 0.0 
50.88 	 0.0 
50.9 	 0.0 
50.92 	 0.0 
50.94 	 0.0 
50.96 	 0.0 
50.98 	 0.0 
51.0 	 0.0 
51.02 	 0.0 
51.04 	 0.0 
51.06 	 0.0 
51.08 	 0.0 
51.1 	 0.0 
51.12 	 0.0 
51.14 	 0.0 
51.16 	 0.0 
51.18 	 0.0 
51.2 	 0.0 
51.22 	 0.0 
51.24 	 0.0 
51.26 	 0.0 
51.28 	 0.0 
51.3 	 0.0 
51.32 	 0.0 
51.34 	 0.0 
51.36 	 0.0 
51.38 	 0.0 
51.4 	 0.0 
51.42 	 0.0 
51.44 	 0.0 
51.46 	 0.0 
51.48 	 0.0 
51.5 	 0.0 
51.52 	 0.0 
51.54 	 0.0 
51.56 	 0.0 
51.58 	 0.0 
51.6 	 0.0 
51.62 	 0.0 
51.64 	 0.0 
51.66 	 0.0 
51.68 	 0.0 
51.7 	 0.0 
51.72 	 0.0 
51.74 	 0.0 
51.76 	 0.0 
51.78 	 0.0 
51.8 	 0.0 
51.82 	 0.0 
51.84 	 0.0 
51.86 	 0.0 
51.88 	 0.0 
51.9 	 0.0 
51.92 	 0.0 
51.94 	 0.0 
51.96 	 0.0 
51.98 	 0.0 
52.0 	 0.0 
52.02 	 0.0 
52.04 	 0.0 
52.06 	 0.0 
52.08 	 0.0 
52.1 	 0.0 
52.12 	 0.0 
52.14 	 0.0 
52.16 	 0.0 
52.18 	 0.0 
52.2 	 0.0 
52.22 	 0.0 
52.24 	 0.0 
52.26 	 0.0 
52.28 	 0.0 
52.3 	 0.0 
52.32 	 0.0 
52.34 	 0.0 
52.36 	 0.0 
52.38 	 0.0 
52.4 	 0.0 
52.42 	 0.0 
52.44 	 0.0 
52.46 	 0.0 
52.48 	 0.0 
52.5 	 0.0 
52.52 	 0.0 
52.54 	 0.0 
52.56 	 0.0 
52.58 	 0.0 
52.6 	 0.0 
52.62 	 0.0 
52.64 	 0.0 
52.66 	 0.0 
52.68 	 0.0 
52.7 	 0.0 
52.72 	 0.0 
52.74 	 0.0 
52.76 	 0.0 
52.78 	 0.0 
52.8 	 0.0 
52.82 	 0.0 
52.84 	 0.0 
52.86 	 0.0 
52.88 	 0.0 
52.9 	 0.0 
52.92 	 0.0 
52.94 	 0.0 
52.96 	 0.0 
52.98 	 0.0 
53.0 	 0.0 
53.02 	 0.0 
53.04 	 0.0 
53.06 	 0.0 
53.08 	 0.0 
53.1 	 0.0 
53.12 	 0.0 
53.14 	 0.0 
53.16 	 0.0 
53.18 	 0.0 
53.2 	 0.0 
53.22 	 0.0 
53.24 	 0.0 
53.26 	 0.0 
53.28 	 0.0 
53.3 	 0.0 
53.32 	 0.0 
53.34 	 0.0 
53.36 	 0.0 
53.38 	 0.0 
53.4 	 0.0 
53.42 	 0.0 
53.44 	 0.0 
53.46 	 0.0 
53.48 	 0.0 
53.5 	 0.0 
53.52 	 0.0 
53.54 	 0.0 
53.56 	 0.0 
53.58 	 0.0 
53.6 	 0.0 
53.62 	 0.0 
53.64 	 0.0 
53.66 	 0.0 
53.68 	 0.0 
53.7 	 0.0 
53.72 	 0.0 
53.74 	 0.0 
53.76 	 0.0 
53.78 	 0.0 
53.8 	 0.0 
53.82 	 0.0 
53.84 	 0.0 
53.86 	 0.0 
53.88 	 0.0 
53.9 	 0.0 
53.92 	 0.0 
53.94 	 0.0 
53.96 	 0.0 
53.98 	 0.0 
54.0 	 0.0 
54.02 	 0.0 
54.04 	 0.0 
54.06 	 0.0 
54.08 	 0.0 
54.1 	 0.0 
54.12 	 0.0 
54.14 	 0.0 
54.16 	 0.0 
54.18 	 0.0 
54.2 	 0.0 
54.22 	 0.0 
54.24 	 0.0 
54.26 	 0.0 
54.28 	 0.0 
54.3 	 0.0 
54.32 	 0.0 
54.34 	 0.0 
54.36 	 0.0 
54.38 	 0.0 
54.4 	 0.0 
54.42 	 0.0 
54.44 	 0.0 
54.46 	 0.0 
54.48 	 0.0 
54.5 	 0.0 
54.52 	 0.0 
54.54 	 0.0 
54.56 	 0.0 
54.58 	 0.0 
54.6 	 0.0 
54.62 	 0.0 
54.64 	 0.0 
54.66 	 0.0 
54.68 	 0.0 
54.7 	 0.0 
54.72 	 0.0 
54.74 	 0.0 
54.76 	 0.0 
54.78 	 0.0 
54.8 	 0.0 
54.82 	 0.0 
54.84 	 0.0 
54.86 	 0.0 
54.88 	 0.0 
54.9 	 0.0 
54.92 	 0.0 
54.94 	 0.0 
54.96 	 0.0 
54.98 	 0.0 
55.0 	 0.0 
55.02 	 0.0 
55.04 	 0.0 
55.06 	 0.0 
55.08 	 0.0 
55.1 	 0.0 
55.12 	 0.0 
55.14 	 0.0 
55.16 	 0.0 
55.18 	 0.0 
55.2 	 0.0 
55.22 	 0.0 
55.24 	 0.0 
55.26 	 0.0 
55.28 	 0.0 
55.3 	 0.0 
55.32 	 0.0 
55.34 	 0.0 
55.36 	 0.0 
55.38 	 0.0 
55.4 	 0.0 
55.42 	 0.0 
55.44 	 0.0 
55.46 	 0.0 
55.48 	 0.0 
55.5 	 0.0 
55.52 	 0.0 
55.54 	 0.0 
55.56 	 0.0 
55.58 	 0.0 
55.6 	 0.0 
55.62 	 0.0 
55.64 	 0.0 
55.66 	 0.0 
55.68 	 0.0 
55.7 	 0.0 
55.72 	 0.0 
55.74 	 0.0 
55.76 	 0.0 
55.78 	 0.0 
55.8 	 0.0 
55.82 	 0.0 
55.84 	 0.0 
55.86 	 0.0 
55.88 	 0.0 
55.9 	 0.0 
55.92 	 0.0 
55.94 	 0.0 
55.96 	 0.0 
55.98 	 0.0 
56.0 	 0.0 
56.02 	 0.0 
56.04 	 0.0 
56.06 	 0.0 
56.08 	 0.0 
56.1 	 0.0 
56.12 	 0.0 
56.14 	 0.0 
56.16 	 0.0 
56.18 	 0.0 
56.2 	 0.0 
56.22 	 0.0 
56.24 	 0.0 
56.26 	 0.0 
56.28 	 0.0 
56.3 	 0.0 
56.32 	 0.0 
56.34 	 0.0 
56.36 	 0.0 
56.38 	 0.0 
56.4 	 0.0 
56.42 	 0.0 
56.44 	 0.0 
56.46 	 0.0 
56.48 	 0.0 
56.5 	 0.0 
56.52 	 0.0 
56.54 	 0.0 
56.56 	 0.0 
56.58 	 0.0 
56.6 	 0.0 
56.62 	 0.0 
56.64 	 0.0 
56.66 	 0.0 
56.68 	 0.0 
56.7 	 0.0 
56.72 	 0.0 
56.74 	 0.0 
56.76 	 0.0 
56.78 	 0.0 
56.8 	 0.0 
56.82 	 0.0 
56.84 	 0.0 
56.86 	 0.0 
56.88 	 0.0 
56.9 	 0.0 
56.92 	 0.0 
56.94 	 0.0 
56.96 	 0.0 
56.98 	 0.0 
57.0 	 0.0 
57.02 	 0.0 
57.04 	 0.0 
57.06 	 0.0 
57.08 	 0.0 
57.1 	 0.0 
57.12 	 0.0 
57.14 	 0.0 
57.16 	 0.0 
57.18 	 0.0 
57.2 	 0.0 
57.22 	 0.0 
57.24 	 0.0 
57.26 	 0.0 
57.28 	 0.0 
57.3 	 0.0 
57.32 	 0.0 
57.34 	 0.0 
57.36 	 0.0 
57.38 	 0.0 
57.4 	 0.0 
57.42 	 0.0 
57.44 	 0.0 
57.46 	 0.0 
57.48 	 0.0 
57.5 	 0.0 
57.52 	 0.0 
57.54 	 0.0 
57.56 	 0.0 
57.58 	 0.0 
57.6 	 0.0 
57.62 	 0.0 
57.64 	 0.0 
57.66 	 0.0 
57.68 	 0.0 
57.7 	 0.0 
57.72 	 0.0 
57.74 	 0.0 
57.76 	 0.0 
57.78 	 0.0 
57.8 	 0.0 
57.82 	 0.0 
57.84 	 0.0 
57.86 	 0.0 
57.88 	 0.0 
57.9 	 0.0 
57.92 	 0.0 
57.94 	 0.0 
57.96 	 0.0 
57.98 	 0.0 
58.0 	 0.0 
58.02 	 0.0 
58.04 	 0.0 
58.06 	 0.0 
58.08 	 0.0 
58.1 	 0.0 
58.12 	 0.0 
58.14 	 0.0 
58.16 	 0.0 
58.18 	 0.0 
58.2 	 0.0 
58.22 	 0.0 
58.24 	 0.0 
58.26 	 0.0 
58.28 	 0.0 
58.3 	 0.0 
58.32 	 0.0 
58.34 	 0.0 
58.36 	 0.0 
58.38 	 0.0 
58.4 	 0.0 
58.42 	 0.0 
58.44 	 0.0 
58.46 	 0.0 
58.48 	 0.0 
58.5 	 0.0 
58.52 	 0.0 
58.54 	 0.0 
58.56 	 0.0 
58.58 	 0.0 
58.6 	 0.0 
58.62 	 0.0 
58.64 	 0.0 
58.66 	 0.0 
58.68 	 0.0 
58.7 	 0.0 
58.72 	 0.0 
58.74 	 0.0 
58.76 	 0.0 
58.78 	 0.0 
58.8 	 0.0 
58.82 	 0.0 
58.84 	 0.0 
58.86 	 0.0 
58.88 	 0.0 
58.9 	 0.0 
58.92 	 0.0 
58.94 	 0.0 
58.96 	 0.0 
58.98 	 0.0 
59.0 	 0.0 
59.02 	 0.0 
59.04 	 0.0 
59.06 	 0.0 
59.08 	 0.0 
59.1 	 0.0 
59.12 	 0.0 
59.14 	 0.0 
59.16 	 0.0 
59.18 	 0.0 
59.2 	 0.0 
59.22 	 0.0 
59.24 	 0.0 
59.26 	 0.0 
59.28 	 0.0 
59.3 	 0.0 
59.32 	 0.0 
59.34 	 0.0 
59.36 	 0.0 
59.38 	 0.0 
59.4 	 0.0 
59.42 	 0.0 
59.44 	 0.0 
59.46 	 0.0 
59.48 	 0.0 
59.5 	 0.0 
59.52 	 0.0 
59.54 	 0.0 
59.56 	 0.0 
59.58 	 0.0 
59.6 	 0.0 
59.62 	 0.0 
59.64 	 0.0 
59.66 	 0.0 
59.68 	 0.0 
59.7 	 0.0 
59.72 	 0.0 
59.74 	 0.0 
59.76 	 0.0 
59.78 	 0.0 
59.8 	 0.0 
59.82 	 0.0 
59.84 	 0.0 
59.86 	 0.0 
59.88 	 0.0 
59.9 	 0.0 
59.92 	 0.0 
59.94 	 0.0 
59.96 	 0.0 
59.98 	 0.0 
