0.0 	 0.012316406742239138 
0.02 	 0.012310980413751612 
0.04 	 0.012310454291456994 
0.06 	 0.012310692200674407 
0.08 	 0.01231345520527308 
0.1 	 0.012316833714057078 
0.12 	 0.012322163393381633 
0.14 	 0.012328189828052382 
0.16 	 0.012335968440851698 
0.18 	 0.0123445115677638 
0.2 	 0.012354717172488486 
0.22 	 0.012365716519980632 
0.24 	 0.012378341543122532 
0.26 	 0.01239176016167377 
0.28 	 0.012406799507617718 
0.3 	 0.012422624907853544 
0.32 	 0.012440086389987254 
0.34 	 0.012458341463824059 
0.36 	 0.012478261372694486 
0.38 	 0.01249901033859528 
0.4 	 0.012521463501132812 
0.42 	 0.012544806812558772 
0.44 	 0.012569905352186576 
0.46 	 0.0125959642245588 
0.48 	 0.01262384476652434 
0.5 	 0.012652741288203848 
0.52 	 0.012683545692398173 
0.54 	 0.012715387376880442 
0.56 	 0.012749245670326035 
0.58 	 0.012784122890159072 
0.6 	 0.012821147607677118 
0.62 	 0.012859148613685261 
0.64 	 0.012899446826682103 
0.66 	 0.012940689181225805 
0.68 	 0.01298439298467613 
0.7 	 0.013029064450994984 
0.72 	 0.013076374732673507 
0.74 	 0.013124773490053901 
0.76 	 0.013176008127357704 
0.78 	 0.013228573122641215 
0.8 	 0.013284211159301522 
0.82 	 0.013341537529754156 
0.84 	 0.01340225465272368 
0.86 	 0.013465092731620205 
0.88 	 0.013531786589155862 
0.9 	 0.013601021195044357 
0.92 	 0.013674822312154337 
0.94 	 0.013751419601330042 
0.96 	 0.013833671907372756 
0.98 	 0.013918568448062576 
1.0 	 0.014010747048936439 
1.02 	 0.014104652223584853 
1.04 	 0.014208178564202732 
1.06 	 0.014311282179232701 
1.08 	 0.014427215958420838 
1.1 	 0.014538844244803999 
1.12 	 0.014667485938624861 
1.14 	 0.014785813850260765 
1.16 	 0.014926324470978136 
1.18 	 0.015048286611944873 
1.2 	 0.015198475902662389 
1.22 	 0.015319974568488827 
1.24 	 0.015476373271244901 
1.26 	 0.015592752852122473 
1.28 	 0.015750958366115862 
1.3 	 0.015857567497658123 
1.32 	 0.016012699355620285 
1.34 	 0.016105311285053756 
1.36 	 0.016252350377816374 
1.38 	 0.01632733457956139 
1.4 	 0.016461235694203553 
1.42 	 0.016515619859264672 
1.44 	 0.016631348376846457 
1.46 	 0.016663101886863596 
1.48 	 0.016755977771473585 
1.5 	 0.016764794991651174 
1.52 	 0.016831508770418092 
1.54 	 0.016820029619533834 
1.56 	 0.016860327671563657 
1.58 	 0.016835279636664265 
1.6 	 0.016853744748979795 
1.62 	 0.016826223653669176 
1.64 	 0.016833153689906507 
1.66 	 0.016817413810772626 
1.68 	 0.0168278981910261 
1.7 	 0.016838623381572052 
1.72 	 0.016869660927145615 
1.74 	 0.016918502100099545 
1.76 	 0.01698506822748576 
1.78 	 0.01707779216385917 
1.8 	 0.017189452233668065 
1.82 	 0.017324892912340198 
1.84 	 0.01748431252569421 
1.86 	 0.01765542447350734 
1.88 	 0.017859075836487465 
1.9 	 0.018055334900980116 
1.92 	 0.018295600312675513 
1.94 	 0.018505501306097863 
1.96 	 0.018772931972940846 
1.98 	 0.018985621675379122 
2.0 	 0.019270417778071064 
2.02 	 0.01947621188952749 
2.04 	 0.019768650811531716 
2.06 	 0.019958805399069957 
2.08 	 0.020248930966929327 
2.1 	 0.020415313001732632 
2.12 	 0.020692517597553924 
2.14 	 0.0208277538532418 
2.16 	 0.021080927336610506 
2.18 	 0.021179307790078275 
2.2 	 0.021398007580856 
2.22 	 0.02145697921711521 
2.24 	 0.02163359307232763 
2.26 	 0.021655233067119067 
2.28 	 0.021787441223398197 
2.3 	 0.021779031516478517 
2.32 	 0.02187130339010393 
2.34 	 0.021844238077206365 
2.36 	 0.021907058416176094 
2.38 	 0.02187392583279037 
2.4 	 0.021920282344951445 
2.42 	 0.021891005536931164 
2.44 	 0.021931254023554357 
2.46 	 0.02191022043982652 
2.48 	 0.021947992657506157 
2.5 	 0.02193442407326435 
2.52 	 0.021966717428715407 
2.54 	 0.021959587597096434 
2.56 	 0.0219830107932875 
2.58 	 0.021989781725808875 
2.6 	 0.022012308000929622 
2.62 	 0.02205826625717467 
2.64 	 0.022112275233000307 
2.66 	 0.022244836757195567 
2.68 	 0.022393587082549956 
2.7 	 0.02267467302596456 
2.72 	 0.02300321053174494 
2.74 	 0.02348586827659125 
2.76 	 0.02407310338240177 
2.78 	 0.024769058128364156 
2.8 	 0.02565081906602502 
2.82 	 0.02650807898203289 
2.84 	 0.027650760600818062 
2.86 	 0.028559269269609607 
2.88 	 0.029857210549965894 
2.9 	 0.030680485918753993 
2.92 	 0.031973195181046424 
2.94 	 0.03258432807304271 
2.96 	 0.03368236366459654 
2.98 	 0.03398467819016545 
3.0 	 0.03470055117708731 
3.02 	 0.0346328350880733 
3.04 	 0.034821330782649186 
3.06 	 0.03436483760168674 
3.08 	 0.03397404048507087 
3.1 	 0.03317724969436534 
3.12 	 0.032297877620655335 
3.14 	 0.03131034793812918 
3.16 	 0.030192453994747116 
3.18 	 0.029264017984067567 
3.2 	 0.028260641680555292 
3.22 	 0.027659714747051756 
3.24 	 0.027089850821815198 
3.26 	 0.026967581255351935 
3.28 	 0.02697229734298392 
3.3 	 0.027284340849691103 
3.32 	 0.027782538627258088 
3.34 	 0.028336462127389616 
3.36 	 0.02909622009006902 
3.38 	 0.029663324484234383 
3.4 	 0.030412725933734036 
3.42 	 0.030812739625024288 
3.44 	 0.03132839988189723 
3.46 	 0.03146447322095902 
3.48 	 0.03162679910139135 
3.5 	 0.03149529373166757 
3.52 	 0.03131568626947757 
3.54 	 0.031007418399071077 
3.56 	 0.030625757775935836 
3.58 	 0.030311535115591915 
3.6 	 0.0299592663041556 
3.62 	 0.02984695476802477 
3.64 	 0.029780950263877067 
3.66 	 0.030050635387432925 
3.68 	 0.030480576447114504 
3.7 	 0.031228280632468398 
3.72 	 0.032268305695956796 
3.74 	 0.0334881834745911 
3.76 	 0.03514842416223491 
3.78 	 0.036756428755809124 
3.8 	 0.03896441817607538 
3.82 	 0.040841729454334064 
3.84 	 0.043472097167821265 
3.86 	 0.04550350589767196 
3.88 	 0.04840125860109502 
3.9 	 0.05049478687915415 
3.92 	 0.053489215916059846 
3.94 	 0.05557492672479962 
3.96 	 0.05848758644240311 
3.98 	 0.06050066035052596 
4.0 	 0.06315151479430123 
4.02 	 0.0650079862340139 
4.04 	 0.06722230062348573 
4.06 	 0.06879741554121502 
4.08 	 0.07041457664293853 
4.1 	 0.07153469802753307 
4.12 	 0.0724190791148958 
4.14 	 0.07287733627150586 
4.16 	 0.07293094346986885 
4.18 	 0.07253216303389633 
4.2 	 0.07171074368440764 
4.22 	 0.0703419927035498 
4.24 	 0.06868004670869532 
4.26 	 0.0663904577717924 
4.28 	 0.06403872511775908 
4.3 	 0.0610966448377572 
4.32 	 0.05835719531141697 
4.34 	 0.05523886240603078 
4.36 	 0.052553905157830504 
4.38 	 0.04982965443714263 
4.4 	 0.04768367714649016 
4.42 	 0.04583346336217627 
4.44 	 0.04459908760646137 
4.46 	 0.04386598298215695 
4.48 	 0.04369289804238395 
4.5 	 0.04406187817078414 
4.52 	 0.044871562628731335 
4.54 	 0.046149025201215506 
4.56 	 0.04770518599993252 
4.58 	 0.049613124242455946 
4.6 	 0.05160693499853787 
4.62 	 0.053840603635928706 
4.64 	 0.055959247477234506 
4.66 	 0.05821273815090357 
4.68 	 0.06018681918586127 
4.7 	 0.06217278429820971 
4.72 	 0.06380443429952173 
4.74 	 0.06528454030069258 
4.76 	 0.06645782357028576 
4.78 	 0.06728003377040678 
4.8 	 0.06795741731441737 
4.82 	 0.06808156761115071 
4.84 	 0.0682913137950125 
4.86 	 0.06778383451373557 
4.88 	 0.06759973379114202 
4.9 	 0.06659216457990447 
4.92 	 0.06610443165195284 
4.94 	 0.06473115313968573 
4.96 	 0.06401227530733025 
4.98 	 0.06235594769859314 
5.0 	 0.061432796623789455 
5.02 	 0.05950005505901554 
5.04 	 0.058342851449641485 
5.06 	 0.05607475633874747 
5.08 	 0.05460599782394029 
5.1 	 0.051916375969066536 
5.12 	 0.05004011056224562 
5.14 	 0.04687718468176859 
5.16 	 0.04453340564578954 
5.18 	 0.04096173656910622 
5.2 	 0.03820737722195107 
5.22 	 0.03448588329857477 
5.24 	 0.03157218806975398 
5.26 	 0.02816125570119916 
5.28 	 0.02553045078471955 
5.3 	 0.022963472857844173 
5.32 	 0.02111143985022705 
5.34 	 0.01978494710572835 
5.36 	 0.01906899984144796 
5.38 	 0.0191178409756695 
5.4 	 0.019654901247441025 
5.42 	 0.02098905075413307 
5.44 	 0.02267818628318471 
5.46 	 0.025091546959381622 
5.48 	 0.027689325319035757 
5.5 	 0.030930092722351792 
5.52 	 0.03412166046356533 
5.54 	 0.03789607159242 
5.56 	 0.04135084789059638 
5.58 	 0.04529516928073155 
5.6 	 0.04870678939846502 
5.62 	 0.05237523872518288 
5.64 	 0.05547611499728784 
5.66 	 0.05837332114360209 
5.68 	 0.06091698773871029 
5.7 	 0.06257731329360201 
5.72 	 0.06430840779006201 
5.74 	 0.0644105365126452 
5.76 	 0.06507791673497546 
5.78 	 0.06357965492460618 
5.8 	 0.06304923685852161 
5.82 	 0.06030115697408602 
5.84 	 0.05873458524118081 
5.86 	 0.055466118723587615 
5.88 	 0.053385743400457215 
5.9 	 0.05046908938298276 
5.92 	 0.04856505761801278 
5.94 	 0.04667639068276275 
5.96 	 0.04550554307698032 
5.98 	 0.04495087660510795 
6.0 	 0.044792002489035254 
6.02 	 0.045562231841177914 
6.04 	 0.046461291235388974 
6.06 	 0.04836140300568991 
6.08 	 0.05023748926943484 
6.1 	 0.05296936388901944 
6.12 	 0.05569338004519719 
6.14 	 0.05888245109191782 
6.16 	 0.06230844774171062 
6.18 	 0.06550689330879078 
6.2 	 0.06945537607900139 
6.22 	 0.0721447938895601 
6.24 	 0.07633739512198111 
6.26 	 0.07793645493443593 
6.28 	 0.0818955467659407 
6.3 	 0.08178311371581405 
6.32 	 0.08475927602810406 
6.34 	 0.08237192507226021 
6.36 	 0.08345433290839577 
6.38 	 0.07857584542356574 
6.4 	 0.0771686564854884 
6.42 	 0.07036832143763534 
6.44 	 0.06681140590759421 
6.46 	 0.059447752007204105 
6.48 	 0.05492244475573537 
6.5 	 0.04831996294582983 
6.52 	 0.043959028817015876 
6.54 	 0.03870445049249564 
6.56 	 0.03504733972988169 
6.58 	 0.03108921833199992 
6.6 	 0.028198074556585424 
6.62 	 0.025238329918943522 
6.64 	 0.022974778337253875 
6.66 	 0.020717505582982413 
6.68 	 0.018916890703774076 
6.7 	 0.017152490693293825 
6.72 	 0.0156918627373404 
6.74 	 0.014295052783994722 
6.76 	 0.013100235512745619 
6.78 	 0.011997982293397635 
6.8 	 0.01102539072335663 
6.82 	 0.010166099514787906 
6.84 	 0.009382888756985145 
6.86 	 0.008720280201160679 
6.88 	 0.008094349077733995 
6.9 	 0.007585634239702797 
6.92 	 0.007085979911419518 
6.94 	 0.006696723127175341 
6.96 	 0.006298353567328743 
6.98 	 0.006006148606879137 
7.0 	 0.005693281764404445 
7.02 	 0.005486309913377139 
7.04 	 0.005250917468426416 
7.06 	 0.005122196206614535 
7.08 	 0.0049589967112963415 
7.1 	 0.004899959883511206 
7.12 	 0.004801242546007739 
7.14 	 0.004798215054034521 
7.16 	 0.0047515432889486675 
7.18 	 0.004786579515145229 
7.2 	 0.0047763136675350775 
7.22 	 0.004831335465901003 
7.24 	 0.004842557530674346 
7.26 	 0.004903934204986448 
7.28 	 0.004926022187720339 
7.3 	 0.004986475040612733 
7.32 	 0.005013892306918305 
7.34 	 0.005070251201880873 
7.36 	 0.005099942979738416 
7.38 	 0.005148101871685254 
7.4 	 0.005175200037309578 
7.42 	 0.0052057689130445015 
7.44 	 0.005220596312440238 
7.46 	 0.005218661957614065 
7.48 	 0.00520739428176576 
7.5 	 0.005157468605559305 
7.52 	 0.005106684720540492 
7.54 	 0.005000708118524373 
7.56 	 0.004903774629152619 
7.58 	 0.004747835625068119 
7.6 	 0.0046099004826628265 
7.62 	 0.0044256846448120545 
7.64 	 0.004264636343723657 
7.66 	 0.004084613527737149 
7.68 	 0.003927426113153798 
7.7 	 0.0037863520813590625 
7.72 	 0.003662486230519055 
7.74 	 0.0035891937038395024 
7.76 	 0.003523662551599889 
7.78 	 0.0035357050068767705 
7.8 	 0.0035437843850466737 
7.82 	 0.0036451960492988713 
7.84 	 0.0037296485564202795 
7.86 	 0.003910976158710856 
7.88 	 0.0040620311776176175 
7.9 	 0.004302174079744041 
7.92 	 0.00450026004510615 
7.94 	 0.004770362476847283 
7.96 	 0.004991107213276678 
7.98 	 0.0052605123128861035 
8.0 	 0.005480661484560068 
8.02 	 0.005723525338278474 
8.04 	 0.0059257309412890985 
8.06 	 0.006125505070592056 
8.08 	 0.006300113932694567 
8.1 	 0.006449495893566282 
8.12 	 0.0065927535571514775 
8.14 	 0.006689324205598973 
8.16 	 0.0067992874158394195 
8.18 	 0.006840083072394337 
8.2 	 0.006912888131866159 
8.22 	 0.006892008226906974 
8.24 	 0.0069209441266336515 
8.26 	 0.006832103797653549 
8.28 	 0.006810159053394781 
8.3 	 0.00665244063479 
8.32 	 0.006576740792711731 
8.34 	 0.006359325289116142 
8.36 	 0.00623459187286526 
8.38 	 0.00597681569558022 
8.4 	 0.0058155265936652495 
8.42 	 0.005541879261885266 
8.44 	 0.005360915274247236 
8.46 	 0.005093987680587151 
8.48 	 0.0049097199463401 
8.5 	 0.004664959592524471 
8.52 	 0.004489366169311703 
8.54 	 0.004273629376234282 
8.56 	 0.004112929501528794 
8.58 	 0.003926329932398121 
8.6 	 0.0037819891882181567 
8.62 	 0.003621246381018369 
8.64 	 0.003492217165119544 
8.66 	 0.0033538023819700345 
8.68 	 0.0032387867572120153 
8.7 	 0.00312089888121667 
8.72 	 0.0030198531204865104 
8.74 	 0.002922965746481087 
8.76 	 0.0028375471387707667 
8.78 	 0.0027637007127252816 
8.8 	 0.0026966865503184286 
8.82 	 0.0026479067519322858 
8.84 	 0.0026018300031764355 
8.86 	 0.002578175726172922 
8.88 	 0.002553620120702252 
8.9 	 0.0025514801624724423 
8.92 	 0.002545659516826919 
8.94 	 0.0025569855810878466 
8.96 	 0.0025632678786484384 
8.98 	 0.002576314942241745 
9.0 	 0.0025850966410805327 
9.02 	 0.0025867961965131267 
9.04 	 0.0025875993190922165 
9.06 	 0.002566941902339067 
9.08 	 0.002551029324800181 
9.1 	 0.0025021412904895285 
9.12 	 0.0024646528750203425 
9.14 	 0.0023881879252063572 
9.16 	 0.002328995668933011 
9.18 	 0.0022312788271840935 
9.2 	 0.002154372635815468 
9.22 	 0.002044953076625878 
9.24 	 0.001956862139049825 
9.26 	 0.0018458575721375784 
9.28 	 0.0017539709357139153 
9.3 	 0.0016503533670184064 
9.32 	 0.0015618329490526077 
9.34 	 0.0014729565191894149 
9.36 	 0.0013944073460810122 
9.38 	 0.001326306589852224 
9.4 	 0.0012638524875664915 
9.42 	 0.0012215600741850678 
9.44 	 0.0011807556461269993 
9.46 	 0.0011680837594477997 
9.48 	 0.001153248248235079 
9.5 	 0.0011719032866210994 
9.52 	 0.001184881449881921 
9.54 	 0.0012331987078272313 
9.56 	 0.0012720250748346252 
9.58 	 0.001343897197283102 
9.6 	 0.0014021124004526871 
9.62 	 0.001486812170772596 
9.64 	 0.0015540632572491326 
9.66 	 0.0016375573715746072 
9.68 	 0.0017016055023230912 
9.7 	 0.0017694748575621368 
9.72 	 0.0018190736851529425 
9.74 	 0.0018603063518139353 
9.76 	 0.0018879613753924928 
9.78 	 0.0018981077830507332 
9.8 	 0.0019017253904222366 
9.82 	 0.0018839026676837746 
9.84 	 0.0018667869455864523 
9.86 	 0.0018300614450354894 
9.88 	 0.0017994088267370243 
9.9 	 0.0017555193466492717 
9.92 	 0.001720164087010275 
9.94 	 0.0016802748841126195 
9.96 	 0.0016486253019110907 
9.98 	 0.0016213526357694282 
10.0 	 0.001600133924826248 
10.02 	 0.001591031301002515 
10.04 	 0.0015848733518206506 
10.06 	 0.001596766171316466 
10.08 	 0.0016082514479977385 
10.1 	 0.0016416670774929514 
10.12 	 0.0016713997087761953 
10.14 	 0.0017246497406838703 
10.16 	 0.001771129953503947 
10.18 	 0.0018400039808445655 
10.2 	 0.0018993667975969017 
10.22 	 0.00197669963185395 
10.24 	 0.0020425647795420314 
10.26 	 0.0021181454380501327 
10.28 	 0.00218190690722611 
10.3 	 0.0022433062679176785 
10.32 	 0.0022951500144688026 
10.34 	 0.0023298888564111213 
10.36 	 0.0023606054469709043 
10.38 	 0.00235946100538551 
10.4 	 0.0023627116895121336 
10.42 	 0.0023230086656761185 
10.44 	 0.0022972748161369746 
10.46 	 0.0022244220000810404 
10.48 	 0.0021737241113365022 
10.5 	 0.0020798197998505795 
10.52 	 0.0020126742442477274 
10.54 	 0.001912623444001107 
10.56 	 0.0018395252267971503 
10.58 	 0.0017465799602737959 
10.6 	 0.001677070929854536 
10.62 	 0.0015998344988120258 
10.64 	 0.0015403990466826391 
10.66 	 0.0014822062783872573 
10.68 	 0.0014357162048060916 
10.7 	 0.001395969706822319 
10.72 	 0.0013625542687779445 
10.74 	 0.0013388746283452926 
10.76 	 0.0013174391047660182 
10.78 	 0.0013074691187315176 
10.8 	 0.001296935099643497 
10.82 	 0.0012990762301274912 
10.84 	 0.0012987537366785397 
10.86 	 0.0013117429961436158 
10.88 	 0.0013208167105752166 
10.9 	 0.0013426220415378694 
10.92 	 0.001359231372447862 
10.94 	 0.0013860402924859687 
10.96 	 0.0014066340170879414 
10.98 	 0.00143264789437875 
11.0 	 0.0014521310011446438 
11.02 	 0.0014705001804878341 
11.04 	 0.001483260114038156 
11.06 	 0.0014879297381807518 
11.08 	 0.0014893602011969017 
11.1 	 0.0014770726251237935 
11.12 	 0.0014649609361906263 
11.14 	 0.001436495429678552 
11.16 	 0.0014117318621563104 
11.18 	 0.001371832860258049 
11.2 	 0.0013382487724994767 
11.22 	 0.0012943788297987361 
11.24 	 0.001257886373183704 
11.26 	 0.0012184382727970342 
11.28 	 0.0011858155180281128 
11.3 	 0.0011584195042263113 
11.32 	 0.0011360247916736275 
11.34 	 0.0011262450450260312 
11.36 	 0.0011188024915439656 
11.38 	 0.0011292187605172774 
11.4 	 0.0011387814306333523 
11.42 	 0.0011684250941206289 
11.44 	 0.0011937375916971746 
11.46 	 0.0012380302331741742 
11.48 	 0.0012746209677640108 
11.5 	 0.0013261018467490826 
11.52 	 0.0013673109853018727 
11.54 	 0.0014172838393993867 
11.56 	 0.0014560172798237254 
11.58 	 0.0014967415318325405 
11.6 	 0.0015272785161175421 
11.62 	 0.001553811854809127 
11.64 	 0.0015728870065372033 
11.66 	 0.0015837359563358592 
11.68 	 0.00159056417197534 
11.7 	 0.0015871163163998193 
11.72 	 0.001582774925197753 
11.74 	 0.001568444946606092 
11.76 	 0.0015554957102261254 
11.78 	 0.001535658068683029 
11.8 	 0.001518629561096573 
11.82 	 0.0015014635689194842 
11.84 	 0.0014879078808017854 
11.86 	 0.001485049820090377 
11.88 	 0.0014859974297214368 
11.9 	 0.001511545950578112 
11.92 	 0.0015400866245981304 
11.94 	 0.0016073945861918217 
11.96 	 0.001675060194407726 
11.98 	 0.001792015266610505 
12.0 	 0.0019041026657102315 
12.02 	 0.00206830204554214 
12.04 	 0.0022202866231358464 
12.06 	 0.002415767776147969 
12.08 	 0.0025927276239224553 
12.1 	 0.0027901722560233545 
12.12 	 0.0029696490384697577 
12.14 	 0.0031316238091124294 
12.16 	 0.0032886323110070865 
12.18 	 0.0033794737910871585 
12.2 	 0.0034917819743911067 
12.22 	 0.003488731729320479 
12.24 	 0.0035411932932123166 
12.26 	 0.0034416409089103456 
12.28 	 0.0034290074917127343 
12.3 	 0.0032501664647459163 
12.32 	 0.0031777214639184415 
12.34 	 0.0029492333356536974 
12.36 	 0.0028307332699228686 
12.38 	 0.002584531461621045 
12.4 	 0.0024380765074556872 
12.42 	 0.0022004004740672585 
12.44 	 0.002043957378441423 
12.46 	 0.0018318390976488925 
12.48 	 0.0016800156191523266 
12.5 	 0.0015016095732623743 
12.52 	 0.0013642614892254363 
12.54 	 0.0012211127188809002 
12.56 	 0.0011034628848812904 
12.58 	 0.0009930925398342796 
12.6 	 0.0008966936985682645 
12.62 	 0.0008146771883835444 
12.64 	 0.0007386164096281144 
12.66 	 0.0006799576814734607 
12.68 	 0.0006219365870404636 
12.7 	 0.0005818698195752064 
12.72 	 0.0005390423867152505 
12.74 	 0.0005134974705542711 
12.76 	 0.0004831094977972297 
12.78 	 0.00046903489151329375 
12.8 	 0.00044893695365330984 
12.82 	 0.00044453934206673326 
12.84 	 0.00043356142619872535 
12.86 	 0.00043837863659545 
12.88 	 0.00043645487149587185 
12.9 	 0.00045112752456171395 
12.92 	 0.00045905306423093357 
12.94 	 0.0004847496089624932 
12.96 	 0.0005035795458405163 
12.98 	 0.0005412001492053555 
13.0 	 0.0005714899718666119 
13.02 	 0.0006209014522288882 
13.04 	 0.0006620954163663 
13.06 	 0.0007216399462484828 
13.08 	 0.0007718352001168444 
13.1 	 0.0008382168791470926 
13.12 	 0.0008943112140006906 
13.14 	 0.0009627971439572714 
13.16 	 0.0010208407059300608 
13.18 	 0.0010856485957709077 
13.2 	 0.0011412134082801717 
13.22 	 0.0011960488956543193 
13.24 	 0.0012445806167217508 
13.26 	 0.0012834211754235256 
13.28 	 0.001320674212252975 
13.3 	 0.0013388642389104114 
13.32 	 0.0013614988476100987 
13.34 	 0.0013569461154992433 
13.36 	 0.001363198051188731 
13.38 	 0.0013371549293991188 
13.4 	 0.001327320821442185 
13.42 	 0.001284239771457934 
13.44 	 0.001260703339595481 
13.46 	 0.0012070884305411503 
13.48 	 0.0011737855512589886 
13.5 	 0.0011165214970103804 
13.52 	 0.0010780135225813298 
13.54 	 0.001022901659995309 
13.56 	 0.0009834254608502811 
13.58 	 0.0009344415972458858 
13.6 	 0.0008972964279321686 
13.62 	 0.0008566329306012537 
13.64 	 0.0008240509360593396 
13.66 	 0.0007926345701717195 
13.68 	 0.0007660061290747674 
13.7 	 0.0007440602856743757 
13.72 	 0.0007242253615129518 
13.74 	 0.0007115618036509565 
13.76 	 0.0006989231969602006 
13.78 	 0.0006948980244134187 
13.8 	 0.0006893109415447051 
13.82 	 0.0006926187777953566 
13.84 	 0.0006932161495088075 
13.86 	 0.0007018000666247548 
13.88 	 0.0007069812881677104 
13.9 	 0.0007182533210053954 
13.92 	 0.0007259536595621539 
13.94 	 0.0007373062599892978 
13.96 	 0.000745465468167734 
13.98 	 0.0007548475887828225 
14.0 	 0.0007618613046664238 
14.02 	 0.0007681393681123007 
14.04 	 0.0007730967150518496 
14.06 	 0.0007760590678134226 
14.08 	 0.0007787105594586046 
14.1 	 0.0007787926695085102 
14.12 	 0.0007793415903784568 
14.14 	 0.0007772829204373657 
14.16 	 0.0007761566638630446 
14.18 	 0.0007727749064896027 
14.2 	 0.0007704941183429858 
14.22 	 0.0007666374757378211 
14.24 	 0.000763812084156019 
14.26 	 0.0007604344624147668 
14.28 	 0.0007578419201093679 
14.3 	 0.0007560991622181621 
14.32 	 0.0007547704126611901 
14.34 	 0.0007560448921844991 
14.36 	 0.000757284382546676 
14.38 	 0.0007630692256974293 
14.4 	 0.00076834434328002 
14.42 	 0.0007799405974166756 
14.44 	 0.000790594686307457 
14.46 	 0.0008086161194414431 
14.48 	 0.0008254120868458081 
14.5 	 0.0008491835910027863 
14.52 	 0.0008717839090757292 
14.54 	 0.0008988564832256685 
14.56 	 0.0009254519837388616 
14.58 	 0.0009515679761078565 
14.6 	 0.0009788988511868835 
14.62 	 0.0009986943250425073 
14.64 	 0.0010225974806134274 
14.66 	 0.001031025692422244 
14.68 	 0.0010474195933234216 
14.7 	 0.0010414117285436908 
14.72 	 0.0010474079941695054 
14.74 	 0.0010269846509504803 
14.76 	 0.0010217144901692688 
14.78 	 0.0009899498960391309 
14.8 	 0.0009747692763163469 
14.82 	 0.0009366354054476097 
14.84 	 0.0009146118329813542 
14.86 	 0.0008753252332261515 
14.88 	 0.0008502211043960197 
14.9 	 0.0008138525659506984 
14.92 	 0.0007890392493580224 
14.94 	 0.0007578326278671536 
14.96 	 0.0007355518481782124 
14.98 	 0.0007099628357825013 
15.0 	 0.0006911161186628125 
15.02 	 0.0006703047810960102 
15.04 	 0.0006546762812520512 
15.06 	 0.0006371345297878014 
15.08 	 0.0006238126940177299 
15.1 	 0.0006079058256097245 
15.12 	 0.0005957005358374776 
15.14 	 0.000580043439122361 
15.16 	 0.0005678099698647381 
15.18 	 0.000551498332048239 
15.2 	 0.0005383726138914356 
15.22 	 0.0005211131961009059 
15.24 	 0.0005066875682792586 
15.26 	 0.0004888415493866331 
15.28 	 0.00047328228305271565 
15.3 	 0.0004558018855681886 
15.32 	 0.0004398724893763758 
15.34 	 0.0004241090820264771 
15.36 	 0.0004090527971213946 
15.38 	 0.00039644512996371366 
15.4 	 0.0003837098883909129 
15.42 	 0.0003754036208567032 
15.44 	 0.000366254532348976 
15.46 	 0.00036274125044883976 
15.48 	 0.0003578718939437994 
15.5 	 0.0003587581359746316 
15.52 	 0.00035804291801838325 
15.54 	 0.00036205262752478064 
15.56 	 0.00036454656904983247 
15.58 	 0.0003698013032878629 
15.6 	 0.0003739963116104994 
15.62 	 0.00037850599575855125 
15.64 	 0.00038274456926444506 
15.66 	 0.0003849306489740357 
15.68 	 0.00038782055402819196 
15.7 	 0.0003868650191966706 
15.72 	 0.0003875569099651323 
15.74 	 0.00038345897265762224 
15.76 	 0.0003817210401865175 
15.78 	 0.00037509131972027134 
15.8 	 0.0003711990175119537 
15.82 	 0.00036292954983842035 
15.84 	 0.0003574493146965549 
15.86 	 0.0003484110800955384 
15.88 	 0.0003419751542860714 
15.9 	 0.00033283317470805194 
15.92 	 0.0003259778527189499 
15.94 	 0.00031713523841179347 
15.96 	 0.00031022759906049625 
15.98 	 0.0003018591800500382 
16.0 	 0.00029509654663473304 
16.02 	 0.0002872210930622304 
16.04 	 0.0002806703511600986 
16.06 	 0.0002732241404275787 
16.08 	 0.00026687208569629216 
16.1 	 0.00025976608552861835 
16.12 	 0.0002535640899585827 
16.14 	 0.00024672059023621035 
16.16 	 0.00024061695145129785 
16.18 	 0.000233987812357394 
16.2 	 0.0002279468696330889 
16.22 	 0.00022151798619289337 
16.24 	 0.00021552807000703423 
16.26 	 0.00020931528850645417 
16.28 	 0.00020338882909742858 
16.3 	 0.00019742965151173282 
16.32 	 0.00019159839649074035 
16.34 	 0.000185942204349793 
16.36 	 0.00018024953010840203 
16.38 	 0.0001749487339933617 
16.4 	 0.0001694415122090544 
16.42 	 0.0001645479648166257 
16.44 	 0.00015927314440552555 
16.46 	 0.00015484639239661202 
16.48 	 0.00014986011666328673 
16.5 	 0.0001459923903130353 
16.52 	 0.00014138748089714758 
16.54 	 0.000138241253620982 
16.56 	 0.00013418847656372475 
16.58 	 0.00013202720108969264 
16.6 	 0.00012880848822095472 
16.62 	 0.00012798821678986681 
16.64 	 0.00012598624887797882 
16.66 	 0.00012687837969681175 
16.68 	 0.0001264928027407962 
16.7 	 0.00012933501553497097 
16.72 	 0.00013083065344507834 
16.74 	 0.00013554909356155323 
16.76 	 0.00013889289754936355 
16.78 	 0.00014498108400976746 
16.8 	 0.00014975520101338379 
16.82 	 0.00015629977329630992 
16.84 	 0.00016175406575966972 
16.86 	 0.00016764034998094924 
16.88 	 0.00017287595021855368 
16.9 	 0.0001771060716475974 
16.92 	 0.00018131252001550937 
16.94 	 0.0001832928689651441 
16.96 	 0.0001859423544001219 
16.98 	 0.00018560942698623634 
17.0 	 0.00018654438183428326 
17.02 	 0.0001842918914432601 
17.04 	 0.00018369404776284889 
17.06 	 0.00018016632976240846 
17.08 	 0.00017843766412005071 
17.1 	 0.00017429766727410426 
17.12 	 0.0001719060648809619 
17.14 	 0.00016766384252005586 
17.16 	 0.00016500752890602472 
17.18 	 0.00016094469136475938 
17.2 	 0.00015827255848601388 
17.22 	 0.00015445546757368063 
17.24 	 0.00015185426415556208 
17.26 	 0.00014820568879330152 
17.28 	 0.00014564096049851744 
17.3 	 0.0001420324676469782 
17.32 	 0.00013941580724251528 
17.34 	 0.00013574628029453572 
17.36 	 0.00013299922254566575 
17.38 	 0.0001292368918331472 
17.4 	 0.0001263300467190825 
17.42 	 0.00012251340828227025 
17.44 	 0.00011947369161239608 
17.46 	 0.00011568356541476435 
17.48 	 0.00011257639635439641 
17.5 	 0.00010889950856639309 
17.52 	 0.0001058008602946566 
17.54 	 0.00010230243947974326 
17.56 	 9.927526139547365e-05 
17.58 	 9.59884753060733e-05 
17.6 	 9.30714354450695e-05 
17.62 	 9.000185958733456e-05 
17.64 	 8.721057007327462e-05 
17.66 	 8.434882044630642e-05 
17.68 	 8.168491067937205e-05 
17.7 	 7.902050957476368e-05 
17.72 	 7.648312312099806e-05 
17.74 	 7.401518856902678e-05 
17.76 	 7.161100608824562e-05 
17.78 	 6.935378671965464e-05 
17.8 	 6.710330721352765e-05 
17.82 	 6.508576210896299e-05 
17.84 	 6.302433288012812e-05 
17.86 	 6.128339131976526e-05 
17.88 	 5.9455881596268026e-05 
17.9 	 5.802389434717594e-05 
17.92 	 5.647307168543027e-05 
17.94 	 5.5361935677903736e-05 
17.96 	 5.411302017562386e-05 
17.98 	 5.329994558380224e-05 
18.0 	 5.234657822948928e-05 
18.02 	 5.176776680251774e-05 
18.04 	 5.1065681308409984e-05 
18.06 	 5.062243355691928e-05 
18.08 	 5.0094730753214814e-05 
18.1 	 4.9671318316508114e-05 
18.12 	 4.922385842736407e-05 
18.14 	 4.8710305241047525e-05 
18.16 	 4.825048004907794e-05 
18.18 	 4.756058858108411e-05 
18.2 	 4.7011396850536856e-05 
18.22 	 4.6089789280835214e-05 
18.24 	 4.539495993821913e-05 
18.26 	 4.4214513902664686e-05 
18.28 	 4.3336686908566255e-05 
18.3 	 4.189347096355736e-05 
18.32 	 4.0811414800298364e-05 
18.34 	 3.912334691428452e-05 
18.36 	 3.783293498602982e-05 
18.38 	 3.594210461574643e-05 
18.4 	 3.446066827061782e-05 
18.42 	 3.2433670695354675e-05 
18.44 	 3.0802886287767976e-05 
18.46 	 2.8723744670415842e-05 
18.48 	 2.7006067535727267e-05 
18.5 	 2.4961783428616997e-05 
18.52 	 2.3229497992517246e-05 
18.54 	 2.129383405327627e-05 
18.56 	 1.96146826126267e-05 
18.58 	 1.7837035653376724e-05 
18.6 	 1.626250432585082e-05 
18.62 	 1.4665521547638879e-05 
18.64 	 1.3226048408272626e-05 
18.66 	 1.1811029698788485e-05 
18.68 	 1.0518452645340975e-05 
18.7 	 9.274639585613222e-06 
18.72 	 8.129022872373498e-06 
18.74 	 7.042678791545309e-06 
18.76 	 6.039895226396648e-06 
18.78 	 5.100790037085862e-06 
18.8 	 4.2384948735160596e-06 
18.82 	 3.443496813422892e-06 
18.84 	 2.724991936530502e-06 
18.86 	 2.0798820410969706e-06 
18.88 	 1.5167654527922457e-06 
18.9 	 1.0379445648300761e-06 
18.92 	 6.531674689521219e-07 
18.94 	 3.709782374338167e-07 
18.96 	 2.043243928380376e-07 
18.98 	 1.695638851268693e-07 
19.0 	 2.8787461048343457e-07 
19.02 	 5.824710361017063e-07 
19.04 	 1.0967993148385498e-06 
19.06 	 1.847590066787089e-06 
19.08 	 2.9376573154996145e-06 
19.1 	 4.327634374037799e-06 
19.12 	 6.268828663436221e-06 
19.14 	 8.533854546383806e-06 
19.16 	 1.1712906413886589e-05 
19.18 	 1.510898309136871e-05 
19.2 	 2.0003656156641297e-05 
19.22 	 2.4738976976688527e-05 
19.24 	 3.1830507797865645e-05 
19.26 	 3.797895656001859e-05 
19.28 	 4.7572485122219256e-05 
19.3 	 5.500097725702887e-05 
19.32 	 6.696123321890405e-05 
19.34 	 7.528371459099807e-05 
19.36 	 8.876256800189483e-05 
19.38 	 9.729278957007047e-05 
19.4 	 0.00011061578061902596 
19.42 	 0.0001183058495867448 
19.44 	 0.0001292145116556896 
19.46 	 0.00013467511932568297 
19.48 	 0.00014098089811360364 
19.5 	 0.0001427579475752382 
19.52 	 0.00014316872040889088 
19.54 	 0.0001403122132557088 
19.56 	 0.00013497910222140007 
19.58 	 0.00012762844763257182 
19.6 	 0.00011808427903716327 
19.62 	 0.00010764563971913151 
19.64 	 9.621294369633736e-05 
19.66 	 8.495327054077728e-05 
19.68 	 7.402473295265352e-05 
19.7 	 6.433823683021112e-05 
19.72 	 5.5904836009664665e-05 
19.74 	 4.969397627503793e-05 
19.76 	 4.522337820500554e-05 
19.78 	 4.365292765880127e-05 
19.8 	 4.419457453610454e-05 
19.82 	 4.777717752849656e-05 
19.84 	 5.412285199444087e-05 
19.86 	 6.294378597681504e-05 
19.88 	 7.573078663493174e-05 
19.9 	 8.965163963630176e-05 
19.92 	 0.00010935956695525392 
19.94 	 0.00012813819022995654 
19.96 	 0.00015496906514152366 
19.98 	 0.00017829554969070693 
20.0 	 0.00021195138154975662 
20.02 	 0.0002394031550662548 
20.04 	 0.00027879983835652 
20.06 	 0.0003096938267320793 
20.08 	 0.0003526894531442734 
20.1 	 0.0003858068769151478 
20.12 	 0.0004290821775922563 
20.14 	 0.0004623115047179971 
20.16 	 0.0005015880675702933 
20.18 	 0.0005316834248351033 
20.2 	 0.0005624169695215367 
20.22 	 0.0005852065180932215 
20.24 	 0.0006036762109532309 
20.26 	 0.0006149723402813938 
20.28 	 0.0006193757452271096 
20.3 	 0.0006164132067633343 
20.32 	 0.0006074221411152476 
20.34 	 0.0005901161506335395 
20.36 	 0.0005705707098602503 
20.38 	 0.0005417756902807115 
20.4 	 0.0005156856977714385 
20.42 	 0.00048021027357017526 
20.44 	 0.0004515960555467175 
20.46 	 0.0004145514318933706 
20.48 	 0.0003866128185948953 
20.5 	 0.0003520068987360726 
20.52 	 0.0003267924946510168 
20.54 	 0.0002969267595183785 
20.56 	 0.0002754056729775792 
20.58 	 0.000251040741715099 
20.6 	 0.00023339650968261285 
20.62 	 0.00021431637402237512 
20.64 	 0.00020031177206047762 
20.66 	 0.00018592160075162103 
20.68 	 0.0001752273714729307 
20.7 	 0.00016497916261258772 
20.72 	 0.00015739503881551583 
20.74 	 0.00015098070926786714 
20.76 	 0.00014650961193166367 
20.78 	 0.00014384247629656445 
20.8 	 0.0001426112376618225 
20.82 	 0.00014365416775255304 
20.84 	 0.00014571006283841333 
20.86 	 0.00015022828970641386 
20.88 	 0.00015528414106270674 
20.9 	 0.0001626125140406123 
20.92 	 0.00016985422280365258 
20.94 	 0.00017877291882057765 
20.96 	 0.00018685015504316522 
20.98 	 0.00019565298777057076 
21.0 	 0.00020291225908543407 
21.02 	 0.0002097068418535146 
21.04 	 0.0002146035823426246 
21.06 	 0.00021778388526731972 
21.08 	 0.0002192989850264404 
21.1 	 0.00021801275996103674 
21.12 	 0.00021588833650640747 
21.14 	 0.00021028013140184253 
21.16 	 0.00020499471597844391 
21.18 	 0.0001961056081169293 
21.2 	 0.00018864682342203124 
21.22 	 0.00017803649130847317 
21.24 	 0.00016960032470925517 
21.26 	 0.00015888550832245988 
21.28 	 0.00015061186688207633 
21.3 	 0.00014110593122480718 
21.32 	 0.00013389951897179044 
21.34 	 0.0001264333716922514 
21.36 	 0.00012087069383183362 
21.38 	 0.00011577324662450583 
21.4 	 0.00011207786370598169 
21.42 	 0.00010925135425481618 
21.44 	 0.00010732094523446792 
21.46 	 0.00010635618607610508 
21.48 	 0.00010583206420889368 
21.5 	 0.00010613661494259282 
21.52 	 0.00010650867148741181 
21.54 	 0.00010743958641567608 
21.56 	 0.00010817297258690188 
21.58 	 0.00010916576638540656 
21.6 	 0.00010982337773683128 
21.62 	 0.00011049632791832366 
21.64 	 0.00011082327006988724 
21.66 	 0.00011102696228927302 
21.68 	 0.00011096980549075439 
21.7 	 0.00011076119661196504 
21.72 	 0.00011041749269687136 
21.74 	 0.00010996673652807892 
21.76 	 0.0001094883431099562 
21.78 	 0.000108957629572078 
21.8 	 0.00010844917655116283 
21.82 	 0.00010789427421235036 
21.84 	 0.00010734679722343108 
21.86 	 0.00010667811666718132 
21.88 	 0.00010596073235032547 
21.9 	 0.00010497418442769585 
21.92 	 0.00010388409411979068 
21.94 	 0.00010234829283885518 
21.96 	 0.0001007004605267589 
21.98 	 9.847121163495694e-05 
22.0 	 9.61974056790656e-05 
22.02 	 9.332079591178196e-05 
22.04 	 9.054390870007026e-05 
22.06 	 8.730713065587923e-05 
22.08 	 8.436233265462802e-05 
22.1 	 8.126450581464132e-05 
22.12 	 7.86551520118142e-05 
22.14 	 7.630167539712027e-05 
22.16 	 7.460087292058794e-05 
22.18 	 7.356020560393464e-05 
22.2 	 7.328827947650785e-05 
22.22 	 7.396531671637509e-05 
22.24 	 7.54790336869962e-05 
22.26 	 7.804282744487813e-05 
22.28 	 8.146166111286938e-05 
22.3 	 8.583072197884506e-05 
22.32 	 9.100619253795356e-05 
22.34 	 9.686841192433945e-05 
22.36 	 0.00010338876269322575 
22.38 	 0.00011023194525403846 
22.4 	 0.00011745672981985193 
22.42 	 0.00012460612513653891 
22.44 	 0.00013173844911773308 
22.46 	 0.0001384198711818441 
22.48 	 0.00014462758860421591 
22.5 	 0.00015007659059478764 
22.52 	 0.0001546524770624849 
22.54 	 0.00015826329352371113 
22.56 	 0.00016077950636316424 
22.58 	 0.0001622483885701164 
22.6 	 0.00016264472000564355 
22.62 	 0.00016204430025142628 
22.64 	 0.0001606138202900418 
22.66 	 0.00015836051130099763 
22.68 	 0.0001556461078169973 
22.7 	 0.00015237754810881003 
22.72 	 0.00014903257851911887 
22.74 	 0.00014545622337194935 
22.76 	 0.00014212766824408046 
22.78 	 0.0001389043208970675 
22.8 	 0.00013617124365012515 
22.82 	 0.0001338628658882499 
22.84 	 0.00013222743267552375 
22.86 	 0.00013129604854602458 
22.88 	 0.00013119845627034915 
22.9 	 0.00013201940985408184 
22.92 	 0.00013384129948725771 
22.94 	 0.0001366975609142091 
22.96 	 0.00014072974392363483 
22.98 	 0.0001457743872908936 
23.0 	 0.00015214569662533916 
23.02 	 0.00015934105667787725 
23.04 	 0.00016792646369032362 
23.06 	 0.00017698115478029992 
23.08 	 0.00018732357280206946 
23.1 	 0.0001976534167404305 
23.12 	 0.0002089423232519006 
23.14 	 0.00021968331317457541 
23.16 	 0.00023082940528811068 
23.18 	 0.0002409293622540556 
23.2 	 0.00025075029226273766 
23.22 	 0.0002591518037726796 
23.24 	 0.0002666400543634338 
23.26 	 0.0002725335078067431 
23.28 	 0.0002771327678606866 
23.3 	 0.0002802147756958887 
23.32 	 0.0002820157849900477 
23.34 	 0.0002826633370291186 
23.36 	 0.00028245851585854395 
23.38 	 0.0002817469472442695 
23.4 	 0.00028093634435383356 
23.42 	 0.00028048382042456633 
23.44 	 0.0002808662710025114 
23.46 	 0.0002825461093055985 
23.48 	 0.0002860393014098098 
23.5 	 0.00029163532594013 
23.52 	 0.0002999610592978963 
23.54 	 0.0003108479174239747 
23.56 	 0.00032522534913688683 
23.58 	 0.00034214998617713397 
23.6 	 0.0003630739808522819 
23.62 	 0.00038610542139276674 
23.64 	 0.0004133217930271928 
23.66 	 0.0004420161201273965 
23.68 	 0.00047477818742059995 
23.7 	 0.0005085495286765693 
23.72 	 0.0005461038431249354 
23.74 	 0.0005846772958672568 
23.76 	 0.0006267239974179318 
23.78 	 0.0006704041001862693 
23.8 	 0.0007171637158472375 
23.82 	 0.000766601984184388 
23.84 	 0.0008182537172871157 
23.86 	 0.0008735625150414951 
23.88 	 0.000929195456003554 
23.9 	 0.0009886125254016081 
23.92 	 0.0010452407093309772 
23.94 	 0.0011039409762937037 
23.96 	 0.0011562844436002776 
23.98 	 0.0012061766756666986 
24.0 	 0.0012476145131549033 
24.02 	 0.001278818977606616 
24.04 	 0.0013032617379835469 
24.06 	 0.001307208174930458 
24.08 	 0.0013110344159057519 
24.1 	 0.0012839353978900492 
24.12 	 0.0012670700582596095 
24.14 	 0.001211819236668905 
24.16 	 0.0011775593227018569 
24.18 	 0.0011028003494284056 
24.2 	 0.0010566611570441656 
24.22 	 0.0009735734881691267 
24.24 	 0.0009217613674962952 
24.26 	 0.0008404783993936652 
24.28 	 0.0007885377295693632 
24.3 	 0.0007159268431060781 
24.32 	 0.0006678894398881094 
24.34 	 0.0006071685272144897 
24.36 	 0.0005653113115269371 
24.38 	 0.0005169121448804592 
24.4 	 0.00048202824460367316 
24.42 	 0.00044484869224703906 
24.44 	 0.00041679513757818514 
24.46 	 0.00038925814563061154 
24.48 	 0.00036752073550087297 
24.5 	 0.00034822667957429276 
24.52 	 0.00033232778694424137 
24.54 	 0.0003203187737083944 
24.56 	 0.0003100045487137509 
24.58 	 0.000304739392568615 
24.6 	 0.0002999556368008678 
24.62 	 0.00030109237393924777 
24.64 	 0.00030179378776699125 
24.66 	 0.000308862625375423 
24.68 	 0.0003147305750049944 
24.7 	 0.00032678953486159324 
24.72 	 0.00033697157093369635 
24.74 	 0.0003523652167851905 
24.76 	 0.0003653679532640062 
24.78 	 0.00038172051481713234 
24.8 	 0.00039554420235381465 
24.82 	 0.00041006472657819715 
24.84 	 0.00042255771660552855 
24.86 	 0.00043260004937557573 
24.88 	 0.00044189358659083304 
24.9 	 0.00044555929468345715 
24.92 	 0.00045040229237245673 
24.94 	 0.00044692105024647774 
24.96 	 0.00044680149114074963 
24.98 	 0.00043654010368766925 
25.0 	 0.00043160017996012403 
25.02 	 0.00041576183781355096 
25.04 	 0.00040660287581962195 
25.06 	 0.00038681937151044654 
25.08 	 0.00037430661844116046 
25.1 	 0.000352308271732089 
25.12 	 0.0003374395093139241 
25.14 	 0.00031486616427357723 
25.16 	 0.0002987048981808149 
25.18 	 0.00027701568613927184 
25.2 	 0.0002606487716432458 
25.22 	 0.0002410633178704308 
25.24 	 0.00022554125520481074 
25.26 	 0.0002089798084394685 
25.28 	 0.00019522541111711958 
25.3 	 0.00018225540264712743 
25.32 	 0.0001709586100055377 
25.34 	 0.00016177006070289195 
25.36 	 0.00015330453308995686 
25.38 	 0.00014773173658814582 
25.4 	 0.00014212848912613938 
25.42 	 0.00013972615491905709 
25.44 	 0.0001367250986160287 
25.46 	 0.00013689719753930019 
25.48 	 0.00013607251892229315 
25.5 	 0.00013823420213060592 
25.52 	 0.00013915778926649642 
25.54 	 0.00014288425804368505 
25.56 	 0.0001452645431753025 
25.58 	 0.00015036289673561035 
25.6 	 0.0001540934394978044 
25.62 	 0.00016054871889038767 
25.64 	 0.0001656339917116197 
25.66 	 0.00017343454656195125 
25.68 	 0.00017982109646070922 
25.7 	 0.00018873542812032713 
25.72 	 0.00019613398993379217 
25.74 	 0.00020555094390985014 
25.76 	 0.00021335108835815342 
25.78 	 0.00022227974434123725 
25.8 	 0.0002296144252600362 
25.82 	 0.00023686953024297777 
25.84 	 0.00024280497419289901 
25.86 	 0.00024731052052547807 
25.88 	 0.00025107216348411033 
25.9 	 0.000252153735137931 
25.92 	 0.0002532937117956146 
25.94 	 0.0002508404585590039 
25.96 	 0.0002492989965211447 
25.98 	 0.0002437491856531915 
26.0 	 0.0002398177145227437 
26.02 	 0.00023200504215972173 
26.04 	 0.00022622933214930184 
26.06 	 0.00021717331419137976 
26.08 	 0.00021023967285085221 
26.1 	 0.00020096379844039577 
26.12 	 0.00019360577905592875 
26.14 	 0.0001850387387216642 
26.16 	 0.00017799263387812452 
26.18 	 0.00017096622650013412 
26.2 	 0.00016498375889678358 
26.22 	 0.00016029434735611746 
26.24 	 0.00015618530764961752 
26.26 	 0.00015464717077584762 
26.28 	 0.00015328706809766393 
26.3 	 0.0001556967457361891 
26.32 	 0.00015792587760470424 
26.34 	 0.00016488986298099175 
26.36 	 0.00017127597777138618 
26.38 	 0.0001829209872284665 
26.4 	 0.0001934500431819063 
26.42 	 0.00020911162104829474 
26.44 	 0.00022295809084813619 
26.46 	 0.00024100258779251858 
26.48 	 0.00025653946023859937 
26.5 	 0.00027447949990303975 
26.52 	 0.0002895840988008853 
26.54 	 0.00030455534183948486 
26.56 	 0.000317106133050596 
26.58 	 0.00032659003589715247 
26.6 	 0.00033494927269694247 
26.62 	 0.0003374580828873417 
26.64 	 0.0003407672128318093 
26.66 	 0.00033619401998569767 
26.68 	 0.0003344298122147779 
26.7 	 0.0003239404993321739 
26.72 	 0.0003177868482599581 
26.74 	 0.0003033671477924488 
26.76 	 0.0002939942498332152 
26.78 	 0.00027789772045597015 
26.8 	 0.0002667254060559997 
26.82 	 0.0002510369843406735 
26.84 	 0.00023953070616580826 
26.86 	 0.00022593296115243285 
26.88 	 0.00021545338661463972 
26.9 	 0.0002051625861298853 
26.92 	 0.00019686265245833542 
26.94 	 0.0001906465581584213 
26.96 	 0.0001853910037449577 
26.98 	 0.00018358889170809543 
27.0 	 0.00018187403154462423 
27.02 	 0.0001843834713344431 
27.04 	 0.0001862609331468669 
27.06 	 0.00019250708590059186 
27.08 	 0.00019754665069857474 
27.1 	 0.0002064870376775978 
27.12 	 0.00021382383364371783 
27.14 	 0.00022404708787205965 
27.16 	 0.00023253197389380863 
27.18 	 0.00024247274769766613 
27.2 	 0.0002508942767248902 
27.22 	 0.0002591206097547819 
27.24 	 0.0002664273338621156 
27.26 	 0.00027190265107502806 
27.28 	 0.00027735486014515367 
27.3 	 0.00027957826509029097 
27.32 	 0.00028279654111289465 
27.34 	 0.00028178644589075836 
27.36 	 0.0002827119419458327 
27.38 	 0.00027887477498991857 
27.4 	 0.00027768462524133065 
27.42 	 0.00027164907525994986 
27.44 	 0.0002686708528319985 
27.46 	 0.0002611521715802097 
27.48 	 0.0002568017682559047 
27.5 	 0.0002485151432614386 
27.52 	 0.000243257139488503 
27.54 	 0.00023486157056496165 
27.56 	 0.00022917397139323288 
27.58 	 0.0002212199576771728 
27.6 	 0.00021554534259484828 
27.62 	 0.00020841838244160286 
27.64 	 0.00020310110429205366 
27.66 	 0.0001969797307327727 
27.68 	 0.00019221226313879725 
27.7 	 0.00018707250672316564 
27.72 	 0.0001828849118322906 
27.74 	 0.00017857024273199 
27.76 	 0.00017488224669626727 
27.78 	 0.0001712233828037639 
27.8 	 0.00016794406856441568 
27.82 	 0.00016487762858418903 
27.84 	 0.0001620057341692904 
27.86 	 0.00015963086692030604 
27.88 	 0.00015730181968660043 
27.9 	 0.00015584062290319192 
27.92 	 0.00015429047264055036 
27.94 	 0.00015396574369224504 
27.96 	 0.00015342347212681065 
27.98 	 0.00015430706933255875 
28.0 	 0.00015486301001505499 
28.02 	 0.0001567610127004115 
28.04 	 0.00015827197294467071 
28.06 	 0.0001606990081153659 
28.08 	 0.00016277465958904316 
28.1 	 0.0001650382850869357 
28.12 	 0.00016711798469250686 
28.14 	 0.00016849334439621085 
28.16 	 0.00016998579285305585 
28.18 	 0.00016992140379232506 
28.2 	 0.00017035723110309876 
28.22 	 0.00016863261111293976 
28.24 	 0.00016777863395709187 
28.26 	 0.00016455092851261195 
28.28 	 0.0001624517831081884 
28.3 	 0.00015817940557187905 
28.32 	 0.0001551197425867961 
28.34 	 0.00015040748695694796 
28.36 	 0.00014681628009676932 
28.38 	 0.00014225331462027336 
28.4 	 0.00013859021197790754 
28.42 	 0.00013463742386117416 
28.44 	 0.00013130014759335704 
28.46 	 0.0001282437546177392 
28.48 	 0.00012551568961801185 
28.5 	 0.00012346889365671677 
28.52 	 0.00012150142770712215 
28.54 	 0.0001204245215570353 
28.56 	 0.00011923735971993207 
28.58 	 0.00011895928285198588 
28.6 	 0.00011844912588497581 
28.62 	 0.00011869444574086376 
28.64 	 0.00011865638533541958 
28.66 	 0.00011909172965464755 
28.68 	 0.00011926199400139578 
28.7 	 0.00011956568354799613 
28.72 	 0.00011968324941199887 
28.74 	 0.00011961921219846919 
28.76 	 0.00011948678813904005 
28.78 	 0.00011894909204446946 
28.8 	 0.0001184667498378725 
28.82 	 0.00011747085346314957 
28.84 	 0.00011662686300889599 
28.86 	 0.00011525533613302832 
28.88 	 0.0001140837958193072 
28.9 	 0.00011242593427859497 
28.92 	 0.00011096404854253244 
28.94 	 0.00010909582506064952 
28.96 	 0.00010737764841696357 
28.98 	 0.00010540180206834118 
29.0 	 0.00010350235705132736 
29.02 	 0.00010162247255232339 
29.04 	 9.972729679976994e-05 
29.06 	 9.829529607245414e-05 
29.08 	 9.674087413075903e-05 
29.1 	 9.62212917368667e-05 
29.12 	 9.545447705107423e-05 
29.14 	 9.629196514808141e-05 
29.16 	 9.673677509040358e-05 
29.18 	 9.916926892088382e-05 
29.2 	 0.00010104905416264431 
29.22 	 0.00010494743177271282 
29.24 	 0.00010815176878560725 
29.26 	 0.00011296984696387205 
29.28 	 0.00011704300689159374 
29.3 	 0.00012192273245511346 
29.32 	 0.00012618482120176514 
29.34 	 0.00013018927415125206 
29.36 	 0.00013392879256277125 
29.38 	 0.00013630677718285352 
29.4 	 0.00013895708733087684 
29.42 	 0.0001393264089891912 
29.44 	 0.00014056712476292576 
29.46 	 0.0001389535963761402 
29.48 	 0.00013872624096660888 
29.5 	 0.00013547300979934926 
29.52 	 0.00013393280934039743 
29.54 	 0.00012954537343727693 
29.56 	 0.00012697986942864973 
29.58 	 0.00012197500108802436 
29.6 	 0.00011871601180008838 
29.62 	 0.00011351560429529684 
29.64 	 0.00010986417646892804 
29.66 	 0.00010474555713573514 
29.68 	 0.00010092311277807831 
29.7 	 9.601925969121679e-05 
29.72 	 9.215122727367234e-05 
29.74 	 8.748605276330887e-05 
29.76 	 8.361574742120754e-05 
29.78 	 7.915580538083564e-05 
29.8 	 7.52776012900448e-05 
29.82 	 7.09813183546057e-05 
29.84 	 6.70776067991591e-05 
29.86 	 6.292925132460676e-05 
29.88 	 5.899954106943352e-05 
29.9 	 5.502802799960677e-05 
29.92 	 5.111043932231871e-05 
29.94 	 4.74064947276951e-05 
29.96 	 4.3604795116608626e-05 
29.98 	 4.035360640628985e-05 
30.0 	 3.688567088986496e-05 
30.02 	 3.441927189800952e-05 
30.04 	 3.1686805658317296e-05 
30.06 	 3.053564703329364e-05 
30.08 	 2.9182232296579602e-05 
30.1 	 3.0084173362591947e-05 
30.12 	 3.097651663216695e-05 
30.14 	 3.479814434819217e-05 
30.16 	 3.886321325582932e-05 
30.18 	 4.6403681324569086e-05 
30.2 	 5.430986013568686e-05 
30.22 	 6.598879062901945e-05 
30.24 	 7.77694576206135e-05 
30.26 	 9.326238923124705e-05 
30.28 	 0.00010808096207091928 
30.3 	 0.0001260624454967062 
30.32 	 0.00014230226137220447 
30.34 	 0.00016051451118261737 
30.36 	 0.00017620240989583676 
30.38 	 0.00019196261097726065 
30.4 	 0.0002053180367103136 
30.42 	 0.0002163063461455597 
30.44 	 0.00022614100340772431 
30.46 	 0.0002310834766937794 
30.48 	 0.00023691573660397286 
30.5 	 0.00023582234730032528 
30.52 	 0.0002377659792545763 
30.54 	 0.00023167796267732166 
30.56 	 0.00023024621315409318 
30.58 	 0.0002207257776054061 
30.6 	 0.00021664934799239355 
30.62 	 0.00020530184682910908 
30.64 	 0.00019939192921269414 
30.66 	 0.00018757719039031785 
30.68 	 0.0001806311232729742 
30.7 	 0.00016935977023027152 
30.72 	 0.00016209640789619696 
30.74 	 0.00015202978875694805 
30.76 	 0.00014503826106006357 
30.78 	 0.00013652038791519378 
30.8 	 0.0001302133178369689 
30.82 	 0.0001233085999898627 
30.84 	 0.0001178887818939681 
30.86 	 0.00011243445530675688 
30.88 	 0.000107896963330608 
30.9 	 0.00010358624964321714 
30.92 	 9.977184141082633e-05 
30.94 	 9.626818784615354e-05 
30.96 	 9.296190751830239e-05 
30.98 	 9.002183819295128e-05 
31.0 	 8.706874921000159e-05 
31.02 	 8.463655917007021e-05 
31.04 	 8.203664546031805e-05 
31.06 	 8.027631896469996e-05 
31.08 	 7.822342603760327e-05 
31.1 	 7.746940775033869e-05 
31.12 	 7.63108161423029e-05 
31.14 	 7.69415833406402e-05 
31.16 	 7.705601120039456e-05 
31.18 	 7.931709039626824e-05 
31.2 	 8.094184349914203e-05 
31.22 	 8.476803108585642e-05 
31.24 	 8.784165644902821e-05 
31.26 	 9.274971562802001e-05 
31.28 	 9.684914088686636e-05 
31.3 	 0.0001019744689867902 
31.32 	 0.00010639155126818169 
31.34 	 0.00011069709823694999 
31.36 	 0.0001146291936354059 
31.38 	 0.000117222415510961 
31.4 	 0.00011999309616949136 
31.42 	 0.00012040604350104441 
31.44 	 0.00012162711018139197 
31.46 	 0.00011992249499862166 
31.48 	 0.0001195498795068379 
31.5 	 0.00011621870342701735 
31.52 	 0.00011450354259565172 
31.54 	 0.00011023548906177769 
31.56 	 0.0001076037247739969 
31.58 	 0.00010305491070993594 
31.6 	 9.996469341725598e-05 
31.62 	 9.560993013535723e-05 
31.64 	 9.243637329711966e-05 
31.66 	 8.852657404392181e-05 
31.68 	 8.550467505462456e-05 
31.7 	 8.210245305308346e-05 
31.72 	 7.932946254114227e-05 
31.74 	 7.638060504614994e-05 
31.76 	 7.385637096956798e-05 
31.78 	 7.126160464583662e-05 
31.8 	 6.893935398362736e-05 
31.82 	 6.660586644743916e-05 
31.84 	 6.44332601673353e-05 
31.86 	 6.230045765663497e-05 
31.88 	 6.024308450906341e-05 
31.9 	 5.8288036270312296e-05 
31.92 	 5.633777921591033e-05 
31.94 	 5.45699229709796e-05 
31.96 	 5.2744508713956676e-05 
31.98 	 5.119568251599533e-05 
32.0 	 4.953257395122117e-05 
32.02 	 4.824157057959198e-05 
32.04 	 4.6783948964371855e-05 
32.06 	 4.577271980003045e-05 
32.08 	 4.454552476603706e-05 
32.1 	 4.3791813985699104e-05 
32.12 	 4.2775209500875215e-05 
32.14 	 4.2198869777120225e-05 
32.16 	 4.131820565075977e-05 
32.18 	 4.0802538799326844e-05 
32.2 	 3.9954207971498046e-05 
32.22 	 3.9408463951108095e-05 
32.24 	 3.8522670585779114e-05 
32.26 	 3.796162173653771e-05 
32.28 	 3.7075335182399265e-05 
32.3 	 3.6669037665944146e-05 
32.32 	 3.59659336092047e-05 
32.34 	 3.6020720332646054e-05 
32.36 	 3.580446108917793e-05 
32.38 	 3.6673866032997654e-05 
32.4 	 3.727450547307079e-05 
32.42 	 3.923876135559056e-05 
32.44 	 4.089165981471369e-05 
32.46 	 4.405946425644792e-05 
32.48 	 4.681593454099291e-05 
32.5 	 5.1086674258272654e-05 
32.52 	 5.479714083038908e-05 
32.54 	 5.988791781725251e-05 
32.56 	 6.42520032412003e-05 
32.58 	 6.97620440764797e-05 
32.6 	 7.440378094418131e-05 
32.62 	 7.988041182344606e-05 
32.64 	 8.440992631296132e-05 
32.66 	 8.94009962917843e-05 
32.68 	 9.345566514632096e-05 
32.7 	 9.756128552224206e-05 
32.72 	 0.00010084342905776216 
32.74 	 0.0001037841394546023 
32.76 	 0.00010610782718829447 
32.78 	 0.00010780106364712905 
32.8 	 0.0001091392804945472 
32.82 	 0.00010974931806474622 
32.84 	 0.0001102600810248769 
32.86 	 0.00011018986205729667 
32.88 	 0.00011020752449527795 
32.9 	 0.00011003381399404668 
32.92 	 0.00011003030620198918 
32.94 	 0.00011041531049276329 
32.96 	 0.00011094818786873386 
32.98 	 0.00011256224210311831 
33.0 	 0.00011422156967281744 
33.02 	 0.00011768255610493517 
33.04 	 0.00012102961471545396 
33.06 	 0.0001268303859276117 
33.08 	 0.00013230491963195018 
33.1 	 0.00014068983912568422 
33.12 	 0.00014847195363839499 
33.14 	 0.0001592549781705946 
33.16 	 0.00016911105590594172 
33.18 	 0.0001814955973209842 
33.2 	 0.00019268898792485612 
33.22 	 0.00020521859216719536 
33.24 	 0.0002165739564312489 
33.26 	 0.0002273471368658793 
33.28 	 0.00023749171581596167 
33.3 	 0.0002446593889372614 
33.32 	 0.0002523623022688495 
33.34 	 0.00025472962092607014 
33.36 	 0.00025920424019515296 
33.38 	 0.0002566331699319108 
33.4 	 0.0002576976415336461 
33.42 	 0.0002510912013013764 
33.44 	 0.00024915416816252635 
33.46 	 0.00024005253511778264 
33.48 	 0.00023594631598353234 
33.5 	 0.00022597499942228074 
33.52 	 0.00022069414867831872 
33.54 	 0.0002111276850591025 
33.56 	 0.00020556360336582 
33.58 	 0.00019714062481912922 
33.6 	 0.0001919101289475639 
33.62 	 0.00018488499910539178 
33.64 	 0.0001803029880238464 
33.66 	 0.00017462848016037307 
33.68 	 0.0001707952067768284 
33.7 	 0.0001663122977230522 
33.72 	 0.00016323239535397268 
33.74 	 0.00015977918030197008 
33.76 	 0.0001574343243735922 
33.78 	 0.0001548504843502407 
33.8 	 0.00015319578353520258 
33.82 	 0.00015126143806409514 
33.84 	 0.00015017128974657474 
33.86 	 0.00014855221395687268 
33.88 	 0.00014777310926034182 
33.9 	 0.00014603485062156612 
33.92 	 0.00014519585950949272 
33.94 	 0.00014290309449758513 
33.96 	 0.0001415971411849335 
33.98 	 0.0001384574820526405 
34.0 	 0.0001363639286766117 
34.02 	 0.00013234376614364512 
34.04 	 0.00012934097887209856 
34.06 	 0.00012469651659325983 
34.08 	 0.000120919703427639 
34.1 	 0.00011613469404995967 
34.12 	 0.00011195917303455405 
34.14 	 0.00010762347252147474 
34.16 	 0.00010358079805390064 
34.18 	 0.00010025443704647432 
34.2 	 9.69067877588074e-05 
34.22 	 9.499893597268956e-05 
34.24 	 9.280320213218256e-05 
34.26 	 9.247917194396981e-05 
34.28 	 9.167232396563814e-05 
34.3 	 9.280170931690832e-05 
34.32 	 9.333853703123663e-05 
34.34 	 9.550750714027974e-05 
34.36 	 9.707530148234736e-05 
34.38 	 9.968236633076151e-05 
34.4 	 0.00010179513558820823 
34.42 	 0.00010421649720893778 
34.44 	 0.00010635826283458765 
34.46 	 0.00010812286809078217 
34.48 	 0.00010988619831320014 
34.5 	 0.00011078334629827749 
34.52 	 0.00011195273912651305 
34.54 	 0.00011202975782763816 
34.56 	 0.00011258736506869761 
34.58 	 0.00011205696908764645 
34.6 	 0.00011212368441811568 
34.62 	 0.00011124225049886219 
34.64 	 0.00011099196678756715 
34.66 	 0.0001099668426208686 
34.68 	 0.00010955394681058146 
34.7 	 0.00010850437299197038 
34.72 	 0.0001080261431964025 
34.74 	 0.00010698900085476263 
34.76 	 0.00010648132973007084 
34.78 	 0.00010543934165735886 
34.8 	 0.00010489233199072027 
34.82 	 0.00010380728956543046 
34.84 	 0.00010318906259196485 
34.86 	 0.00010203231061422451 
34.88 	 0.00010131510988739744 
34.9 	 0.00010009099719013595 
34.92 	 9.92747406270289e-05 
34.94 	 9.803060605905978e-05 
34.96 	 9.715606849495488e-05 
34.98 	 9.597235001383251e-05 
35.0 	 9.511584045675163e-05 
35.02 	 9.407689315210308e-05 
35.04 	 9.33250580860339e-05 
35.06 	 9.248201527534958e-05 
35.08 	 9.189649475730816e-05 
35.1 	 9.124009585914582e-05 
35.12 	 9.082922085656895e-05 
35.14 	 9.028721672439033e-05 
35.16 	 8.999938341533009e-05 
35.18 	 8.946078588255893e-05 
35.2 	 8.920256113747845e-05 
35.22 	 8.855689568528435e-05 
35.24 	 8.82260521164082e-05 
35.26 	 8.739883932764572e-05 
35.28 	 8.691647344234695e-05 
35.3 	 8.588643688418201e-05 
35.32 	 8.521557386073945e-05 
35.34 	 8.401059719129498e-05 
35.36 	 8.315755663526845e-05 
35.38 	 8.183686306838281e-05 
35.4 	 8.084003279534285e-05 
35.42 	 7.947353018548157e-05 
35.44 	 7.83876895555147e-05 
35.46 	 7.704007189414098e-05 
35.48 	 7.59225956914709e-05 
35.5 	 7.464407739486368e-05 
35.52 	 7.354520444127355e-05 
35.54 	 7.23671370645064e-05 
35.56 	 7.132361505763858e-05 
35.58 	 7.025711345987927e-05 
35.6 	 6.928840273384998e-05 
35.62 	 6.832582589100578e-05 
35.64 	 6.743339591711116e-05 
35.66 	 6.655347288839767e-05 
35.68 	 6.572428509888726e-05 
35.7 	 6.490058162483024e-05 
35.72 	 6.411453592487036e-05 
35.74 	 6.332471710979954e-05 
35.76 	 6.256354410526055e-05 
35.78 	 6.179557089081622e-05 
35.8 	 6.104929445586845e-05 
35.82 	 6.030171798451549e-05 
35.84 	 5.956968840291003e-05 
35.86 	 5.884619186154709e-05 
35.88 	 5.813248145910075e-05 
35.9 	 5.743389745877294e-05 
35.92 	 5.673987005811543e-05 
35.94 	 5.6058119885085716e-05 
35.96 	 5.5376341770390715e-05 
35.98 	 5.4693395127646944e-05 
36.0 	 5.400595433006321e-05 
36.02 	 5.3297956265924235e-05 
36.04 	 5.257955719348482e-05 
36.06 	 5.182367839750258e-05 
36.08 	 5.1047474621480167e-05 
36.1 	 5.022845496941278e-05 
36.12 	 4.937204681320125e-05 
36.14 	 4.848698900996138e-05 
36.16 	 4.7537495375494276e-05 
36.18 	 4.659976623260995e-05 
36.2 	 4.5558997166024015e-05 
36.22 	 4.460301350814913e-05 
36.24 	 4.3494470577296084e-05 
36.26 	 4.258144621667287e-05 
36.28 	 4.145882099562511e-05 
36.3 	 4.067992556106769e-05 
36.32 	 3.963258571766084e-05 
36.34 	 3.910302431052316e-05 
36.36 	 3.825067808645909e-05 
36.38 	 3.808913504295773e-05 
36.4 	 3.7559524310209666e-05 
36.42 	 3.785386760740595e-05 
36.44 	 3.774587360449706e-05 
36.46 	 3.851617910053632e-05 
36.48 	 3.886247368305814e-05 
36.5 	 4.0040393534533434e-05 
36.52 	 4.078988327592035e-05 
36.54 	 4.223126219082669e-05 
36.56 	 4.32646630501683e-05 
36.58 	 4.479651077452762e-05 
36.6 	 4.5970608937675175e-05 
36.62 	 4.745160908720624e-05 
36.64 	 4.865078203672934e-05 
36.66 	 5.001285179278996e-05 
36.68 	 5.118182210259897e-05 
36.7 	 5.2430012581603813e-05 
36.72 	 5.357228101933413e-05 
36.74 	 5.474571983758285e-05 
36.76 	 5.589126497456951e-05 
36.78 	 5.7010928729652426e-05 
36.8 	 5.817366874199248e-05 
36.82 	 5.920865193337744e-05 
36.84 	 6.035868637290394e-05 
36.86 	 6.122907132769746e-05 
36.88 	 6.229391750202147e-05 
36.9 	 6.290509963326469e-05 
36.92 	 6.37958334980766e-05 
36.94 	 6.408134893221645e-05 
36.96 	 6.472644870021331e-05 
36.98 	 6.467477534535863e-05 
37.0 	 6.50435923415495e-05 
37.02 	 6.469779999649114e-05 
37.04 	 6.480454738356438e-05 
37.06 	 6.424066111382394e-05 
37.08 	 6.41312963873538e-05 
37.1 	 6.343049247226716e-05 
37.12 	 6.316232340497897e-05 
37.14 	 6.2390415049176e-05 
37.16 	 6.201481658973408e-05 
37.18 	 6.121442362575877e-05 
37.2 	 6.07681817043462e-05 
37.22 	 5.996118891530882e-05 
37.24 	 5.9465955825509684e-05 
37.26 	 5.866044977789867e-05 
37.28 	 5.8126432664942006e-05 
37.3 	 5.7323387862702866e-05 
37.32 	 5.675365329959976e-05 
37.34 	 5.5951745182253265e-05 
37.36 	 5.5345778528132525e-05 
37.38 	 5.454518160137279e-05 
37.4 	 5.390238031134869e-05 
37.42 	 5.310900842733845e-05 
37.44 	 5.2433365896510455e-05 
37.46 	 5.166390795687416e-05 
37.48 	 5.097015571535952e-05 
37.5 	 5.02563279199714e-05 
37.52 	 4.9575820230967286e-05 
37.54 	 4.896458971735418e-05 
37.56 	 4.834726899135968e-05 
37.58 	 4.7893618949392116e-05 
37.6 	 4.7401978652919265e-05 
37.62 	 4.7153051400611395e-05 
37.64 	 4.6846457228312454e-05 
37.66 	 4.682047344358818e-05 
37.68 	 4.6733318859930384e-05 
37.7 	 4.690152795788563e-05 
37.72 	 4.7023815124759655e-05 
37.74 	 4.730548919938935e-05 
37.76 	 4.757563761645561e-05 
37.78 	 4.785209605122652e-05 
37.8 	 4.816718799881729e-05 
37.82 	 4.831188204860336e-05 
37.84 	 4.8552465954375336e-05 
37.86 	 4.846545276375686e-05 
37.88 	 4.852543051639052e-05 
37.9 	 4.81582694408384e-05 
37.92 	 4.796904181729234e-05 
37.94 	 4.733201178732331e-05 
37.96 	 4.687407373154109e-05 
37.98 	 4.60272392062945e-05 
38.0 	 4.5328936070784915e-05 
38.02 	 4.436529061537363e-05 
38.04 	 4.349360845102399e-05 
38.06 	 4.252268081405984e-05 
38.08 	 4.157191594037802e-05 
38.1 	 4.070724223594911e-05 
38.12 	 3.978811451311636e-05 
38.14 	 3.9136343208160215e-05 
38.16 	 3.836370269117103e-05 
38.18 	 3.8011048231413206e-05 
38.2 	 3.748701148020256e-05 
38.22 	 3.748180605306088e-05 
38.24 	 3.7274777176586455e-05 
38.26 	 3.761091637837721e-05 
38.28 	 3.77368876340784e-05 
38.3 	 3.8347407264705064e-05 
38.32 	 3.876285250854111e-05 
38.34 	 3.953131774002929e-05 
38.36 	 4.0143443800002165e-05 
38.38 	 4.093269872290098e-05 
38.4 	 4.162464986511726e-05 
38.42 	 4.231263040121739e-05 
38.44 	 4.297405126500438e-05 
38.46 	 4.348196164455588e-05 
38.48 	 4.4033544960877704e-05 
38.5 	 4.43360316024819e-05 
38.52 	 4.474050663337231e-05 
38.54 	 4.4857091523491545e-05 
38.56 	 4.5115586728998093e-05 
38.58 	 4.509087024171112e-05 
38.6 	 4.522925958546514e-05 
38.62 	 4.511202949307363e-05 
38.64 	 4.5164491944805553e-05 
38.66 	 4.4993241697748e-05 
38.68 	 4.498937033279279e-05 
38.7 	 4.478687181033529e-05 
38.72 	 4.4745489865954176e-05 
38.74 	 4.452087811669055e-05 
38.76 	 4.445024747101394e-05 
38.78 	 4.420495000541249e-05 
38.8 	 4.4106826517322554e-05 
38.82 	 4.384061785696665e-05 
38.84 	 4.3715084660057465e-05 
38.86 	 4.342984868051943e-05 
38.88 	 4.327865531227778e-05 
38.9 	 4.297918716631372e-05 
38.92 	 4.2806708558096477e-05 
38.94 	 4.249931416341389e-05 
38.96 	 4.2311523411646926e-05 
38.98 	 4.200183706039111e-05 
39.0 	 4.1804402618606763e-05 
39.02 	 4.149571275634699e-05 
39.04 	 4.1292364271043434e-05 
39.06 	 4.098511565270738e-05 
39.08 	 4.077696742792137e-05 
39.1 	 4.046941287893544e-05 
39.12 	 4.025533877580675e-05 
39.14 	 3.994485715821958e-05 
39.16 	 3.9722570890434925e-05 
39.18 	 3.940704717195251e-05 
39.2 	 3.9174375956221966e-05 
39.22 	 3.8853174815467693e-05 
39.24 	 3.86090787828645e-05 
39.26 	 3.828339013031978e-05 
39.28 	 3.802846466405598e-05 
39.3 	 3.7701041780704835e-05 
39.32 	 3.7437450702711034e-05 
39.34 	 3.711194006659314e-05 
39.36 	 3.684290915029823e-05 
39.38 	 3.6523062244204876e-05 
39.4 	 3.6252181527561244e-05 
39.42 	 3.594123394553529e-05 
39.44 	 3.5671848648524926e-05 
39.46 	 3.537225720043998e-05 
39.48 	 3.510716331040669e-05 
39.5 	 3.482073981337824e-05 
39.52 	 3.456226529541581e-05 
39.54 	 3.4290587386740246e-05 
39.56 	 3.4040980488702015e-05 
39.58 	 3.378584160644877e-05 
39.6 	 3.354774980686789e-05 
39.62 	 3.331136071842277e-05 
39.64 	 3.308810064664687e-05 
39.66 	 3.287279418753369e-05 
39.68 	 3.266811788228297e-05 
39.7 	 3.247546226332471e-05 
39.72 	 3.229266220417263e-05 
39.74 	 3.212216265479095e-05 
39.76 	 3.196264685861367e-05 
39.78 	 3.1810538250676094e-05 
39.8 	 3.167237205387989e-05 
39.82 	 3.153119582770626e-05 
39.84 	 3.1408348823480674e-05 
39.86 	 3.126785703911028e-05 
39.88 	 3.115078268112527e-05 
39.9 	 3.1000165118234584e-05 
39.92 	 3.0877811747229916e-05 
39.94 	 3.0708533593600265e-05 
39.96 	 3.0571167008911674e-05 
39.98 	 3.0379271728766432e-05 
40.0 	 3.0221005655643157e-05 
40.02 	 3.0007908245348958e-05 
40.04 	 2.982792092580944e-05 
40.06 	 2.959942854425911e-05 
40.08 	 2.9401469850764054e-05 
40.1 	 2.9165587709339954e-05 
40.12 	 2.895617590365434e-05 
40.14 	 2.8720705099604117e-05 
40.16 	 2.8506912044437896e-05 
40.18 	 2.8277729394633143e-05 
40.2 	 2.8065427600828755e-05 
40.22 	 2.7845832974258822e-05 
40.24 	 2.7638851552479988e-05 
40.26 	 2.7429833976894695e-05 
40.28 	 2.7229971164649604e-05 
40.3 	 2.7030954338665304e-05 
40.32 	 2.68384942733253e-05 
40.34 	 2.6648127276176573e-05 
40.36 	 2.6462477243900698e-05 
40.38 	 2.627921593239451e-05 
40.4 	 2.609941842896302e-05 
40.42 	 2.5921838937522948e-05 
40.44 	 2.5746879855408702e-05 
40.46 	 2.5573784491917293e-05 
40.48 	 2.540272772144206e-05 
40.5 	 2.523313494770787e-05 
40.52 	 2.5065149755828494e-05 
40.54 	 2.4898238934425303e-05 
40.56 	 2.4732575711768954e-05 
40.58 	 2.4567622717079464e-05 
40.6 	 2.440356677154471e-05 
40.62 	 2.423988132494451e-05 
40.64 	 2.4076693667492056e-05 
40.66 	 2.391356078298255e-05 
40.68 	 2.3750407802104373e-05 
40.7 	 2.3587043509863582e-05 
40.72 	 2.342292642485497e-05 
40.74 	 2.325847852574133e-05 
40.76 	 2.3092198139062474e-05 
40.78 	 2.2925848611579585e-05 
40.8 	 2.275607525923284e-05 
40.82 	 2.2587314949005412e-05 
40.84 	 2.2412858720675322e-05 
40.86 	 2.2241977766428413e-05 
40.88 	 2.2062333883174133e-05 
40.9 	 2.18910735839563e-05 
40.92 	 2.170721254661938e-05 
40.94 	 2.15393591110197e-05 
40.96 	 2.1354536849832617e-05 
40.98 	 2.119607605927986e-05 
41.0 	 2.101623347354731e-05 
41.02 	 2.0874664295456852e-05 
41.04 	 2.070792900128241e-05 
41.06 	 2.0590578106234207e-05 
41.08 	 2.0445627909241646e-05 
41.1 	 2.0357301763434663e-05 
41.12 	 2.0240891826982058e-05 
41.14 	 2.0181719963597555e-05 
41.16 	 2.0096253510291832e-05 
41.18 	 2.0060757196397476e-05 
41.2 	 2.0002993018511714e-05 
41.22 	 1.9981017795393066e-05 
41.24 	 1.9942615467271193e-05 
41.26 	 1.9921917225165314e-05 
41.28 	 1.9891681669317008e-05 
41.3 	 1.9861137660997183e-05 
41.32 	 1.9828030228486995e-05 
41.34 	 1.9780177140302423e-05 
41.36 	 1.9735881896028186e-05 
41.38 	 1.9667915289677492e-05 
41.4 	 1.960810360828601e-05 
41.42 	 1.9521285160507635e-05 
41.44 	 1.9445427943829364e-05 
41.46 	 1.934352118909749e-05 
41.48 	 1.9253717762980324e-05 
41.5 	 1.9141282051223714e-05 
41.52 	 1.90408144978788e-05 
41.54 	 1.8921958865109472e-05 
41.56 	 1.8814133629385606e-05 
41.58 	 1.8691927987968388e-05 
41.6 	 1.8579436407602112e-05 
41.62 	 1.8455856275609136e-05 
41.64 	 1.8340598412095965e-05 
41.66 	 1.8216752685984977e-05 
41.68 	 1.8099936472045174e-05 
41.7 	 1.7976360846258075e-05 
41.72 	 1.785869560509194e-05 
41.74 	 1.7735592515521655e-05 
41.76 	 1.761746751264113e-05 
41.78 	 1.7494860860907253e-05 
41.8 	 1.7376470404434407e-05 
41.82 	 1.725429028110269e-05 
41.84 	 1.7135708505012235e-05 
41.86 	 1.7013832955637845e-05 
41.88 	 1.68950549101508e-05 
41.9 	 1.6773330045776374e-05 
41.92 	 1.6654294020017494e-05 
41.94 	 1.653254498519026e-05 
41.96 	 1.6413145814228568e-05 
41.98 	 1.6291185562944964e-05 
42.0 	 1.617128534190773e-05 
42.02 	 1.6048925358918614e-05 
42.04 	 1.5928366096749738e-05 
42.06 	 1.5805430362068673e-05 
42.08 	 1.5684050341921408e-05 
42.1 	 1.5560390022141194e-05 
42.12 	 1.543804154693701e-05 
42.14 	 1.5313545107254434e-05 
42.16 	 1.5190108251373015e-05 
42.18 	 1.5064702497780562e-05 
42.2 	 1.4940090156092782e-05 
42.22 	 1.4813732035919018e-05 
42.24 	 1.468788579090042e-05 
42.26 	 1.4560549187584345e-05 
42.28 	 1.4433429802497167e-05 
42.3 	 1.4305092261191772e-05 
42.32 	 1.4176669169413931e-05 
42.34 	 1.4047300060873593e-05 
42.36 	 1.3917540745772204e-05 
42.38 	 1.378708851130427e-05 
42.4 	 1.3655944963758691e-05 
42.42 	 1.3524321313738899e-05 
42.44 	 1.3391711377021298e-05 
42.46 	 1.3258775540570277e-05 
42.48 	 1.3124562738268473e-05 
42.5 	 1.2990114854032752e-05 
42.52 	 1.2854096867352397e-05 
42.54 	 1.27178900799974e-05 
42.56 	 1.257980689037232e-05 
42.58 	 1.2441579674703207e-05 
42.6 	 1.2301144282587327e-05 
42.62 	 1.216066149211145e-05 
42.64 	 1.2017602453855834e-05 
42.66 	 1.1874683927613255e-05 
42.68 	 1.1728778113805048e-05 
42.7 	 1.1583294783638306e-05 
42.72 	 1.1434368458600955e-05 
42.74 	 1.1286198762441042e-05 
42.76 	 1.1134086814427335e-05 
42.78 	 1.0983044470161663e-05 
42.8 	 1.0827515570243866e-05 
42.82 	 1.0673273872554737e-05 
42.84 	 1.0513944250235584e-05 
42.86 	 1.0355985137548428e-05 
42.88 	 1.0192248295799265e-05 
42.9 	 1.0029855651296522e-05 
42.92 	 9.860847952910096e-06 
42.94 	 9.693149432005986e-06 
42.96 	 9.517756857224748e-06 
42.98 	 9.343807772513378e-06 
43.0 	 9.160708732732579e-06 
43.02 	 8.979618881518754e-06 
43.04 	 8.78736809251432e-06 
43.06 	 8.598507121872073e-06 
43.08 	 8.39570892266908e-06 
43.1 	 8.199078191956166e-06 
43.12 	 7.98476560264392e-06 
43.14 	 7.781650945606203e-06 
43.16 	 7.556028769048836e-06 
43.18 	 7.3499741212116985e-06 
43.2 	 7.115606973499076e-06 
43.22 	 6.9135079461650755e-06 
43.24 	 6.6767465289689246e-06 
43.26 	 6.489479650814043e-06 
43.28 	 6.261438174894842e-06 
43.3 	 6.103103642882854e-06 
43.32 	 5.899071539547026e-06 
43.34 	 5.7839720027788645e-06 
43.36 	 5.6202322736269285e-06 
43.38 	 5.5574604874262686e-06 
43.4 	 5.4455085502739445e-06 
43.42 	 5.432490981040327e-06 
43.44 	 5.372427649846356e-06 
43.46 	 5.390372781221661e-06 
43.48 	 5.366697514639386e-06 
43.5 	 5.3813744116307874e-06 
43.52 	 5.3641046612387895e-06 
43.54 	 5.333544360686191e-06 
43.56 	 5.285167185864801e-06 
43.58 	 5.172076884122626e-06 
43.6 	 5.057774302557257e-06 
43.62 	 4.841218047404465e-06 
43.64 	 4.638285453940105e-06 
43.66 	 4.3194241492863e-06 
43.68 	 4.022765527358712e-06 
43.7 	 3.6234032809885513e-06 
43.72 	 3.24665016614401e-06 
43.74 	 2.8040035436320018e-06 
43.76 	 2.3786981262725095e-06 
43.78 	 1.9417677185808145e-06 
43.8 	 1.5187561620383905e-06 
43.82 	 1.1499076507220833e-06 
43.84 	 8.063065984779864e-07 
43.86 	 5.87696815147571e-07 
43.88 	 4.388480225877814e-07 
43.9 	 4.797542693984697e-07 
43.92 	 6.892271332450167e-07 
43.94 	 1.1290451353472935e-06 
43.96 	 1.9034657815602879e-06 
43.98 	 2.905479605133182e-06 
44.0 	 4.4591828358189285e-06 
44.02 	 6.1890831387889335e-06 
44.04 	 8.672493771797095e-06 
44.06 	 1.125293719303285e-05 
44.08 	 1.46617754442159e-05 
44.1 	 1.809934958051729e-05 
44.12 	 2.2210045620604475e-05 
44.14 	 2.6315048595751227e-05 
44.16 	 3.069919326187372e-05 
44.18 	 3.505129289478941e-05 
44.2 	 3.918608548665946e-05 
44.22 	 4.3201432658519724e-05 
44.24 	 4.662931272042306e-05 
44.26 	 4.972991258995002e-05 
44.28 	 5.218299102242355e-05 
44.3 	 5.399034709546708e-05 
44.32 	 5.54225813901292e-05 
44.34 	 5.5868982097009044e-05 
44.36 	 5.6405475723731566e-05 
44.38 	 5.571022654967901e-05 
44.4 	 5.556568013866009e-05 
44.42 	 5.411051596433607e-05 
44.44 	 5.3520293529250096e-05 
44.46 	 5.1704421855751576e-05 
44.48 	 5.0880562541612516e-05 
44.5 	 4.9019764318849117e-05 
44.52 	 4.812685263380749e-05 
44.54 	 4.6416503224817926e-05 
44.56 	 4.556278822654645e-05 
44.58 	 4.4090356032189346e-05 
44.6 	 4.333254714492918e-05 
44.62 	 4.211370024031511e-05 
44.64 	 4.147190611491283e-05 
44.66 	 4.0488685998832815e-05 
44.68 	 3.996493134730441e-05 
44.7 	 3.919402698000991e-05 
44.72 	 3.8787911189120284e-05 
44.74 	 3.8215363536328576e-05 
44.76 	 3.793306603976661e-05 
44.78 	 3.755648807192424e-05 
44.8 	 3.7411991672495014e-05 
44.82 	 3.723320278669205e-05 
44.84 	 3.724234001722812e-05 
44.86 	 3.725406415018165e-05 
44.88 	 3.7423468861536514e-05 
44.9 	 3.7594914700224736e-05 
44.92 	 3.790981690242809e-05 
44.94 	 3.817745530530399e-05 
44.96 	 3.859383043395329e-05 
44.98 	 3.886375022351965e-05 
45.0 	 3.930993029851412e-05 
45.02 	 3.947469768397588e-05 
45.04 	 3.9864133005213014e-05 
45.06 	 3.9830110771175974e-05 
45.08 	 4.008176253645256e-05 
45.1 	 3.979602740122432e-05 
45.12 	 3.985491147077391e-05 
45.14 	 3.9319538620833625e-05 
45.16 	 3.916963669780193e-05 
45.18 	 3.8437163604410663e-05 
45.2 	 3.810224233092498e-05 
45.22 	 3.7255629161362056e-05 
45.24 	 3.678852004672605e-05 
45.26 	 3.591545631679163e-05 
45.28 	 3.538070817351824e-05 
45.3 	 3.4552411397315097e-05 
45.32 	 3.4009127918301005e-05 
45.34 	 3.326942401735192e-05 
45.36 	 3.2759897447217834e-05 
45.38 	 3.212499086911859e-05 
45.4 	 3.167135662750831e-05 
45.42 	 3.113688895986062e-05 
45.44 	 3.0744403680609145e-05 
45.46 	 3.0294998572142927e-05 
45.48 	 2.99584261501021e-05 
45.5 	 2.9575701499671622e-05 
45.52 	 2.928533633705511e-05 
45.54 	 2.895253888452106e-05 
45.56 	 2.8698055344136658e-05 
45.58 	 2.8401761580527904e-05 
45.6 	 2.817402182921054e-05 
45.62 	 2.7904455775002577e-05 
45.64 	 2.769634960259326e-05 
45.66 	 2.7447398097580668e-05 
45.68 	 2.7254391883465172e-05 
45.7 	 2.7023252006463842e-05 
45.72 	 2.68434201795725e-05 
45.74 	 2.6629353499546247e-05 
45.76 	 2.646241636651397e-05 
45.78 	 2.626478667662382e-05 
45.8 	 2.611041274988293e-05 
45.82 	 2.592718295605722e-05 
45.84 	 2.5783708147175604e-05 
45.86 	 2.561159167262271e-05 
45.88 	 2.5476246721546318e-05 
45.9 	 2.5312424019384346e-05 
45.92 	 2.518293306376022e-05 
45.94 	 2.5026731889538657e-05 
45.96 	 2.490278476924841e-05 
45.98 	 2.475552692012162e-05 
46.0 	 2.4638522478292832e-05 
46.02 	 2.4501335759653253e-05 
46.04 	 2.439230911209369e-05 
46.06 	 2.426380674204821e-05 
46.08 	 2.4161357697344734e-05 
46.1 	 2.4037626310036427e-05 
46.12 	 2.3938056977798e-05 
46.14 	 2.3815486807095074e-05 
46.16 	 2.3715510410759457e-05 
46.18 	 2.3594139713092327e-05 
46.2 	 2.3493921816682818e-05 
46.22 	 2.3377955910768923e-05 
46.24 	 2.3281451010561694e-05 
46.26 	 2.3175845574173873e-05 
46.28 	 2.3087541131480077e-05 
46.3 	 2.2993275385593417e-05 
46.32 	 2.291387081408852e-05 
46.34 	 2.2826261082114767e-05 
46.36 	 2.2751262833554003e-05 
46.38 	 2.26633972038035e-05 
46.4 	 2.2586390832093035e-05 
46.42 	 2.249519271723262e-05 
46.44 	 2.2413378785525847e-05 
46.46 	 2.2323053370150103e-05 
46.48 	 2.224026515180844e-05 
46.5 	 2.215972694034862e-05 
46.52 	 2.20839327128535e-05 
46.54 	 2.2019953571762822e-05 
46.56 	 2.1956951656644185e-05 
46.58 	 2.1908865842287032e-05 
46.6 	 2.1857593866674804e-05 
46.62 	 2.181876107176549e-05 
46.64 	 2.177295078859336e-05 
46.66 	 2.173886072301742e-05 
46.68 	 2.1694792745511782e-05 
46.7 	 2.1671723026192187e-05 
46.72 	 2.1636393661918612e-05 
46.74 	 2.1642915201599317e-05 
46.76 	 2.163548765207998e-05 
46.78 	 2.169363031295497e-05 
46.8 	 2.1737173290337682e-05 
46.82 	 2.185764355137744e-05 
46.84 	 2.1965241746858596e-05 
46.86 	 2.2136218500201073e-05 
46.88 	 2.230035550367975e-05 
46.9 	 2.248811514155917e-05 
46.92 	 2.268077605983387e-05 
46.94 	 2.284302519933552e-05 
46.96 	 2.3027022959702036e-05 
46.98 	 2.313124483959722e-05 
47.0 	 2.3276016803412356e-05 
47.02 	 2.3311751958400465e-05 
47.04 	 2.3404412398094696e-05 
47.06 	 2.338282047638423e-05 
47.08 	 2.34288123554958e-05 
47.1 	 2.337154228129643e-05 
47.12 	 2.3386067948090005e-05 
47.14 	 2.3311900441734922e-05 
47.16 	 2.3308885599302457e-05 
47.18 	 2.3226648337389984e-05 
47.2 	 2.321261611544685e-05 
47.22 	 2.312319400019898e-05 
47.24 	 2.3098822402914057e-05 
47.26 	 2.3002175201784888e-05 
47.28 	 2.296817137840744e-05 
47.3 	 2.2868198959613587e-05 
47.32 	 2.2829216873483525e-05 
47.34 	 2.2732084746866082e-05 
47.36 	 2.2694733029121076e-05 
47.38 	 2.260236353223455e-05 
47.4 	 2.2568806573958944e-05 
47.42 	 2.247374882406168e-05 
47.44 	 2.2436624734771863e-05 
47.46 	 2.2323943504790494e-05 
47.48 	 2.2267935844889937e-05 
47.5 	 2.2124464706339097e-05 
47.52 	 2.203506612597034e-05 
47.54 	 2.186031110690242e-05 
47.56 	 2.1734679982481345e-05 
47.58 	 2.154552602005627e-05 
47.6 	 2.1397985911265776e-05 
47.62 	 2.1222908766322798e-05 
47.64 	 2.108039267714278e-05 
47.66 	 2.094566545154262e-05 
47.68 	 2.083476779934698e-05 
47.7 	 2.075064556426294e-05 
47.72 	 2.0683844437733837e-05 
47.74 	 2.0639359216919055e-05 
47.76 	 2.060912007124148e-05 
47.78 	 2.057918973528026e-05 
47.8 	 2.0563857670223602e-05 
47.82 	 2.0524649847090434e-05 
47.84 	 2.050252596078017e-05 
47.86 	 2.0445549491219333e-05 
47.88 	 2.0408456861832692e-05 
47.9 	 2.034463101816486e-05 
47.92 	 2.030270379424987e-05 
47.94 	 2.025408700294246e-05 
47.96 	 2.0228926545169077e-05 
47.98 	 2.0213350673478585e-05 
48.0 	 2.022375936938778e-05 
48.02 	 2.0241626187527884e-05 
48.04 	 2.0290539954218995e-05 
48.06 	 2.03214899122725e-05 
48.08 	 2.0391711268490532e-05 
48.1 	 2.0402949323914755e-05 
48.12 	 2.0463742970678602e-05 
48.14 	 2.0425079519171184e-05 
48.16 	 2.0445538533841495e-05 
48.18 	 2.0342756567296648e-05 
48.2 	 2.0304739984785535e-05 
48.22 	 2.0144592396840982e-05 
48.24 	 2.0049031054776074e-05 
48.26 	 1.985435057413323e-05 
48.28 	 1.97185802671527e-05 
48.3 	 1.9517121708832797e-05 
48.32 	 1.9365464971140473e-05 
48.34 	 1.917854107155349e-05 
48.36 	 1.9031425269713468e-05 
48.38 	 1.8867565597806736e-05 
48.4 	 1.8734582665011597e-05 
48.42 	 1.8590317100251652e-05 
48.44 	 1.8469934549707998e-05 
48.46 	 1.8336076033688614e-05 
48.48 	 1.8220931696531847e-05 
48.5 	 1.8090214761205708e-05 
48.52 	 1.797422262698813e-05 
48.54 	 1.784602520052875e-05 
48.56 	 1.772913456535821e-05 
48.58 	 1.760914626582434e-05 
48.6 	 1.7497414187378106e-05 
48.62 	 1.7393159334971996e-05 
48.64 	 1.729466986737308e-05 
48.66 	 1.7210035246326785e-05 
48.68 	 1.7129553088509316e-05 
48.7 	 1.7061784752379593e-05 
48.72 	 1.699758324067944e-05 
48.74 	 1.693854373592804e-05 
48.76 	 1.6883336213799152e-05 
48.78 	 1.682415312293967e-05 
48.8 	 1.6769466440017078e-05 
48.82 	 1.6705639817284504e-05 
48.84 	 1.6646899216100004e-05 
48.86 	 1.658071949779311e-05 
48.88 	 1.6519954505112687e-05 
48.9 	 1.645878844091723e-05 
48.92 	 1.6403346500891885e-05 
48.94 	 1.6354845428542358e-05 
48.96 	 1.6312891581780056e-05 
48.98 	 1.6279936438788642e-05 
49.0 	 1.625538153655292e-05 
49.02 	 1.6233623328788665e-05 
49.04 	 1.6223339770377002e-05 
49.06 	 1.620258915536438e-05 
49.08 	 1.6197288950481964e-05 
49.1 	 1.616578576287574e-05 
49.12 	 1.6153802552488756e-05 
49.14 	 1.6102929401125995e-05 
49.16 	 1.607471948173819e-05 
49.18 	 1.6001823391059092e-05 
49.2 	 1.5952991222963473e-05 
49.22 	 1.5861356651024004e-05 
49.24 	 1.5793153002510153e-05 
49.26 	 1.5689771327737194e-05 
49.28 	 1.5607439288370597e-05 
49.3 	 1.5500080192321205e-05 
49.32 	 1.5410304993008943e-05 
49.34 	 1.5305251578132902e-05 
49.36 	 1.5213982658879904e-05 
49.38 	 1.5115041192132521e-05 
49.4 	 1.5026355019626701e-05 
49.42 	 1.4934991593533859e-05 
49.44 	 1.4850973636906543e-05 
49.46 	 1.4767044445344133e-05 
49.48 	 1.4688273898625816e-05 
49.5 	 1.4610832328915379e-05 
49.52 	 1.4537020260008628e-05 
49.54 	 1.4464910353216092e-05 
49.56 	 1.4395414662550531e-05 
49.58 	 1.4327589205445586e-05 
49.6 	 1.426172319336398e-05 
49.62 	 1.4197352910124934e-05 
49.64 	 1.4134521397656921e-05 
49.66 	 1.407299075651105e-05 
49.68 	 1.4012722783825608e-05 
49.7 	 1.3953584507407261e-05 
49.72 	 1.3895520116516745e-05 
49.74 	 1.383844656314863e-05 
49.76 	 1.3782311171683985e-05 
49.78 	 1.3727056245472536e-05 
49.8 	 1.3672637010316e-05 
49.82 	 1.3619009979497212e-05 
49.84 	 1.3566138012091164e-05 
49.86 	 1.351398649841295e-05 
49.88 	 1.3462524531617515e-05 
49.9 	 1.341172358702397e-05 
49.92 	 1.3361557634776531e-05 
49.94 	 1.3312002610766615e-05 
49.96 	 1.3263036293185749e-05 
49.98 	 1.3214638037906946e-05 
50.0 	 1.3166788633638725e-05 
50.02 	 1.3119470139098344e-05 
50.04 	 1.307266576156584e-05 
50.06 	 1.3026359742814736e-05 
50.08 	 1.2980537263836873e-05 
50.1 	 1.2935184359501266e-05 
50.12 	 1.2890287844288485e-05 
50.14 	 1.2845835246256356e-05 
50.16 	 1.2801814748582589e-05 
50.18 	 1.2758215137403368e-05 
50.2 	 1.2715025755198927e-05 
50.22 	 1.2672236458957153e-05 
50.24 	 1.2629837582525695e-05 
50.26 	 1.2587819902633435e-05 
50.28 	 1.2546174608129684e-05 
50.3 	 1.2504893272078736e-05 
50.32 	 1.2463967826369452e-05 
50.34 	 1.242339053856632e-05 
50.36 	 1.2383153990754328e-05 
50.38 	 1.2343251060166575e-05 
50.4 	 1.2303674901407078e-05 
50.42 	 1.2264418930106112e-05 
50.44 	 1.222547680786473e-05 
50.46 	 1.218684242836411e-05 
50.48 	 1.214850990452418e-05 
50.5 	 1.2110473556617286e-05 
50.52 	 1.2072727901242103e-05 
50.54 	 1.2035267641091153e-05 
50.56 	 1.1998087655426153e-05 
50.58 	 1.1961182991215806e-05 
50.6 	 1.1924548854864187e-05 
50.62 	 1.1888180604491816e-05 
50.64 	 1.185207374271732e-05 
50.66 	 1.1816223909899599e-05 
50.68 	 1.1780626877807456e-05 
50.7 	 1.1745278543677242e-05 
50.72 	 1.1710174924633409e-05 
50.74 	 1.1675312152444181e-05 
50.76 	 1.164068646858113e-05 
50.78 	 1.1606294219569755e-05 
50.8 	 1.1572131852602067e-05 
50.82 	 1.1538195911396926e-05 
50.84 	 1.1504483032287746e-05 
50.86 	 1.147098994052489e-05 
50.88 	 1.143771344677552e-05 
50.9 	 1.140465044380826e-05 
50.92 	 1.1371797903352234e-05 
50.94 	 1.1339152873115211e-05 
50.96 	 1.130671247395554e-05 
50.98 	 1.127447389719303e-05 
51.0 	 1.1242434402053678e-05 
51.02 	 1.1210591313239195e-05 
51.04 	 1.11789420186121e-05 
51.06 	 1.1147483966990873e-05 
51.08 	 1.1116214666049022e-05 
51.1 	 1.1085131680311023e-05 
51.12 	 1.1054232629237946e-05 
51.14 	 1.1023515185402185e-05 
51.16 	 1.0992977072741367e-05 
51.18 	 1.0962616064889806e-05 
51.2 	 1.0932429983582891e-05 
51.22 	 1.0902416697127765e-05 
51.24 	 1.0872574118944204e-05 
51.26 	 1.0842900206158516e-05 
51.28 	 1.0813392958265157e-05 
51.3 	 1.078405041583485e-05 
51.32 	 1.0754870659281839e-05 
51.34 	 1.0725851807675747e-05 
51.36 	 1.0696992017602999e-05 
51.38 	 1.0668289482072546e-05 
51.4 	 1.0639742429465771e-05 
51.42 	 1.061134912252205e-05 
51.44 	 1.0583107857368358e-05 
51.46 	 1.0555016962582245e-05 
51.48 	 1.0527074798291456e-05 
51.5 	 1.0499279755304717e-05 
51.52 	 1.0471630254276293e-05 
51.54 	 1.044412474490063e-05 
51.56 	 1.041676170513469e-05 
51.58 	 1.038953964044903e-05 
51.6 	 1.0362457083103814e-05 
51.62 	 1.0335512591452281e-05 
51.64 	 1.0308704749267523e-05 
51.66 	 1.0282032165089395e-05 
51.68 	 1.0255493471598873e-05 
51.7 	 1.02290873250089e-05 
51.72 	 1.0202812404477905e-05 
51.74 	 1.0176667411541535e-05 
51.76 	 1.0150651069563814e-05 
51.78 	 1.0124762123206817e-05 
51.8 	 1.0098999337914404e-05 
51.82 	 1.0073361499415948e-05 
51.84 	 1.0047847413243032e-05 
51.86 	 1.0022455904264378e-05 
51.88 	 9.997185816231699e-06 
51.9 	 9.972036011342405e-06 
51.92 	 9.947005369813663e-06 
51.94 	 9.92209278947127e-06 
51.96 	 9.89729718534856e-06 
51.98 	 9.872617489301614e-06 
52.0 	 9.84805264962937e-06 
52.02 	 9.823601630711552e-06 
52.04 	 9.799263412652316e-06 
52.06 	 9.77503699093765e-06 
52.08 	 9.750921376100051e-06 
52.1 	 9.726915593393254e-06 
52.12 	 9.703018682479299e-06 
52.14 	 9.679229697119838e-06 
52.16 	 9.655547704877931e-06 
52.18 	 9.631971786830505e-06 
52.2 	 9.608501037283792e-06 
52.22 	 9.58513456350178e-06 
52.24 	 9.561871485438143e-06 
52.26 	 9.538710935477566e-06 
52.28 	 9.51565205818356e-06 
52.3 	 9.492694010052058e-06 
52.32 	 9.469835959271722e-06 
52.34 	 9.44707708549336e-06 
52.36 	 9.42441657960076e-06 
52.38 	 9.401853643491203e-06 
52.4 	 9.379387489858672e-06 
52.42 	 9.357017341986629e-06 
52.44 	 9.334742433540965e-06 
52.46 	 9.312562008372423e-06 
52.48 	 9.290475320321547e-06 
52.5 	 9.268481633030511e-06 
52.52 	 9.246580219757126e-06 
52.54 	 9.224770363194273e-06 
52.56 	 9.203051355296499e-06 
52.58 	 9.181422497107206e-06 
52.6 	 9.159883098589887e-06 
52.62 	 9.13843247846835e-06 
52.64 	 9.11706996406345e-06 
52.66 	 9.095794891140791e-06 
52.68 	 9.0746066037572e-06 
52.7 	 9.053504454112393e-06 
52.72 	 9.032487802404738e-06 
52.74 	 9.011556016689442e-06 
52.76 	 8.990708472739788e-06 
52.78 	 8.969944553913712e-06 
52.8 	 8.949263651020077e-06 
52.82 	 8.928665162190539e-06 
52.84 	 8.908148492753714e-06 
52.86 	 8.887713055110588e-06 
52.88 	 8.86735826861614e-06 
52.9 	 8.847083559460505e-06 
52.92 	 8.826888360552973e-06 
52.94 	 8.806772111410166e-06 
52.96 	 8.78673425804695e-06 
52.98 	 8.76677425286621e-06 
53.0 	 8.746891554554974e-06 
53.02 	 8.727085627980981e-06 
53.04 	 8.707355944091611e-06 
53.06 	 8.687701979815197e-06 
53.08 	 8.668123217963343e-06 
53.1 	 8.648619147137898e-06 
53.12 	 8.629189261636252e-06 
53.14 	 8.609833061362598e-06 
53.16 	 8.590550051737454e-06 
53.18 	 8.57133974361115e-06 
53.2 	 8.552201653178524e-06 
53.22 	 8.533135301895565e-06 
53.24 	 8.514140216397224e-06 
53.26 	 8.495215928417495e-06 
53.28 	 8.476361974710954e-06 
53.3 	 8.457577896975218e-06 
53.32 	 8.438863241775857e-06 
53.34 	 8.420217560473106e-06 
53.36 	 8.40164040914751e-06 
53.38 	 8.383131348531514e-06 
53.4 	 8.364689943936713e-06 
53.42 	 8.346315765188674e-06 
53.44 	 8.32800838655708e-06 
53.46 	 8.309767386692403e-06 
53.48 	 8.291592348559852e-06 
53.5 	 8.273482859377243e-06 
53.52 	 8.255438510552071e-06 
53.54 	 8.237458897620532e-06 
53.56 	 8.21954362019021e-06 
53.58 	 8.201692281878317e-06 
53.6 	 8.183904490255816e-06 
53.62 	 8.166179856791225e-06 
53.64 	 8.148517996795465e-06 
53.66 	 8.130918529365803e-06 
53.68 	 8.113381077334598e-06 
53.7 	 8.095905267216181e-06 
53.72 	 8.078490729154702e-06 
53.74 	 8.061137096875183e-06 
53.76 	 8.043844007632363e-06 
53.78 	 8.026611102163661e-06 
53.8 	 8.009438024640253e-06 
53.82 	 7.992324422620015e-06 
53.84 	 7.97526994700238e-06 
53.86 	 7.95827425198253e-06 
53.88 	 7.94133699500652e-06 
53.9 	 7.924457836728874e-06 
53.92 	 7.907636440968277e-06 
53.94 	 7.890872474665113e-06 
53.96 	 7.874165607841787e-06 
53.98 	 7.85751551356078e-06 
54.0 	 7.840921867884876e-06 
54.02 	 7.824384349836681e-06 
54.04 	 7.807902641362777e-06 
54.06 	 7.79147642729251e-06 
54.08 	 7.775105395302296e-06 
54.1 	 7.758789235878943e-06 
54.12 	 7.74252764228257e-06 
54.14 	 7.726320310512242e-06 
54.16 	 7.710166939269646e-06 
54.18 	 7.694067229926737e-06 
54.2 	 7.67802088648921e-06 
54.22 	 7.66202761556581e-06 
54.24 	 7.646087126334728e-06 
54.26 	 7.630199130509887e-06 
54.28 	 7.6143633423126844e-06 
54.3 	 7.598579478437154e-06 
54.32 	 7.582847258022691e-06 
54.34 	 7.567166402621144e-06 
54.36 	 7.551536636168994e-06 
54.38 	 7.535957684956954e-06 
54.4 	 7.520429277602829e-06 
54.42 	 7.504951145022076e-06 
54.44 	 7.4895230203991695e-06 
54.46 	 7.474144639162801e-06 
54.48 	 7.458815738956354e-06 
54.5 	 7.443536059613118e-06 
54.52 	 7.4283053431292285e-06 
54.54 	 7.4131233336385934e-06 
54.56 	 7.397989777387072e-06 
54.58 	 7.382904422707984e-06 
54.6 	 7.367867019996911e-06 
54.62 	 7.352877321688422e-06 
54.64 	 7.337935082232069e-06 
54.66 	 7.323040058068478e-06 
54.68 	 7.308192007606548e-06 
54.7 	 7.293390691201043e-06 
54.72 	 7.278635871129428e-06 
54.74 	 7.263927311570958e-06 
54.76 	 7.249264778584074e-06 
54.78 	 7.234648040085147e-06 
54.8 	 7.220076865827636e-06 
54.82 	 7.205551027381378e-06 
54.84 	 7.191070298111402e-06 
54.86 	 7.176634453159255e-06 
54.88 	 7.16224326942145e-06 
54.9 	 7.147896525531032e-06 
54.92 	 7.1335940018377574e-06 
54.94 	 7.119335480389282e-06 
54.96 	 7.105120744912762e-06 
54.98 	 7.090949580795354e-06 
55.0 	 7.076821775066951e-06 
55.02 	 7.062737116382365e-06 
55.04 	 7.048695395002782e-06 
55.06 	 7.03469640277876e-06 
55.08 	 7.020739933133065e-06 
55.1 	 7.006825781044165e-06 
55.12 	 6.9929537430289594e-06 
55.14 	 6.979123617125895e-06 
55.16 	 6.965335202879634e-06 
55.18 	 6.9515883013246706e-06 
55.2 	 6.937882714969296e-06 
55.22 	 6.924218247780852e-06 
55.24 	 6.910594705168724e-06 
55.26 	 6.897011893971518e-06 
55.28 	 6.883469622439637e-06 
55.3 	 6.8699677002220535e-06 
55.32 	 6.85650593835198e-06 
55.34 	 6.843084149231756e-06 
55.36 	 6.829702146618091e-06 
55.38 	 6.816359745609757e-06 
55.4 	 6.803056762633266e-06 
55.42 	 6.78979301542839e-06 
55.44 	 6.776568323035746e-06 
55.46 	 6.763382505782748e-06 
55.48 	 6.750235385271349e-06 
55.5 	 6.737126784365011e-06 
55.52 	 6.724056527176e-06 
55.54 	 6.7110244390516385e-06 
55.56 	 6.698030346563771e-06 
55.58 	 6.6850740774957265e-06 
55.6 	 6.672155460829896e-06 
55.62 	 6.6592743267368485e-06 
55.64 	 6.646430506561897e-06 
55.66 	 6.633623832815781e-06 
55.68 	 6.620854139161068e-06 
55.7 	 6.608121260402099e-06 
55.72 	 6.595425032473824e-06 
55.74 	 6.582765292429855e-06 
55.76 	 6.570141878432563e-06 
55.78 	 6.557554629742117e-06 
55.8 	 6.545003386705563e-06 
55.82 	 6.532487990747095e-06 
55.84 	 6.520008284356421e-06 
55.86 	 6.5075641110797085e-06 
55.88 	 6.495155315509468e-06 
55.9 	 6.482781743273932e-06 
55.92 	 6.470443241027589e-06 
55.94 	 6.458139656441814e-06 
55.96 	 6.445870838194387e-06 
55.98 	 6.433636635960769e-06 
56.0 	 6.421436900405436e-06 
56.02 	 6.409271483170432e-06 
56.04 	 6.3971402368684815e-06 
56.06 	 6.385043015073069e-06 
56.08 	 6.372979672309099e-06 
56.1 	 6.360950064045047e-06 
56.12 	 6.348954046683439e-06 
56.14 	 6.336991477553086e-06 
56.16 	 6.325062214899373e-06 
56.18 	 6.313166117877713e-06 
56.2 	 6.301303046543365e-06 
56.22 	 6.289472861844689e-06 
56.24 	 6.2776754256139e-06 
56.26 	 6.265910600560117e-06 
56.28 	 6.254178250261054e-06 
56.3 	 6.242478239155022e-06 
56.32 	 6.230810432533542e-06 
56.34 	 6.219174696532887e-06 
56.36 	 6.207570898128426e-06 
56.38 	 6.195998905125129e-06 
56.4 	 6.184458586151455e-06 
56.42 	 6.172949810651592e-06 
56.44 	 6.1614724488785724e-06 
56.46 	 6.150026371886605e-06 
56.48 	 6.138611451525097e-06 
56.5 	 6.127227560430215e-06 
56.52 	 6.115874572019816e-06 
56.54 	 6.104552360485364e-06 
56.56 	 6.093260800784982e-06 
56.58 	 6.0819997686387615e-06 
56.6 	 6.070769140519396e-06 
56.62 	 6.05956879364811e-06 
56.64 	 6.048398605987564e-06 
56.66 	 6.0372584562345424e-06 
56.68 	 6.026148223814581e-06 
56.7 	 6.015067788876355e-06 
56.72 	 6.004017032283915e-06 
56.74 	 5.99299583561195e-06 
56.76 	 5.982004081139724e-06 
56.78 	 5.971041651844226e-06 
56.8 	 5.960108431395251e-06 
56.82 	 5.949204304149151e-06 
56.84 	 5.938329155143168e-06 
56.86 	 5.927482870090595e-06 
56.88 	 5.9166653353729916e-06 
56.9 	 5.9058764380370415e-06 
56.92 	 5.895116065788169e-06 
56.94 	 5.884384106984201e-06 
56.96 	 5.873680450632025e-06 
56.98 	 5.863004986379676e-06 
57.0 	 5.852357604513311e-06 
57.02 	 5.841738195951526e-06 
57.04 	 5.8311466522388635e-06 
57.06 	 5.8205828655426e-06 
57.08 	 5.810046728646591e-06 
57.1 	 5.7995381349467564e-06 
57.12 	 5.789056978445237e-06 
57.14 	 5.778603153747274e-06 
57.16 	 5.768176556054359e-06 
57.18 	 5.7577770811614025e-06 
57.2 	 5.7474046254504745e-06 
57.22 	 5.737059085886961e-06 
57.24 	 5.72674036001468e-06 
57.26 	 5.716448345951548e-06 
57.28 	 5.706182942384205e-06 
57.3 	 5.695944048564797e-06 
57.32 	 5.685731564305918e-06 
57.34 	 5.67554538997609e-06 
57.36 	 5.665385426495551e-06 
57.38 	 5.6552515753315195e-06 
57.4 	 5.645143738495341e-06 
57.42 	 5.635061818536482e-06 
57.44 	 5.6250057185399675e-06 
57.46 	 5.614975342120417e-06 
57.48 	 5.604970593420331e-06 
57.5 	 5.594991377103621e-06 
57.52 	 5.585037598353415e-06 
57.54 	 5.575109162867473e-06 
57.56 	 5.56520597685339e-06 
57.58 	 5.5553279470266915e-06 
57.6 	 5.545474980604753e-06 
57.62 	 5.535646985304665e-06 
57.64 	 5.525843869339035e-06 
57.66 	 5.516065541411531e-06 
57.68 	 5.506311910714276e-06 
57.7 	 5.496582886923442e-06 
57.72 	 5.48687838019563e-06 
57.74 	 5.477198301164799e-06 
57.76 	 5.467542560938687e-06 
57.78 	 5.457911071094205e-06 
57.8 	 5.44830374367572e-06 
57.82 	 5.438720491189954e-06 
57.84 	 5.429161226603528e-06 
57.86 	 5.4196258633397086e-06 
57.88 	 5.4101143152739e-06 
57.9 	 5.400626496731737e-06 
57.92 	 5.39116232248537e-06 
57.94 	 5.381721707749e-06 
57.96 	 5.3723045681777895e-06 
57.98 	 5.362910819863171e-06 
58.0 	 5.353540379329454e-06 
58.02 	 5.34419316353252e-06 
58.04 	 5.3348690898544025e-06 
58.06 	 5.325568076102262e-06 
58.08 	 5.316290040503517e-06 
58.1 	 5.307034901704322e-06 
58.12 	 5.297802578766018e-06 
58.14 	 5.2885929911615946e-06 
58.16 	 5.279406058774198e-06 
58.18 	 5.270241701892095e-06 
58.2 	 5.261099841207985e-06 
58.22 	 5.251980397815254e-06 
58.24 	 5.242883293204763e-06 
58.26 	 5.233808449262152e-06 
58.28 	 5.224755788265923e-06 
58.3 	 5.215725232883508e-06 
58.32 	 5.206716706169621e-06 
58.34 	 5.197730131562602e-06 
58.36 	 5.188765432882556e-06 
58.38 	 5.179822534328217e-06 
58.4 	 5.170901360474602e-06 
58.42 	 5.16200183627016e-06 
58.44 	 5.153123887034444e-06 
58.46 	 5.144267438455038e-06 
58.48 	 5.135432416586001e-06 
58.5 	 5.126618747844324e-06 
58.52 	 5.117826359008129e-06 
58.54 	 5.1090551772144224e-06 
58.56 	 5.100305129955298e-06 
58.58 	 5.091576145076707e-06 
58.6 	 5.082868150776721e-06 
58.62 	 5.074181075601283e-06 
58.64 	 5.065514848442753e-06 
58.66 	 5.056869398538444e-06 
58.68 	 5.0482446554666754e-06 
58.7 	 5.039640549145831e-06 
58.72 	 5.031057009831438e-06 
58.74 	 5.022493968113741e-06 
58.76 	 5.0139513549165575e-06 
58.78 	 5.0054291014933645e-06 
58.8 	 4.996927139426426e-06 
58.82 	 4.988445400624651e-06 
58.84 	 4.979983817320238e-06 
58.86 	 4.971542322067561e-06 
58.88 	 4.963120847741314e-06 
58.9 	 4.954719327533181e-06 
58.92 	 4.946337694951001e-06 
58.94 	 4.937975883816194e-06 
58.96 	 4.929633828260706e-06 
58.98 	 4.921311462727691e-06 
59.0 	 4.913008721966233e-06 
59.02 	 4.904725541031802e-06 
59.04 	 4.896461855282725e-06 
59.06 	 4.888217600379912e-06 
59.08 	 4.879992712282861e-06 
59.1 	 4.871787127249393e-06 
59.12 	 4.863600781832174e-06 
59.14 	 4.855433612879441e-06 
59.16 	 4.847285557529586e-06 
59.18 	 4.839156553212378e-06 
59.2 	 4.831046537645533e-06 
59.22 	 4.822955448833006e-06 
59.24 	 4.81488322506379e-06 
59.26 	 4.806829804909238e-06 
59.28 	 4.79879512722236e-06 
59.3 	 4.790779131134689e-06 
59.32 	 4.782781756056316e-06 
59.34 	 4.774802941672281e-06 
59.36 	 4.766842627941888e-06 
59.38 	 4.758900755097079e-06 
59.4 	 4.7509772636398e-06 
59.42 	 4.7430720943418466e-06 
59.44 	 4.735185188241773e-06 
59.46 	 4.727316486643765e-06 
59.48 	 4.719465931116035e-06 
59.5 	 4.711633463489208e-06 
59.52 	 4.703819025854744e-06 
59.54 	 4.696022560563089e-06 
59.56 	 4.688244010222349e-06 
59.58 	 4.680483317696228e-06 
59.6 	 4.672740426103904e-06 
59.62 	 4.665015278815821e-06 
59.64 	 4.6573078194547855e-06 
59.66 	 4.649617991893209e-06 
59.68 	 4.641945740251808e-06 
59.7 	 4.634291008897593e-06 
59.72 	 4.626653742443536e-06 
59.74 	 4.619033885745609e-06 
59.76 	 4.6114313839029494e-06 
59.78 	 4.603846182254668e-06 
59.8 	 4.596278226380023e-06 
59.82 	 4.58872746209573e-06 
59.84 	 4.5811938354551795e-06 
59.86 	 4.573677292747441e-06 
59.88 	 4.566177780494333e-06 
59.9 	 4.558695245450643e-06 
59.92 	 4.55122963460216e-06 
59.94 	 4.543780895163752e-06 
59.96 	 4.53634897457933e-06 
59.98 	 4.528933820518972e-06 
