0.0 	 1.2496664042736663 
0.02 	 1.2496045315928648 
0.04 	 1.2495985291158027 
0.06 	 1.2496012387964237 
0.08 	 1.2496327403483136 
0.1 	 1.2496712566349117 
0.12 	 1.249732010757251 
0.14 	 1.2498006959515537 
0.16 	 1.2498893334572967 
0.18 	 1.2499866586942514 
0.2 	 1.2501028905133698 
0.22 	 1.2502281219767377 
0.24 	 1.2503718109932258 
0.26 	 1.2505244717920911 
0.28 	 1.2506954976942002 
0.3 	 1.2508753784974107 
0.32 	 1.251073756468321 
0.34 	 1.2512810387860644 
0.36 	 1.2515070954347745 
0.38 	 1.2517424169161593 
0.4 	 1.2519969020033896 
0.42 	 1.2522612952803545 
0.44 	 1.2525453639494242 
0.46 	 1.2528400775907855 
0.48 	 1.2531551414358353 
0.5 	 1.2534814119702624 
0.52 	 1.2538289179744235 
0.54 	 1.2541877940373356 
0.56 	 1.2545690303799664 
0.58 	 1.2549613439585916 
0.6 	 1.25537737632197 
0.62 	 1.2558039122700095 
0.64 	 1.2562557194754154 
0.66 	 1.2567175670476498 
0.68 	 1.2572063813305605 
0.7 	 1.2577053861254224 
0.72 	 1.2582331759406258 
0.74 	 1.258772375888558 
0.76 	 1.2593423684610805 
0.78 	 1.2599263097373479 
0.8 	 1.2605434566053075 
0.82 	 1.2611783332909863 
0.84 	 1.2618496656702038 
0.86 	 1.2625432682166051 
0.88 	 1.2632781256495433 
0.9 	 1.2640395641744857 
0.92 	 1.2648496493548718 
0.94 	 1.2656887157901882 
0.96 	 1.2665878004120146 
0.98 	 1.2675136998849363 
1.0 	 1.2685166317784011 
1.02 	 1.269535783547622 
1.04 	 1.2706563742840558 
1.06 	 1.2717692175949575 
1.08 	 1.2730168137037499 
1.1 	 1.274214111119207 
1.12 	 1.2755892572664045 
1.14 	 1.2768490744231058 
1.16 	 1.2783394714017353 
1.18 	 1.2796263619326909 
1.2 	 1.2812047966297226 
1.22 	 1.2824722354125924 
1.24 	 1.2840977450418671 
1.26 	 1.2852934648053105 
1.28 	 1.2869155789107458 
1.3 	 1.2879878838393473 
1.32 	 1.2895520938715683 
1.34 	 1.2904546920308613 
1.36 	 1.2919066623390374 
1.38 	 1.2926009236024236 
1.4 	 1.2938883362913358 
1.42 	 1.2943445895285304 
1.44 	 1.2954183978877303 
1.46 	 1.2956198870019338 
1.48 	 1.2964390024219872 
1.5 	 1.2963912101183028 
1.52 	 1.2969338401306878 
1.54 	 1.29667765413051 
1.56 	 1.2969580315697922 
1.58 	 1.2965800418907167 
1.6 	 1.2966634723524877 
1.62 	 1.2962944778931975 
1.64 	 1.2963006671851112 
1.66 	 1.2960969235393112 
1.68 	 1.296184608341279 
1.7 	 1.2962945965764412 
1.72 	 1.2966290946693213 
1.74 	 1.2971571327450861 
1.76 	 1.297871891607528 
1.78 	 1.2988531437641477 
1.8 	 1.3000204827973794 
1.82 	 1.3014170582899045 
1.84 	 1.3030388582779873 
1.86 	 1.304756355419812 
1.88 	 1.3067751807904373 
1.9 	 1.3086897925311294 
1.92 	 1.3110116044240137 
1.94 	 1.3129952380334649 
1.96 	 1.3155118499955827 
1.98 	 1.3174470121497879 
2.0 	 1.3200500623033544 
2.02 	 1.3218335319135368 
2.04 	 1.3244183389777813 
2.06 	 1.3259584418924149 
2.08 	 1.3284217331578942 
2.1 	 1.3296362501185286 
2.12 	 1.331874459180591 
2.14 	 1.3326949426423988 
2.16 	 1.3346093119809523 
2.18 	 1.33499367702065 
2.2 	 1.3365049694191777 
2.22 	 1.3364547022119637 
2.24 	 1.33752451021853 
2.26 	 1.3370976875827965 
2.28 	 1.3377471064301467 
2.3 	 1.3370567520000651 
2.32 	 1.3373701933197417 
2.34 	 1.3365619518004141 
2.36 	 1.3366676669736024 
2.38 	 1.3358810838371409 
2.4 	 1.3359110063876778 
2.42 	 1.335240521713293 
2.44 	 1.335285934836698 
2.46 	 1.3347641221344486 
2.48 	 1.3348525430894196 
2.5 	 1.3344733565225388 
2.52 	 1.3345889399654973 
2.54 	 1.3343719715036115 
2.56 	 1.3345249909755752 
2.58 	 1.334598317564571 
2.6 	 1.3349233742580169 
2.62 	 1.3355815491457759 
2.64 	 1.33641753184762 
2.66 	 1.338102662910102 
2.68 	 1.3399919445368833 
2.7 	 1.3431607280033233 
2.72 	 1.3467175861772476 
2.74 	 1.3516057268070985 
2.76 	 1.3572598027528224 
2.78 	 1.3636300688472145 
2.8 	 1.3713366558906133 
2.82 	 1.3783505809525494 
2.84 	 1.3874142489698487 
2.86 	 1.3937354530975543 
2.88 	 1.402855085225082 
2.9 	 1.4069744782451619 
2.92 	 1.414509353624384 
2.94 	 1.4151706651472677 
2.96 	 1.4195402685195362 
2.98 	 1.4161194005440454 
3.0 	 1.4162310933705868 
3.02 	 1.4089708959184737 
3.04 	 1.4045859750528533 
3.06 	 1.3946436852569017 
3.08 	 1.3865960080138398 
3.1 	 1.3758810947142408 
3.12 	 1.3660432408112249 
3.14 	 1.3568158111282078 
3.16 	 1.3477019994158768 
3.18 	 1.3419287086318772 
3.2 	 1.3359165276556633 
3.22 	 1.3345330529251203 
3.24 	 1.3329484237378495 
3.26 	 1.335414396527538 
3.28 	 1.337993030229717 
3.3 	 1.342519172924266 
3.32 	 1.347622177618155 
3.34 	 1.3519924760431015 
3.36 	 1.3574069588195772 
3.38 	 1.3598782409042582 
3.4 	 1.3636936281168073 
3.42 	 1.3635296250868814 
3.44 	 1.3647243118467418 
3.46 	 1.3622751702318772 
3.48 	 1.3609236880190008 
3.5 	 1.3573784458296962 
3.52 	 1.354528254915153 
3.54 	 1.3514946264885188 
3.56 	 1.3487988584371053 
3.58 	 1.3478304102242413 
3.6 	 1.347048311503926 
3.62 	 1.3492227144233804 
3.64 	 1.351731943672083 
3.66 	 1.3573809857849595 
3.68 	 1.3638474816502244 
3.7 	 1.3725045599802164 
3.72 	 1.3827877349127116 
3.74 	 1.3933367557957104 
3.76 	 1.4065971697615904 
3.78 	 1.41753312157042 
3.8 	 1.4324410151964224 
3.82 	 1.4421442720926743 
3.84 	 1.4571000805650485 
3.86 	 1.4640667237567113 
3.88 	 1.4773940254258642 
3.9 	 1.4804021291567449 
3.92 	 1.4905068097532972 
3.94 	 1.4887179007454663 
3.96 	 1.4942187721977167 
3.98 	 1.487226362127453 
4.0 	 1.487068449489552 
4.02 	 1.4749154204620347 
4.04 	 1.4684818802348916 
4.06 	 1.4516676236931996 
4.08 	 1.438900101714827 
4.1 	 1.4183833829952561 
4.12 	 1.39989752815169 
4.14 	 1.3770804296579646 
4.16 	 1.3542333776039588 
4.18 	 1.3308976194861184 
4.2 	 1.3057483911492278 
4.22 	 1.2839138168469886 
4.24 	 1.2590293033221338 
4.26 	 1.2407136729081656 
4.28 	 1.2188074901087633 
4.3 	 1.205686760147318 
4.32 	 1.1891245542312654 
4.34 	 1.1821363159796956 
4.36 	 1.1724036642562323 
4.38 	 1.1714160653597672 
4.4 	 1.168724681907305 
4.42 	 1.1724583943010503 
4.44 	 1.1756858172228202 
4.46 	 1.1820007361488856 
4.48 	 1.1890115225460849 
4.5 	 1.1954488403700907 
4.52 	 1.20362811073187 
4.54 	 1.2079610916173682 
4.56 	 1.2147402326248489 
4.58 	 1.2153617598971775 
4.6 	 1.2186320198886982 
4.62 	 1.214744506749375 
4.64 	 1.2131485591070712 
4.66 	 1.2047848226622597 
4.68 	 1.1978798476452228 
4.7 	 1.1857875657130892 
4.72 	 1.1740483740781338 
4.74 	 1.159466928656422 
4.76 	 1.144103594620872 
4.78 	 1.128469406357742 
4.8 	 1.111081405278252 
4.82 	 1.0957162953802144 
4.84 	 1.0778715583730032 
4.86 	 1.0637295925376025 
4.88 	 1.0466043807258758 
4.9 	 1.034155022862425 
4.92 	 1.0183608461895632 
4.94 	 1.007646784358786 
4.96 	 0.9932910496509216 
4.98 	 0.9841249309756936 
5.0 	 0.9710441498301805 
5.02 	 0.9632508076318704 
5.04 	 0.9512953996659789 
5.06 	 0.9449106073455174 
5.08 	 0.9341830544639701 
5.1 	 0.9295680105158041 
5.12 	 0.9205743153632215 
5.14 	 0.9184355515470902 
5.16 	 0.9121308503956499 
5.18 	 0.9134155056433594 
5.2 	 0.9110883415156361 
5.22 	 0.9166922600422083 
5.24 	 0.9196054706192706 
5.26 	 0.9298875503326086 
5.28 	 0.938703142872871 
5.3 	 0.9530066618116436 
5.32 	 0.9672736760588206 
5.34 	 0.9838152111730303 
5.36 	 1.0018764392164499 
5.38 	 1.018142228311672 
5.4 	 1.0374897550119804 
5.42 	 1.0508717976672193 
5.44 	 1.0686636206611468 
5.46 	 1.0769975183013871 
5.48 	 1.0905107593693335 
5.5 	 1.0923971678094828 
5.52 	 1.0993944678174548 
5.54 	 1.0943414584003568 
5.56 	 1.0933936276545184 
5.58 	 1.0818372096291382 
5.6 	 1.0725982718014722 
5.62 	 1.0558352026114297 
5.64 	 1.0392085268831892 
5.66 	 1.0192552882254566 
5.68 	 0.9973728039843878 
5.7 	 0.9767465174284776 
5.72 	 0.9527076668018649 
5.74 	 0.9341043462685445 
5.76 	 0.9114609751256157 
5.78 	 0.8972935411002632 
5.8 	 0.8793051300263036 
5.82 	 0.8711031593988517 
5.84 	 0.8598724248767983 
5.86 	 0.8577159359843277 
5.88 	 0.8535226171402106 
5.9 	 0.8559085182906797 
5.92 	 0.85719556524571 
5.94 	 0.8615957140925504 
5.96 	 0.8656829573048545 
5.98 	 0.8694506774308459 
6.0 	 0.8734445726193312 
6.02 	 0.874477955221128 
6.04 	 0.8758696928622206 
6.06 	 0.8728514588731621 
6.08 	 0.8697725077758852 
6.1 	 0.8621679605526148 
6.12 	 0.8535003601097597 
6.14 	 0.8414948017617414 
6.16 	 0.8269603568827938 
6.18 	 0.8114001037960902 
6.2 	 0.7916353010099832 
6.22 	 0.7739723427623719 
6.24 	 0.7505481289730773 
6.26 	 0.7327748889209289 
6.28 	 0.708127961341057 
6.3 	 0.6926758742091595 
6.32 	 0.6699213236147222 
6.34 	 0.6594330028966691 
6.36 	 0.6419489745018976 
6.38 	 0.6386986782374733 
6.4 	 0.6292250897079998 
6.42 	 0.634016696142114 
6.44 	 0.6332959430693237 
6.46 	 0.6445669262378412 
6.48 	 0.6507640121723408 
6.5 	 0.6653568507248387 
6.52 	 0.6753607902923597 
6.54 	 0.6904138047668529 
6.56 	 0.7016016652890984 
6.58 	 0.7155474327721993 
6.6 	 0.7264552129192035 
6.62 	 0.7388528014169738 
6.64 	 0.7489733177560338 
6.66 	 0.7599677209145166 
6.68 	 0.7693101280939871 
6.7 	 0.7791863578651428 
6.72 	 0.7879035009814453 
6.74 	 0.7968534529082358 
6.76 	 0.805035102550375 
6.78 	 0.8131179390364657 
6.8 	 0.8207509042979941 
6.82 	 0.8279649031436415 
6.84 	 0.8349949939637529 
6.86 	 0.8413617419713723 
6.88 	 0.8477687726482467 
6.9 	 0.8533643782265906 
6.92 	 0.8591888048780291 
6.94 	 0.8641146684753718 
6.96 	 0.869426738094787 
6.98 	 0.8737557982109341 
7.0 	 0.8785999912231574 
7.02 	 0.882343418782631 
7.04 	 0.8867021031998795 
7.06 	 0.8898201100718715 
7.08 	 0.8936214076349641 
7.1 	 0.8960693896235149 
7.12 	 0.8992326792303585 
7.14 	 0.9010119139058854 
7.16 	 0.9035013146125382 
7.18 	 0.9046829740495204 
7.2 	 0.9065361137827375 
7.22 	 0.9072451544197871 
7.24 	 0.9085603803964593 
7.26 	 0.9089304011348602 
7.28 	 0.909821099715681 
7.3 	 0.9099495581735239 
7.32 	 0.9104959572838831 
7.34 	 0.9104305125219684 
7.36 	 0.9106633689460769 
7.38 	 0.9104313560683897 
7.4 	 0.9103628491495939 
7.42 	 0.9100269272636117 
7.44 	 0.9097125043919332 
7.46 	 0.9094155636681959 
7.48 	 0.9090073969440052 
7.5 	 0.9089727241108335 
7.52 	 0.9087262532800958 
7.54 	 0.9092028521231501 
7.56 	 0.9094223339542851 
7.58 	 0.910595891264167 
7.6 	 0.9115388047799043 
7.62 	 0.9134488642965514 
7.64 	 0.9152322289499448 
7.66 	 0.917733775861039 
7.68 	 0.9202830854633486 
7.7 	 0.9230673185131661 
7.72 	 0.9261238301968131 
7.74 	 0.9287851018720366 
7.76 	 0.9319599679500788 
7.78 	 0.9340822833237125 
7.8 	 0.9369347536043376 
7.82 	 0.9381746764330033 
7.84 	 0.9402956881420048 
7.86 	 0.9404471215486742 
7.88 	 0.9415355945346021 
7.9 	 0.9405658245993223 
7.92 	 0.9404844082893646 
7.94 	 0.9385317734306954 
7.96 	 0.9373256848567675 
7.98 	 0.9346550319676495 
8.0 	 0.9325221691315718 
8.02 	 0.9294485082408603 
8.04 	 0.9266665730336948 
8.06 	 0.9234744935036349 
8.08 	 0.9203145304419875 
8.1 	 0.9172083004711181 
8.12 	 0.9138763387801156 
8.14 	 0.9109823110531565 
8.16 	 0.9076168971138042 
8.18 	 0.9050291371091966 
8.2 	 0.9017470745186701 
8.22 	 0.8995792188632304 
8.24 	 0.896529578038644 
8.26 	 0.8949324634979812 
8.28 	 0.8923143038755394 
8.3 	 0.8914433914080143 
8.32 	 0.8894691449804977 
8.34 	 0.8894210996330622 
8.36 	 0.8882463297020311 
8.38 	 0.8890061320900376 
8.4 	 0.888670141048642 
8.42 	 0.8901035375007439 
8.44 	 0.8905172466382845 
8.46 	 0.8924131605292248 
8.48 	 0.893398435999497 
8.5 	 0.8955355237296028 
8.52 	 0.8968899727159129 
8.54 	 0.8990925723115979 
8.56 	 0.9006461329116883 
8.58 	 0.902808472102363 
8.6 	 0.9044511885713752 
8.62 	 0.9065292789789045 
8.64 	 0.908208305577232 
8.66 	 0.9101922453729763 
8.68 	 0.9118883471279468 
8.7 	 0.9137704792019528 
8.72 	 0.9154676117411475 
8.74 	 0.9172183730981215 
8.76 	 0.9188778189239287 
8.78 	 0.9204361885234751 
8.8 	 0.9219832697925749 
8.82 	 0.9232646165952193 
8.84 	 0.9245928232496275 
8.86 	 0.9255130112399343 
8.88 	 0.9265066214391274 
8.9 	 0.9270162566038836 
8.92 	 0.9275869116574468 
8.94 	 0.9277042825006963 
8.96 	 0.9278302090895391 
8.98 	 0.9276587416891267 
9.0 	 0.9274107308716056 
9.02 	 0.927129918811427 
9.04 	 0.926669955104172 
9.06 	 0.9264984307489094 
9.08 	 0.9260467699261472 
9.1 	 0.9261889584563348 
9.12 	 0.9259701006659996 
9.14 	 0.9265668991135133 
9.16 	 0.9267560764317769 
9.18 	 0.9278587664846464 
9.2 	 0.9285501652940004 
9.22 	 0.9301245781230187 
9.24 	 0.9313297430495556 
9.26 	 0.9332819108968422 
9.28 	 0.9349502238324486 
9.3 	 0.9371558356799932 
9.32 	 0.9391997255680504 
9.34 	 0.9415225611414283 
9.36 	 0.9438326620300692 
9.38 	 0.9461280481871465 
9.4 	 0.9485739298986792 
9.42 	 0.9506843834410653 
9.44 	 0.9531074924933477 
9.46 	 0.9548631641946728 
9.48 	 0.9570747032503126 
9.5 	 0.9583090142399437 
9.52 	 0.9601043350533748 
9.54 	 0.9606867357463654 
9.56 	 0.9618801047523438 
9.58 	 0.9617572276705831 
9.6 	 0.9622298300838115 
9.62 	 0.9614586408534931 
9.64 	 0.9612032483000116 
9.66 	 0.9599591041817647 
9.68 	 0.9591014953622938 
9.7 	 0.9576512591810586 
9.72 	 0.9564338917530586 
9.74 	 0.9550772515943785 
9.76 	 0.9538043949702733 
9.78 	 0.9528006683234438 
9.8 	 0.9517615269791706 
9.82 	 0.9512679020350476 
9.84 	 0.9506662426631373 
9.86 	 0.9507102410969357 
9.88 	 0.9506268047426231 
9.9 	 0.9511199278690557 
9.92 	 0.9515167824311143 
9.94 	 0.9522966065504345 
9.96 	 0.9530515686624987 
9.98 	 0.9539291875853675 
10.0 	 0.9548778183329427 
10.02 	 0.9556723501329839 
10.04 	 0.9566397655344955 
10.06 	 0.9571952896562798 
10.08 	 0.9580130361890724 
10.1 	 0.9582046679984277 
10.12 	 0.9587186303099947 
10.14 	 0.9584574960877177 
10.16 	 0.9585360050841633 
10.18 	 0.9577792156293716 
10.2 	 0.957327633342937 
10.22 	 0.9560934893382375 
10.24 	 0.9550762075728131 
10.26 	 0.953459558483122 
10.28 	 0.9519245024490577 
10.3 	 0.9501030748922787 
10.32 	 0.9481980671138688 
10.34 	 0.9464189178427754 
10.36 	 0.9443858782336576 
10.38 	 0.9429249157956281 
10.4 	 0.9410614541020595 
10.42 	 0.9401602547213932 
10.44 	 0.938751671506857 
10.46 	 0.9385511494960379 
10.48 	 0.9377945137056432 
10.5 	 0.9382942296015817 
10.52 	 0.9382470925109191 
10.54 	 0.939311673659317 
10.56 	 0.9398895414355548 
10.58 	 0.9413005648057099 
10.6 	 0.9423223304722188 
10.62 	 0.943850232304506 
10.64 	 0.9451066504210239 
10.66 	 0.9465696061551035 
10.68 	 0.9478824241331217 
10.7 	 0.949170845964955 
10.72 	 0.9504208360886509 
10.74 	 0.9514866159948715 
10.76 	 0.9526076319837259 
10.78 	 0.9534337874931487 
10.8 	 0.9543861842472238 
10.82 	 0.9549583786853283 
10.84 	 0.9557022503042172 
10.86 	 0.9559984941043349 
10.88 	 0.9564837622085156 
10.9 	 0.956486486621358 
10.92 	 0.9566657432819357 
10.94 	 0.9563875911784853 
10.96 	 0.9562445234409077 
10.98 	 0.9557515919722098 
11.0 	 0.9553289336160996 
11.02 	 0.9547460413134302 
11.04 	 0.9541562512730876 
11.06 	 0.9536473483104201 
11.08 	 0.9530569345199718 
11.1 	 0.9527858457109056 
11.12 	 0.9523768742822151 
11.14 	 0.9524631482119785 
11.16 	 0.9523864430828841 
11.18 	 0.9528729942547298 
11.2 	 0.9532104724849625 
11.22 	 0.95405301508974 
11.24 	 0.9548001297631737 
11.26 	 0.9558780013309425 
11.28 	 0.9569468742523899 
11.3 	 0.958088025144536 
11.32 	 0.9593253680813024 
11.34 	 0.9603382987161089 
11.36 	 0.9615525984054926 
11.38 	 0.9622614456667842 
11.4 	 0.9632571667790123 
11.42 	 0.9635371536426914 
11.44 	 0.9641539314303641 
11.46 	 0.9639610115658136 
11.48 	 0.9641111123588284 
11.5 	 0.9634955840538664 
11.52 	 0.9631873286556268 
11.54 	 0.9622823918593779 
11.56 	 0.9616174565144826 
11.58 	 0.9606028942433565 
11.6 	 0.9597451900978681 
11.62 	 0.958799642660402 
11.64 	 0.9579289111119031 
11.66 	 0.9571919189293303 
11.68 	 0.9564648681687885 
11.7 	 0.9560232798008681 
11.72 	 0.9555584256385855 
11.74 	 0.955452578512902 
11.76 	 0.9553339083339351 
11.78 	 0.9555619063217523 
11.8 	 0.955837909508349 
11.82 	 0.9563381002410979 
11.84 	 0.9569948711499806 
11.86 	 0.9576096899175773 
11.88 	 0.9585217858326349 
11.9 	 0.9589733692402524 
11.92 	 0.9598652957240205 
11.94 	 0.9597804278427217 
11.96 	 0.9602399455073866 
11.98 	 0.9592387616969 
12.0 	 0.9588012150738519 
12.02 	 0.9566256343100612 
12.04 	 0.954910973731014 
12.06 	 0.9515424307722061 
12.08 	 0.9483975143160212 
12.1 	 0.9441143887717575 
12.12 	 0.9397056934339489 
12.14 	 0.9350531905122068 
12.16 	 0.9298685809586626 
12.18 	 0.9255436303977843 
12.2 	 0.9202909553312271 
12.22 	 0.9169729841348083 
12.24 	 0.9124018833415305 
12.26 	 0.9105826871092221 
12.28 	 0.9072919560614342 
12.3 	 0.9071652197316653 
12.32 	 0.905470011272654 
12.34 	 0.9069201584174843 
12.36 	 0.9068248245409548 
12.38 	 0.9095084780090084 
12.4 	 0.9107756418690913 
12.42 	 0.9142471835675315 
12.44 	 0.9165120742720125 
12.46 	 0.9203376908792935 
12.48 	 0.9232146095473218 
12.5 	 0.9270434343630269 
12.52 	 0.9301961937024401 
12.54 	 0.9337861781052922 
12.56 	 0.9369598977404775 
12.58 	 0.940172018931694 
12.6 	 0.9431968078675557 
12.62 	 0.9459738951253351 
12.64 	 0.9487534334845403 
12.66 	 0.9510957591111151 
12.68 	 0.9535909106261649 
12.7 	 0.9555346089270079 
12.72 	 0.9577473497359674 
12.74 	 0.9593463528835897 
12.76 	 0.9613045943263894 
12.78 	 0.9626139900811082 
12.8 	 0.9643553242487923 
12.82 	 0.9654148510288353 
12.84 	 0.9669682086117394 
12.86 	 0.9677880833248347 
12.88 	 0.9691560500819033 
12.9 	 0.9697104949336708 
12.92 	 0.9708585469771188 
12.94 	 0.9710919566088771 
12.96 	 0.9719506519310744 
12.98 	 0.9717964696220535 
13.0 	 0.9722776994740879 
13.02 	 0.971683668346475 
13.04 	 0.9717053638107437 
13.06 	 0.970655626984423 
13.08 	 0.9701656473529138 
13.1 	 0.9686927172506133 
13.12 	 0.9676846723612332 
13.14 	 0.9658704845437881 
13.16 	 0.9643900449642631 
13.18 	 0.9623601126517719 
13.2 	 0.9605049354846318 
13.22 	 0.9584193817613341 
13.24 	 0.9563353442629473 
13.26 	 0.954376334823626 
13.28 	 0.9522483347455805 
13.3 	 0.9506001388824591 
13.32 	 0.9486325772341986 
13.34 	 0.9474526914102899 
13.36 	 0.9458377486366429 
13.38 	 0.9452248669571314 
13.4 	 0.9441051897358885 
13.42 	 0.9440765066332689 
13.44 	 0.9435163307240498 
13.46 	 0.9440059958082363 
13.48 	 0.9439838465594969 
13.5 	 0.9448649839531065 
13.52 	 0.945291050069269 
13.54 	 0.9464116730778204 
13.56 	 0.9471605601640268 
13.58 	 0.9483775181698538 
13.6 	 0.9493208492395505 
13.62 	 0.9505193910071247 
13.64 	 0.9515458513016329 
13.66 	 0.9526421420888178 
13.68 	 0.9536617607779422 
13.7 	 0.9545950504257779 
13.72 	 0.955533614081896 
13.74 	 0.9562584941627114 
13.76 	 0.9570520016358639 
13.78 	 0.9575380277363439 
13.8 	 0.9581344177758767 
13.82 	 0.958373040068391 
13.84 	 0.9587413486424492 
13.86 	 0.9587536103875671 
13.88 	 0.9588941002498976 
13.9 	 0.9587311763700723 
13.92 	 0.9586782337703237 
13.94 	 0.9584112807246604 
13.96 	 0.9582250193847277 
13.98 	 0.9579277117687645 
14.0 	 0.9576772145417831 
14.02 	 0.957408887554219 
14.04 	 0.957154908097405 
14.06 	 0.956951441407196 
14.08 	 0.9567359537526465 
14.1 	 0.9566104092024764 
14.12 	 0.9564554672555606 
14.14 	 0.956404985075254 
14.16 	 0.9563178853620103 
14.18 	 0.9563310806164059 
14.2 	 0.9563104296432007 
14.22 	 0.9563711344075843 
14.24 	 0.9564097259390101 
14.26 	 0.9564962588726746 
14.28 	 0.9565796596045181 
14.3 	 0.9566614184394564 
14.32 	 0.9567636106145531 
14.34 	 0.9567978293989305 
14.36 	 0.9568764660982829 
14.38 	 0.9568080848161921 
14.4 	 0.9568024700980947 
14.42 	 0.956569864915359 
14.44 	 0.9564051195357268 
14.46 	 0.9559535399626309 
14.48 	 0.9555538804714805 
14.5 	 0.9548558255379238 
14.52 	 0.9541671813437635 
14.54 	 0.9532444897242673 
14.56 	 0.9522615066229151 
14.58 	 0.9511995226817375 
14.6 	 0.9499863494215828 
14.62 	 0.948929559915899 
14.64 	 0.947621651913721 
14.66 	 0.9467454008571727 
14.68 	 0.9455245208640456 
14.7 	 0.9449882730722248 
14.72 	 0.9440348770875754 
14.74 	 0.9439339603791674 
14.76 	 0.9433744783008269 
14.78 	 0.9437115288587913 
14.8 	 0.9435834870949124 
14.82 	 0.9442729761697243 
14.84 	 0.9445229635399817 
14.86 	 0.9454256722239955 
14.88 	 0.9459382158735689 
14.9 	 0.9469082003670038 
14.92 	 0.947549267914161 
14.94 	 0.9484729252627918 
14.96 	 0.949128644169962 
14.98 	 0.9499438114991672 
15.0 	 0.9505423592666941 
15.02 	 0.9512372724878675 
15.04 	 0.9517525777227528 
15.06 	 0.9523523510682713 
15.08 	 0.9527955362589835 
15.1 	 0.953345007161048 
15.12 	 0.9537510146708723 
15.14 	 0.9542994358710947 
15.16 	 0.9547136574021061 
15.18 	 0.955302624392459 
15.2 	 0.9557689125932988 
15.22 	 0.9564228475923977 
15.24 	 0.956972579185501 
15.26 	 0.9576915297205233 
15.28 	 0.9583339410914428 
15.3 	 0.9590900352249079 
15.32 	 0.9598056607030072 
15.34 	 0.9605454939355821 
15.36 	 0.9612855323794514 
15.38 	 0.9619400141028305 
15.4 	 0.9626338141391936 
15.42 	 0.9631346722987639 
15.44 	 0.9637052376557039 
15.46 	 0.9640044024455958 
15.48 	 0.9643886387650326 
15.5 	 0.9644744580797615 
15.52 	 0.9646421027242683 
15.54 	 0.9645461541943913 
15.56 	 0.9645104729487478 
15.58 	 0.9643013774491312 
15.6 	 0.9641168595523743 
15.62 	 0.9638823682690132 
15.64 	 0.9636295084748613 
15.66 	 0.9634531193924963 
15.68 	 0.9632158525957102 
15.7 	 0.9631566249460678 
15.72 	 0.9630010869777482 
15.74 	 0.9630836123016899 
15.76 	 0.9630457328468371 
15.78 	 0.9632622585351203 
15.8 	 0.9633469789825558 
15.82 	 0.963668363108449 
15.84 	 0.9638579599828142 
15.86 	 0.9642473698697522 
15.88 	 0.9645134098663313 
15.9 	 0.9649373849633718 
15.92 	 0.9652511959509354 
15.94 	 0.9656855586981441 
15.96 	 0.9660245622121624 
15.98 	 0.9664555274935454 
16.0 	 0.9668053631395084 
16.02 	 0.9672276813300734 
16.04 	 0.967581481596899 
16.06 	 0.9679954874016389 
16.08 	 0.9683518355538248 
16.1 	 0.9687606050718786 
16.12 	 0.9691212465932689 
16.14 	 0.9695284021925802 
16.16 	 0.969896278626435 
16.18 	 0.970304583148702 
16.2 	 0.9706824275304133 
16.22 	 0.9710931019104087 
16.24 	 0.9714826282875739 
16.26 	 0.9718952170179525 
16.28 	 0.9722968091042213 
16.3 	 0.9727094036964343 
16.32 	 0.9731221822620174 
16.34 	 0.973531869921813 
16.36 	 0.9739540631025658 
16.38 	 0.9743574768053295 
16.4 	 0.9747869940521167 
16.42 	 0.9751806922526145 
16.44 	 0.9756155933636812 
16.46 	 0.9759957570162193 
16.48 	 0.9764339853423378 
16.5 	 0.9767948617422768 
16.52 	 0.9772324852243375 
16.54 	 0.9775634741470063 
16.56 	 0.9779911559749367 
16.58 	 0.9782735395715016 
16.6 	 0.9786722164676838 
16.62 	 0.9788778407658262 
16.64 	 0.9792161619590591 
16.66 	 0.9793108338008557 
16.68 	 0.9795476260417968 
16.7 	 0.9795005295279972 
16.72 	 0.9795941639421705 
16.74 	 0.9793912499950422 
16.76 	 0.9793142221941934 
16.78 	 0.9789700252524599 
16.8 	 0.978723106805059 
16.82 	 0.978284401527224 
16.84 	 0.977903168760792 
16.86 	 0.9774407699013318 
16.88 	 0.9769899001511041 
16.9 	 0.9765805872768202 
16.92 	 0.9761370820977071 
16.94 	 0.9758427977108218 
16.96 	 0.9754748991339712 
16.98 	 0.975327785606784 
17.0 	 0.9750783013800033 
17.02 	 0.9750769756397074 
17.04 	 0.9749569680345496 
17.06 	 0.9750738564295395 
17.08 	 0.9750672852283907 
17.1 	 0.9752623023670858 
17.12 	 0.9753376716388814 
17.14 	 0.9755721694428343 
17.16 	 0.9756956112280278 
17.18 	 0.9759420599477049 
17.2 	 0.9760873676490972 
17.22 	 0.9763329411831588 
17.24 	 0.9764863374558924 
17.26 	 0.9767309676147232 
17.28 	 0.9768905787555835 
17.3 	 0.9771415406013007 
17.32 	 0.9773131260375181 
17.34 	 0.9775787966299818 
17.36 	 0.9777701102020756 
17.38 	 0.9780552564877871 
17.4 	 0.9782713880614684 
17.42 	 0.9785753012721082 
17.44 	 0.9788164816123607 
17.46 	 0.9791338857578962 
17.48 	 0.9793959164108813 
17.5 	 0.979719473628825 
17.52 	 0.9799958213391345 
17.54 	 0.980318721692259 
17.56 	 0.9806029023177477 
17.58 	 0.980920458551314 
17.6 	 0.9812076581310654 
17.62 	 0.9815175961913197 
17.64 	 0.9818051483965236 
17.66 	 0.9821068986888629 
17.68 	 0.9823938016658588 
17.7 	 0.9826873231209585 
17.72 	 0.9829732136026568 
17.74 	 0.9832578052830164 
17.76 	 0.9835417782809225 
17.78 	 0.9838151731027983 
17.8 	 0.9840947354123503 
17.82 	 0.9843526829967919 
17.84 	 0.9846230939738717 
17.86 	 0.9848596228702549 
17.88 	 0.9851138958870508 
17.9 	 0.985322384297522 
17.92 	 0.9855521760686583 
17.94 	 0.9857271459031628 
17.96 	 0.9859245320925479 
17.98 	 0.986063727984049 
18.0 	 0.9862234630155858 
18.02 	 0.9863294654548463 
18.04 	 0.9864509438929888 
18.06 	 0.9865315566268237 
18.08 	 0.9866196255229611 
18.1 	 0.9866867224977299 
18.12 	 0.9867509212341893 
18.14 	 0.9868181845169505 
18.16 	 0.9868707655368705 
18.18 	 0.9869513354228263 
18.2 	 0.9870050620184093 
18.22 	 0.9871100855793454 
18.24 	 0.9871768051509099 
18.26 	 0.9873151532806241 
18.28 	 0.987405434952026 
18.3 	 0.9875839756701819 
18.32 	 0.9877072116486789 
18.34 	 0.9879307039967823 
18.36 	 0.9880947508314836 
18.38 	 0.9883649523839588 
18.4 	 0.9885749261004273 
18.42 	 0.9888894386072082 
18.44 	 0.9891462164000189 
18.46 	 0.9894981120192871 
18.48 	 0.9897976150598268 
18.5 	 0.9901765384987651 
18.52 	 0.9905105337068515 
18.54 	 0.9909050591003202 
18.56 	 0.9912633175250922 
18.58 	 0.9916635844764731 
18.6 	 0.9920364797681368 
18.62 	 0.9924360556212238 
18.64 	 0.9928165722836855 
18.66 	 0.9932130237718098 
18.68 	 0.9935976185125414 
18.7 	 0.9939919625156981 
18.72 	 0.9943803589259416 
18.74 	 0.9947759721815927 
18.76 	 0.9951703747072326 
18.78 	 0.9955719563723057 
18.8 	 0.9959762244283469 
18.82 	 0.9963891724856478 
18.84 	 0.9968083222531167 
18.86 	 0.9972386213133063 
18.88 	 0.9976788096005316 
18.9 	 0.9981333562487886 
18.92 	 0.9986023572406022 
18.94 	 0.9990895579084268 
18.96 	 0.999597655839096 
18.98 	 1.000128019615468 
19.0 	 1.000689100067247 
19.02 	 1.001275300923075 
19.04 	 1.0019075954404943 
19.06 	 1.0025630707192286 
19.08 	 1.0032884463449105 
19.1 	 1.0040232281288193 
19.12 	 1.0048633266099858 
19.14 	 1.0056759797051704 
19.16 	 1.0066435059488947 
19.18 	 1.0075094495086474 
19.2 	 1.0085943354181859 
19.22 	 1.0094537269350157 
19.24 	 1.010607174855033 
19.26 	 1.0113589622601473 
19.28 	 1.0124825084371585 
19.3 	 1.0129927115040114 
19.32 	 1.0139417174173964 
19.34 	 1.0140707431397746 
19.36 	 1.0146790481561152 
19.38 	 1.0143244717299063 
19.4 	 1.0144485632764146 
19.42 	 1.013589884979826 
19.44 	 1.0131600619151282 
19.46 	 1.0118864778407066 
19.48 	 1.0109450244890803 
19.5 	 1.0094506841425386 
19.52 	 1.008158320636074 
19.54 	 1.0067016820968466 
19.56 	 1.0053049051056724 
19.58 	 1.0041445406488672 
19.6 	 1.0029137255736629 
19.62 	 1.0022443982296334 
19.64 	 1.0014067287086093 
19.66 	 1.0013197645006582 
19.68 	 1.0010130602810965 
19.7 	 1.001492670044036 
19.72 	 1.0017538930188088 
19.74 	 1.0027032235298046 
19.76 	 1.0034869814579446 
19.78 	 1.0047656224878012 
19.8 	 1.00597560932008 
19.82 	 1.007430528614966 
19.84 	 1.0089466905378608 
19.86 	 1.0104280538522992 
19.88 	 1.0121208758379328 
19.9 	 1.013484706896981 
19.92 	 1.0152175941132324 
19.94 	 1.0163227625090498 
19.96 	 1.0179487643778369 
19.98 	 1.01865576639811 
20.0 	 1.0200154297408925 
20.02 	 1.0201917144007326 
20.04 	 1.0211171656752134 
20.06 	 1.0206510771567743 
20.08 	 1.0209797288244973 
20.1 	 1.0198028789032096 
20.12 	 1.0194023483280792 
20.14 	 1.0175170179984696 
20.16 	 1.0163191832286336 
20.18 	 1.0138225695873913 
20.2 	 1.0118584063263436 
20.22 	 1.0089513431728032 
20.24 	 1.0063718364867382 
20.26 	 1.0033402075717153 
20.28 	 1.0004075470390488 
20.3 	 0.997572919414486 
20.32 	 0.9946147923358648 
20.34 	 0.9922651577043721 
20.36 	 0.9896019765316978 
20.38 	 0.987926637828555 
20.4 	 0.9857979330541697 
20.42 	 0.9848528622398076 
20.44 	 0.9833726258441192 
20.46 	 0.9830895302484256 
20.48 	 0.9822461231175525 
20.5 	 0.9824769459568662 
20.52 	 0.9821703542482405 
20.54 	 0.9827435732849525 
20.56 	 0.9828372257564177 
20.58 	 0.9836023448515869 
20.6 	 0.9839666335348917 
20.62 	 0.9848150722912482 
20.64 	 0.9853505064795859 
20.66 	 0.986214209401742 
20.68 	 0.9868539371867089 
20.7 	 0.987690354665472 
20.72 	 0.9883886608940952 
20.74 	 0.9891619822449708 
20.76 	 0.9898772470960508 
20.78 	 0.9905439546460617 
20.8 	 0.9912239268117647 
20.82 	 0.9917281705726144 
20.84 	 0.9923038846356232 
20.86 	 0.9925850491386791 
20.88 	 0.9929771201058814 
20.9 	 0.99298773010729 
20.92 	 0.993124462242694 
20.94 	 0.9928518564219465 
20.96 	 0.9926932842803404 
20.98 	 0.992175456354397 
21.0 	 0.9917334552883009 
21.02 	 0.991060435259284 
21.04 	 0.9904050663239484 
21.06 	 0.9897026505434419 
21.08 	 0.9889498917259262 
21.1 	 0.9883502146419637 
21.12 	 0.9876342613715146 
21.14 	 0.987243738519702 
21.16 	 0.9866840034146189 
21.18 	 0.9865602135293966 
21.2 	 0.9862350706399661 
21.22 	 0.9863795934532816 
21.24 	 0.9863148168170635 
21.26 	 0.9866817123271265 
21.28 	 0.9868543300512839 
21.3 	 0.9873681801907912 
21.32 	 0.9877206358350443 
21.34 	 0.9882965825114843 
21.36 	 0.9887543819550932 
21.38 	 0.9893148138462472 
21.4 	 0.9898026318035624 
21.42 	 0.9902884649771132 
21.44 	 0.9907424929614262 
21.46 	 0.9911191404998588 
21.48 	 0.991495262268355 
21.5 	 0.9917539138561797 
21.52 	 0.9920316860479993 
21.54 	 0.99218625611779 
21.56 	 0.9923684254004861 
21.58 	 0.9924485319126415 
21.6 	 0.9925559279660982 
21.62 	 0.9925970303062047 
21.64 	 0.9926596331107969 
21.66 	 0.9926926888000833 
21.68 	 0.9927391745613446 
21.7 	 0.9927829695435628 
21.72 	 0.9928321161508131 
21.74 	 0.992890888227715 
21.76 	 0.9929478765405184 
21.78 	 0.9930148857687957 
21.8 	 0.9930736300447649 
21.82 	 0.9931389024444405 
21.84 	 0.9931890682263285 
21.86 	 0.9932480002754924 
21.88 	 0.9932836751034269 
21.9 	 0.9933431931761453 
21.92 	 0.9933699144607929 
21.94 	 0.993450044036159 
21.96 	 0.9934877268353781 
21.98 	 0.9936179468776201 
22.0 	 0.9936985419453717 
22.02 	 0.9939097562527546 
22.04 	 0.9940699162134907 
22.06 	 0.9943842318125655 
22.08 	 0.994654849811381 
22.1 	 0.9950764001390033 
22.12 	 0.9954722708948505 
22.14 	 0.9959824069251032 
22.16 	 0.9964956196931906 
22.18 	 0.9970543744171844 
22.2 	 0.9976537477844692 
22.22 	 0.9982069637227634 
22.24 	 0.9988433102616623 
22.26 	 0.9993326401580687 
22.28 	 0.9999474181797934 
22.3 	 1.0003199816700135 
22.32 	 1.0008543989943885 
22.34 	 1.0010703008495356 
22.36 	 1.0014732546286744 
22.38 	 1.001511017071153 
22.4 	 1.0017459347421864 
22.42 	 1.0016064751581617 
22.44 	 1.001657491012708 
22.46 	 1.00136622810539 
22.48 	 1.0012428841604561 
22.5 	 1.0008482227309352 
22.52 	 1.0005864297490514 
22.54 	 1.0001530159936751 
22.56 	 0.9998101611669694 
22.58 	 0.9994073768538447 
22.6 	 0.9990516944145376 
22.62 	 0.9987405295580507 
22.64 	 0.9984377774202289 
22.66 	 0.9982604769635885 
22.68 	 0.9980624837210008 
22.7 	 0.9980381830475349 
22.72 	 0.9979768321851864 
22.74 	 0.998103501500848 
22.76 	 0.9981908814693267 
22.78 	 0.9984511152761154 
22.8 	 0.9986837117133521 
22.82 	 0.9990508025641277 
22.84 	 0.9994143498063146 
22.86 	 0.9998560320868495 
22.88 	 1.000328394208853 
22.9 	 1.0008077630903802 
22.92 	 1.0013591927219303 
22.94 	 1.0018342450367443 
22.96 	 1.0024262892132179 
22.98 	 1.0028503446653787 
23.0 	 1.0034355980625123 
23.02 	 1.003760418120862 
23.04 	 1.0042850957895455 
23.06 	 1.0044673098229628 
23.08 	 1.00487760002798 
23.1 	 1.0048876200378047 
23.12 	 1.0051393954264514 
23.14 	 1.0049706747555038 
23.16 	 1.0050406322296075 
23.18 	 1.0047161962918403 
23.2 	 1.0046112057302143 
23.22 	 1.0041843539372954 
23.24 	 1.003945382495932 
23.26 	 1.0034927682596906 
23.28 	 1.003190830216811 
23.3 	 1.0027985537792787 
23.32 	 1.0025225954551285 
23.34 	 1.002268439875072 
23.36 	 1.0021078121372513 
23.38 	 1.0020440599565397 
23.4 	 1.002069875739411 
23.42 	 1.0022107641951379 
23.44 	 1.002460390291933 
23.46 	 1.0027768151761163 
23.48 	 1.0032446129852783 
23.5 	 1.003667234224112 
23.52 	 1.0043035054835672 
23.54 	 1.0047343072860317 
23.56 	 1.0054534975364042 
23.58 	 1.0057843785101355 
23.6 	 1.0064820281194888 
23.62 	 1.0066162930825315 
23.64 	 1.0071910014493086 
23.66 	 1.007060378930004 
23.68 	 1.0074328882166914 
23.7 	 1.0070016596553664 
23.72 	 1.0071211944216252 
23.74 	 1.006373269491847 
23.76 	 1.006205217594756 
23.78 	 1.0051196962687876 
23.8 	 1.0046192767075064 
23.82 	 1.0031503628103344 
23.84 	 1.0022390340923153 
23.86 	 1.0003190222448841 
23.88 	 0.9988849364126756 
23.9 	 0.9964590791137361 
23.92 	 0.9943935200184291 
23.94 	 0.9914763560569779 
23.96 	 0.9887377392627335 
23.98 	 0.9854634325381719 
24.0 	 0.982140536275435 
24.02 	 0.9787762535404999 
24.04 	 0.975115171328181 
24.06 	 0.9720199017045696 
24.08 	 0.9683907704869888 
24.1 	 0.9659269223819238 
24.12 	 0.9627339398711876 
24.14 	 0.9611645733687597 
24.16 	 0.958733895291883 
24.18 	 0.9581504934485963 
24.2 	 0.9566461108842216 
24.22 	 0.9569592471485505 
24.24 	 0.9563628813892363 
24.26 	 0.9573549335839945 
24.28 	 0.957509740626019 
24.3 	 0.9589173143727134 
24.32 	 0.959603464949034 
24.34 	 0.9611894957697243 
24.36 	 0.9621932827171957 
24.38 	 0.9637852511371379 
24.4 	 0.9649391950403001 
24.42 	 0.9664328172045628 
24.44 	 0.9676248104695232 
24.46 	 0.9689663603883261 
24.48 	 0.9701281630142845 
24.5 	 0.9712903291090671 
24.52 	 0.9723778662234196 
24.54 	 0.9733392752759787 
24.56 	 0.9743138898961913 
24.58 	 0.9750471647263773 
24.6 	 0.9758631326360329 
24.62 	 0.9763330929123823 
24.64 	 0.9769342702767599 
24.66 	 0.9771059393803658 
24.68 	 0.9774326445498409 
24.7 	 0.9772864932880708 
24.72 	 0.9772911571287445 
24.74 	 0.9768401420718903 
24.76 	 0.9765066874358659 
24.78 	 0.9758075958853543 
24.8 	 0.9751665900342799 
24.82 	 0.9743190858765532 
24.84 	 0.9734508791909267 
24.86 	 0.9725822344502523 
24.88 	 0.9716047184120044 
24.9 	 0.9708447807304312 
24.92 	 0.9698894595991399 
24.94 	 0.9693452838319362 
24.96 	 0.9685310416101706 
24.98 	 0.968270524019741 
25.0 	 0.9676849518917044 
25.02 	 0.9677335292120768 
25.04 	 0.9674265408139361 
25.06 	 0.9677741043103187 
25.08 	 0.9677615855349561 
25.1 	 0.9683729343746809 
25.12 	 0.9686442740227225 
25.14 	 0.9694676602439629 
25.16 	 0.9699920914650615 
25.18 	 0.9709645485932769 
25.2 	 0.9716950926305525 
25.22 	 0.9727465126874039 
25.24 	 0.9736233318297126 
25.26 	 0.9746816598651343 
25.28 	 0.9756369962900198 
25.3 	 0.9766352252967879 
25.32 	 0.9776005899103449 
25.34 	 0.9784843829681537 
25.36 	 0.9793989580175507 
25.38 	 0.9801328273230946 
25.4 	 0.9809510852283289 
25.42 	 0.981521080548922 
25.44 	 0.9822173690828282 
25.46 	 0.9826288451897331 
25.48 	 0.9831970122462463 
25.5 	 0.98346730255995 
25.52 	 0.9839145962077523 
25.54 	 0.9840624136171892 
25.56 	 0.9843990909935048 
25.58 	 0.9844346059001754 
25.6 	 0.9846632420161823 
25.62 	 0.9845836394208759 
25.64 	 0.984693420823792 
25.66 	 0.9844870333602267 
25.68 	 0.9844568534101131 
25.7 	 0.9841149009949828 
25.72 	 0.9839249344751122 
25.74 	 0.9834555698047445 
25.76 	 0.9831023248306587 
25.78 	 0.9825398620491865 
25.8 	 0.9820473937922282 
25.82 	 0.9814516742005515 
25.84 	 0.9808732886833395 
25.86 	 0.9803189689531772 
25.88 	 0.979728406482502 
25.9 	 0.9792886473058193 
25.92 	 0.9787645928969464 
25.94 	 0.9784955903824261 
25.96 	 0.9781057165795916 
25.98 	 0.9780371586639826 
26.0 	 0.9778269863382146 
26.02 	 0.977960273769735 
26.04 	 0.977949226327409 
26.06 	 0.9782621850956381 
26.08 	 0.9784462009572338 
26.1 	 0.9789011231990472 
26.12 	 0.9792591083971575 
26.14 	 0.9798103290003759 
26.16 	 0.9803106975264776 
26.18 	 0.9809084538396132 
26.2 	 0.9815121640778646 
26.22 	 0.9821014496229021 
26.24 	 0.9827597946745613 
26.26 	 0.9832761854043873 
26.28 	 0.983925097312364 
26.3 	 0.9842926950463882 
26.32 	 0.984848956616223 
26.34 	 0.9849863082914299 
26.36 	 0.985352248337114 
26.38 	 0.9851888419124215 
26.4 	 0.985269065137731 
26.42 	 0.9847688183079433 
26.44 	 0.984496151963862 
26.46 	 0.9836786853696676 
26.48 	 0.9830402144846137 
26.5 	 0.9819893316674413 
26.52 	 0.9810410070273426 
26.54 	 0.9798940200123528 
26.56 	 0.9787557180926507 
26.58 	 0.9776751523146672 
26.6 	 0.9765059312496767 
26.62 	 0.9756427602170303 
26.64 	 0.9746045244212471 
26.66 	 0.9740655848357165 
26.68 	 0.973288028132685 
26.7 	 0.9731179205546491 
26.72 	 0.9726760395040219 
26.74 	 0.9728570187607288 
26.76 	 0.9727658659615881 
26.78 	 0.9732317902271095 
26.8 	 0.973455543336763 
26.82 	 0.9741117654782906 
26.84 	 0.9745797362060288 
26.86 	 0.9753213805682734 
26.88 	 0.9759438099138359 
26.9 	 0.976668719510421 
26.92 	 0.9773486794045503 
26.94 	 0.9779655378705714 
26.96 	 0.9786072275656086 
26.98 	 0.979041619985628 
27.0 	 0.979557573120431 
27.02 	 0.9797583383496551 
27.04 	 0.9800777550548494 
27.06 	 0.9800237262679939 
27.08 	 0.9801019479219073 
27.1 	 0.9798067398603721 
27.12 	 0.9796333219865538 
27.14 	 0.9791448362922096 
27.16 	 0.9787464325402419 
27.18 	 0.9781390238198637 
27.2 	 0.977574380724979 
27.22 	 0.9769346416634267 
27.24 	 0.9762820884844662 
27.26 	 0.9756922854346634 
27.28 	 0.9750334944314364 
27.3 	 0.9745578981640466 
27.32 	 0.9739632870641162 
27.34 	 0.9736411525577753 
27.36 	 0.9731610710636907 
27.38 	 0.9730067520917954 
27.4 	 0.9726694109902312 
27.42 	 0.972677126918903 
27.44 	 0.9724912147331147 
27.46 	 0.9726410143264157 
27.48 	 0.9725998537120566 
27.5 	 0.9728625128254621 
27.52 	 0.9729476570047296 
27.54 	 0.9732883592253497 
27.56 	 0.97347253132608 
27.58 	 0.9738545960040493 
27.6 	 0.9741052405708438 
27.62 	 0.9744949524775907 
27.64 	 0.9747794316987984 
27.66 	 0.9751514527988042 
27.68 	 0.9754432810308163 
27.7 	 0.9757844499805415 
27.72 	 0.9760681674894602 
27.74 	 0.9763771743300642 
27.76 	 0.9766490291870812 
27.78 	 0.9769311040331025 
27.8 	 0.9771943405032129 
27.82 	 0.9774529075542427 
27.84 	 0.9777093931344605 
27.86 	 0.9779388105352549 
27.88 	 0.9781811382541745 
27.9 	 0.9783646073113169 
27.92 	 0.9785730330726994 
27.94 	 0.9786873526885607 
27.96 	 0.9788337096441777 
27.98 	 0.9788591489365145 
28.0 	 0.978916515416229 
28.02 	 0.9788475806997363 
28.04 	 0.9788018024311348 
28.06 	 0.978654225273622 
28.08 	 0.978512559471727 
28.1 	 0.9783233322408816 
28.12 	 0.9781165453977338 
28.14 	 0.9779364340595527 
28.16 	 0.9777130442408767 
28.18 	 0.9775937896960389 
28.2 	 0.9774080317321976 
28.22 	 0.9773885689304653 
28.24 	 0.9772861714909482 
28.26 	 0.977382787899989 
28.28 	 0.9773896815220892 
28.3 	 0.977593526633768 
28.32 	 0.9777113574244133 
28.34 	 0.9779935311615285 
28.36 	 0.9782027228831347 
28.38 	 0.9785239605712067 
28.4 	 0.9787917800511207 
28.42 	 0.9791124030300669 
28.44 	 0.9794019957929255 
28.46 	 0.9796889486013726 
28.48 	 0.9799662788473575 
28.5 	 0.9801965839093391 
28.52 	 0.9804345254162071 
28.54 	 0.980596416803862 
28.56 	 0.980777025267033 
28.58 	 0.980870203116635 
28.6 	 0.980986322045457 
28.62 	 0.9810215727887904 
28.64 	 0.9810777398968814 
28.66 	 0.981075006517465 
28.68 	 0.9810865119686586 
28.7 	 0.9810705970197803 
28.72 	 0.9810597185582138 
28.74 	 0.9810542382979389 
28.76 	 0.9810442362112839 
28.78 	 0.9810660966360012 
28.8 	 0.9810753576164228 
28.82 	 0.9811324066686323 
28.84 	 0.9811716221738123 
28.86 	 0.9812645505215373 
28.88 	 0.9813382273937362 
28.9 	 0.9814650245207005 
28.92 	 0.9815757191467276 
28.94 	 0.9817349445587567 
28.96 	 0.981886357375528 
28.98 	 0.9820758910081612 
29.0 	 0.9822712135884616 
29.02 	 0.9824822112305249 
29.04 	 0.9827172106745927 
29.06 	 0.9829269737918468 
29.08 	 0.9831815196004686 
29.1 	 0.9833511463514163 
29.12 	 0.983585373103077 
29.14 	 0.9836664538129319 
29.16 	 0.9838263961128394 
29.18 	 0.9837761071994191 
29.2 	 0.9838087615553605 
29.22 	 0.9836073770839937 
29.24 	 0.9834795576164487 
29.26 	 0.983142092242964 
29.28 	 0.982854642256296 
29.3 	 0.9824306599654025 
29.32 	 0.9820213546151851 
29.34 	 0.9815825822145536 
29.36 	 0.9811163800640604 
29.38 	 0.9807373763428362 
29.4 	 0.9802884536268154 
29.42 	 0.9800281592711466 
29.44 	 0.9796612257681314 
29.46 	 0.9795517555499133 
29.48 	 0.9793092249153723 
29.5 	 0.9793541898318106 
29.52 	 0.9792520848764629 
29.54 	 0.9794326795686729 
29.56 	 0.9794642534504239 
29.58 	 0.9797492591176844 
29.6 	 0.979893138827753 
29.62 	 0.9802490841874444 
29.64 	 0.980478543956042 
29.66 	 0.9808775017140764 
29.68 	 0.9811683428361521 
29.7 	 0.9815921737278769 
29.72 	 0.981927741951953 
29.74 	 0.982368679291322 
29.76 	 0.9827415328432424 
29.78 	 0.9831999175119259 
29.8 	 0.9836106455265666 
29.82 	 0.98409132568891 
29.84 	 0.984545874026683 
29.86 	 0.9850549001100815 
29.88 	 0.9855620083017582 
29.9 	 0.9861044400877317 
29.92 	 0.9866740030837886 
29.94 	 0.9872521156477095 
29.96 	 0.9878936427024869 
29.98 	 0.9885035214877619 
30.0 	 0.9892223831699435 
30.02 	 0.9898471067662732 
30.04 	 0.9906363635890744 
30.06 	 0.9912363838465251 
30.08 	 0.9920645490562741 
30.1 	 0.9925697108268319 
30.12 	 0.9933690964425211 
30.14 	 0.9936795439151 
30.16 	 0.994343284331394 
30.18 	 0.994345347027257 
30.2 	 0.9947405789873457 
30.22 	 0.9943375311254152 
30.24 	 0.9943361496352283 
30.26 	 0.9934849791828173 
30.28 	 0.9930041044380662 
30.3 	 0.9917432837451224 
30.32 	 0.9907801277023481 
30.34 	 0.9892343323227295 
30.36 	 0.987879460563198 
30.38 	 0.986235854105466 
30.4 	 0.9846565644510349 
30.42 	 0.98311977053649 
30.44 	 0.9815184147972694 
30.46 	 0.9802611841159332 
30.48 	 0.9788249131648711 
30.5 	 0.9779531006764602 
30.52 	 0.9768146999993326 
30.54 	 0.9763572274642021 
30.56 	 0.9755793010425072 
30.58 	 0.975501115275949 
30.6 	 0.9750830321296582 
30.62 	 0.9753097240820284 
30.64 	 0.9752071445844158 
30.66 	 0.9756489193652227 
30.68 	 0.975794453842677 
30.7 	 0.9763629026394554 
30.72 	 0.9766816802309234 
30.74 	 0.9772994778391232 
30.76 	 0.9777194527219452 
30.78 	 0.9783261193132786 
30.8 	 0.9787856037817491 
30.82 	 0.979341427424177 
30.84 	 0.9797953207378193 
30.86 	 0.9802830337906808 
30.88 	 0.9807068980435772 
30.9 	 0.9811294084186928 
30.92 	 0.981519357832666 
30.94 	 0.9818926194831014 
30.96 	 0.9822597520565723 
30.98 	 0.9826018649547247 
31.0 	 0.9829619540971085 
31.02 	 0.983281461132193 
31.04 	 0.9836426418264357 
31.06 	 0.9839298871771259 
31.08 	 0.9842823044350788 
31.1 	 0.9845074101029961 
31.12 	 0.9848189194055357 
31.14 	 0.9849384190561177 
31.16 	 0.9851592458065347 
31.18 	 0.9851307214458768 
31.2 	 0.9852073457680177 
31.22 	 0.9850079848853819 
31.24 	 0.9849027575626742 
31.26 	 0.984544878831568 
31.28 	 0.9842543338150688 
31.3 	 0.9837904855805767 
31.32 	 0.983354108375402 
31.34 	 0.9828675827093296 
31.36 	 0.9823615771674382 
31.38 	 0.981944414537415 
31.4 	 0.9814613994385807 
31.42 	 0.9811882316219787 
31.44 	 0.9808107488934494 
31.46 	 0.9807193319413005 
31.48 	 0.9804983005217834 
31.5 	 0.9805843247025936 
31.52 	 0.9805307581431122 
31.54 	 0.9807572557183548 
31.56 	 0.9808484452020905 
31.58 	 0.9811634493903492 
31.6 	 0.9813581200995156 
31.62 	 0.9817120282567711 
31.64 	 0.9819665356371229 
31.66 	 0.9823231640643372 
31.68 	 0.9826028360702093 
31.7 	 0.982942637568243 
31.72 	 0.9832263109762791 
31.74 	 0.9835436781995504 
31.76 	 0.9838226546347549 
31.78 	 0.984120496653761 
31.8 	 0.9843945089539835 
31.82 	 0.9846788567453217 
31.84 	 0.9849515130478851 
31.86 	 0.9852277138601795 
31.88 	 0.985502966091942 
31.9 	 0.9857737557509724 
31.92 	 0.9860538013411567 
31.94 	 0.9863187029668303 
31.96 	 0.9866029290938851 
31.98 	 0.9868583830203572 
32.0 	 0.9871429556476438 
32.02 	 0.9873832246390257 
32.04 	 0.9876616075679074 
32.06 	 0.9878810335311485 
32.08 	 0.9881462405134945 
32.1 	 0.9883429415008174 
32.12 	 0.988591706889891 
32.14 	 0.988771258586318 
32.16 	 0.9890085411789248 
32.18 	 0.9891848121905569 
32.2 	 0.989425449860319 
32.22 	 0.9896161924006077 
32.24 	 0.9898808691461911 
32.26 	 0.9900984298101622 
32.28 	 0.9904040072350673 
32.3 	 0.9906451674293962 
32.32 	 0.9909933784570559 
32.34 	 0.9912341731306973 
32.36 	 0.9916048307114134 
32.38 	 0.9918043300042761 
32.4 	 0.9921575198444668 
32.42 	 0.9922697029224122 
32.44 	 0.9925565809660666 
32.46 	 0.9925447803559688 
32.48 	 0.9927218118040894 
32.5 	 0.9925690696848672 
32.52 	 0.9926091695593877 
32.54 	 0.9923209232231734 
32.56 	 0.9922177491246282 
32.58 	 0.9918180379170971 
32.6 	 0.9915842379807507 
32.62 	 0.9911094873373233 
32.64 	 0.9907724856971867 
32.66 	 0.9902661461264263 
32.68 	 0.9898643242510851 
32.7 	 0.9893726545608018 
32.72 	 0.9889519504384264 
32.74 	 0.9885191211125418 
32.76 	 0.9881281522254937 
32.78 	 0.9877894699870662 
32.8 	 0.9874720807232485 
32.82 	 0.9872465800915451 
32.84 	 0.9870332357506298 
32.86 	 0.9869185727231096 
32.88 	 0.9868196887634133 
32.9 	 0.9867915193396127 
32.92 	 0.9867950013121988 
32.94 	 0.9868105350816585 
32.96 	 0.9868832936590917 
32.98 	 0.9868867876343294 
33.0 	 0.9869781324447204 
33.02 	 0.9869064948547354 
33.04 	 0.9869518571079401 
33.06 	 0.9867408891718603 
33.08 	 0.9866668648259562 
33.1 	 0.9862606643023178 
33.12 	 0.9859945031767199 
33.14 	 0.9853597337347988 
33.16 	 0.9848455176970622 
33.18 	 0.9839881722179438 
33.2 	 0.983207435298625 
33.22 	 0.9821848318216373 
33.24 	 0.9811737242286892 
33.26 	 0.9800927477935641 
33.28 	 0.9789453200235693 
33.3 	 0.9779420217273336 
33.32 	 0.9767930254351516 
33.34 	 0.975997601541448 
33.36 	 0.9749877366294087 
33.38 	 0.9744878234673114 
33.4 	 0.9737244690083782 
33.42 	 0.9735425592282251 
33.44 	 0.9730728297726533 
33.46 	 0.9731674649073382 
33.48 	 0.972974516337991 
33.5 	 0.9732629214047731 
33.52 	 0.9732842931778172 
33.54 	 0.9736739664955995 
33.56 	 0.9738304054444966 
33.58 	 0.9742450373637808 
33.6 	 0.9744657144644747 
33.62 	 0.9748567233503246 
33.64 	 0.9750919386046751 
33.66 	 0.9754358638971202 
33.68 	 0.9756566080091086 
33.7 	 0.9759451192740971 
33.72 	 0.9761352470590842 
33.74 	 0.9763659989710262 
33.76 	 0.9765146712593876 
33.78 	 0.9766882071600431 
33.8 	 0.976787815222068 
33.82 	 0.9769106274150691 
33.84 	 0.9769606489555839 
33.86 	 0.9770502314229998 
33.88 	 0.97706314005263 
33.9 	 0.9771495701913205 
33.92 	 0.9771533246413382 
33.94 	 0.9772740832129808 
33.96 	 0.9773076126664647 
33.98 	 0.9774965668834947 
34.0 	 0.9775988037604949 
34.02 	 0.9778739300439651 
34.04 	 0.9780707284522705 
34.06 	 0.9784260404339015 
34.08 	 0.9787204534324923 
34.1 	 0.9791254203106846 
34.12 	 0.9794948962610476 
34.14 	 0.9799011423257503 
34.16 	 0.9803019530518753 
34.18 	 0.9806545470328124 
34.2 	 0.9810314246754248 
34.22 	 0.9812815699580941 
34.24 	 0.9815799547625269 
34.26 	 0.9816964910298912 
34.28 	 0.9818750465384084 
34.3 	 0.9818524903213366 
34.32 	 0.9818933619491672 
34.34 	 0.9817540760041551 
34.36 	 0.9816678020075656 
34.38 	 0.9814564977253035 
34.4 	 0.9812789338580027 
34.42 	 0.9810501158001506 
34.44 	 0.9808313171926448 
34.46 	 0.9806337308261112 
34.48 	 0.9804225948053018 
34.5 	 0.9802868368573714 
34.52 	 0.980117820086207 
34.54 	 0.9800519849147868 
34.56 	 0.9799391704466706 
34.58 	 0.9799331751545443 
34.6 	 0.9798728257926936 
34.62 	 0.9799077433658607 
34.64 	 0.9798861641951123 
34.66 	 0.9799433682061854 
34.68 	 0.9799452638127795 
34.7 	 0.9800119060323882 
34.72 	 0.9800258752067694 
34.74 	 0.9800961936770731 
34.76 	 0.9801166589907163 
34.78 	 0.9801905407407334 
34.8 	 0.9802171315529109 
34.82 	 0.9802975131972229 
34.84 	 0.980333093905443 
34.86 	 0.9804230874911928 
34.88 	 0.9804711120105337 
34.9 	 0.9805713679762024 
34.92 	 0.9806330872877522 
34.94 	 0.9807401153161666 
34.96 	 0.9808125224204306 
34.98 	 0.9809188511023894 
35.0 	 0.9809944527964731 
35.02 	 0.9810909737764116 
35.04 	 0.9811599104618988 
35.06 	 0.9812396123003577 
35.08 	 0.9812934310312746 
35.1 	 0.9813547639647024 
35.12 	 0.9813900898816134 
35.14 	 0.9814381979198042 
35.16 	 0.9814584472850847 
35.18 	 0.9815035736069488 
35.2 	 0.9815178531768166 
35.22 	 0.9815717127738761 
35.24 	 0.9815915301131689 
35.26 	 0.9816634148951054 
35.28 	 0.9816988532613066 
35.3 	 0.9817931427255385 
35.32 	 0.9818501597800954 
35.34 	 0.9819659425240661 
35.36 	 0.9820455808815046 
35.38 	 0.9821779672791661 
35.4 	 0.9822771987857664 
35.42 	 0.9824193111983953 
35.44 	 0.982532644421302 
35.46 	 0.9826774013438688 
35.48 	 0.9827984612832285 
35.5 	 0.9829397970173762 
35.52 	 0.983062537354508 
35.54 	 0.9831961297700086 
35.56 	 0.9833157068742244 
35.58 	 0.9834393695639931 
35.6 	 0.983552761364459 
35.62 	 0.9836664982435852 
35.64 	 0.9837727933405694 
35.66 	 0.9838783955796979 
35.68 	 0.9839785770169125 
35.7 	 0.9840787468591802 
35.72 	 0.9841749223144405 
35.74 	 0.9842721774275364 
35.76 	 0.9843665010726586 
35.78 	 0.9844623199034526 
35.8 	 0.9845560829655355 
35.82 	 0.9846506986660598 
35.84 	 0.9847440339703037 
35.86 	 0.9848369638023894 
35.88 	 0.9849292985633618 
35.9 	 0.9850202978724899 
35.92 	 0.9851112837096478 
35.94 	 0.9852011912561311 
35.96 	 0.9852915954897271 
35.98 	 0.9853826276101726 
36.0 	 0.9854747329320803 
36.02 	 0.9855701165401698 
36.04 	 0.9856674883228741 
36.06 	 0.9857706684861554 
36.08 	 0.9858774877820451 
36.1 	 0.9859912765022097 
36.12 	 0.9861115701400919 
36.14 	 0.9862374499873265 
36.16 	 0.9863743980408093 
36.18 	 0.9865119010698867 
36.2 	 0.9866671045204051 
36.22 	 0.9868130227607619 
36.24 	 0.9869854487495607 
36.26 	 0.9871328122070764 
36.28 	 0.98731733772439 
36.3 	 0.9874545990922476 
36.32 	 0.9876406424937878 
36.34 	 0.9877520057237454 
36.36 	 0.9879233248140931 
36.38 	 0.987991141378989 
36.4 	 0.9881279279334086 
36.42 	 0.9881372332164821 
36.44 	 0.9882207593721788 
36.46 	 0.9881645801510937 
36.48 	 0.9881830794841987 
36.5 	 0.9880660003522894 
36.52 	 0.9880191303162477 
36.54 	 0.9878567849401959 
36.56 	 0.9877560384183827 
36.58 	 0.9875700144945175 
36.6 	 0.9874342455925139 
36.62 	 0.9872444908577974 
36.64 	 0.9870924496501308 
36.66 	 0.9869109685639387 
36.68 	 0.9867546584066373 
36.7 	 0.986583775446944 
36.72 	 0.9864261196199882 
36.74 	 0.9862619775917103 
36.76 	 0.9860997527085128 
36.78 	 0.9859386522747937 
36.8 	 0.9857685368888269 
36.82 	 0.9856122205625331 
36.84 	 0.9854361577229012 
36.86 	 0.9852931047506082 
36.88 	 0.9851199544229478 
36.9 	 0.985002380917503 
36.92 	 0.9848453308924883 
36.94 	 0.9847640709133009 
36.96 	 0.9846357427730945 
36.98 	 0.9845960313076326 
37.0 	 0.9845041711647903 
37.02 	 0.9845043218227246 
37.04 	 0.9844500997141583 
37.06 	 0.9844831363680135 
37.08 	 0.9844622761215097 
37.1 	 0.9845190701480878 
37.12 	 0.9845245646399394 
37.14 	 0.9845967111717921 
37.16 	 0.9846214997699649 
37.18 	 0.984702877384971 
37.2 	 0.9847414568949697 
37.22 	 0.9848284215648047 
37.24 	 0.9848772647571624 
37.26 	 0.984968058571 
37.28 	 0.9850253024523081 
37.3 	 0.9851193011511901 
37.32 	 0.9851842325359237 
37.34 	 0.9852813317270964 
37.36 	 0.9853539226378807 
37.38 	 0.9854540203929656 
37.4 	 0.9855344596566837 
37.42 	 0.9856368558451073 
37.44 	 0.9857248940808618 
37.46 	 0.9858275285148879 
37.48 	 0.9859215528986192 
37.5 	 0.9860202616341583 
37.52 	 0.9861162894969666 
37.54 	 0.9862045291480966 
37.56 	 0.9862956239015647 
37.58 	 0.9863652078914898 
37.6 	 0.9864419660772905 
37.62 	 0.9864850936073614 
37.64 	 0.9865376087129215 
37.66 	 0.9865498306962848 
37.68 	 0.9865708653665745 
37.7 	 0.9865539040829977 
37.72 	 0.9865421862555598 
37.74 	 0.986505200717537 
37.76 	 0.986467331049425 
37.78 	 0.9864256643578784 
37.8 	 0.9863754951125994 
37.82 	 0.98634704774042 
37.84 	 0.9863024937889434 
37.86 	 0.9863030329572758 
37.88 	 0.9862814998375813 
37.9 	 0.9863207155131181 
37.92 	 0.9863349241554494 
37.94 	 0.986414556882383 
37.96 	 0.9864701507536233 
37.98 	 0.9865843837879443 
38.0 	 0.986679631600854 
38.02 	 0.9868169181748134 
38.04 	 0.9869438223071763 
38.06 	 0.9870890341576606 
38.08 	 0.9872348544151276 
38.1 	 0.9873711449929125 
38.12 	 0.987519823521489 
38.14 	 0.9876303803879564 
38.16 	 0.9877641064724915 
38.18 	 0.9878343385405662 
38.2 	 0.9879358399780944 
38.22 	 0.9879561692302428 
38.24 	 0.988011908241321 
38.26 	 0.9879804837524093 
38.28 	 0.9879840286162677 
38.3 	 0.9879080533557956 
38.32 	 0.9878621997431807 
38.34 	 0.9877567656325493 
38.36 	 0.9876731305638129 
38.38 	 0.9875575185696125 
38.4 	 0.9874533817415114 
38.42 	 0.9873460738851304 
38.44 	 0.9872395826278871 
38.46 	 0.9871539139357496 
38.48 	 0.9870595476181373 
38.5 	 0.9870015655394432 
38.52 	 0.9869275064075876 
38.54 	 0.986896472488903 
38.56 	 0.9868444831255185 
38.58 	 0.9868352722458912 
38.6 	 0.9868025277428002 
38.62 	 0.9868085869308595 
38.64 	 0.9867902722375281 
38.66 	 0.9868059504566804 
38.68 	 0.9867974864565042 
38.7 	 0.9868191524892771 
38.72 	 0.9868174194875672 
38.74 	 0.9868434273155487 
38.76 	 0.9868469383352623 
38.78 	 0.9868768981886686 
38.8 	 0.9868852732018403 
38.82 	 0.9869191759373781 
38.84 	 0.9869323990204962 
38.86 	 0.9869699995959895 
38.88 	 0.9869878506456009 
38.9 	 0.9870284717687084 
38.92 	 0.987050317210148 
38.94 	 0.9870930074080664 
38.96 	 0.9871179220624623 
38.98 	 0.9871617739721662 
39.0 	 0.9871888325904942 
39.02 	 0.9872332594422213 
39.04 	 0.987261812311173 
39.06 	 0.9873066600815585 
39.08 	 0.9873364687769629 
39.1 	 0.9873819470055872 
39.12 	 0.9874131498451135 
39.14 	 0.9874596426957158 
39.16 	 0.9874925950518677 
39.18 	 0.9875404435625927 
39.2 	 0.9875755124800968 
39.22 	 0.9876248461587072 
39.24 	 0.9876622346519554 
39.26 	 0.9877128960017897 
39.28 	 0.98775254579176 
39.3 	 0.987804113280999 
39.32 	 0.9878457008481295 
39.34 	 0.9878975848068714 
39.36 	 0.9879405943815274 
39.38 	 0.9879921615630181 
39.4 	 0.9880359964858942 
39.42 	 0.9880866756469945 
39.44 	 0.988130761416834 
39.46 	 0.9881800946842221 
39.48 	 0.9882239350954724 
39.5 	 0.9882715637841157 
39.52 	 0.9883147327559814 
39.54 	 0.9883603334551769 
39.56 	 0.9884024121273801 
39.58 	 0.9884456210044955 
39.6 	 0.9884861146850173 
39.62 	 0.988526489446263 
39.64 	 0.9885647759777111 
39.66 	 0.9886018412771483 
39.68 	 0.9886372048425655 
39.7 	 0.988670602715876 
39.72 	 0.9887023862793975 
39.74 	 0.988732106097621 
39.76 	 0.9887599662647495 
39.78 	 0.9887865702134606 
39.8 	 0.9888107513684755 
39.82 	 0.9888354728003586 
39.84 	 0.9888569675392436 
39.86 	 0.9888815787837686 
39.88 	 0.9889020526048239 
39.9 	 0.9889284895234265 
39.92 	 0.9889499375085126 
39.94 	 0.988979794089258 
39.96 	 0.9890040303228897 
39.98 	 0.9890381231640628 
40.0 	 0.9890663019747168 
40.02 	 0.9891044886186491 
40.04 	 0.9891368528061089 
40.06 	 0.9891781701304844 
40.08 	 0.9892141118272515 
40.1 	 0.9892571508897918 
40.12 	 0.9892955228188421 
40.14 	 0.9893388637853098 
40.16 	 0.989378380593462 
40.18 	 0.9894209202529605 
40.2 	 0.989460487542311 
40.22 	 0.9895015780240335 
40.24 	 0.9895404607316978 
40.26 	 0.9895798771366175 
40.28 	 0.9896177101394266 
40.3 	 0.9896555231768089 
40.32 	 0.9896922247098275 
40.34 	 0.9897286582869185 
40.36 	 0.989764316036406 
40.38 	 0.9897996391842451 
40.4 	 0.9898344158436202 
40.42 	 0.9898688824873517 
40.44 	 0.9899029573665287 
40.46 	 0.9899367845516407 
40.48 	 0.989970327134208 
40.5 	 0.990003695438524 
40.52 	 0.9900368592801182 
40.54 	 0.9900699223689513 
40.56 	 0.9901028491804282 
40.58 	 0.9901357456671093 
40.6 	 0.9901685740622914 
40.62 	 0.9902014395635863 
40.64 	 0.990234316852089 
40.66 	 0.9902672957526587 
40.68 	 0.9903003925216274 
40.7 	 0.9903336473712322 
40.72 	 0.9903671727638762 
40.74 	 0.9904008849148946 
40.76 	 0.9904350953483176 
40.78 	 0.9904694447633218 
40.8 	 0.9905046313304556 
40.82 	 0.990539739911226 
40.84 	 0.9905761736681129 
40.86 	 0.9906120012614568 
40.88 	 0.9906498186672353 
40.9 	 0.9906860208927959 
40.92 	 0.9907250527904987 
40.94 	 0.9907608454343522 
40.96 	 0.9908004341466402 
40.98 	 0.9908345457408108 
41.0 	 0.9908734409532607 
41.02 	 0.9909042436075716 
41.04 	 0.9909406849890878 
41.06 	 0.9909665445622347 
41.08 	 0.9909985930062726 
41.1 	 0.99101837378123 
41.12 	 0.9910444408477078 
41.14 	 0.9910579854780173 
41.16 	 0.9910773821206356 
41.18 	 0.9910857429011889 
41.2 	 0.9910990080124503 
41.22 	 0.9911042834172523 
41.24 	 0.9911131198373946 
41.26 	 0.9911179267634757 
41.28 	 0.9911247472758962 
41.3 	 0.9911315357590893 
41.32 	 0.9911388056648665 
41.34 	 0.9911492910060258 
41.36 	 0.9911589363403034 
41.38 	 0.9911738456149839 
41.4 	 0.9911869342398446 
41.42 	 0.9912060977839643 
41.44 	 0.9912228464874129 
41.46 	 0.9912455154259662 
41.48 	 0.9912655301607564 
41.5 	 0.9912907439890027 
41.52 	 0.9913133368001275 
41.54 	 0.9913402042376209 
41.56 	 0.9913646567412169 
41.58 	 0.9913924976374396 
41.6 	 0.9914182129039837 
41.62 	 0.9914465814160894 
41.64 	 0.9914731317804787 
41.66 	 0.9915017730160338 
41.68 	 0.991528883571752 
41.7 	 0.9915576718238531 
41.72 	 0.9915851799802675 
41.74 	 0.9916140663606513 
41.76 	 0.9916418828771605 
41.78 	 0.9916708608045753 
41.8 	 0.9916989419320229 
41.82 	 0.9917280279539591 
41.84 	 0.9917563586232592 
41.86 	 0.9917855828912794 
41.88 	 0.9918141674896498 
41.9 	 0.9918435691952276 
41.92 	 0.9918724266395559 
41.94 	 0.9919020515741944 
41.96 	 0.9919312124693672 
41.98 	 0.9919611110817185 
42.0 	 0.9919906154549216 
42.02 	 0.9920208403822791 
42.04 	 0.9920507348671594 
42.06 	 0.9920813375616737 
42.08 	 0.9921116715303013 
42.1 	 0.9921426985341454 
42.12 	 0.992173519683935 
42.14 	 0.9922050098604919 
42.16 	 0.9922363605929704 
42.18 	 0.9922683445185003 
42.2 	 0.9923002603805976 
42.22 	 0.9923327620848557 
42.24 	 0.9923652725366079 
42.26 	 0.9923983126490673 
42.28 	 0.9924314433070084 
42.3 	 0.9924650424029599 
42.32 	 0.9924988176852827 
42.34 	 0.9925329994371268 
42.36 	 0.9925674453847944 
42.38 	 0.9926022401351074 
42.4 	 0.9926373881843411 
42.42 	 0.9926728375683845 
42.44 	 0.9927087299699471 
42.46 	 0.9927448918668984 
42.48 	 0.9927815879289615 
42.5 	 0.9928185393147003 
42.52 	 0.9928561197388487 
42.54 	 0.99289395464083 
42.56 	 0.9929325207047509 
42.58 	 0.9929713424136342 
42.6 	 0.9930110087158688 
42.62 	 0.9930509189769698 
42.64 	 0.9930918022380077 
42.66 	 0.993132893164506 
42.68 	 0.9931751029817639 
42.7 	 0.993217457718758 
42.72 	 0.9932610959086251 
42.74 	 0.9933048010069957 
42.76 	 0.9933499734514032 
42.78 	 0.9933951409154465 
42.8 	 0.9934419809428463 
42.82 	 0.9934887735575074 
42.84 	 0.9935374713231651 
42.86 	 0.9935861232805011 
42.88 	 0.9936369536125934 
42.9 	 0.9936877802692314 
42.92 	 0.9937411229293976 
42.94 	 0.9937945175410186 
42.96 	 0.9938508678711078 
42.98 	 0.9939072863462491 
43.0 	 0.9939672576418963 
43.02 	 0.9940271902303641 
43.04 	 0.9940915064565824 
43.06 	 0.9941554237337799 
43.08 	 0.9942248867359675 
43.1 	 0.9942931272033202 
43.12 	 0.9943685161593774 
43.14 	 0.9944410664676859 
43.16 	 0.9945229022534945 
43.18 	 0.9945990345472525 
43.2 	 0.9946871490976626 
43.22 	 0.9947649536761557 
43.24 	 0.9948578834579943 
43.26 	 0.9949338760075436 
43.28 	 0.9950282641806368 
43.3 	 0.9950974023224325 
43.32 	 0.9951877911653725 
43.34 	 0.9952442794310867 
43.36 	 0.9953237600020871 
43.38 	 0.9953628136082894 
43.4 	 0.9954248032403559 
43.42 	 0.9954450503487622 
43.44 	 0.9954859407370619 
43.46 	 0.9954915723510567 
43.48 	 0.9955133395744666 
43.5 	 0.9955148613074187 
43.52 	 0.9955263858134277 
43.54 	 0.9955392204819836 
43.56 	 0.9955554113028895 
43.58 	 0.9955965939024659 
43.6 	 0.9956354234722231 
43.62 	 0.9957196841673175 
43.64 	 0.9957983714051072 
43.66 	 0.9959352987679871 
43.68 	 0.9960673689584331 
43.7 	 0.9962607148760464 
43.72 	 0.9964550988798738 
43.74 	 0.996703936498355 
43.76 	 0.99696592245694 
43.78 	 0.997266111145592 
43.8 	 0.9975986256880323 
43.82 	 0.9979426539884363 
43.84 	 0.9983458288243139 
43.86 	 0.9987199008708175 
43.88 	 0.9991875519925222 
43.9 	 0.9995664911490002 
43.92 	 1.0000798470542935 
43.94 	 1.0004223310716431 
43.96 	 1.0009434835978523 
43.98 	 1.0011913624312612 
44.0 	 1.0016605041051694 
44.02 	 1.0017455234106754 
44.04 	 1.00208596519462 
44.06 	 1.0019446460935457 
44.08 	 1.0020772035539327 
44.1 	 1.0016705565543276 
44.12 	 1.0015346378724477 
44.14 	 1.0008657192150616 
44.16 	 1.000440205874975 
44.18 	 0.9995615623354153 
44.2 	 0.9988768094543071 
44.22 	 0.9978828383502634 
44.24 	 0.997017465971708 
44.26 	 0.996022764669461 
44.28 	 0.9950849071517444 
44.3 	 0.9941959762254445 
44.32 	 0.9932955552085385 
44.34 	 0.9925863708381756 
44.36 	 0.9918089900723662 
44.38 	 0.9913090406981682 
44.4 	 0.9907008393484079 
44.42 	 0.9903982041262517 
44.44 	 0.9899652415265601 
44.46 	 0.9898206719924619 
44.48 	 0.9895397564464028 
44.5 	 0.989504154348703 
44.52 	 0.9893382153368754 
44.54 	 0.9893666593858957 
44.56 	 0.9892780997579944 
44.58 	 0.9893371260822297 
44.6 	 0.9892956529798185 
44.62 	 0.9893641903986036 
44.64 	 0.9893489763230827 
44.66 	 0.9894153989526528 
44.68 	 0.9894134281959821 
44.7 	 0.9894714049909661 
44.72 	 0.9894742653012053 
44.74 	 0.9895192599045534 
44.76 	 0.9895200935221903 
44.78 	 0.9895473956796277 
44.8 	 0.989538986600698 
44.82 	 0.9895434815717111 
44.84 	 0.9895179060134445 
44.86 	 0.989495375078815 
44.88 	 0.9894452414470033 
44.9 	 0.9893946162222745 
44.92 	 0.9893154757544177 
44.94 	 0.9892410651245781 
44.96 	 0.9891340434189912 
44.98 	 0.9890465141781698 
45.0 	 0.9889198431077089 
45.02 	 0.9888349956852585 
45.04 	 0.9887033000638935 
45.06 	 0.9886385674677045 
45.08 	 0.9885196461717153 
45.1 	 0.9884894199297665 
45.12 	 0.9883995136108439 
45.14 	 0.9884111656503183 
45.16 	 0.9883605805682338 
45.18 	 0.9884128387724819 
45.2 	 0.9884036877237253 
45.22 	 0.9884878996144966 
45.24 	 0.9885146661611418 
45.26 	 0.9886181473083548 
45.28 	 0.9886704611408073 
45.3 	 0.9887803622613884 
45.32 	 0.9888465662356721 
45.34 	 0.9889528116804689 
45.36 	 0.9890229173072398 
45.38 	 0.9891194930603145 
45.4 	 0.9891867327881366 
45.42 	 0.9892714253513079 
45.44 	 0.9893323673303752 
45.46 	 0.9894055942292116 
45.48 	 0.989459329430909 
45.5 	 0.9895228174676604 
45.52 	 0.9895698941810388 
45.54 	 0.9896257140111243 
45.56 	 0.9896673019332272 
45.58 	 0.9897173668555131 
45.6 	 0.9897547720582792 
45.62 	 0.9898006232790706 
45.64 	 0.989835014229315 
45.66 	 0.9898777000311939 
45.68 	 0.9899099004020917 
45.7 	 0.9899499293293617 
45.72 	 0.9899802991065404 
45.74 	 0.9900177672630399 
45.76 	 0.9900462914943786 
45.78 	 0.9900811981506448 
45.8 	 0.9901077917520141 
45.82 	 0.9901403580292675 
45.84 	 0.9901651821344886 
45.86 	 0.9901959147680273 
45.88 	 0.9902194311829039 
45.9 	 0.9902488585507672 
45.92 	 0.9902715493372964 
45.94 	 0.9902998647593452 
45.96 	 0.9903218652948322 
45.98 	 0.9903488445821759 
46.0 	 0.9903698698044434 
46.02 	 0.9903952094989301 
46.04 	 0.9904149164396588 
46.06 	 0.9904387209935989 
46.08 	 0.9904572150446496 
46.1 	 0.9904801416573057 
46.12 	 0.9904981146051146 
46.14 	 0.9905209377347239 
46.16 	 0.9905392005458769 
46.18 	 0.9905621178787066 
46.2 	 0.9905808751397441 
46.22 	 0.9906032172834445 
46.24 	 0.9906217728221847 
46.26 	 0.990642501022289 
46.28 	 0.9906597828647101 
46.3 	 0.9906784366034822 
46.32 	 0.9906939802496482 
46.34 	 0.9907112308492052 
46.36 	 0.9907257484136941 
46.38 	 0.9907429632563476 
46.4 	 0.990757892636646 
46.42 	 0.9907759730333597 
46.44 	 0.9907922842434542 
46.46 	 0.990810754898211 
46.48 	 0.9908280176554267 
46.5 	 0.9908452275514619 
46.52 	 0.9908618187245538 
46.54 	 0.9908761876985246 
46.56 	 0.990890570204449 
46.58 	 0.990901845273259 
46.6 	 0.990913855717447 
46.62 	 0.9909231898748375 
46.64 	 0.9909341084818941 
46.66 	 0.9909426616664455 
46.68 	 0.9909537375508983 
46.7 	 0.990960775002744 
46.72 	 0.9909711936853878 
46.74 	 0.9909732861123732 
46.76 	 0.9909792399666439 
46.78 	 0.9909715561889147 
46.8 	 0.9909674860169607 
46.82 	 0.9909466724670467 
46.84 	 0.9909282314791644 
46.86 	 0.9908950887201338 
46.88 	 0.9908620374891728 
46.9 	 0.9908221334900247 
46.92 	 0.9907792344515709 
46.94 	 0.9907408616984538 
46.96 	 0.9906960682075365 
46.98 	 0.990666687031734 
47.0 	 0.9906276734761363 
47.02 	 0.9906109612511883 
47.04 	 0.9905820838876938 
47.06 	 0.99057724596593 
47.08 	 0.9905586369690124 
47.1 	 0.9905620863283782 
47.12 	 0.9905510811168957 
47.14 	 0.9905590843330474 
47.16 	 0.9905526706568205 
47.18 	 0.9905631424458803 
47.2 	 0.9905596622070943 
47.22 	 0.990572180130347 
47.24 	 0.9905713511311726 
47.26 	 0.9905859034576946 
47.28 	 0.990587636963921 
47.3 	 0.9906034995403347 
47.32 	 0.9906068724626047 
47.34 	 0.9906227114306791 
47.36 	 0.9906261721611755 
47.38 	 0.9906412954361326 
47.4 	 0.9906440216574544 
47.42 	 0.9906596174048516 
47.44 	 0.9906628512327894 
47.46 	 0.9906819226179829 
47.48 	 0.9906889574770399 
47.5 	 0.9907146078529881 
47.52 	 0.9907290375556586 
47.54 	 0.9907620780133197 
47.56 	 0.9907852632891708 
47.58 	 0.9908228121255753 
47.6 	 0.990852274098674 
47.62 	 0.9908885317838364 
47.64 	 0.9909185467325287 
47.66 	 0.9909475355957394 
47.68 	 0.9909718166560391 
47.7 	 0.990990507608649 
47.72 	 0.9910054383869549 
47.74 	 0.9910153035107432 
47.76 	 0.9910217162330377 
47.78 	 0.9910276589708042 
47.8 	 0.9910299918758191 
47.82 	 0.9910372544265751 
47.84 	 0.9910405658181932 
47.86 	 0.9910515205854695 
47.88 	 0.991058211233236 
47.9 	 0.9910710387026285 
47.92 	 0.9910793299113747 
47.94 	 0.9910893991371619 
47.96 	 0.9910945044615975 
47.98 	 0.9910975864355174 
48.0 	 0.9910948406015557 
48.02 	 0.9910901871692313 
48.04 	 0.9910782343212353 
48.06 	 0.9910696992781906 
48.08 	 0.9910518777577781 
48.1 	 0.9910464699034541 
48.12 	 0.9910296513244594 
48.14 	 0.991034387316137 
48.16 	 0.9910259859248093 
48.18 	 0.9910447809897767 
48.2 	 0.9910495843983185 
48.22 	 0.9910817587281714 
48.24 	 0.9911001811673109 
48.26 	 0.9911411747218909 
48.28 	 0.991169642760345 
48.3 	 0.9912133505441438 
48.32 	 0.9912463801719292 
48.34 	 0.9912877880754734 
48.36 	 0.9913205340599331 
48.38 	 0.9913573646323298 
48.4 	 0.9913873597007531 
48.42 	 0.9914201055159232 
48.44 	 0.9914474890132949 
48.46 	 0.991478099957352 
48.48 	 0.9915044901739529 
48.5 	 0.9915346230292552 
48.52 	 0.9915614587286349 
48.54 	 0.9915912999347101 
48.56 	 0.9916186460247015 
48.58 	 0.9916468810416107 
48.6 	 0.9916733182122609 
48.62 	 0.9916981168635527 
48.64 	 0.9917216560754919 
48.66 	 0.9917419706290427 
48.68 	 0.9917613407223822 
48.7 	 0.9917776812671552 
48.72 	 0.9917931580685562 
48.74 	 0.9918073711245609 
48.76 	 0.9918206334302062 
48.78 	 0.99183483645035 
48.8 	 0.9918479461890596 
48.82 	 0.9918632860389893 
48.84 	 0.9918774265560457 
48.86 	 0.9918934292827579 
48.88 	 0.9919081766588173 
48.9 	 0.991923087806013 
48.92 	 0.9919366585042773 
48.94 	 0.9919485718162596 
48.96 	 0.9919588990785018 
48.98 	 0.9919670085889359 
49.0 	 0.991973016896099 
49.02 	 0.9919782778327199 
49.04 	 0.9919806361478272 
49.06 	 0.991985491821141 
49.08 	 0.9919864618261399 
49.1 	 0.9919938353350098 
49.12 	 0.9919963578248842 
49.14 	 0.9920084827567929 
49.16 	 0.9920150335367934 
49.18 	 0.9920327057191525 
49.2 	 0.9920444924354102 
49.22 	 0.9920670140710237 
49.24 	 0.9920838097759979 
49.26 	 0.9921095033526021 
49.28 	 0.9921300401340484 
49.3 	 0.9921569724735347 
49.32 	 0.992179580189165 
49.34 	 0.9922061471815921 
49.36 	 0.9922293113549362 
49.38 	 0.99225451161 
49.4 	 0.9922771742949716 
49.42 	 0.992300594672545 
49.44 	 0.9923221971756758 
49.46 	 0.9923438392367852 
49.48 	 0.9923642078987666 
49.5 	 0.9923842868266286 
49.52 	 0.9924034747580605 
49.54 	 0.9924222676996287 
49.56 	 0.9924404240688403 
49.58 	 0.9924581867100287 
49.6 	 0.9924754767882966 
49.62 	 0.9924924131432693 
49.64 	 0.9925089819827865 
49.66 	 0.9925252437758723 
49.68 	 0.9925412066192022 
49.7 	 0.9925569038987899 
49.72 	 0.9925723487714023 
49.74 	 0.9925875617995314 
49.76 	 0.992602555619433 
49.78 	 0.9926173443370403 
49.8 	 0.9926319387219869 
49.82 	 0.9926463493003171 
49.84 	 0.9926605849860045 
49.86 	 0.9926746540927557 
49.88 	 0.9926885640091438 
49.9 	 0.9927023215459079 
49.92 	 0.9927159328982941 
49.94 	 0.9927294037828307 
49.96 	 0.9927427394652909 
49.98 	 0.9927559448277025 
50.0 	 0.9927690244034874 
50.02 	 0.992781982418049 
50.04 	 0.9927948228185555 
50.06 	 0.9928075493021152 
50.08 	 0.9928201653391652 
50.1 	 0.9928326741944418 
50.12 	 0.9928450789451797 
50.14 	 0.9928573824972816 
50.16 	 0.9928695875996075 
50.18 	 0.9928816968567101 
50.2 	 0.9928937127401994 
50.22 	 0.9929056375989296 
50.24 	 0.9929174736681535 
50.26 	 0.9929292230777749 
50.28 	 0.9929408878598088 
50.3 	 0.9929524699551419 
50.32 	 0.9929639712196745 
50.34 	 0.9929753934299149 
50.36 	 0.9929867382880844 
50.38 	 0.9929980074267867 
50.4 	 0.993009202413288 
50.42 	 0.9930203247534473 
50.44 	 0.9930313758953315 
50.46 	 0.9930423572325486 
50.48 	 0.9930532701073238 
50.5 	 0.9930641158133443 
50.52 	 0.9930748955983953 
50.54 	 0.9930856106668031 
50.56 	 0.9930962621817067 
50.58 	 0.9931068512671689 
50.6 	 0.9931173790101453 
50.62 	 0.9931278464623184 
50.64 	 0.9931382546418122 
50.66 	 0.9931486045347944 
50.68 	 0.9931588970969769 
50.7 	 0.9931691332550221 
50.72 	 0.9931793139078618 
50.74 	 0.9931894399279363 
50.76 	 0.9931995121623596 
50.78 	 0.9932095314340157 
50.8 	 0.9932194985425916 
50.82 	 0.9932294142655511 
50.84 	 0.9932392793590542 
50.86 	 0.9932490945588253 
50.88 	 0.993258860580974 
50.9 	 0.9932685781227725 
50.92 	 0.9932782478633903 
50.94 	 0.9932878704645921 
50.96 	 0.9932974465713987 
50.98 	 0.9933069768127147 
51.0 	 0.9933164618019247 
51.02 	 0.9933259021374595 
51.04 	 0.9933352984033358 
51.06 	 0.9933446511696685 
51.08 	 0.9933539609931598 
51.1 	 0.993363228417564 
51.12 	 0.9933724539741325 
51.14 	 0.993381638182037 
51.16 	 0.9933907815487735 
51.18 	 0.9933998845705495 
51.2 	 0.9934089477326528 
51.22 	 0.9934179715098049 
51.24 	 0.9934269563664986 
51.26 	 0.9934359027573221 
51.28 	 0.993444811127268 
51.3 	 0.9934536819120313 
51.32 	 0.993462515538293 
51.34 	 0.9934713124239939 
51.36 	 0.9934800729785964 
51.38 	 0.9934887976033363 
51.4 	 0.9934974866914636 
51.42 	 0.9935061406284761 
51.44 	 0.9935147597923413 
51.46 	 0.9935233445537118 
51.48 	 0.9935318952761316 
51.5 	 0.9935404123162349 
51.52 	 0.9935488960239376 
51.54 	 0.9935573467426213 
51.56 	 0.9935657648093114 
51.58 	 0.9935741505548478 
51.6 	 0.9935825043040507 
51.62 	 0.9935908263758794 
51.64 	 0.9935991170835855 
51.66 	 0.9936073767348625 
51.68 	 0.9936156056319879 
51.7 	 0.9936238040719619 
51.72 	 0.9936319723466412 
51.74 	 0.9936401107428682 
51.76 	 0.9936482195425955 
51.78 	 0.993656299023007 
51.8 	 0.9936643494566347 
51.82 	 0.9936723711114718 
51.84 	 0.993680364251082 
51.86 	 0.9936883291347053 
51.88 	 0.9936962660173609 
51.9 	 0.9937041751499465 
51.92 	 0.9937120567793343 
51.94 	 0.9937199111484647 
51.96 	 0.9937277384964369 
51.98 	 0.9937355390585958 
52.0 	 0.9937433130666181 
52.02 	 0.9937510607485942 
52.04 	 0.9937587823291086 
52.06 	 0.9937664780293175 
52.08 	 0.9937741480670242 
52.1 	 0.9937817926567531 
52.12 	 0.9937894120098197 
52.14 	 0.9937970063344006 
52.16 	 0.9938045758356007 
52.18 	 0.9938121207155178 
52.2 	 0.9938196411733073 
52.22 	 0.9938271374052428 
52.24 	 0.9938346096047764 
52.26 	 0.9938420579625977 
52.28 	 0.9938494826666897 
52.3 	 0.9938568839023847 
52.32 	 0.9938642618524182 
52.34 	 0.9938716166969804 
52.36 	 0.9938789486137684 
52.38 	 0.9938862577780345 
52.4 	 0.9938935443626361 
52.42 	 0.9939008085380812 
52.44 	 0.9939080504725754 
52.46 	 0.9939152703320662 
52.48 	 0.9939224682802867 
52.5 	 0.993929644478798 
52.52 	 0.9939367990870303 
52.54 	 0.9939439322623242 
52.56 	 0.9939510441599693 
52.58 	 0.9939581349332423 
52.6 	 0.9939652047334457 
52.62 	 0.9939722537099432 
52.64 	 0.9939792820101963 
52.66 	 0.993986289779798 
52.68 	 0.9939932771625078 
52.7 	 0.9940002443002848 
52.72 	 0.9940071913333193 
52.74 	 0.9940141184000653 
52.76 	 0.9940210256372711 
52.78 	 0.9940279131800094 
52.8 	 0.9940347811617067 
52.82 	 0.9940416297141726 
52.84 	 0.9940484589676274 
52.86 	 0.99405526905073 
52.88 	 0.9940620600906047 
52.9 	 0.9940688322128671 
52.92 	 0.9940755855416507 
52.94 	 0.9940823201996312 
52.96 	 0.9940890363080512 
52.98 	 0.994095733986745 
53.0 	 0.9941024133541612 
53.02 	 0.9941090745273861 
53.04 	 0.9941157176221662 
53.06 	 0.9941223427529303 
53.08 	 0.9941289500328111 
53.1 	 0.9941355395736658 
53.12 	 0.9941421114860978 
53.14 	 0.9941486658794755 
53.16 	 0.9941552028619534 
53.18 	 0.9941617225404907 
53.2 	 0.9941682250208709 
53.22 	 0.9941747104077195 
53.24 	 0.9941811788045233 
53.26 	 0.9941876303136472 
53.28 	 0.9941940650363524 
53.3 	 0.9942004830728134 
53.32 	 0.9942068845221345 
53.34 	 0.9942132694823662 
53.36 	 0.9942196380505222 
53.38 	 0.9942259903225936 
53.4 	 0.9942323263935663 
53.42 	 0.9942386463574343 
53.44 	 0.9942449503072162 
53.46 	 0.9942512383349684 
53.48 	 0.9942575105318007 
53.5 	 0.9942637669878891 
53.52 	 0.9942700077924906 
53.54 	 0.9942762330339565 
53.56 	 0.9942824427997446 
53.58 	 0.9942886371764338 
53.6 	 0.9942948162497357 
53.62 	 0.9943009801045076 
53.64 	 0.9943071288247645 
53.66 	 0.9943132624936915 
53.68 	 0.9943193811936553 
53.7 	 0.9943254850062159 
53.72 	 0.9943315740121382 
53.74 	 0.9943376482914029 
53.76 	 0.9943437079232177 
53.78 	 0.9943497529860277 
53.8 	 0.9943557835575264 
53.82 	 0.9943617997146662 
53.84 	 0.9943678015336681 
53.86 	 0.994373789090032 
53.88 	 0.9943797624585469 
53.9 	 0.9943857217132995 
53.92 	 0.9943916669276851 
53.94 	 0.9943975981744162 
53.96 	 0.9944035155255315 
53.98 	 0.9944094190524053 
54.0 	 0.9944153088257561 
54.02 	 0.9944211849156559 
54.04 	 0.9944270473915375 
54.06 	 0.9944328963222044 
54.08 	 0.9944387317758382 
54.1 	 0.9944445538200066 
54.12 	 0.9944503625216722 
54.14 	 0.9944561579471993 
54.16 	 0.9944619401623628 
54.18 	 0.9944677092323544 
54.2 	 0.9944734652217916 
54.22 	 0.9944792081947238 
54.24 	 0.99448493821464 
54.26 	 0.9944906553444764 
54.28 	 0.9944963596466223 
54.3 	 0.994502051182928 
54.32 	 0.9945077300147107 
54.34 	 0.994513396202762 
54.36 	 0.9945190498073538 
54.38 	 0.9945246908882452 
54.4 	 0.9945303195046883 
54.42 	 0.9945359357154346 
54.44 	 0.994541539578742 
54.46 	 0.9945471311523794 
54.48 	 0.9945527104936336 
54.5 	 0.9945582776593149 
54.52 	 0.994563832705763 
54.54 	 0.9945693756888522 
54.56 	 0.9945749066639975 
54.58 	 0.9945804256861599 
54.6 	 0.9945859328098519 
54.62 	 0.9945914280891425 
54.64 	 0.9945969115776627 
54.66 	 0.9946023833286108 
54.68 	 0.9946078433947573 
54.7 	 0.9946132918284496 
54.72 	 0.9946187286816177 
54.74 	 0.9946241540057783 
54.76 	 0.9946295678520399 
54.78 	 0.9946349702711077 
54.8 	 0.9946403613132878 
54.82 	 0.9946457410284921 
54.84 	 0.9946511094662429 
54.86 	 0.9946564666756768 
54.88 	 0.9946618127055495 
54.9 	 0.9946671476042404 
54.92 	 0.9946724714197559 
54.94 	 0.9946777841997346 
54.96 	 0.9946830859914507 
54.98 	 0.9946883768418185 
55.0 	 0.9946936567973963 
55.02 	 0.9946989259043899 
55.04 	 0.9947041842086572 
55.06 	 0.9947094317557118 
55.08 	 0.9947146685907264 
55.1 	 0.994719894758537 
55.12 	 0.994725110303646 
55.14 	 0.9947303152702267 
55.16 	 0.9947355097021262 
55.18 	 0.994740693642869 
55.2 	 0.9947458671356606 
55.22 	 0.9947510302233907 
55.24 	 0.9947561829486372 
55.26 	 0.9947613253536685 
55.28 	 0.9947664574804477 
55.3 	 0.9947715793706355 
55.32 	 0.9947766910655933 
55.34 	 0.9947817926063862 
55.36 	 0.9947868840337869 
55.38 	 0.9947919653882777 
55.4 	 0.9947970367100541 
55.42 	 0.9948020980390279 
55.44 	 0.9948071494148295 
55.46 	 0.9948121908768118 
55.48 	 0.9948172224640522 
55.5 	 0.9948222442153557 
55.52 	 0.9948272561692575 
55.54 	 0.9948322583640264 
55.56 	 0.9948372508376669 
55.58 	 0.9948422336279219 
55.6 	 0.9948472067722756 
55.62 	 0.9948521703079557 
55.64 	 0.9948571242719368 
55.66 	 0.994862068700942 
55.68 	 0.9948670036314458 
55.7 	 0.9948719290996767 
55.72 	 0.9948768451416194 
55.74 	 0.9948817517930176 
55.76 	 0.9948866490893759 
55.78 	 0.9948915370659621 
55.8 	 0.9948964157578103 
55.82 	 0.9949012851997221 
55.84 	 0.9949061454262699 
55.86 	 0.9949109964717984 
55.88 	 0.994915838370427 
55.9 	 0.9949206711560521 
55.92 	 0.9949254948623493 
55.94 	 0.9949303095227751 
55.96 	 0.9949351151705695 
55.98 	 0.9949399118387581 
56.0 	 0.9949446995601531 
56.02 	 0.9949494783673569 
56.04 	 0.994954248292763 
56.06 	 0.9949590093685582 
56.08 	 0.9949637616267247 
56.1 	 0.994968505099042 
56.12 	 0.9949732398170886 
56.14 	 0.9949779658122441 
56.16 	 0.9949826831156909 
56.18 	 0.9949873917584161 
56.2 	 0.9949920917712133 
56.22 	 0.9949967831846842 
56.24 	 0.9950014660292409 
56.26 	 0.9950061403351069 
56.28 	 0.9950108061323194 
56.3 	 0.9950154634507307 
56.32 	 0.9950201123200099 
56.34 	 0.995024752769645 
56.36 	 0.9950293848289437 
56.38 	 0.9950340085270357 
56.4 	 0.9950386238928742 
56.42 	 0.9950432309552373 
56.44 	 0.9950478297427294 
56.46 	 0.9950524202837835 
56.48 	 0.9950570026066616 
56.5 	 0.9950615767394575 
56.52 	 0.995066142710097 
56.54 	 0.9950707005463402 
56.56 	 0.995075250275783 
56.58 	 0.9950797919258579 
56.6 	 0.9950843255238363 
56.62 	 0.995088851096829 
56.64 	 0.995093368671788 
56.66 	 0.9950978782755082 
56.68 	 0.9951023799346285 
56.7 	 0.9951068736756326 
56.72 	 0.9951113595248513 
56.74 	 0.9951158375084633 
56.76 	 0.9951203076524964 
56.78 	 0.995124769982829 
56.8 	 0.9951292245251913 
56.82 	 0.9951336713051666 
56.84 	 0.9951381103481927 
56.86 	 0.9951425416795623 
56.88 	 0.9951469653244257 
56.9 	 0.9951513813077907 
56.92 	 0.9951557896545241 
56.94 	 0.9951601903893535 
56.96 	 0.9951645835368675 
56.98 	 0.9951689691215179 
57.0 	 0.9951733471676197 
57.02 	 0.9951777176993531 
57.04 	 0.9951820807407645 
57.06 	 0.9951864363157671 
57.08 	 0.9951907844481424 
57.1 	 0.9951951251615411 
57.12 	 0.9951994584794847 
57.14 	 0.9952037844253655 
57.16 	 0.9952081030224489 
57.18 	 0.9952124142938732 
57.2 	 0.9952167182626516 
57.22 	 0.9952210149516726 
57.24 	 0.9952253043837014 
57.26 	 0.9952295865813805 
57.28 	 0.9952338615672313 
57.3 	 0.9952381293636542 
57.32 	 0.9952423899929302 
57.34 	 0.9952466434772218 
57.36 	 0.9952508898385736 
57.38 	 0.9952551290989137 
57.4 	 0.995259361280054 
57.42 	 0.9952635864036918 
57.44 	 0.9952678044914102 
57.46 	 0.9952720155646793 
57.48 	 0.9952762196448566 
57.5 	 0.9952804167531887 
57.52 	 0.9952846069108113 
57.54 	 0.9952887901387506 
57.56 	 0.9952929664579241 
57.58 	 0.9952971358891409 
57.6 	 0.9953012984531036 
57.62 	 0.9953054541704078 
57.64 	 0.995309603061544 
57.66 	 0.995313745146898 
57.68 	 0.9953178804467513 
57.7 	 0.9953220089812826 
57.72 	 0.9953261307705684 
57.74 	 0.9953302458345833 
57.76 	 0.995334354193201 
57.78 	 0.9953384558661957 
57.8 	 0.9953425508732417 
57.82 	 0.9953466392339152 
57.84 	 0.9953507209676943 
57.86 	 0.9953547960939599 
57.88 	 0.9953588646319971 
57.9 	 0.9953629266009947 
57.92 	 0.9953669820200467 
57.94 	 0.9953710309081533 
57.96 	 0.9953750732842205 
57.98 	 0.9953791091670617 
58.0 	 0.9953831385753985 
58.02 	 0.9953871615278602 
58.04 	 0.9953911780429859 
58.06 	 0.9953951881392241 
58.08 	 0.9953991918349341 
58.1 	 0.995403189148386 
58.12 	 0.9954071800977617 
58.14 	 0.9954111647011559 
58.16 	 0.9954151429765755 
58.18 	 0.995419114941942 
58.2 	 0.9954230806150905 
58.22 	 0.9954270400137711 
58.24 	 0.9954309931556494 
58.26 	 0.9954349400583072 
58.28 	 0.9954388807392428 
58.3 	 0.9954428152158719 
58.32 	 0.9954467435055278 
58.34 	 0.9954506656254625 
58.36 	 0.9954545815928468 
58.38 	 0.9954584914247713 
58.4 	 0.9954623951382463 
58.42 	 0.9954662927502032 
58.44 	 0.9954701842774942 
58.46 	 0.9954740697368939 
58.48 	 0.9954779491450986 
58.5 	 0.9954818225187277 
58.52 	 0.9954856898743242 
58.54 	 0.9954895512283544 
58.56 	 0.9954934065972096 
58.58 	 0.9954972559972062 
58.6 	 0.9955010994445852 
58.62 	 0.9955049369555143 
58.64 	 0.9955087685460877 
58.66 	 0.9955125942323261 
58.68 	 0.995516414030178 
58.7 	 0.9955202279555198 
58.72 	 0.9955240360241562 
58.74 	 0.9955278382518211 
58.76 	 0.9955316346541775 
58.78 	 0.9955354252468185 
58.8 	 0.9955392100452675 
58.82 	 0.9955429890649784 
58.84 	 0.9955467623213369 
58.86 	 0.9955505298296601 
58.88 	 0.9955542916051972 
58.9 	 0.9955580476631302 
58.92 	 0.995561798018574 
58.94 	 0.9955655426865772 
58.96 	 0.9955692816821223 
58.98 	 0.995573015020126 
59.0 	 0.9955767427154399 
59.02 	 0.995580464782851 
59.04 	 0.9955841812370818 
59.06 	 0.9955878920927906 
59.08 	 0.9955915973645727 
59.1 	 0.9955952970669598 
59.12 	 0.9955989912144215 
59.14 	 0.9956026798213643 
59.16 	 0.9956063629021336 
59.18 	 0.9956100404710126 
59.2 	 0.995613712542224 
59.22 	 0.9956173791299293 
59.24 	 0.99562104024823 
59.26 	 0.9956246959111674 
59.28 	 0.9956283461327234 
59.3 	 0.9956319909268209 
59.32 	 0.9956356303073233 
59.34 	 0.9956392642880362 
59.36 	 0.9956428928827069 
59.38 	 0.995646516105025 
59.4 	 0.9956501339686228 
59.42 	 0.9956537464870754 
59.44 	 0.9956573536739014 
59.46 	 0.9956609555425632 
59.48 	 0.9956645521064671 
59.5 	 0.9956681433789639 
59.52 	 0.9956717293733491 
59.54 	 0.9956753101028634 
59.56 	 0.9956788855806926 
59.58 	 0.9956824558199688 
59.6 	 0.9956860208337696 
59.62 	 0.9956895806351195 
59.64 	 0.9956931352369895 
59.66 	 0.9956966846522979 
59.68 	 0.99570022889391 
59.7 	 0.9957037679746392 
59.72 	 0.9957073019072468 
59.74 	 0.9957108307044424 
59.76 	 0.9957143543788843 
59.78 	 0.9957178729431799 
59.8 	 0.9957213864098856 
59.82 	 0.9957248947915076 
59.84 	 0.995728398100502 
59.86 	 0.9957318963492746 
59.88 	 0.9957353895501825 
59.9 	 0.9957388777155329 
59.92 	 0.9957423608575844 
59.94 	 0.9957458389885468 
59.96 	 0.9957493121205816 
59.98 	 0.9957527802658022 
