0.0 	 0.0 
0.02 	 1384.629101282028 
0.04 	 3083.8919368898282 
0.06 	 5147.940187840881 
0.08 	 7293.934083608779 
0.1 	 9695.91147344694 
0.12 	 12027.97345353632 
0.14 	 14460.126979986613 
0.16 	 16731.471482845383 
0.18 	 18912.77343593224 
0.2 	 20920.2631504201 
0.22 	 22656.27126733784 
0.24 	 24274.78425082852 
0.26 	 25495.629966853223 
0.28 	 26695.51220437654 
0.3 	 27451.14149383358 
0.32 	 28285.73675316363 
0.34 	 28693.849315467356 
0.36 	 29252.48917441642 
0.38 	 29419.68923215022 
0.4 	 29765.545526509748 
0.42 	 29726.70527515531 
0.44 	 29858.679960680252 
0.46 	 29571.510306700868 
0.48 	 29433.959618877496 
0.5 	 28825.991358741878 
0.52 	 28356.17313419717 
0.54 	 27392.95672631238 
0.56 	 26580.18874997671 
0.58 	 25320.51969970737 
0.6 	 24248.314695547233 
0.62 	 22853.534150434876 
0.64 	 21691.69008334182 
0.66 	 20368.950152008434 
0.68 	 19305.18559003274 
0.7 	 18217.743533301655 
0.72 	 17379.007516710444 
0.74 	 16595.13250659581 
0.76 	 16019.479924031899 
0.78 	 15522.926739226534 
0.8 	 15180.641570688324 
0.82 	 14907.859369696598 
0.84 	 14735.861911916407 
0.86 	 14608.597002839477 
0.88 	 14537.18782814421 
0.9 	 14483.156942798132 
0.92 	 14452.562422501827 
0.94 	 14417.266180901453 
0.96 	 14386.860162183362 
0.98 	 14339.425312580654 
1.0 	 14291.378662989324 
1.02 	 14225.032451311166 
1.04 	 14162.5472600038 
1.06 	 14089.516681296423 
1.08 	 14029.81088005617 
1.1 	 13971.465745284531 
1.12 	 13935.061673171069 
1.14 	 13909.863404961838 
1.16 	 13909.249622974456 
1.18 	 13922.113565983487 
1.2 	 13953.319861400132 
1.22 	 13989.672513565349 
1.24 	 14029.446100844396 
1.26 	 14055.882784957419 
1.28 	 14065.517758791124 
1.3 	 14037.202556393608 
1.32 	 13972.270059574656 
1.34 	 13845.39885987971 
1.36 	 13668.90006120145 
1.38 	 13414.755091389738 
1.4 	 13109.723586028493 
1.42 	 12725.517811916458 
1.44 	 12302.410328529184 
1.46 	 11814.303988122829 
1.48 	 11309.650121458866 
1.5 	 10765.969148829616 
1.52 	 10232.165938706023 
1.54 	 9689.346295791413 
1.56 	 9179.784988528389 
1.58 	 8687.204957807551 
1.6 	 8243.158667020405 
1.62 	 7833.02204364352 
1.64 	 7477.054035666453 
1.66 	 7161.875964434795 
1.68 	 6898.3131994185 
1.7 	 6674.261844123805 
1.72 	 6493.788848649279 
1.74 	 6346.098208169647 
1.76 	 6230.865747589992 
1.78 	 6138.408138023498 
1.8 	 6065.806131159964 
1.82 	 6004.230024781092 
1.84 	 5949.710196657287 
1.86 	 5894.295759666333 
1.88 	 5834.592404859254 
1.9 	 5763.997275686061 
1.92 	 5681.304242755795 
1.94 	 5581.9356240738525 
1.96 	 5467.937253537029 
1.98 	 5337.126167812189 
2.0 	 5194.735477262335 
2.02 	 5040.600668834499 
2.04 	 4881.828436589753 
2.06 	 4719.130242550938 
2.08 	 4559.45979956995 
2.1 	 4402.957277791917 
2.12 	 4254.599791311304 
2.14 	 4112.871252020721 
2.16 	 3979.91644083273 
2.18 	 3852.305838351978 
2.2 	 3729.6967830968983 
2.22 	 3607.347758895262 
2.24 	 3483.6618244741694 
2.26 	 3353.7083299617866 
2.28 	 3216.1602485685826 
2.3 	 3067.07532254781 
2.32 	 2906.629316055775 
2.34 	 2732.7105724084226 
2.36 	 2547.5601369097776 
2.38 	 2351.1779398742374 
2.4 	 2147.6523433623693 
2.42 	 1938.7665157043027 
2.44 	 1729.6068179627405 
2.46 	 1522.9322773407946 
2.48 	 1323.6904165028534 
2.5 	 1134.615432591337 
2.52 	 959.5049720912249 
2.54 	 800.2233567621951 
2.56 	 658.8534323407841 
2.58 	 535.9628323366198 
2.6 	 431.90404571263224 
2.62 	 345.99835714803487 
2.64 	 277.2762147414541 
2.66 	 224.19578258597977 
2.68 	 185.04681848021033 
2.7 	 157.90632575228523 
2.72 	 140.84613298701248 
2.74 	 131.95577051956184 
2.76 	 129.4365327442608 
2.78 	 131.62621019012502 
2.8 	 137.03106530128974 
2.82 	 144.3425006173441 
2.84 	 152.43902476673267 
2.86 	 160.39885852970835 
2.88 	 167.4885914259192 
2.9 	 173.17041993647905 
2.92 	 177.08352448245637 
2.94 	 179.0395622540181 
2.96 	 178.9990006001276 
2.98 	 177.0512457096705 
3.0 	 173.38955141216002 
3.02 	 168.27952734125944 
3.04 	 162.03819271415057 
3.06 	 154.9997557180693 
3.08 	 147.50344221008112 
3.1 	 139.86483869540362 
3.12 	 132.37341254561375 
3.14 	 125.27306101399368 
3.16 	 118.76647948247606 
3.18 	 113.00402446799912 
3.2 	 108.09081555258022 
3.22 	 104.08139907289177 
3.24 	 100.98699606502451 
3.26 	 98.77450231783244 
3.28 	 97.37379392365987 
3.3 	 96.68107526889902 
3.32 	 96.56738750035217 
3.34 	 96.88624751150577 
3.36 	 97.48359098922651 
3.38 	 98.20790060729169 
3.4 	 98.91979013753134 
3.42 	 99.5010031606931 
3.44 	 99.86066583146169 
3.46 	 99.93948836891896 
3.48 	 99.71061824180948 
3.5 	 99.1775489682157 
3.52 	 98.37000275651899 
3.54 	 97.33712525059386 
3.56 	 96.14116099692743 
3.58 	 94.84948058730252 
3.6 	 93.52942850813393 
3.62 	 92.24249984441701 
3.64 	 91.04243931629796 
3.66 	 89.97300417928129 
3.68 	 89.06930898610248 
3.7 	 88.35858861654675 
3.72 	 87.86334027582735 
3.74 	 87.60356012901262 
3.76 	 87.60006744070327 
3.78 	 87.87699478873958 
3.8 	 88.46439689576418 
3.82 	 89.40059761224163 
3.84 	 90.73389540641865 
3.86 	 92.52486213853909 
3.88 	 94.84701036038253 
3.9 	 97.78896879439502 
3.92 	 101.45339419266348 
3.94 	 105.95847706825957 
3.96 	 111.43374236923664 
3.98 	 118.02030107679194 
4.0 	 125.8621743305544 
4.02 	 135.10567077651248 
4.04 	 145.88572941399 
4.06 	 158.32667591501001 
4.08 	 172.5242922821355 
4.1 	 188.55209677885918 
4.12 	 206.44035728973702 
4.14 	 226.19273367497757 
4.16 	 247.7624377693346 
4.18 	 271.0829401502658 
4.2 	 296.0392096919251 
4.22 	 322.5138436204533 
4.24 	 350.3492401145571 
4.26 	 379.408536924302 
4.28 	 409.524267231528 
4.3 	 440.57314419835285 
4.32 	 472.408507708568 
4.34 	 504.94904113103166 
4.36 	 538.094624393782 
4.38 	 571.829974278957 
4.4 	 606.1241827162089 
4.42 	 641.0497062839588 
4.44 	 676.6637936755435 
4.46 	 713.1415448037695 
4.48 	 750.633463088558 
4.5 	 789.4103949602088 
4.52 	 829.6877124325977 
4.54 	 871.7819802257757 
4.56 	 915.8910823707545 
4.58 	 962.2684396468378 
4.6 	 1010.9517167878494 
4.62 	 1061.969392431565 
4.64 	 1115.019858414071 
4.66 	 1169.7333798284842 
4.68 	 1225.3178367498708 
4.7 	 1280.8991737421484 
4.72 	 1335.1655169431715 
4.74 	 1386.79196706646 
4.76 	 1434.123969589656 
4.78 	 1475.6544354533062 
4.8 	 1509.783659022614 
4.82 	 1535.2703307247539 
4.84 	 1551.0890794338743 
4.86 	 1556.750504446427 
4.88 	 1552.2574933005096 
4.9 	 1538.2129631689181 
4.92 	 1515.8669505601247 
4.94 	 1487.0129237147648 
4.96 	 1454.1315615487026 
4.98 	 1420.1945923648223 
5.0 	 1388.9491803750036 
5.02 	 1364.8628137688413 
5.04 	 1353.6346006572007 
5.06 	 1362.59356445895 
5.08 	 1401.514565859305 
5.1 	 1483.8124506996278 
5.12 	 1627.555702942817 
5.14 	 1857.8155936127519 
5.16 	 2207.1330510830385 
5.18 	 2719.6616173509774 
5.2 	 3448.5920519733554 
5.22 	 4464.4347694005055 
5.24 	 5842.325971505736 
5.26 	 7683.3582746230095 
5.28 	 10073.022937164347 
5.3 	 13143.292954026692 
5.32 	 16956.21754677052 
5.34 	 21676.482872514738 
5.36 	 27280.276008669767 
5.38 	 33981.37094391424 
5.4 	 41581.27201323393 
5.42 	 50387.30983863949 
5.44 	 59926.95343290898 
5.46 	 70674.20769896707 
5.48 	 81802.43966959695 
5.5 	 94032.38904451387 
5.52 	 106157.35293326806 
5.54 	 119193.79055194897 
5.56 	 131605.40085089378 
5.58 	 144687.87672267764 
5.6 	 156697.1664797726 
5.62 	 169115.02548588897 
5.64 	 180152.3745763053 
5.66 	 191323.82687427165 
5.68 	 200963.33739538194 
5.7 	 210438.45202429188 
5.72 	 218360.44320422795 
5.74 	 225777.88298138304 
5.76 	 231718.95110767998 
5.78 	 236778.0290202194 
5.8 	 240522.90253259058 
5.82 	 243019.16069520093 
5.84 	 244456.7564201849 
5.86 	 244378.9748631129 
5.88 	 243598.61677388882 
5.9 	 241233.83250996048 
5.92 	 238605.50523480255 
5.94 	 234579.8816254528 
5.96 	 230760.7479843261 
5.98 	 225969.0230811892 
6.0 	 221808.56099973034 
6.02 	 217241.06450508145 
6.04 	 213607.98012056603 
6.06 	 210139.71378051798 
6.08 	 207736.4344761954 
6.1 	 205958.4419825434 
6.12 	 205191.12470475648 
6.14 	 205331.41698833383 
6.16 	 206267.9124003105 
6.18 	 208204.6035521397 
6.2 	 210617.0877940287 
6.22 	 213966.47584558857 
6.24 	 217440.93039269678 
6.26 	 221701.98539112974 
6.28 	 225790.48527381782 
6.3 	 230518.62431418835 
6.32 	 234896.531768009 
6.34 	 239856.957576792 
6.36 	 244430.1889731752 
6.38 	 249664.46194221984 
6.4 	 254572.562407237 
6.42 	 260330.4252937601 
6.44 	 265827.95567198476 
6.46 	 272379.44556891406 
6.48 	 278644.30453778966 
6.5 	 286062.15142300463 
6.52 	 293031.16214801534 
6.54 	 301061.19356306735 
6.56 	 308383.4853379187 
6.58 	 316474.21419435396 
6.6 	 323605.46612229396 
6.62 	 331082.71241342614 
6.64 	 337470.5837556979 
6.66 	 343775.5440240078 
6.68 	 349051.96899498714 
6.7 	 353939.5176204945 
6.72 	 358042.48635723855 
6.74 	 361657.78804956685 
6.76 	 364837.2302640513 
6.78 	 367640.207295353 
6.8 	 370347.5280203389 
6.82 	 372920.24517355976 
6.84 	 375629.4694725982 
6.86 	 378454.76482256874 
6.88 	 381494.9416845321 
6.9 	 384804.71360062284 
6.92 	 388275.33512353885 
6.94 	 392025.9834996163 
6.96 	 395822.37174198806 
6.98 	 399792.0881487399 
7.0 	 403716.905626747 
7.02 	 407671.1869851059 
7.04 	 411576.9352549183 
7.06 	 415425.74989327375 
7.08 	 419322.542095133 
7.1 	 423189.7774768899 
7.12 	 427258.4342149009 
7.14 	 431407.22839851363 
7.16 	 435888.70915092604 
7.18 	 440508.5821405363 
7.2 	 445503.74991505605 
7.22 	 450452.63094705174 
7.24 	 455732.61106234376 
7.26 	 460379.3692410583 
7.28 	 465318.98507567466 
7.3 	 468596.0876914043 
7.32 	 472279.9625226446 
7.34 	 472949.39913100324 
7.36 	 474410.9210788493 
7.38 	 471441.7273494345 
7.4 	 469940.6163099227 
7.42 	 462845.9267544486 
7.44 	 458083.5509508434 
7.46 	 447074.9494038476 
7.48 	 439264.49870694656 
7.5 	 425139.0577312819 
7.52 	 414880.0009508936 
7.54 	 398658.5859330022 
7.56 	 386636.09063481167 
7.58 	 369113.5537621662 
7.6 	 355764.96133085736 
7.62 	 337239.6840106186 
7.64 	 322613.4463589899 
7.66 	 303001.2730123582 
7.68 	 286950.2714997842 
7.7 	 266247.1359873063 
7.72 	 248882.04756752666 
7.74 	 227692.13258629965 
7.76 	 209808.27526920423 
7.78 	 189510.7976139555 
7.8 	 172564.78492372387 
7.82 	 154801.21318864854 
7.84 	 140255.08356428222 
7.86 	 126074.50721838014 
7.88 	 114671.5254363104 
7.9 	 104163.36656892356 
7.92 	 95809.6535237994 
7.94 	 88395.00360375296 
7.96 	 82516.80796698526 
7.98 	 77402.39902449824 
8.0 	 73321.60179303533 
8.02 	 69788.68343279134 
8.04 	 66929.25132307275 
8.06 	 64441.11196582423 
8.08 	 62392.12811134451 
8.1 	 60596.25514749664 
8.12 	 59098.229031964096 
8.14 	 57784.53652519498 
8.16 	 56686.93733153076 
8.18 	 55736.32979805263 
8.2 	 54952.00248503618 
8.22 	 54291.15743402138 
8.24 	 53759.1549795176 
8.26 	 53328.144433893685 
8.28 	 52990.24431587268 
8.3 	 52726.614784908 
8.32 	 52521.04387941821 
8.34 	 52363.07671055449 
8.36 	 52237.23475035164 
8.38 	 52145.95078692862 
8.4 	 52084.657064484665 
8.42 	 52076.644300039625 
8.44 	 52133.58954866294 
8.46 	 52307.361676037384 
8.48 	 52619.62524060737 
8.5 	 53153.73476424304 
8.52 	 53919.87910356678 
8.54 	 55028.53121489929 
8.56 	 56444.828392528354 
8.58 	 58296.87474608653 
8.6 	 60469.47826952995 
8.62 	 63099.47151459936 
8.64 	 65968.9814159874 
8.66 	 69219.58686443212 
8.68 	 72534.84037564124 
8.7 	 76060.61627143732 
8.72 	 79419.08279157235 
8.74 	 82757.38559833838 
8.76 	 85701.34106276893 
8.78 	 88388.76829377376 
8.8 	 90523.56772615915 
8.82 	 92217.0967093993 
8.84 	 93309.29376876903 
8.86 	 93867.81516979299 
8.88 	 93889.04861681719 
8.9 	 93386.45596771747 
8.92 	 92491.19143921603 
8.94 	 91161.92305565368 
8.96 	 89614.91448932965 
8.98 	 87762.46015789034 
9.0 	 85851.46769676213 
9.02 	 83762.20067273127 
9.04 	 81731.34130717373 
9.06 	 79623.51445082708 
9.08 	 77644.0204739836 
9.1 	 75656.5832678105 
9.12 	 73829.64664364001 
9.14 	 72036.61110671383 
9.16 	 70411.84901457695 
9.18 	 68844.182809058 
9.2 	 67439.18821764394 
9.22 	 66102.83657042081 
9.24 	 64916.85006073822 
9.26 	 63803.41556069766 
9.28 	 62824.27311660924 
9.3 	 61915.42964554303 
9.32 	 61121.70665235783 
9.34 	 60389.961148160524 
9.36 	 59750.997980879525 
9.38 	 59159.66444273704 
9.4 	 58636.12715497934 
9.42 	 58140.97590622204 
9.44 	 57687.86623828582 
9.46 	 57241.7240152188 
9.48 	 56814.259845209875 
9.5 	 56374.08777389537 
9.52 	 55935.1658364908 
9.54 	 55469.59436126545 
9.56 	 54996.42195964178 
9.58 	 54491.08860957556 
9.6 	 53978.52625992055 
9.62 	 53437.123223980896 
9.64 	 52896.37602657088 
9.66 	 52336.956076042305 
9.68 	 51790.23136489139 
9.7 	 51238.609674099855 
9.72 	 50712.630141635804 
9.74 	 50196.811691557 
9.76 	 49719.59373454327 
9.78 	 49269.78732155677 
9.8 	 48874.54379397432 
9.82 	 48531.29037882381 
9.84 	 48267.8877835489 
9.86 	 48096.04835690118 
9.88 	 48044.9781022696 
9.9 	 48145.74431989822 
9.92 	 48424.90033264177 
9.94 	 48935.088375244355 
9.96 	 49689.23117230017 
9.98 	 50759.68832200122 
10.0 	 52127.93100088274 
10.02 	 53880.86601823365 
10.04 	 55947.29515993641 
10.06 	 58422.79624412065 
10.08 	 61165.602087593295 
10.1 	 64276.41779702159 
10.12 	 67537.14960764228 
10.14 	 71053.90601207469 
10.16 	 74546.53968509307 
10.18 	 78129.34981581244 
10.2 	 81496.43190166104 
10.22 	 84772.06954116825 
10.24 	 87674.68850178992 
10.26 	 90335.83537282489 
10.28 	 92544.53533482116 
10.3 	 94430.96452110291 
10.32 	 95878.5342068856 
10.34 	 97003.05869675695 
10.36 	 97775.47908391882 
10.38 	 98283.97169789358 
10.4 	 98557.50091956546 
10.42 	 98648.17465658487 
10.44 	 98609.0760256707 
10.46 	 98456.28351972585 
10.48 	 98244.42592696664 
10.5 	 97961.75862980731 
10.52 	 97657.56584400078 
10.54 	 97304.4495443343 
10.56 	 96949.11299097042 
10.58 	 96559.2998379635 
10.6 	 96182.56015718773 
10.62 	 95787.84265197844 
10.64 	 95422.40342326165 
10.66 	 95057.53287030218 
10.68 	 94734.98486066623 
10.7 	 94426.62957756482 
10.72 	 94163.44221948853 
10.74 	 93915.6681002626 
10.76 	 93702.06382997082 
10.78 	 93490.15441115513 
10.8 	 93290.31449161521 
10.82 	 93067.76503694527 
10.84 	 92832.34376084695 
10.86 	 92548.74685940743 
10.88 	 92235.29962761533 
10.9 	 91859.23795677163 
10.92 	 91454.41342672231 
10.94 	 90994.9072842009 
10.96 	 90532.2772422818 
10.98 	 90052.40866930169 
11.0 	 89619.69659153062 
11.02 	 89236.00393615177 
11.04 	 88965.89040803949 
11.06 	 88828.8480526831 
11.08 	 88870.72280211866 
11.1 	 89126.75718598434 
11.12 	 89603.17761738173 
11.14 	 90345.82830610013 
11.16 	 91304.33216602134 
11.18 	 92527.8871466946 
11.2 	 93902.92032819893 
11.22 	 95474.01343309002 
11.24 	 97073.91713447316 
11.26 	 98735.17391530906 
11.28 	 100265.52998096723 
11.3 	 101679.95041521406 
11.32 	 102806.26694180901 
11.34 	 103639.74332025096 
11.36 	 104078.66070825997 
11.38 	 104100.96822896636 
11.4 	 103712.86726457899 
11.42 	 102881.13582022188 
11.44 	 101726.84091217049 
11.46 	 100212.1065043457 
11.48 	 98542.92454986954 
11.5 	 96679.51725274236 
11.52 	 94856.97739587259 
11.54 	 93031.6136422628 
11.56 	 91409.33007086124 
11.58 	 89939.55728670477 
11.6 	 88760.54810159706 
11.62 	 87816.28577715464 
11.64 	 87168.20432499623 
11.66 	 86762.57324989873 
11.68 	 86598.969229444 
11.7 	 86636.96466216001 
11.72 	 86840.12522706046 
11.74 	 87190.4462415256 
11.76 	 87639.03905457437 
11.78 	 88193.88534539711 
11.8 	 88806.93922406365 
11.82 	 89509.69658849406 
11.84 	 90256.57147933399 
11.86 	 91096.11645276606 
11.88 	 91978.85401200569 
11.9 	 92962.9013179656 
11.92 	 93986.64057414829 
11.94 	 95111.6974693222 
11.96 	 96259.72525159216 
11.98 	 97492.43484166874 
12.0 	 98716.67221024279 
12.02 	 99992.99177294162 
12.04 	 101221.00208550772 
12.06 	 102459.03974958441 
12.08 	 103608.90028182513 
12.1 	 104723.22186657661 
12.12 	 105713.296127746 
12.14 	 106618.75187925184 
12.16 	 107364.77943175676 
12.18 	 107968.21863274073 
12.2 	 108373.15903314247 
12.22 	 108565.42279737823 
12.24 	 108518.40919498277 
12.26 	 108184.69459051068 
12.28 	 107583.55396119849 
12.3 	 106640.06920069321 
12.32 	 105435.71578377255 
12.34 	 103879.87391568614 
12.36 	 102121.54867190355 
12.38 	 100067.43926531156 
12.4 	 97920.67805104976 
12.42 	 95594.72720964893 
12.44 	 93316.26993126694 
12.46 	 91009.4629563305 
12.48 	 88887.39335660217 
12.5 	 86884.99746839999 
12.52 	 85170.97847173022 
12.54 	 83690.60524806076 
12.56 	 82551.59819125522 
12.58 	 81710.8506404886 
12.6 	 81213.01529987405 
12.62 	 81029.90580337687 
12.64 	 81151.25348330596 
12.66 	 81568.35875498633 
12.68 	 82229.55378101146 
12.7 	 83150.91659711767 
12.72 	 84254.45149245686 
12.74 	 85586.6425004772 
12.76 	 87056.09686157311 
12.78 	 88744.59516301095 
12.8 	 90553.64706676456 
12.82 	 92602.46132599498 
12.84 	 94781.0296312393 
12.86 	 97243.54927747043 
12.88 	 99852.83499670886 
12.9 	 102791.26208155463 
12.92 	 105873.13469717691 
12.94 	 109300.59915597974 
12.96 	 112823.08335052979 
12.98 	 116656.05906982414 
13.0 	 120483.53908093435 
13.02 	 124531.3801525131 
13.04 	 128438.59735863536 
13.06 	 132440.54407429282 
13.08 	 136168.67430950393 
13.1 	 139866.58162129697 
13.12 	 143200.8532724943 
13.14 	 146421.47278909656 
13.16 	 149263.54700806263 
13.18 	 151984.32841535914 
13.2 	 154399.93074441986 
13.22 	 156783.72220336882 
13.24 	 159018.84188174992 
13.26 	 161415.29181494887 
13.28 	 163882.04781001204 
13.3 	 166797.01740927776 
13.32 	 170027.34208725198 
13.34 	 174054.47827443914 
13.36 	 178610.7893255067 
13.38 	 184311.4377251082 
13.4 	 190642.51354034487 
13.42 	 198366.96917984937 
13.44 	 206616.94165996558 
13.46 	 216288.91285478915 
13.48 	 226103.9296670238 
13.5 	 237029.49547242335 
13.52 	 247437.05491171838 
13.54 	 258225.00910467262 
13.56 	 267660.30466671987 
13.58 	 276333.6180749992 
13.6 	 282851.5072027739 
13.62 	 287187.9161607332 
13.64 	 288848.8823300753 
13.66 	 286924.56111855875 
13.68 	 282302.01539006806 
13.7 	 273137.90647714597 
13.72 	 261857.39270182265 
13.74 	 245976.43706501878 
13.76 	 229117.23292826847 
13.78 	 208705.2511427161 
13.8 	 188760.40472381664 
13.82 	 167109.34032559826 
13.84 	 147240.53051607028 
13.86 	 127547.49650919721 
13.88 	 110401.45022873807 
13.9 	 94658.30122060303 
13.92 	 81552.96026991088 
13.94 	 70248.9586340176 
13.96 	 61190.3498468562 
13.98 	 53753.3859406956 
14.0 	 47976.6451536479 
14.02 	 43405.70581551492 
14.04 	 39935.73472549468 
14.06 	 37255.47894930385 
14.08 	 35247.36852297788 
14.1 	 33715.51733203583 
14.12 	 32574.86662672625 
14.14 	 31713.433758043768 
14.16 	 31081.901163209004 
14.18 	 30622.36935565771 
14.2 	 30309.82218987409 
14.22 	 30117.095580056255 
14.24 	 30030.980297370366 
14.26 	 30039.746347515204 
14.28 	 30133.3866013912 
14.3 	 30307.239035679522 
14.32 	 30550.174474134037 
14.34 	 30860.797312774754 
14.36 	 31225.297362791207 
14.38 	 31643.806601516622 
14.4 	 32099.242152726183 
14.42 	 32591.749210315655 
14.44 	 33100.338411935336 
14.46 	 33623.238917683775 
14.48 	 34135.17890092573 
14.5 	 34630.74362603877 
14.52 	 35081.565030194346 
14.54 	 35478.3101479141 
14.56 	 35793.44883229564 
14.58 	 36015.72589762594 
14.6 	 36124.87572782918 
14.62 	 36111.49256460774 
14.64 	 35969.26272162764 
14.66 	 35694.34149831576 
14.68 	 35298.01364383008 
14.7 	 34783.44587677583 
14.72 	 34177.74990052617 
14.74 	 33489.15386310291 
14.76 	 32753.68219522576 
14.78 	 31980.083777501328 
14.8 	 31204.23740094621 
14.82 	 30430.650686344503 
14.84 	 29687.81563875007 
14.86 	 28973.471608225587 
14.88 	 28305.916154901857 
14.9 	 27676.865764438047 
14.92 	 27096.06638722021 
14.94 	 26552.33755372004 
14.96 	 26050.79112256731 
14.98 	 25580.722176625677 
15.0 	 25145.940149473332 
15.02 	 24737.776705431395 
15.04 	 24359.577935813886 
15.06 	 24003.67209993991 
15.08 	 23671.33476683578 
15.1 	 23353.222428955938 
15.12 	 23046.40244490544 
15.14 	 22737.79143295299 
15.16 	 22420.15615720382 
15.18 	 22077.3290785666 
15.2 	 21701.196801606147 
15.22 	 21276.439133848042 
15.24 	 20800.133110706436 
15.26 	 20263.452545871758 
15.28 	 19674.504934747143 
15.3 	 19035.56675237496 
15.32 	 18368.3457273671 
15.34 	 17687.71989256035 
15.36 	 17027.274147680342 
15.38 	 16413.002712216392 
15.4 	 15886.138293323318 
15.42 	 15481.596590435069 
15.44 	 15244.719730063665 
15.46 	 15219.116938132773 
15.48 	 15453.26610231408 
15.5 	 16002.02994132458 
15.52 	 16916.985534880172 
15.54 	 18267.56496449822 
15.56 	 20104.14537525187 
15.58 	 22511.26632036143 
15.6 	 25523.153685887708 
15.62 	 29235.38065588316 
15.64 	 33636.8090428226 
15.66 	 38828.03585331152 
15.68 	 44712.099439997764 
15.7 	 51393.38051927041 
15.72 	 58648.684469442975 
15.74 	 66595.64505699128 
15.76 	 74861.82260731597 
15.78 	 83597.3536068952 
15.8 	 92291.70597814098 
15.82 	 101146.82567379913 
15.84 	 109566.3094479659 
15.86 	 117809.78153888539 
15.88 	 125278.1896759359 
15.9 	 132272.5891492813 
15.92 	 138279.72499498408 
15.94 	 143605.36474166435 
15.96 	 147886.1475889342 
15.98 	 151386.2334377187 
16.0 	 153914.9133358639 
16.02 	 155653.38746236247 
16.04 	 156569.57763352117 
16.06 	 156737.83376296647 
16.08 	 156254.03134004364 
16.1 	 155085.6728953434 
16.12 	 153428.72456590625 
16.14 	 151166.15183092555 
16.16 	 148574.71034196232 
16.18 	 145488.43418348793 
16.2 	 142246.00636319956 
16.22 	 138668.5890431585 
16.24 	 135127.3193467685 
16.26 	 131455.93999713418 
16.28 	 128015.70902362549 
16.3 	 124663.46580435871 
16.32 	 121704.9863902196 
16.34 	 119019.28603523616 
16.36 	 116822.32057607418 
16.38 	 115010.4834051834 
16.4 	 113696.63227488563 
16.42 	 112791.91479239866 
16.44 	 112314.56113397804 
16.46 	 112191.69499351428 
16.48 	 112371.14559051923 
16.5 	 112799.46230266026 
16.52 	 113385.99778809947 
16.54 	 114100.07324364525 
16.56 	 114844.60022812951 
16.58 	 115613.33981156952 
16.6 	 116328.16959471593 
16.62 	 117006.54307236789 
16.64 	 117602.71204284896 
16.66 	 118154.5999137398 
16.68 	 118647.96698342111 
16.7 	 119136.34977354872 
16.72 	 119624.18470602167 
16.74 	 120175.96971205488 
16.76 	 120796.10667396974 
16.78 	 121557.72625041501 
16.8 	 122447.30878808889 
16.82 	 123547.66062654056 
16.84 	 124814.25600095792 
16.86 	 126343.024554558 
16.88 	 128050.29791291378 
16.9 	 130048.32706746134 
16.92 	 132209.14975029152 
16.94 	 134661.50631344697 
16.96 	 137230.11582636778 
16.98 	 140056.36285157537 
17.0 	 142919.39900756662 
17.02 	 145967.3319213356 
17.04 	 148945.86441832723 
17.06 	 152006.13491887547 
17.08 	 154887.03436056786 
17.1 	 157745.62061437283 
17.12 	 160351.41117163835 
17.14 	 162878.02100631254 
17.16 	 165158.48937749024 
17.18 	 167396.93122861243 
17.2 	 169495.63430482557 
17.22 	 171697.2177649983 
17.24 	 173935.58294154008 
17.26 	 176485.56657003087 
17.28 	 179237.67245417216 
17.3 	 182478.4688513816 
17.32 	 185975.3223812459 
17.34 	 190001.65955209848 
17.36 	 194162.30862716844 
17.38 	 198699.03858528254 
17.4 	 203087.29979103545 
17.42 	 207526.7706204185 
17.44 	 211468.71029073765 
17.46 	 215061.72845042238 
17.48 	 217873.5509257372 
17.5 	 219988.8962136663 
17.52 	 221210.93318295348 
17.54 	 221546.2229359098 
17.56 	 221081.2283361724 
17.58 	 219735.73747744746 
17.6 	 217841.21416388662 
17.62 	 215233.19790027666 
17.64 	 212390.1746925422 
17.66 	 209078.55320227664 
17.68 	 205814.9593669608 
17.7 	 202322.50574429953 
17.72 	 199076.4433867489 
17.74 	 195788.28250851904 
17.76 	 192854.6289045405 
17.78 	 190005.62825772868 
17.8 	 187553.01264124917 
17.82 	 185267.02313423794 
17.84 	 183380.22843617212 
17.86 	 181711.49502576242 
17.88 	 180419.04637984448 
17.9 	 179366.55897891222 
17.92 	 178640.2245797316 
17.94 	 178136.930983665 
17.96 	 177877.07036895043 
17.98 	 177777.57224495575 
18.0 	 177810.60353628805 
18.02 	 177903.526267646 
18.04 	 178010.87717438812 
18.06 	 178066.4131644256 
18.08 	 178043.3622945264 
18.1 	 177881.69185344354 
18.12 	 177601.4069959809 
18.14 	 177147.96784994757 
18.16 	 176594.95168288294 
18.18 	 175887.58936077755 
18.2 	 175135.4524759604 
18.22 	 174271.48785458397 
18.24 	 173410.40735310587 
18.26 	 172458.08582995838 
18.28 	 171510.44399487463 
18.3 	 170435.63839988766 
18.32 	 169310.9831164241 
18.34 	 167966.2796997412 
18.36 	 166487.641968566 
18.38 	 164677.26198696592 
18.4 	 162670.97268445452 
18.42 	 160261.85392440052 
18.44 	 157666.3920045813 
18.46 	 154687.72113980085 
18.48 	 151623.24193835445 
18.5 	 148297.6855371272 
18.52 	 145052.59200009174 
18.54 	 141731.91930707515 
18.56 	 138659.8193438437 
18.58 	 135682.83149515896 
18.6 	 133047.0180444459 
18.62 	 130577.80004926067 
18.64 	 128410.30785016078 
18.66 	 126329.64263570105 
18.68 	 124371.81270809629 
18.7 	 122276.6341686651 
18.72 	 120037.15283844645 
18.74 	 117360.96059870395 
18.76 	 114279.90828956998 
18.78 	 110497.97860707206 
18.8 	 106160.44222157919 
18.82 	 101003.99157979472 
18.84 	 95319.9795950681 
18.86 	 88909.10027762166 
18.88 	 82180.65093386508 
18.9 	 75011.42648749542 
18.92 	 67850.74152181348 
18.94 	 60637.634595368414 
18.96 	 53770.97012580612 
18.98 	 47220.27545354322 
19.0 	 41271.721550939816 
19.02 	 35894.48277385031 
19.04 	 31247.89478705878 
19.06 	 27286.89176010144 
19.08 	 24070.642769766913 
19.1 	 21546.318579835588 
19.12 	 19718.22536112063 
19.14 	 18544.53311889847 
19.16 	 18017.053736041795 
19.18 	 18124.096179754815 
19.2 	 18870.839160374286 
19.22 	 20286.230446431942 
19.24 	 22392.23422137647 
19.26 	 25257.066322769606 
19.28 	 28899.416973341475 
19.3 	 33416.235501254494 
19.32 	 38781.96928547557 
19.34 	 45109.94477356275 
19.36 	 52275.65616308926 
19.38 	 60403.5496001232 
19.4 	 69215.40529341188 
19.42 	 78853.94249961856 
19.44 	 88852.71870408727 
19.46 	 99388.79862989526 
19.48 	 109815.50589885014 
19.5 	 120356.21526858064 
19.52 	 130248.64892611747 
19.54 	 139754.29746140202 
19.56 	 148111.44914887683 
19.58 	 155583.05892478445 
19.6 	 161547.4003016241 
19.62 	 166210.71401703148 
19.64 	 169211.9689561074 
19.66 	 170641.50742366887 
19.68 	 170464.87544955828 
19.7 	 168620.66434858233 
19.72 	 165398.39642207636 
19.74 	 160588.71246466975 
19.76 	 154744.67964396343 
19.78 	 147552.62391471447 
19.8 	 139733.78686629658 
19.82 	 130936.49744292749 
19.84 	 121941.8926217791 
19.86 	 112422.14826615913 
19.88 	 103114.77910812471 
19.9 	 93750.19003114289 
19.92 	 84939.98499145149 
19.94 	 76473.78765841063 
19.96 	 68790.87550444092 
19.98 	 61720.133653193865 
20.0 	 55523.84413233201 
20.02 	 50048.57228399789 
20.04 	 45408.9937803638 
20.06 	 41458.706859699756 
20.08 	 38211.10266228671 
20.1 	 35528.035351344915 
20.12 	 33367.757079464965 
20.14 	 31607.355965205188 
20.16 	 30185.740196193157 
20.18 	 29001.80858087809 
20.2 	 27998.25072121592 
20.22 	 27099.27331365247 
20.24 	 26264.07390599435 
20.26 	 25442.647700490823 
20.28 	 24615.97791270411 
20.3 	 23757.844785058995 
20.32 	 22870.49491131215 
20.34 	 21946.929859780605 
20.36 	 21005.187992347575 
20.38 	 20050.421056382133 
20.4 	 19107.69918092783 
20.42 	 18186.11604138911 
20.44 	 17308.85807315143 
20.46 	 16482.248799141114 
20.48 	 15721.913883271136 
20.5 	 15028.488460890632 
20.52 	 14409.18608056576 
20.54 	 13860.047935608245 
20.56 	 13382.641062840832 
20.58 	 12971.46251595136 
20.6 	 12625.873309434368 
20.62 	 12341.115940792168 
20.64 	 12116.031152425785 
20.66 	 11946.777874717023 
20.68 	 11831.252986591759 
20.7 	 11765.271090551918 
20.72 	 11744.676427443517 
20.74 	 11763.907729340302 
20.76 	 11816.51866118088 
20.78 	 11895.743707843954 
20.8 	 11993.790160392198 
20.82 	 12103.660571569046 
20.84 	 12217.46678115549 
20.86 	 12328.714481748857 
20.88 	 12430.086778067296 
20.9 	 12515.63110011129 
20.92 	 12578.730482510353 
20.94 	 12613.838975772249 
20.96 	 12615.40770685051 
20.98 	 12578.772193876517 
21.0 	 12500.544824296114 
21.02 	 12378.093506032752 
21.04 	 12211.52286934258 
21.06 	 12001.23398198205 
21.08 	 11751.325242628045 
21.1 	 11465.152911073947 
21.12 	 11149.875983110971 
21.14 	 10810.534732924465 
21.16 	 10455.44933404519 
21.18 	 10089.695777235418 
21.2 	 9721.012824566651 
21.22 	 9353.470458440768 
21.24 	 8993.428113019778 
21.26 	 8643.817253475076 
21.28 	 8309.64369091866 
21.3 	 7992.979656389952 
21.32 	 7697.628372445899 
21.34 	 7424.833726114575 
21.36 	 7176.994440783197 
21.38 	 6954.168041099015 
21.4 	 6756.969387913035 
21.42 	 6583.963460035888 
21.44 	 6433.9639266673385 
21.46 	 6304.279909098311 
21.48 	 6192.551594582672 
21.5 	 6095.630382524916 
21.52 	 6010.9819420295435 
21.54 	 5935.893867599308 
21.56 	 5868.45690666306 
21.58 	 5806.869489288967 
21.6 	 5750.073998826745 
21.62 	 5697.084604270057 
21.64 	 5647.421440339652 
21.66 	 5600.501973158975 
21.68 	 5556.012683956887 
21.7 	 5513.415717769429 
21.72 	 5472.332008506776 
21.74 	 5432.159450130243 
21.76 	 5392.47106909246 
21.78 	 5352.691209170646 
21.8 	 5312.484367601741 
21.82 	 5271.4340221373095 
21.84 	 5229.414211931337 
21.86 	 5186.251468613714 
21.88 	 5142.099904381612 
21.9 	 5097.102210818992 
21.92 	 5051.79460454779 
21.94 	 5006.789061179739 
21.96 	 4963.202890948283 
21.98 	 4922.362560925955 
22.0 	 4886.197469971041 
22.02 	 4856.943991088311 
22.04 	 4837.3953675139455 
22.06 	 4830.596141143227 
22.08 	 4839.829509138171 
22.1 	 4868.350542546344 
22.12 	 4919.028735577696 
22.14 	 4994.255315608212 
22.16 	 5095.226650834271 
22.18 	 5222.233151239827 
22.2 	 5373.637908243038 
22.22 	 5546.759915696784 
22.24 	 5736.644779964883 
22.26 	 5937.652160160796 
22.28 	 6142.124367665932 
22.3 	 6342.57393210806 
22.32 	 6530.346753263652 
22.34 	 6698.04384162581 
22.36 	 6838.273513775885 
22.38 	 6945.759072133145 
22.4 	 7016.2938504503445 
22.42 	 7048.010139359728 
22.44 	 7040.681794684978 
22.46 	 6995.882912482534 
22.48 	 6916.793574191294 
22.5 	 6807.335706529523 
22.52 	 6672.593882985877 
22.54 	 6517.284351186127 
22.56 	 6346.794176778251 
22.58 	 6165.393545534837 
22.6 	 5977.755043651901 
22.62 	 5787.190141972844 
22.64 	 5597.401087783099 
22.66 	 5410.847570501206 
22.68 	 5230.463614443574 
22.7 	 5058.1618467200105 
22.72 	 4896.323192183684 
22.74 	 4746.448430769193 
22.76 	 4610.348873355063 
22.78 	 4488.998556021097 
22.8 	 4383.450293700284 
22.82 	 4293.956580975493 
22.84 	 4220.669038684442 
22.86 	 4163.059729660662 
22.88 	 4120.444600623801 
22.9 	 4091.678280495904 
22.92 	 4075.51325873726 
22.94 	 4070.5009233887877 
22.96 	 4075.187647488029 
22.98 	 4088.1490849121615 
23.0 	 4108.033443950413 
23.02 	 4133.673393957531 
23.04 	 4164.000312143755 
23.06 	 4198.200498123262 
23.08 	 4235.5315319346755 
23.1 	 4275.508710319298 
23.12 	 4317.656195292865 
23.14 	 4361.724466166066 
23.16 	 4407.406332528522 
23.18 	 4454.592934189857 
23.2 	 4503.074953333618 
23.22 	 4552.839039549925 
23.24 	 4603.757379242812 
23.26 	 4655.914087287156 
23.28 	 4709.271527060312 
23.3 	 4764.012438025107 
23.32 	 4820.171427454284 
23.34 	 4877.991826671878 
23.36 	 4937.524536467556 
23.38 	 4999.017608635661 
23.4 	 5062.494870009852 
23.42 	 5128.2000240082025 
23.44 	 5196.158444914873 
23.46 	 5266.679980072707 
23.48 	 5339.88386162828 
23.5 	 5416.244499952642 
23.52 	 5496.043919465737 
23.54 	 5579.948131200439 
23.56 	 5668.358757119254 
23.58 	 5762.035834225383 
23.6 	 5861.338763511926 
23.62 	 5966.936784806937 
23.64 	 6078.93289618269 
23.66 	 6197.698107195131 
23.68 	 6322.854196063084 
23.7 	 6454.239462824136 
23.72 	 6590.718603535224 
23.74 	 6731.273348570687 
23.76 	 6873.652514855213 
23.78 	 7015.598918620566 
23.8 	 7153.451265992176 
23.82 	 7283.528152767868 
23.84 	 7400.887625913045 
23.86 	 7500.818064990838 
23.88 	 7577.977355559134 
23.9 	 7627.773579409736 
23.92 	 7646.023838556192 
23.94 	 7629.842912014292 
23.96 	 7577.8371110733515 
23.98 	 7490.111293414575 
24.0 	 7368.9249122176 
24.02 	 7217.647943157983 
24.04 	 7041.785978246815 
24.06 	 6847.061596182882 
24.08 	 6640.727497323944 
24.1 	 6429.215032818978 
24.12 	 6219.646169013063 
24.14 	 6017.535004303593 
24.16 	 5828.372562998631 
24.18 	 5655.719037871526 
24.2 	 5502.71166295215 
24.22 	 5370.683313508159 
24.24 	 5260.469052678143 
24.26 	 5171.539623800681 
24.28 	 5103.040210870275 
24.3 	 5053.348861107781 
24.32 	 5020.822648825573 
24.34 	 5003.647943041224 
24.36 	 5000.2736927925935 
24.38 	 5009.406291916797 
24.4 	 5030.107818726257 
24.42 	 5061.828258256343 
24.44 	 5104.17890212236 
24.46 	 5156.9909203925545 
24.48 	 5219.838058868353 
24.5 	 5292.209090509666 
24.52 	 5372.902433586605 
24.54 	 5460.426774849826 
24.56 	 5552.3829482282545 
24.58 	 5646.1344651953195 
24.6 	 5738.239915885588 
24.62 	 5825.309517129276 
24.64 	 5903.507014357251 
24.66 	 5969.411552565992 
24.68 	 6019.612792260413 
24.7 	 6051.381219175192 
24.72 	 6062.421910921319 
24.74 	 6051.208892053232 
24.76 	 6016.987668844191 
24.78 	 5959.700056587483 
24.8 	 5880.291019518339 
24.82 	 5780.205592894453 
24.84 	 5661.974825530482 
24.86 	 5528.314696692092 
24.88 	 5382.8968602806235 
24.9 	 5229.144009885601 
24.92 	 5071.08154999544 
24.94 	 4911.996771883123 
24.96 	 4755.312206908429 
24.98 	 4603.312593538109 
25.0 	 4458.031334881474 
25.02 	 4320.2109355637795 
25.04 	 4190.208454263158 
25.06 	 4067.2511787126937 
25.08 	 3950.34383332526 
25.1 	 3837.7652280004104 
25.12 	 3727.929917200644 
25.14 	 3619.000430870479 
25.16 	 3509.6484268768886 
25.18 	 3398.6556391212466 
25.2 	 3285.540592150734 
25.22 	 3170.075751077124 
25.24 	 3052.7814929357482 
25.26 	 2934.3608420677024 
25.28 	 2816.0927477243017 
25.3 	 2699.2420925612323 
25.32 	 2585.3957562764444 
25.34 	 2475.923124456649 
25.36 	 2372.2887950591944 
25.38 	 2275.619316279261 
25.4 	 2187.0040961709374 
25.42 	 2107.1863052212116 
25.44 	 2036.8410129208744 
25.46 	 1976.3734983916224 
25.48 	 1926.149717299734 
25.5 	 1886.3662673588228 
25.52 	 1857.205794709667 
25.54 	 1838.742443919993 
25.56 	 1831.0038949890732 
25.58 	 1833.8926217359658 
25.6 	 1847.1567453734783 
25.62 	 1870.3358537071967 
25.64 	 1902.670321347189 
25.66 	 1943.108163177779 
25.68 	 1990.2034174455575 
25.7 	 2042.2271791978128 
25.72 	 2097.1027227836366 
25.74 	 2152.6343937047673 
25.76 	 2206.4949361776967 
25.78 	 2256.5287457899253 
25.8 	 2300.76317698469 
25.82 	 2337.692974479376 
25.84 	 2366.2641249598805 
25.86 	 2386.0432265217364 
25.88 	 2397.139913002683 
25.9 	 2400.218138714068 
25.92 	 2396.3700902704627 
25.94 	 2387.0033394454513 
25.96 	 2373.7193065323477 
25.98 	 2358.159763710053 
26.0 	 2341.9441697235666 
26.02 	 2326.5519263385922 
26.04 	 2313.3335861378387 
26.06 	 2303.4562361120775 
26.08 	 2297.953538741954 
26.1 	 2297.713707579715 
26.12 	 2303.508898452818 
26.14 	 2315.9929880545665 
26.16 	 2335.6655587964547 
26.18 	 2362.870471545662 
26.2 	 2397.686374238472 
26.22 	 2439.949054826001 
26.24 	 2489.0902256569793 
26.26 	 2544.2194263817223 
26.28 	 2603.9424159337973 
26.3 	 2666.527334282717 
26.32 	 2729.733225025886 
26.34 	 2791.063896372115 
26.36 	 2847.6406131872636 
26.38 	 2896.525195751964 
26.4 	 2934.6760069426396 
26.42 	 2959.294145472993 
26.44 	 2967.889625184123 
26.46 	 2958.566883425767 
26.48 	 2930.188684850923 
26.5 	 2882.4880561955015 
26.52 	 2816.270196307509 
26.54 	 2733.2535693298346 
26.56 	 2636.2327956005574 
26.58 	 2528.6310952641356 
26.6 	 2414.582445527455 
26.62 	 2298.292940155904 
26.64 	 2184.070605708288 
26.66 	 2075.679398595609 
26.68 	 1976.3994959575548 
26.7 	 1888.5577318628764 
26.72 	 1813.6943295962376 
26.74 	 1752.362067076877 
26.76 	 1704.4053234639068 
26.78 	 1668.9898098642625 
26.8 	 1644.9153152361152 
26.82 	 1630.7460597601191 
26.84 	 1625.044309909018 
26.86 	 1626.4698708897163 
26.88 	 1633.8658883187584 
26.9 	 1646.2743374069653 
26.92 	 1662.8938408106858 
26.94 	 1683.0507871310133 
26.96 	 1706.1124430928487 
26.98 	 1731.4900861814908 
27.0 	 1758.5826200641475 
27.02 	 1786.8493696552082 
27.04 	 1815.7952673894042 
27.06 	 1845.0817437218386 
27.08 	 1874.5057686751177 
27.1 	 1904.0847984607049 
27.12 	 1933.980006231909 
27.14 	 1964.524472152482 
27.16 	 1996.0921333138701 
27.18 	 2029.103342457134 
27.2 	 2063.8918464648996 
27.22 	 2100.7543930794855 
27.24 	 2139.865576544394 
27.26 	 2181.4051356846694 
27.28 	 2225.5133790945147 
27.3 	 2272.462290002083 
27.32 	 2322.5858385108236 
27.34 	 2376.4268378331603 
27.36 	 2434.5747266018457 
27.38 	 2497.757998315877 
27.4 	 2566.5816449529875 
27.42 	 2641.6135138601207 
27.44 	 2723.0785771139545 
27.46 	 2811.032888098328 
27.48 	 2905.079690457777 
27.5 	 3004.6922836106764 
27.52 	 3108.961289326908 
27.54 	 3217.0468241551835 
27.56 	 3327.9030183426958 
27.58 	 3440.784122781002 
27.6 	 3554.882810366443 
27.62 	 3669.8295685854146 
27.64 	 3785.229899959123 
27.66 	 3901.1561029942586 
27.68 	 4017.6203454497504 
27.7 	 4135.097015680843 
27.72 	 4253.968080917162 
27.74 	 4375.097887492903 
27.76 	 4499.236064392185 
27.78 	 4627.627734937286 
27.8 	 4761.313825793172 
27.82 	 4901.760221474669 
27.84 	 5050.005235579782 
27.86 	 5207.350532900067 
27.88 	 5374.359657978323 
27.9 	 5551.721157687757 
27.92 	 5739.141229276764 
27.94 	 5936.495211605534 
27.96 	 6142.638494843251 
27.98 	 6356.889181286737 
28.0 	 6577.720887251893 
28.02 	 6804.5195620290615 
28.04 	 7036.071476283813 
28.06 	 7272.480925016418 
28.08 	 7513.356110153259 
28.1 	 7759.790600395154 
28.12 	 8012.168042999605 
28.14 	 8272.182867598896 
28.16 	 8540.218408564357 
28.18 	 8817.485488392162 
28.2 	 9102.995897019822 
28.22 	 9396.003627559225 
28.24 	 9692.720608741607 
28.26 	 9989.291722812128 
28.28 	 10278.55370313719 
28.3 	 10553.658678416543 
28.32 	 10805.270359218932 
28.34 	 11025.61722026986 
28.36 	 11206.465060839324 
28.38 	 11342.94841546635 
28.4 	 11432.438922678853 
28.42 	 11477.266003035262 
28.44 	 11484.277272608964 
28.46 	 11465.790795759032 
28.48 	 11439.313479815215 
28.5 	 11426.775670885032 
28.52 	 11453.625575555567 
28.54 	 11547.29328208987 
28.56 	 11734.760146157794 
28.58 	 12041.94537949508 
28.6 	 12488.826286500314 
28.62 	 13091.907325050743 
28.64 	 13855.942181417036 
28.66 	 14781.852972971528 
28.68 	 15854.039660047443 
28.7 	 17055.917286248467 
28.72 	 18351.877867916814 
28.74 	 19711.574521764105 
28.76 	 21086.210089447628 
28.78 	 22440.528475055286 
28.8 	 23724.460446850146 
28.82 	 24908.992632909998 
28.84 	 25955.915640051742 
28.86 	 26851.738632703247 
28.88 	 27579.40732545304 
28.9 	 28144.65271127895 
28.92 	 28553.257471507226 
28.94 	 28826.901014409566 
28.96 	 28987.88847763156 
28.98 	 29065.316871758725 
29.0 	 29087.017264796646 
29.02 	 29079.70905001774 
29.04 	 29066.243982300628 
29.06 	 29064.113941408203 
29.08 	 29085.40621607326 
29.1 	 29136.795472963535 
29.12 	 29219.827441788264 
29.14 	 29333.522301898163 
29.16 	 29473.338938645506 
29.18 	 29635.934220804887 
29.2 	 29816.041944325087 
29.22 	 30012.367160621227 
29.24 	 30222.32000032491 
29.26 	 30448.382147127864 
29.28 	 30690.960433473214 
29.3 	 30955.32114735541 
29.32 	 31242.76867545444 
29.34 	 31558.844249649595 
29.36 	 31902.798961717956 
29.38 	 32277.89494121824 
29.4 	 32679.02099718599 
29.42 	 33105.61232267789 
29.44 	 33547.44046054219 
29.46 	 34000.02992580876 
29.48 	 34449.122039151465 
29.5 	 34887.68356226769 
29.52 	 35300.097689632654 
29.54 	 35679.125456803995 
29.56 	 36011.26518189939 
29.58 	 36291.60176381766 
29.6 	 36511.8220771894 
29.62 	 36671.025308448305 
29.64 	 36767.556856048635 
29.66 	 36804.61731193125 
29.68 	 36786.49510314143 
29.7 	 36718.93948536068 
29.72 	 36609.7243496157 
29.74 	 36464.75044123524 
29.76 	 36292.34291303167 
29.78 	 36096.50407295199 
29.8 	 35884.05102591718 
29.82 	 35656.27885148571 
29.84 	 35418.009623869526 
29.86 	 35168.41853655806 
29.88 	 34911.22781054123 
29.9 	 34644.97265803351 
29.92 	 34373.79173678849 
29.94 	 34097.2020330689 
29.96 	 33821.05537311796 
29.98 	 33546.97771870177 
30.0 	 33283.005532098876 
30.02 	 33033.12841329717 
30.04 	 32806.94874168898 
30.06 	 32610.116062722052 
30.08 	 32452.201054841124 
30.1 	 32339.08344646747 
30.12 	 32278.19489985898 
30.14 	 32273.982839198765 
30.16 	 32329.777311008864 
30.18 	 32447.234636105455 
30.2 	 32624.316140113166 
30.22 	 32859.172157929985 
30.24 	 33144.10238753209 
30.26 	 33473.79277520187 
30.28 	 33835.65374528202 
30.3 	 34221.743258577335 
30.32 	 34616.45020750842 
30.34 	 35010.83734490082 
30.36 	 35389.07423935913 
30.38 	 35743.39152092588 
30.4 	 36060.833315382995 
30.42 	 36336.76786278274 
30.44 	 36563.4139490939 
30.46 	 36740.15667593759 
30.48 	 36864.9819531438 
30.5 	 36940.67563545451 
30.52 	 36969.83671853181 
30.54 	 36957.00214661726 
30.56 	 36907.34463344917 
30.58 	 36825.40502207193 
30.6 	 36717.0291301049 
30.62 	 36585.56673056994 
30.64 	 36436.27580991487 
30.66 	 36270.77796474214 
30.68 	 36093.207689519535 
30.7 	 35903.628352881235 
30.72 	 35705.50859025123 
30.74 	 35498.69068119614 
30.76 	 35287.955675374054 
30.78 	 35075.908618983536 
30.8 	 34872.08704673073 
30.82 	 34685.96057947912 
30.84 	 34535.19510967133 
30.86 	 34439.31298312023 
30.88 	 34424.64553505189 
30.9 	 34520.37953305966 
30.92 	 34756.82224460134 
30.94 	 35167.34199732605 
30.96 	 35776.081618611955 
30.98 	 36610.976744386404 
31.0 	 37677.0316593287 
31.02 	 38986.363710610516 
31.04 	 40513.70423372349 
31.06 	 42248.56117910094 
31.08 	 44131.19550218152 
31.1 	 46128.82959635546 
31.12 	 48153.66564259485 
31.14 	 50159.22414564778 
31.16 	 52047.08806401271 
31.18 	 53771.89133661135 
31.2 	 55248.888562496155 
31.22 	 56449.887770106456 
31.24 	 57326.52189432824 
31.26 	 57878.62477470128 
31.28 	 58105.704455106104 
31.3 	 58035.99918410996 
31.32 	 57711.37772052896 
31.34 	 57177.18992066294 
31.36 	 56497.08891278899 
31.38 	 55714.81981943021 
31.4 	 54889.5597505572 
31.42 	 54045.481531824174 
31.44 	 53217.28637149905 
31.46 	 52400.40913587805 
31.48 	 51599.58962632828 
31.5 	 50784.911901835374 
31.52 	 49940.98018818624 
31.54 	 49026.19332697122 
31.56 	 48023.87838167391 
31.58 	 46897.9079874198 
31.6 	 45648.459879353 
31.62 	 44257.757155538406 
31.64 	 42751.74055471975 
31.66 	 41134.423335758205 
31.68 	 39453.868266886595 
31.7 	 37729.525006843265 
31.72 	 36018.43181599479 
31.74 	 34343.622072590195 
31.76 	 32755.785683087444 
31.78 	 31270.649136639255 
31.8 	 29922.380538974812 
31.82 	 28714.547006246845 
31.84 	 27663.303087973745 
31.86 	 26762.470331898305 
31.88 	 26016.07513720636 
31.9 	 25415.3891631206 
31.92 	 24961.338106240608 
31.94 	 24650.73243056026 
31.96 	 24489.42496221473 
31.98 	 24485.943637231685 
32.0 	 24655.92313023335 
32.02 	 25022.990593370945 
32.04 	 25613.738508457485 
32.06 	 26467.476683258225 
32.08 	 27618.795449628586 
32.1 	 29119.946271921974 
32.12 	 31005.006614035607 
32.14 	 33332.008946329865 
32.16 	 36119.013909748006 
32.18 	 39418.218744816935 
32.2 	 43210.08175228615 
32.22 	 47527.64189621063 
32.24 	 52291.25967120516 
32.26 	 57505.087741008065 
32.28 	 63015.026322221725 
32.3 	 68795.41747570333 
32.32 	 74621.26139603439 
32.34 	 80446.82514248925 
32.36 	 86003.41581432598 
32.38 	 91242.72919117588 
32.4 	 95900.43908063899 
32.42 	 99944.66989338922 
32.44 	 103171.57289789652 
32.46 	 105579.433462123 
32.48 	 107069.87695197502 
32.5 	 107675.1311084615 
32.52 	 107419.14878337755 
32.54 	 106360.80896636941 
32.56 	 104629.35283243841 
32.58 	 102294.87540827323 
32.6 	 99550.00990606524 
32.62 	 96458.67555739563 
32.64 	 93228.63446979325 
32.66 	 89905.17783635411 
32.68 	 86673.94708926995 
32.7 	 83558.36471520737 
32.72 	 80703.88438130388 
32.74 	 78117.91488726466 
32.76 	 75904.85705262171 
32.78 	 74067.45206322521 
32.8 	 72677.55266069558 
32.82 	 71745.01209938632 
32.84 	 71317.86103927084 
32.86 	 71420.05764312607 
32.88 	 72076.76623283472 
32.9 	 73323.82581815204 
32.92 	 75151.96145945639 
32.94 	 77596.10051125375 
32.96 	 80590.28890021075 
32.98 	 84149.87417730941 
33.0 	 88130.39451307789 
33.02 	 92513.66317865397 
33.04 	 97072.78981265648 
33.06 	 101757.56196816347 
33.08 	 106286.84305974041 
33.1 	 110598.33669650652 
33.12 	 114416.34123673236 
33.14 	 117696.81343156482 
33.16 	 120240.96666511589 
33.18 	 122049.30948391714 
33.2 	 123052.88434153944 
33.22 	 123306.87948844871 
33.24 	 122882.78350193979 
33.26 	 121880.98422784805 
33.28 	 120478.67318256447 
33.3 	 118798.06847612963 
33.32 	 117059.5337400099 
33.34 	 115380.02308904589 
33.36 	 113957.8849343527 
33.38 	 112882.69926749039 
33.4 	 112281.571355461 
33.42 	 112203.98814335246 
33.44 	 112679.96513430632 
33.46 	 113716.62575256669 
33.48 	 115244.53283431663 
33.5 	 117236.0156690404 
33.52 	 119540.67608123487 
33.54 	 122111.1081694841 
33.56 	 124750.65050620733 
33.58 	 127409.99613798138 
33.6 	 129889.32520422505 
33.62 	 132152.34060654236 
33.64 	 134037.53852150167 
33.66 	 135530.1946931924 
33.68 	 136538.15998243415 
33.7 	 137071.48957423333 
33.72 	 137123.38633839044 
33.74 	 136730.5066932121 
33.76 	 135971.6811372863 
33.78 	 134913.43031758294 
33.8 	 133705.36073915972 
33.82 	 132447.12604128403 
33.84 	 131329.45029518107 
33.86 	 130483.77991788919 
33.88 	 130099.00680301349 
33.9 	 130329.36768470753 
33.92 	 131310.8772371716 
33.94 	 133206.5356211849 
33.96 	 136049.292908433 
33.98 	 139999.57106151283 
34.0 	 144947.77644210623 
34.02 	 151050.76285630473 
34.04 	 158035.478888197 
34.06 	 166067.08282284206 
34.08 	 174712.0019131125 
34.1 	 184164.7606003848 
34.12 	 193861.13299573935 
34.14 	 204048.29704803048 
34.16 	 214087.09753866034 
34.18 	 224296.02020477306 
34.2 	 234032.5543179728 
34.22 	 243694.81457231732 
34.24 	 252702.45253933367 
34.26 	 261525.72773229986 
34.28 	 269677.74223831645 
34.3 	 277672.5256469898 
34.32 	 285095.39781387575 
34.34 	 292453.86613623396 
34.36 	 299341.39984045166 
34.38 	 306194.6316900256 
34.4 	 312550.36617210734 
34.42 	 318712.2632831801 
34.44 	 324150.86605674436 
34.46 	 328993.9058032361 
34.48 	 332727.59505119344 
34.5 	 335289.3085602551 
34.52 	 336343.1156530306 
34.54 	 335651.4297250884 
34.56 	 333235.81007063726 
34.58 	 328725.4663937997 
34.6 	 322608.2352924889 
34.62 	 314438.616685495 
34.64 	 305141.5454240725 
34.66 	 294252.82514987804 
34.68 	 282963.946608464 
34.7 	 270823.9891989068 
34.72 	 259047.5631466242 
34.74 	 247198.85242043887 
34.76 	 236301.11289962963 
34.78 	 225922.52948729045 
34.8 	 216784.77411427224 
34.82 	 208461.32467027951 
34.84 	 201378.99189037527 
34.86 	 195140.92235654386 
34.88 	 189961.82507233653 
34.9 	 185510.77067746763 
34.92 	 181889.70293661155 
34.94 	 178860.29240927668 
34.96 	 176481.97841130887 
34.98 	 174611.66956466527 
35.0 	 173291.62925615092 
35.02 	 172454.72287960807 
35.04 	 172118.7203962554 
35.06 	 172266.63663610825 
35.08 	 172876.77323782435 
35.1 	 173966.09422213072 
35.12 	 175468.95707280486 
35.14 	 177434.67098917806 
35.16 	 179760.19283113666 
35.18 	 182531.83191920683 
35.2 	 185613.98412882604 
35.22 	 189127.46881652263 
35.24 	 192895.71643032777 
35.26 	 197057.0439008596 
35.28 	 201374.47690591286 
35.3 	 205976.10880894697 
35.32 	 210551.4847553732 
35.34 	 215191.3725582595 
35.36 	 219527.3543292157 
35.38 	 223597.01395967457 
35.4 	 227030.03468025487 
35.42 	 229810.2737341435 
35.44 	 231653.14808540346 
35.46 	 232500.78807647468 
35.48 	 232243.81586056945 
35.5 	 230800.53027055858 
35.52 	 228290.00496940262 
35.54 	 224622.79107522388 
35.56 	 220136.829988368 
35.58 	 214742.8088961763 
35.6 	 208926.0470432134 
35.62 	 202595.0077539463 
35.64 	 196277.962726964 
35.66 	 189872.59590921443 
35.68 	 183852.63995362865 
35.7 	 178097.55989075574 
35.72 	 172964.37570320422 
35.74 	 168312.78154146005 
35.76 	 164362.47381236605 
35.78 	 160957.35933931326 
35.8 	 158191.26080530102 
35.82 	 155899.61897157636 
35.84 	 154082.09485009915 
35.86 	 152576.7765897386 
35.88 	 151334.1504844646 
35.9 	 150212.73987316978 
35.92 	 149166.46129146102 
35.94 	 148098.87872628763 
35.96 	 147015.87217426108 
35.98 	 145890.21868863003 
36.0 	 144805.3584736956 
36.02 	 143813.85929607143 
36.04 	 143062.48972898885 
36.06 	 142669.91123873313 
36.08 	 142790.46905459926 
36.1 	 143572.5057941806 
36.12 	 145099.81657904456 
36.14 	 147507.4858830831 
36.16 	 150740.1322110364 
36.18 	 154891.74309640334 
36.2 	 159737.1748581389 
36.22 	 165329.1200115315 
36.24 	 171292.74889692766 
36.26 	 177662.45909071903 
36.28 	 183977.98805962098 
36.3 	 190284.84586171815 
36.32 	 196124.67693016084 
36.34 	 201572.93608466792 
36.36 	 206256.5903998709 
36.38 	 210282.14380789944 
36.4 	 213418.57337537652 
36.42 	 215791.38643855133 
36.44 	 217330.51996481977 
36.46 	 218165.81826470533 
36.48 	 218370.98742097165 
36.5 	 218070.80221394298 
36.52 	 217438.04121527998 
36.54 	 216588.17083986007 
36.56 	 215730.70721626375 
36.58 	 214966.49784403908 
36.6 	 214472.3630168289 
36.62 	 214323.0661974391 
36.64 	 214600.41183725608 
36.66 	 215337.40954197024 
36.68 	 216483.5061802368 
36.7 	 218017.6413296154 
36.72 	 219759.94058633008 
36.74 	 221632.52275975366 
36.76 	 223374.33190547398 
36.78 	 224857.52926205096 
36.8 	 225823.03781100133 
36.82 	 226105.40093834465 
36.84 	 225543.133727902 
36.86 	 223948.03370005233 
36.88 	 221336.1251695105 
36.9 	 217514.06917505155 
36.92 	 212714.32746661763 
36.94 	 206758.3759648095 
36.96 	 200078.4758906652 
36.98 	 192527.53216832227 
37.0 	 184667.36330709184 
37.02 	 176385.8417214841 
37.04 	 168270.59060249437 
37.06 	 160229.39379314648 
37.08 	 152771.2576296375 
37.1 	 145796.83037581304 
37.12 	 139664.56213765993 
37.14 	 134245.92647019663 
37.16 	 129728.75953971066 
37.18 	 125953.94331582909 
37.2 	 122968.53093017303 
37.22 	 120604.45428658159 
37.24 	 118827.15908673962 
37.26 	 117492.05049277467 
37.28 	 116543.43299001915 
37.3 	 115885.87436626345 
37.32 	 115482.20917730553 
37.34 	 115294.69823627762 
37.36 	 115316.77168516138 
37.38 	 115562.2298227235 
37.4 	 116047.75516436296 
37.42 	 116828.81791415223 
37.44 	 117931.91043166466 
37.46 	 119449.66846150764 
37.48 	 121405.29044722553 
37.5 	 123929.15252505892 
37.52 	 127023.78854297643 
37.54 	 130854.99240496139 
37.56 	 135374.32169591117 
37.58 	 140771.0675440616 
37.6 	 146901.66389046868 
37.62 	 153959.74947888442 
37.64 	 161662.1254910778 
37.66 	 170190.99054486406 
37.68 	 179102.2424065425 
37.7 	 188564.07968009423 
37.72 	 197994.5702203822 
37.74 	 207558.82648661072 
37.76 	 216609.55319316484 
37.78 	 225322.72686978715 
37.8 	 233089.74237395477 
37.82 	 240100.28107483662 
37.84 	 245884.59853542823 
37.86 	 250628.9036326048 
37.88 	 254062.69979449635 
37.9 	 256333.30693230635 
37.92 	 257374.591186659 
37.94 	 257254.21820875778 
37.96 	 256074.83500728267 
37.98 	 253797.73391947235 
38.0 	 250651.3387121888 
38.02 	 246494.44754917998 
38.04 	 241657.1939757358 
38.06 	 235933.5471589652 
38.08 	 229750.1475654451 
38.1 	 222892.88790015294 
38.12 	 215874.74902722496 
38.14 	 208523.2257990329 
38.16 	 201397.11033384292 
38.18 	 194385.42129242697 
38.2 	 188017.86187415986 
38.22 	 182230.17737362394 
38.24 	 177436.2058373849 
38.26 	 173584.6468414322 
38.28 	 170908.3082981361 
38.3 	 169340.98639029678 
38.32 	 168913.91424923908 
38.34 	 169540.82062276016 
38.36 	 171077.3928177661 
38.38 	 173434.11559148887 
38.4 	 176348.65304958913 
38.42 	 179752.81742747987 
38.44 	 183333.8607944242 
38.46 	 187060.9354844828 
38.48 	 190630.24705373173 
38.5 	 194047.03275198812 
38.52 	 197057.5689562065 
38.54 	 199686.36575499593 
38.56 	 201752.00813306053 
38.58 	 203274.81289665133 
38.6 	 204155.0673591712 
38.62 	 204389.33002024033 
38.64 	 203963.76704962956 
38.66 	 202843.05827559033 
38.68 	 201102.31175270467 
38.7 	 198679.49258638086 
38.72 	 195738.3958579869 
38.74 	 192204.1158894257 
38.76 	 188318.32743758295 
38.78 	 184006.4859088544 
38.8 	 179560.16306388844 
38.82 	 174908.7477126179 
38.84 	 170349.8138577841 
38.86 	 165808.0940301181 
38.88 	 161539.67040843065 
38.9 	 157450.60033215454 
38.92 	 153722.49381922677 
38.94 	 150234.68581435614 
38.96 	 147088.73455741414 
38.98 	 144142.42990151158 
39.0 	 141438.5151840367 
39.02 	 138829.4675180775 
39.04 	 136334.24679515348 
39.06 	 133818.3722018966 
39.08 	 131309.17608234406 
39.1 	 128697.24141496056 
39.12 	 126036.50694849587 
39.14 	 123245.41970136172 
39.16 	 120406.9990677183 
39.18 	 117463.50023547173 
39.2 	 114518.43060628999 
39.22 	 111530.96811888924 
39.24 	 108611.7568925814 
39.26 	 105730.01862791624 
39.28 	 102990.28678042123 
39.3 	 100366.27194473382 
39.32 	 97946.2680935144 
39.34 	 95705.01330713174 
39.36 	 93709.21122156034 
39.38 	 91933.86439550748 
39.4 	 90423.78794345903 
39.42 	 89156.0928488084 
39.44 	 88157.10786770421 
39.46 	 87409.32590099485 
39.48 	 86925.21078291934 
39.5 	 86695.65727160225 
39.52 	 86722.85065240518 
39.54 	 87007.88850401295 
39.56 	 87544.51369498357 
39.58 	 88345.1650081458 
39.6 	 89396.2078138049 
39.62 	 90723.45474835945 
39.64 	 92307.36711243108 
39.66 	 94190.72241607917 
39.68 	 96348.94673425324 
39.7 	 98844.70290491743 
39.72 	 101644.31322392022 
39.74 	 104827.61091675733 
39.76 	 108337.70020065327 
39.78 	 112259.24223064976 
39.8 	 116488.17597501287 
39.82 	 121094.27220366438 
39.84 	 125903.15416884497 
39.86 	 130952.71003660989 
39.88 	 135994.54179486414 
39.9 	 141032.5942837945 
39.92 	 145775.05599827407 
39.94 	 150209.13981187437 
39.96 	 154061.49602817502 
39.98 	 157329.9445352352 
40.0 	 159827.69784654691 
40.02 	 161582.78451887151 
40.04 	 162535.485700968 
40.06 	 162742.01931831814 
40.08 	 162263.514459071 
40.1 	 161162.04314602213 
40.12 	 159576.7344274638 
40.14 	 157549.32676739746 
40.16 	 155247.89189863886 
40.18 	 152682.41289326528 
40.2 	 150019.98582930895 
40.22 	 147247.4116823805 
40.24 	 144522.18866056076 
40.26 	 141824.79475453464 
40.28 	 139299.6873960106 
40.3 	 136929.38020339058 
40.32 	 134832.74184423176 
40.34 	 132987.77894861405 
40.36 	 131468.06122020652 
40.38 	 130234.15125046996 
40.4 	 129302.20656262295 
40.42 	 128610.1717752067 
40.44 	 128124.89211266214 
40.46 	 127771.25578763818 
40.48 	 127494.24297775397 
40.5 	 127225.02754180273 
40.52 	 126920.1220487022 
40.54 	 126534.76563103995 
40.56 	 126060.42002787413 
40.58 	 125483.91998856721 
40.6 	 124836.65802282201 
40.62 	 124133.38311870476 
40.64 	 123434.27229231258 
40.66 	 122772.51398123131 
40.68 	 122218.63916520134 
40.7 	 121815.48522752097 
40.72 	 121626.19578392853 
40.74 	 121697.81075006964 
40.76 	 122071.4393512771 
40.78 	 122794.14941998033 
40.8 	 123871.51647505148 
40.82 	 125344.37869056474 
40.84 	 127169.49050654576 
40.86 	 129373.08688531668 
40.88 	 131854.33403283684 
40.9 	 134619.02647933626 
40.92 	 137512.8042426372 
40.94 	 140523.6612177969 
40.96 	 143466.6599055334 
40.98 	 146325.2633849469 
41.0 	 148923.35216328828 
41.02 	 151260.03356887537 
41.04 	 153211.8705271368 
41.06 	 154813.4849467172 
41.08 	 156026.0684775421 
41.1 	 156932.69766480042 
41.12 	 157585.91368310814 
41.14 	 158119.31930606827 
41.16 	 158652.9202722073 
41.18 	 159360.30459113859 
41.2 	 160377.43400409888 
41.22 	 161894.6597759058 
41.24 	 163994.60976781504 
41.26 	 166851.82271833456 
41.28 	 170424.87498138548 
41.3 	 174839.68523159513 
41.32 	 179881.59434643906 
41.34 	 185608.4252057419 
41.36 	 191630.28730176302 
41.38 	 197941.9277663198 
41.4 	 204040.63088287052 
41.42 	 209888.5728851432 
41.44 	 214990.78970750244 
41.46 	 219321.55848588847 
41.48 	 222534.50377353284 
41.5 	 224656.04051372458 
41.52 	 225590.1442177966 
41.54 	 225432.23303245602 
41.56 	 224348.53522122774 
41.58 	 222486.58908088168 
41.6 	 220187.457180381 
41.62 	 217604.31023903188 
41.64 	 215107.7372165101 
41.66 	 212800.76741805047 
41.68 	 210948.23515342758 
41.7 	 209565.00677260634 
41.72 	 208739.7309413982 
41.74 	 208396.48730804227 
41.76 	 208459.38237735126 
41.78 	 208793.1460497404 
41.8 	 209232.30612979273 
41.82 	 209631.08903409098 
41.84 	 209833.95727511193 
41.86 	 209729.95242662122 
41.88 	 209255.74511583766 
41.9 	 208361.37220534487 
41.92 	 207110.6765933457 
41.94 	 205516.5935731378 
41.96 	 203750.85246761033 
41.98 	 201873.6318663039 
42.0 	 200109.23103474363 
42.02 	 198547.3985056697 
42.04 	 197404.76411369804 
42.06 	 196796.75987944176 
42.08 	 196890.39022728105 
42.1 	 197842.1777484174 
42.12 	 199746.34323674455 
42.14 	 202825.7360443124 
42.16 	 207077.18172812922 
42.18 	 212806.66726710642 
42.2 	 219863.66447145148 
42.22 	 228631.96574732548 
42.24 	 238732.1593247932 
42.26 	 250599.1871452189 
42.28 	 263535.94571181404 
42.3 	 277993.3794242221 
42.32 	 292911.8802682851 
42.34 	 308725.95970335806 
42.36 	 324070.6211163879 
42.38 	 339332.8695948164 
42.4 	 353035.171369905 
42.42 	 365478.87926224904 
42.44 	 375382.60155780136 
42.46 	 382919.3125436641 
42.48 	 387342.7445579178 
42.5 	 388672.18270791677 
42.52 	 386936.26235926565 
42.54 	 382016.25337622577 
42.56 	 374739.75340951834 
42.58 	 364900.87949062884 
42.6 	 353899.5101426579 
42.62 	 341488.16674563114 
42.64 	 329243.34892946953 
42.66 	 316878.75171357987 
42.68 	 305746.4056973281 
42.7 	 295488.19570390094 
42.72 	 286978.42655717756 
42.74 	 279762.851805494 
42.76 	 274196.2015941942 
42.78 	 269747.58142654866 
42.8 	 266386.47011456446 
42.82 	 263563.9552349536 
42.84 	 261085.77583146805 
42.86 	 258449.17193335065 
42.88 	 255510.27379339797 
42.9 	 251849.44985706953 
42.92 	 247510.18689220338 
42.94 	 242153.95653609585 
42.96 	 236044.43891164125 
42.98 	 228894.22207834764 
43.0 	 221136.04475110583 
43.02 	 212499.34062878977 
43.04 	 203500.55291641346 
43.06 	 193868.99619190145 
43.08 	 184131.94009417502 
43.1 	 174026.0718936175 
43.12 	 164048.05408285733 
43.14 	 153963.7356127349 
43.16 	 144220.4485243557 
43.18 	 134630.6566151804 
43.2 	 125578.72406257554 
43.22 	 116923.5971063665 
43.24 	 108969.77067904275 
43.26 	 101605.47368355657 
43.28 	 95040.25273015154 
43.3 	 89169.2072662629 
43.32 	 84103.95311279797 
43.34 	 79732.30230550788 
43.36 	 76082.35702862479 
43.38 	 73035.04451491605 
43.4 	 70563.16812087358 
43.42 	 68552.63158580403 
43.44 	 66953.18482285232 
43.46 	 65670.25084105224 
43.48 	 64656.24482665937 
43.5 	 63844.65423913006 
43.52 	 63203.109211094656 
43.54 	 62691.68778688725 
43.56 	 62292.59262102631 
43.58 	 61983.39933421216 
43.6 	 61753.367918032636 
43.62 	 61587.82698729408 
43.64 	 61477.36012661871 
43.66 	 61411.134688313476 
43.68 	 61381.95522692749 
43.7 	 61385.54261630443 
43.72 	 61421.75135331471 
43.74 	 61496.4519661327 
43.76 	 61617.62213281441 
43.78 	 61798.5646793744 
43.8 	 62047.570417568204 
43.82 	 62374.81316497447 
43.84 	 62775.58643131064 
43.86 	 63245.13732568998 
43.88 	 63757.224579889014 
43.9 	 64288.83117739743 
43.92 	 64797.21650827344 
43.94 	 65250.65854140653 
43.96 	 65607.98791105213 
43.98 	 65846.19774022735 
44.0 	 65946.39607834067 
44.02 	 65908.51460764083 
44.04 	 65746.24934262 
44.06 	 65484.39522447234 
44.08 	 65162.69736313621 
44.1 	 64819.57068719837 
44.12 	 64501.879596623636 
44.14 	 64244.9939245321 
44.16 	 64083.6499569608 
44.18 	 64039.178825192765 
44.2 	 64126.21273128642 
44.22 	 64354.0235281756 
44.24 	 64724.27599461973 
44.26 	 65248.14458292275 
44.28 	 65930.47892505686 
44.3 	 66801.60489480075 
44.32 	 67882.2840548369 
44.34 	 69231.15311913885 
44.36 	 70882.4945035918 
44.38 	 72916.8482082716 
44.4 	 75360.38947436045 
44.42 	 78294.615221811 
44.44 	 81703.21607303995 
44.46 	 85642.71483227641 
44.48 	 90022.03644376718 
44.5 	 94855.08349520298 
44.52 	 99962.79346388068 
44.54 	 105317.07529353742 
44.56 	 110668.31339610014 
44.58 	 115966.83774754354 
44.6 	 120940.57239960007 
44.62 	 125550.71627909817 
44.64 	 129567.20380078745 
44.66 	 132992.92626717652 
44.68 	 135695.63224074853 
44.7 	 137735.1494612418 
44.72 	 139099.18921794268 
44.74 	 139895.9330865116 
44.76 	 140210.61943393352 
44.78 	 140169.47614687047 
44.8 	 139899.3635165388 
44.82 	 139505.51888801015 
44.84 	 139094.9198090038 
44.86 	 138722.19154885973 
44.88 	 138435.9780221422 
44.9 	 138233.55634096687 
44.92 	 138103.8718626915 
44.94 	 138004.49874190582 
44.96 	 137894.64809287133 
44.98 	 137723.89813536732 
45.0 	 137463.20326532066 
45.02 	 137084.08612721018 
45.04 	 136599.27687398373 
45.06 	 136016.63766870074 
45.08 	 135393.64502851982 
45.1 	 134767.13477524678 
45.12 	 134213.7529117846 
45.14 	 133774.17408220528 
45.16 	 133503.62837296337 
45.18 	 133416.8431688744 
45.2 	 133514.3641903351 
45.22 	 133766.8404944004 
45.24 	 134113.74479203488 
45.26 	 134485.58743987037 
45.28 	 134786.8949093802 
45.3 	 134931.94292653317 
45.32 	 134836.63074326105 
45.34 	 134429.2267334184 
45.36 	 133679.6302571347 
45.38 	 132549.8535245138 
45.4 	 131081.14394804227 
45.42 	 129268.78359359375 
45.44 	 127211.01497862377 
45.46 	 124918.46000612158 
45.48 	 122512.10283347892 
45.5 	 119995.24642664863 
45.52 	 117478.56289610874 
45.54 	 114944.71802497983 
45.56 	 112478.63668850994 
45.58 	 110045.07186973495 
45.6 	 107708.15087874375 
45.62 	 105429.62238980854 
45.64 	 103268.18986416892 
45.66 	 101198.8688400693 
45.68 	 99286.34359489974 
45.7 	 97526.09875383141 
45.72 	 95987.01175090436 
45.74 	 94679.70911168636 
45.76 	 93663.64698558205 
45.78 	 92952.32110469863 
45.8 	 92580.59927322471 
45.82 	 92556.26232764943 
45.84 	 92884.19590160382 
45.86 	 93569.22082512085 
45.88 	 94593.9567967911 
45.9 	 95972.41858052382 
45.92 	 97677.46059104057 
45.94 	 99742.6032325573 
45.96 	 102133.56109615606 
45.98 	 104899.36466833658 
46.0 	 107982.12313642839 
46.02 	 111424.9547624057 
46.04 	 115117.10459406891 
46.06 	 119067.86984867843 
46.08 	 123093.1261023972 
46.1 	 127152.89612009996 
46.12 	 131002.03666281748 
46.14 	 134562.0502011399 
46.16 	 137580.87613636616 
46.18 	 139976.68958608125 
46.2 	 141569.5022109736 
46.22 	 142316.56837605446 
46.24 	 142176.80158910083 
46.26 	 141173.1628538036 
46.28 	 139421.64089425796 
46.3 	 137005.97482995153 
46.32 	 134156.4121771401 
46.34 	 130981.9595418552 
46.36 	 127744.48183156288 
46.38 	 124530.49140398641 
46.4 	 121552.43692939085 
46.42 	 118839.69695028117 
46.44 	 116511.5763236161 
46.46 	 114535.71698457246 
46.48 	 112942.7815621703 
46.5 	 111663.03237017135 
46.52 	 110676.58931782188 
46.54 	 109913.36603776617 
46.56 	 109347.53398007527 
46.58 	 108938.0660820147 
46.6 	 108680.3631768379 
46.62 	 108570.89055416471 
46.64 	 108625.53660624854 
46.66 	 108864.37718990009 
46.68 	 109300.24754642179 
46.7 	 109949.9300573114 
46.72 	 110792.9580053979 
46.74 	 111817.3045346709 
46.76 	 112950.98271458744 
46.78 	 114141.83400297261 
46.8 	 115273.16826131652 
46.82 	 116261.35968929199 
46.84 	 116978.2416343556 
46.86 	 117333.77875830198 
46.88 	 117235.99415554607 
46.9 	 116618.34423747697 
46.92 	 115465.98643940523 
46.94 	 113756.19319849803 
46.96 	 111565.34874815587 
46.98 	 108915.25649252332 
47.0 	 105953.5428133272 
47.02 	 102727.95925642489 
47.04 	 99414.09124904545 
47.06 	 96058.57492749063 
47.08 	 92820.14634079579 
47.1 	 89722.99403057559 
47.12 	 86881.01928848593 
47.14 	 84288.47769864561 
47.16 	 82008.05376600359 
47.18 	 80008.48754538909 
47.2 	 78309.16309220146 
47.22 	 76862.07116720265 
47.24 	 75655.6266604361 
47.26 	 74632.74297234965 
47.28 	 73763.08166508711 
47.3 	 72987.27965324104 
47.32 	 72269.44505406615 
47.34 	 71556.75169543287 
47.36 	 70823.06992088427 
47.38 	 70032.92274424138 
47.4 	 69183.64304045451 
47.42 	 68264.75955570814 
47.44 	 67301.52578990099 
47.46 	 66306.20660563963 
47.48 	 65322.05164057169 
47.5 	 64369.989437035925 
47.52 	 63490.5032723679 
47.54 	 62694.03611443618 
47.56 	 61998.82185285076 
47.58 	 61392.723060981196 
47.6 	 60866.6226768904 
47.62 	 60389.73640238966 
47.64 	 59939.25872833675 
47.66 	 59484.19201813545 
47.68 	 59011.929759471255 
47.7 	 58512.13887234281 
47.72 	 57999.998428206854 
47.74 	 57494.28346680665 
47.76 	 57035.717123299706 
47.78 	 56660.592724443646 
47.8 	 56412.09589984537 
47.82 	 56317.676135473936 
47.84 	 56391.92890966983 
47.86 	 56627.59935537076 
47.88 	 56990.62260221191 
47.9 	 57429.44415666314 
47.92 	 57865.693709437284 
47.94 	 58216.6878320388 
47.96 	 58388.513047752815 
47.98 	 58296.9636428289 
48.0 	 57872.3079073129 
48.02 	 57059.963027054866 
48.04 	 55845.664254031355 
48.06 	 54222.27975050823 
48.08 	 52239.166496362355 
48.1 	 49934.06016700626 
48.12 	 47402.88639140593 
48.14 	 44708.87432772683 
48.16 	 41963.05513629488 
48.18 	 39229.257378809445 
48.2 	 36603.835330070426 
48.22 	 34132.55237107451 
48.24 	 31880.40834198148 
48.26 	 29868.2524104885 
48.28 	 28127.653783978167 
48.3 	 26657.266390781497 
48.32 	 25461.586198106364 
48.34 	 24523.134606234627 
48.36 	 23826.8581923598 
48.38 	 23343.914871876634 
48.4 	 23045.160231328067 
48.42 	 22893.470253172687 
48.44 	 22850.17430773475 
48.46 	 22873.476929517474 
48.48 	 22921.150323811697 
48.5 	 22952.27875127826 
48.52 	 22928.69398669549 
48.54 	 22816.757557530906 
48.56 	 22589.46940808279 
48.58 	 22225.278872911385 
48.6 	 21712.489995308406 
48.62 	 21043.357147336686 
48.64 	 20221.884177122054 
48.66 	 19253.122549397478 
48.68 	 18154.424674540653 
48.7 	 16941.17900461039 
48.72 	 15640.318127558061 
48.74 	 14274.390232508855 
48.76 	 12875.305933476924 
48.78 	 11468.778522410692 
48.8 	 10086.38690726686 
48.82 	 8752.18330320776 
48.84 	 7492.021714991743 
48.86 	 6323.559327105968 
48.88 	 5262.846220306567 
48.9 	 4318.093025817289 
48.92 	 3494.156156825214 
48.94 	 2789.5643903497844 
48.96 	 2199.60326745003 
48.98 	 1715.5298100175733 
49.0 	 1326.7040163882284 
49.02 	 1020.8469025485147 
49.04 	 785.420004798739 
49.06 	 608.0920841501812 
49.08 	 477.48353870708434 
49.1 	 383.4401234477081 
49.12 	 317.2902871576731 
49.14 	 271.85927241359946 
49.16 	 241.42349237144012 
49.18 	 221.55736548908973 
49.2 	 208.9543974043669 
49.22 	 201.2216320086485 
49.24 	 196.68429234917087 
49.26 	 194.20493777889354 
49.28 	 193.03107599062574 
49.3 	 192.67170987254093 
49.32 	 192.80477791594365 
49.34 	 193.21220288185307 
49.36 	 193.73858569935385 
49.38 	 194.2683325555064 
49.4 	 194.7153131285715 
49.42 	 195.0199934832985 
49.44 	 195.14930227469316 
49.46 	 195.09614496053368 
49.48 	 194.87659383379955 
49.5 	 194.52431138974507 
49.52 	 194.08278515184713 
49.54 	 193.5965969395162 
49.56 	 193.10344263147476 
49.58 	 192.62798623062827 
49.6 	 192.17887156442492 
49.62 	 191.74876638525288 
49.64 	 191.31762431517336 
49.66 	 190.85802962992642 
49.68 	 190.3418570382417 
49.7 	 189.74695291756606 
49.72 	 189.06305267454644 
49.74 	 188.29596753280447 
49.76 	 187.4699234688916 
49.78 	 186.6277042100187 
49.8 	 185.82920336526007 
49.82 	 185.1484723012781 
49.84 	 184.67033831589953 
49.86 	 184.48674051294978 
49.88 	 184.6936640430257 
49.9 	 185.38865525758396 
49.92 	 186.6689020263849 
49.94 	 188.6295339553411 
49.96 	 191.3610920521253 
49.98 	 194.94592149520884 
50.0 	 199.45181284358029 
50.02 	 204.92390572409613 
50.04 	 211.37332258257754 
50.06 	 218.76600861781884 
50.08 	 227.01057571439648 
50.1 	 235.9511008073912 
50.12 	 245.36295767367835 
50.14 	 254.9585405860021 
50.16 	 264.39832655722495 
50.18 	 273.3129758125766 
50.2 	 281.32827244384686 
50.22 	 288.09639538160786 
50.24 	 293.3233569398353 
50.26 	 296.7945139464883 
50.28 	 298.38977094746735 
50.3 	 298.0903081410597 
50.32 	 295.9736663827149 
50.34 	 292.1994895658476 
50.36 	 286.98868837830247 
50.38 	 280.5977660490984 
50.4 	 273.2947726360331 
50.42 	 265.33609388426885 
50.44 	 256.95119571509395 
50.46 	 248.33097610762297 
50.48 	 239.6254415362667 
50.5 	 230.94375622596453 
50.52 	 222.36086924214058 
50.54 	 213.92326700943727 
50.56 	 205.6576716232384 
50.58 	 197.57636215117518 
50.6 	 189.6835286362162 
50.62 	 181.9778809037771 
50.64 	 174.45633072528062 
50.66 	 167.11497452465574 
50.68 	 159.95174656055013 
50.7 	 152.96726196837443 
50.72 	 146.16724888083402 
50.74 	 139.5630864950161 
50.76 	 133.17309932526163 
50.78 	 127.02156009835893 
50.8 	 121.13776491730303 
50.82 	 115.55303039104908 
50.84 	 110.29806299536106 
50.86 	 105.39922387968718 
50.88 	 100.87615356316023 
50.9 	 96.73955270118392 
50.92 	 92.99086306737838 
50.94 	 89.62268641621905 
50.96 	 86.62087458864491 
50.98 	 83.9668615447431 
51.0 	 81.64068626863475 
51.02 	 79.6235870400803 
51.04 	 77.90016342759507 
51.06 	 76.45964211494834 
51.08 	 75.2963761372602 
51.1 	 74.40935114326705 
51.12 	 73.80101511413078 
51.14 	 73.47544057503904 
51.16 	 73.43631235303059 
51.18 	 73.68445533389614 
51.2 	 74.21572132833717 
51.22 	 75.01904664367953 
51.24 	 76.07502003803377 
51.26 	 77.35536234624728 
51.28 	 78.82308565808985 
51.3 	 80.43374498317893 
51.32 	 82.13734766865863 
51.34 	 83.8808953144912 
51.36 	 85.61105519668575 
51.38 	 87.27674196018674 
51.4 	 88.83098195664631 
51.42 	 90.23220319664672 
51.44 	 91.444311759636 
51.46 	 92.43623006777754 
51.48 	 93.18061263893738 
51.5 	 93.65248534080602 
51.52 	 93.8279752765541 
51.54 	 93.68354665171319 
51.56 	 93.19613431011689 
51.58 	 92.3439376654899 
51.6 	 91.10823169579349 
51.62 	 89.47555219424876 
51.64 	 87.4403072305578 
51.66 	 85.00703074953879 
51.68 	 82.19242007195388 
51.7 	 79.02622681983935 
51.72 	 75.55158620527303 
51.74 	 71.82382857128198 
51.76 	 67.908712647842 
51.78 	 63.87943797021382 
51.8 	 59.813326900143146 
51.82 	 55.787953849957276 
51.84 	 51.87739690599806 
51.86 	 48.148503674738215 
51.88 	 44.65790809226428 
51.9 	 41.4495510270869 
51.92 	 38.55320315206878 
51.94 	 35.98399328686516 
51.96 	 33.742759218844114 
51.98 	 31.81761558304864 
52.0 	 30.186161066578993 
52.02 	 28.818137296910034 
52.04 	 27.67865517925662 
52.06 	 26.73106773060374 
52.08 	 25.939703977107737 
52.1 	 25.272070214952542 
52.12 	 24.70007307960402 
52.14 	 24.20071575208233 
52.16 	 23.75608398157065 
52.18 	 23.352599151962533 
52.2 	 22.98023599963406 
52.22 	 22.6313075202302 
52.24 	 22.29982809428599 
52.26 	 21.98065214543224 
52.28 	 21.669327785552404 
52.3 	 21.361955239470557 
52.32 	 21.05539069478685 
52.34 	 20.747461013141127 
52.36 	 20.43692647305579 
52.38 	 20.123516508322282 
52.4 	 19.80769309921716 
52.42 	 19.49039138840838 
52.44 	 19.17244748223793 
52.46 	 18.854340154943262 
52.48 	 18.53620112509679 
52.5 	 18.2174811882423 
52.52 	 17.89723853879795 
52.54 	 17.574504392791066 
52.56 	 17.248416583388423 
52.58 	 16.918415432922213 
52.6 	 16.58427376128617 
52.62 	 16.246180209608685 
52.64 	 15.904437181629465 
52.66 	 15.559474318549455 
52.68 	 15.21149984709856 
52.7 	 14.860634259190425 
52.72 	 14.50651704824864 
52.74 	 14.149029423980181 
52.76 	 13.787750269505063 
52.78 	 13.422387224075022 
52.8 	 13.05297710279706 
52.82 	 12.679495497019484 
52.84 	 12.302300450652867 
52.86 	 11.9217269977306 
52.88 	 11.538429836735627 
52.9 	 11.153154359128308 
52.92 	 10.766754391939925 
52.94 	 10.380521629096835 
52.96 	 9.996271806811231 
52.98 	 9.616282152546622 
53.0 	 9.243553082348603 
53.02 	 8.882124153440838 
53.04 	 8.536786657407271 
53.06 	 8.213753989174064 
53.08 	 7.920006380518497 
53.1 	 7.663843414259479 
53.12 	 7.454442495277011 
53.14 	 7.301257435823326 
53.16 	 7.213940753169367 
53.18 	 7.201323414525648 
53.2 	 7.270073939992735 
53.22 	 7.42442376195616 
53.24 	 7.664557807115511 
53.26 	 7.985260244202869 
53.28 	 8.3763102633553 
53.3 	 8.82110170318513 
53.32 	 9.29779330393098 
53.34 	 9.779628470272376 
53.36 	 10.23654815115404 
53.38 	 10.637799391652456 
53.4 	 10.95329493423559 
53.42 	 11.156910790002703 
53.44 	 11.228328304821895 
53.46 	 11.155037751900768 
53.48 	 10.933573029459605 
53.5 	 10.569262720844176 
53.52 	 10.076542866672552 
53.54 	 9.476377078448156 
53.56 	 8.795365224070544 
53.58 	 8.062848340251337 
53.6 	 7.308046104655502 
53.62 	 6.5585912921616005 
53.64 	 5.8384757986445015 
53.66 	 5.166362957836192 
53.68 	 4.555416479843917 
53.7 	 4.013694177220436 
53.72 	 3.5436201905295905 
53.74 	 3.143919253667299 
53.76 	 2.8097690296162705 
53.78 	 2.5345291475845477 
53.8 	 2.309856738459149 
53.82 	 2.127521707019564 
53.84 	 1.9801820460245578 
53.86 	 1.8602771679404784 
53.88 	 1.7617596971634717 
53.9 	 1.6786011495358588 
53.92 	 1.6075626249786845 
53.94 	 1.5455235584102311 
53.96 	 1.4897365063381849 
53.98 	 1.4386390558380344 
54.0 	 1.3915683427985044 
54.02 	 1.3458706359618122 
54.04 	 1.3036161032060907 
54.06 	 1.2618624514110262 
54.08 	 1.222031753679537 
54.1 	 1.1829150703264462 
54.12 	 1.1453201635501737 
54.14 	 1.1079000238158507 
54.16 	 1.0722382962919368 
54.18 	 1.0369093844720119 
54.2 	 1.002788170338153 
54.22 	 0.9691428969245204 
54.24 	 0.9360288242132548 
54.26 	 0.9035084411493239 
54.28 	 0.8716524329730665 
54.3 	 0.839539494293912 
54.32 	 0.8081833786871326 
54.34 	 0.7776803913746603 
54.36 	 0.7481398361829756 
54.38 	 0.716160370794467 
54.4 	 0.6863336490072781 
54.42 	 0.6563914538904095 
54.44 	 0.6263201719539035 
54.46 	 0.5961033667275089 
54.48 	 0.5672156301108159 
54.5 	 0.538305537996025 
54.52 	 0.5093729202561875 
54.54 	 0.48393715513595575 
54.56 	 0.46074821190921755 
54.58 	 0.4401698050388834 
54.6 	 0.43056644571074976 
54.62 	 0.43072416235753025 
54.64 	 0.45210114195296686 
54.66 	 0.5073321576827744 
54.68 	 0.6153741989318864 
54.7 	 0.8054033189800222 
54.72 	 1.1197689195272138 
54.74 	 1.6215011130426698 
54.76 	 2.3950495706373816 
54.78 	 3.558159461431713 
54.8 	 5.264093180501094 
54.82 	 7.7112607460942835 
54.84 	 11.145537554041265 
54.86 	 15.86291528704929 
54.88 	 22.206584931455158 
54.9 	 30.558479552753806 
54.92 	 41.32436866864659 
54.94 	 54.91127829837622 
54.96 	 71.69812305030234 
54.98 	 92.00141106556097 
55.0 	 116.03724793273845 
55.02 	 143.8861063278208 
55.04 	 175.4604546102346 
55.06 	 210.48634008633863 
55.08 	 248.49364301416344 
55.1 	 288.8306673653935 
55.12 	 330.68682534529194 
55.14 	 373.1438821302509 
55.16 	 415.2253272335331 
55.18 	 455.9699768526136 
55.2 	 494.4869014187354 
55.22 	 530.0246408276054 
55.24 	 562.0060387741629 
55.26 	 590.0681250683298 
55.28 	 614.0614750608994 
55.3 	 634.0515456070398 
55.32 	 650.2861922946526 
55.34 	 663.1692946598636 
55.36 	 673.2162415204448 
55.38 	 681.0233410398043 
55.4 	 687.2359158747472 
55.42 	 692.5366566594871 
55.44 	 697.643465483483 
55.46 	 703.3287586453514 
55.48 	 710.4489969810252 
55.5 	 719.9903540653713 
55.52 	 733.11359051796 
55.54 	 751.2035457617757 
55.56 	 775.8945258617069 
55.58 	 809.0856187484175 
55.6 	 852.8981438242012 
55.62 	 909.6148255677323 
55.64 	 981.523833635862 
55.66 	 1070.762306958392 
55.68 	 1179.0348897406275 
55.7 	 1307.40069556533 
55.72 	 1455.9179619311817 
55.74 	 1623.4928187324924 
55.76 	 1807.5669351412062 
55.78 	 2004.1965230808412 
55.8 	 2207.916488241796 
55.82 	 2412.1778239753703 
55.84 	 2609.45484533391 
55.86 	 2792.0190733459804 
55.88 	 2952.22660399125 
55.9 	 3083.4105668265524 
55.92 	 3180.1721079864674 
55.94 	 3239.0573042250617 
55.96 	 3258.6613253057776 
55.98 	 3239.8172646788025 
56.0 	 3185.429557394937 
56.02 	 3100.122822402351 
56.04 	 2989.881981754315 
56.06 	 2861.3537819774824 
56.08 	 2721.481692971267 
56.1 	 2576.7711797222582 
56.12 	 2433.100582537311 
56.14 	 2295.2017281007074 
56.16 	 2166.721318330266 
56.18 	 2050.0021524685476 
56.2 	 1946.3426939126832 
56.22 	 1856.0109339406665 
56.24 	 1778.5790449876229 
56.26 	 1713.038060475194 
56.28 	 1658.0927809037044 
56.3 	 1612.268923973249 
56.32 	 1574.110181109707 
56.34 	 1542.2300751168484 
56.36 	 1515.4108587065277 
56.38 	 1492.6017988361884 
56.4 	 1472.9500004315182 
56.42 	 1455.7672674399378 
56.44 	 1440.5262096274462 
56.46 	 1426.8174983738625 
56.48 	 1414.3358720688302 
56.5 	 1402.842834889456 
56.52 	 1392.1574662628727 
56.54 	 1382.1322515407394 
56.56 	 1372.6541565833925 
56.58 	 1363.632526158732 
56.6 	 1355.00612120253 
56.62 	 1346.7343636950452 
56.64 	 1338.801192561681 
56.66 	 1331.2015417105638 
56.68 	 1323.9386091400781 
56.7 	 1317.0078272703065 
56.72 	 1310.3957044584474 
56.74 	 1304.0729632562052 
56.76 	 1298.0067724348 
56.78 	 1292.1708941703025 
56.8 	 1286.5725471486478 
56.82 	 1281.2730928719316 
56.84 	 1276.4173762005548 
56.86 	 1272.2509576829013 
56.88 	 1269.1405414001113 
56.9 	 1267.5839100588873 
56.92 	 1268.2247445464347 
56.94 	 1271.8670509365838 
56.96 	 1279.4949706435245 
56.98 	 1292.3001646177588 
57.0 	 1311.6978057842944 
57.02 	 1339.346474475069 
57.04 	 1377.115195076806 
57.06 	 1427.048026236185 
57.08 	 1491.2219256657922 
57.1 	 1571.6237603254879 
57.12 	 1669.8773640990057 
57.14 	 1787.0727018581747 
57.16 	 1923.4211395412945 
57.18 	 2078.16466430761 
57.2 	 2249.282560907296 
57.22 	 2433.6391998615445 
57.24 	 2626.851916259833 
57.26 	 2823.760543427141 
57.28 	 3018.4692956416816 
57.3 	 3205.066767181074 
57.32 	 3377.7387074714616 
57.34 	 3531.5281872064884 
57.36 	 3662.3681351275454 
57.38 	 3767.642170579079 
57.4 	 3846.0421228870805 
57.42 	 3897.789992781551 
57.44 	 3924.3420142310524 
57.46 	 3928.2899178312646 
57.48 	 3913.0226442939797 
57.5 	 3882.437255920237 
57.52 	 3840.6743323940154 
57.54 	 3791.781754313909 
57.56 	 3739.573500763715 
57.58 	 3687.3318216335497 
57.6 	 3637.7675965713006 
57.62 	 3592.7901073778526 
57.64 	 3553.5290766671274 
57.66 	 3520.1913451739742 
57.68 	 3492.141946487183 
57.7 	 3467.8843726436007 
57.72 	 3445.2372415047134 
57.74 	 3421.4634670767277 
57.76 	 3393.56448556088 
57.78 	 3358.515279200627 
57.8 	 3313.6284330976346 
57.82 	 3256.7657227829327 
57.84 	 3186.659235350659 
57.86 	 3102.9442103962087 
57.88 	 3006.3309084186926 
57.9 	 2898.379964354262 
57.92 	 2781.50515493711 
57.94 	 2658.5496750057055 
57.96 	 2532.7036561005707 
57.98 	 2407.040447889637 
58.0 	 2284.4734824101274 
58.02 	 2167.4064055407216 
58.04 	 2057.804336709498 
58.06 	 1957.0164334567262 
58.08 	 1865.943653083064 
58.1 	 1784.9884955462894 
58.12 	 1714.2414820952347 
58.14 	 1653.4743619989183 
58.16 	 1602.2800530467925 
58.18 	 1560.061530942774 
58.2 	 1526.1192956732975 
58.22 	 1499.6467971718487 
58.24 	 1479.8052998837272 
58.26 	 1465.7589116200909 
58.28 	 1456.7696058409888 
58.3 	 1452.2745617531589 
58.32 	 1451.9858722496708 
58.34 	 1455.9635864710622 
58.36 	 1464.6616706547638 
58.38 	 1478.9303662944644 
58.4 	 1499.9512847657845 
58.42 	 1529.135015780848 
58.44 	 1567.9365205632803 
58.46 	 1617.6809638067677 
58.48 	 1679.3148422250335 
58.5 	 1753.2536889353178 
58.52 	 1839.1639154292488 
58.54 	 1935.9424000627787 
58.56 	 2041.61297243264 
58.58 	 2153.5049216039774 
58.6 	 2268.288915600965 
58.62 	 2382.3348971165724 
58.64 	 2491.8356972751317 
58.66 	 2593.237028526568 
58.68 	 2683.347657966271 
58.7 	 2759.695327796127 
58.72 	 2820.5325979074696 
58.74 	 2865.0094790949242 
58.76 	 2893.0507770804907 
58.78 	 2905.3294889542212 
58.8 	 2903.0730660980157 
58.82 	 2887.912956272006 
58.84 	 2861.7197410846015 
58.86 	 2826.436639416413 
58.88 	 2784.0192223758795 
58.9 	 2736.320917121162 
58.92 	 2685.1414484394763 
58.94 	 2632.159390808764 
58.96 	 2579.0272567611964 
58.98 	 2527.299120549295 
59.0 	 2478.4959034827507 
59.02 	 2433.9885164619213 
59.04 	 2395.0006732505876 
59.06 	 2362.4637611772155 
59.08 	 2336.988720478552 
59.1 	 2318.7572241210087 
59.12 	 2307.5265069877464 
59.14 	 2302.618368579 
59.16 	 2302.9956881363423 
59.18 	 2307.3547281294505 
59.2 	 2314.2512188686833 
59.22 	 2322.2352349654584 
59.24 	 2329.9594009989387 
59.26 	 2336.271339129839 
59.28 	 2340.2447139057563 
59.3 	 2341.180412652103 
59.32 	 2338.556574918703 
59.34 	 2331.9571201692506 
59.36 	 2320.99637833085 
59.38 	 2305.2410004964236 
59.4 	 2284.184550255887 
59.42 	 2257.223679279594 
59.44 	 2223.726361094399 
59.46 	 2183.0735184187124 
59.48 	 2134.8060579299317 
59.5 	 2078.6866993615713 
59.52 	 2014.8645711412878 
59.54 	 1943.8868566703684 
59.56 	 1866.811652359213 
59.58 	 1785.1188476542698 
59.6 	 1700.7319755296571 
59.62 	 1615.8269149562796 
59.64 	 1532.7701168874207 
59.66 	 1453.8721672250842 
59.68 	 1381.287510314699 
59.7 	 1316.7842838027093 
59.72 	 1261.665178956555 
59.74 	 1216.6200495207895 
59.76 	 1181.7185719949478 
59.78 	 1156.3855175791332 
59.8 	 1139.4892013148842 
59.82 	 1129.4398431902355 
59.84 	 1124.3592402189734 
59.86 	 1122.2578755916916 
59.88 	 1121.2308712359898 
59.9 	 1119.6337397690527 
59.92 	 1116.2271122779616 
59.94 	 1110.2676450356632 
59.96 	 1101.5497498339446 
59.98 	 1090.2269938056368 
