0.0 	 0.0 
0.02 	 1096.5117610594696 
0.04 	 2292.845425537316 
0.06 	 3538.25804415313 
0.08 	 4778.528407197645 
0.1 	 5960.870688786041 
0.12 	 7038.621196578394 
0.14 	 7975.097405338917 
0.16 	 8746.164339260957 
0.18 	 9341.249542374393 
0.2 	 9762.784693699214 
0.22 	 10024.276287432413 
0.24 	 10147.382323512547 
0.26 	 10158.47202546493 
0.28 	 10085.162857253834 
0.3 	 9953.270968305951 
0.32 	 9784.497123509758 
0.34 	 9595.026089000741 
0.36 	 9395.069855166967 
0.38 	 9189.25632440432 
0.4 	 8977.67043476279 
0.42 	 8757.301400036398 
0.44 	 8523.637791017149 
0.46 	 8272.17590699515 
0.48 	 7999.657043047437 
0.5 	 7704.914937897996 
0.52 	 7389.284929214112 
0.54 	 7056.591382889492 
0.56 	 6712.782147859449 
0.58 	 6365.3132010424215 
0.6 	 6022.401414628038 
0.62 	 5692.259613668442 
0.64 	 5382.40943914883 
0.66 	 5099.139339611861 
0.68 	 4847.143274920813 
0.7 	 4629.345964278334 
0.72 	 4446.896916520484 
0.74 	 4299.300308987279 
0.76 	 4184.641309932502 
0.78 	 4099.870298804659 
0.8 	 4041.1122384616306 
0.82 	 4003.976508819042 
0.84 	 3983.8504842975735 
0.86 	 3976.166457750878 
0.88 	 3976.635528457182 
0.9 	 3981.4439447877317 
0.92 	 3987.4078337627834 
0.94 	 3992.0821831554094 
0.96 	 3993.8202012748575 
0.98 	 3991.7803060712963 
1.0 	 3985.880156382977 
1.02 	 3976.700160905745 
1.04 	 3965.342380136595 
1.06 	 3953.2541761055277 
1.08 	 3942.0289012271523 
1.1 	 3933.1980067862632 
1.12 	 3928.02999951374 
1.14 	 3927.35162276447 
1.16 	 3931.4055200049365 
1.18 	 3939.756528277395 
1.2 	 3951.255732453539 
1.22 	 3964.0675744128807 
1.24 	 3975.760767038914 
1.26 	 3983.4586907800117 
1.28 	 3984.0396417750158 
1.3 	 3974.372184417858 
1.32 	 3951.566495668793 
1.34 	 3913.219605540984 
1.36 	 3857.631446190438 
1.38 	 3783.9700777429393 
1.4 	 3692.3685372063787 
1.42 	 3583.9422490739644 
1.44 	 3460.7242112971867 
1.46 	 3325.52421923199 
1.48 	 3181.72696098309 
1.5 	 3033.050622612923 
1.52 	 2883.2915989205244 
1.54 	 2736.0813616209134 
1.56 	 2594.6784184071666 
1.58 	 2461.8121490787375 
1.6 	 2339.5872043219365 
1.62 	 2229.448503099272 
1.64 	 2132.199127081969 
1.66 	 2048.0578205737893 
1.68 	 1976.7401396645212 
1.7 	 1917.5477419841786 
1.72 	 1869.453455410599 
1.74 	 1831.1747081573137 
1.76 	 1801.2334549564746 
1.78 	 1778.0056682523018 
1.8 	 1759.7667602313843 
1.82 	 1744.7403419616223 
1.84 	 1731.1563977036594 
1.86 	 1717.3216545695236 
1.88 	 1701.7004739389397 
1.9 	 1683.000033790378 
1.92 	 1660.2499800535963 
1.94 	 1632.8649647447696 
1.96 	 1600.6790392327407 
1.98 	 1563.94372988578 
2.0 	 1523.286308194718 
2.02 	 1479.6304206750117 
2.04 	 1434.0868157514926 
2.06 	 1387.8263743870025 
2.08 	 1341.9502343398262 
2.1 	 1297.3720968337211 
2.12 	 1254.725866281555 
2.14 	 1214.308049965753 
2.16 	 1176.0595665635058 
2.18 	 1139.5866185194106 
2.2 	 1104.2158423949418 
2.22 	 1069.0756240508836 
2.24 	 1033.1935312620597 
2.26 	 995.5992745985423 
2.28 	 955.4232411464754 
2.3 	 911.9821205429338 
2.32 	 864.8451095417731 
2.34 	 813.876352857843 
2.36 	 759.2514650058814 
2.38 	 701.4480807417993 
2.4 	 641.212352094083 
2.42 	 579.5051017095844 
2.44 	 517.4328743966943 
2.46 	 456.17027537596095 
2.48 	 396.8805946325695 
2.5 	 340.64166139016186 
2.52 	 288.38309108108155 
2.54 	 240.8396285287077 
2.56 	 198.52332568444936 
2.58 	 161.71509029944602 
2.6 	 130.4740236389783 
2.62 	 104.66123641933527 
2.64 	 83.97372123898823 
2.66 	 67.98347491107987 
2.68 	 56.17737790780749 
2.7 	 47.99420386646725 
2.72 	 42.856324246499426 
2.74 	 40.19494069791739 
2.76 	 39.46879631028668 
2.78 	 40.17712924639204 
2.8 	 41.86806798849652 
2.82 	 44.143742381990386 
2.84 	 46.663182236331636 
2.86 	 49.143716784710364 
2.88 	 51.361200693865754 
2.9 	 53.14908005483245 
2.92 	 54.39613877776289 
2.94 	 55.04274911002221 
2.96 	 55.075564839459 
2.98 	 54.52078893699519 
3.0 	 53.43635468746819 
3.02 	 51.903522376804965 
3.04 	 50.018472607904286 
3.06 	 47.88445765783312 
3.08 	 45.60496412597611 
3.1 	 43.27817257712631 
3.12 	 40.99281182583297 
3.14 	 38.8253355713564 
3.16 	 36.838227209466176 
3.18 	 35.07918068738856 
3.2 	 33.580911412042724 
3.22 	 32.36140784146263 
3.24 	 31.42451855243562 
3.26 	 30.760854940105943 
3.28 	 30.3490524975423 
3.3 	 30.157457579080077 
3.32 	 30.14628594238263 
3.34 	 30.270239683432933 
3.36 	 30.48148545321097 
3.38 	 30.732809990141646 
3.4 	 30.980701000967947 
3.42 	 31.188070354535068 
3.44 	 31.326352553965247 
3.46 	 31.376774489714254 
3.48 	 31.33069242741179 
3.5 	 31.18901118003613 
3.52 	 30.960816853825687 
3.54 	 30.66144783258371 
3.56 	 30.31028346239264 
3.58 	 29.92853911134043 
3.6 	 29.53732193537343 
3.62 	 29.15613382020559 
3.64 	 28.801921882231994 
3.66 	 28.488689531707724 
3.68 	 28.227607430841175 
3.7 	 28.027514038662257 
3.72 	 27.895674031315703 
3.74 	 27.83866782882315 
3.76 	 27.86331000311661 
3.78 	 27.9775289279272 
3.8 	 28.19117457985967 
3.82 	 28.516747381941617 
3.84 	 28.970052915976137 
3.86 	 29.570783552808585 
3.88 	 30.343010733399044 
3.9 	 31.31554617629688 
3.92 	 32.52210421698691 
3.94 	 34.00117905581843 
3.96 	 35.79554733867103 
3.98 	 37.951323324280274 
4.0 	 40.51653241019119 
4.02 	 43.53922609985007 
4.04 	 47.065230203033664 
4.06 	 51.13568707129247 
4.08 	 55.784608896208155 
4.1 	 61.03668995912767 
4.12 	 66.9056219690983 
4.14 	 73.39311490992856 
4.16 	 80.4887502732488 
4.18 	 88.17069582927583 
4.2 	 96.40720851815514 
4.22 	 105.15876417708157 
4.24 	 114.38059694490576 
4.26 	 124.02541798106373 
4.28 	 134.04611356818617 
4.3 	 144.3982871574863 
4.32 	 155.04259015247507 
4.34 	 165.94685933860524 
4.36 	 177.08812293506105 
4.38 	 188.45453671844686 
4.4 	 200.0472612368307 
4.42 	 211.8821970763119 
4.44 	 223.99137394230888 
4.46 	 236.42366417167753 
4.48 	 249.24438775998485 
4.5 	 262.53331812004984 
4.52 	 276.38060563823797 
4.54 	 290.8802247192714 
4.56 	 306.1207291472866 
4.58 	 322.1733737275864 
4.6 	 339.07802184982376 
4.62 	 356.82768973853285 
4.64 	 375.35304054119047 
4.66 	 394.50857408259594 
4.68 	 414.0625787432807 
4.7 	 433.6930259594406 
4.72 	 452.9914063180151 
4.74 	 471.4759698927081 
4.76 	 488.6149381770549 
4.78 	 503.8590708944288 
4.8 	 516.6816484862857 
4.82 	 526.6226884983554 
4.84 	 533.3333069507252 
4.86 	 536.6158130930161 
4.88 	 536.4555830310783 
4.9 	 533.0420974607563 
4.92 	 526.7787412122432 
4.94 	 518.2839271634132 
4.96 	 508.3896156596147 
4.98 	 498.1470864736037 
5.0 	 488.8535822938004 
5.02 	 482.11684361584133 
5.04 	 479.97718724993985 
5.06 	 485.1081023064012 
5.08 	 501.11559912614314 
5.1 	 532.9527508146193 
5.12 	 587.4578125651947 
5.14 	 674.0107683456539 
5.16 	 805.2832495709766 
5.18 	 998.0304614677577 
5.2 	 1273.842467072097 
5.22 	 1659.739350072721 
5.24 	 2188.4661096566306 
5.26 	 2898.326343107993 
5.28 	 3832.3975744243735 
5.3 	 5037.0034715572965 
5.32 	 6559.38402333383 
5.34 	 8444.603235710916 
5.36 	 10731.856640530794 
5.38 	 13450.471203470872 
5.4 	 16616.004508729893 
5.42 	 20226.92165485954 
5.44 	 24262.332901653914 
5.46 	 28681.19764935632 
5.48 	 33423.24064672581 
5.5 	 38411.60244144539 
5.52 	 43556.99333238902 
5.54 	 48762.885459172685 
5.56 	 53931.11018173373 
5.58 	 58967.16692385518 
5.6 	 63784.614207322404 
5.62 	 68308.09578205486 
5.64 	 72474.81951238772 
5.66 	 76234.59866974599 
5.68 	 79548.82145999109 
5.7 	 82388.87944253602 
5.72 	 84734.6247451507 
5.74 	 86573.33526354299 
5.76 	 87899.47270033752 
5.78 	 88715.27031982681 
5.8 	 89031.94622057273 
5.82 	 88871.15949359228 
5.84 	 88266.24826875012 
5.86 	 87262.82140258416 
5.88 	 85918.40327937558 
5.9 	 84301.01672764009 
5.92 	 82486.78524580611 
5.94 	 80556.79798012193 
5.96 	 78593.57780691439 
5.98 	 76677.5124565882 
6.0 	 74883.55895301317 
6.02 	 73278.43639780741 
6.04 	 71918.41270266233 
6.06 	 70847.69747696909 
6.08 	 70097.39728516384 
6.1 	 69684.97875627285 
6.12 	 69614.21301997009 
6.14 	 69875.62349824968 
6.16 	 70447.50390590662 
6.18 	 71297.59075566346 
6.2 	 72385.44818139782 
6.22 	 73665.54775912141 
6.24 	 75090.9112370016 
6.26 	 76617.0511533325 
6.28 	 78205.82288137883 
6.3 	 79828.7231617081 
6.32 	 81469.16080955105 
6.34 	 83123.29946847518 
6.36 	 84799.2285994509 
6.38 	 86514.43902365984 
6.4 	 88291.83050704839 
6.42 	 90154.71938577457 
6.44 	 92121.50100840496 
6.46 	 94200.71848602011 
6.48 	 96387.2734541564 
6.5 	 98660.38246970506 
6.52 	 100983.65059979397 
6.54 	 103307.33590096487 
6.56 	 105572.56134852832 
6.58 	 107716.9452127392 
6.6 	 109680.91311246416 
6.62 	 111413.85829883181 
6.64 	 112879.34548415765 
6.66 	 114058.70067658422 
6.68 	 114952.56815085832 
6.7 	 115580.3046339127 
6.72 	 115977.3724557341 
6.74 	 116191.14296153357 
6.76 	 116275.69475748342 
6.78 	 116286.27023408051 
6.8 	 116274.0377508553 
6.82 	 116281.71076693124 
6.84 	 116340.42424291947 
6.86 	 116468.0917024158 
6.88 	 116669.28972435006 
6.9 	 116936.55958213737 
6.92 	 117252.88867280951 
6.94 	 117595.03991251683 
6.96 	 117937.33333388 
6.98 	 118255.44782936566 
7.0 	 118529.80196412148 
7.02 	 118748.09466315455 
7.04 	 118906.64615137129 
7.06 	 119010.28369654655 
7.08 	 119070.6681484221 
7.1 	 119103.15013630243 
7.12 	 119122.46196645644 
7.14 	 119137.76433083523 
7.16 	 119147.73942252966 
7.18 	 119136.51566856918 
7.2 	 119071.19213263363 
7.22 	 118901.58558683735 
7.24 	 118562.55459697338 
7.26 	 117978.89144323682 
7.28 	 117072.3656331742 
7.3 	 115770.1190359063 
7.32 	 114013.32330951026 
7.34 	 111764.87665636817 
7.36 	 109014.97717838803 
7.38 	 105783.66904160152 
7.4 	 102119.88270200182 
7.42 	 98097.01508460459 
7.44 	 93805.63048420675 
7.46 	 89344.31260188647 
7.48 	 84809.98003441366 
7.5 	 80289.03932829206 
7.52 	 75850.58049774855 
7.54 	 71542.45292941142 
7.56 	 67390.56546315034 
7.58 	 63401.22633750918 
7.6 	 59565.87297238642 
7.62 	 55867.21815789859 
7.64 	 52285.70628675197 
7.66 	 48805.23939511683 
7.68 	 45417.368068312084 
7.7 	 42123.48752212789 
7.72 	 38934.96049107005 
7.74 	 35871.43365846615 
7.76 	 32957.86680245988 
7.78 	 30220.922194793835 
7.8 	 27685.362452067973 
7.82 	 25370.998711189197 
7.84 	 23290.5547194657 
7.86 	 21448.6094741736 
7.88 	 19841.59133307327 
7.9 	 18458.649499186606 
7.92 	 17283.13992525059 
7.94 	 16294.43355807757 
7.96 	 15469.776042907242 
7.98 	 14785.983600076981 
8.0 	 14220.831976336713 
8.02 	 13754.06832126767 
8.04 	 13368.03804360373 
8.06 	 13047.96384859858 
8.08 	 12781.940713040814 
8.1 	 12560.720579471275 
8.12 	 12377.35822211468 
8.14 	 12226.779964378142 
8.16 	 12105.324288078784 
8.18 	 12010.291424240513 
8.2 	 11939.529951285773 
8.22 	 11891.083019235257 
8.24 	 11862.914548471108 
8.26 	 11852.735101873786 
8.28 	 11857.946004081923 
8.3 	 11875.716514269396 
8.32 	 11903.200748453144 
8.34 	 11937.887842041573 
8.36 	 11978.061071009048 
8.38 	 12023.321214292224 
8.4 	 12075.109437548703 
8.42 	 12137.149251223456 
8.44 	 12215.719584914323 
8.46 	 12319.675028485446 
8.48 	 12460.146777611135 
8.5 	 12649.888842220485 
8.52 	 12902.276457361006 
8.54 	 13230.012956854167 
8.56 	 13643.651290577514 
8.58 	 14150.07931595622 
8.6 	 14751.14620047777 
8.62 	 15442.614040780172 
8.64 	 16213.599889446697 
8.66 	 17046.628195233254 
8.68 	 17918.34602504806 
8.7 	 18800.871576779733 
8.72 	 19663.662136886236 
8.74 	 20475.714195336608 
8.76 	 21207.858556882067 
8.78 	 21834.896301496137 
8.8 	 22337.341223263127 
8.82 	 22702.588265248523 
8.84 	 22925.40658495361 
8.86 	 23007.746792524464 
8.88 	 22957.939312732182 
8.9 	 22789.430689047957 
8.92 	 22519.24692664087 
8.94 	 22166.383369171537 
8.96 	 21750.30098940533 
8.98 	 21289.66641471392 
9.0 	 20801.417791039516 
9.02 	 20300.181764906778 
9.04 	 19798.0179522644 
9.06 	 19304.43261334153 
9.08 	 18826.585343152172 
9.1 	 18369.6102859575 
9.12 	 17936.982942037645 
9.14 	 17530.880065072975 
9.16 	 17152.498564684247 
9.18 	 16802.3159715272 
9.2 	 16480.287759002298 
9.22 	 16185.985118532762 
9.24 	 15918.681312683304 
9.26 	 15677.396717024716 
9.28 	 15460.91333726994 
9.3 	 15267.769784454415 
9.32 	 15096.2477074074 
9.34 	 14944.36038427093 
9.36 	 14809.853230819203 
9.38 	 14690.22411553583 
9.4 	 14582.768532634962 
9.42 	 14484.651107106596 
9.44 	 14393.001037831405 
9.46 	 14305.025458353139 
9.48 	 14218.131794783445 
9.5 	 14130.048373974323 
9.52 	 14038.931963222618 
9.54 	 13943.45163898774 
9.56 	 13842.84031468822 
9.58 	 13736.908267143926 
9.6 	 13626.016897323738 
9.62 	 13511.015496284132 
9.64 	 13393.148633736972 
9.66 	 13273.94650843857 
9.68 	 13155.114633670984 
9.7 	 13038.44189732655 
9.72 	 12925.746594184217 
9.74 	 12818.877796658302 
9.76 	 12719.783966359757 
9.78 	 12630.65201246946 
9.8 	 12554.108687549828 
9.82 	 12493.463559396605 
9.84 	 12452.96064274807 
9.86 	 12437.996204625295 
9.88 	 12455.255199516605 
9.9 	 12512.71960897763 
9.92 	 12619.509194483775 
9.94 	 12785.528511208937 
9.96 	 13020.91249952912 
9.98 	 13335.285216352318 
10.0 	 13736.870756837816 
10.02 	 14231.520415000634 
10.04 	 14821.743448708723 
10.06 	 15505.847471847219 
10.08 	 16277.30460569927 
10.1 	 17124.45666424591 
10.12 	 18030.652887413176 
10.14 	 18974.875115876275 
10.16 	 19932.849386035054 
10.18 	 20878.575763600646 
10.2 	 21786.140174734046 
10.22 	 22631.616067648312 
10.24 	 23394.832835795343 
10.26 	 24060.791438652883 
10.28 	 24620.5485201439 
10.3 	 25071.463557916664 
10.32 	 25416.796750816426 
10.34 	 25664.74113369443 
10.36 	 25827.052504404932 
10.38 	 25917.490187349234 
10.4 	 25950.29223466275 
10.42 	 25938.880606996474 
10.44 	 25894.9333561273 
10.46 	 25827.885584165797 
10.48 	 25744.844740135097 
10.5 	 25650.84277261148 
10.52 	 25549.30746995032 
10.54 	 25442.621800354213 
10.56 	 25332.651291698356 
10.58 	 25221.14919723493 
10.6 	 25109.988828900943 
10.62 	 25001.213294878165 
10.64 	 24896.92776068901 
10.66 	 24799.083571954536 
10.68 	 24709.215209832826 
10.7 	 24628.190654935464 
10.72 	 24556.025722059036 
10.74 	 24491.79679080432 
10.76 	 24433.667906012455 
10.78 	 24379.03089511716 
10.8 	 24324.74346785608 
10.82 	 24267.441489250126 
10.84 	 24203.89767871203 
10.86 	 24131.398712594575 
10.88 	 24048.11431676937 
10.9 	 23953.43369735677 
10.92 	 23848.2454898421 
10.94 	 23735.137240220738 
10.96 	 23618.490193016485 
10.98 	 23504.446377670796 
11.0 	 23400.729157065223 
11.02 	 23316.30638277918 
11.04 	 23260.89692915485 
11.06 	 23244.335501746602 
11.08 	 23275.825490725594 
11.1 	 23363.12350453832 
11.12 	 23511.710784394385 
11.14 	 23724.0153218453 
11.16 	 23998.753954982287 
11.18 	 24330.465691462152 
11.2 	 24709.305089448375 
11.22 	 25121.156022826555 
11.24 	 25548.109422108933 
11.26 	 25969.321905945435 
11.28 	 26362.23547217683 
11.3 	 26704.094050714648 
11.32 	 26973.646135320425 
11.34 	 27152.881723179573 
11.36 	 27228.625166526024 
11.38 	 27193.800931528083 
11.4 	 27048.21109596059 
11.42 	 26798.71138041584 
11.44 	 26458.741071718003 
11.46 	 26047.241420666374 
11.48 	 25587.074498409434 
11.5 	 25103.117545672427 
11.52 	 24620.246452948337 
11.54 	 24161.430413783175 
11.56 	 23746.137509014465 
11.58 	 23389.202609458076 
11.6 	 23100.243087410436 
11.62 	 22883.635156464505 
11.64 	 22738.995177171586 
11.66 	 22662.055328239112 
11.68 	 22645.788044150228 
11.7 	 22681.621280814757 
11.72 	 22760.59601089488 
11.74 	 22874.34428605131 
11.76 	 23015.804607622824 
11.78 	 23179.634342618225 
11.8 	 23362.32013746021 
11.82 	 23562.021823506122 
11.84 	 23778.21026163404 
11.86 	 24011.173984174453 
11.88 	 24261.473914495386 
11.9 	 24529.42126349232 
11.92 	 24814.642507099667 
11.94 	 25115.77857774851 
11.96 	 25430.344368581227 
11.98 	 25754.750881707077 
12.0 	 26084.46803482576 
12.02 	 26414.28435662668 
12.04 	 26738.604336814704 
12.06 	 27051.71882243622 
12.08 	 27347.991215529542 
12.1 	 27621.922690795756 
12.12 	 27868.090518760102 
12.14 	 28080.98908588437 
12.16 	 28254.835455970475 
12.18 	 28383.422054928786 
12.2 	 28460.101808726187 
12.22 	 28477.973081324453 
12.24 	 28430.295165682917 
12.26 	 28311.116752441423 
12.28 	 28116.049966589228 
12.3 	 27843.082420890805 
12.32 	 27493.298713082633 
12.34 	 27071.386190804802 
12.36 	 26585.827468345098 
12.38 	 26048.72855055353 
12.4 	 25475.28696090834 
12.42 	 24882.957804797486 
12.44 	 24290.417059703166 
12.46 	 23716.443669051052 
12.48 	 23178.842895801292 
12.5 	 22693.51521261461 
12.52 	 22273.743770614303 
12.54 	 21929.737067234313 
12.56 	 21668.429521001002 
12.58 	 21493.517017786147 
12.6 	 21405.68985980031 
12.62 	 21403.021427210864 
12.64 	 21481.474121766016 
12.66 	 21635.490238275735 
12.68 	 21858.639757314548 
12.7 	 22144.296477964577 
12.72 	 22486.307481618842 
12.74 	 22879.610253951894 
12.76 	 23320.74066808193 
12.78 	 23808.168409225942 
12.8 	 24342.399108567177 
12.82 	 24925.79770759992 
12.84 	 25562.115968303166 
12.86 	 26255.74590756825 
12.88 	 27010.76453553073 
12.9 	 27829.87578924603 
12.92 	 28713.384628434007 
12.94 	 29658.348895440497 
12.96 	 30658.042795271063 
12.98 	 31701.831981482028 
13.0 	 32775.50893550492 
13.02 	 33862.07695635717 
13.04 	 34942.91199661571 
13.06 	 35999.18399526064 
13.08 	 37013.39115796173 
13.1 	 37970.855746735186 
13.12 	 38861.047575921344 
13.14 	 39678.636362006495 
13.16 	 40424.21793708515 
13.18 	 41104.702341381686 
13.2 	 41733.38483648725 
13.22 	 42329.73723346919 
13.24 	 42918.953612799356 
13.26 	 43531.262855102774 
13.28 	 44200.98603794401 
13.3 	 44965.279014066255 
13.32 	 45862.47123409504 
13.34 	 46929.90380296326 
13.36 	 48201.19414499114 
13.38 	 49702.91871346798 
13.4 	 51450.80931999258 
13.42 	 53445.6942084145 
13.44 	 55669.563224166 
13.46 	 58082.26958649335 
13.48 	 60619.465704547096 
13.5 	 63192.37470419501 
13.52 	 65689.8987462746 
13.54 	 67983.35184365495 
13.56 	 69933.79260784206 
13.58 	 71401.55861983985 
13.6 	 72257.22626755021 
13.62 	 72392.9060357392 
13.64 	 71732.59904603276 
13.66 	 70240.33479542196 
13.68 	 67925.00178692896 
13.7 	 64841.154986280206 
13.72 	 61085.584094814236 
13.74 	 56789.97511008019 
13.76 	 52110.503710014025 
13.78 	 47215.57858242324 
13.8 	 42273.145569059816 
13.82 	 37438.94437849021 
13.84 	 32846.8926827293 
13.86 	 28602.405989355728 
13.88 	 24779.01669651491 
13.9 	 21418.210156281515 
13.92 	 18532.01884149957 
13.94 	 16107.656661527317 
13.96 	 14113.355919394535 
13.98 	 12504.584114761354 
14.0 	 11229.939894819736 
14.02 	 10236.217216404611 
14.04 	 9472.341375876033 
14.06 	 8892.0824748899 
14.08 	 8455.614524132186 
14.1 	 8130.098264773565 
14.12 	 7889.521649386325 
14.14 	 7714.041659776546 
14.16 	 7589.047734316039 
14.18 	 7504.124696650023 
14.2 	 7452.044086108518 
14.22 	 7427.866090529855 
14.24 	 7428.194940208616 
14.26 	 7450.60045576634 
14.28 	 7493.1971177498335 
14.3 	 7554.358203366459 
14.32 	 7632.53475864193 
14.34 	 7726.14633398152 
14.36 	 7833.511813762405 
14.38 	 7952.793827663274 
14.4 	 8081.938548242693 
14.42 	 8218.60319819073 
14.44 	 8360.074891635737 
14.46 	 8503.194727312462 
14.48 	 8644.308439141474 
14.5 	 8779.267749177028 
14.52 	 8903.503852793507 
14.54 	 9012.186134528376 
14.56 	 9100.466300967959 
14.58 	 9163.79269855459 
14.6 	 9198.264478078418 
14.62 	 9200.983538716333 
14.64 	 9170.356523548413 
14.66 	 9106.301251496356 
14.68 	 9010.322127168623 
14.7 	 8885.435940287674 
14.72 	 8735.950313733189 
14.74 	 8567.118266454925 
14.76 	 8384.710169903365 
14.78 	 8194.555683240495 
14.8 	 8002.111211896678 
14.82 	 7812.102794851196 
14.84 	 7628.281382603579 
14.86 	 7453.309690363028 
14.88 	 7288.780275858574 
14.9 	 7135.34627255097 
14.92 	 6992.931877029799 
14.94 	 6860.981000584203 
14.96 	 6738.700286139915 
14.98 	 6625.256926431418 
15.0 	 6519.901609517982 
15.02 	 6422.001057498913 
15.04 	 6330.981110152251 
15.06 	 6246.197865991053 
15.08 	 6166.768574915648 
15.1 	 6091.403422489599 
15.12 	 6018.282171404833 
15.14 	 5945.014832842965 
15.16 	 5868.713366636969 
15.18 	 5786.18348938058 
15.2 	 5694.224914222862 
15.22 	 5590.0085024915525 
15.24 	 5471.483762637071 
15.26 	 5337.763096255153 
15.28 	 5189.431952076631 
15.3 	 5028.74649027328 
15.32 	 4859.700375038055 
15.34 	 4687.966157764828 
15.36 	 4520.73971624475 
15.38 	 4366.5336997151135 
15.4 	 4234.97412467907 
15.42 	 4136.651026664274 
15.44 	 4083.059271351476 
15.46 	 4086.6411832485687 
15.48 	 4160.912230333309 
15.5 	 4320.619506975538 
15.52 	 4581.855669620093 
15.54 	 4962.033685334764 
15.56 	 5479.624845341316 
15.58 	 6153.577085021897 
15.6 	 7002.363699428848 
15.62 	 8042.662278971662 
15.64 	 9287.725253053293 
15.66 	 10745.56891508309 
15.68 	 12417.166896111241 
15.7 	 14294.87535303856 
15.72 	 16361.330088098517 
15.74 	 18589.03299753883 
15.76 	 20940.784521487032 
15.78 	 23371.024734258808 
15.8 	 25828.029947274164 
15.82 	 28256.791450024433 
15.84 	 30602.298461417013 
15.86 	 32812.87780732064 
15.88 	 34843.22268287289 
15.9 	 36656.77826922105 
15.92 	 38227.239102910295 
15.94 	 39539.038353908036 
15.96 	 40586.85161536637 
15.98 	 41374.2731591248 
16.0 	 41911.92797953676 
16.02 	 42215.34127700674 
16.04 	 42302.89024839481 
16.06 	 42194.11331566484 
16.08 	 41908.56080450652 
16.1 	 41465.25693556675 
16.12 	 40882.72718282318 
16.14 	 40179.44786874244 
16.16 	 39374.511868052075 
16.18 	 38488.283812906026 
16.2 	 37542.84031872678 
16.22 	 36562.04789699605 
16.24 	 35571.21009342688 
16.26 	 34596.299894152355 
16.28 	 33662.86795382839 
16.3 	 32794.76952357893 
16.32 	 32012.876395733965 
16.34 	 31333.934303041206 
16.36 	 30769.6962032476 
16.38 	 30326.416736279338 
16.4 	 30004.743156428347 
16.42 	 29799.992323951945 
16.44 	 29702.767964294613 
16.46 	 29699.84964274184 
16.48 	 29775.27363199182 
16.5 	 29911.522847820514 
16.52 	 30090.744658043415 
16.54 	 30295.9190469188 
16.56 	 30511.904581926166 
16.58 	 30726.296847908372 
16.6 	 30930.045329767778 
16.62 	 31117.7916638442 
16.64 	 31287.914876237144 
16.66 	 31442.295898736975 
16.68 	 31585.840778483685 
16.7 	 31725.82513808518 
16.72 	 31871.137401863063 
16.74 	 32031.502235557775 
16.76 	 32216.75778805422 
16.78 	 32436.24217236819 
16.8 	 32698.31958212248 
16.82 	 33010.04909344003 
16.84 	 33376.97445305552 
16.86 	 33802.99541665731 
16.88 	 34290.27376566159 
16.9 	 34839.13170508293 
16.92 	 35447.916762382265 
16.94 	 36112.83336125202 
16.96 	 36827.77269841446 
16.98 	 37584.20340350828 
17.0 	 38371.2085749471 
17.02 	 39175.76293992306 
17.04 	 39983.33120750371 
17.06 	 40778.83222489691 
17.08 	 41547.954717411136 
17.1 	 42278.73580006651 
17.12 	 42963.23478362655 
17.14 	 43599.06751592295 
17.16 	 44190.527307815515 
17.18 	 44749.021948741676 
17.2 	 45292.61114898074 
17.22 	 45844.53472778875 
17.24 	 46430.76810799952 
17.26 	 47076.80703741154 
17.28 	 47804.03938271214 
17.3 	 48626.1773793829 
17.32 	 49546.271845571726 
17.34 	 50554.7937974983 
17.36 	 51629.14687432941 
17.38 	 52734.78113533707 
17.4 	 53827.84542361353 
17.42 	 54859.08171398613 
17.44 	 55778.4727287006 
17.46 	 56540.038876893515 
17.48 	 57106.163218179005 
17.5 	 57450.90585569927 
17.52 	 57561.93500705579 
17.54 	 57440.91883106971 
17.56 	 57102.44964160703 
17.58 	 56571.77062146213 
17.6 	 55881.71320102341 
17.62 	 55069.31351763468 
17.64 	 54172.55749174726 
17.66 	 53227.619180670816 
17.68 	 52266.82937910279 
17.7 	 51317.468255117354 
17.72 	 50401.3427923504 
17.74 	 49535.006458906966 
17.76 	 48730.41581699952 
17.78 	 47995.798965926166 
17.8 	 47336.52880357269 
17.82 	 46755.84040460085 
17.84 	 46255.29459277895 
17.86 	 45834.95743487551 
17.88 	 45493.32793077543 
17.9 	 45227.09596906862 
17.92 	 45030.844479481006 
17.94 	 44896.82082083872 
17.96 	 44814.89220648529 
17.98 	 44772.770015431655 
18.0 	 44756.54206249966 
18.02 	 44751.49642905541 
18.04 	 44743.16330867684 
18.06 	 44718.45163782876 
18.08 	 44666.72407019881 
18.1 	 44580.644428779866 
18.12 	 44456.650162077836 
18.14 	 44294.94806171967 
18.16 	 44098.99908845534 
18.18 	 43874.537597788134 
18.2 	 43628.2485032056 
18.22 	 43366.289125053794 
18.24 	 43092.87863874509 
18.26 	 42809.17940636541 
18.28 	 42512.659246091425 
18.3 	 42197.05655241762 
18.32 	 41852.98155373306 
18.34 	 41469.091126496176 
18.36 	 41033.68686031169 
18.38 	 40536.52016006571 
18.4 	 39970.553655106196 
18.42 	 39333.42910878269 
18.44 	 38628.42669165494 
18.46 	 37864.76240676893 
18.48 	 37057.15008905293 
18.5 	 36224.64115684372 
18.52 	 35388.83928798693 
18.54 	 34571.6603244534 
18.56 	 33792.863957012225 
18.58 	 33067.61885384724 
18.6 	 32404.37385381287 
18.62 	 31803.29252502506 
18.64 	 31255.465751673702 
18.66 	 30743.047837460206 
18.68 	 30240.369558255337 
18.7 	 29715.974078021158 
18.72 	 29135.410040223043 
18.74 	 28464.514924633906 
18.76 	 27672.8464391259 
18.78 	 26736.884021669146 
18.8 	 25642.63533224569 
18.82 	 24387.345492544533 
18.84 	 22980.112943902288 
18.86 	 21441.350529881027 
18.88 	 19801.17376826849 
18.9 	 18096.928512061997 
18.92 	 16370.16790585361 
18.94 	 14663.440249572173 
18.96 	 13017.249826805424 
18.98 	 11467.505408085231 
19.0 	 10043.686922260396 
19.02 	 8767.855427089451 
19.04 	 7654.522205590742 
19.06 	 6711.295025323419 
19.08 	 5940.144590070461 
19.1 	 5339.087794213164 
19.12 	 4904.066902571085 
19.14 	 4630.81115946845 
19.16 	 4516.492836051997 
19.18 	 4561.025857235953 
19.2 	 4767.895363264601 
19.22 	 5144.44642795909 
19.24 	 5701.597828183397 
19.26 	 6452.982706600022 
19.28 	 7413.5541061488575 
19.3 	 8597.7317695543 
19.32 	 10017.208186367556 
19.34 	 11678.57519545258 
19.36 	 13580.97315136745 
19.38 	 15713.995664130864 
19.4 	 18056.095546158 
19.42 	 20573.723478153548 
19.44 	 23221.384350041797 
19.46 	 25942.716537730772 
19.48 	 28672.592396175118 
19.5 	 31340.116661496566 
19.52 	 33872.281347979435 
19.54 	 36197.94154375762 
19.56 	 38251.72485856821 
19.58 	 39977.49051054756 
19.6 	 41331.0147460796 
19.62 	 42281.68874395997 
19.64 	 42813.15437730384 
19.66 	 42922.946590628635 
19.68 	 42621.33197834129 
19.7 	 41929.609643432705 
19.72 	 40878.16076548166 
19.74 	 39504.49835232085 
19.76 	 37851.49141324673 
19.78 	 35965.83999392198 
19.8 	 33896.78398133908 
19.82 	 31694.961073156468 
19.84 	 29411.30135479718 
19.86 	 27095.86010912693 
19.88 	 24796.538587251125 
19.9 	 22557.708435454042 
19.92 	 20418.820092227244 
19.94 	 18413.121476068503 
19.96 	 16566.62949111293 
19.98 	 14897.480359862564 
20.0 	 13415.740775585991 
20.02 	 12123.701596083229 
20.04 	 11016.613176616791 
20.06 	 10083.76942518164 
20.08 	 9309.815379584497 
20.1 	 8676.144243252702 
20.12 	 8162.262553059843 
20.14 	 7747.030377198571 
20.16 	 7409.718795633019 
20.18 	 7130.861044658615 
20.2 	 6892.900164171914 
20.22 	 6680.651406412226 
20.24 	 6481.602043892188 
20.26 	 6286.0673577124 
20.28 	 6087.2139673621905 
20.3 	 5880.955015326861 
20.32 	 5665.719735229893 
20.34 	 5442.104336333757 
20.36 	 5212.421343232766 
20.38 	 4980.177909648618 
20.4 	 4749.526301874551 
20.42 	 4524.737690682674 
20.44 	 4309.750540230533 
20.46 	 4107.836013050555 
20.48 	 3921.4059209934103 
20.5 	 3751.966885260417 
20.52 	 3600.201899782269 
20.54 	 3466.142071851511 
20.56 	 3349.3807309345448 
20.58 	 3249.2813519556707 
20.6 	 3165.1395680173678 
20.62 	 3096.2755093991377 
20.64 	 3042.051819100956 
20.66 	 3001.830445447546 
20.68 	 2974.893770911747 
20.7 	 2960.3604009348687 
20.72 	 2957.122651722884 
20.74 	 2963.823110938983 
20.76 	 2978.874749665334 
20.78 	 3000.516663154551 
20.8 	 3026.8888986794664 
20.82 	 3056.106992545651 
20.84 	 3086.320040927039 
20.86 	 3115.7439174520027 
20.88 	 3142.6709642308588 
20.9 	 3165.4660656059464 
20.92 	 3182.563894729073 
20.94 	 3192.4819249943716 
20.96 	 3193.8586805567575 
20.98 	 3185.518255796518 
21.0 	 3166.552888383388 
21.02 	 3136.4080379351362 
21.04 	 3094.9511317970646 
21.06 	 3042.5068552233047 
21.08 	 2979.848146095057 
21.1 	 2908.1412218806 
21.12 	 2828.8525912041846 
21.14 	 2743.633596876209 
21.16 	 2654.201731233441 
21.18 	 2562.2369863358545 
21.2 	 2469.3063396891826 
21.22 	 2376.821691512196 
21.24 	 2286.0283235302427 
21.26 	 2198.0143919696625 
21.28 	 2113.728660656312 
21.3 	 2033.9942122744794 
21.32 	 1959.509764667391 
21.34 	 1890.8361130103735 
21.36 	 1828.371323495236 
21.38 	 1772.3229023188196 
21.4 	 1722.6870766168247 
21.42 	 1679.2441919478179 
21.44 	 1641.5755473182385 
21.46 	 1609.1018969922973 
21.48 	 1581.1387788112047 
21.5 	 1556.9600901526512 
21.52 	 1535.8597756970153 
21.54 	 1517.2023301279908 
21.56 	 1500.4556433159682 
21.58 	 1485.2036667608477 
21.6 	 1471.1404243132063 
21.62 	 1458.0501014423955 
21.64 	 1445.7797227806 
21.66 	 1434.2110885471845 
21.68 	 1423.2374098467212 
21.7 	 1412.7479672866843 
21.72 	 1402.6217396444395 
21.74 	 1392.7288835489633 
21.76 	 1382.9375943074522 
21.78 	 1373.1234141399323 
21.8 	 1363.1784213627525 
21.82 	 1353.0186998740776 
21.84 	 1342.589720561175 
21.86 	 1331.8704157110121 
21.88 	 1320.8774989452352 
21.9 	 1309.671786263147 
21.92 	 1298.3678497107583 
21.94 	 1287.1473596709022 
21.96 	 1276.275136106662 
21.98 	 1266.115503849663 
22.0 	 1257.1453336167212 
22.02 	 1249.9594281548523 
22.04 	 1245.263889988788 
22.06 	 1243.853884227411 
22.08 	 1246.5737612735995 
22.1 	 1254.2596804339626 
22.12 	 1267.6674223768773 
22.14 	 1287.390670044409 
22.16 	 1313.7773139622336 
22.18 	 1346.8529445024415 
22.2 	 1386.2613209907215 
22.22 	 1431.2310306061108 
22.24 	 1480.575669006134 
22.26 	 1532.7317537649562 
22.28 	 1585.8344779502493 
22.3 	 1637.8267794509507 
22.32 	 1686.5926633375743 
22.34 	 1730.1019804899036 
22.36 	 1766.5516183026805 
22.38 	 1794.487811676534 
22.4 	 1812.896247476541 
22.42 	 1821.2506403504099 
22.44 	 1819.5159355115936 
22.46 	 1808.1083663097374 
22.48 	 1787.8202329234966 
22.5 	 1759.7215035112235 
22.52 	 1725.052464137647 
22.54 	 1685.1213661735353 
22.56 	 1641.2185190520586 
22.58 	 1594.5541546987554 
22.6 	 1546.2225303800526 
22.62 	 1497.1901025381333 
22.64 	 1448.3020325694993 
22.66 	 1400.299322114671 
22.68 	 1353.838686136638 
22.7 	 1309.5086459026004 
22.72 	 1267.8377583732215 
22.74 	 1229.2937395341041 
22.76 	 1194.2748394386542 
22.78 	 1163.0966830393206 
22.8 	 1135.9786333729269 
22.82 	 1113.033551176589 
22.84 	 1094.263828879209 
22.86 	 1079.5651189030878 
22.88 	 1068.7376457145479 
22.9 	 1061.503719081697 
22.92 	 1057.5292588329119 
22.94 	 1056.4468569553867 
22.96 	 1057.8780695894873 
22.98 	 1061.4530982058939 
23.0 	 1066.826616390364 
23.02 	 1073.689090026383 
23.04 	 1081.773449001807 
23.06 	 1090.8573817544782 
23.08 	 1100.7618582404086 
23.1 	 1111.34676136151 
23.12 	 1122.504715771914 
23.14 	 1134.1543094798549 
23.16 	 1146.2338558367603 
23.18 	 1158.6966048131487 
23.2 	 1171.5078924835543 
23.22 	 1184.6441878328587 
23.24 	 1198.093480838122 
23.26 	 1211.8560995568255 
23.28 	 1225.9449634103892 
23.3 	 1240.3845195713347 
23.32 	 1255.2081169374117 
23.34 	 1270.4542042750631 
23.36 	 1286.162299123738 
23.38 	 1302.369971053837 
23.4 	 1319.111993751796 
23.42 	 1336.4223348273106 
23.44 	 1354.3388845974134 
23.46 	 1372.909987327043 
23.48 	 1392.2011795647763 
23.5 	 1412.3002697702518 
23.52 	 1433.3191114225335 
23.54 	 1455.391078788579 
23.56 	 1478.6641568560447 
23.58 	 1503.2904198425294 
23.6 	 1529.4132089844345 
23.62 	 1557.1533393308398 
23.64 	 1586.5951508217393 
23.66 	 1617.7723575373966 
23.68 	 1650.6527925122712 
23.7 	 1685.120711304999 
23.72 	 1720.955650600081 
23.74 	 1757.808075098041 
23.76 	 1795.1740261568473 
23.78 	 1832.3732454615483 
23.8 	 1868.5371116194187 
23.82 	 1902.6134849785394 
23.84 	 1933.3946696406736 
23.86 	 1959.572000998989 
23.88 	 1979.8163542749965 
23.9 	 1992.8789002818723 
23.92 	 1997.701766301722 
23.94 	 1993.5249982759233 
23.96 	 1979.9752317235416 
23.98 	 1957.1231480762826 
24.0 	 1925.500901582358 
24.02 	 1886.076462979993 
24.04 	 1840.1880754406675 
24.06 	 1789.4475059760857 
24.08 	 1735.6244776806097 
24.1 	 1680.5260285139045 
24.12 	 1625.8835763992215 
24.14 	 1573.2577080214687 
24.16 	 1523.9669994900748 
24.18 	 1479.0434257212773 
24.2 	 1439.2138315527513 
24.22 	 1404.9048750351617 
24.24 	 1376.2677807960877 
24.26 	 1353.2188404938997 
24.28 	 1335.4914424512772 
24.3 	 1322.6951627127455 
24.32 	 1314.3769858021267 
24.34 	 1310.0791854758056 
24.36 	 1309.388115392069 
24.38 	 1311.9685171865226 
24.4 	 1317.579214613568 
24.42 	 1326.0682522229922 
24.44 	 1337.3483938394115 
24.46 	 1351.3569193496085 
24.48 	 1368.006233631625 
24.5 	 1387.1333636525044 
24.52 	 1408.456604881575 
24.54 	 1431.5463221737805 
24.56 	 1455.814468609897 
24.58 	 1480.5242709384734 
24.6 	 1504.8183859934527 
24.62 	 1527.761278199899 
24.64 	 1548.390053699438 
24.66 	 1565.7676923701183 
24.68 	 1579.033427739229 
24.7 	 1587.4465688320615 
24.72 	 1590.421830520715 
24.74 	 1587.5557385218126 
24.76 	 1578.6445444182268 
24.78 	 1563.6942053306466 
24.8 	 1542.9224926344743 
24.82 	 1516.7525395037542 
24.84 	 1485.796551283028 
24.86 	 1450.8283652231376 
24.88 	 1412.744259062315 
24.9 	 1372.5128282439507 
24.92 	 1331.1165990026075 
24.94 	 1289.4898809792992 
24.96 	 1248.4587166466547 
24.98 	 1208.6892803803055 
25.0 	 1170.6505366107208 
25.02 	 1134.59543751616 
25.04 	 1100.562690110211 
25.06 	 1068.3985509702375 
25.08 	 1037.7956536740328 
25.1 	 1008.343924107612 
25.12 	 979.5874555700752 
25.14 	 951.0809107198063 
25.16 	 922.4395553747917 
25.18 	 893.378256585494 
25.2 	 863.7364644098412 
25.22 	 833.4880803082634 
25.24 	 802.7369370162118 
25.26 	 771.7001533397496 
25.28 	 740.6827202078018 
25.3 	 710.0472333885925 
25.32 	 680.1827047515648 
25.34 	 651.4759224606364 
25.36 	 624.2880122038014 
25.38 	 598.9378289582695 
25.4 	 575.6927371147507 
25.42 	 554.7663489838368 
25.44 	 536.3219825890869 
25.46 	 520.480022366312 
25.48 	 507.3270401935478 
25.5 	 496.9244585949822 
25.52 	 489.31470636034004 
25.54 	 484.52322286077066 
25.56 	 482.5553008408099 
25.58 	 483.38759081872195 
25.6 	 486.9550611711856 
25.62 	 493.13520734670743 
25.64 	 501.7321766126871 
25.66 	 512.4640404955447 
25.68 	 524.9565359796555 
25.7 	 538.7460968606272 
25.72 	 553.2938980512151 
25.74 	 568.011054831477 
25.76 	 582.2932963286414 
25.78 	 595.5616950195101 
25.8 	 607.3047309414188 
25.82 	 617.1163933494979 
25.84 	 624.7253376083291 
25.86 	 630.0113090501076 
25.88 	 633.0069226825927 
25.9 	 633.885104361604 
25.92 	 632.9346353240128 
25.94 	 630.5278919953689 
25.96 	 627.0857331582707 
25.98 	 623.0444200506167 
26.0 	 618.8285178616289 
26.02 	 614.8321510905536 
26.04 	 611.409121738099 
26.06 	 608.8706389768282 
26.08 	 607.4880956358489 
26.1 	 607.4976856431911 
26.12 	 609.1037521334787 
26.14 	 612.4784896202425 
26.16 	 617.7567691734175 
26.18 	 625.0261231983276 
26.2 	 634.3130387589235 
26.22 	 645.5674675258599 
26.24 	 658.6477886325339 
26.26 	 673.3084037773446 
26.28 	 689.1918372049354 
26.3 	 705.8268219908193 
26.32 	 722.6335077751027 
26.34 	 738.9366679947465 
26.36 	 753.9875603022215 
26.38 	 766.9947699503518 
26.4 	 777.1637924062918 
26.42 	 783.7441926074474 
26.44 	 786.0819338521923 
26.46 	 783.6730621554277 
26.48 	 776.2136493819146 
26.5 	 763.640090024101 
26.52 	 746.1538331315026 
26.54 	 724.2256119966631 
26.56 	 698.576217776117 
26.58 	 670.1336394964061 
26.6 	 639.9695590194293 
26.62 	 609.2212202681601 
26.64 	 579.0070403660094 
26.66 	 550.3455365488295 
26.68 	 524.0869291008873 
26.7 	 500.86511398055694 
26.72 	 481.07480842730257 
26.74 	 464.8750191579689 
26.76 	 452.21618116598484 
26.78 	 442.8850257729107 
26.8 	 436.55903896370796 
26.82 	 432.8616472166392 
26.84 	 431.41011931537855 
26.86 	 431.85039071699407 
26.88 	 433.8761205409901 
26.9 	 437.232623780232 
26.92 	 441.709192264237 
26.94 	 447.1251541760358 
26.96 	 453.3154951807931 
26.98 	 460.1209618644361 
27.0 	 467.38559042292565 
27.02 	 474.9620869163976 
27.04 	 482.7230713568422 
27.06 	 490.5744785284832 
27.08 	 498.46678637298845 
27.1 	 506.4003381770948 
27.12 	 514.4226508673222 
27.14 	 522.6178137976303 
27.16 	 531.0902891792022 
27.18 	 539.9470360420206 
27.2 	 549.2824532104588 
27.22 	 559.1699963819046 
27.24 	 569.6626086778416 
27.26 	 580.8017395609783 
27.28 	 592.6323253440415 
27.3 	 605.2193070453966 
27.32 	 618.6605702321945 
27.34 	 633.091831320164 
27.36 	 648.6808438881636 
27.38 	 665.610911640789 
27.4 	 684.0564140719695 
27.42 	 704.1551784179537 
27.44 	 725.9835145604566 
27.46 	 749.5393104664622 
27.48 	 774.7368720357085 
27.5 	 801.4146267075669 
27.52 	 829.3540545599167 
27.54 	 858.3059606387571 
27.56 	 888.0190038581405 
27.58 	 918.2655013398867 
27.6 	 948.8608249887216 
27.62 	 979.6747712796621 
27.64 	 1010.6354929666657 
27.66 	 1041.7282949554099 
27.68 	 1072.9923456962285 
27.7 	 1104.517971368152 
27.72 	 1136.445862192064 
27.74 	 1168.9677011064098 
27.76 	 1202.3260493074565 
27.78 	 1236.81037949684 
27.8 	 1272.7463098637884 
27.82 	 1310.476401650639 
27.84 	 1350.3330311695888 
27.86 	 1392.6062579721483 
27.88 	 1437.511607958165 
27.9 	 1485.1636903954359 
27.92 	 1535.56124673444 
27.94 	 1588.5876075489664 
27.96 	 1644.0279608322603 
27.98 	 1701.6018755976336 
28.0 	 1761.0067939970224 
28.02 	 1821.9662008056703 
28.04 	 1884.275170742901 
28.06 	 1947.8359997720681 
28.08 	 2012.6774777199837 
28.1 	 2078.9528217421966 
28.12 	 2146.913185323487 
28.14 	 2216.855934053511 
28.16 	 2289.0495955134033 
28.18 	 2363.640612382541 
28.2 	 2440.5506815842705 
28.22 	 2519.3772047431225 
28.24 	 2599.3125489624413 
28.26 	 2679.099532566318 
28.28 	 2757.0398948962156 
28.3 	 2831.068829573271 
28.32 	 2898.9018369106097 
28.34 	 2958.2507625544117 
28.36 	 3007.0952017283194 
28.38 	 3043.985202996257 
28.4 	 3068.343253084447 
28.42 	 3080.729401677067 
28.44 	 3083.033955673157 
28.46 	 3078.5674392498463 
28.48 	 3072.026662300847 
28.5 	 3069.327379543026 
28.52 	 3077.306577291208 
28.54 	 3103.3094988541507 
28.56 	 3154.6871510678397 
28.58 	 3238.2387469581063 
28.6 	 3359.640190669247 
28.62 	 3522.9042175343384 
28.64 	 3729.9198681747507 
28.66 	 3980.117953549557 
28.68 	 4270.304142723604 
28.7 	 4594.6914008997355 
28.72 	 4945.148330914467 
28.74 	 5311.660053197418 
28.76 	 5682.975293336788 
28.78 	 6047.390146990914 
28.8 	 6393.599097334507 
28.82 	 6711.53086669058 
28.84 	 6993.083463234662 
28.86 	 7232.680785899855 
28.88 	 7427.591976762339 
28.9 	 7577.982068646178 
28.92 	 7686.6945393180895 
28.94 	 7758.7984633760025 
28.96 	 7800.960333602578 
28.98 	 7820.719382096164 
29.0 	 7825.752877537321 
29.02 	 7823.213707387141 
29.04 	 7819.207694027895 
29.06 	 7818.455218822898 
29.08 	 7824.154572282535 
29.1 	 7838.037169724667 
29.12 	 7860.581284684991 
29.14 	 7891.334331324923 
29.16 	 7929.285767797373 
29.18 	 7973.23369940087 
29.2 	 8022.097095660188 
29.22 	 8075.139920806276 
29.24 	 8132.090489250943 
29.26 	 8193.156017124877 
29.28 	 8258.946167988417 
29.3 	 8330.328808173452 
29.32 	 8408.245687913944 
29.34 	 8493.515822904974 
29.36 	 8586.651123433257 
29.38 	 8687.703730976438 
29.4 	 8796.158868558388 
29.42 	 8910.881665378058 
29.44 	 9030.121726986745 
29.46 	 9151.575091508696 
29.48 	 9272.499309228022 
29.5 	 9389.873408302608 
29.52 	 9500.5904199289 
29.54 	 9601.666254983402 
29.56 	 9690.44570549522 
29.58 	 9764.78500484585 
29.6 	 9823.19144614057 
29.62 	 9864.904402527558 
29.64 	 9889.908547862879 
29.66 	 9898.878373047644 
29.68 	 9893.06196899598 
29.7 	 9874.119991073736 
29.72 	 9843.94131006712 
29.74 	 9804.459092656709 
29.76 	 9757.489606128589 
29.78 	 9704.611316271523 
29.8 	 9647.094883784292 
29.82 	 9585.886863523441 
29.84 	 9521.642683413229 
29.86 	 9454.798919721852 
29.88 	 9385.671559584389 
29.9 	 9314.565851032836 
29.92 	 9241.88404785489 
29.94 	 9168.21921959557 
29.96 	 9094.42571847084 
29.98 	 9021.659494544936 
30.0 	 8951.38410790926 
30.02 	 8885.341055196646 
30.04 	 8825.485972504779 
30.06 	 8773.895318790957 
30.08 	 8732.650989200838 
30.1 	 8703.71250029451 
30.12 	 8688.787469809118 
30.14 	 8689.210821525969 
30.16 	 8705.841568595288 
30.18 	 8738.983625729546 
30.2 	 8788.33457035691 
30.22 	 8852.96429974248 
30.24 	 8931.324506747287 
30.26 	 9021.289730178762 
30.28 	 9120.230846916695 
30.3 	 9225.121400236414 
30.32 	 9332.675319847396 
30.34 	 9439.5110703861 
30.36 	 9542.33247828327 
30.38 	 9638.111569538505 
30.4 	 9724.255270596472 
30.42 	 9798.737263380503 
30.44 	 9860.179476563193 
30.46 	 9907.874421833647 
30.48 	 9941.748514798555 
30.5 	 9962.27553860956 
30.52 	 9970.356252957761 
30.54 	 9967.183157073458 
30.56 	 9954.108094260026 
30.58 	 9932.525620085362 
30.6 	 9903.778818628525 
30.62 	 9869.088919795277 
30.64 	 9829.507575731508 
30.66 	 9785.89174981876 
30.68 	 9738.905102599882 
30.7 	 9689.054457487036 
30.72 	 9636.772691995024 
30.74 	 9582.55782890827 
30.76 	 9527.170991872774 
30.78 	 9471.883769589604 
30.8 	 9418.750664850555 
30.82 	 9370.868144470927 
30.84 	 9332.5720851101 
30.86 	 9309.523130018692 
30.88 	 9308.636115894118 
30.9 	 9337.824910043097 
30.92 	 9405.555617949936 
30.94 	 9520.22594880414 
30.96 	 9689.41297635309 
30.98 	 9919.052390362202 
31.0 	 10212.627220429007 
31.02 	 10570.45150054521 
31.04 	 10989.13377751954 
31.06 	 11461.296573542582 
31.08 	 11975.610972782459 
31.1 	 12517.18075992901 
31.12 	 13068.278880920194 
31.14 	 13609.402274834069 
31.16 	 14120.572519919346 
31.18 	 14582.773802186039 
31.2 	 14979.39195907823 
31.22 	 15297.504317293475 
31.24 	 15528.874085083458 
31.26 	 15670.527112934617 
31.28 	 15724.83157447086 
31.3 	 15699.057764242569 
31.32 	 15604.458136524721 
31.34 	 15454.967737257477 
31.36 	 15265.673250539408 
31.38 	 15051.22772784932 
31.4 	 14824.393504178695 
31.42 	 14594.877343188055 
31.44 	 14368.582599774092 
31.46 	 14147.349108891156 
31.48 	 13929.190300376906 
31.5 	 13708.97687813905 
31.52 	 13479.464812332608 
31.54 	 13232.52837224043 
31.56 	 12960.440381303613 
31.58 	 12657.043340685374 
31.6 	 12318.675671020772 
31.62 	 11944.753942189278 
31.64 	 11537.959581278405 
31.66 	 11104.030811602748 
31.68 	 10651.210534666512 
31.7 	 10189.441893738796 
31.72 	 9729.429994852673 
31.74 	 9281.69746761864 
31.76 	 8855.752662059542 
31.78 	 8459.46454896929 
31.8 	 8098.702518146662 
31.82 	 7777.258568731434 
31.84 	 7497.030644841028 
31.86 	 7258.41509070229 
31.88 	 7060.837503921742 
31.9 	 6903.346178707741 
31.92 	 6785.19960528803 
31.94 	 6706.395511382478 
31.96 	 6668.108615038359 
31.98 	 6673.022269275415 
32.0 	 6725.551180084316 
32.02 	 6831.956045169019 
32.04 	 7000.346517986548 
32.06 	 7240.55905916811 
32.08 	 7563.885514455056 
32.1 	 7982.621857303693 
32.12 	 8509.409020703182 
32.14 	 9156.351841295676 
32.16 	 9933.92792978301 
32.18 	 10849.732979544178 
32.2 	 11907.14738344054 
32.22 	 13104.044263123265 
32.24 	 14431.684039507238 
32.26 	 15873.949386966544 
32.28 	 17407.062810445303 
32.3 	 18999.89601349353 
32.32 	 20614.92772785332 
32.34 	 22209.83988428804 
32.36 	 23739.668633900055 
32.38 	 25159.35620197542 
32.4 	 26426.491824655775 
32.42 	 27503.99416502675 
32.44 	 28362.480367974895 
32.46 	 28982.09135500052 
32.48 	 29353.597553652566 
32.5 	 29478.687660772237 
32.52 	 29369.434755946233 
32.54 	 29047.026002594997 
32.56 	 28539.92080876833 
32.58 	 27881.65628440406 
32.6 	 27108.541044955917 
32.62 	 26257.46745482452 
32.64 	 25364.03267413723 
32.66 	 24461.099433625484 
32.68 	 23577.859857082087 
32.7 	 22739.401213344045 
32.72 	 21966.719860014146 
32.74 	 21277.09321162496 
32.76 	 20684.699146478648 
32.78 	 20201.364232923315 
32.8 	 19837.321554104466 
32.82 	 19601.861890893128 
32.84 	 19503.76773592653 
32.86 	 19551.430839397566 
32.88 	 19752.576156382318 
32.9 	 20113.553822209065 
32.92 	 20638.21884375906 
32.94 	 21326.492557570968 
32.96 	 22172.78052883177 
32.98 	 23164.492298115576 
33.0 	 24280.9502583458 
33.02 	 25492.971167059975 
33.04 	 26763.345086491936 
33.06 	 28048.325184052657 
33.08 	 29300.093003991173 
33.1 	 30470.003473114542 
33.12 	 31512.27334984436 
33.14 	 32387.68545537021 
33.16 	 33066.85898135218 
33.18 	 33532.689105154735 
33.2 	 33781.67660440474 
33.22 	 33824.02610846768 
33.24 	 33682.5584392766 
33.26 	 33390.62678224942 
33.28 	 32989.32441530683 
33.3 	 32524.31224359881 
33.32 	 32042.580208922675 
33.34 	 31589.4020209312 
33.36 	 31205.668089248335 
33.38 	 30925.707460509806 
33.4 	 30775.650914964535 
33.42 	 30772.35047690175 
33.44 	 30922.8530487693 
33.46 	 31224.41915398199 
33.48 	 31665.071337328824 
33.5 	 32224.642345985692 
33.52 	 32876.26775283976 
33.54 	 33588.23425347368 
33.56 	 34326.061324676775 
33.58 	 35054.66999992428 
33.6 	 35740.486323775156 
33.62 	 36353.342265278705 
33.64 	 36868.07134689526 
33.66 	 37265.74248922228 
33.68 	 37534.52288688588 
33.7 	 37670.19829479173 
33.72 	 37676.399047525396 
33.74 	 37564.57972010764 
33.76 	 37353.782628540735 
33.78 	 37070.18823969343 
33.8 	 36746.429383031646 
33.82 	 36420.630839866506 
33.84 	 36135.138127847946 
33.86 	 35934.920813649514 
33.88 	 35865.67286747734 
33.9 	 35971.67763171517 
33.92 	 36293.5481863743 
33.94 	 36865.986245048625 
33.96 	 37715.71819404716 
33.98 	 38859.76374087468 
34.0 	 40304.173286648656 
34.02 	 42043.33983649691 
34.04 	 44059.95599342877 
34.06 	 46325.65088400716 
34.08 	 48802.307348274284 
34.1 	 51444.02478938875 
34.12 	 54199.653982685246 
34.14 	 57015.78317645343 
34.16 	 59839.99888805697 
34.18 	 62624.183631692016 
34.2 	 65327.55590123264 
34.22 	 67919.11950305727 
34.24 	 70379.1864185956 
34.26 	 72699.68438732205 
34.28 	 74883.06516440673 
34.3 	 76939.78888247228 
34.32 	 78884.55810637247 
34.34 	 80731.6837900253 
34.36 	 82490.1480221478 
34.38 	 84159.04733308947 
34.4 	 85724.12427059135 
34.42 	 87156.00716594572 
34.44 	 88410.58140943713 
34.46 	 89431.63408540245 
34.48 	 90155.5892722988 
34.5 	 90517.8360113693 
34.52 	 90459.89784512215 
34.54 	 89936.54523993871 
34.56 	 88921.93547147204 
34.58 	 87413.98145094854 
34.6 	 85436.38181566498 
34.62 	 83038.05170988145 
34.64 	 80290.02896282877 
34.66 	 77280.2442303878 
34.68 	 74106.79318935212 
34.7 	 70870.5038366888 
34.72 	 67667.63787929103 
34.74 	 64583.50350692732 
34.76 	 61687.60264544386 
34.78 	 59030.714418563315 
34.8 	 56644.05954048798 
34.82 	 54540.431535078416 
34.84 	 52716.95249842646 
34.86 	 51158.94135816362 
34.88 	 49844.291212171316 
34.9 	 48747.74887341434 
34.92 	 47844.571465858484 
34.94 	 47113.18645922638 
34.96 	 46536.67658520373 
34.98 	 46103.1161928002 
35.0 	 45804.96580270217 
35.02 	 45637.85685578343 
35.04 	 45599.14966808755 
35.06 	 45686.6198570545 
35.08 	 45897.53302440625 
35.1 	 46228.228396848106 
35.12 	 46674.18132909268 
35.14 	 47230.38479550727 
35.16 	 47891.80791489657 
35.18 	 48653.67051322931 
35.2 	 49511.318182752526 
35.22 	 50459.58033427288 
35.24 	 51491.622347665354 
35.26 	 52597.43499788249 
35.28 	 53762.213222122205 
35.3 	 54964.940727642665 
35.32 	 56177.5044686949 
35.34 	 57364.61157761437 
35.36 	 58484.67893455394 
35.38 	 59491.72846411595 
35.4 	 60338.17107152385 
35.42 	 60978.22240868273 
35.44 	 61371.5863155039 
35.46 	 61486.983913074204 
35.48 	 61305.10764614632 
35.5 	 60820.64082483917 
35.52 	 60043.09582816904 
35.54 	 58996.371298605896 
35.56 	 57717.08782757641 
35.58 	 56251.90816201488 
35.6 	 54654.15938033917 
35.62 	 52980.13461602838 
35.64 	 51285.45398116471 
35.66 	 49621.81235726392 
35.68 	 48034.34959211889 
35.7 	 46559.76720287986 
35.72 	 45225.208097587 
35.74 	 44047.83240165268 
35.76 	 43034.9761331025 
35.78 	 42184.772961405666 
35.8 	 41487.14490864051 
35.82 	 40925.10979936901 
35.84 	 40476.39203943765 
35.86 	 40115.34111154977 
35.88 	 39815.14791222113 
35.9 	 39550.301566426504 
35.92 	 39299.15810388019 
35.94 	 39046.41529778043 
35.96 	 38785.22703618503 
35.98 	 38518.66627706952 
36.0 	 38260.27156661303 
36.02 	 38033.491408260576 
36.04 	 37869.96492039625 
36.06 	 37806.72758820387 
36.08 	 37882.58264230467 
36.1 	 38134.00570853804 
36.12 	 38591.03091750685 
36.14 	 39273.586741708925 
36.16 	 40188.70578813969 
36.18 	 41328.9313286135 
36.2 	 42672.09989675939 
36.22 	 44182.51497818235 
36.24 	 45813.36508351656 
36.26 	 47510.10248904407 
36.28 	 49214.404483692924 
36.3 	 50868.29816298343 
36.32 	 52418.045500902794 
36.34 	 53817.45178300006 
36.36 	 55030.36385203917 
36.38 	 56032.2457335082 
36.4 	 56810.83657787142 
36.42 	 57365.98987096741 
36.44 	 57708.84982526889 
36.46 	 57860.535947931414 
36.48 	 57850.48506228651 
36.5 	 57714.555140696175 
36.52 	 57492.945710901884 
36.54 	 57227.95376608625 
36.56 	 56961.575326948034 
36.58 	 56732.98549389267 
36.6 	 56575.97829587316 
36.62 	 56516.507692465064 
36.64 	 56570.52403998437 
36.66 	 56742.32829866317 
36.68 	 57023.657102503465 
36.7 	 57393.66242380152 
36.72 	 57819.86653200111 
36.74 	 58260.07059914216 
36.76 	 58665.0917991996 
36.78 	 58982.11645864796 
36.8 	 59158.398350866526 
36.82 	 59145.00713466473 
36.84 	 58900.34053104355 
36.86 	 58393.14793835862 
36.88 	 57604.86305894024 
36.9 	 56531.09952254786 
36.92 	 55182.22007247855 
36.94 	 53582.94410567311 
36.96 	 51771.011067476284 
36.98 	 49794.9709375523 
37.0 	 47711.22983801921 
37.02 	 45580.53812579279 
37.04 	 43464.165895313 
37.06 	 41420.05854313162 
37.08 	 39499.29244131365 
37.1 	 37743.14737475264 
37.12 	 36181.07080584353 
37.14 	 34829.72769520941 
37.16 	 33693.21469089262 
37.18 	 32764.383051640467 
37.2 	 32027.080842291507 
37.22 	 31459.01437106609 
37.24 	 31034.861915644844 
37.26 	 30729.2628450982 
37.28 	 30519.354977334602 
37.3 	 30386.633104097426 
37.32 	 30318.03218785304 
37.34 	 30306.273391333434 
37.36 	 30349.62270973547 
37.38 	 30451.278794932325 
37.4 	 30618.617185492887 
37.42 	 30862.474058335498 
37.44 	 31196.56765831602 
37.46 	 31637.05262323595 
37.48 	 32202.108020522122 
37.5 	 32911.39811188505 
37.52 	 33785.23190861144 
37.54 	 34843.28843328306 
37.56 	 36102.862042187735 
37.58 	 37576.698505223845 
37.6 	 39270.613467850075 
37.62 	 41181.184486072416 
37.64 	 43293.86358811401 
37.66 	 45581.85461249365 
37.68 	 48006.03422842701 
37.7 	 50516.07466876909 
37.72 	 53052.767063922285 
37.74 	 55551.3715282115 
37.76 	 57945.66198182071 
37.78 	 60172.21724117767 
37.8 	 62174.456814715406 
37.82 	 63905.942342591006 
37.84 	 65332.56390928723 
37.86 	 66433.39177422234 
37.88 	 67200.17392825823 
37.9 	 67635.66556754506 
37.92 	 67751.15248879162 
37.94 	 67563.64458950606 
37.96 	 67093.24617594613 
37.98 	 66361.1496662161 
38.0 	 65388.558676410416 
38.02 	 64196.65133929168 
38.04 	 62807.481970002475 
38.06 	 61245.529435188255 
38.08 	 59539.46968113481 
38.1 	 57723.70166028143 
38.12 	 55839.197469566716 
38.14 	 53933.36834110261 
38.16 	 52058.81294805953 
38.18 	 50271.00922967432 
38.2 	 48625.19003197926 
38.22 	 47172.77622923214 
38.24 	 45957.809180060634 
38.26 	 45013.820955656054 
38.28 	 44361.51194278259 
38.3 	 44007.48729906419 
38.32 	 43944.15839761919 
38.34 	 44150.76656155507 
38.36 	 44595.355598739305 
38.38 	 45237.4234170626 
38.4 	 46030.93111027507 
38.42 	 46927.34283008156 
38.44 	 47878.40712507549 
38.46 	 48838.46032848987 
38.48 	 49766.121581850275 
38.5 	 50625.34260292084 
38.52 	 51385.85996345344 
38.54 	 52023.16317454975 
38.56 	 52518.13224553548 
38.58 	 52856.51190093836 
38.6 	 53028.378268701745 
38.62 	 53027.722017992994 
38.64 	 52852.2253615698 
38.66 	 52503.25533505732 
38.68 	 51986.03894236962 
38.7 	 51309.93415969277 
38.72 	 50488.67188534842 
38.74 	 49540.42503462133 
38.76 	 48487.56798644287 
38.78 	 47356.0250816473 
38.8 	 46174.16837276653 
38.82 	 44971.303880534484 
38.84 	 43775.86842539871 
38.86 	 42613.5289208963 
38.88 	 41505.416876574054 
38.9 	 40466.73171888855 
38.92 	 39505.90455096219 
38.94 	 38624.435798988634 
38.96 	 37817.42081559241 
38.98 	 37074.67674480777 
39.0 	 36382.3016226968 
39.02 	 35724.44782790705 
39.04 	 35085.08345856919 
39.06 	 34449.54456932784 
39.08 	 33805.738147812415 
39.1 	 33144.92537208001 
39.12 	 32462.08177837854 
39.14 	 31755.883502136574 
39.16 	 31028.400394256096 
39.18 	 30284.587322077015 
39.2 	 29531.658951873524 
39.22 	 28778.417904714242 
39.24 	 28034.588469908715 
39.26 	 27310.193120404027 
39.28 	 26614.999023960147 
39.3 	 25958.055953825176 
39.32 	 25347.3431302005 
39.34 	 24789.537888419192 
39.36 	 24289.911856309194 
39.38 	 23852.350254060028 
39.4 	 23479.47828794701 
39.42 	 23172.8677242139 
39.44 	 22933.289185683232 
39.46 	 22760.973564051867 
39.48 	 22655.850136844318 
39.5 	 22617.739104874632 
39.52 	 22646.490562875908 
39.54 	 22742.07751002119 
39.56 	 22904.663806677378 
39.58 	 23134.675219776425 
39.6 	 23432.899637598694 
39.62 	 23800.629349794362 
39.64 	 24239.834485348 
39.66 	 24753.32583738176 
39.68 	 25344.83415635495 
39.7 	 26018.910832799967 
39.72 	 26780.55169785918 
39.74 	 27634.469460361266 
39.76 	 28583.99411407872 
39.78 	 29629.6600850354 
39.8 	 30767.631140999245 
39.82 	 31988.199246299988 
39.84 	 33274.64836311942 
39.86 	 34602.777740928 
39.88 	 35941.319153592965 
39.9 	 37253.360197295966 
39.92 	 38498.718414597795 
39.94 	 39637.0299367355 
39.96 	 40631.16072534211 
39.98 	 41450.45628054265 
40.0 	 42073.34355455374 
40.02 	 42488.894171007836 
40.04 	 42697.13543021688 
40.06 	 42708.11894494782 
40.08 	 42539.977515748215 
40.1 	 42216.36972031862 
40.12 	 41763.79117018217 
40.14 	 41209.205536169975 
40.16 	 40578.327003997154 
40.18 	 39894.70153481746 
40.2 	 39179.53413015889 
40.22 	 38452.04201036065 
40.24 	 37730.01728594325 
40.26 	 37030.27551758573 
40.28 	 36368.743322880364 
40.3 	 35760.0731607651 
40.32 	 35216.82835049184 
40.34 	 34748.41612568875 
40.36 	 34360.02927774012 
40.38 	 34051.87133382695 
40.4 	 33818.887774973875 
40.42 	 33651.12368379015 
40.44 	 33534.7033495522 
40.46 	 33453.30899323495 
40.48 	 33389.9484857728 
40.5 	 33328.76076224416 
40.52 	 33256.61613560358 
40.54 	 33164.31984291409 
40.56 	 33047.30627681963 
40.58 	 32905.80027132949 
40.6 	 32744.502805283264 
40.62 	 32571.91756712973 
40.64 	 32399.463790872745 
40.66 	 32240.5180120893 
40.68 	 32109.49752453355 
40.7 	 32021.050897318022 
40.72 	 31989.368421484287 
40.74 	 32027.58073527602 
40.76 	 32147.18793613559 
40.78 	 32357.4605862212 
40.8 	 32664.778532566736 
40.82 	 33071.91744333746 
40.84 	 33577.34523510881 
40.86 	 34174.63718380601 
40.88 	 34852.14606103036 
40.9 	 35593.062626824656 
40.92 	 36375.969227830414 
40.94 	 37175.92954789143 
40.96 	 37966.08171866362 
40.98 	 38719.62487931048 
41.0 	 39412.02593649623 
41.02 	 40023.23529471097 
41.04 	 40539.693123853314 
41.06 	 40955.929643734635 
41.08 	 41275.60622223868 
41.1 	 41511.897694988766 
41.12 	 41687.16917445396 
41.14 	 41831.94499794946 
41.16 	 41983.201043481495 
41.18 	 42182.03779552009 
41.2 	 42470.81772150756 
41.22 	 42889.88512143651 
41.24 	 43474.035197225814 
41.26 	 44248.9610479647 
41.28 	 45227.974057645166 
41.3 	 46409.34867262795 
41.32 	 47774.666416001746 
41.34 	 49288.506385699686 
41.36 	 50899.73737987716 
41.38 	 52544.509239640734 
41.4 	 54150.832247581 
41.42 	 55644.40246888422 
41.44 	 56955.117097559654 
41.46 	 58023.569106169845 
41.48 	 58806.7499815261 
41.5 	 59282.24285400384 
41.52 	 59450.35468347991 
41.54 	 59333.892231558566 
41.56 	 58975.5915441282 
41.58 	 58433.5145614958 
41.6 	 57774.98044765464 
41.62 	 57069.7654854027 
41.64 	 56383.36386217493 
41.66 	 55771.05224327539 
41.68 	 55273.3610496712 
41.7 	 54913.35380122429 
41.72 	 54695.886087515806 
41.74 	 54608.788849974604 
41.76 	 54625.721413468 
41.78 	 54710.28484322128 
41.8 	 54820.885248674575 
41.82 	 54915.793712293525 
41.84 	 54957.86486229192 
41.86 	 54918.446730699645 
41.88 	 54780.133590487094 
41.9 	 54538.16917548006 
41.92 	 54200.48278566309 
41.94 	 53786.51330801093 
41.96 	 53325.12203939682 
41.98 	 52851.99210415193 
42.0 	 52406.94418503666 
42.02 	 52031.55915047737 
42.04 	 51767.393746280024 
42.06 	 51654.923059102846 
42.08 	 51733.16895400628 
42.1 	 52039.807585365896 
42.12 	 52611.42120946818 
42.14 	 53483.494240782835 
42.16 	 54689.76573520533 
42.18 	 56260.64324225837 
42.2 	 58220.54634713156 
42.22 	 60584.26019608914 
42.24 	 63352.60816178543 
42.26 	 66507.96123250619 
42.28 	 70010.25212505723 
42.3 	 73794.22280480876 
42.32 	 77768.5851030386 
42.34 	 81817.61186103326 
42.36 	 85805.41537586896 
42.38 	 89582.843073287 
42.4 	 92996.57230893071 
42.42 	 95899.66764871911 
42.44 	 98162.62267704147 
42.46 	 99683.78117146387 
42.48 	 100398.03933573206 
42.5 	 100282.87210798514 
42.52 	 99360.98409032743 
42.54 	 97699.22636874717 
42.56 	 95403.80248675711 
42.58 	 92612.16560411642 
42.6 	 89482.3429568135 
42.62 	 86180.67886743411 
42.64 	 82869.13915327209 
42.66 	 79693.35408685457 
42.68 	 76772.49144910798 
42.7 	 74191.85407967427 
42.72 	 71998.80678214716 
42.74 	 70202.28456257956 
42.76 	 68775.75539912186 
42.78 	 67663.14887445688 
42.8 	 66786.96070047375 
42.82 	 66057.54104775067 
42.84 	 65382.49891992306 
42.86 	 64675.215978028755 
42.88 	 63861.651522942586 
42.9 	 62884.90620848087 
42.92 	 61707.35015935055 
42.94 	 60310.45800441888 
42.96 	 58692.77683179049 
42.98 	 56866.64218384943 
43.0 	 54854.32937271277 
43.02 	 52684.28211849472 
43.04 	 50387.91834390578 
43.06 	 47997.31017219131 
43.08 	 45543.81552490744 
43.1 	 43057.5442473906 
43.12 	 40567.40468308924 
43.14 	 38101.41431186457 
43.16 	 35686.971034759605 
43.18 	 33350.855819401506 
43.2 	 31118.848676674414 
43.22 	 29014.960516977124 
43.24 	 27060.387853045915 
43.26 	 25272.367143006508 
43.28 	 23663.13196436289 
43.3 	 22239.160086717577 
43.32 	 21000.84763312733 
43.34 	 19942.677340968607 
43.36 	 19053.872107333085 
43.38 	 18319.45644530221 
43.4 	 17721.5965334707 
43.42 	 17241.0594260485 
43.44 	 16858.625220189308 
43.46 	 16556.301290164225 
43.48 	 16318.221929239471 
43.5 	 16131.165294311282 
43.52 	 15984.676459452821 
43.54 	 15870.843251706063 
43.56 	 15783.821790178254 
43.58 	 15719.24247403838 
43.6 	 15673.637227093968 
43.62 	 15644.01132392249 
43.64 	 15627.639684251404 
43.66 	 15622.105847632498 
43.68 	 15625.534914406599 
43.7 	 15636.91523748704 
43.72 	 15656.372158630391 
43.74 	 15685.260107372831 
43.76 	 15725.978336571477 
43.78 	 15781.482761979809 
43.8 	 15854.546430899401 
43.82 	 15946.894630557323 
43.84 	 16058.388934397666 
43.86 	 16186.444552866338 
43.88 	 16325.833179379475 
43.9 	 16468.95513888188 
43.92 	 16606.574646290712 
43.94 	 16728.919898105683 
43.96 	 16826.97533586069 
43.98 	 16893.752244007428 
44.0 	 16925.32386427513 
44.02 	 16921.451594813876 
44.04 	 16885.700723313832 
44.06 	 16825.033026944922 
44.08 	 16748.95266785441 
44.1 	 16668.355404224152 
44.12 	 16594.277299200276 
44.14 	 16536.75135899286 
44.16 	 16503.95830167348 
44.18 	 16501.805775369547 
44.2 	 16533.997792283706 
44.22 	 16602.574450178963 
44.24 	 16708.82351672426 
44.26 	 16854.401653736393 
44.28 	 17042.463163738783 
44.3 	 17278.583926450156 
44.32 	 17571.28929727455 
44.34 	 17932.044494092726 
44.36 	 18374.637842165237 
44.38 	 18913.971696663193 
44.4 	 19564.361875058443 
44.42 	 20337.52291140452 
44.44 	 21240.473621082154 
44.46 	 22273.627930263687 
44.48 	 23429.335245738395 
44.5 	 24691.101601245035 
44.52 	 26033.659435451806 
44.54 	 27423.96532584019 
44.56 	 28823.099578706053 
44.58 	 30188.930324789617 
44.6 	 31479.30094969606 
44.62 	 32655.417546278983 
44.64 	 33685.06599466707 
44.66 	 34545.28642997495 
44.68 	 35224.18083752526 
44.7 	 35721.62453343627 
44.72 	 36048.78360112458 
44.74 	 36226.49029269124 
44.76 	 36282.67502068832 
44.78 	 36249.17444863686 
44.8 	 36158.311630037075 
44.82 	 36039.66469666938 
44.84 	 35917.403161345945 
44.86 	 35808.48288135812 
44.88 	 35721.867248706214 
44.9 	 35658.802868705476 
44.92 	 35614.043221530825 
44.94 	 35577.80119693935 
44.96 	 35538.13343731459 
44.98 	 35483.422479616536 
45.0 	 35404.62733764213 
45.02 	 35297.015467372046 
45.04 	 35161.16207333937 
45.06 	 35003.097794885165 
45.08 	 34833.59332147749 
45.1 	 34666.679001979915 
45.12 	 34517.59782884309 
45.14 	 34400.46958541297 
45.16 	 34325.99116222959 
45.18 	 34299.50392415859 
45.2 	 34319.71872346361 
45.22 	 34378.30431477356 
45.24 	 34460.42480686304 
45.26 	 34546.17299912515 
45.28 	 34612.71079175289 
45.3 	 34636.818503490744 
45.32 	 34597.49177315947 
45.34 	 34478.219967123296 
45.36 	 34268.635205451086 
45.38 	 33965.32644150218 
45.4 	 33571.74918761244 
45.42 	 33097.30371077368 
45.44 	 32555.777759640245 
45.46 	 31963.433788464412 
45.48 	 31337.053317523085 
45.5 	 30692.230692259884 
45.52 	 30042.142723900797 
45.54 	 29396.92420915981 
45.56 	 28763.670448227265 
45.58 	 28146.98499986666 
45.6 	 27549.909583940473 
45.62 	 26975.02407185105 
45.64 	 26425.493084293903 
45.66 	 25905.8613795488 
45.68 	 25422.45736487473 
45.7 	 24983.342838317654 
45.72 	 24597.83452060292 
45.74 	 24275.70454577666 
45.76 	 24026.228645354982 
45.78 	 23857.280595262353 
45.8 	 23774.662630847462 
45.82 	 23781.813518523442 
45.84 	 23879.955732597882 
45.86 	 24068.64458329896 
45.88 	 24346.58403470507 
45.9 	 24712.496958256415 
45.92 	 25165.800049469643 
45.94 	 25706.84766252443 
45.96 	 26336.576991811726 
45.98 	 27055.50094204728 
46.0 	 27862.13585967052 
46.02 	 28751.092671603525 
46.04 	 29711.17270050969 
46.06 	 30723.867303142106 
46.08 	 31762.646053977984 
46.1 	 32793.3271635642 
46.12 	 33775.66700235992 
46.14 	 34666.107837661286 
46.16 	 35421.41884064753 
46.18 	 36002.7929844647 
46.2 	 36379.855178594524 
46.22 	 36534.017095557865 
46.24 	 36460.687808492294 
46.26 	 36170.00526251362 
46.28 	 35685.965204987224 
46.3 	 35044.05508208602 
46.32 	 34287.711509381945 
46.34 	 33464.07700070038 
46.36 	 32619.611371711027 
46.38 	 31796.106786748696 
46.4 	 31027.568948618726 
46.42 	 30338.279255802317 
46.44 	 29742.170925351424 
46.46 	 29243.46601767037 
46.48 	 28838.357558839976 
46.5 	 28517.402611146546 
46.52 	 28268.230310345996 
46.54 	 28078.16607316491 
46.56 	 27936.423246291244 
46.58 	 27835.60381952486 
46.6 	 27772.36421177517 
46.62 	 27747.22354246935 
46.64 	 27763.604891524235 
46.66 	 27826.29285970239 
46.68 	 27939.555413487727 
46.7 	 28105.21069056568 
46.72 	 28320.919625518698 
46.74 	 28578.95482003514 
46.76 	 28865.63862335627 
46.78 	 29161.563942003966 
46.8 	 29442.616536464608 
46.82 	 29681.716211308325 
46.84 	 29851.097320906923 
46.86 	 29924.869057704193 
46.88 	 29881.545913223174 
46.9 	 29706.229111461398 
46.92 	 29392.156248739488 
46.94 	 28941.416913095363 
46.96 	 28364.746277473743 
46.98 	 27680.43859599971 
47.0 	 26912.545736193562 
47.02 	 26088.620057716966 
47.04 	 25237.30902450512 
47.06 	 24386.103185141325 
47.08 	 23559.48318125569 
47.1 	 22777.619372820496 
47.12 	 22055.670694942874 
47.14 	 21403.630548219855 
47.16 	 20826.596287656714 
47.18 	 20325.306591070515 
47.2 	 19896.798852906177 
47.22 	 19535.078304535826 
47.24 	 19231.746574945257 
47.26 	 18976.592196057554 
47.28 	 18758.183568710763 
47.3 	 18564.51638974078 
47.32 	 18383.750560637192 
47.34 	 18205.032048236655 
47.36 	 18019.344981677707 
47.38 	 17820.293349810498 
47.4 	 17604.684262313127 
47.42 	 17372.786061603223 
47.44 	 17128.16828293062 
47.46 	 16877.092575226943 
47.48 	 16627.50313324578 
47.5 	 16387.745895408352 
47.52 	 16165.210029792785 
47.54 	 15965.117588875872 
47.56 	 15789.677997984332 
47.58 	 15637.771862383832 
47.6 	 15505.241040892208 
47.62 	 15385.754394649302 
47.64 	 15272.11118512241 
47.66 	 15157.75753972527 
47.68 	 15038.242910871908 
47.7 	 14912.343134892293 
47.72 	 14782.625610973702 
47.74 	 14655.322169212113 
47.76 	 14539.490811398042 
47.78 	 14445.568680795259 
47.8 	 14383.524605417748 
47.82 	 14360.892524123221 
47.84 	 14380.995047457553 
47.86 	 14441.644965057449 
47.88 	 14534.545425965513 
47.9 	 14645.50777217425 
47.92 	 14755.485884258916 
47.94 	 14842.306290128556 
47.96 	 14882.872667632564 
47.98 	 14855.556910490694 
48.0 	 14742.46616730321 
48.02 	 14531.298702785223 
48.04 	 14216.566235292457 
48.06 	 13800.05530516728 
48.08 	 13290.509458419278 
48.1 	 12702.620004550425 
48.12 	 12055.49939291228 
48.14 	 11370.865326678668 
48.16 	 10671.179043860859 
48.18 	 9977.95813177804 
48.2 	 9310.429837945308 
48.22 	 8684.617230213642 
48.24 	 8112.872483032157 
48.26 	 7603.803418113542 
48.28 	 7162.49244327924 
48.3 	 6790.887224012151 
48.32 	 6488.249688568462 
48.34 	 6251.578577592544 
48.36 	 6075.96104482014 
48.38 	 5954.84971364119 
48.4 	 5880.293263607019 
48.42 	 5843.164677994171 
48.44 	 5833.429991521734 
48.46 	 5840.4846008305785 
48.48 	 5853.560201904142 
48.5 	 5862.180884289664 
48.52 	 5856.628778858121 
48.54 	 5828.37233680207 
48.56 	 5770.414774371042 
48.58 	 5677.534070226857 
48.6 	 5546.404457487808 
48.62 	 5375.607186422277 
48.64 	 5165.550923523424 
48.66 	 4918.327083588378 
48.68 	 4637.522822953656 
48.7 	 4328.006743691194 
48.72 	 3995.6932128269345 
48.74 	 3647.2842260147986 
48.76 	 3289.985444795803 
48.78 	 2931.196103101221 
48.8 	 2578.1797344254965 
48.82 	 2237.731582269439 
48.84 	 1915.8661077158872 
48.86 	 1617.55163981117 
48.88 	 1346.5175387424079 
48.9 	 1105.1523519550824 
48.92 	 894.500776167698 
48.94 	 714.3550829000268 
48.96 	 563.4255022197617 
48.98 	 439.5659348299031 
49.0 	 340.02745965116185 
49.02 	 261.7125946161238 
49.04 	 201.40743416027317 
49.06 	 155.97532982515528 
49.08 	 122.50320771949642 
49.1 	 98.39858974471547 
49.12 	 81.44095602445724 
49.14 	 69.79478834592278 
49.16 	 61.99344923642889 
49.18 	 56.90328175267339 
49.2 	 53.67642964317382 
49.22 	 51.69936585208482 
49.24 	 50.5423889216223 
49.26 	 49.91368332927113 
49.28 	 49.620093712716425 
49.3 	 49.53558709944089 
49.32 	 49.577465589546684 
49.34 	 49.68971623756725 
49.36 	 49.83241840547317 
49.38 	 49.9758546597319 
49.4 	 50.09787857530954 
49.42 	 50.18316760914549 
49.44 	 50.223205543160645 
49.46 	 50.2161551452177 
49.48 	 50.16614307908524 
49.5 	 50.081826745998264 
49.52 	 49.97439433350033 
49.54 	 49.85532918715299 
49.56 	 49.73433462877858 
49.58 	 49.61777552215606 
49.6 	 49.507876499085995 
49.62 	 49.40276196075923 
49.64 	 49.29726837998554 
49.66 	 49.18433612683913 
49.68 	 49.05671471011255 
49.7 	 48.90869716768174 
49.72 	 48.73763019166922 
49.74 	 48.545012975050135 
49.76 	 48.33708336040858 
49.78 	 48.124878911683325 
49.8 	 47.923839821898696 
49.82 	 47.75307997042169 
49.84 	 47.63448458199413 
49.86 	 47.591793044180264 
49.88 	 47.649791912804375 
49.9 	 47.83367897427843 
49.92 	 48.16857370900943 
49.94 	 48.67905899622322 
49.96 	 49.38856576510951 
49.98 	 50.3183810050426 
50.0 	 51.48609045010372 
50.02 	 52.90336930941609 
50.04 	 54.57319918204405 
50.06 	 56.48678866166189 
50.08 	 58.62066457546172 
50.1 	 60.934528398694866 
50.12 	 63.370491950183435 
50.14 	 65.85419136870043 
50.16 	 68.29803190585875 
50.18 	 70.60647483015902 
50.2 	 72.68290599482629 
50.22 	 74.43730161336602 
50.24 	 75.79370409957338 
50.26 	 76.69648988042577 
50.28 	 77.11456582577487 
50.3 	 77.04294452218376 
50.32 	 76.50155936918699 
50.34 	 75.5316064279054 
50.36 	 74.19005807280412 
50.38 	 72.54321849600579 
50.4 	 70.66024910855802 
50.42 	 68.60748585618701 
50.44 	 66.44413675923467 
50.46 	 64.21964542127822 
50.48 	 61.97270115423835 
50.5 	 59.731627414655385 
50.52 	 57.515726679296854 
50.54 	 55.337115446817215 
50.56 	 53.20263633721381 
50.58 	 51.11555470165368 
50.6 	 49.07689455382511 
50.62 	 47.08640369286633 
50.64 	 45.143231199217276 
50.66 	 43.24643807890789 
50.68 	 41.395446368151084 
50.7 	 39.5904797863684 
50.72 	 37.832983948975674 
50.74 	 36.12596044289986 
50.76 	 34.47412464399409 
50.78 	 32.88380931467201 
50.8 	 31.36258036981368 
50.82 	 29.918593855552942 
50.84 	 28.559785411705118 
50.86 	 27.29302733192073 
50.88 	 26.123401643305364 
50.9 	 25.053717082618324 
50.92 	 24.084349313647117 
50.94 	 23.2134200034476 
50.96 	 22.4372671662422 
50.98 	 21.751110648633546 
51.0 	 21.14979176269708 
51.02 	 20.628466947944744 
51.04 	 20.18315753355789 
51.06 	 19.811092495299533 
51.08 	 19.51081877850335 
51.1 	 19.2820863951268 
51.12 	 19.125538948845175 
51.14 	 19.04225436250507 
51.16 	 19.033188060641447 
51.18 	 19.098575160589434 
51.2 	 19.237351589899607 
51.22 	 19.446656316346566 
51.24 	 19.72147557067383 
51.26 	 20.054481519640433 
51.28 	 20.436099602425784 
51.3 	 20.8548105680151 
51.32 	 21.29765852579422 
51.34 	 21.750901538987993 
51.36 	 22.200714466373675 
51.38 	 22.63384213291154 
51.4 	 23.038108700833597 
51.42 	 23.40271605131108 
51.44 	 23.718305126413927 
51.46 	 23.976801026260947 
51.48 	 24.171105260910693 
51.5 	 24.294727959992475 
51.52 	 24.341463158342073 
51.54 	 24.305199901358524 
51.56 	 24.17993363520462 
51.58 	 23.960002418838904 
51.6 	 23.64052903974658 
51.62 	 23.21801129554826 
51.64 	 22.69097510197265 
51.66 	 22.060592611024763 
51.68 	 21.331170981873473 
51.7 	 20.510434797153692 
51.72 	 19.609552227022814 
51.74 	 18.642886760525478 
51.76 	 17.627487591019275 
51.78 	 16.58235851489872 
51.8 	 15.52756499092953 
51.82 	 14.483250962154367 
51.84 	 13.46864162647856 
51.86 	 12.50110674121337 
51.88 	 11.595352541117666 
51.9 	 10.762799864293058 
51.92 	 10.011192058588025 
51.94 	 9.344458852942914 
51.96 	 8.762841954730117 
51.98 	 8.26326562839521 
52.0 	 7.839912771248535 
52.02 	 7.48494671722048 
52.04 	 7.18930427941849 
52.06 	 6.943479239359648 
52.08 	 6.7382194391457535 
52.1 	 6.565075031283229 
52.12 	 6.416758560530832 
52.14 	 6.287305876151897 
52.16 	 6.172055667358324 
52.18 	 6.0674896302968095 
52.2 	 5.9709905965577255 
52.22 	 5.880579767691032 
52.24 	 5.794686249414578 
52.26 	 5.711984612629312 
52.28 	 5.631313548483784 
52.3 	 5.551666256217035 
52.32 	 5.472226227392344 
52.34 	 5.392414270391292 
52.36 	 5.311915170859415 
52.38 	 5.230663723931823 
52.4 	 5.148786089402375 
52.42 	 5.066508420117343 
52.44 	 4.984055736043041 
52.46 	 4.901567039833558 
52.48 	 4.8190472723614235 
52.5 	 4.736365099732958 
52.52 	 4.653291745735794 
52.54 	 4.569564630068715 
52.56 	 4.484953919709288 
52.58 	 4.399311628726916 
52.6 	 4.312590564805936 
52.62 	 4.2248312489795055 
52.64 	 4.136125160278508 
52.66 	 4.046569038541982 
52.68 	 3.956225856720956 
52.7 	 3.8651037970962063 
52.72 	 3.7731571842878324 
52.74 	 3.6803057176408607 
52.76 	 3.5864631209686397 
52.78 	 3.4915649540146694 
52.8 	 3.3955877391487617 
52.82 	 3.298556358234707 
52.84 	 3.2005418242632424 
52.86 	 3.101655161946615 
52.88 	 3.0020442090942776 
52.9 	 2.9018987406830288 
52.92 	 2.8014663863204854 
52.94 	 2.7010787064898745 
52.96 	 2.601184637748963 
52.98 	 2.5023877768569043 
53.0 	 2.4054843445209486 
53.02 	 2.311499307459972 
53.04 	 2.2217181043616825 
53.06 	 2.1377101458540335 
53.08 	 2.061337829727871 
53.1 	 1.9947419999060378 
53.12 	 1.9402927897400055 
53.14 	 1.9004948766991383 
53.16 	 1.877839219735296 
53.18 	 1.8745995821154333 
53.2 	 1.8925810355392256 
53.22 	 1.9328379937209663 
53.24 	 1.9953894611363243 
53.26 	 2.0789672221552102 
53.28 	 2.1808368204952795 
53.3 	 2.2967299106915577 
53.32 	 2.4209190335562214 
53.34 	 2.546452077503267 
53.36 	 2.6655447130400374 
53.38 	 2.7701071496572522 
53.4 	 2.8523598743707206 
53.42 	 2.905475357777202 
53.44 	 2.924172694059631 
53.46 	 2.9051924639795916 
53.48 	 2.847590769028663 
53.5 	 2.752813238163669 
53.52 	 2.6245386069735828 
53.54 	 2.4683124118936335 
53.56 	 2.2910190523331675 
53.58 	 2.100260158692004 
53.6 	 1.9037156981044965 
53.62 	 1.708560661481282 
53.64 	 1.5209959811109384 
53.66 	 1.3459309028107647 
53.68 	 1.186829779385237 
53.7 	 1.0457135582121007 
53.72 	 0.9232885895455863 
53.74 	 0.8191647813733023 
53.76 	 0.7321219322004809 
53.78 	 0.6603862502938426 
53.8 	 0.6018866878003906 
53.82 	 0.5544705430442824 
53.84 	 0.5160677768616503 
53.86 	 0.48480214253254933 
53.88 	 0.4590536906888194 
53.9 	 0.4374812300176972 
53.92 	 0.4190150983884338 
53.94 	 0.40283058506876107 
53.96 	 0.38831109916146783 
53.98 	 0.37500824280117706 
54.0 	 0.3626037800555346 
54.02 	 0.35087644450396627 
54.04 	 0.3396748331261694 
54.06 	 0.3288964098804221 
54.08 	 0.3184719048582013 
54.1 	 0.308354078310896 
54.12 	 0.29850980618633083 
54.14 	 0.2889146022588445 
54.16 	 0.27954890524480014 
54.18 	 0.270395649495093 
54.2 	 0.2614387715910603 
54.22 	 0.252662385529881 
54.24 	 0.2440504087478682 
54.26 	 0.2355864642249139 
54.28 	 0.22725393418662002 
54.3 	 0.2190360987040803 
54.32 	 0.21091634879357182 
54.34 	 0.20287850827365803 
54.36 	 0.1949073276335235 
54.38 	 0.18698923255527944 
54.4 	 0.17911343602601132 
54.42 	 0.17127358208786814 
54.44 	 0.16347021685434626 
54.46 	 0.15571462766694638 
54.48 	 0.14803502455442782 
54.5 	 0.14048676067743787 
54.52 	 0.13316944007916404 
54.54 	 0.1262555210835683 
54.56 	 0.1200375972812405 
54.58 	 0.11500512057657886 
54.6 	 0.11196604110029074 
54.62 	 0.1122346151024834 
54.64 	 0.11791308961664496 
54.66 	 0.13230123638044214 
54.68 	 0.16047224911698904 
54.7 	 0.2100540573238935 
54.72 	 0.29224865664915506 
54.74 	 0.42310519238449623 
54.76 	 0.6250320108689931 
54.78 	 0.9284865882172129 
54.8 	 1.3737203944796788 
54.82 	 2.012382286871074 
54.84 	 2.9087076505702396 
54.86 	 4.139955044403376 
54.88 	 5.795715652317151 
54.9 	 7.975733329725107 
54.92 	 10.785952244808382 
54.94 	 14.332665508954015 
54.96 	 18.714869601820812 
54.98 	 24.015217009849763 
55.0 	 30.290266692690558 
55.02 	 37.5610073366265 
55.04 	 45.80481318658561 
55.06 	 54.950032108835494 
55.08 	 64.87426334904777 
55.1 	 75.40705037775164 
55.12 	 86.33722077895919 
55.14 	 97.42451488873766 
55.16 	 108.41454950853279 
55.18 	 119.05566492880313 
55.2 	 129.11589530049076 
55.22 	 138.3982468411271 
55.24 	 146.7526839523124 
55.26 	 154.0836792650093 
55.28 	 160.35280573312835 
55.3 	 165.57653499333725 
55.32 	 169.8200472023907 
55.34 	 173.1883588022001 
55.36 	 175.81637239138777 
55.38 	 177.85952205864427 
55.4 	 179.48653983945638 
55.42 	 180.87554258226132 
55.44 	 182.21418348969806 
55.46 	 183.70407659070074 
55.48 	 185.5691214459342 
55.5 	 188.06675271507063 
55.52 	 191.50053259872297 
55.54 	 196.23191973856075 
55.56 	 202.68853596613002 
55.58 	 211.36589744656558 
55.6 	 222.8194997943162 
55.62 	 237.6444884070772 
55.64 	 256.4410346070711 
55.66 	 279.76504749385936 
55.68 	 308.0659474450848 
55.7 	 341.6157323679295 
55.72 	 380.4361470493263 
55.74 	 424.232952323868 
55.76 	 472.34755516443875 
55.78 	 523.7361196523548 
55.8 	 576.9844203715174 
55.82 	 630.3630988150201 
55.84 	 681.9229699446474 
55.86 	 729.6242800290936 
55.88 	 771.4882755609533 
55.9 	 805.7551309544998 
55.92 	 831.0300973546842 
55.94 	 846.4002379621977 
55.96 	 851.5073838001507 
55.98 	 846.5685236321158 
56.0 	 832.3418214513385 
56.02 	 810.0436471740538 
56.04 	 781.2281931066183 
56.06 	 747.645432853144 
56.08 	 711.0947780503053 
56.1 	 673.2907287043423 
56.12 	 635.7535090738454 
56.14 	 599.7329084961866 
56.16 	 566.1682518408998 
56.18 	 535.6825206017256 
56.2 	 508.60484241198014 
56.22 	 485.0132663604851 
56.24 	 464.78901544813033 
56.26 	 447.6740438551557 
56.28 	 433.3253249922095 
56.3 	 421.3613814455154 
56.32 	 411.39869480589107 
56.34 	 403.077463175104 
56.36 	 396.07751256191267 
56.38 	 390.12596600024506 
56.4 	 384.9985967830532 
56.42 	 380.51677291326075 
56.44 	 376.5416877039313 
56.46 	 372.9672883649404 
56.48 	 369.7130309292851 
56.5 	 366.71732318206557 
56.52 	 363.9322491594556 
56.54 	 361.3198749418059 
56.56 	 358.8501135711137 
56.58 	 356.4998118958778 
56.6 	 354.2524812032891 
56.62 	 352.0980020194809 
56.64 	 350.03174080883605 
56.66 	 348.05281601085824 
56.68 	 346.1616691889458 
56.7 	 344.3575077696846 
56.72 	 342.63644858838023 
56.74 	 340.991201477924 
56.76 	 339.412862777975 
56.78 	 337.8949093404627 
56.8 	 336.43894414693904 
56.82 	 335.061328386366 
56.84 	 333.79969542000765 
56.86 	 332.718545065005 
56.88 	 331.9136069822912 
56.9 	 331.51527017693735 
56.92 	 331.6918635981571 
56.94 	 332.65370702732775 
56.96 	 334.65848240306224 
56.98 	 338.0175999901236 
57.0 	 343.10201854674216 
57.02 	 350.3447390092593 
57.04 	 360.2363223667109 
57.06 	 373.3096606899103 
57.08 	 390.1111064270661 
57.1 	 411.15697625724977 
57.12 	 436.8771711822656 
57.14 	 467.5507305478074 
57.16 	 503.2409360772187 
57.18 	 543.7394386742646 
57.2 	 588.5292488321937 
57.22 	 636.7750230873139 
57.24 	 687.3459590373293 
57.26 	 738.872215848594 
57.28 	 789.830843966767 
57.3 	 838.6526327412445 
57.32 	 883.837932276902 
57.34 	 924.0680196717883 
57.36 	 958.2992393269639 
57.38 	 985.829805647983 
57.4 	 1006.333276641348 
57.42 	 1019.8574829755757 
57.44 	 1026.7922353274028 
57.46 	 1027.8126450168913 
57.48 	 1023.8068578884651 
57.5 	 1015.7972591899008 
57.52 	 1004.8629677878083 
57.54 	 992.0692068692707 
57.56 	 978.4065796692524 
57.58 	 964.7410507249265 
57.6 	 951.7740314282386 
57.62 	 940.0116150501676 
57.64 	 929.7426060400121 
57.66 	 921.0261651914976 
57.68 	 913.6910950794354 
57.7 	 907.349445110371 
57.72 	 901.4267880483908 
57.74 	 895.2100458053478 
57.76 	 887.9112922366048 
57.78 	 878.7430173018166 
57.8 	 866.997586283535 
57.82 	 852.1217894065275 
57.84 	 833.7770159829648 
57.86 	 811.8769563280999 
57.88 	 786.5976937702791 
57.9 	 758.3590811805612 
57.92 	 727.7806216246913 
57.94 	 695.6188293850287 
57.96 	 662.6954946733474 
57.98 	 629.8269635002258 
58.0 	 597.7634131291509 
58.02 	 567.1444836986525 
58.04 	 538.4741478781809 
58.06 	 512.1141351033912 
58.08 	 488.2923075741233 
58.1 	 467.1206427151653 
58.12 	 448.617135602595 
58.14 	 432.72688588312633 
58.16 	 419.33948616942587 
58.18 	 408.3020230208002 
58.2 	 399.42895175185026 
58.22 	 392.5113387401148 
58.24 	 387.3282189494273 
58.26 	 383.66208814804884 
58.28 	 381.3190727460829 
58.3 	 380.15249547967113 
58.32 	 380.0868458880314 
58.34 	 381.1379903680245 
58.36 	 383.4251065322378 
58.38 	 387.1704091228484 
58.4 	 392.6841706642786 
58.42 	 400.3345926676109 
58.44 	 410.5044129734566 
58.46 	 423.5383633060595 
58.48 	 439.68736124384753 
58.5 	 459.0563453990425 
58.52 	 481.56275846458783 
58.54 	 506.9117914247338 
58.56 	 534.592698592352 
58.58 	 563.8979827237797 
58.6 	 593.9643516068468 
58.62 	 623.8314621334581 
58.64 	 652.512024468982 
58.66 	 679.0652313173911 
58.68 	 702.6649929620282 
58.7 	 722.6552170752254 
58.72 	 738.5862869134622 
58.74 	 750.2296700488176 
58.76 	 757.5707757911832 
58.78 	 760.7832320086102 
58.8 	 760.1901479789976 
58.82 	 756.2192668742529 
58.84 	 749.358988841789 
58.86 	 740.1211044923691 
58.88 	 729.0139918360248 
58.9 	 716.5274445662027 
58.92 	 703.1277454547736 
58.94 	 689.2595800387066 
58.96 	 675.3502828430824 
58.98 	 661.8119039712733 
59.0 	 649.0376312746868 
59.02 	 637.3909395423057 
59.04 	 627.1880401354086 
59.06 	 618.6762770224614 
59.08 	 612.0125940114623 
59.1 	 607.2467478163527 
59.12 	 604.3134284440011 
59.14 	 603.0359702293482 
59.16 	 603.1422042272491 
59.18 	 604.2906718945079 
59.2 	 606.1033927999772 
59.22 	 608.2000914295411 
59.24 	 610.2285140581707 
59.26 	 611.8862600063633 
59.28 	 612.9312388351565 
59.3 	 613.1800893694644 
59.32 	 612.4962009433061 
59.34 	 610.7709055681959 
59.36 	 607.9026002190348 
59.38 	 603.7788114566604 
59.4 	 598.2655207077114 
59.42 	 591.2065959444361 
59.44 	 582.434224336106 
59.46 	 571.7891766317936 
59.48 	 559.1479183981087 
59.5 	 544.4523089410213 
59.52 	 527.7370770663334 
59.54 	 509.1504824995085 
59.56 	 488.9644828095574 
59.58 	 467.5721449029784 
59.6 	 445.47172241705636 
59.62 	 423.2385068481122 
59.64 	 401.48702429317353 
59.66 	 380.827230427302 
59.68 	 361.81897393141924 
59.7 	 344.92914870506974 
59.72 	 330.49568684581106 
59.74 	 318.70192992232876 
59.76 	 309.5640249006862 
59.78 	 302.9328768362741 
59.8 	 298.51089635299627 
59.82 	 295.88235935955555 
59.84 	 294.55473853555657 
59.86 	 294.00701281231744 
59.88 	 293.73990350270645 
59.9 	 293.32243455905854 
59.92 	 292.4293488393535 
59.94 	 290.8648216358489 
59.96 	 288.56955042551914 
59.98 	 285.6104669893835 
