0.0 	 0.25254489821576304 
0.02 	 0.3255699207165693 
0.04 	 0.36938566251063865 
0.06 	 0.422381622804785 
0.08 	 0.4563963022532594 
0.1 	 0.49866520997001457 
0.12 	 0.5286531594366171 
0.14 	 0.5632498618749696 
0.16 	 0.5904724661910127 
0.18 	 0.6172845279983389 
0.2 	 0.6413034108156639 
0.22 	 0.6594039110642265 
0.24 	 0.6787737482064621 
0.26 	 0.6875206912311022 
0.28 	 0.7007421041231062 
0.3 	 0.7007398485466612 
0.32 	 0.7074419159060766 
0.34 	 0.7007629813206945 
0.36 	 0.7020811149217242 
0.38 	 0.6912202917429675 
0.4 	 0.688806786662764 
0.42 	 0.6751823821865801 
0.44 	 0.6698421173324226 
0.46 	 0.6532107155874173 
0.48 	 0.6444103859571828 
0.5 	 0.623516048220003 
0.52 	 0.6099656535637923 
0.54 	 0.5838334460394131 
0.56 	 0.5646804264093016 
0.58 	 0.5338368760815438 
0.6 	 0.5098099327718821 
0.62 	 0.47671523369908075 
0.64 	 0.45038402770221736 
0.66 	 0.41861747670764776 
0.68 	 0.3933700997866456 
0.7 	 0.36604635820765574 
0.72 	 0.34454450084713056 
0.74 	 0.3231676088383502 
0.76 	 0.30649450078616336 
0.78 	 0.29090391861615217 
0.8 	 0.2787415551326779 
0.82 	 0.2677685085706744 
0.84 	 0.2590594778739379 
0.86 	 0.2512358149113754 
0.88 	 0.24477369968129625 
0.9 	 0.23878427313635275 
0.92 	 0.23355320747899824 
0.94 	 0.22844006782814588 
0.96 	 0.2237532800916506 
0.98 	 0.2189666507628952 
1.0 	 0.21448659633430178 
1.02 	 0.20984690708727932 
1.04 	 0.2055325054750384 
1.06 	 0.2011299559497189 
1.08 	 0.19712990407126335 
1.1 	 0.19317982415086976 
1.12 	 0.18969286845278216 
1.14 	 0.1863788557511182 
1.16 	 0.18351746750378348 
1.18 	 0.1808663421284525 
1.2 	 0.17856587359493123 
1.22 	 0.1763911104681498 
1.24 	 0.17439083443841813 
1.26 	 0.17231617070740937 
1.28 	 0.1702112504805975 
1.3 	 0.16776008885473337 
1.32 	 0.165102519390131 
1.34 	 0.16182424443060492 
1.36 	 0.1582435741482343 
1.38 	 0.15384366880580694 
1.4 	 0.1491580561592928 
1.42 	 0.1435970416403739 
1.44 	 0.13788364050988472 
1.46 	 0.13140966036884366 
1.48 	 0.12500399343058222 
1.5 	 0.11809608801551373 
1.52 	 0.11150697187050757 
1.54 	 0.10473984764279157 
1.56 	 0.09850446691415705 
1.58 	 0.09238768615296983 
1.6 	 0.08692783772159825 
1.62 	 0.08178859162805355 
1.64 	 0.07732891070698587 
1.66 	 0.07327820977713301 
1.68 	 0.06984541629364768 
1.7 	 0.06681580561184707 
1.72 	 0.06429105859453856 
1.74 	 0.06210263571901785 
1.76 	 0.06028396484549928 
1.78 	 0.05870189529610381 
1.8 	 0.05735158686906327 
1.82 	 0.05612486388513893 
1.84 	 0.0550022595668109 
1.86 	 0.053893463660565785 
1.88 	 0.05278497865826907 
1.9 	 0.05160198760078515 
1.92 	 0.050353890637442715 
1.94 	 0.04898227089038222 
1.96 	 0.047528459991579126 
1.98 	 0.04595109186677548 
2.0 	 0.0443206176161743 
2.02 	 0.042609731393498634 
2.04 	 0.04090381783930346 
2.06 	 0.03918212719430095 
2.08 	 0.03752547097836378 
2.1 	 0.035910218866227306 
2.12 	 0.03439649389729558 
2.14 	 0.032950881458353336 
2.16 	 0.031606558499626826 
2.18 	 0.03031918438828654 
2.2 	 0.029099631144646084 
2.22 	 0.027897231856140365 
2.24 	 0.026712234987399906 
2.26 	 0.0254953341496957 
2.28 	 0.02424910045979166 
2.3 	 0.022933150668903012 
2.32 	 0.021561751623960165 
2.34 	 0.02010858791013183 
2.36 	 0.018602870310856744 
2.38 	 0.017033918384877274 
2.4 	 0.015442848110169891 
2.42 	 0.013832332841314082 
2.44 	 0.012247868703924298 
2.46 	 0.010700023044984469 
2.48 	 0.009229721914828622 
2.5 	 0.00784854747037629 
2.52 	 0.006585734379732787 
2.54 	 0.0054479919687007395 
2.56 	 0.004449757978568965 
2.58 	 0.003589909831194233 
2.6 	 0.0028692940045649323 
2.62 	 0.00227937279047879 
2.64 	 0.0018114892140446614 
2.66 	 0.0014523918647566375 
2.68 	 0.0011887635515214236 
2.7 	 0.0010058991820510884 
2.72 	 0.0008897427476236144 
2.74 	 0.0008266480716582193 
2.76 	 0.0008041672512369436 
2.78 	 0.0008110612756252417 
2.8 	 0.0008374873280029185 
2.82 	 0.0008750542917808158 
2.84 	 0.0009167403035856665 
2.86 	 0.0009569686911407849 
2.88 	 0.000991418574380703 
2.9 	 0.0010170838660492983 
2.92 	 0.0010320529513133633 
2.94 	 0.0010354894175630736 
2.96 	 0.0010274226690664974 
2.98 	 0.0010086171568936932 
3.0 	 0.0009804078913908322 
3.02 	 0.0009444814512413857 
3.04 	 0.000902783328631417 
3.06 	 0.0008572718450653321 
3.08 	 0.0008099059465094074 
3.1 	 0.0007624304414154792 
3.12 	 0.0007164286602733878 
3.14 	 0.0006731673309957225 
3.16 	 0.0006336823841512107 
3.18 	 0.0005986819127019505 
3.2 	 0.0005686343107006397 
3.22 	 0.0005437155081201486 
3.24 	 0.0005238833989313538 
3.26 	 0.0005088591601547107 
3.28 	 0.0004981885433404222 
3.3 	 0.0004912536885014407 
3.32 	 0.00048732906908541414 
3.34 	 0.0004856192994122244 
3.36 	 0.0004853128147552449 
3.38 	 0.00048563264285758824 
3.4 	 0.00048588119964941816 
3.42 	 0.0004854833718353665 
3.44 	 0.00048401111290927325 
3.46 	 0.00048120015830184867 
3.48 	 0.0004769483393254614 
3.5 	 0.0004712998546286281 
3.52 	 0.00046442275959958617 
3.54 	 0.00045657036935487855 
3.56 	 0.0004480526404089856 
3.58 	 0.0004391931218583164 
3.6 	 0.0004303095289891746 
3.62 	 0.00042168231788337836 
3.64 	 0.0004135520881063603 
3.66 	 0.0004061060123370954 
3.68 	 0.0003994897907925498 
3.7 	 0.00039380852405241187 
3.72 	 0.0003891450584581174 
3.74 	 0.0003855679392658742 
3.76 	 0.0003831482404420425 
3.78 	 0.0003819691232990797 
3.8 	 0.000382137114883585 
3.82 	 0.0003837918234383896 
3.84 	 0.00038711088567499333 
3.86 	 0.00039232074840336634 
3.88 	 0.0003996945382171017 
3.9 	 0.0004095643682669756 
3.92 	 0.00042230862666248854 
3.94 	 0.0004383648634479029 
3.96 	 0.00045820006121282634 
3.98 	 0.00048232399230085455 
4.0 	 0.0005112355728522813 
4.02 	 0.0005454417834110738 
4.04 	 0.0005853757509528078 
4.06 	 0.0006314350820171523 
4.08 	 0.00068387042470501 
4.1 	 0.0007428654171943859 
4.12 	 0.0008083941171430136 
4.14 	 0.0008803677708968806 
4.16 	 0.0009584533642373198 
4.18 	 0.0010423077313503088 
4.2 	 0.0011313399445851467 
4.22 	 0.0012250435440078885 
4.24 	 0.0013226789540585532 
4.26 	 0.001423705923678222 
4.28 	 0.0015273642806163071 
4.3 	 0.001633205685707206 
4.32 	 0.0017405613468533373 
4.34 	 0.0018491740941605872 
4.36 	 0.0019585528682755458 
4.38 	 0.0020687078107597223 
4.4 	 0.0021793944643584817 
4.42 	 0.002290952464162753 
4.44 	 0.0024034335068501824 
4.46 	 0.0025175409996041906 
4.48 	 0.0026336183749064096 
4.5 	 0.0027526903593481835 
4.52 	 0.0028752699713381273 
4.54 	 0.003002518504592237 
4.56 	 0.0031348192189352276 
4.58 	 0.0032731026899031584 
4.6 	 0.0034171415244632158 
4.62 	 0.003567120971291361 
4.64 	 0.0037216404940427447 
4.66 	 0.003879625403120788 
4.68 	 0.0040380818161044885 
4.7 	 0.004194411167906118 
4.72 	 0.004344047198527771 
4.74 	 0.004483121208960522 
4.76 	 0.004606190310687195 
4.78 	 0.004709011814215023 
4.8 	 0.004786618405562453 
4.82 	 0.004835766848085283 
4.84 	 0.00485359900021458 
4.86 	 0.00483926067659734 
4.88 	 0.004793300636896537 
4.9 	 0.004718118059041961 
4.92 	 0.004618126358017646 
4.94 	 0.004499078812041572 
4.96 	 0.0043689241901985485 
4.98 	 0.004236545172547017 
5.0 	 0.00411320780163633 
5.02 	 0.004011648953460905 
5.04 	 0.0039480294783833005 
5.06 	 0.003942526687794871 
5.08 	 0.004021520091926677 
5.1 	 0.00422093825657445 
5.12 	 0.00458749282173556 
5.14 	 0.005186386107250744 
5.16 	 0.006097495010416106 
5.18 	 0.007431350549273407 
5.2 	 0.00930802898945469 
5.22 	 0.011895592064571298 
5.24 	 0.015337657918055662 
5.26 	 0.01986302631782284 
5.28 	 0.025573142304898214 
5.3 	 0.032761462213408934 
5.32 	 0.04135133518293699 
5.34 	 0.0517429341218135 
5.36 	 0.06347738121930833 
5.38 	 0.07719261182092842 
5.4 	 0.09181234679400993 
5.42 	 0.1084437281469041 
5.44 	 0.1251921839644358 
5.46 	 0.14389314928429128 
5.48 	 0.16173884993624105 
5.5 	 0.1814508549596151 
5.52 	 0.19937051106116488 
5.54 	 0.21906372368583993 
5.56 	 0.23624664536212778 
5.58 	 0.2550813533838177 
5.6 	 0.2710013299607544 
5.62 	 0.2883833531115335 
5.64 	 0.3027609933870896 
5.66 	 0.3183066167025251 
5.68 	 0.33101112973421093 
5.7 	 0.34445425298293253 
5.72 	 0.35538946083355016 
5.74 	 0.36647554348784656 
5.76 	 0.37548779311412556 
5.78 	 0.38390774316622717 
5.8 	 0.39074866011991466 
5.82 	 0.39615766977389516 
5.84 	 0.4005253644108931 
5.86 	 0.4026606855128053 
5.88 	 0.40432355161711764 
5.9 	 0.4031891614245601 
5.92 	 0.4021627024899457 
5.94 	 0.3982014652688951 
5.96 	 0.3949032901917215 
5.98 	 0.38905181713554227 
6.0 	 0.3843329325615033 
6.02 	 0.37788618652387396 
6.04 	 0.3728766157038273 
6.06 	 0.36718705694429665 
6.08 	 0.3630015780026951 
6.1 	 0.359139495062924 
6.12 	 0.3565818113058896 
6.14 	 0.355103886688612 
6.16 	 0.35450251142726463 
6.18 	 0.3554053215878585 
6.2 	 0.3566279861281898 
6.22 	 0.35947160273617057 
6.24 	 0.36207765261465313 
6.26 	 0.3662116898458334 
6.28 	 0.36966485369568114 
6.3 	 0.3744795704742618 
6.32 	 0.3783498600813557 
6.34 	 0.38348187027590486 
6.36 	 0.38758257869656776 
6.38 	 0.3930107026128588 
6.4 	 0.3974278518737309 
6.42 	 0.4034130479445988 
6.44 	 0.40840833412413124 
6.46 	 0.4152904797130193 
6.48 	 0.42111624108469964 
6.5 	 0.42906567514275656 
6.52 	 0.43578968456346956 
6.54 	 0.44464794103816774 
6.56 	 0.45207978887537975 
6.58 	 0.4613644401574548 
6.6 	 0.46910168377436384 
6.62 	 0.47815124585593394 
6.64 	 0.4856993883325809 
6.66 	 0.49388140006518283 
6.68 	 0.5007948986683681 
6.7 	 0.5077033825576052 
6.72 	 0.5137142380974213 
6.74 	 0.5192979836207317 
6.76 	 0.5244007433125447 
6.78 	 0.5289737990107358 
6.8 	 0.5334273992883833 
6.82 	 0.5375432322178939 
6.84 	 0.5417708684025893 
6.86 	 0.5460060899641581 
6.88 	 0.5504320984054137 
6.9 	 0.5551826151229106 
6.92 	 0.5600891751845668 
6.94 	 0.565474339731596 
6.96 	 0.5709448440712181 
6.98 	 0.5768498683698713 
7.0 	 0.5828120376909764 
7.02 	 0.5890341027307199 
7.04 	 0.5953747569598143 
7.06 	 0.6018061910792847 
7.08 	 0.6085125830827148 
7.1 	 0.6152816036699557 
7.12 	 0.6225518035719202 
7.14 	 0.6300396882215699 
7.16 	 0.6382983818019449 
7.18 	 0.6469887963633156 
7.2 	 0.656776955892164 
7.22 	 0.6669825347682998 
7.24 	 0.6787603766099085 
7.26 	 0.6903518299470497 
7.28 	 0.7042965176649468 
7.3 	 0.7165472554600095 
7.32 	 0.7323911837873305 
7.34 	 0.7439672004797498 
7.36 	 0.7608698495552552 
7.38 	 0.7699498785471445 
7.4 	 0.7864243787955387 
7.42 	 0.7909755452187671 
7.44 	 0.8050025442703682 
7.46 	 0.8032668543159196 
7.48 	 0.8127676230988449 
7.5 	 0.8038631039210372 
7.52 	 0.8074356814000437 
7.54 	 0.7916523324970829 
7.56 	 0.7889989870170117 
7.58 	 0.7673529267148528 
7.6 	 0.7588757717021555 
7.62 	 0.7321716029609449 
7.64 	 0.7180889294998334 
7.66 	 0.6864029050531126 
7.68 	 0.666360886516535 
7.7 	 0.6295393029526029 
7.72 	 0.6032406996007881 
7.74 	 0.5620737665519908 
7.76 	 0.530474180165055 
7.78 	 0.4875154128290368 
7.8 	 0.4534364482970671 
7.82 	 0.41251585137382063 
7.84 	 0.37980936861856196 
7.86 	 0.3444108655769519 
7.88 	 0.31623805097222396 
7.9 	 0.28810156305826584 
7.92 	 0.26582513261175034 
7.94 	 0.24478861027800264 
7.96 	 0.22812248122919423 
7.98 	 0.21289559852452242 
8.0 	 0.20071723925281582 
8.02 	 0.18974357971976624 
8.04 	 0.18081368677981896 
8.06 	 0.17277384938448923 
8.08 	 0.16609531462776184 
8.1 	 0.16005761602954136 
8.12 	 0.15495181626429355 
8.14 	 0.15032875020830322 
8.16 	 0.14637568610439416 
8.18 	 0.14281457293610847 
8.2 	 0.13975593358830818 
8.22 	 0.1370305430777628 
8.24 	 0.1346830854676093 
8.26 	 0.1326135266810785 
8.28 	 0.13081243858114364 
8.3 	 0.12922443133235575 
8.32 	 0.1278057792803601 
8.34 	 0.12653431371557117 
8.36 	 0.12535904247908675 
8.38 	 0.12429317741453258 
8.4 	 0.12330350041394202 
8.42 	 0.12245347201917746 
8.44 	 0.12173496839895097 
8.46 	 0.12128393445584097 
8.48 	 0.12109096444194493 
8.5 	 0.12138452666315161 
8.52 	 0.12208787425378012 
8.54 	 0.12353203249307279 
8.56 	 0.12548059284005106 
8.58 	 0.12836843363206343 
8.6 	 0.13171429855297886 
8.62 	 0.136057144144907 
8.64 	 0.14063344753122603 
8.66 	 0.14608467828209357 
8.68 	 0.15140396096250563 
8.7 	 0.15731432628270994 
8.72 	 0.16268402528267514 
8.74 	 0.16825714960345567 
8.76 	 0.172950779032657 
8.78 	 0.17743170642174216 
8.8 	 0.18084895219069796 
8.82 	 0.18368633908830115 
8.84 	 0.18546349439080298 
8.86 	 0.1864091320994418 
8.88 	 0.18646588756437615 
8.9 	 0.18559332123493094 
8.92 	 0.18411252205421458 
8.94 	 0.1817539928977806 
8.96 	 0.17910178837338403 
8.98 	 0.17572786050009134 
9.0 	 0.17234120016225501 
9.02 	 0.1684303733378288 
9.04 	 0.16471348892295376 
9.06 	 0.16065903536140327 
9.08 	 0.15692230373615226 
9.1 	 0.15299671975487 
9.12 	 0.14944409685027046 
9.14 	 0.14580952521573742 
9.16 	 0.1425572275416151 
9.18 	 0.13929572064564114 
9.2 	 0.13639965282938898 
9.22 	 0.13354229675282916 
9.24 	 0.13102009088769898 
9.26 	 0.1285661016163627 
9.28 	 0.12640966596799705 
9.3 	 0.12433533532903207 
9.32 	 0.12251564854551547 
9.34 	 0.12077686306632109 
9.36 	 0.1192450562873302 
9.38 	 0.11777825050626828 
9.4 	 0.11646747110064049 
9.42 	 0.11519341362333126 
9.44 	 0.11402481682228488 
9.46 	 0.11285751371266864 
9.48 	 0.11175111150879698 
9.5 	 0.11061096221229579 
9.52 	 0.10949909569009894 
9.54 	 0.10832672937781149 
9.56 	 0.10716604939554156 
9.58 	 0.10593221611300213 
9.6 	 0.10470999649108288 
9.62 	 0.10341784658030591 
9.64 	 0.10215022504126568 
9.66 	 0.10082907055131254 
9.68 	 0.09955207176724536 
9.7 	 0.09824568042809069 
9.72 	 0.09700380317091346 
9.74 	 0.09576007389574019 
9.76 	 0.09460006618230751 
9.78 	 0.09347025436041816 
9.8 	 0.09244696117471778 
9.82 	 0.09149908732806995 
9.84 	 0.0906942637434965 
9.86 	 0.09003665464293231 
9.88 	 0.08958177880076833 
9.9 	 0.08938242860873445 
9.92 	 0.08946804248306323 
9.94 	 0.0899502908180691 
9.96 	 0.0908040383957221 
9.98 	 0.09220482022984432 
10.0 	 0.09403204059123257 
10.02 	 0.09652608620812402 
10.04 	 0.09942743483734573 
10.06 	 0.10304195201500572 
10.08 	 0.106941195742864 
10.1 	 0.11149827238081801 
10.12 	 0.11611680594457424 
10.14 	 0.12123514617941002 
10.16 	 0.12613247218771595 
10.18 	 0.1312971213416861 
10.2 	 0.13596767314687658 
10.22 	 0.14064832157035703 
10.24 	 0.1446416806512132 
10.26 	 0.1484205667160212 
10.28 	 0.15144454776446648 
10.3 	 0.15410989730058766 
10.32 	 0.15608253909558928 
10.34 	 0.15765340967841537 
10.36 	 0.15868657590644195 
10.38 	 0.1593603063833381 
10.4 	 0.15968354599671344 
10.42 	 0.15973242106185725 
10.44 	 0.15959384331384452 
10.46 	 0.15926339299032277 
10.48 	 0.15885525824973942 
10.5 	 0.15831059468239558 
10.52 	 0.15774784563870095 
10.54 	 0.15707863252039006 
10.56 	 0.15642240573041422 
10.58 	 0.15568059415390467 
10.6 	 0.15497491084555445 
10.62 	 0.1542085475431477 
10.64 	 0.1535011366698707 
10.66 	 0.15276282721452492 
10.68 	 0.15210098339025663 
10.7 	 0.15143311799116083 
10.72 	 0.15084473277356955 
10.74 	 0.15025839871275565 
10.76 	 0.14973557229855014 
10.78 	 0.14920035658498665 
10.8 	 0.1486979566935734 
10.82 	 0.14815031325447947 
10.84 	 0.14760161178957337 
10.86 	 0.14696910554107925 
10.88 	 0.14631293841018456 
10.9 	 0.14554636825254827 
10.92 	 0.14475778198924746 
10.94 	 0.14386241389277377 
10.96 	 0.14297877426704295 
10.98 	 0.14203582560564346 
11.0 	 0.1411696744957153 
11.02 	 0.14033834478205284 
11.04 	 0.13966777252262597 
11.06 	 0.13915962256736378 
11.08 	 0.13889070634314973 
11.1 	 0.13891574535796225 
11.12 	 0.13922166707531908 
11.14 	 0.13991779775110427 
11.16 	 0.14087147884813495 
11.18 	 0.14223924205404384 
11.2 	 0.14376309707008209 
11.22 	 0.14562960556752172 
11.24 	 0.1474828693370264 
11.26 	 0.14951169880559576 
11.28 	 0.15132473369806684 
11.3 	 0.15307625510479195 
11.32 	 0.15442784071655496 
11.34 	 0.1554609830388425 
11.36 	 0.1559829662363007 
11.38 	 0.15597618934808744 
11.4 	 0.1554604323352972 
11.42 	 0.15431735007220795 
11.44 	 0.15279180196182549 
11.46 	 0.15068970330759052 
11.48 	 0.14842810347759197 
11.5 	 0.1457765986785947 
11.52 	 0.14322194711136485 
11.54 	 0.1405337394289736 
11.56 	 0.13815532772968378 
11.58 	 0.1358802862877332 
11.6 	 0.1340270245829981 
11.62 	 0.1324273350334306 
11.64 	 0.1312472416253934 
11.66 	 0.1303669843881642 
11.68 	 0.12982109636419387 
11.7 	 0.12954555800365766 
11.72 	 0.1294886415960317 
11.74 	 0.12964391284758822 
11.76 	 0.1299175331434913 
11.78 	 0.13035591889274817 
11.8 	 0.13085051170626705 
11.82 	 0.1314912405787508 
11.84 	 0.13216204943269436 
11.86 	 0.13298569775725505 
11.88 	 0.13383161697806034 
11.9 	 0.13484580067970564 
11.92 	 0.13587220166903502 
11.94 	 0.13707243307169573 
11.96 	 0.13825964610738278 
11.98 	 0.13960503433412524 
12.0 	 0.14089630400422148 
12.02 	 0.1423083822024896 
12.04 	 0.1436184230108643 
12.06 	 0.1449973816606055 
12.08 	 0.14623048420355822 
12.1 	 0.14747308106048598 
12.12 	 0.14853479302502473 
12.14 	 0.14953884579680743 
12.16 	 0.1503319006869541 
12.18 	 0.15098499376751964 
12.2 	 0.1513953999708262 
12.22 	 0.15156243072621495 
12.24 	 0.1514545668192647 
12.26 	 0.15098629705024616 
12.28 	 0.15022494100581404 
12.3 	 0.14899923441603413 
12.32 	 0.14749988532120523 
12.34 	 0.14548415096806908 
12.36 	 0.14327135417424736 
12.38 	 0.1405748156858183 
12.4 	 0.1378163310261201 
12.42 	 0.1346988446069133 
12.44 	 0.13169063928476668 
12.46 	 0.1285146282959386 
12.48 	 0.12561596287865892 
12.5 	 0.12275874974619423 
12.52 	 0.1203039204072713 
12.54 	 0.11806877723638812 
12.56 	 0.11629340342946096 
12.58 	 0.1148543901824663 
12.6 	 0.11386213008873544 
12.62 	 0.11325566876311301 
12.64 	 0.11302812946952365 
12.66 	 0.11318266931322546 
12.68 	 0.113619221071225 
12.7 	 0.11440599976723226 
12.72 	 0.11537690553818397 
12.74 	 0.11666627406860924 
12.76 	 0.1180646439839703 
12.78 	 0.11977400727005057 
12.8 	 0.12155236316487952 
12.82 	 0.12367064131036534 
12.84 	 0.1258478977494876 
12.86 	 0.12842362335676985 
12.88 	 0.13105515515682098 
12.9 	 0.13414768499689123 
12.92 	 0.13726773170165443 
12.94 	 0.14088106884962726 
12.96 	 0.14444473522196516 
12.98 	 0.14847749925945863 
13.0 	 0.15233406373383745 
13.02 	 0.15657385792825004 
13.04 	 0.16048744443256832 
13.06 	 0.16465504382315854 
13.08 	 0.16836395000553722 
13.1 	 0.17218902674086942 
13.12 	 0.1754792308751386 
13.14 	 0.1787798310780948 
13.16 	 0.18154902113113125 
13.18 	 0.18429295979913482 
13.2 	 0.18659229713900435 
13.22 	 0.18893077576250433 
13.24 	 0.19098148340180338 
13.26 	 0.19325331496834264 
13.28 	 0.1954370351106387 
13.3 	 0.1981405491550995 
13.32 	 0.2009561477455981 
13.34 	 0.20467808644579283 
13.36 	 0.208651818135415 
13.38 	 0.21394126921899148 
13.4 	 0.21948724897335128 
13.42 	 0.2266826809666758 
13.44 	 0.23394279953209163 
13.46 	 0.24299692731736383 
13.48 	 0.2517205868790803 
13.5 	 0.2620876343379836 
13.52 	 0.27160163927901343 
13.54 	 0.28222579654405017 
13.56 	 0.2914889669614344 
13.58 	 0.3008824452746999 
13.6 	 0.3085718468097767 
13.62 	 0.31495142167468404 
13.64 	 0.3195441816075753 
13.66 	 0.3210335794251927 
13.68 	 0.3209303425559491 
13.7 	 0.31590037900845264 
13.72 	 0.3097248311614349 
13.74 	 0.2973495136664732 
13.76 	 0.28453703291472626 
13.78 	 0.26547237381798705 
13.8 	 0.24698122751145504 
13.82 	 0.22371062532331026 
13.84 	 0.20223609474832535 
13.86 	 0.1784758091170582 
13.88 	 0.15757956910422385 
13.9 	 0.13679760179885983 
13.92 	 0.11935583797850109 
13.94 	 0.10345257555040802 
13.96 	 0.0906563495243352 
13.98 	 0.0797446405961232 
14.0 	 0.07125775605296918 
14.02 	 0.06435397245532969 
14.04 	 0.059103534319963784 
14.06 	 0.054948816163416306 
14.08 	 0.05181635175293218 
14.1 	 0.04936249063248435 
14.12 	 0.04750688251517335 
14.14 	 0.04605494527393607 
14.16 	 0.04495457759445279 
14.18 	 0.04410495631150826 
14.2 	 0.043477759634519046 
14.22 	 0.04302561167644333 
14.24 	 0.042730790420614964 
14.26 	 0.042574181405079035 
14.28 	 0.04253838213049834 
14.3 	 0.04261905710850101 
14.32 	 0.042793988576528115 
14.34 	 0.04306735922081952 
14.36 	 0.04341063288570893 
14.38 	 0.043833415444118076 
14.4 	 0.04430072226404572 
14.42 	 0.044824856850903504 
14.44 	 0.04536438519874923 
14.46 	 0.045930888878605365 
14.48 	 0.04647713064278039 
14.5 	 0.04701044488820893 
14.52 	 0.047480853621304456 
14.54 	 0.04788925685599245 
14.56 	 0.04818982849225881 
14.58 	 0.04837729732122196 
14.6 	 0.048420027443285225 
14.62 	 0.04830916739853328 
14.64 	 0.048037114521474904 
14.66 	 0.047594886519415895 
14.68 	 0.047003920154029925 
14.7 	 0.04625731796535141 
14.72 	 0.04540248165283558 
14.74 	 0.04443408591051219 
14.76 	 0.043414808757922224 
14.78 	 0.04233783541076294 
14.8 	 0.04126714268023978 
14.82 	 0.04019077795598626 
14.84 	 0.039162551949234896 
14.86 	 0.03816366083080468 
14.88 	 0.03723275381914876 
14.9 	 0.03634570056472231 
14.92 	 0.035527637836278325 
14.94 	 0.03475303587714558 
14.96 	 0.03403874076051772 
14.98 	 0.03336178031508069 
15.0 	 0.032735423338876496 
15.02 	 0.03214088092436833 
15.04 	 0.03158934537204763 
15.06 	 0.031064613670628603 
15.08 	 0.030574121488546616 
15.1 	 0.03010062124944612 
15.12 	 0.029645487787811998 
15.14 	 0.029187449667264484 
15.16 	 0.028722248943485653 
15.18 	 0.02822483226132461 
15.2 	 0.027690242670002547 
15.22 	 0.027093855770441478 
15.24 	 0.02643812619793268 
15.26 	 0.025705369240954817 
15.28 	 0.024912863853815154 
15.3 	 0.024055610961610092 
15.32 	 0.023168476820412034 
15.34 	 0.022261668602736515 
15.36 	 0.021384465468112457 
15.38 	 0.020561410518980073 
15.4 	 0.019849402879993705 
15.42 	 0.019285361867571803 
15.44 	 0.018927460783151464 
15.46 	 0.018824969481822704 
15.48 	 0.019033601681127024 
15.5 	 0.019618063142155355 
15.52 	 0.020627835953926657 
15.54 	 0.02214749226346961 
15.56 	 0.024209136316133747 
15.58 	 0.02692037631987277 
15.6 	 0.0302692218108826 
15.62 	 0.03438914264370306 
15.64 	 0.03917882195456035 
15.66 	 0.04480685891995357 
15.68 	 0.05102631528903817 
15.7 	 0.058064718222503184 
15.72 	 0.06548032758000413 
15.74 	 0.07359676727800654 
15.76 	 0.08175828396085594 
15.78 	 0.09041821141756023 
15.8 	 0.09873510335058824 
15.82 	 0.10729691103048267 
15.84 	 0.11515535107765071 
15.86 	 0.12299365262461885 
15.88 	 0.1298702740261585 
15.9 	 0.1364865154146531 
15.92 	 0.14202522213447488 
15.94 	 0.14711508765368755 
15.96 	 0.15115203308031205 
15.98 	 0.15461515072261295 
16.0 	 0.1571533422023166 
16.02 	 0.15904950622960462 
16.04 	 0.16019895918051996 
16.06 	 0.16067573701138116 
16.08 	 0.160588305267201 
16.1 	 0.15981862472286507 
16.12 	 0.15865002530558742 
16.14 	 0.15681171601504115 
16.16 	 0.15472766647414812 
16.18 	 0.1520283802106209 
16.2 	 0.1492423422305592 
16.22 	 0.14596035314734526 
16.24 	 0.1427665064989128 
16.26 	 0.1392642810644319 
16.28 	 0.13602910526525688 
16.3 	 0.13271320171815684 
16.32 	 0.12981497592201055 
16.34 	 0.12705234609159402 
16.36 	 0.12479335494634868 
16.38 	 0.12282438013988592 
16.4 	 0.12135961592182558 
16.42 	 0.12025004502564876 
16.44 	 0.1195650433084193 
16.46 	 0.11921421690515006 
16.48 	 0.11915550612282083 
16.5 	 0.11934951206211929 
16.52 	 0.11968801422195234 
16.54 	 0.12017276406330522 
16.56 	 0.12067477694305505 
16.58 	 0.12122576438009952 
16.6 	 0.12171195325070033 
16.62 	 0.1221847430087932 
16.64 	 0.12256532394455512 
16.66 	 0.12291763610375638 
16.68 	 0.12319868731375855 
16.7 	 0.12348206014649014 
16.72 	 0.1237453031254027 
16.74 	 0.12407307019962194 
16.76 	 0.12443939196718645 
16.78 	 0.12494521906005922 
16.8 	 0.1255367194019709 
16.82 	 0.1263390469487102 
16.84 	 0.12725161824371248 
16.86 	 0.12843235286720409 
16.88 	 0.12972188193082695 
16.9 	 0.13131724010282275 
16.92 	 0.1329938381456445 
16.94 	 0.1349891120190274 
16.96 	 0.13701195807668184 
16.98 	 0.13933487211879406 
17.0 	 0.14160682331155813 
17.02 	 0.144124088338383 
17.04 	 0.146495098468258 
17.06 	 0.1490259156117849 
17.08 	 0.15131891848695295 
17.1 	 0.1536785615688289 
17.12 	 0.15574436230184135 
17.14 	 0.15781634302100098 
17.16 	 0.159605428720452 
17.18 	 0.16141637494416944 
17.2 	 0.16303337970108484 
17.22 	 0.16478411633047524 
17.24 	 0.16648016589868658 
17.26 	 0.16848990860471022 
17.28 	 0.1705675982204261 
17.3 	 0.17313010598269657 
17.32 	 0.17578904385449437 
17.34 	 0.17900342014984919 
17.36 	 0.1822071835702554 
17.38 	 0.1858791774818642 
17.4 	 0.1893239668337815 
17.42 	 0.19299764222874408 
17.44 	 0.19620073501953142 
17.46 	 0.19930337685076965 
17.48 	 0.20176142774190045 
17.5 	 0.2037901314641779 
17.52 	 0.20513473820518532 
17.54 	 0.20580801524609332 
17.56 	 0.20590396929949933 
17.58 	 0.20522745034664439 
17.6 	 0.20418811492858585 
17.62 	 0.202419577013954 
17.64 	 0.2005428726079695 
17.66 	 0.19808162033236207 
17.68 	 0.1957400435435776 
17.7 	 0.19299702638743163 
17.72 	 0.1905337094506475 
17.74 	 0.18784025515123157 
17.76 	 0.18551221808128812 
17.78 	 0.18309224933744908 
17.8 	 0.18106651839080623 
17.82 	 0.17905514450733198 
17.84 	 0.177431776243847 
17.86 	 0.17590326265152442 
17.88 	 0.1747334869445154 
17.9 	 0.17371159549608528 
17.92 	 0.17299658086419173 
17.94 	 0.17244519384182 
17.96 	 0.1721236685148341 
17.98 	 0.17193576241131417 
18.0 	 0.1718808564107084 
18.02 	 0.17188771251872131 
18.04 	 0.17192892267826587 
18.06 	 0.17193885182172208 
18.08 	 0.17190856207585967 
18.1 	 0.17176417074894487 
18.12 	 0.1715502751953366 
18.14 	 0.17117732781319223 
18.16 	 0.17075450234144202 
18.18 	 0.17017345264520367 
18.2 	 0.1695917678511071 
18.22 	 0.16887916246147583 
18.24 	 0.16821012295455484 
18.26 	 0.1674259316805528 
18.28 	 0.16669302544090392 
18.3 	 0.16581459584858932 
18.32 	 0.16494976168531753 
18.34 	 0.16385430885026614 
18.36 	 0.16271020906816244 
18.38 	 0.1612219156627571 
18.4 	 0.15963900753928612 
18.42 	 0.1576208907070237 
18.44 	 0.15551836597557203 
18.46 	 0.1529641683050342 
18.48 	 0.1504096524704238 
18.5 	 0.14748665810943148 
18.52 	 0.14470384681438028 
18.54 	 0.14171391810718637 
18.56 	 0.13900950336328588 
18.58 	 0.13627040313932107 
18.6 	 0.13389951656828752 
18.62 	 0.13159148436513937 
18.64 	 0.12961944368396944 
18.66 	 0.127668966807195 
18.68 	 0.1258988199957136 
18.7 	 0.12396010621427156 
18.72 	 0.12196645917906547 
18.74 	 0.11951626197123204 
18.76 	 0.116776224278882 
18.78 	 0.1132897233856117 
18.8 	 0.10936481865896548 
18.82 	 0.10451261906609657 
18.84 	 0.09922219581168121 
18.86 	 0.09302048111761409 
18.88 	 0.08654640375466413 
18.9 	 0.07939813661621727 
18.92 	 0.07227011911661044 
18.94 	 0.06486484838916892 
18.96 	 0.05781336546078711 
18.98 	 0.05091592309619052 
19.0 	 0.04464816466355642 
19.02 	 0.03887357208608344 
19.04 	 0.03388170043212995 
19.06 	 0.029565868293628565 
19.08 	 0.02605885494677716 
19.1 	 0.023271591600089292 
19.12 	 0.021240436655720302 
19.14 	 0.01990178739323473 
19.16 	 0.019253698015872355 
19.18 	 0.019272444320071407 
19.2 	 0.019952238910449983 
19.22 	 0.021318107952665526 
19.24 	 0.023363252907286962 
19.26 	 0.026161299328463235 
19.28 	 0.029676167338619476 
19.3 	 0.034026602613256324 
19.32 	 0.03909410514616555 
19.34 	 0.04504706944690841 
19.36 	 0.05161924944304062 
19.38 	 0.059050390761098887 
19.4 	 0.06686887813078812 
19.42 	 0.07542132780285331 
19.44 	 0.08400504599618008 
19.46 	 0.09310213997996077 
19.48 	 0.10180627634697345 
19.5 	 0.11072743734804948 
19.52 	 0.11884505730670707 
19.54 	 0.12683423679105116 
19.56 	 0.1337006877775579 
19.58 	 0.14007328175946437 
19.6 	 0.14514494033810307 
19.62 	 0.14936962992499106 
19.64 	 0.15226786109184495 
19.66 	 0.1540136245328514 
19.68 	 0.1545393138746026 
19.7 	 0.1536901366269145 
19.72 	 0.15182175937282572 
19.74 	 0.14847182059878614 
19.76 	 0.1443625140209651 
19.78 	 0.13880838382322405 
19.8 	 0.13279177011111554 
19.82 	 0.12552747374823653 
19.84 	 0.11812382112095779 
19.86 	 0.10982136043880344 
19.88 	 0.10171370754351056 
19.9 	 0.09315681134730905 
19.92 	 0.08510534888938269 
19.94 	 0.07706278347264542 
19.96 	 0.06976145933699004 
19.98 	 0.06283391782147603 
20.0 	 0.05676392317643855 
20.02 	 0.05127280896543185 
20.04 	 0.046623690360510624 
20.06 	 0.04259259433515958 
20.08 	 0.03928226309096299 
20.1 	 0.036506407896323326 
20.12 	 0.034272950435881834 
20.14 	 0.032428835779819726 
20.16 	 0.030939814931614185 
20.18 	 0.029685612030032043 
20.2 	 0.028624298014571663 
20.22 	 0.027667067142587726 
20.24 	 0.026783534614583337 
20.26 	 0.025913460836060328 
20.28 	 0.025046560984307607 
20.3 	 0.024147151408801186 
20.32 	 0.023225911146447238 
20.34 	 0.02226647481127875 
20.36 	 0.021295304004119973 
20.38 	 0.02030854667089102 
20.4 	 0.019339364938764408 
20.42 	 0.01838879603464218 
20.44 	 0.017487241967443334 
20.46 	 0.016634326920829178 
20.48 	 0.015851587255984255 
20.5 	 0.015134402214960417 
20.52 	 0.01449446399674501 
20.54 	 0.013923861119543832 
20.56 	 0.013427344666807915 
20.58 	 0.012996536270952581 
20.6 	 0.012632930327030568 
20.62 	 0.012329754148027493 
20.64 	 0.012087159836492289 
20.66 	 0.011899992101449673 
20.68 	 0.011766823198228603 
20.7 	 0.011682758741718363 
20.72 	 0.011643846807617543 
20.74 	 0.01164435465704985 
20.76 	 0.011677722767159613 
20.78 	 0.011737461479696894 
20.8 	 0.011815485273030292 
20.82 	 0.011905383987081058 
20.84 	 0.011998916054036933 
20.86 	 0.012090324311483385 
20.88 	 0.012171991887152692 
20.9 	 0.012238696237484963 
20.92 	 0.012283687259788933 
20.94 	 0.01230199036579219 
20.96 	 0.01228818052227566 
20.98 	 0.012237843383270369 
21.0 	 0.012148007789440543 
21.02 	 0.012015814653046603 
21.04 	 0.011842053075643748 
21.06 	 0.011626338967577981 
21.08 	 0.011373664646627105 
21.1 	 0.011086100236614386 
21.12 	 0.010771845238865946 
21.14 	 0.010434337183037865 
21.16 	 0.010083023265798104 
21.18 	 0.009721285972712213 
21.2 	 0.009358010773582786 
21.22 	 0.008995659316849598 
21.24 	 0.008641681220222951 
21.26 	 0.008297576349714373 
21.28 	 0.007969314711718014 
21.3 	 0.007657746211792427 
21.32 	 0.0073674746743134754 
21.34 	 0.007098746878309006 
21.36 	 0.006854605984362662 
21.38 	 0.006634355064829024 
21.4 	 0.00643913737530037 
21.42 	 0.006267010883877958 
21.44 	 0.006117243631897226 
21.46 	 0.005986854421235662 
21.48 	 0.005873881696904948 
21.5 	 0.005775034170750716 
21.52 	 0.005688111738502277 
21.54 	 0.005610325224919554 
21.56 	 0.005540022412043791 
21.58 	 0.005475331885545802 
21.6 	 0.005415379121054912 
21.62 	 0.005359096639860328 
21.64 	 0.005306137008245584 
21.66 	 0.005255835125451113 
21.68 	 0.005207988471497148 
21.7 	 0.0051619913040123495 
21.72 	 0.005117572963800802 
21.74 	 0.0050740808870200415 
21.76 	 0.005031197134780596 
21.78 	 0.00498830234186664 
21.8 	 0.004945164589404094 
21.82 	 0.004901316095075347 
21.84 	 0.004856722105809193 
21.86 	 0.004811139794967138 
21.88 	 0.004764795872252211 
21.9 	 0.004717736963049593 
21.92 	 0.004670541509267656 
21.94 	 0.004623685244335229 
21.96 	 0.004578273644243998 
21.98 	 0.004535437240734813 
22.0 	 0.004497007035009176 
22.02 	 0.004464950196468425 
22.04 	 0.004441850097625653 
22.06 	 0.00443042381445029 
22.08 	 0.00443363935899964 
22.1 	 0.004454430493972121 
22.12 	 0.00449530037263138 
22.14 	 0.0045584424097777345 
22.16 	 0.00464473460430148 
22.18 	 0.004754538815079111 
22.2 	 0.004886063027840264 
22.22 	 0.00503708795716245 
22.24 	 0.005202750417239765 
22.26 	 0.005378290043847585 
22.28 	 0.005556388988311969 
22.3 	 0.005730741057778338 
22.32 	 0.005893182306530758 
22.34 	 0.006037539828424116 
22.36 	 0.006156894624811774 
22.38 	 0.006246928422336335 
22.4 	 0.006303728803670049 
22.42 	 0.006325880945388086 
22.44 	 0.006313199906358871 
22.46 	 0.006267145027720524 
22.48 	 0.0061907270057891565 
22.5 	 0.006087305651991608 
22.52 	 0.005961707069008227 
22.54 	 0.005817854304293589 
22.56 	 0.005660910358198957 
22.58 	 0.005494319350741168 
22.6 	 0.005322627347828695 
22.62 	 0.005148397698384639 
22.64 	 0.00497529449484121 
22.66 	 0.004805132795712495 
22.68 	 0.004640849607145262 
22.7 	 0.004483804500381027 
22.72 	 0.004336384285435197 
22.74 	 0.004199625271636356 
22.76 	 0.00407534390732086 
22.78 	 0.003964158416684846 
22.8 	 0.0038671496821568742 
22.82 	 0.0037843495934127146 
22.84 	 0.0037159858103384446 
22.86 	 0.0036614535906328394 
22.88 	 0.003620197804898946 
22.9 	 0.0035911196532501578 
22.92 	 0.0035731344725316895 
22.94 	 0.0035649214489954927 
22.96 	 0.0035651920180522364 
22.98 	 0.0035726836160295326 
23.0 	 0.0035861820424525877 
23.02 	 0.003604678044730592 
23.04 	 0.003627195291994658 
23.06 	 0.00365305363223151 
23.08 	 0.0036815545122082837 
23.1 	 0.0037123183481929077 
23.12 	 0.003744873355909972 
23.14 	 0.003779054060430455 
23.16 	 0.0038145306703958777 
23.18 	 0.0038512668580904796 
23.2 	 0.0038890135281059893 
23.22 	 0.003927822632847519 
23.24 	 0.003967511326400368 
23.26 	 0.004008220322381469 
23.28 	 0.004049839720556742 
23.3 	 0.0040925993306319625 
23.32 	 0.004136445587000152 
23.34 	 0.0041816648644898225 
23.36 	 0.004228210660446904 
23.38 	 0.0042763789723851 
23.4 	 0.004326092115515799 
23.42 	 0.004377649175489777 
23.44 	 0.004430964472451051 
23.46 	 0.004486401227967137 
23.48 	 0.004543942321458732 
23.5 	 0.004604099589735554 
23.52 	 0.004666979573401471 
23.54 	 0.004733267194431479 
23.56 	 0.0048031513222030475 
23.58 	 0.004877410770893836 
23.6 	 0.004956174958898024 
23.62 	 0.005040166166578203 
23.64 	 0.0051292700460341 
23.66 	 0.0052239848074533465 
23.68 	 0.005323762579674363 
23.7 	 0.005428687845479156 
23.72 	 0.005537552428765032 
23.74 	 0.005649761210935302 
23.76 	 0.005763158651258503 
23.78 	 0.005876150625114571 
23.8 	 0.005985413727753444 
23.82 	 0.006088188983689396 
23.84 	 0.006180130513768146 
23.86 	 0.0062576121141930605 
23.88 	 0.006316041322427642 
23.9 	 0.006351828612181307 
23.92 	 0.006361466764950668 
23.94 	 0.006342658823951929 
23.96 	 0.00629435155374385 
23.98 	 0.0062165600632443484 
24.0 	 0.006111390484421133 
24.02 	 0.005981394624701421 
24.04 	 0.005831464520925128 
24.06 	 0.005665974699588282 
24.08 	 0.005491309012102206 
24.1 	 0.005312370442521718 
24.12 	 0.005135424994138348 
24.14 	 0.004964622852012633 
24.16 	 0.004804827822608955 
24.18 	 0.004658625376027229 
24.2 	 0.0045288576086746374 
24.22 	 0.004416343516937055 
24.24 	 0.004321945470916625 
24.26 	 0.004245025073693377 
24.28 	 0.004184983005077201 
24.3 	 0.0041403538130251145 
24.32 	 0.0041098356808790815 
24.34 	 0.004091865997992296 
24.36 	 0.004085176436922058 
24.38 	 0.004088677156466634 
24.4 	 0.004101567264036406 
24.42 	 0.004123401117951181 
24.44 	 0.0041537953558929384 
24.46 	 0.004192647835096677 
24.48 	 0.004239516653910239 
24.5 	 0.004294056224940059 
24.52 	 0.004355173008039745 
24.54 	 0.004421765096797712 
24.56 	 0.0044917587315138245 
24.58 	 0.004563162496620143 
24.6 	 0.004633068165901576 
24.62 	 0.004698900933035661 
24.64 	 0.004757463030834244 
24.66 	 0.004806155056185208 
24.68 	 0.004842170627876445 
24.7 	 0.004863435431175507 
24.72 	 0.0048681021954024755 
24.74 	 0.004855002773625175 
24.76 	 0.004823594506430463 
24.78 	 0.004773807398074306 
24.8 	 0.004706524837197277 
24.82 	 0.004622799051841595 
24.84 	 0.004524832690670926 
24.86 	 0.004414625986232609 
24.88 	 0.004295321530776214 
24.9 	 0.004169439911752744 
24.92 	 0.004040410373798163 
24.94 	 0.003910629372258139 
24.96 	 0.003783029485531884 
24.98 	 0.003659216646209417 
25.0 	 0.003540989888764717 
25.02 	 0.0034287524006779537 
25.04 	 0.0033229418128005246 
25.06 	 0.0032227883628327216 
25.08 	 0.003127634265726663 
25.1 	 0.0030359863180340957 
25.12 	 0.0029467064256695915 
25.14 	 0.002858230525427513 
25.16 	 0.002769618381314819 
25.18 	 0.002679807134089942 
25.2 	 0.0025885221920991133 
25.22 	 0.002495486784456 
25.24 	 0.0024012108992542444 
25.26 	 0.0023061518462680597 
25.28 	 0.002211406667884023 
25.3 	 0.002117876187648105 
25.32 	 0.0020268844356081134 
25.34 	 0.001939418643814945 
25.36 	 0.0018566885869213765 
25.38 	 0.0017794984432795004 
25.4 	 0.0017087449007023843 
25.42 	 0.0016449414814397212 
25.44 	 0.0015886428249204812 
25.46 	 0.0015401087290490005 
25.48 	 0.0014996366349574579 
25.5 	 0.0014673338010389033 
25.52 	 0.0014433411085914233 
25.54 	 0.0014276803361770109 
25.56 	 0.0014203600340004661 
25.58 	 0.001421278600892681 
25.6 	 0.0014302179168669729 
25.62 	 0.0014468063850050928 
25.64 	 0.0014704260962161819 
25.66 	 0.0015002617106602784 
25.68 	 0.0015351630931754322 
25.7 	 0.0015738089077402908 
25.72 	 0.001614566748192595 
25.74 	 0.0016557728214439144 
25.76 	 0.0016956118200665636 
25.78 	 0.0017324641882657439 
25.8 	 0.0017648004495167118 
25.82 	 0.0017915055330813658 
25.84 	 0.0018117677851056595 
25.86 	 0.001825288826673209 
25.88 	 0.001832157882422205 
25.9 	 0.0018329037211350918 
25.92 	 0.0018283714391844964 
25.94 	 0.001819642533428545 
25.96 	 0.0018079503487150284 
25.98 	 0.0017945414927484937 
26.0 	 0.001780658571737579 
26.02 	 0.001767415426510383 
26.04 	 0.0017558429425506583 
26.06 	 0.00174681312372851 
26.08 	 0.0017411074229274428 
26.1 	 0.001739385648037896 
26.12 	 0.0017422212066492463 
26.14 	 0.0017500988794227417 
26.16 	 0.0017633755722522304 
26.18 	 0.0017823071477651704 
26.2 	 0.0018069230189776471 
26.22 	 0.0018371046800423339 
26.24 	 0.0018723868546223204 
26.26 	 0.0019121170514569753 
26.28 	 0.0019552065203714444 
26.3 	 0.002000386448110888 
26.32 	 0.002045937482166325 
26.34 	 0.002090033881235854 
26.36 	 0.0021304921463398477 
26.38 	 0.0021651676005832263 
26.4 	 0.0021917769757941667 
26.42 	 0.002208281674366352 
26.44 	 0.0022128378533072734 
26.46 	 0.0022040690897985635 
26.48 	 0.0021811676798523965 
26.5 	 0.00214394558054821 
26.52 	 0.0020930624414919087 
26.54 	 0.002029775488664695 
26.56 	 0.0019562329715200003 
26.58 	 0.0018749289764151073 
26.6 	 0.001789001664747566 
26.62 	 0.0017015054523416252 
26.64 	 0.0016156907367390844 
26.66 	 0.0015342753031887023 
26.68 	 0.001459725028291356 
26.7 	 0.0013936955773880498 
26.72 	 0.0013373437329502293 
26.74 	 0.0012910234492114028 
26.76 	 0.0012546235370299525 
26.78 	 0.0012274885974177577 
26.8 	 0.0012087295163687734 
26.82 	 0.001197263092774182 
26.84 	 0.0011920230487726968 
26.86 	 0.0011920097387904506 
26.88 	 0.0011963630476293158 
26.9 	 0.0012043737693434183 
26.92 	 0.0012154426093599904 
26.94 	 0.0012290759605150393 
26.96 	 0.0012447983166018425 
26.98 	 0.0012621839192475616 
27.0 	 0.001280781297201379 
27.02 	 0.001300204496333806 
27.04 	 0.0013200805869472746 
27.06 	 0.001340173962919606 
27.08 	 0.0013603247981958853 
27.1 	 0.001380557308338374 
27.12 	 0.0014009752528618665 
27.14 	 0.001421831207686974 
27.16 	 0.0014433806624615023 
27.18 	 0.0014659385217419645 
27.2 	 0.001489727862510814 
27.22 	 0.0015149744430575161 
27.24 	 0.0015417829635942385 
27.26 	 0.0015702962188766057 
27.28 	 0.0016005904886268343 
27.3 	 0.0016328768485938418 
27.32 	 0.0016673658656778717 
27.34 	 0.0017044648234183076 
27.36 	 0.001744560320368442 
27.38 	 0.0017881947312926739 
27.4 	 0.0018357561105398945 
27.42 	 0.0018876760015019269 
27.44 	 0.001944060147505342 
27.46 	 0.0020049827371659674 
27.48 	 0.0020700964040768254 
27.5 	 0.0021390723915747857 
27.52 	 0.002211191264110169 
27.54 	 0.002285916136336546 
27.56 	 0.002362425802821619 
27.58 	 0.0024402639434219333 
27.6 	 0.0025187746947564716 
27.62 	 0.0025977788763987338 
27.64 	 0.0026769084373623373 
27.66 	 0.0027563037204290405 
27.68 	 0.0028358778654937015 
27.7 	 0.0029160597710095664 
27.72 	 0.002997014450143623 
27.74 	 0.003079449493870246 
27.76 	 0.0031637755696890643 
27.78 	 0.0032509730113220473 
27.8 	 0.0033416382127947376 
27.82 	 0.0034369150972555595 
27.84 	 0.0035373728525002176 
27.86 	 0.003644056156364419 
27.88 	 0.003757171303171118 
27.9 	 0.003877360132031239 
27.92 	 0.004004197138100728 
27.94 	 0.004137792596018016 
27.96 	 0.004277095711116443 
27.98 	 0.00442187056043389 
28.0 	 0.004570770528492074 
28.02 	 0.004723648123594532 
28.04 	 0.004879343834987035 
28.06 	 0.005038244265536585 
28.08 	 0.005199725775458279 
28.1 	 0.005364891146410571 
28.12 	 0.005533611825209625 
28.14 	 0.005707440295396935 
28.16 	 0.00588619889078647 
28.18 	 0.006071155283224695 
28.2 	 0.006261137765848339 
28.22 	 0.0064561364003982045 
28.24 	 0.006653021991799387 
28.26 	 0.006849729746708032 
28.28 	 0.00704082155066818 
28.3 	 0.007222240248414316 
28.32 	 0.0073871234369002935 
28.34 	 0.007530767071234887 
28.36 	 0.007647180740091017 
28.38 	 0.007733513097464309 
28.4 	 0.007787744483554432 
28.42 	 0.007811690423718227 
28.44 	 0.007809908972095635 
28.46 	 0.0077907513707140795 
28.48 	 0.00776605761976048 
28.5 	 0.007750536170641972 
28.52 	 0.007761281058130319 
28.54 	 0.007816726095514504 
28.56 	 0.007934619314975553 
28.58 	 0.008132574750468725 
28.6 	 0.008422939370075924 
28.62 	 0.008817440631275656 
28.64 	 0.00931727095635077 
28.66 	 0.009924525686315853 
28.68 	 0.010625759169038506 
28.7 	 0.01141264632113087 
28.72 	 0.012257520660625068 
28.74 	 0.013144478290545443 
28.76 	 0.014036542728787002 
28.78 	 0.014915935223487725 
28.8 	 0.01574473115610271 
28.82 	 0.01650981863565398 
28.84 	 0.017181464434996976 
28.86 	 0.017756154311021257 
28.88 	 0.018218877371734783 
28.9 	 0.01857720320001673 
28.92 	 0.018832223578018146 
28.94 	 0.019000170216610435 
28.96 	 0.019094132174216075 
28.98 	 0.019133791740124816 
29.0 	 0.019136783397963375 
29.02 	 0.019120504161508147 
29.04 	 0.019099823825079864 
29.06 	 0.019085984701622857 
29.08 	 0.019086882906735665 
29.1 	 0.01910693555239761 
29.12 	 0.019146945310892095 
29.14 	 0.01920668821565653 
29.16 	 0.019282698569273823 
29.18 	 0.019373512828530667 
29.2 	 0.019474919364123003 
29.22 	 0.019586983255204218 
29.24 	 0.019707009175576523 
29.26 	 0.019837653474714917 
29.28 	 0.019977959402287658 
29.3 	 0.020132557091234547 
29.32 	 0.020300836675680386 
29.34 	 0.020487869665427656 
29.36 	 0.020691436353078078 
29.38 	 0.020915499888296815 
29.4 	 0.02115472349438068 
29.42 	 0.021411008221395963 
29.44 	 0.021675469903180342 
29.46 	 0.021947831319054065 
29.48 	 0.02221650262693499 
29.5 	 0.022479705974030664 
29.52 	 0.02272507059020301 
29.54 	 0.022950527613006793 
29.56 	 0.023145382978742978 
29.58 	 0.02330856519865142 
29.6 	 0.023433224893360683 
29.62 	 0.023520111242266783 
29.64 	 0.023567284745115675 
29.66 	 0.023577272829967678 
29.68 	 0.023552614316954566 
29.7 	 0.023496701159336213 
29.72 	 0.0234149108406071 
29.74 	 0.023310162935874033 
29.76 	 0.02318866633195268 
29.78 	 0.02305177394765238 
29.8 	 0.02290506104207746 
29.82 	 0.022747958219071916 
29.84 	 0.022584968940429734 
29.86 	 0.022414059026580523 
29.88 	 0.02223914193352266 
29.9 	 0.022057689654986484 
29.92 	 0.02187393018057153 
29.94 	 0.021685891317328638 
29.96 	 0.021498881791668877 
29.98 	 0.021312249485753443 
30.0 	 0.021132603545117465 
30.02 	 0.02096087216641504 
30.04 	 0.020804461212853023 
30.06 	 0.020665577323703013 
30.08 	 0.020551276356131964 
30.1 	 0.020464302698942352 
30.12 	 0.02040989507786192 
30.14 	 0.02039043614020263 
30.16 	 0.020408006914763913 
30.18 	 0.020463879644945438 
30.2 	 0.020556141261380216 
30.22 	 0.020684547236376038 
30.24 	 0.020843050857990503 
30.26 	 0.021029877554980436 
30.28 	 0.021235460757139564 
30.3 	 0.021456882373866833 
30.32 	 0.021682422635398938 
30.34 	 0.021908803257856865 
30.36 	 0.022124135306393435 
30.38 	 0.022325822604142852 
30.4 	 0.022503964904073873 
30.42 	 0.022657567478126493 
30.44 	 0.022780335606220222 
30.46 	 0.02287320083298461 
30.48 	 0.022933955375290915 
30.5 	 0.022964991957190182 
30.52 	 0.02296750260808844 
30.54 	 0.022944366655090233 
30.56 	 0.022898864933133284 
30.58 	 0.022833405653208693 
30.6 	 0.02275208603842472 
30.62 	 0.022656244471776034 
30.64 	 0.02254990556823591 
30.66 	 0.022433123464017636 
30.68 	 0.022309423278270523 
30.7 	 0.022177755047911734 
30.72 	 0.022041349216049062 
30.74 	 0.021898906953133568 
30.76 	 0.021754503197968574 
30.78 	 0.021608441863500933 
30.8 	 0.021467636131679062 
30.82 	 0.021336582729630904 
30.84 	 0.021226877720990096 
30.86 	 0.02114937900751571 
30.88 	 0.02112031447084264 
30.9 	 0.021157071853256274 
30.92 	 0.021277086799473495 
30.94 	 0.021501512940923468 
30.96 	 0.02184213692081991 
30.98 	 0.022318747138787738 
31.0 	 0.022928994641326216 
31.02 	 0.02368582591868868 
31.04 	 0.02456577617835486 
31.06 	 0.025571620022566615 
31.08 	 0.02665662150356795 
31.1 	 0.027813852608524866 
31.12 	 0.028978192415196582 
31.14 	 0.030137272805530888 
31.16 	 0.03121951345542236 
31.18 	 0.03221358508886606 
31.2 	 0.03305755308794314 
31.22 	 0.03374742558554059 
31.24 	 0.03424586565045468 
31.26 	 0.03455995133920966 
31.28 	 0.034684782323173964 
31.3 	 0.0346379255232727 
31.32 	 0.034443949760370414 
31.34 	 0.034125544506255004 
31.36 	 0.03372395113677853 
31.38 	 0.03325832698730028 
31.4 	 0.03276968782668265 
31.42 	 0.032265179237587316 
31.44 	 0.03177227313423399 
31.46 	 0.03128175706846221 
31.48 	 0.030803377871128478 
31.5 	 0.030313504198036616 
31.52 	 0.02980983149079314 
31.54 	 0.02926156766784963 
31.56 	 0.028665913736762024 
31.58 	 0.027994093057150813 
31.6 	 0.027254029428077264 
31.62 	 0.0264261278454916 
31.64 	 0.0255345386776059 
31.66 	 0.0245713250010069 
31.68 	 0.023574492422637507 
31.7 	 0.022545112620123323 
31.72 	 0.021526603359029825 
31.74 	 0.020523177725973396 
31.76 	 0.019573712569248565 
31.78 	 0.018679791518054576 
31.8 	 0.017868989669631012 
31.82 	 0.017137517418799715 
31.84 	 0.016500434327969913 
31.86 	 0.01594981008806106 
31.88 	 0.01549173976522289 
31.9 	 0.015118121831959893 
31.92 	 0.014831674387870784 
31.94 	 0.014628653686701023 
31.96 	 0.014513326384459983 
31.98 	 0.014489792752103846 
32.0 	 0.0145666793578812 
32.02 	 0.014757890341103561 
32.04 	 0.01507671282938133 
32.06 	 0.015547347008673388 
32.08 	 0.016185190662972384 
32.1 	 0.017023589043425335 
32.12 	 0.018073791719178965 
32.14 	 0.019375139273659213 
32.16 	 0.020924043385889112 
32.18 	 0.022761110659541315 
32.2 	 0.024853740918311676 
32.22 	 0.027239406849382416 
32.24 	 0.029842554888207605 
32.26 	 0.032696033564124316 
32.28 	 0.03567358157964793 
32.3 	 0.03880593374837829 
32.32 	 0.04192047504868333 
32.34 	 0.04505045254722694 
32.36 	 0.04799627273535523 
32.38 	 0.05079663703765457 
32.4 	 0.05325701791830912 
32.42 	 0.05542010995133936 
32.44 	 0.05713318447339687 
32.46 	 0.058437561615447046 
32.48 	 0.059252325467944275 
32.5 	 0.05961112760363999 
32.52 	 0.05951781231413562 
32.54 	 0.05899395076705149 
32.56 	 0.058119701042770346 
32.58 	 0.05690286972962286 
32.6 	 0.05547427349013692 
32.62 	 0.053828415661483255 
32.64 	 0.05211452726427074 
32.66 	 0.05031596065970845 
32.68 	 0.04857288206772583 
32.7 	 0.04686150467678167 
32.72 	 0.045296835188295165 
32.74 	 0.043853850600789175 
32.76 	 0.04261782461954941 
32.78 	 0.04156950085041633 
32.8 	 0.040766996873695956 
32.82 	 0.040203332680547474 
32.84 	 0.039913319077154785 
32.86 	 0.03990619590468352 
32.88 	 0.0401933302619317 
32.9 	 0.04079961733367613 
32.92 	 0.04170593119978307 
32.94 	 0.04294731361330964 
32.96 	 0.04446169030604805 
32.98 	 0.04628624829643499 
33.0 	 0.04830519869621001 
33.02 	 0.0505519402719362 
33.04 	 0.05285818933749894 
33.06 	 0.05525288864023505 
33.08 	 0.05753582757948432 
33.1 	 0.0597350731418215 
33.12 	 0.06165676205339523 
33.14 	 0.06333198738982576 
33.16 	 0.06461731540852296 
33.18 	 0.06554822776486971 
33.2 	 0.06606453298966812 
33.22 	 0.066205013722318 
33.24 	 0.06600071025311666 
33.26 	 0.06549158404668932 
33.28 	 0.06478019157246505 
33.3 	 0.0639052116810593 
33.32 	 0.06300205218846107 
33.34 	 0.06210528296003413 
33.36 	 0.06134021368484839 
33.38 	 0.060734483894361445 
33.4 	 0.06036886880857216 
33.42 	 0.06026244801560272 
33.44 	 0.06043229064702039 
33.46 	 0.06088983612960801 
33.48 	 0.06158586906524643 
33.5 	 0.06252801122127744 
33.52 	 0.06361293521891137 
33.54 	 0.06484965378461108 
33.56 	 0.0661037675141654 
33.58 	 0.06738938583587095 
33.6 	 0.06856932366274543 
33.62 	 0.06966272949808965 
33.64 	 0.07055675740671549 
33.66 	 0.07127211604122984 
33.68 	 0.07174082176145719 
33.7 	 0.07198132427114763 
33.72 	 0.07198127000066541 
33.74 	 0.07175652971034628 
33.76 	 0.07135037149921389 
33.78 	 0.07078112868732185 
33.8 	 0.07013683245640533 
33.82 	 0.06944700137127388 
33.84 	 0.06882294502625667 
33.86 	 0.06831352006726855 
33.88 	 0.0680225837047046 
33.9 	 0.06802237995302504 
33.92 	 0.06837331031674584 
33.94 	 0.06917136665337371 
33.96 	 0.07039882940578814 
33.98 	 0.07217648367622484 
34.0 	 0.07438239380844107 
34.02 	 0.0771683064863059 
34.04 	 0.08029598361301121 
34.06 	 0.08395948507934205 
34.08 	 0.0878089645809644 
34.1 	 0.09209227122318896 
34.12 	 0.09636986109015984 
34.14 	 0.10094836943997891 
34.16 	 0.10533532722505609 
34.18 	 0.1098911069898589 
34.2 	 0.11411500982056946 
34.22 	 0.11840740474552441 
34.24 	 0.12229959134263617 
34.26 	 0.12621380073681104 
34.28 	 0.12973449502762677 
34.3 	 0.1332865697217566 
34.32 	 0.13650103502224042 
34.34 	 0.1397852350042742 
34.36 	 0.14278841239871362 
34.38 	 0.1458769852334402 
34.4 	 0.1486912798755278 
34.42 	 0.15152832018539147 
34.44 	 0.15402297635893164 
34.46 	 0.15636869139180057 
34.48 	 0.15824676791021633 
34.5 	 0.15970945613734203 
34.52 	 0.16057709811109908 
34.54 	 0.16072892130389269 
34.56 	 0.16022429546149616 
34.58 	 0.158760263093814 
34.6 	 0.15669727581624132 
34.62 	 0.1535784564294617 
34.64 	 0.15005311479121036 
34.66 	 0.14557333782197104 
34.68 	 0.14098312509567526 
34.7 	 0.13571664075821607 
34.72 	 0.13066590342051387 
34.74 	 0.12530139570733606 
34.76 	 0.12041911160879541 
34.78 	 0.11555027384762401 
34.8 	 0.11130502777185403 
34.82 	 0.10728102022077443 
34.84 	 0.10388663251596143 
34.86 	 0.10078875422617961 
34.88 	 0.09823409176652911 
34.9 	 0.09596376630313296 
34.92 	 0.09412203942599455 
34.94 	 0.092526419004897 
34.96 	 0.09126554676872888 
34.98 	 0.09022735610402685 
35.0 	 0.08946638909107557 
35.02 	 0.08892774477555976 
35.04 	 0.08863326616971903 
35.06 	 0.08857087648122611 
35.08 	 0.08872468927866917 
35.1 	 0.08911650396271949 
35.12 	 0.08969184198908683 
35.14 	 0.09050453769231775 
35.16 	 0.09146593054611929 
35.18 	 0.09266318718065245 
35.2 	 0.0939770470711502 
35.22 	 0.09552634050295403 
35.24 	 0.09715855463617197 
35.26 	 0.0990158082874611 
35.28 	 0.10090543567400292 
35.3 	 0.10297814221026323 
35.32 	 0.10499974876938523 
35.34 	 0.10711132886719398 
35.36 	 0.10905292933968597 
35.38 	 0.11093684564662372 
35.4 	 0.11251533153737377 
35.42 	 0.11385371343991686 
35.44 	 0.11477038710142759 
35.46 	 0.1152694644543133 
35.48 	 0.11528867325589101 
35.5 	 0.11476541191140947 
35.52 	 0.11378866332946128 
35.54 	 0.11223605811344681 
35.56 	 0.11034360022650685 
35.58 	 0.1079470619123099 
35.6 	 0.10538786666931924 
35.62 	 0.10248193747838877 
35.64 	 0.09961137086535328 
35.66 	 0.09659083073017824 
35.68 	 0.09377791467340765 
35.7 	 0.0909977783082867 
35.72 	 0.08853724668067035 
35.74 	 0.08623768894949067 
35.76 	 0.08429537562137401 
35.78 	 0.08256965196866846 
35.8 	 0.0811696186167726 
35.82 	 0.07997212149185992 
35.84 	 0.0790182726197581 
35.86 	 0.07820170766410597 
35.88 	 0.07752428543486807 
35.9 	 0.07689805797831253 
35.92 	 0.07631841142914002 
35.94 	 0.07572145937684271 
35.96 	 0.075125078940842 
35.98 	 0.07449790562766061 
36.0 	 0.07389474976928859 
36.02 	 0.07332344185930764 
36.04 	 0.07286654038949018 
36.06 	 0.07257033666368733 
36.08 	 0.0725116559217236 
36.1 	 0.07276534783208233 
36.12 	 0.07335609686848435 
36.14 	 0.0743736830424688 
36.16 	 0.07575073779967292 
36.18 	 0.077583907935212 
36.2 	 0.07969787238261648 
36.22 	 0.08219813116571219 
36.24 	 0.08481647929178544 
36.26 	 0.08767417687851504 
36.28 	 0.0904509325419616 
36.3 	 0.09328562086735258 
36.32 	 0.09585926903055215 
36.34 	 0.09831940268945365 
36.36 	 0.10039919490372423 
36.38 	 0.10223781733488177 
36.4 	 0.10365638979094494 
36.42 	 0.10476910046179402 
36.44 	 0.1054991155345467 
36.46 	 0.10592734909811051 
36.48 	 0.10607099546017838 
36.5 	 0.10598061901890145 
36.52 	 0.10574115309466468 
36.54 	 0.10538365856906093 
36.56 	 0.10502203387188189 
36.58 	 0.10467964670357963 
36.6 	 0.10445548377469092 
36.62 	 0.10437194982163965 
36.64 	 0.10447411730417587 
36.66 	 0.1047833606671979 
36.68 	 0.10526841789391121 
36.7 	 0.10594469232536088 
36.72 	 0.10670794386876613 
36.74 	 0.10755968500068488 
36.76 	 0.10835361019546601 
36.78 	 0.10906642438129865 
36.8 	 0.10956096320546045 
36.82 	 0.10977565015550204 
36.84 	 0.10964009694874521 
36.86 	 0.10904264466467771 
36.88 	 0.10802760159800541 
36.9 	 0.10643054697778556 
36.92 	 0.10443447441070339 
36.94 	 0.10183411109867971 
36.96 	 0.09894248673049053 
36.98 	 0.09553775679354792 
37.0 	 0.09202151262483003 
37.02 	 0.08818137640275932 
37.04 	 0.08444325487606653 
37.06 	 0.08061964184396686 
37.08 	 0.077092638843604 
37.1 	 0.0736998311021895 
37.12 	 0.0707290708338013 
37.14 	 0.06803497820884373 
37.16 	 0.0657930340902081 
37.18 	 0.06387011835200805 
37.2 	 0.06234408877226105 
37.22 	 0.06109832359467107 
37.24 	 0.0601478874466194 
37.26 	 0.059402291623904535 
37.28 	 0.05885071045538179 
37.3 	 0.058436187136372615 
37.32 	 0.058147187773974894 
37.34 	 0.057961024039386654 
37.36 	 0.05787454413440539 
37.38 	 0.057894950709456314 
37.4 	 0.0580246035365902 
37.42 	 0.05829619035614499 
37.44 	 0.058709752957283944 
37.46 	 0.05932295010959085 
37.48 	 0.060124335985395405 
37.5 	 0.06119955052292727 
37.52 	 0.06251329531258107 
37.54 	 0.0641820085852461 
37.56 	 0.06612737861046165 
37.58 	 0.06849625392204478 
37.6 	 0.07114224244648835 
37.62 	 0.07423979295880027 
37.64 	 0.07755196762314276 
37.66 	 0.08127871485730111 
37.68 	 0.08508571357252863 
37.7 	 0.08919769266847415 
37.72 	 0.09320190923076539 
37.74 	 0.09734419537702846 
37.76 	 0.10117886642479457 
37.78 	 0.10496022307711926 
37.8 	 0.10827100243700745 
37.82 	 0.11135063040758233 
37.84 	 0.1138692338940154 
37.86 	 0.11602192412915438 
37.88 	 0.11760488802252513 
37.9 	 0.11874118133681527 
37.92 	 0.11936288002809226 
37.94 	 0.11950175654266444 
37.96 	 0.1192121326555822 
37.98 	 0.11842828585704566 
38.0 	 0.11730468400270208 
38.02 	 0.11568759522273535 
38.04 	 0.11381437121648402 
38.06 	 0.11146863325959834 
38.08 	 0.10895982839429195 
38.1 	 0.10604576493968541 
38.12 	 0.103093469531646 
38.14 	 0.0998733659409081 
38.16 	 0.09677957591757888 
38.18 	 0.09362278853092018 
38.2 	 0.09077533804604203 
38.22 	 0.08809713391208839 
38.24 	 0.08588336328549456 
38.26 	 0.0840361346931575 
38.28 	 0.08273134746303051 
38.3 	 0.0819019573514544 
38.32 	 0.0815905467620184 
38.34 	 0.08175595382587142 
38.36 	 0.08232330043428676 
38.38 	 0.08328007576222589 
38.4 	 0.08446993172142613 
38.42 	 0.08591256450381238 
38.44 	 0.08741267090559823 
38.46 	 0.08901891346776017 
38.48 	 0.09053521412524977 
38.5 	 0.09202680084241646 
38.52 	 0.09332513109116157 
38.54 	 0.09449359232226583 
38.56 	 0.09540901519624231 
38.58 	 0.09611416310308342 
38.6 	 0.09654114548840498 
38.62 	 0.09669810047625717 
38.64 	 0.09657770456890499 
38.66 	 0.09614752224433641 
38.68 	 0.09546328254055801 
38.7 	 0.09445503171772383 
38.72 	 0.09324024359240426 
38.74 	 0.09172185179661796 
38.76 	 0.09007069827256337 
38.78 	 0.088176100531156 
38.8 	 0.08624389842333395 
38.82 	 0.08416085700122615 
38.84 	 0.08214050962980449 
38.86 	 0.08007191354452704 
38.88 	 0.07814696224204876 
38.9 	 0.07625623608015414 
38.92 	 0.07454889689362615 
38.94 	 0.07291499776638564 
38.96 	 0.07145572909986923 
38.98 	 0.07006137293570835 
39.0 	 0.06879578637015742 
39.02 	 0.06755353805526372 
39.04 	 0.06638046370050532 
39.06 	 0.06518016815441191 
39.08 	 0.06399899006097474 
39.1 	 0.06275233095831333 
39.12 	 0.06149827825391907 
39.14 	 0.060164143419659484 
39.16 	 0.058822225859107784 
39.18 	 0.05741027388915323 
39.2 	 0.056010649884546196 
39.22 	 0.05456976863118263 
39.24 	 0.05317264068928345 
39.26 	 0.051772860731640793 
39.28 	 0.05045025979349474 
39.3 	 0.04916445065994393 
39.32 	 0.047983801248834335 
39.34 	 0.04687319345515843 
39.36 	 0.04588594233615329 
39.38 	 0.04499215381901146 
39.4 	 0.04422945749223919 
39.42 	 0.04357397148622349 
39.44 	 0.043049239509871357 
39.46 	 0.04263866874139387 
39.48 	 0.042354159346202964 
39.5 	 0.0421875479145242 
39.52 	 0.04214108463743395 
39.54 	 0.042215688250599986 
39.56 	 0.04240501316271998 
39.58 	 0.04271953843269405 
39.6 	 0.043144822110540326 
39.62 	 0.043701968404458814 
39.64 	 0.04436888266351081 
39.66 	 0.04517931172605411 
39.68 	 0.04610334861474304 
39.7 	 0.04718943107221056 
39.72 	 0.048397027167819705 
39.74 	 0.0497891897059106 
39.76 	 0.051307128259954295 
39.78 	 0.053024483244042034 
39.8 	 0.05485248507619741 
39.82 	 0.05686797622285154 
39.84 	 0.0589422774082633 
39.86 	 0.06114804782184475 
39.88 	 0.06331786055047912 
39.9 	 0.06551638876137178 
39.92 	 0.06755631604285883 
39.94 	 0.06949469752141073 
39.96 	 0.07115836109812428 
39.98 	 0.07259843124554931 
40.0 	 0.07369240856131616 
40.02 	 0.07448480067361482 
40.04 	 0.07492647035251528 
40.06 	 0.07505056812505123 
40.08 	 0.07488056214530597 
40.1 	 0.07443109032774997 
40.12 	 0.07377779411459039 
40.14 	 0.07291174450534493 
40.16 	 0.07193461225260361 
40.18 	 0.07081560521691829 
40.2 	 0.06966351588593975 
40.22 	 0.06843476989347332 
40.24 	 0.0672362827628516 
40.26 	 0.0660231425038029 
40.28 	 0.06489479791563188 
40.3 	 0.06381186627031693 
40.32 	 0.06285764338893912 
40.34 	 0.06199761205899225 
40.36 	 0.061287967520735696 
40.38 	 0.060694175643709894 
40.4 	 0.0602391566258068 
40.42 	 0.05988532345172803 
40.44 	 0.05962692126554949 
40.46 	 0.059425421360377935 
40.48 	 0.05926102552303329 
40.5 	 0.0590999432279797 
40.52 	 0.058926033888888264 
40.54 	 0.05871547483375951 
40.56 	 0.058468424113218995 
40.58 	 0.05817298399500295 
40.6 	 0.05784876935335554 
40.62 	 0.05749448915165106 
40.64 	 0.05714374181707385 
40.66 	 0.05680327484397961 
40.68 	 0.0565107772250884 
40.7 	 0.05627934176082318 
40.72 	 0.056140550645906465 
40.74 	 0.05611361317267053 
40.76 	 0.056215174762210114 
40.78 	 0.05647060622732674 
40.8 	 0.056873775698436185 
40.82 	 0.0574549263211728 
40.84 	 0.058178307911817835 
40.86 	 0.05907617365531323 
40.88 	 0.060079638713451324 
40.9 	 0.06122008473703527 
40.92 	 0.062399205473462685 
40.94 	 0.0636465337919029 
40.96 	 0.06484771313619885 
40.98 	 0.06603195685139158 
41.0 	 0.06709004265763395 
41.02 	 0.06805405231397273 
41.04 	 0.06884260373796075 
41.06 	 0.06949444185442463 
41.08 	 0.06997205641305164 
41.1 	 0.07032481075882378 
41.12 	 0.07056172405071531 
41.14 	 0.07074644572248538 
41.16 	 0.07092088128220099 
41.18 	 0.07116490799320056 
41.2 	 0.07152482194966438 
41.22 	 0.07209491025638384 
41.24 	 0.07288818013128116 
41.26 	 0.0740072044134807 
41.28 	 0.07539466142686965 
41.3 	 0.07715352791029599 
41.32 	 0.07913287064550477 
41.34 	 0.08143046978772363 
41.36 	 0.08380512852323066 
41.38 	 0.08634758880315244 
41.4 	 0.08876275598247806 
41.42 	 0.09113360111173828 
41.44 	 0.09317459870032663 
41.46 	 0.0949582640246744 
41.48 	 0.09627972683469876 
41.5 	 0.09719731903546688 
41.52 	 0.09763818546937933 
41.54 	 0.0976451737794207 
41.56 	 0.09728578728711101 
41.58 	 0.09658892470771342 
41.6 	 0.09572172838592498 
41.62 	 0.09469950420016644 
41.64 	 0.09371643217313275 
41.66 	 0.09277075994303141 
41.68 	 0.09201189215582908 
41.7 	 0.09141720198807364 
41.72 	 0.09105030773686902 
41.74 	 0.09086939765718793 
41.76 	 0.09085399415263454 
41.78 	 0.0909514938283738 
41.8 	 0.09109319373493327 
41.82 	 0.0912264296641625 
41.84 	 0.09128398816627603 
41.86 	 0.09122131874662594 
41.88 	 0.09101464314412748 
41.9 	 0.09063149264354832 
41.92 	 0.0901104427562946 
41.94 	 0.08943198025520027 
41.96 	 0.08868862581920453 
41.98 	 0.0878738104842114 
42.0 	 0.08710571866343554 
42.02 	 0.08639280504365471 
42.04 	 0.08584505480830881 
42.06 	 0.08549337673255962 
42.08 	 0.08541192549823476 
42.1 	 0.08566803862321722 
42.12 	 0.08628037722004848 
42.14 	 0.0873701518869839 
42.16 	 0.08888071303548856 
42.18 	 0.09100204118997567 
42.2 	 0.09357258199869299 
42.22 	 0.09685896144756165 
42.24 	 0.10055499957718993 
42.26 	 0.10500469657128342 
42.28 	 0.10972195097394555 
42.3 	 0.11512254655707893 
42.32 	 0.12053491630489241 
42.34 	 0.1264294050020882 
42.36 	 0.13199701323600158 
42.38 	 0.13772160342176382 
42.4 	 0.14276693292520232 
42.42 	 0.1475583277062279 
42.44 	 0.1513892594897327 
42.46 	 0.1545369740066098 
42.48 	 0.15658872991096898 
42.5 	 0.15760295601849728 
42.52 	 0.15757761073395515 
42.54 	 0.15633959429665736 
42.56 	 0.1543175774036607 
42.58 	 0.15116385143640115 
42.6 	 0.14763952493096652 
42.62 	 0.14331773391022543 
42.64 	 0.13910045278230315 
42.66 	 0.1345628286138779 
42.68 	 0.13053223130864947 
42.7 	 0.1266216167217602 
42.72 	 0.12342739982984546 
42.74 	 0.12060150494405927 
42.76 	 0.11846302063703523 
42.78 	 0.11669696395404909 
42.8 	 0.11540260448214705 
42.82 	 0.11429654495603755 
42.84 	 0.11337210216912608 
42.86 	 0.11237380358235978 
42.88 	 0.11130453986469095 
42.9 	 0.10992499425000765 
42.92 	 0.10832633394987722 
42.94 	 0.1062691322587155 
42.96 	 0.10395975211202496 
42.98 	 0.10114586459549463 
43.0 	 0.09813133401559646 
43.02 	 0.09464729243892456 
43.04 	 0.09105437390250176 
43.06 	 0.08707439685574704 
43.08 	 0.08308381518117976 
43.1 	 0.07881124442720323 
43.12 	 0.07462003879702224 
43.14 	 0.07026492464098949 
43.16 	 0.06607852718992444 
43.18 	 0.06185628666495007 
43.2 	 0.057887133676509106 
43.22 	 0.054010985346093957 
43.24 	 0.05046106070745624 
43.26 	 0.0471142943852438 
43.28 	 0.044139407599596184 
43.3 	 0.041437325747168914 
43.32 	 0.039111565913559916 
43.34 	 0.03707609640831471 
43.36 	 0.03537879981760024 
43.38 	 0.033942387070459164 
43.4 	 0.03277630856577645 
43.42 	 0.03181379566873015 
43.44 	 0.031044915806715877 
43.46 	 0.030417316354856647 
43.48 	 0.029916838442601297 
43.5 	 0.029507440908332662 
43.52 	 0.029178730955602215 
43.54 	 0.028908965540806488 
43.56 	 0.028692548673078168 
43.58 	 0.028517112058332073 
43.6 	 0.028379148429069908 
43.62 	 0.02827079524396891 
43.64 	 0.028188411543187266 
43.66 	 0.028126551146058786 
43.68 	 0.028082065132269296 
43.7 	 0.028052892694169357 
43.72 	 0.028038665258482892 
43.74 	 0.028042213299693634 
43.76 	 0.02806641241614921 
43.78 	 0.02811788028407355 
43.8 	 0.028199099342499985 
43.82 	 0.028316016390448753 
43.84 	 0.028464642979975467 
43.86 	 0.028645170015452942 
43.88 	 0.02884341987488052 
43.9 	 0.02905216385072338 
43.92 	 0.029249692378445397 
43.94 	 0.029424944232786493 
43.96 	 0.029557329015190564 
43.98 	 0.02963873659255498 
44.0 	 0.02965944206300209 
44.02 	 0.029619882305871193 
44.04 	 0.029526015979749184 
44.06 	 0.02938768918865597 
44.08 	 0.02922344567396473 
44.1 	 0.029048295534334155 
44.12 	 0.0288843622174966 
44.14 	 0.02874545045420092 
44.16 	 0.028647933216712704 
44.18 	 0.028600345429978212 
44.2 	 0.028609096176646774 
44.22 	 0.028678714499547595 
44.24 	 0.02880837506837836 
44.26 	 0.02900483629055495 
44.28 	 0.02926684619925893 
44.3 	 0.029611045877127883 
44.32 	 0.030040834514625886 
44.34 	 0.0305871748436367 
44.36 	 0.03125608294539277 
44.38 	 0.03209108893956186 
44.4 	 0.03308992035564238 
44.42 	 0.034301306363104904 
44.44 	 0.035698228284750284 
44.46 	 0.03732569180937914 
44.48 	 0.039117228199055706 
44.5 	 0.041108764778469975 
44.52 	 0.043189511777452984 
44.54 	 0.04538731249599988 
44.56 	 0.04755706494859941 
44.58 	 0.04972459197587502 
44.6 	 0.05173467213037267 
44.62 	 0.05361828712026702 
44.64 	 0.055241449455743 
44.66 	 0.05664487713160109 
44.68 	 0.05774297348559095 
44.7 	 0.05858631132427319 
44.72 	 0.05914946690861409 
44.74 	 0.05948819962027705 
44.76 	 0.05962834816832898 
44.78 	 0.05962217120761409 
44.8 	 0.05952143261176325 
44.82 	 0.05936468811983442 
44.84 	 0.05920023065271064 
44.86 	 0.05904554177160204 
44.88 	 0.058925711267014985 
44.9 	 0.05883659242256584 
44.92 	 0.05877744693373233 
44.94 	 0.05872942881211086 
44.96 	 0.05867838333952782 
44.98 	 0.05860194054676172 
45.0 	 0.05849089350756407 
45.02 	 0.058329781959093094 
45.04 	 0.05812794569914065 
45.06 	 0.05788229471319296 
45.08 	 0.05762218406296679 
45.1 	 0.057355300081050935 
45.12 	 0.05711943431948742 
45.14 	 0.05692522150739247 
45.16 	 0.05680033429558182 
45.18 	 0.05674822202405699 
45.2 	 0.05677126370336147 
45.22 	 0.056858793662234355 
45.24 	 0.05698527901225506 
45.26 	 0.057125970811582334 
45.28 	 0.05723992996370228 
45.3 	 0.05729473363748061 
45.32 	 0.057255861412044855 
45.34 	 0.057091693998909315 
45.36 	 0.05679434064674283 
45.38 	 0.056338570364921924 
45.4 	 0.055751900219939435 
45.42 	 0.055015458232374366 
45.44 	 0.05418629841153134 
45.46 	 0.05324698551383141 
45.48 	 0.05226843633142747 
45.5 	 0.051228425634449445 
45.52 	 0.0501956509605241 
45.54 	 0.0491399086466079 
45.56 	 0.04811902564093202 
45.58 	 0.04709703588947958 
45.6 	 0.04612152901773017 
45.62 	 0.04515726030599464 
45.64 	 0.04424735769990558 
45.66 	 0.04336424862977736 
45.68 	 0.042551046583351806 
45.7 	 0.04179134476041242 
45.72 	 0.04112703850669801 
45.74 	 0.040551438543356425 
45.76 	 0.04009879370277189 
45.78 	 0.03976775382485245 
45.8 	 0.03957778721413982 
45.82 	 0.03952976101808147 
45.84 	 0.03962559046594765 
45.86 	 0.03986966191811736 
45.88 	 0.040249406111900976 
45.9 	 0.0407777998281139 
45.92 	 0.04143298360382919 
45.94 	 0.0422409621423033 
45.96 	 0.043171533052975275 
45.98 	 0.044262642645103926 
46.0 	 0.04546871947036128 
46.02 	 0.04683174260694544 
46.04 	 0.04827900440139029 
46.06 	 0.049845614056163244 
46.08 	 0.05142494408687057 
46.1 	 0.05303760973235903 
46.12 	 0.05455149696265108 
46.14 	 0.055972324592184756 
46.16 	 0.0571691499450731 
46.18 	 0.058138823491000725 
46.2 	 0.05878839734975796 
46.22 	 0.059114395716311365 
46.24 	 0.059092743829833955 
46.26 	 0.058726339136915835 
46.28 	 0.05806916428582659 
46.3 	 0.057131770299219314 
46.32 	 0.056027599333754674 
46.34 	 0.05476902523288829 
46.36 	 0.053490695374061877 
46.38 	 0.05219621122666772 
46.4 	 0.05100176301934363 
46.42 	 0.049893426983726584 
46.44 	 0.0489452979997744 
46.46 	 0.048125547912161476 
46.48 	 0.04746521242302171 
46.5 	 0.04692361732134469 
46.52 	 0.04650448346391886 
46.54 	 0.04617163359015038 
46.56 	 0.04592134732054326 
46.58 	 0.04573234427679912 
46.6 	 0.045606174623708376 
46.62 	 0.04553915672845817 
46.64 	 0.045538603108649364 
46.66 	 0.045613008610690134 
46.68 	 0.045765832462135184 
46.7 	 0.04600747299416884 
46.72 	 0.04632499789903431 
46.74 	 0.046720627394531485 
46.76 	 0.047158050915866515 
46.78 	 0.047625819148453784 
46.8 	 0.0480685877571043 
46.82 	 0.048462154767222 
46.84 	 0.04874816513535359 
46.86 	 0.048895768409235554 
46.88 	 0.048865723046566056 
46.9 	 0.04862860080316742 
46.92 	 0.04818312626754402 
46.94 	 0.04750764428255971 
46.96 	 0.04664559600460863 
46.98 	 0.04558491429166279 
47.0 	 0.044404950831971164 
47.02 	 0.043099799584472534 
47.04 	 0.041764641061168305 
47.06 	 0.040393215756883746 
47.08 	 0.03907475184591102 
47.1 	 0.03779700095038406 
47.12 	 0.03662855815416257 
47.14 	 0.03554935790743817 
47.16 	 0.034602803756475266 
47.18 	 0.033762785257933414 
47.2 	 0.0330503105050263 
47.22 	 0.03243616793806056 
47.24 	 0.03192463678691433 
47.26 	 0.031485641760301504 
47.28 	 0.031112856407075465 
47.3 	 0.03077709335248252 
47.32 	 0.030468060572575645 
47.34 	 0.03016001152256811 
47.36 	 0.029846065930778324 
47.38 	 0.029507475041945765 
47.4 	 0.029147171827244047 
47.42 	 0.028756131729450806 
47.44 	 0.028349259588316182 
47.46 	 0.027926506044112117 
47.48 	 0.02751050634593008 
47.5 	 0.02710498630234979 
47.52 	 0.026731254038057043 
47.54 	 0.026389494804142467 
47.56 	 0.026091130645244036 
47.58 	 0.025828032925740655 
47.6 	 0.025599430527476794 
47.62 	 0.02539027542852151 
47.64 	 0.025193456990460307 
47.66 	 0.02499410742388531 
47.68 	 0.024789051881215638 
47.7 	 0.024571789956180215 
47.72 	 0.024350633015718433 
47.74 	 0.024130948123269522 
47.76 	 0.023931545662431847 
47.78 	 0.023765386945268266 
47.8 	 0.023651821693974114 
47.82 	 0.023601196990821027 
47.84 	 0.023620064844127323 
47.86 	 0.0237059043004697 
47.88 	 0.023844054114544072 
47.9 	 0.024015025516937266 
47.92 	 0.024185271799043905 
47.94 	 0.024322829198177916 
47.96 	 0.024388141836476685 
47.98 	 0.02434728097937874 
48.0 	 0.02417213267708135 
48.02 	 0.023837899314239915 
48.04 	 0.02334161054646508 
48.06 	 0.022674286404270095 
48.08 	 0.02186179216288216 
48.1 	 0.02091086725665055 
48.12 	 0.019868838412134233 
48.14 	 0.01875215367078963 
48.16 	 0.017615566473081476 
48.18 	 0.016476756303401164 
48.2 	 0.015384190352441532 
48.22 	 0.014349947893800863 
48.24 	 0.013408132891809968 
48.26 	 0.012562427514996899 
48.28 	 0.011831157005017535 
48.3 	 0.011210380396577723 
48.32 	 0.010705322078857969 
48.34 	 0.010306542956783122 
48.36 	 0.010009658585287299 
48.38 	 0.009801410396377597 
48.4 	 0.009670525952221024 
48.42 	 0.009600982356516902 
48.44 	 0.009576939106566231 
48.46 	 0.009580896902593299 
48.48 	 0.00959528610048848 
48.5 	 0.009603179171414539 
48.52 	 0.009588724048706622 
48.54 	 0.009537919169466004 
48.56 	 0.009439783057203183 
48.58 	 0.009284967506938593 
48.6 	 0.00906919627806436 
48.62 	 0.008788351618020171 
48.64 	 0.008445057361548425 
48.66 	 0.00804005514861879 
48.68 	 0.0075818347407509935 
48.7 	 0.007075174819015982 
48.72 	 0.006532733280855305 
48.74 	 0.005962270738309175 
48.76 	 0.005378527179390539 
48.78 	 0.00479081580328419 
48.8 	 0.004213580527699566 
48.82 	 0.003655803306920863 
48.84 	 0.003129263130139334 
48.86 	 0.002640638362924432 
48.88 	 0.0021972945222852027 
48.9 	 0.0018022491890697697 
48.92 	 0.0014579041780503213 
48.94 	 0.0011634137347801866 
48.96 	 0.0009169747882553704 
48.98 	 0.0007148059481034438 
49.0 	 0.0005525135723488138 
49.02 	 0.0004248970067299341 
49.04 	 0.00032672395205883233 
49.06 	 0.0002528077387967546 
49.08 	 0.0001983917232193098 
49.1 	 0.0001592210612350371 
49.12 	 0.00013167401247902497 
49.14 	 0.00011275248084082903 
49.16 	 0.00010006975704025075 
49.18 	 9.17807518371576e-05 
49.2 	 8.650907351521419e-05 
49.22 	 8.325901648896832e-05 
49.24 	 8.133456351468803e-05 
49.26 	 8.026321756987439e-05 
49.28 	 7.973270075431576e-05 
49.3 	 7.953935111335306e-05 
49.32 	 7.954970558082645e-05 
49.34 	 7.967347418333344e-05 
49.36 	 7.984640635863087e-05 
49.38 	 8.002079793016069e-05 
49.4 	 8.016116773747776e-05 
49.42 	 8.024307012916518e-05 
49.44 	 8.025298264813706e-05 
49.46 	 8.018809527572e-05 
49.48 	 8.005512073798972e-05 
49.5 	 7.98679713053866e-05 
49.52 	 7.964457245205762e-05 
49.54 	 7.940325194329367e-05 
49.56 	 7.915948419729488e-05 
49.58 	 7.892336806097608e-05 
49.6 	 7.869842424925182e-05 
49.62 	 7.84816262853577e-05 
49.64 	 7.826476180218588e-05 
49.66 	 7.803660661073777e-05 
49.68 	 7.778568771359556e-05 
49.7 	 7.750297854143841e-05 
49.72 	 7.718434139891008e-05 
49.74 	 7.683218494924147e-05 
49.76 	 7.64564460558379e-05 
49.78 	 7.607458160439025e-05 
49.8 	 7.571100570764632e-05 
49.82 	 7.53958313718553e-05 
49.84 	 7.516351150240048e-05 
49.86 	 7.505131232677998e-05 
49.88 	 7.509808006013747e-05 
49.9 	 7.534321994587878e-05 
49.92 	 7.582589920210267e-05 
49.94 	 7.658440360445725e-05 
49.96 	 7.765503537595252e-05 
49.98 	 7.907077138368455e-05 
50.0 	 8.085853294041525e-05 
50.02 	 8.303612803478619e-05 
50.04 	 8.560741304961684e-05 
50.06 	 8.85581254751175e-05 
50.08 	 9.185063139688014e-05 
50.1 	 9.542151650314614e-05 
50.12 	 9.917945102860687e-05 
50.14 	 0.00010300814268140224 
50.16 	 0.00010677024484217495 
50.18 	 0.00011031696999923274 
50.2 	 0.00011349752419549041 
50.22 	 0.00011617235262779972 
50.24 	 0.00011822358022740033 
50.26 	 0.00011956574106990067 
50.28 	 0.0001201514210816462 
50.3 	 0.00011997414770876431 
50.32 	 0.00011906618521643483 
50.34 	 0.00011749269490938079 
50.36 	 0.00011534345327235633 
50.38 	 0.00011272218670822059 
50.4 	 0.00010973728499435969 
50.42 	 0.00010649200223230985 
50.44 	 0.00010307888097182121 
50.46 	 9.957454079359763e-05 
50.48 	 9.603936831763048e-05 
50.5 	 9.251698285799438e-05 
50.52 	 8.903751512482305e-05 
50.54 	 8.561937103527651e-05 
50.56 	 8.227327854560075e-05 
50.58 	 7.90039271186309e-05 
50.6 	 7.581299232006931e-05 
50.62 	 7.269974605111095e-05 
50.64 	 6.966294066549749e-05 
50.66 	 6.670081865220982e-05 
50.68 	 6.381253515424154e-05 
50.7 	 6.099815348762196e-05 
50.72 	 5.8259925478683095e-05 
50.74 	 5.5602207811350234e-05 
50.76 	 5.303224985006946e-05 
50.78 	 5.0559528017093666e-05 
50.8 	 4.81956201359155e-05 
50.82 	 4.5952780794206535e-05 
50.84 	 4.384308892300286e-05 
50.86 	 4.187679880863848e-05 
50.88 	 4.006154983200273e-05 
50.9 	 3.840134801461442e-05 
50.92 	 3.689658218006907e-05 
50.94 	 3.554408672247027e-05 
50.96 	 3.4338062611230445e-05 
50.98 	 3.327093571481554e-05 
51.0 	 3.23346351510899e-05 
51.02 	 3.15215319867761e-05 
51.04 	 3.0825381897493674e-05 
51.06 	 3.0241756938831825e-05 
51.08 	 2.9768282548243927e-05 
51.1 	 2.940439716575181e-05 
51.12 	 2.9150923530048202e-05 
51.14 	 2.9009329775445375e-05 
51.16 	 2.8980904340346854e-05 
51.18 	 2.9065833560967474e-05 
51.2 	 2.9262325837345876e-05 
51.22 	 2.9565869015021665e-05 
51.24 	 2.9968676370057566e-05 
51.26 	 3.0459480648983983e-05 
51.28 	 3.102360377718183e-05 
51.3 	 3.164347414492765e-05 
51.32 	 3.229934523348569e-05 
51.34 	 3.297035286694242e-05 
51.36 	 3.363551171091993e-05 
51.38 	 3.427477852553816e-05 
51.4 	 3.486974576231276e-05 
51.42 	 3.54041622068943e-05 
51.44 	 3.586395064163395e-05 
51.46 	 3.6237032041452674e-05 
51.48 	 3.651279996655572e-05 
51.5 	 3.668160754168352e-05 
51.52 	 3.6734240557286247e-05 
51.54 	 3.666165292909232e-05 
51.56 	 3.6454976199873155e-05 
51.58 	 3.610586669827078e-05 
51.6 	 3.560719483976212e-05 
51.62 	 3.495388891943117e-05 
51.64 	 3.4143972154381045e-05 
51.66 	 3.317940841475575e-05 
51.68 	 3.2066920421337794e-05 
51.7 	 3.0818295064623026e-05 
51.72 	 2.9450531067704282e-05 
51.74 	 2.7985323784362088e-05 
51.76 	 2.6448426263565987e-05 
51.78 	 2.486840356191349e-05 
51.8 	 2.3275426767517104e-05 
51.82 	 2.1699661142450977e-05 
51.84 	 2.0169900862517314e-05 
51.86 	 1.871205153788601e-05 
51.88 	 1.7348035717603392e-05 
51.9 	 1.6094776778893573e-05 
51.92 	 1.4963707998409468e-05 
51.94 	 1.3960510921609265e-05 
51.96 	 1.308537650992303e-05 
51.98 	 1.2333521512747179e-05 
52.0 	 1.1696100383041653e-05 
52.02 	 1.1161258201331212e-05 
52.04 	 1.071534628363425e-05 
52.06 	 1.0344072381612044e-05 
52.08 	 1.0033557128663387e-05 
52.1 	 9.771135432792236e-06 
52.12 	 9.545900252831015e-06 
52.14 	 9.348928708420675e-06 
52.16 	 9.17325449104125e-06 
52.18 	 9.013619432291987e-06 
52.2 	 8.86611590019625e-06 
52.22 	 8.727788712669593e-06 
52.24 	 8.596295474012421e-06 
52.26 	 8.469660173420855e-06 
52.28 	 8.346155594586922e-06 
52.3 	 8.224284861507854e-06 
52.32 	 8.102837365898878e-06 
52.34 	 7.980954314843786e-06 
52.36 	 7.858170666690258e-06 
52.38 	 7.734390293319103e-06 
52.4 	 7.609801692430803e-06 
52.42 	 7.484739134948955e-06 
52.44 	 7.359536188441038e-06 
52.46 	 7.2343972922504664e-06 
52.48 	 7.109330275259383e-06 
52.5 	 6.98414049632201e-06 
52.52 	 6.8584915406054505e-06 
52.54 	 6.731996345912285e-06 
52.56 	 6.604318227568056e-06 
52.58 	 6.475240154043904e-06 
52.6 	 6.344695195753556e-06 
52.62 	 6.2127441234724495e-06 
52.64 	 6.079523891121883e-06 
52.66 	 5.945177553462766e-06 
52.68 	 5.809799679870617e-06 
52.7 	 5.673402900222369e-06 
52.72 	 5.535922126239881e-06 
52.74 	 5.397240306109819e-06 
52.76 	 5.257233123443849e-06 
52.78 	 5.115807217858745e-06 
52.8 	 4.97293063006725e-06 
52.82 	 4.828641028287447e-06 
52.84 	 4.6830447104958e-06 
52.86 	 4.536305125311438e-06 
52.88 	 4.388640393068666e-06 
52.9 	 4.240328398239696e-06 
52.92 	 4.091732117859156e-06 
52.94 	 3.943335349734077e-06 
52.96 	 3.7957933270043544e-06 
52.98 	 3.6499847143684212e-06 
53.0 	 3.507068375205506e-06 
53.02 	 3.368533564304114e-06 
53.04 	 3.2362471201182906e-06 
53.06 	 3.1124852430856623e-06 
53.08 	 2.9999471680413605e-06 
53.1 	 2.901731758108068e-06 
53.12 	 2.8212662905914707e-06 
53.14 	 2.762167064277016e-06 
53.16 	 2.728024358985798e-06 
53.18 	 2.7221064899671476e-06 
53.2 	 2.746995793777323e-06 
53.22 	 2.804181043307885e-06 
53.24 	 2.893646693374456e-06 
53.26 	 3.013511770238664e-06 
53.28 	 3.1597737492722844e-06 
53.3 	 3.3262164812269646e-06 
53.32 	 3.504521803329136e-06 
53.34 	 3.684615225784151e-06 
53.36 	 3.855235357161568e-06 
53.38 	 4.0047001390096085e-06 
53.4 	 4.121795416179028e-06 
53.42 	 4.196702656762883e-06 
53.44 	 4.221852854242159e-06 
53.46 	 4.192607850962244e-06 
53.48 	 4.10767771505824e-06 
53.5 	 3.969219708481347e-06 
53.52 	 3.7826064477379683e-06 
53.54 	 3.555889382850924e-06 
53.56 	 3.2990350756753897e-06 
53.58 	 3.0230235956323637e-06 
53.6 	 2.7389299980227012e-06 
53.62 	 2.4570824078720005e-06 
53.64 	 2.1863920689832057e-06 
53.66 	 1.9338976109120176e-06 
53.68 	 1.704551206785409e-06 
53.7 	 1.5012234801210158e-06 
53.72 	 1.3248943019518907e-06 
53.74 	 1.174968678896155e-06 
53.76 	 1.0496628933852529e-06 
53.78 	 9.464027021903095e-07 
53.8 	 8.621927378977946e-07 
53.82 	 7.939257646317431e-07 
53.84 	 7.386183659695734e-07 
53.86 	 6.935694569157881e-07 
53.88 	 6.564492039424312e-07 
53.9 	 6.253302101917988e-07 
53.92 	 5.986764044821926e-07 
53.94 	 5.753041675262521e-07 
53.96 	 5.543290490718958e-07 
53.98 	 5.351081019574316e-07 
54.0 	 5.171851580887991e-07 
54.02 	 5.002430677308819e-07 
54.04 	 4.840648039464052e-07 
54.06 	 4.6850330906798856e-07 
54.08 	 4.5345915787881267e-07 
54.1 	 4.3886443859564173e-07 
54.12 	 4.246714492368895e-07 
54.14 	 4.108448425622818e-07 
54.16 	 3.973563426918032e-07 
54.18 	 3.8418125884684094e-07 
54.2 	 3.7129637510902074e-07 
54.22 	 3.586787589579768e-07 
54.24 	 3.4630524639790664e-07 
54.26 	 3.341522880285748e-07 
54.28 	 3.2219604070622425e-07 
54.3 	 3.1041255061018715e-07 
54.32 	 2.9877806857862796e-07 
54.34 	 2.8726949281108843e-07 
54.36 	 2.7586507844741014e-07 
54.38 	 2.6454548226519383e-07 
54.4 	 2.532953411153434e-07 
54.42 	 2.4210557667406494e-07 
54.44 	 2.309768833745727e-07 
54.46 	 2.1992512058095482e-07 
54.48 	 2.0899001603271352e-07 
54.5 	 1.9824952952368072e-07 
54.52 	 1.8784391129146085e-07 
54.54 	 1.780158924230508e-07 
54.56 	 1.6917711065694013e-07 
54.58 	 1.6201583165142526e-07 
54.6 	 1.5766765796703195e-07 
54.62 	 1.5797893165901946e-07 
54.64 	 1.6590155503831895e-07 
54.66 	 1.8606661125291804e-07 
54.68 	 2.2559038771089397e-07 
54.7 	 2.951670181085245e-07 
54.72 	 4.1049259441096774e-07 
54.74 	 5.940420317729157e-07 
54.76 	 8.771764460666502e-07 
54.78 	 1.302495273178619e-06 
54.8 	 1.9262578402110417e-06 
54.82 	 2.820603474195088e-06 
54.84 	 4.0751784717925085e-06 
54.86 	 5.797718837141553e-06 
54.88 	 8.11302496063922e-06 
54.9 	 1.1159909154865611e-05 
54.92 	 1.508556968744308e-05 
54.94 	 2.0037508278877877e-05 
54.96 	 2.6152642395067218e-05 
54.98 	 3.354502311036311e-05 
55.0 	 4.2291744047578776e-05 
55.02 	 5.2420610632279925e-05 
55.04 	 6.389783212528816e-05 
55.06 	 7.662232281667305e-05 
55.08 	 9.042111291008905e-05 
55.1 	 0.00010505636036037547 
55.12 	 0.00012023176286122277 
55.14 	 0.00013561372951049634 
55.16 	 0.00015084650482918502 
55.18 	 0.00016558223481702894 
55.2 	 0.0001794972333855607 
55.22 	 0.0001923209171426575 
55.24 	 0.0002038443276269866 
55.26 	 0.00021393842471953656 
55.28 	 0.00022254988184230542 
55.3 	 0.00022970495561737208 
55.32 	 0.00023549439638606768 
55.34 	 0.00024006653452457994 
55.36 	 0.00024360875374936655 
55.38 	 0.0002463382502558522 
55.4 	 0.0002484889285243555 
55.42 	 0.0002503083689750165 
55.44 	 0.00025205603947420647 
55.46 	 0.00025401109725936593 
55.48 	 0.0002564821652033244 
55.5 	 0.00025982469082527917 
55.52 	 0.00026445583752775654 
55.54 	 0.00027087380209882934 
55.56 	 0.000279664543222302 
55.58 	 0.000291510238850413 
55.6 	 0.0003071693374010188 
55.62 	 0.0003274605780068358 
55.64 	 0.0003531982745478785 
55.66 	 0.0003851475416168618 
55.68 	 0.00042390758934748797 
55.7 	 0.0004698564640064238 
55.72 	 0.000522996379514017 
55.74 	 0.000582936297146748 
55.76 	 0.0006487352147395936 
55.78 	 0.0007189888981309117 
55.8 	 0.0007917134372021048 
55.82 	 0.0008645843748669357 
55.84 	 0.0009348838430470017 
55.86 	 0.00099987825401781 
55.88 	 0.0010568162472969313 
55.9 	 0.0011033503446347924 
55.92 	 0.0011375436863123019 
55.94 	 0.0011581926452691594 
55.96 	 0.0011647996623644114 
55.98 	 0.0011576786438830663 
56.0 	 0.0011378810698786871 
56.02 	 0.0011070577448185836 
56.04 	 0.0010673658500320246 
56.06 	 0.0010211643844856724 
56.08 	 0.0009709536054997287 
56.1 	 0.0009190347030863592 
56.12 	 0.0008675245529600799 
56.14 	 0.0008180898273900736 
56.16 	 0.0007720457954601653 
56.18 	 0.0007302089657618141 
56.2 	 0.0006930517943472596 
56.22 	 0.0006606547418131966 
56.24 	 0.0006328710063268821 
56.26 	 0.0006093301023527539 
56.28 	 0.0005895740108784909 
56.3 	 0.0005730702271430233 
56.32 	 0.0005593024028668615 
56.34 	 0.0005477721789337638 
56.36 	 0.0005380477723595338 
56.38 	 0.0005297522557547146 
56.4 	 0.0005225835023248812 
56.42 	 0.0005162947175152876 
56.44 	 0.0005106994114516372 
56.46 	 0.0005056506022298611 
56.48 	 0.0005010406494698041 
56.5 	 0.0004967836646426422 
56.52 	 0.0004928161076230665 
56.54 	 0.0004890846528114137 
56.56 	 0.00048554981595901275 
56.58 	 0.00048217861294457757 
56.6 	 0.000478949884316487 
56.62 	 0.0004758484902602137 
56.64 	 0.0004728692144049076 
56.66 	 0.00047000954302240636 
56.68 	 0.0004672710131032187 
56.7 	 0.0004646513451146488 
56.72 	 0.0004621461394062477 
56.74 	 0.00045974446672119093 
56.76 	 0.00045743508296674156 
56.78 	 0.00045520819873747013 
56.8 	 0.00045306665256268354 
56.82 	 0.0004510315214439282 
56.84 	 0.00044915397120286356 
56.86 	 0.0004475197983419495 
56.88 	 0.0004462578637500571 
56.9 	 0.00044554239439454165 
56.92 	 0.00044559890346657533 
56.94 	 0.00044670879061915395 
56.96 	 0.00044921593672430916 
56.98 	 0.00045353725839317687 
57.0 	 0.00046016597720545133 
57.02 	 0.0004696820697721039 
57.04 	 0.00048273498009217844 
57.06 	 0.000500039038937218 
57.08 	 0.0005223123995211301 
57.1 	 0.0005502490712752207 
57.12 	 0.0005844033353569362 
57.14 	 0.0006251566309854343 
57.16 	 0.000672563615812613 
57.18 	 0.0007263640381934435 
57.2 	 0.000785828046887444 
57.22 	 0.0008498734412842808 
57.24 	 0.0009169439281933761 
57.26 	 0.0009852625440079827 
57.28 	 0.0010527470293040517 
57.3 	 0.0011173698365169898 
57.32 	 0.001177082365270658 
57.34 	 0.0012301957275916444 
57.36 	 0.0012752772313353532 
57.38 	 0.0013114507581421647 
57.4 	 0.0013382519281507823 
57.42 	 0.0013557827690453867 
57.44 	 0.0013645479336513895 
57.46 	 0.0013654606627486671 
57.48 	 0.0013597032548254447 
57.5 	 0.001348630666683244 
57.52 	 0.001333689588902912 
57.54 	 0.0013162788948665038 
57.56 	 0.0012977323697916038 
57.58 	 0.0012791787218768723 
57.6 	 0.0012615672962783843 
57.62 	 0.0012455496265373442 
57.64 	 0.0012315242090358996 
57.66 	 0.0012195540404915347 
57.68 	 0.0012094241838413718 
57.7 	 0.0012006105965279982 
57.72 	 0.0011923627878328942 
57.74 	 0.001183730312354627 
57.76 	 0.0011736821409262797 
57.78 	 0.0011611697604310082 
57.8 	 0.0011452736845624742 
57.82 	 0.0011252509082311588 
57.84 	 0.0011006768130701469 
57.86 	 0.0010714175989560224 
57.88 	 0.0010377350701918978 
57.9 	 0.001000155741865899 
57.92 	 0.0009595305346785726 
57.94 	 0.0009168248932932453 
57.96 	 0.0008731562981004439 
57.98 	 0.0008295677986655639 
58.0 	 0.0007870783178803175 
58.02 	 0.0007465001989208689 
58.04 	 0.0007085215341251674 
58.06 	 0.0006735928743856987 
58.08 	 0.0006420318969367227 
58.1 	 0.0006139653882599385 
58.12 	 0.0005894289112877905 
58.14 	 0.000568334585121107 
58.16 	 0.0005505445721597137 
58.18 	 0.0005358464793119521 
58.2 	 0.0005240005735041235 
58.22 	 0.0005147245831450808 
58.24 	 0.0005077302513239979 
58.26 	 0.0005027270824976505 
58.28 	 0.000499461080859931 
58.3 	 0.0004977368438541289 
58.32 	 0.000497454402428571 
58.34 	 0.0004986326392710937 
58.36 	 0.0005014249389526239 
58.38 	 0.0005061209236410856 
58.4 	 0.0005131213829382139 
58.42 	 0.0005229074033713738 
58.44 	 0.0005359706830603555 
58.46 	 0.0005527630575943235 
58.48 	 0.0005735993901112642 
58.5 	 0.0005986218509214237 
58.52 	 0.000627705498837504 
58.54 	 0.0006604771292150505 
58.56 	 0.000696250039429484 
58.58 	 0.0007341213700031094 
58.6 	 0.0007729437955470611 
58.62 	 0.0008114933386656954 
58.64 	 0.0008484625645543515 
58.66 	 0.0008826578292405834 
58.68 	 0.0009129853136893313 
58.7 	 0.0009386209001580634 
58.72 	 0.0009589662155933704 
58.74 	 0.0009737464197642525 
58.76 	 0.0009829355552665904 
58.78 	 0.0009867713608710245 
58.8 	 0.0009856735734160764 
58.82 	 0.0009801996911965743 
58.84 	 0.0009709899538182868 
58.86 	 0.0009587026423159728 
58.88 	 0.0009440079262161405 
58.9 	 0.0009275299515691094 
58.92 	 0.00090988611097623 
58.94 	 0.0008916389404140833 
58.96 	 0.0008733550744169605 
58.98 	 0.0008555536116367892 
59.0 	 0.0008387549556043626 
59.02 	 0.0008234158096456478 
59.04 	 0.0008099538121784786 
59.06 	 0.0007986773995142522 
59.08 	 0.0007897947387680591 
59.1 	 0.0007833620456670854 
59.12 	 0.0007792972386760497 
59.14 	 0.0007773679658318772 
59.16 	 0.0007772230592324968 
59.18 	 0.0007784212340928157 
59.2 	 0.0007804740713250199 
59.22 	 0.0007828929543226646 
59.24 	 0.0007852229715385806 
59.26 	 0.0007870770414190465 
59.28 	 0.0007881432524471261 
59.3 	 0.0007881875563843059 
59.32 	 0.0007870354032959106 
59.34 	 0.0007845477246035923 
59.36 	 0.0007805970002873114 
59.38 	 0.0007750377746267196 
59.4 	 0.0007677033006013918 
59.42 	 0.0007583903017321902 
59.44 	 0.0007468914552542879 
59.46 	 0.0007329973654083761 
59.48 	 0.0007165604725212581 
59.5 	 0.000697498395895583 
59.52 	 0.0006758690136765602 
59.54 	 0.0006518516299547827 
59.56 	 0.000625809419187439 
59.58 	 0.0005982327904227688 
59.6 	 0.0005697742115760989 
59.62 	 0.0005411559010227958 
59.64 	 0.0005131766925139424 
59.66 	 0.0004866029843326573 
59.68 	 0.00046215983755910374 
59.7 	 0.0004404317951429925 
59.72 	 0.00042185609720821345 
59.74 	 0.0004066570640729785 
59.76 	 0.00039485756942530577 
59.78 	 0.00038626034321737854 
59.8 	 0.00038048603130082687 
59.82 	 0.00037700047981566415 
59.84 	 0.00037517557489304365 
59.86 	 0.00037434604609970805 
59.88 	 0.0003738762578204285 
59.9 	 0.0003732180763491108 
59.92 	 0.00037195957059082073 
59.94 	 0.0003698551838687773 
59.96 	 0.00036684423086104183 
59.98 	 0.0003629447869191282 
