0.0 	 0.5614729264172664 
0.02 	 0.6829034176679272 
0.04 	 0.7604925902072555 
0.06 	 0.8463267515639061 
0.08 	 0.8993477945337599 
0.1 	 0.956410792824137 
0.12 	 0.9887057084377042 
0.14 	 1.01882571455437 
0.16 	 1.0315017797608454 
0.18 	 1.0364265784661324 
0.2 	 1.0317939432810128 
0.22 	 1.015831280327648 
0.24 	 0.9976999804913714 
0.26 	 0.9672711310776291 
0.28 	 0.9404507420530277 
0.3 	 0.9025992750293171 
0.32 	 0.8719133828919269 
0.34 	 0.832464501331845 
0.36 	 0.8015233030036973 
0.38 	 0.7636780551162393 
0.4 	 0.7340230228435553 
0.42 	 0.6981573487154193 
0.44 	 0.6693815750934753 
0.46 	 0.6341200729385184 
0.48 	 0.604871718613433 
0.5 	 0.5686827757216509 
0.52 	 0.5378982142470525 
0.54 	 0.5003811931672822 
0.56 	 0.46819401782684267 
0.58 	 0.43062619899183485 
0.6 	 0.3986448299390408 
0.62 	 0.3635946695661716 
0.64 	 0.33432530052614706 
0.66 	 0.30442515551495175 
0.68 	 0.2800405327050761 
0.7 	 0.2567156650639799 
0.72 	 0.23809391783148537 
0.74 	 0.22121003857226323 
0.76 	 0.20791730965990537 
0.78 	 0.19630656867088742 
0.8 	 0.18717850147407963 
0.82 	 0.1793317810110602 
0.84 	 0.1730422222751078 
0.86 	 0.167558276349887 
0.88 	 0.16294969668195564 
0.9 	 0.15873641004014255 
0.92 	 0.15495758996503886 
0.94 	 0.151290232367578 
0.96 	 0.14782592869648803 
0.98 	 0.14433162368894978 
1.0 	 0.14097105604822924 
1.02 	 0.13756530671803532 
1.04 	 0.13432716827289914 
1.06 	 0.1311130913133016 
1.08 	 0.1281397546496049 
1.1 	 0.12528674086407976 
1.12 	 0.12272885973077459 
1.14 	 0.12035768912230416 
1.16 	 0.11827733725464025 
1.18 	 0.11638017114962329 
1.2 	 0.114697019010858 
1.22 	 0.11311066201266658 
1.24 	 0.1116026909810767 
1.26 	 0.11003818248235948 
1.28 	 0.10839308587058794 
1.3 	 0.10651065152374001 
1.32 	 0.10441162784630584 
1.34 	 0.10191931588133492 
1.36 	 0.0991403588631548 
1.38 	 0.09588694646501078 
1.4 	 0.09236795443519766 
1.42 	 0.08839810305701508 
1.44 	 0.08427204692424461 
1.46 	 0.07981988766845617 
1.48 	 0.07537776931315136 
1.5 	 0.0707974635656185 
1.52 	 0.06640179406754503 
1.54 	 0.06206254542726871 
1.56 	 0.05804485592529186 
1.58 	 0.05423489551041865 
1.6 	 0.0508193965163223 
1.62 	 0.04769470434151278 
1.64 	 0.04497203064772704 
1.66 	 0.04255734577548034 
1.68 	 0.040503210912005774 
1.7 	 0.03872666923661363 
1.72 	 0.03724136090030748 
1.74 	 0.03597604080567867 
1.76 	 0.03492139248796476 
1.78 	 0.03401665343566401 
1.8 	 0.033240829090739464 
1.82 	 0.03254181416787819 
1.84 	 0.03189582324961981 
1.86 	 0.031258980266157 
1.88 	 0.030613183859731913 
1.9 	 0.029924437300859363 
1.92 	 0.029187886252632397 
1.94 	 0.028381733667048183 
1.96 	 0.027518406241144724 
1.98 	 0.026588761350224997 
2.0 	 0.025620598382762916 
2.02 	 0.024614258090002717 
2.04 	 0.0236052265090754 
2.06 	 0.022596988777521813 
2.08 	 0.02162249885160091 
2.1 	 0.020681450911679642 
2.12 	 0.019796056300506997 
2.14 	 0.01895776642557605 
2.16 	 0.01817506738380899 
2.18 	 0.017430911264866483 
2.2 	 0.016722710518871788 
2.22 	 0.016028425535251106 
2.24 	 0.015340651280664624 
2.26 	 0.014637694443819502 
2.28 	 0.013914213392873786 
2.3 	 0.013153836290879175 
2.32 	 0.012358264651513063 
2.34 	 0.011519499397076628 
2.36 	 0.010648005539616257 
2.38 	 0.009744607881148037 
2.4 	 0.00882690729167552 
2.42 	 0.007902526688628047 
2.44 	 0.006992192705429102 
2.46 	 0.006106625838133613 
2.48 	 0.00526490537993119 
2.5 	 0.0044767671338872194 
2.52 	 0.003755800501007995 
2.54 	 0.003107658823833299 
2.56 	 0.0025386607835040714 
2.58 	 0.0020491360522499652 
2.6 	 0.001638587928035514 
2.62 	 0.0013026524845468634 
2.64 	 0.0010360113575237611 
2.66 	 0.0008313839360119997 
2.68 	 0.0006810871010791688 
2.7 	 0.000576888113817181 
2.72 	 0.0005107776085237065 
2.74 	 0.00047504379629667283 
2.76 	 0.00046259785591731476 
2.78 	 0.0004670392798850191 
2.8 	 0.0004827439386077311 
2.82 	 0.000504894852808353 
2.84 	 0.000529460601148266 
2.86 	 0.0005532113311372132 
2.88 	 0.0005736520754469165 
2.9 	 0.0005890220311388606 
2.92 	 0.0005982065065506176 
2.94 	 0.0006006998226074804 
2.96 	 0.0005965058701913503 
2.98 	 0.0005860552346601515 
3.0 	 0.0005701084723104481 
3.02 	 0.0005496423241041712 
3.04 	 0.000525774638924732 
3.06 	 0.0004996494503511984 
3.08 	 0.000472397146483345 
3.1 	 0.000445043724744109 
3.12 	 0.0004185062977592208 
3.14 	 0.00039353545728916696 
3.16 	 0.0003707341795293616 
3.18 	 0.00035052792119575715 
3.2 	 0.00033319205884731483 
3.22 	 0.00031884020264835597 
3.24 	 0.0003074512552640826 
3.26 	 0.00029887051836773954 
3.28 	 0.0002928357360888035 
3.3 	 0.00028899036184430206 
3.32 	 0.00028691167795249676 
3.34 	 0.00028613533711488925 
3.36 	 0.0002861857915228597 
3.38 	 0.00028660618196643396 
3.4 	 0.0002869855935442642 
3.42 	 0.00028698366660452385 
3.44 	 0.0002863464752744476 
3.46 	 0.0002849160073411628 
3.48 	 0.0002826298264663486 
3.5 	 0.00027951244780946436 
3.52 	 0.0002756613297783913 
3.54 	 0.00027122585092622964 
3.56 	 0.0002663883274783266 
3.58 	 0.00026134112547412914 
3.6 	 0.00025627226462304374 
3.62 	 0.000251349670590428 
3.64 	 0.00024671657559699434 
3.66 	 0.00024248616389742014 
3.68 	 0.00023874599287059534 
3.7 	 0.00023556071984708133 
3.72 	 0.0002329810491182581 
3.74 	 0.00023105000402356336 
3.76 	 0.00022981185184878857 
3.78 	 0.00022931856923074964 
3.8 	 0.0002296364113002243 
3.82 	 0.00023085159831504187 
3.84 	 0.00023307417674010923 
3.86 	 0.00023644327640606768 
3.88 	 0.00024112805740309637 
3.9 	 0.00024733244239802025 
3.92 	 0.0002552914916983328 
3.94 	 0.00026527438265940614 
3.96 	 0.00027757308793700895 
3.98 	 0.00029250242630389495 
4.0 	 0.00031037809665371535 
4.02 	 0.00033151512827683783 
4.04 	 0.0003561945521340556 
4.06 	 0.0003846660757862994 
4.08 	 0.000417105501610233 
4.1 	 0.00045363163805335475 
4.12 	 0.0004942574369786985 
4.14 	 0.0005389322030582096 
4.16 	 0.000587486595083323 
4.18 	 0.0006397079269401559 
4.2 	 0.000695273653239537 
4.22 	 0.0007538617995748284 
4.24 	 0.0008150629462624527 
4.26 	 0.0008785233848883566 
4.28 	 0.000943825484443025 
4.3 	 0.0010106607312608798 
4.32 	 0.0010786729555673014 
4.34 	 0.0011476610672696017 
4.36 	 0.0012173851251024023 
4.38 	 0.0012878006287488119 
4.4 	 0.0013588288586873546 
4.42 	 0.0014306231978726321 
4.44 	 0.001503300479221121 
4.46 	 0.001577236088382883 
4.48 	 0.001652744551141576 
4.5 	 0.0017303985952684866 
4.52 	 0.0018106397491218819 
4.54 	 0.0018941216223234275 
4.56 	 0.0019812296309564725 
4.58 	 0.002072462069856315 
4.6 	 0.0021678459089103977 
4.62 	 0.0022673880379587784 
4.64 	 0.0023703935045753352 
4.66 	 0.002476035079451079 
4.68 	 0.0025826094106313176 
4.7 	 0.002688270178317142 
4.72 	 0.002790287384140166 
4.74 	 0.002885949999408452 
4.76 	 0.0029719094202955523 
4.78 	 0.0030451773979723058 
4.8 	 0.003102625159483429 
4.82 	 0.0031419093142562846 
4.84 	 0.003161165294370907 
4.86 	 0.0031596470527543033 
4.88 	 0.0031376158468164926 
4.9 	 0.0030965365726167335 
4.92 	 0.00303914771037183 
4.94 	 0.0029692285027062932 
4.96 	 0.0028918639079340207 
4.98 	 0.0028130298372416687 
5.0 	 0.002740136376931334 
5.02 	 0.0026818909268547177 
5.04 	 0.0026492731456355147 
5.06 	 0.0026562664891702534 
5.08 	 0.0027213833928480804 
5.1 	 0.0028698861052330253 
5.12 	 0.0031356077339915875 
5.14 	 0.0035652936985501905 
5.16 	 0.004219243979446467 
5.18 	 0.0051789407099478305 
5.2 	 0.00654175546765142 
5.22 	 0.008436295929125846 
5.24 	 0.010997914130353031 
5.26 	 0.014408579510046274 
5.28 	 0.01881835803556111 
5.3 	 0.024461559728679246 
5.32 	 0.031439322188193966 
5.34 	 0.04004085907392179 
5.36 	 0.050204170641743665 
5.38 	 0.06230378729309085 
5.4 	 0.07595560680534201 
5.42 	 0.09170176873047217 
5.44 	 0.10866235838862286 
5.46 	 0.12768037000079588 
5.48 	 0.14724532824130682 
5.5 	 0.16864388853440831 
5.52 	 0.18969978110358848 
5.54 	 0.2122265398050171 
5.56 	 0.23348272184392035 
5.58 	 0.2557724545695552 
5.6 	 0.27601262220649464 
5.62 	 0.29682584073460444 
5.64 	 0.31507700869722044 
5.66 	 0.3334329038218485 
5.68 	 0.3489991148557297 
5.7 	 0.3641715960932274 
5.72 	 0.37655963564836975 
5.74 	 0.3879942870006349 
5.76 	 0.39682122851363544 
5.78 	 0.4040818924345794 
5.8 	 0.4090574147626602 
5.82 	 0.4118825176637044 
5.84 	 0.41290013480418847 
5.86 	 0.41135999063071477 
5.88 	 0.40865170815122065 
5.9 	 0.40331282432841564 
5.92 	 0.3975708916120932 
5.94 	 0.3895472515851454 
5.96 	 0.3819192114922228 
5.98 	 0.372737897211362 
6.0 	 0.3646555943741448 
6.02 	 0.35596004886526633 
6.04 	 0.34884809963415836 
6.06 	 0.3420513737535011 
6.08 	 0.3370271755033425 
6.1 	 0.3330470487733486 
6.12 	 0.330721916949847 
6.14 	 0.3298700299060117 
6.16 	 0.3302986417435745 
6.18 	 0.33232091848015965 
6.2 	 0.33508712454437595 
6.22 	 0.3393213418200755 
6.24 	 0.3437261192031696 
6.26 	 0.34934222008834265 
6.28 	 0.3546515154756578 
6.3 	 0.36092859958982604 
6.32 	 0.3666193245719415 
6.34 	 0.373180454697983 
6.36 	 0.37909979941695016 
6.38 	 0.3860040629087169 
6.4 	 0.39236245818333576 
6.42 	 0.3999868618762132 
6.44 	 0.40716516116725054 
6.46 	 0.4159083506853147 
6.48 	 0.42416125115341075 
6.5 	 0.43411307918284964 
6.52 	 0.4433248119401932 
6.54 	 0.45408050576254555 
6.56 	 0.46370641056339534 
6.58 	 0.47442576147477106 
6.6 	 0.4836461556171764 
6.62 	 0.4933263827425402 
6.64 	 0.5013299725261945 
6.66 	 0.5091626938971845 
6.68 	 0.515429719822391 
6.7 	 0.5210868081782931 
6.72 	 0.5255585648680258 
6.74 	 0.5292900769584507 
6.76 	 0.5323635112785661 
6.78 	 0.534871102889773 
6.8 	 0.537225185166676 
6.82 	 0.5393707775065424 
6.84 	 0.5417006814487245 
6.86 	 0.5441838996727202 
6.88 	 0.5469607626628706 
6.9 	 0.550106934060832 
6.92 	 0.5534642013779567 
6.94 	 0.557200130332139 
6.96 	 0.5609794132739019 
6.98 	 0.5649819839769432 
7.0 	 0.5688984134401156 
7.02 	 0.5728339278586148 
7.04 	 0.5766790794918775 
7.06 	 0.5804228992584074 
7.08 	 0.5842124112434085 
7.1 	 0.5879395104385711 
7.12 	 0.5919247204386973 
7.14 	 0.5959983159280082 
7.16 	 0.6005074836762901 
7.18 	 0.6051816574138736 
7.2 	 0.6103440206461893 
7.22 	 0.6154145459474145 
7.24 	 0.6209081598018334 
7.26 	 0.625511155821938 
7.28 	 0.6304856692124468 
7.3 	 0.6331864681831151 
7.32 	 0.6364206544083868 
7.34 	 0.6355861791536234 
7.36 	 0.6358178123920109 
7.38 	 0.6301261227525501 
7.4 	 0.626422126001546 
7.42 	 0.6153020578677496 
7.44 	 0.60733399133988 
7.46 	 0.5911495119326189 
7.48 	 0.5792690619204431 
7.5 	 0.5591464462504779 
7.52 	 0.5442024424130203 
7.54 	 0.5215375744251001 
7.56 	 0.5044712517223369 
7.58 	 0.48033763319359574 
7.6 	 0.4617484086996184 
7.62 	 0.43655556535398554 
7.64 	 0.41652870181540524 
7.66 	 0.39018584505650444 
7.68 	 0.36855409985203713 
7.7 	 0.3410751245266073 
7.72 	 0.3180036446712286 
7.74 	 0.29017693612706075 
7.76 	 0.2666961333337343 
7.78 	 0.24027588704672362 
7.8 	 0.21822947032405987 
7.82 	 0.19526456292891 
7.84 	 0.17646491665622957 
7.86 	 0.1582197012145333 
7.88 	 0.14354405121891817 
7.9 	 0.13005999810794736 
7.92 	 0.11932732768974 
7.94 	 0.10981534800420417 
7.96 	 0.1022551472966122 
7.98 	 0.09567695760598569 
8.0 	 0.09040611021209467 
8.02 	 0.0858354056443804 
8.04 	 0.08211372331863094 
8.06 	 0.0788649097652707 
8.08 	 0.07616830041766849 
8.1 	 0.07379324243848007 
8.12 	 0.07179170444988289 
8.14 	 0.0700233777395448 
8.16 	 0.0685249396408169 
8.18 	 0.06721108253048927 
8.2 	 0.06610365869024362 
8.22 	 0.0651498034309774 
8.24 	 0.06435481536448094 
8.26 	 0.06368428129919868 
8.28 	 0.06312791009189093 
8.3 	 0.06266248642436435 
8.32 	 0.06226813377511932 
8.34 	 0.061931975412639895 
8.36 	 0.06163533037658209 
8.38 	 0.061380779379964966 
8.4 	 0.06116265786656786 
8.42 	 0.06100799140947849 
8.44 	 0.06092997620545871 
8.46 	 0.06098854590358215 
8.48 	 0.06120793463946427 
8.5 	 0.06168373830636747 
8.52 	 0.062425947353271456 
8.54 	 0.06356029103679797 
8.56 	 0.06504384692758945 
8.58 	 0.06702144885369955 
8.6 	 0.06935752658965125 
8.62 	 0.07220616555647605 
8.64 	 0.07531506630236849 
8.66 	 0.07884368926114894 
8.68 	 0.08242951816808863 
8.7 	 0.08623755085175469 
8.72 	 0.08983885515364533 
8.74 	 0.09340092051889896 
8.76 	 0.09650267200876918 
8.78 	 0.09930209085016205 
8.8 	 0.10146933559590088 
8.82 	 0.10313324596590163 
8.84 	 0.1041186345880505 
8.86 	 0.10450541985445402 
8.88 	 0.10429363377978658 
8.9 	 0.1035022317451053 
8.92 	 0.1022801476497926 
8.94 	 0.10058466781619427 
8.96 	 0.09865704695194498 
8.98 	 0.09640249609191835 
9.0 	 0.09409380725959611 
9.02 	 0.09160039958874167 
9.04 	 0.08918175664306832 
9.06 	 0.08668999378108805 
9.08 	 0.08434862233892901 
9.1 	 0.08200893247315102 
9.12 	 0.07985309956004895 
9.14 	 0.07774328806584285 
9.16 	 0.07582389712620978 
9.18 	 0.0739742200260626 
9.2 	 0.07230699837099029 
9.22 	 0.07072044777618729 
9.24 	 0.0693012860533863 
9.26 	 0.06796553945427128 
9.28 	 0.06677829448575412 
9.3 	 0.0656707186871879 
9.32 	 0.06468973716444126 
9.34 	 0.06377841186245997 
9.36 	 0.0629687600440656 
9.38 	 0.06221264849472866 
9.4 	 0.061530897682690905 
9.42 	 0.06088176594736956 
9.44 	 0.06027931493886293 
9.46 	 0.05968667633562077 
9.48 	 0.05911597307327689 
9.5 	 0.058534477873509516 
9.52 	 0.057956721245941284 
9.54 	 0.057353832286248636 
9.56 	 0.05674562319510891 
9.58 	 0.056106839025661326 
9.6 	 0.05546328861258325 
9.62 	 0.05479284170023189 
9.64 	 0.05412584780747702 
9.66 	 0.053442548588330904 
9.68 	 0.05277500955583055 
9.7 	 0.052105243455989395 
9.72 	 0.05146425580296088 
9.74 	 0.050836191051418136 
9.76 	 0.05024971239374778 
9.78 	 0.04969327957829826 
9.8 	 0.04919403748107022 
9.82 	 0.04874905235082582 
9.84 	 0.04838592219048405 
9.86 	 0.048115866071540864 
9.88 	 0.04796747765876264 
9.9 	 0.04797097409730081 
9.92 	 0.04815184032183551 
9.94 	 0.04856124576095268 
9.96 	 0.04921061192203615 
9.98 	 0.0501700151552346 
10.0 	 0.051419318290364134 
10.02 	 0.053042339713344724 
10.04 	 0.054966895484965736 
10.06 	 0.057284903451699 
10.08 	 0.05985529143855166 
10.1 	 0.06277491278127988 
10.12 	 0.06582911880553752 
10.14 	 0.06912033414146233 
10.16 	 0.07237517184451021 
10.18 	 0.0757045982243802 
10.2 	 0.07881234499358994 
10.22 	 0.08181966870717669 
10.24 	 0.0844559208770671 
10.26 	 0.08684974166946326 
10.28 	 0.0888001074484653 
10.3 	 0.09043426800530352 
10.32 	 0.09164262390345004 
10.34 	 0.09253812948027394 
10.36 	 0.09309492876462716 
10.38 	 0.09339877312701443 
10.4 	 0.09347859369879576 
10.42 	 0.09338500824376708 
10.44 	 0.09316916806043238 
10.46 	 0.09284693687219193 
10.48 	 0.09247034189810331 
10.5 	 0.09202866048885237 
10.52 	 0.09156847513334952 
10.54 	 0.09106425019559822 
10.56 	 0.09055986126880311 
10.58 	 0.0900252356893111 
10.6 	 0.08950479337149356 
10.62 	 0.08896961313505315 
10.64 	 0.08846358797062993 
10.66 	 0.08795998780244846 
10.68 	 0.08749736293672038 
10.7 	 0.08704955142986062 
10.72 	 0.08664497235839527 
10.74 	 0.0862560562588296 
10.76 	 0.08589991062193528 
10.78 	 0.08554663733632144 
10.8 	 0.08520569601642551 
10.82 	 0.08484531193987892 
10.84 	 0.0844745447368255 
10.86 	 0.08406138557210445 
10.88 	 0.08362268236644643 
10.9 	 0.08312892552517236 
10.92 	 0.0826109957558132 
10.94 	 0.08204565596210042 
10.96 	 0.08147956792496025 
10.98 	 0.08090005562272194 
11.0 	 0.08036493742233261 
11.02 	 0.07987563913001185 
11.04 	 0.07948959478435715 
11.06 	 0.07922362857372416 
11.08 	 0.07911790498031139 
11.1 	 0.07920287625340836 
11.12 	 0.07948303664100138 
11.14 	 0.07999792822707981 
11.16 	 0.08070176188879348 
11.18 	 0.08163693075113726 
11.2 	 0.08270216958894223 
11.22 	 0.08393597686127059 
11.24 	 0.08519067712657376 
11.26 	 0.08649466714459311 
11.28 	 0.08767956385849301 
11.3 	 0.08875906303143423 
11.32 	 0.08958369868907626 
11.34 	 0.09015069951196333 
11.36 	 0.0903731022118944 
11.38 	 0.09023361018553355 
11.4 	 0.08973949400365978 
11.42 	 0.08886392123255027 
11.44 	 0.08771328173601385 
11.46 	 0.08625641429298324 
11.48 	 0.08467191570052203 
11.5 	 0.0829263326710476 
11.52 	 0.08122180366211908 
11.54 	 0.07952076911295554 
11.56 	 0.07799890731850068 
11.58 	 0.07661221395656999 
11.6 	 0.07547755319150184 
11.62 	 0.0745460717893207 
11.64 	 0.07386878333975057 
11.66 	 0.07339892518806385 
11.68 	 0.07313507426090668 
11.7 	 0.07304209031626209 
11.72 	 0.07308843389613083 
11.74 	 0.07325826522446582 
11.76 	 0.07350994739766153 
11.78 	 0.07384974703148758 
11.8 	 0.07423705270889024 
11.82 	 0.07469790733605636 
11.84 	 0.0751939599247259 
11.86 	 0.07576541398110614 
11.88 	 0.07637080711281347 
11.9 	 0.0770581422591852 
11.92 	 0.0777760168755385 
11.94 	 0.07857518869163858 
11.96 	 0.07939063303276438 
11.98 	 0.08027307978567047 
12.0 	 0.08114562083901593 
12.02 	 0.08205799886318947 
12.04 	 0.0829277672032991 
12.06 	 0.08380285226737266 
12.08 	 0.08460303764891933 
12.1 	 0.08537160602024331 
12.12 	 0.08603651711992223 
12.14 	 0.0866304826896255 
12.16 	 0.08709316796464699 
12.18 	 0.08743885752052687 
12.2 	 0.08762292148552003 
12.22 	 0.08763470899837147 
12.24 	 0.08745362735584407 
12.26 	 0.08704246468461121 
12.28 	 0.08641782802432008 
12.3 	 0.08552067766248868 
12.32 	 0.08441757447725352 
12.34 	 0.0830370823119496 
12.36 	 0.08149946320174568 
12.38 	 0.07973113902039941 
12.4 	 0.07789481562305631 
12.42 	 0.07592209248400499 
12.44 	 0.07399337162886373 
12.46 	 0.0720483992206074 
12.48 	 0.07025567520653105 
12.5 	 0.06856312542939004 
12.52 	 0.06710318505700022 
12.54 	 0.06583168919682801 
12.56 	 0.06483233642011474 
12.58 	 0.06407002852394086 
12.6 	 0.06357859363393423 
12.62 	 0.06333471285438229 
12.64 	 0.0633291975753811 
12.66 	 0.06355413980488901 
12.68 	 0.06396825545447353 
12.7 	 0.06458313856731138 
12.72 	 0.06533735827590609 
12.74 	 0.06626624905651289 
12.76 	 0.06729833879464799 
12.78 	 0.06849626418106519 
12.8 	 0.06978334826151696 
12.82 	 0.07125089627009007 
12.84 	 0.07281355332327435 
12.86 	 0.07458915031160215 
12.88 	 0.07647163284927332 
12.9 	 0.07859995816101549 
12.92 	 0.0808312109267551 
12.94 	 0.08331900847762574 
12.96 	 0.08587144867778224 
12.98 	 0.08865197903805379 
13.0 	 0.09141978391949103 
13.02 	 0.09434603297411596 
13.04 	 0.0971569313695002 
13.06 	 0.10003076865396515 
13.08 	 0.10268932333605825 
13.1 	 0.10531700297993395 
13.12 	 0.10766327773330812 
13.14 	 0.10991709261008364 
13.16 	 0.11188031879626792 
13.18 	 0.11374680985695869 
13.2 	 0.11537959143106145 
13.22 	 0.11698369708366844 
13.24 	 0.11847219306858982 
13.26 	 0.12007621182267375 
13.28 	 0.12172762083703044 
13.3 	 0.12370648479581108 
13.32 	 0.12591294092647493 
13.34 	 0.12870197130668595 
13.36 	 0.13187335594234129 
13.38 	 0.13587889304722608 
13.4 	 0.14033654613037916 
13.42 	 0.1458050844527836 
13.44 	 0.15164304164155346 
13.46 	 0.15850575115409188 
13.48 	 0.16545277094608726 
13.5 	 0.17319065326950073 
13.52 	 0.18052770995697534 
13.54 	 0.18812021387162076 
13.56 	 0.19470634538333684 
13.58 	 0.20071959876201317 
13.6 	 0.2051518396031233 
13.62 	 0.2079911621669348 
13.64 	 0.20888735361063546 
13.66 	 0.207191938363812 
13.68 	 0.2035559062044036 
13.7 	 0.1966605438997362 
13.72 	 0.18826368480975061 
13.74 	 0.17658857441856993 
13.76 	 0.16424613116532624 
13.78 	 0.14939634945291072 
13.8 	 0.1349235129464543 
13.82 	 0.1192747482367606 
13.84 	 0.10494146197390417 
13.86 	 0.0907746399967233 
13.88 	 0.07845870560308181 
13.9 	 0.06717377150546625 
13.92 	 0.0577904826369765 
13.94 	 0.049708761602536775 
13.96 	 0.043236780168418434 
13.98 	 0.037927523064543785 
14.0 	 0.033803188483917467 
14.02 	 0.03053898760875046 
14.04 	 0.028057592141728403 
14.06 	 0.026137296051395625 
14.08 	 0.02469334198933219 
14.1 	 0.023586665171949024 
14.12 	 0.022756411386749376 
14.14 	 0.0221232886068825 
14.16 	 0.02165210619712877 
14.18 	 0.02130190219758648 
14.2 	 0.021054787908679894 
14.22 	 0.020891485297372 
14.24 	 0.020802491178067692 
14.26 	 0.02077937890914891 
14.28 	 0.02081495914464218 
14.3 	 0.020905769783787578 
14.32 	 0.021043913290469875 
14.34 	 0.021228231624431205 
14.36 	 0.021449045464029464 
14.38 	 0.021706293063948903 
14.4 	 0.021988120772188847 
14.42 	 0.022294525634186248 
14.44 	 0.022611067551830306 
14.46 	 0.0229364964629313 
14.48 	 0.023253559874148157 
14.5 	 0.02355860886396283 
14.52 	 0.023832421429151117 
14.54 	 0.024068794903156537 
14.56 	 0.024249232531078958 
14.58 	 0.02436634983366764 
14.6 	 0.02440671516097005 
14.62 	 0.024364297468415105 
14.64 	 0.024235182028062293 
14.66 	 0.024017136745581726 
14.68 	 0.02371810775615356 
14.7 	 0.02334055055185125 
14.72 	 0.022902953124283212 
14.74 	 0.022411066177782955 
14.76 	 0.021889185418083674 
14.78 	 0.02134327154452021 
14.8 	 0.02079733487014299 
14.82 	 0.020254375720347297 
14.84 	 0.019733320528725715 
14.86 	 0.01923258023536243 
14.88 	 0.018764202514153696 
14.9 	 0.018322573213444847 
14.92 	 0.01791402810810363 
14.94 	 0.01753105247893142 
14.96 	 0.01717691434235672 
14.98 	 0.01684444919744353 
15.0 	 0.016536075451684694 
15.02 	 0.016246004124314293 
15.04 	 0.015976356751875972 
15.06 	 0.015722027094738578 
15.08 	 0.015483788576642916 
15.1 	 0.015255473620558286 
15.12 	 0.015035129635711478 
15.14 	 0.014814200905010337 
15.16 	 0.014587983338212956 
15.18 	 0.014345992067724207 
15.2 	 0.014083024158047906 
15.22 	 0.013789233305524359 
15.24 	 0.013462848976718721 
15.26 	 0.013098294078111609 
15.28 	 0.012700952318974307 
15.3 	 0.012272419941419203 
15.32 	 0.011826796020804917 
15.34 	 0.011373714412556489 
15.36 	 0.010934772188282997 
15.38 	 0.010526585749114636 
15.4 	 0.010175445787519164 
15.42 	 0.009903465653810842 
15.44 	 0.00973930519202336 
15.46 	 0.00971037028579701 
15.48 	 0.009847027562592828 
15.5 	 0.010183550168835799 
15.52 	 0.010751946328204448 
15.54 	 0.0115953930031445 
15.56 	 0.012744765533610971 
15.58 	 0.014252409741636874 
15.6 	 0.01613858908795566 
15.62 	 0.018462204198514777 
15.64 	 0.0212145521368291 
15.66 	 0.0244573552028275 
15.68 	 0.028127739475439503 
15.7 	 0.0322896516466984 
15.72 	 0.03680116439918904 
15.74 	 0.04173466469734938 
15.76 	 0.046855438862433804 
15.78 	 0.05225662499919906 
15.8 	 0.0576184291094015 
15.82 	 0.06306691759465044 
15.84 	 0.06823036317527857 
15.86 	 0.07327131644108066 
15.88 	 0.077818131318089 
15.9 	 0.08205944155344293 
15.92 	 0.08567838477922234 
15.94 	 0.08886652009910542 
15.96 	 0.09140089229599122 
15.98 	 0.09344701548931575 
16.0 	 0.09488914779579226 
16.02 	 0.09584112251072574 
16.04 	 0.09628504613276576 
16.06 	 0.09626848250249335 
16.08 	 0.09585196340343566 
16.1 	 0.09501706897536633 
16.12 	 0.09388527097971222 
16.14 	 0.09238614676193908 
16.16 	 0.09068999178549414 
16.18 	 0.08869635633707992 
16.2 	 0.0866125638285323 
16.22 	 0.08433018896801706 
16.24 	 0.08207539153500873 
16.26 	 0.07974721046806015 
16.28 	 0.07756480270157133 
16.3 	 0.07544099696211007 
16.32 	 0.07356039361944335 
16.34 	 0.07184906407681538 
16.36 	 0.07043659546736183 
16.38 	 0.06925950099406553 
16.4 	 0.06838479977299984 
16.42 	 0.0677580101248804 
16.44 	 0.06738916543829124 
16.46 	 0.06723365252035139 
16.48 	 0.06725946798762314 
16.5 	 0.06743399850699594 
16.52 	 0.0677025785837981 
16.54 	 0.06804657093789016 
16.56 	 0.0684078710273929 
16.58 	 0.06878270444573067 
16.6 	 0.06912460033454014 
16.62 	 0.06944403634844463 
16.64 	 0.06971397429393661 
16.66 	 0.06995704614919884 
16.68 	 0.07016492761297043 
16.7 	 0.07036936713034211 
16.72 	 0.07057299434609994 
16.74 	 0.07081381764611273 
16.76 	 0.07109429458875886 
16.78 	 0.07145727298023505 
16.8 	 0.07189452015413753 
16.82 	 0.07245433282885116 
16.84 	 0.07311019325683679 
16.86 	 0.07391788395031093 
16.88 	 0.07482797245001746 
16.9 	 0.07590561301370441 
16.92 	 0.07707561173089225 
16.94 	 0.07841260622985666 
16.96 	 0.07981406102436805 
16.98 	 0.08136188180230461 
17.0 	 0.08292740713693478 
17.02 	 0.08459641144978587 
17.04 	 0.08622132361245352 
17.06 	 0.08788968667256511 
17.08 	 0.08945055196311257 
17.1 	 0.09099489483861306 
17.12 	 0.09238997566207158 
17.14 	 0.09373623228191845 
17.16 	 0.09493786156444703 
17.18 	 0.09611256317510818 
17.2 	 0.09720439384913951 
17.22 	 0.09835262088421114 
17.24 	 0.09951922889824187 
17.26 	 0.10086122275505421 
17.28 	 0.10231548899962753 
17.3 	 0.10404503288818821 
17.32 	 0.10591641175774913 
17.34 	 0.10808467671208129 
17.36 	 0.11032426254511989 
17.38 	 0.11277213963245007 
17.4 	 0.1151302224568737 
17.42 	 0.11751188803838047 
17.44 	 0.11960668749597908 
17.46 	 0.12149956394915261 
17.48 	 0.12294727573893809 
17.5 	 0.1239991016339599 
17.52 	 0.12454557807953744 
17.54 	 0.12459212355297594 
17.56 	 0.12418901544445708 
17.58 	 0.12329278185052207 
17.6 	 0.12209087545842684 
17.62 	 0.12049226855657576 
17.64 	 0.11876587373127602 
17.66 	 0.11678165177830012 
17.68 	 0.11482871470545562 
17.7 	 0.11275264939404984 
17.72 	 0.11081842728325601 
17.74 	 0.10886515818454671 
17.76 	 0.10711318484967641 
17.78 	 0.10541211708374007 
17.8 	 0.10393453299907737 
17.82 	 0.1025524996307174 
17.84 	 0.10139428711344192 
17.86 	 0.10035910364025927 
17.88 	 0.09953382530528869 
17.9 	 0.09884262540125274 
17.92 	 0.09833249925137776 
17.94 	 0.0979461464306995 
17.96 	 0.09769435331595445 
17.98 	 0.09753109732007946 
18.0 	 0.09744083069698613 
18.02 	 0.09738354873471854 
18.04 	 0.0973342829424056 
18.06 	 0.09725682584563262 
18.08 	 0.09713666479783094 
18.1 	 0.09694122498163663 
18.12 	 0.09668164595712683 
18.14 	 0.09632848249995345 
18.16 	 0.09592200916136226 
18.18 	 0.09543268537027215 
18.2 	 0.09492017003275542 
18.22 	 0.09434823783474765 
18.24 	 0.0937791195856216 
18.26 	 0.09316195958216904 
18.28 	 0.09254867524266029 
18.3 	 0.0918681876280253 
18.32 	 0.09116234515798216 
18.34 	 0.0903396905343221 
18.36 	 0.0894468708617064 
18.38 	 0.08837795686965719 
18.4 	 0.08720634150386268 
18.42 	 0.0858215518473053 
18.44 	 0.08434008599571421 
18.46 	 0.08265706334840543 
18.48 	 0.0809318817231611 
18.5 	 0.07907122579420633 
18.52 	 0.07725744443217039 
18.54 	 0.07540736499659566 
18.56 	 0.0736933814761215 
18.58 	 0.07203358262776118 
18.6 	 0.07055828687764724 
18.62 	 0.06917441539492003 
18.64 	 0.0679531832388015 
18.66 	 0.06678046748739538 
18.68 	 0.06567512666150567 
18.7 	 0.06449970018353475 
18.72 	 0.06325074834629316 
18.74 	 0.06177459342763686 
18.76 	 0.060088709354585344 
18.78 	 0.05803828518385051 
18.8 	 0.05570070556519099 
18.82 	 0.05293887948352534 
18.84 	 0.049906701748309794 
18.86 	 0.04650079241827965 
18.88 	 0.042936181059818085 
18.9 	 0.0391490697637607 
18.92 	 0.03537441715825709 
18.94 	 0.03158043470023441 
18.96 	 0.02797469535589783 
18.98 	 0.024540767154046426 
19.0 	 0.02142667639797981 
19.02 	 0.018615427486478518 
19.04 	 0.016188613197197287 
19.06 	 0.014121700568051825 
19.08 	 0.012444147323740405 
19.1 	 0.011127447052499429 
19.12 	 0.010172688936377485 
19.14 	 0.009557180696248118 
19.16 	 0.009275644508844955 
19.18 	 0.009321023053814406 
19.2 	 0.009694955301981022 
19.22 	 0.010411272126567808 
19.24 	 0.011480166511431765 
19.26 	 0.012935477015724945 
19.28 	 0.014785563419677069 
19.3 	 0.017078748402225116 
19.32 	 0.01980060967702074 
19.34 	 0.02300761769977556 
19.36 	 0.026634832292085225 
19.38 	 0.030744293299191816 
19.4 	 0.035193046480545054 
19.42 	 0.040052535408453264 
19.44 	 0.04508481448708562 
19.46 	 0.05037910314767764 
19.48 	 0.0556071376862075 
19.5 	 0.06088211594243984 
19.52 	 0.06581869094863946 
19.54 	 0.07054990588725991 
19.56 	 0.07469226123573905 
19.58 	 0.07838003358086768 
19.6 	 0.08130171914144134 
19.62 	 0.0835633493540875 
19.64 	 0.08498561514270941 
19.66 	 0.08561640582724471 
19.68 	 0.08544086532955845 
19.7 	 0.08443070130174314 
19.72 	 0.0827332739650152 
19.74 	 0.08024605563231932 
19.76 	 0.07724753196717096 
19.78 	 0.07358282824013214 
19.8 	 0.0696132749110964 
19.82 	 0.06516477438224659 
19.84 	 0.06062714122003432 
19.86 	 0.0558378210488133 
19.88 	 0.05116351370879677 
19.9 	 0.046470239103555286 
19.92 	 0.042060910779477455 
19.94 	 0.03783060385665524 
19.96 	 0.033995867396842905 
19.98 	 0.030471034627911984 
20.0 	 0.027384534157864425 
20.02 	 0.024659453447615012 
20.04 	 0.022351155912417292 
20.06 	 0.020386405103802897 
20.08 	 0.018770752727177927 
20.1 	 0.017435361712400753 
20.12 	 0.016358928924848033 
20.14 	 0.01548048375846047 
20.16 	 0.014769545423129478 
20.18 	 0.014176197223693641 
20.2 	 0.013672104072468846 
20.22 	 0.013220026345029591 
20.24 	 0.012799924571287199 
20.26 	 0.012387358029598047 
20.28 	 0.01197305478361614 
20.3 	 0.011544279408119931 
20.32 	 0.011102165213620315 
20.34 	 0.010643357596371117 
20.36 	 0.010176645020962492 
20.38 	 0.009704544241901697 
20.4 	 0.009239193328722448 
20.42 	 0.00878496522916955 
20.44 	 0.00835301674779234 
20.46 	 0.007946331210588586 
20.48 	 0.007572360607443174 
20.5 	 0.0072313147978146875 
20.52 	 0.00692656509789039 
20.54 	 0.006656104317592035 
20.56 	 0.006420584208592191 
20.58 	 0.006217265322491349 
20.6 	 0.006045747898779697 
20.62 	 0.0059036635382837205 
20.64 	 0.0057903726589538344 
20.66 	 0.0057039577312330905 
20.68 	 0.005643337619949241 
20.7 	 0.005606443111934186 
20.72 	 0.0055912270930323525 
20.74 	 0.0055949818773617516 
20.76 	 0.005614589675818009 
20.78 	 0.00564679319068203 
20.8 	 0.005687860522290015 
20.82 	 0.005734450888322173 
20.84 	 0.0057828147355385336 
20.86 	 0.0058298760013950415 
20.88 	 0.005872181804695261 
20.9 	 0.005906936394420013 
20.92 	 0.005931041439361082 
20.94 	 0.005941914961430402 
20.96 	 0.005936983461553483 
20.98 	 0.005914099063630479 
21.0 	 0.0058717218415206525 
21.02 	 0.005808672273245883 
21.04 	 0.005725058363567724 
21.06 	 0.005621126552087533 
21.08 	 0.005498852452461353 
21.1 	 0.00535985724452459 
21.12 	 0.005207532029142613 
21.14 	 0.005044266464845928 
21.16 	 0.004873970151578311 
21.18 	 0.004699027024013171 
21.2 	 0.004523050971000048 
21.22 	 0.004347936834073725 
21.24 	 0.0041766355615732945 
21.26 	 0.004010496513073624 
21.28 	 0.003851825511015022 
21.3 	 0.0037015611720283862 
21.32 	 0.0035614394635717314 
21.34 	 0.0034320068346552985 
21.36 	 0.0033143409918924417 
21.38 	 0.003208435453503996 
21.4 	 0.003114540659104919 
21.42 	 0.0030319621276628955 
21.44 	 0.0029601223863586997 
21.46 	 0.0028977545515077017 
21.48 	 0.0028437484901762326 
21.5 	 0.00279663630932759 
21.52 	 0.0027552371338765073 
21.54 	 0.0027182929267581153 
21.56 	 0.0026849177749257965 
21.58 	 0.0026542782704930823 
21.6 	 0.002625883833096194 
21.62 	 0.0025992784496482358 
21.64 	 0.002574238424933521 
21.66 	 0.002550494134194813 
21.68 	 0.0025278993452885106 
21.7 	 0.002506206389770843 
21.72 	 0.0024852406248377927 
21.74 	 0.002464726850710684 
21.76 	 0.0024444702689834434 
21.78 	 0.002424209459056747 
21.8 	 0.0024037926242967073 
21.82 	 0.0023830318985205005 
21.84 	 0.002361871336113231 
21.86 	 0.002340233759001173 
21.88 	 0.0023181899529826425 
21.9 	 0.002295805301275621 
21.92 	 0.002273322035867 
21.94 	 0.0022510155661762577 
21.96 	 0.0022293872861251255 
21.98 	 0.00220903062897444 
22.0 	 0.002190807204453826 
22.02 	 0.0021757130039217953 
22.04 	 0.0021649896323304462 
22.06 	 0.0021599865594255567 
22.08 	 0.002162154982894445 
22.1 	 0.0021729282934754212 
22.12 	 0.0021935627559852853 
22.14 	 0.002225097013052431 
22.16 	 0.0022680340909990086 
22.18 	 0.0023224722969961125 
22.2 	 0.002387653223986738 
22.22 	 0.002462357692126025 
22.24 	 0.00254436259609786 
22.26 	 0.0026311488567181255 
22.28 	 0.0027193132961356717 
22.3 	 0.002805540238638045 
22.32 	 0.002886010314246975 
22.34 	 0.0029574720151362478 
22.36 	 0.003016688689845441 
22.38 	 0.003061367444070391 
22.4 	 0.003089694771353904 
22.42 	 0.0031008927003845117 
22.44 	 0.0030949076243684246 
22.46 	 0.0030724767633676484 
22.48 	 0.0030350394087519305 
22.5 	 0.002984354961450299 
22.52 	 0.0029226858272157472 
22.54 	 0.0028521251934389064 
22.56 	 0.00277505213120189 
22.58 	 0.002693349374169986 
22.6 	 0.0026090686243420117 
22.62 	 0.0025236607763153398 
22.64 	 0.0024387418559497663 
22.66 	 0.0023553812893323664 
22.68 	 0.002274851029671667 
22.7 	 0.0021979747093654137 
22.72 	 0.0021257763757646406 
22.74 	 0.002058894687983701 
22.76 	 0.0019981006427463714 
22.78 	 0.001943799977298848 
22.8 	 0.001896431087684355 
22.82 	 0.0018560848904612536 
22.84 	 0.0018228084187256646 
22.86 	 0.0017963553125094221 
22.88 	 0.0017764127682102875 
22.9 	 0.0017624703646094552 
22.92 	 0.0017539755043815127 
22.94 	 0.0017502910448987112 
22.96 	 0.0017507799089994227 
22.98 	 0.0017548198060412857 
23.0 	 0.0017618217264482579 
23.02 	 0.001771277749101855 
23.04 	 0.001782723976068094 
23.06 	 0.001795807163464418 
23.08 	 0.0018102057560603862 
23.1 	 0.001825709361315939 
23.12 	 0.0018421120970295362 
23.14 	 0.0018593052667635554 
23.16 	 0.0018771559874641002 
23.18 	 0.0018956162325216856 
23.2 	 0.0019145954288527114 
23.22 	 0.0019340865641248193 
23.24 	 0.0019540340670097596 
23.26 	 0.00197447243158956 
23.28 	 0.0019953844455914776 
23.3 	 0.002016846252129871 
23.32 	 0.002038871075079443 
23.34 	 0.002061560304948631 
23.36 	 0.002084933728730953 
23.38 	 0.002109094244066793 
23.4 	 0.002134049876763388 
23.42 	 0.002159901233087555 
23.44 	 0.002186656698283058 
23.46 	 0.0022144442394045976 
23.48 	 0.0022433113091276944 
23.5 	 0.0022734542837058616 
23.52 	 0.0023049881866206755 
23.54 	 0.0023381885539352815 
23.56 	 0.0023732192921174077 
23.58 	 0.002410393684901019 
23.6 	 0.0024498565007045722 
23.62 	 0.0024918814109202666 
23.64 	 0.0025365048899044585 
23.66 	 0.0025838750250374537 
23.68 	 0.0026338273060677576 
23.7 	 0.002686287895555234 
23.72 	 0.0027407783277388093 
23.74 	 0.0027968703774266077 
23.76 	 0.0028536254121191438 
23.78 	 0.002910105467920315 
23.8 	 0.0029647937913080433 
23.82 	 0.0030161703949545516 
23.84 	 0.0030621988261877683 
23.86 	 0.003100944683107344 
23.88 	 0.003130219607352081 
23.9 	 0.00314815218831819 
23.92 	 0.0031530459449163177 
23.94 	 0.0031437447505215485 
23.96 	 0.0031197103857745537 
23.98 	 0.0030810228470460293 
24.0 	 0.0030286474084361636 
24.02 	 0.002964002176754022 
24.04 	 0.0028893768230773367 
24.06 	 0.0028071423649767384 
24.08 	 0.0027202887375755067 
24.1 	 0.0026314597749615433 
24.12 	 0.0025435729747762263 
24.14 	 0.00245887916066939 
24.16 	 0.0023796122825260786 
24.18 	 0.0023072112298745647 
24.2 	 0.002242937735104586 
24.22 	 0.0021873145030806163 
24.24 	 0.0021406599372449926 
24.26 	 0.002102736661633356 
24.28 	 0.0020731758197325575 
24.3 	 0.002051298366685448 
24.32 	 0.0020364189848348408 
24.34 	 0.0020277854287368323 
24.36 	 0.0020247542495581495 
24.38 	 0.002026788271130145 
24.4 	 0.0020334958692546793 
24.42 	 0.002044643391322301 
24.44 	 0.002060063053399366 
24.46 	 0.002079676291403984 
24.48 	 0.0021033010705027496 
24.5 	 0.0021307217389375664 
24.52 	 0.0021614456282355904 
24.54 	 0.0021948652159543974 
24.56 	 0.002230010336515803 
24.58 	 0.0022658187433672937 
24.6 	 0.0023009088885385283 
24.62 	 0.0023339243976092695 
24.64 	 0.0023633345653171615 
24.66 	 0.002387779813074884 
24.68 	 0.0024059091721785088 
24.7 	 0.0024166479403326434 
24.72 	 0.002419098309162858 
24.74 	 0.002412671959606716 
24.76 	 0.0023970898217785604 
24.78 	 0.0023723509033336653 
24.8 	 0.0023388532120687472 
24.82 	 0.002297192213126452 
24.84 	 0.00224839271418855 
24.86 	 0.00219354960262146 
24.88 	 0.002134133137318706 
24.9 	 0.0020715102285452265 
24.92 	 0.002007281968962074 
24.94 	 0.0019427523829667333 
24.96 	 0.001879274761573354 
24.98 	 0.001817748771945604 
25.0 	 0.0017589720348026524 
25.02 	 0.0017032306875175384 
25.04 	 0.0016506581137092078 
25.06 	 0.0016009425732058994 
25.08 	 0.0015536857851921237 
25.1 	 0.0015082054607307956 
25.12 	 0.0014638747876365471 
25.14 	 0.0014199700626863244 
25.16 	 0.0013759694890973528 
25.18 	 0.001331396049302674 
25.2 	 0.0012860626428216801 
25.22 	 0.0012398820840708578 
25.24 	 0.0011930597558105548 
25.26 	 0.0011458717143508434 
25.28 	 0.0010988178639034672 
25.3 	 0.0010523910436161753 
25.32 	 0.0010072079777829006 
25.34 	 0.0009637987800619592 
25.36 	 0.0009227289257720276 
25.38 	 0.0008844307230885488 
25.4 	 0.0008493206952524518 
25.42 	 0.000817679699456248 
25.44 	 0.0007897613043281468 
25.46 	 0.0007657137558481698 
25.48 	 0.0007456696112714341 
25.5 	 0.0007296954999293602 
25.52 	 0.0007178524496825007 
25.54 	 0.0007101593917369477 
25.56 	 0.0007066172665352645 
25.58 	 0.0007071787300456253 
25.6 	 0.0007117371118193064 
25.62 	 0.0007201057861780632 
25.64 	 0.0007319835982827796 
25.66 	 0.0007469579450365111 
25.68 	 0.0007644661765341921 
25.7 	 0.0007838387962760952 
25.72 	 0.0008042749949523836 
25.74 	 0.000824930876350758 
25.76 	 0.000844914772067929 
25.78 	 0.0008634034587498168 
25.8 	 0.0008796462159688401 
25.82 	 0.0008930732072877934 
25.84 	 0.000903288615851977 
25.86 	 0.0009101345758988098 
25.88 	 0.0009136606856495838 
25.9 	 0.0009141275041009858 
25.92 	 0.0009119577532741934 
25.94 	 0.000907692781298332 
25.96 	 0.0009019459249818049 
25.98 	 0.0008953439532572358 
26.0 	 0.000888503241110055 
26.02 	 0.0008819851734860137 
26.04 	 0.0008763006020273599 
26.06 	 0.0008718893659341158 
26.08 	 0.0008691394909524114 
26.1 	 0.0008683828434637138 
26.12 	 0.0008699064449034137 
26.14 	 0.0008739518050574283 
26.16 	 0.0008807015159264279 
26.18 	 0.0008902789390127587 
26.2 	 0.0009027072088754413 
26.22 	 0.0009179180246463372 
26.24 	 0.0009356913947929792 
26.26 	 0.0009556869800146638 
26.28 	 0.0009773763855516746 
26.3 	 0.0010001061967557258 
26.32 	 0.00102303418874323 
26.34 	 0.0010452251115774193 
26.36 	 0.0010656034038060446 
26.38 	 0.0010830745380859097 
26.4 	 0.0010965086481290987 
26.42 	 0.0011048699157489791 
26.44 	 0.0011072409048942758 
26.46 	 0.001102928549342848 
26.48 	 0.0010915243611735064 
26.5 	 0.0010729450222324794 
26.52 	 0.0010475062580483014 
26.54 	 0.0010158622737328638 
26.56 	 0.000979064975295618 
26.58 	 0.0009383963814420205 
26.6 	 0.0008953982248163986 
26.62 	 0.0008516343276065617 
26.64 	 0.0008087015587606974 
26.66 	 0.0007679906922682822 
26.68 	 0.0007307094702217521 
26.7 	 0.0006977098124195276 
26.72 	 0.0006695506995984554 
26.74 	 0.0006464251834933318 
26.76 	 0.0006282646142706687 
26.78 	 0.0006147505686738013 
26.8 	 0.000605430891909501 
26.82 	 0.0005997681386244319 
26.84 	 0.0005972257473747518 
26.86 	 0.0005973045749262515 
26.88 	 0.0005995742434005895 
26.9 	 0.0006036785644297076 
26.92 	 0.0006093198071233783 
26.94 	 0.0006162479061358689 
26.96 	 0.0006242284945489823 
26.98 	 0.0006330439909988622 
27.0 	 0.0006424729382102035 
27.02 	 0.0006523165922887605 
27.04 	 0.0006623934347454087 
27.06 	 0.0006725795312659601 
27.08 	 0.0006828006848163358 
27.1 	 0.0006930631716232377 
27.12 	 0.0007034255220002337 
27.14 	 0.0007140085735237758 
27.16 	 0.0007249476464025995 
27.18 	 0.0007363945075438986 
27.2 	 0.0007484690699219452 
27.22 	 0.0007612774862288657 
27.24 	 0.0007748813635622959 
27.26 	 0.000789343989794169 
27.28 	 0.0008047142097868385 
27.3 	 0.0008210883020753339 
27.32 	 0.0008385846440287036 
27.34 	 0.0008573966156255145 
27.36 	 0.0008777338412037637 
27.38 	 0.0008998554292497529 
27.4 	 0.0009239752708981227 
27.42 	 0.0009502932708407694 
27.44 	 0.0009788854950101191 
27.46 	 0.0010097671094892915 
27.48 	 0.001042790698229923 
27.5 	 0.0010777626639211703 
27.52 	 0.0011143528079238319 
27.54 	 0.0011522567818801489 
27.56 	 0.0011910973958526425 
27.58 	 0.0012306058929736792 
27.6 	 0.0012704922878009886 
27.62 	 0.0013106237936406206 
27.64 	 0.0013508590915870056 
27.66 	 0.001391223739466644 
27.68 	 0.001431721793007199 
27.7 	 0.0014725218945252315 
27.72 	 0.0015137593119084174 
27.74 	 0.0015557404520613832 
27.76 	 0.0015987300759343923 
27.78 	 0.0016431681210929883 
27.8 	 0.0016894208055470233 
27.82 	 0.0017380039703638716 
27.84 	 0.001789280480546146 
27.86 	 0.0018437054007913898 
27.88 	 0.0019014713399279387 
27.9 	 0.0019628145491542353 
27.92 	 0.002027623541185678 
27.94 	 0.0020958468624691167 
27.96 	 0.002167073376990203 
27.98 	 0.002241056248675535 
28.0 	 0.0023172518444578064 
28.02 	 0.0023954392579064957 
28.04 	 0.0024751872546639854 
28.06 	 0.0025565291610820085 
28.08 	 0.0026393239388640285 
28.1 	 0.0027239523658753326 
28.12 	 0.0028105451071824823 
28.14 	 0.002899691931846467 
28.16 	 0.002991521674714416 
28.18 	 0.0030864524569360952 
28.2 	 0.003184132015091753 
28.22 	 0.0032842937444571077 
28.24 	 0.003385609220704814 
28.26 	 0.003486730377724077 
28.28 	 0.003585159080702961 
28.3 	 0.003678514188827665 
28.32 	 0.003763554553468336 
28.34 	 0.0038375928094720514 
28.36 	 0.003897788246463107 
28.38 	 0.003942479036128629 
28.4 	 0.00397078503608569 
28.42 	 0.003983549337043774 
28.44 	 0.003983179738462773 
28.46 	 0.003973973295644263 
28.48 	 0.003962012151961688 
28.5 	 0.003954892363288344 
28.52 	 0.003961405382134235 
28.54 	 0.0039910030004989385 
28.56 	 0.004052955551354671 
28.58 	 0.004156140831597257 
28.6 	 0.004307362457331086 
28.62 	 0.0045122080884995325 
28.64 	 0.004772202628014112 
28.66 	 0.005087547991057351 
28.68 	 0.005452762977499131 
28.7 	 0.005862043154302623 
28.72 	 0.00630306667965191 
28.74 	 0.006765351710741926 
28.76 	 0.007232117513125138 
28.78 	 0.007691271064251114 
28.8 	 0.008125679401998813 
28.82 	 0.008525463796017915 
28.84 	 0.008877627629951697 
28.86 	 0.00917765887278306 
28.88 	 0.009419840883717437 
28.9 	 0.00960624985058597 
28.92 	 0.009738973847875622 
28.94 	 0.009825513502467895 
28.96 	 0.00987356185090119 
28.98 	 0.009893102475538934 
29.0 	 0.009893660819998111 
29.02 	 0.009884358204366226 
29.04 	 0.009872977094273018 
29.06 	 0.00986545918653289 
29.08 	 0.009865896571328388 
29.1 	 0.009876535365956956 
29.12 	 0.009897878149068007 
29.14 	 0.009929571205778687 
29.16 	 0.009970057099316079 
29.18 	 0.01001818763137897 
29.2 	 0.010072168115475033 
29.22 	 0.010131549391740024 
29.24 	 0.010195446689944179 
29.26 	 0.01026468736902008 
29.28 	 0.010339397536136422 
29.3 	 0.01042133892596908 
29.32 	 0.010510935572580494 
29.34 	 0.01061003477466236 
29.36 	 0.0107183655025471 
29.38 	 0.010837004133333009 
29.4 	 0.010964214762849266 
29.42 	 0.011099790538238643 
29.44 	 0.011240287300125208 
29.46 	 0.011384196503912437 
29.48 	 0.011526740223743769 
29.5 	 0.01166556949775546 
29.52 	 0.01179547354400149 
29.54 	 0.011914053239736235 
29.56 	 0.012016826109438305 
29.58 	 0.012102185173521216 
29.6 	 0.01216739541975414 
29.62 	 0.012212197673509086 
29.64 	 0.012236082602331928 
29.66 	 0.012240156945240447 
29.68 	 0.012225885997001086 
29.7 	 0.012195216280722614 
29.72 	 0.01215076105599633 
29.74 	 0.01209450527415902 
29.76 	 0.012029232129540273 
29.78 	 0.011956285479041966 
29.8 	 0.011877937294514097 
29.82 	 0.011794626839473927 
29.84 	 0.011707958101149581 
29.86 	 0.011617665357967471 
29.88 	 0.011524984676250878 
29.9 	 0.01142943761177461 
29.92 	 0.011332394350460663 
29.94 	 0.011233698756503839 
29.96 	 0.011135280800574297 
29.98 	 0.011037674903306566 
30.0 	 0.0109435218461926 
30.02 	 0.010854125643031719 
30.04 	 0.010772629871111779 
30.06 	 0.010700872635721646 
30.08 	 0.010641973001377144 
30.1 	 0.010597832182499937 
30.12 	 0.010570854589913053 
30.14 	 0.010562461586512374 
30.16 	 0.010573705317938931 
30.18 	 0.010605088098586051 
30.2 	 0.01065590403590613 
30.22 	 0.010725510800248268 
30.24 	 0.010811359327060555 
30.26 	 0.010911685152855725 
30.28 	 0.011022358389841986 
30.3 	 0.011140773044034873 
30.32 	 0.011261835004948323 
30.34 	 0.011382633382489155 
30.36 	 0.011498025338917304 
30.38 	 0.011605498920065765 
30.4 	 0.011700865887320345 
30.42 	 0.011782648213923093 
30.44 	 0.011848351178944049 
30.46 	 0.011897807328853831 
30.48 	 0.011930396837440717 
30.5 	 0.01194705386354053 
30.52 	 0.011948649724495055 
30.54 	 0.011936679389938951 
30.56 	 0.011912839127695555 
30.58 	 0.01187861694811252 
30.6 	 0.011835917636383206 
30.62 	 0.011785836914233473 
30.64 	 0.01173008196158936 
30.66 	 0.011669185589425642 
30.68 	 0.011604487152308128 
30.7 	 0.01153601444164014 
30.72 	 0.011464888593291606 
30.74 	 0.011391064175382484 
30.76 	 0.01131607963030732 
30.78 	 0.011240772058352779 
30.8 	 0.011168196596613755 
30.82 	 0.011101378715819999 
30.84 	 0.011045957586428581 
30.86 	 0.011008151155271064 
30.88 	 0.010996336270187842 
30.9 	 0.011019779617732853 
30.92 	 0.011088081369132094 
30.94 	 0.011211792777581164 
30.96 	 0.01139849852605879 
30.98 	 0.011656971345539977 
31.0 	 0.011988664673246718 
31.02 	 0.01239729008372717 
31.04 	 0.012874668852190097 
31.06 	 0.013417336090133307 
31.08 	 0.014006205986974406 
31.1 	 0.014630793252416563 
31.12 	 0.015263199871063433 
31.14 	 0.01588868769842637 
31.16 	 0.016476114990395106 
31.18 	 0.01701120304134125 
31.2 	 0.0174672597487313 
31.22 	 0.017835529651445196 
31.24 	 0.018100909402572377 
31.26 	 0.01826354405623592 
31.28 	 0.01832347555680317 
31.3 	 0.018289799944058955 
31.32 	 0.018175882878648655 
31.34 	 0.017996151556354843 
31.36 	 0.017770753531627832 
31.38 	 0.017513527065657106 
31.4 	 0.01724312300026231 
31.42 	 0.016967155368711666 
31.44 	 0.01669652203074266 
31.46 	 0.016429781447163512 
31.48 	 0.016168411385855043 
31.5 	 0.015903033594404408 
31.52 	 0.015628837653418937 
31.54 	 0.015332829671064797 
31.56 	 0.015009839996844614 
31.58 	 0.014648635454921238 
31.6 	 0.01424934408588575 
31.62 	 0.013806492541644332 
31.64 	 0.013328250692155975 
31.66 	 0.012815935987060302 
31.68 	 0.012284578051785641 
31.7 	 0.01174026506451029 
31.72 	 0.011200758887877868 
31.74 	 0.010673208680047418 
31.76 	 0.010173335192292066 
31.78 	 0.009705967451445705 
31.8 	 0.009281642752931713 
31.82 	 0.008901385725130363 
31.84 	 0.008570118020995623 
31.86 	 0.008285834492999552 
31.88 	 0.008049692531471338 
31.9 	 0.007858902625589676 
31.92 	 0.007713665590079361 
31.94 	 0.007612910825204651 
31.96 	 0.007558361225461114 
31.98 	 0.007552560498987461 
32.0 	 0.0076002366607617645 
32.02 	 0.007708568071132166 
32.04 	 0.007885628094474843 
32.06 	 0.008143382753686638 
32.08 	 0.008492317071402652 
32.1 	 0.00894831705834361 
32.12 	 0.009521647916950534 
32.14 	 0.010229901311112975 
32.16 	 0.011078365050022595 
32.18 	 0.012082777612104908 
32.2 	 0.013236862057073579 
32.22 	 0.014550454452649485 
32.24 	 0.015998891661231075 
32.26 	 0.017583192636536675 
32.28 	 0.019256015316588965 
32.3 	 0.021009359613949462 
32.32 	 0.02277440611344149 
32.34 	 0.02453718404420507 
32.36 	 0.02621579391545636 
32.38 	 0.027795676561732607 
32.4 	 0.02919654165842722 
32.42 	 0.0304090220938614 
32.44 	 0.031371481813733844 
32.46 	 0.03208386191493003 
32.48 	 0.032516748333795434 
32.5 	 0.03268043848820208 
32.52 	 0.032582694500205275 
32.54 	 0.03224184679689835 
32.56 	 0.03169749701477434 
32.58 	 0.030971242203161036 
32.6 	 0.03012170384660889 
32.62 	 0.029168437442497967 
32.64 	 0.028174420997890644 
32.66 	 0.027153408345413115 
32.68 	 0.026161482670816062 
32.7 	 0.02520565607378709 
32.72 	 0.024329712116568154 
32.74 	 0.023535736562961134 
32.76 	 0.02285501445972325 
32.78 	 0.022288163379222983 
32.8 	 0.0218565835559544 
32.82 	 0.02156298909241268 
32.84 	 0.021421554724370157 
32.86 	 0.021439194487599768 
32.88 	 0.02162316744543694 
32.9 	 0.021983915489972243 
32.92 	 0.022518337312222737 
32.94 	 0.023236575753420953 
32.96 	 0.024118557873162555 
32.98 	 0.025168576108845212 
33.0 	 0.026343143711402686 
33.02 	 0.027636601444102838 
33.04 	 0.028980995488182185 
33.06 	 0.030361251587548224 
33.08 	 0.031693473108405 
33.1 	 0.03295918230348322 
33.12 	 0.03407638800257437 
33.14 	 0.03503224967577347 
33.16 	 0.03576792646019549 
33.18 	 0.03628396770569663 
33.2 	 0.03656028234500683 
33.22 	 0.03661369048536695 
33.24 	 0.03646580891988602 
33.26 	 0.036146773228658405 
33.28 	 0.03570941086017075 
33.3 	 0.035190138232092605 
33.32 	 0.03465433935721568 
33.34 	 0.03413664633822597 
33.36 	 0.03369567532692466 
33.38 	 0.033357760036261494 
33.4 	 0.03316025348981441 
33.42 	 0.03311750990085269 
33.44 	 0.03323810549632879 
33.46 	 0.03352384737584636 
33.48 	 0.03395398161710081 
33.5 	 0.03452010197630628 
33.52 	 0.035177706776579755 
33.54 	 0.03591269035742061 
33.56 	 0.03666711102065188 
33.58 	 0.03742645021034809 
33.6 	 0.038132037368267875 
33.62 	 0.03877331890325565 
33.64 	 0.03930305267759393 
33.66 	 0.03971712258555645 
33.68 	 0.03998874641039421 
33.7 	 0.04012112093967241 
33.72 	 0.040112505593286156 
33.74 	 0.03997386778686218 
33.76 	 0.03972847145206574 
33.78 	 0.03939593083839952 
33.8 	 0.03902006123023679 
33.82 	 0.038630004836081186 
33.84 	 0.038281381201305885 
33.86 	 0.03801240975123828 
33.88 	 0.03787794474686287 
33.9 	 0.03792262720407153 
33.92 	 0.03818569381021091 
33.94 	 0.03871413162381849 
33.96 	 0.03951704250892782 
33.98 	 0.040640510748138445 
34.0 	 0.042052175401225834 
34.02 	 0.04379700777925658 
34.04 	 0.045795296179335455 
34.06 	 0.048094425343908495 
34.08 	 0.0505683729949756 
34.1 	 0.053273101366811265 
34.12 	 0.056045087410706386 
34.14 	 0.05895562999426151 
34.16 	 0.061819922894363555 
34.18 	 0.06472995962418186 
34.2 	 0.06750034513172275 
34.22 	 0.07024608255552835 
34.24 	 0.07280002486184635 
34.26 	 0.0752979040138749 
34.28 	 0.07759971336689576 
34.3 	 0.07985362155997427 
34.32 	 0.0819405272848288 
34.34 	 0.08400650232263164 
34.36 	 0.08593487643987681 
34.38 	 0.08785116531536351 
34.4 	 0.08962257056263699 
34.42 	 0.09133636743679555 
34.44 	 0.09284101295748215 
34.46 	 0.09417343395997453 
34.48 	 0.09518694545609593 
34.5 	 0.0958641965840824 
34.52 	 0.09610977987978404 
34.54 	 0.0958565943267869 
34.56 	 0.09511165926427041 
34.58 	 0.09377005873565586 
34.6 	 0.0919719040341817 
34.62 	 0.08959105282853823 
34.64 	 0.08689189822528606 
34.66 	 0.08374288327671991 
34.68 	 0.08048368304373758 
34.7 	 0.07698630622980039 
34.72 	 0.07359623907011656 
34.74 	 0.07018955078569115 
34.76 	 0.06705664579192934 
34.78 	 0.06407458336963265 
34.8 	 0.06144766141142268 
34.82 	 0.05905443967341608 
34.84 	 0.05701535632621504 
34.86 	 0.05521750731574653 
34.88 	 0.053721197373255 
34.9 	 0.05243237491355931 
34.92 	 0.05137948009827734 
34.94 	 0.05049482396870689 
34.96 	 0.04979488875656212 
34.98 	 0.0492390070636621 
35.0 	 0.04883884304682706 
35.02 	 0.048575220148974724 
35.04 	 0.0484529069644416 
35.06 	 0.04846688291805639 
35.08 	 0.04861081359287666 
35.1 	 0.04888924419921087 
35.12 	 0.049283508111330525 
35.14 	 0.04980724901274345 
35.16 	 0.05043133742050454 
35.18 	 0.051179802319946316 
35.2 	 0.052014431489915344 
35.22 	 0.05296891601102204 
35.24 	 0.05399362806081844 
35.26 	 0.0551271426033592 
35.28 	 0.056303018092835534 
35.3 	 0.05755697632299798 
35.32 	 0.05880218175777561 
35.34 	 0.06006398427188113 
35.36 	 0.06123958146153975 
35.38 	 0.06233959803515438 
35.4 	 0.06326097486795038 
35.42 	 0.06399951899601287 
35.44 	 0.06447633157723066 
35.46 	 0.06467575761890154 
35.48 	 0.06456785724636896 
35.5 	 0.06413044832286627 
35.52 	 0.0633971547390882 
35.54 	 0.06234364964345989 
35.56 	 0.06106421559708019 
35.58 	 0.059534472851432346 
35.6 	 0.057889315732601254 
35.62 	 0.05610358987085529 
35.64 	 0.054323741374875785 
35.66 	 0.05252145828138366 
35.68 	 0.05082774604709073 
35.7 	 0.04920911787213981 
35.72 	 0.04776403855135742 
35.74 	 0.04645349301377686 
35.76 	 0.04533785673809199 
35.78 	 0.044373770097525876 
35.8 	 0.04358683029473889 
35.82 	 0.04293142450256902 
35.84 	 0.042407239221017926 
35.86 	 0.041969517565209426 
35.88 	 0.041604502731317695 
35.9 	 0.04127320037189289 
35.92 	 0.04096289910237469 
35.94 	 0.040647096113904435 
35.96 	 0.04032741350767057 
35.98 	 0.03999639447216169 
36.0 	 0.03967692066286746 
36.02 	 0.039383368510532424 
36.04 	 0.03915586507170559 
36.06 	 0.039026759798071194 
36.08 	 0.03903808614690331 
36.1 	 0.03923014425649742 
36.12 	 0.0396255176382715 
36.14 	 0.040260738744133155 
36.16 	 0.04112030211477958 
36.18 	 0.04222946033155778 
36.2 	 0.04352645076765977 
36.22 	 0.04502531241658609 
36.24 	 0.046623687233093146 
36.26 	 0.04833076796572588 
36.28 	 0.05002123540640742 
36.3 	 0.05170748379388827 
36.32 	 0.05326503639539652 
36.34 	 0.054714587014574316 
36.36 	 0.05595511419740161 
36.38 	 0.05701584012301022 
36.4 	 0.05783445609254775 
36.42 	 0.058445353617240854 
36.44 	 0.05882990912288479 
36.46 	 0.05902362378745761 
36.48 	 0.05904674135757627 
36.5 	 0.058933262438434164 
36.52 	 0.058730078992344364 
36.54 	 0.05846850875971619 
36.56 	 0.05820517601430753 
36.58 	 0.057967277907988966 
36.6 	 0.057802427566314034 
36.62 	 0.057730643793852364 
36.64 	 0.057773797230568726 
36.66 	 0.05794058161867914 
36.68 	 0.05821719987210545 
36.7 	 0.05859781189927796 
36.72 	 0.059033928265718016 
36.74 	 0.059504548557368184 
36.76 	 0.059939565525728086 
36.78 	 0.060304752053709186 
36.8 	 0.060530777648284864 
36.82 	 0.06057354332063828 
36.84 	 0.06039010928378433 
36.86 	 0.05993047908932695 
36.88 	 0.05919938800341246 
36.9 	 0.058145594291790316 
36.92 	 0.056831730117193405 
36.94 	 0.05521054673854285 
36.96 	 0.05339790700662219 
36.98 	 0.05135488534872484 
37.0 	 0.04923163408784329 
37.02 	 0.046998406606901987 
37.04 	 0.04481187003894588 
37.06 	 0.042647404108351314 
37.08 	 0.04064037953267154 
37.1 	 0.03876412627843041 
37.12 	 0.037113685511097616 
37.14 	 0.035654556916490644 
37.16 	 0.03443629240532957 
37.18 	 0.03341628837130085 
37.2 	 0.03260670178791801 
37.22 	 0.03196265196481564 
37.24 	 0.03147471951496902 
37.26 	 0.03110437358497408 
37.28 	 0.030836688229463814 
37.3 	 0.03064626106331864 
37.32 	 0.030523144665170723 
37.34 	 0.03045726136084151 
37.36 	 0.030446784611855602 
37.38 	 0.030495267190278532 
37.4 	 0.030607014438870577 
37.42 	 0.03079654708702858 
37.44 	 0.03107072024088232 
37.46 	 0.03145379141159616 
37.48 	 0.03195169168300222 
37.5 	 0.032598531685611075 
37.52 	 0.0333947393952093 
37.54 	 0.03438364031556828 
37.56 	 0.035552204611346436 
37.58 	 0.036949830892606755 
37.6 	 0.038538490214278645 
37.62 	 0.04036865048541505 
37.64 	 0.042365710723727176 
37.66 	 0.04457712723836935 
37.68 	 0.04688629934777743 
37.7 	 0.04933708000287997 
37.72 	 0.05177706433321009 
37.74 	 0.05424942476694518 
37.76 	 0.05658501660368031 
37.78 	 0.05883000314805707 
37.8 	 0.06082571024653267 
37.82 	 0.06262200531572526 
37.84 	 0.06409675241785281 
37.86 	 0.06529897608872764 
37.88 	 0.06615866989341788 
37.9 	 0.06671471838711544 
37.92 	 0.066950398736995 
37.94 	 0.06688381005530608 
37.96 	 0.06654210336095184 
37.98 	 0.06591566023018346 
38.0 	 0.06506422462505931 
38.02 	 0.06395151763379477 
38.04 	 0.06266355750804199 
38.06 	 0.06114722323156573 
38.08 	 0.05951338956242806 
38.1 	 0.05770680931344365 
38.12 	 0.05586049508253841 
38.14 	 0.05392989475740013 
38.16 	 0.05205958427329133 
38.18 	 0.050220796100465676 
38.2 	 0.04855026150237191 
38.22 	 0.047031133078138734 
38.24 	 0.045769923382501125 
38.26 	 0.04475300184238714 
38.28 	 0.04403997594392905 
38.3 	 0.04361331899401298 
38.32 	 0.043480622418282044 
38.34 	 0.0436192304350852 
38.36 	 0.043991609474631266 
38.38 	 0.04457438772259144 
38.4 	 0.04529984846859391 
38.42 	 0.0461502621619051 
38.44 	 0.047045179728813814 
38.46 	 0.047976620057899905 
38.48 	 0.04886665074722695 
38.5 	 0.04971667816404864 
38.52 	 0.05046179198788523 
38.54 	 0.05110842874877967 
38.56 	 0.05161033376642652 
38.58 	 0.051972926692368665 
38.6 	 0.052170942928860285 
38.62 	 0.0522037591570416 
38.64 	 0.05206810038288873 
38.66 	 0.05175521616949902 
38.68 	 0.051284535267918964 
38.7 	 0.05064049053881455 
38.72 	 0.049865078025365696 
38.74 	 0.04893942854216414 
38.76 	 0.04792527865235326 
38.78 	 0.0468038041546623 
38.8 	 0.045649296843481464 
38.82 	 0.04444386565128059 
38.84 	 0.043263163103070754 
38.86 	 0.04208804543253079 
38.88 	 0.04098347343160154 
38.9 	 0.03992551679077697 
38.92 	 0.0389601317200529 
38.94 	 0.038056609386033086 
38.96 	 0.03724056747577119 
38.98 	 0.036475884423352783 
39.0 	 0.03577329206034367 
39.02 	 0.03509540185634169 
39.04 	 0.034446966358229955 
39.06 	 0.03379397905127898 
39.08 	 0.033143345796938894 
39.1 	 0.03246745949519658 
39.12 	 0.03177995947083906 
39.14 	 0.031060310544887393 
39.16 	 0.030329473837063966 
39.18 	 0.029572928490206856 
39.2 	 0.028816759862082493 
39.22 	 0.028050700385694693 
39.24 	 0.027302578654003 
39.26 	 0.026564634215094977 
39.28 	 0.025863102148609093 
39.3 	 0.025191328381091276 
39.32 	 0.024571417485014797 
39.34 	 0.023996956218566023 
39.36 	 0.023484591987073873 
39.38 	 0.023027968717612243 
39.4 	 0.022638221299626074 
39.42 	 0.02230952042699173 
39.44 	 0.022048358130903483 
39.46 	 0.02185025535815918 
39.48 	 0.02171823035779009 
39.5 	 0.02164990896919772 
39.52 	 0.021645739916452092 
39.54 	 0.021705899665028165 
39.56 	 0.02182873046807769 
39.58 	 0.022017237294554782 
39.6 	 0.022267924351418673 
39.62 	 0.022587123962031178 
39.64 	 0.022969870392029836 
39.66 	 0.023426706940324074 
39.68 	 0.023951412736298038 
39.7 	 0.024559454732382236 
39.72 	 0.025242343523759325 
39.74 	 0.026019781907078692 
39.76 	 0.02687751192088281 
39.78 	 0.02783640549701618 
39.8 	 0.02887051956106782 
39.82 	 0.029997024128708135 
39.84 	 0.03117260578091426 
39.86 	 0.03240656674103616 
39.88 	 0.033637379518124504 
39.9 	 0.0348660240881733 
39.92 	 0.036020398324227945 
39.94 	 0.037097455736614916 
39.96 	 0.0380298364767031 
39.98 	 0.03881721978009361 
40.0 	 0.03941376105570243 
40.02 	 0.03982665485536898 
40.04 	 0.0400414643247477 
40.06 	 0.040072328809943554 
40.08 	 0.039934568117867 
40.1 	 0.03964370344151268 
40.12 	 0.039234170571086247 
40.14 	 0.03871640375970253 
40.16 	 0.03813184633796442 
40.18 	 0.03748304885555138 
40.2 	 0.03681110834241811 
40.22 	 0.03611282222713015 
40.24 	 0.0354268374516634 
40.26 	 0.03474835261498806 
40.28 	 0.034112732344117214 
40.3 	 0.03351563275221556 
40.32 	 0.03298607707232267 
40.34 	 0.032518586955011176 
40.36 	 0.03213105071149066 
40.38 	 0.031813715733902716 
40.4 	 0.03157042278331435 
40.42 	 0.03138591800769983 
40.44 	 0.03125202712225742 
40.46 	 0.031150362973803653 
40.48 	 0.031067470705985083 
40.5 	 0.030986559412896016 
40.52 	 0.03089703971625613 
40.54 	 0.030788033285993846 
40.56 	 0.030657492470783494 
40.58 	 0.030502248941511413 
40.6 	 0.030329966241249597 
40.62 	 0.030144251147304308 
40.64 	 0.029959729540754987 
40.66 	 0.029784451131930845 
40.68 	 0.029635504598776032 
40.7 	 0.029523233202341098 
40.72 	 0.029462878889587908 
40.74 	 0.029465754612286166 
40.76 	 0.029541715870351017 
40.78 	 0.029702040126286234 
40.8 	 0.02994795128911631 
40.82 	 0.030289192011894332 
40.84 	 0.030715177165059986 
40.86 	 0.03123211572191258 
40.88 	 0.03181554368839893 
40.9 	 0.03246676102161615 
40.92 	 0.03314845873051522 
40.94 	 0.0338576993994833 
40.96 	 0.03454990569265455 
40.98 	 0.035221122042360546 
41.0 	 0.03582900712340613 
41.02 	 0.03637343891011173 
41.04 	 0.03682484177253748 
41.06 	 0.03719166905737535 
41.08 	 0.03746472569485752 
41.1 	 0.03766408707414232 
41.12 	 0.0378024645561089 
41.14 	 0.03791198077511484 
41.16 	 0.03802143737868385 
41.18 	 0.038172414905864246 
41.2 	 0.038397404713282283 
41.22 	 0.03874185066521874 
41.24 	 0.039225342457125105 
41.26 	 0.03988940501193323 
41.28 	 0.04072387748442959 
41.3 	 0.04175858663282308 
41.32 	 0.042941997479935934 
41.34 	 0.044287691216227484 
41.36 	 0.04570244633756456 
41.38 	 0.047184910540792914 
41.4 	 0.04861520745096202 
41.42 	 0.04998440500706953 
41.44 	 0.051174774187740794 
41.46 	 0.05218045386796596 
41.48 	 0.052919342124524975 
41.5 	 0.05339810320184688 
41.52 	 0.053594300106870885 
41.54 	 0.05353099890694967 
41.56 	 0.053248027703865476 
41.58 	 0.05278070413155108 
41.6 	 0.05221016577960369 
41.62 	 0.05157286335621403 
41.64 	 0.05095668155399545 
41.66 	 0.050385984758344285 
41.68 	 0.04992338364949156 
41.7 	 0.04957223930340487 
41.72 	 0.049353351063260706 
41.74 	 0.04924858719736689 
41.76 	 0.04923985705289766 
41.78 	 0.04929508607803298 
41.8 	 0.049375133945722974 
41.82 	 0.04944558150469972 
41.84 	 0.04946977350831347 
41.86 	 0.049421629556499175 
41.88 	 0.049286337214913586 
41.9 	 0.04905225899859878 
41.92 	 0.04873455897022386 
41.94 	 0.048336399071935286 
41.96 	 0.04789826491886126 
41.98 	 0.04743435383923622 
42.0 	 0.04699738127705039 
42.02 	 0.046608376952638274 
42.04 	 0.04631810138431377 
42.06 	 0.04615348526561922 
42.08 	 0.04615349728847917 
42.1 	 0.046354576193377274 
42.12 	 0.046778501083145296 
42.14 	 0.04747711887841423 
42.16 	 0.04844929593404117 
42.18 	 0.049766200130725004 
42.2 	 0.05139215603861703 
42.22 	 0.053416391731573976 
42.24 	 0.05574973963626841 
42.26 	 0.05849328228638591 
42.28 	 0.061483801036544376 
42.3 	 0.06482610263125971 
42.32 	 0.06827271195421447 
42.34 	 0.07192471048488447 
42.36 	 0.0754639505459843 
42.38 	 0.07898066828614199 
42.4 	 0.08213115770336411 
42.42 	 0.08498601136800453 
42.44 	 0.08724782140679711 
42.46 	 0.08895761023710562 
42.48 	 0.08994287056656004 
42.5 	 0.09020910124737949 
42.52 	 0.0897639599188485 
42.54 	 0.08858091909648702 
42.56 	 0.08685283002878581 
42.58 	 0.08453276599832425 
42.6 	 0.08194570372118178 
42.62 	 0.07903474210059154 
42.64 	 0.07616503416774759 
42.66 	 0.07327032100286258 
42.68 	 0.0706631146724436 
42.7 	 0.06826028353739927 
42.72 	 0.06626341783981189 
42.74 	 0.06456711108848731 
42.76 	 0.0632527722375767 
42.78 	 0.06219745377169158 
42.8 	 0.06139375839791259 
42.82 	 0.060714885462849186 
42.84 	 0.06011593086728498 
42.86 	 0.059481074475784435 
42.88 	 0.05877727090337041 
42.9 	 0.05790813005309882 
42.92 	 0.05688387737799442 
42.94 	 0.05562696377917478 
42.96 	 0.05419825790040209 
42.98 	 0.052532037501518664 
43.0 	 0.05072790287818157 
43.02 	 0.04872400818842467 
43.04 	 0.04663899222848038 
43.06 	 0.044410960183783856 
43.08 	 0.04216084060063185 
43.1 	 0.03982840127396756 
43.12 	 0.03752737247239199 
43.14 	 0.035204171319790964 
43.16 	 0.03296106476863804 
43.18 	 0.030755100652477205 
43.2 	 0.028673991096814483 
43.22 	 0.026685370196596118 
43.24 	 0.024858572082363934 
43.26 	 0.02316788647942746 
43.28 	 0.021660883031126746 
43.3 	 0.020313410084730636 
43.32 	 0.01915066186074334 
43.34 	 0.01814684895899113 
43.36 	 0.017308144478865247 
43.38 	 0.016607244414966874 
43.4 	 0.016037776931734294 
43.42 	 0.015573640264291469 
43.44 	 0.015203278476649804 
43.46 	 0.014905096081757717 
43.48 	 0.014668198177298556 
43.5 	 0.014477417845028016 
43.52 	 0.014325354683806968 
43.54 	 0.014202910951181945 
43.56 	 0.0141060156807045 
43.58 	 0.014029558078605049 
43.6 	 0.013971080200454341 
43.62 	 0.013927239582984322 
43.64 	 0.01389588768476752 
43.66 	 0.013874559933200905 
43.68 	 0.013861617642975237 
43.7 	 0.013856083406844726 
43.72 	 0.013857914229950087 
43.74 	 0.013868423906410847 
43.76 	 0.013889398807018059 
43.78 	 0.01392382184628141 
43.8 	 0.013973541750209189 
43.82 	 0.014040827742060566 
43.84 	 0.014124596813605653 
43.86 	 0.0142237574965641 
43.88 	 0.014332389804305908 
43.9 	 0.014445309008063978 
43.92 	 0.014552910069755518 
43.94 	 0.014648078992630367 
43.96 	 0.014721594864970272 
43.98 	 0.014768327125260407 
44.0 	 0.014784077037829028 
44.02 	 0.01476887152340028 
44.04 	 0.01472582038379349 
44.06 	 0.014660512579370932 
44.08 	 0.014581872421808997 
44.1 	 0.01449851050538571 
44.12 	 0.014420910889211682 
44.14 	 0.014356969914828977 
44.16 	 0.014314428102776224 
44.18 	 0.014298018990128164 
44.2 	 0.01431097255420259 
44.22 	 0.014355317206999297 
44.24 	 0.014431381565535459 
44.26 	 0.014541613038678722 
44.28 	 0.01468704566091998 
44.3 	 0.014874384268675418 
44.32 	 0.01510819291876249 
44.34 	 0.015401453298688922 
44.36 	 0.015761708167653106 
44.38 	 0.016206768069729788 
44.4 	 0.01674233358869767 
44.42 	 0.017386379969853594 
44.44 	 0.01813514066108737 
44.46 	 0.019001014709399466 
44.48 	 0.01996364696939469 
44.5 	 0.02102598868837184 
44.52 	 0.022148231543569995 
44.54 	 0.023324073648816647 
44.56 	 0.02449818646323548 
44.58 	 0.025659581999460182 
44.6 	 0.026748103055869502 
44.62 	 0.027755269942815266 
44.64 	 0.02863035461098091 
44.66 	 0.029374173113266757 
44.68 	 0.02995770439976865 
44.7 	 0.030394365960698482 
44.72 	 0.03068164428017577 
44.74 	 0.03084359105346643 
44.76 	 0.030899158838528683 
44.78 	 0.03087629543650806 
44.8 	 0.030803037984579645 
44.82 	 0.030702614760730915 
44.84 	 0.030598595416854196 
44.86 	 0.03050299606646294 
44.88 	 0.03042649677699272 
44.9 	 0.030368473834843715 
44.92 	 0.030326475052356885 
44.94 	 0.030291166814683062 
44.96 	 0.030253591257910006 
44.98 	 0.030202693967511594 
45.0 	 0.030132125868878028 
45.02 	 0.030035673675168243 
45.04 	 0.029916159856926593 
45.06 	 0.02977533622434644 
45.08 	 0.02962580771445746 
45.1 	 0.029475642468073843 
45.12 	 0.02934159755937716 
45.14 	 0.029232539847507313 
45.16 	 0.029160499753349566 
45.18 	 0.02912864351840542 
45.2 	 0.029137036894637015 
45.22 	 0.02917922401030788 
45.24 	 0.029241962765460858 
45.26 	 0.029310081191433322 
45.28 	 0.029362773642079374 
45.3 	 0.029381394111648095 
45.32 	 0.029347682875113402 
45.34 	 0.029246103422555646 
45.36 	 0.029070199790398644 
45.38 	 0.02881181299907329 
45.4 	 0.02848001388679491 
45.42 	 0.028073874816860293 
45.44 	 0.027614820321735765 
45.46 	 0.027105225017418237 
45.48 	 0.02657139558310609 
45.5 	 0.02601408003443117 
45.52 	 0.02545729168005601 
45.54 	 0.02489727519642244 
45.56 	 0.024352421671919942 
45.58 	 0.023815083266158905 
45.6 	 0.023299121928792292 
45.62 	 0.02279623875360117 
45.64 	 0.022319103984584733 
45.66 	 0.021862286320754494 
45.68 	 0.021439726890512434 
45.7 	 0.021050406100101254 
45.72 	 0.02070914059461455 
45.74 	 0.020418159001031274 
45.76 	 0.02019021180349562 
45.78 	 0.020028124268165835 
45.8 	 0.019939319683886077 
45.82 	 0.019925377135824065 
45.84 	 0.01998724995021415 
45.86 	 0.02012587585161477 
45.88 	 0.020337417752643656 
45.9 	 0.020624792157675095 
45.92 	 0.020982068846607513 
45.94 	 0.021416353897670534 
45.96 	 0.021920188348135212 
45.98 	 0.022503999923795086 
46.0 	 0.023155270423848455 
46.02 	 0.023883153992291854 
46.04 	 0.024663821554766027 
46.06 	 0.02549919541467743 
46.08 	 0.026349789954619604 
46.1 	 0.027207031395915335 
46.12 	 0.028018480295626973 
46.14 	 0.028767414568707888 
46.16 	 0.029400051921242804 
46.18 	 0.02989906563256956 
46.2 	 0.030226200316185257 
46.22 	 0.030372556515479113 
46.24 	 0.030329604104396023 
46.26 	 0.030102484615535354 
46.28 	 0.029716158508674727 
46.3 	 0.02918867244314702 
46.32 	 0.028569241564635174 
46.34 	 0.027881188374042267 
46.36 	 0.027180318937382552 
46.38 	 0.02648504921629464 
46.4 	 0.02584053591409069 
46.42 	 0.025252956247528806 
46.44 	 0.02474757754172503 
46.46 	 0.024317423601246075 
46.48 	 0.023968904594144844 
46.5 	 0.023687121703007498 
46.52 	 0.023467773495550875 
46.54 	 0.02329592481046886 
46.56 	 0.023166042477468868 
46.58 	 0.023069384300269953 
46.6 	 0.023004933971602234 
46.62 	 0.02297190215049751 
46.64 	 0.02297360871233909 
46.66 	 0.023014253082942453 
46.68 	 0.02309649745933442 
46.7 	 0.023223833200487074 
46.72 	 0.0233918812296766 
46.74 	 0.02359805112328799 
46.76 	 0.023827108259580697 
46.78 	 0.024068025097554145 
46.8 	 0.02429619158524787 
46.82 	 0.024494005733731818 
46.84 	 0.024634515733356514 
46.86 	 0.024698842455276933 
46.88 	 0.02466773046066131 
46.9 	 0.024527306320697446 
46.92 	 0.02427458944585242 
46.94 	 0.023904947357599283 
46.96 	 0.023434574144202195 
46.98 	 0.022868176361948028 
47.0 	 0.022236859486760366 
47.02 	 0.02155072388849811 
47.04 	 0.020846658912339517 
47.06 	 0.020134462636015232 
47.08 	 0.019447403331144916 
47.1 	 0.01879051473603546 
47.12 	 0.018187602437415865 
47.14 	 0.01763739571283053 
47.16 	 0.01715293870045605 
47.18 	 0.016727612175117593 
47.2 	 0.016365391935750886 
47.22 	 0.01605616886490512 
47.24 	 0.015797456593363613 
47.26 	 0.015577275932623319 
47.28 	 0.015389248453080182 
47.3 	 0.015220953639070042 
47.32 	 0.01506488464900625 
47.34 	 0.014910018791155506 
47.36 	 0.014750912299489466 
47.38 	 0.01458018457501805 
47.4 	 0.014397295292532206 
47.42 	 0.014200081663939918 
47.44 	 0.013993812693639557 
47.46 	 0.013781048952532666 
47.48 	 0.01357078384471193 
47.5 	 0.013367360328852967 
47.52 	 0.013179173167010106 
47.54 	 0.013008369938257968 
47.56 	 0.012858710465882361 
47.58 	 0.012727651812443161 
47.6 	 0.012613281219111292 
47.62 	 0.012509200963649464 
47.64 	 0.012410676109162033 
47.66 	 0.012311284163898421 
47.68 	 0.012208418177288176 
47.7 	 0.012099945702640537 
47.72 	 0.01198901141101081 
47.74 	 0.011879497704563929 
47.76 	 0.011779813509720273 
47.78 	 0.011697439150510473 
47.8 	 0.01164126473510614 
47.82 	 0.011616919528577959 
47.84 	 0.01162737303263621 
47.86 	 0.011671086375850724 
47.88 	 0.01174099995902529 
47.9 	 0.011826464329673459 
47.92 	 0.011911327929019753 
47.94 	 0.011978578690281665 
47.96 	 0.012008923209414747 
47.98 	 0.011985096041012673 
48.0 	 0.011892834942116121 
48.02 	 0.011721013251573017 
48.04 	 0.011466801353766175 
48.06 	 0.01112883833561688 
48.08 	 0.010717354758987331 
48.1 	 0.01024018094204886 
48.12 	 0.009717062475798177 
48.14 	 0.009161012510698903 
48.16 	 0.008594813318836181 
48.18 	 0.008031545387799098 
48.2 	 0.007490923836635387 
48.22 	 0.006982282014151259 
48.24 	 0.006518871241220632 
48.26 	 0.006104896732009898 
48.28 	 0.0057467469386122474 
48.3 	 0.0054440776122001424 
48.32 	 0.005197737669882087 
48.34 	 0.005004090583573482 
48.36 	 0.004860000507975204 
48.38 	 0.0047595254514936815 
48.4 	 0.004696671628497312 
48.42 	 0.004663829561230748 
48.44 	 0.004653087395370996 
48.46 	 0.0046559102755982535 
48.48 	 0.004663689465939708 
48.5 	 0.004668097279812054 
48.52 	 0.004661378327965325 
48.54 	 0.004636710517316635 
48.56 	 0.004588631464990831 
48.58 	 0.004512794270166562 
48.6 	 0.0044068593410238645 
48.62 	 0.004269292381058767 
48.64 	 0.004100944379807475 
48.66 	 0.003902877294270183 
48.68 	 0.003678643885540715 
48.7 	 0.0034313932837272366 
48.72 	 0.0031666067238339964 
48.74 	 0.002888869124000582 
48.76 	 0.0026046518821293504 
48.78 	 0.0023191625895292176 
48.8 	 0.002038785931712436 
48.82 	 0.0017683753663146804 
48.84 	 0.0015131403028357418 
48.86 	 0.0012766268126186047 
48.88 	 0.0010620508471664218 
48.9 	 0.0008710417302051323 
48.92 	 0.0007045497878498796 
48.94 	 0.0005622484310878025 
48.96 	 0.0004431581837341513 
48.98 	 0.0003454898675257886 
49.0 	 0.0002670753404210208 
49.02 	 0.00020542019409109904 
49.04 	 0.0001579818968132438 
49.06 	 0.0001222637277104183 
49.08 	 9.596429487215469e-05 
49.1 	 7.70321271305643e-05 
49.12 	 6.371684253726216e-05 
49.14 	 5.457136599058652e-05 
49.16 	 4.844215785830355e-05 
49.18 	 4.443789666456004e-05 
49.2 	 4.189307499638762e-05 
49.22 	 4.0326347148642575e-05 
49.24 	 3.940101956732275e-05 
49.26 	 3.88885443445244e-05 
49.28 	 3.863779724149936e-05 
49.3 	 3.855021984013681e-05 
49.32 	 3.8561200925590475e-05 
49.34 	 3.862702259999081e-05 
49.36 	 3.871656337582609e-05 
49.38 	 3.8806703614143194e-05 
49.4 	 3.888024430954008e-05 
49.42 	 3.892532284564597e-05 
49.44 	 3.893537550698759e-05 
49.46 	 3.8909029882379363e-05 
49.48 	 3.8849534193401563e-05 
49.5 	 3.876363668186598e-05 
49.52 	 3.866003176962594e-05 
49.54 	 3.854761772694038e-05 
49.56 	 3.84339079327704e-05 
49.58 	 3.832381091913785e-05 
49.6 	 3.821904133301039e-05 
49.62 	 3.811813513979998e-05 
49.64 	 3.801710421433216e-05 
49.66 	 3.791050306847253e-05 
49.68 	 3.779275409704815e-05 
49.7 	 3.765947388248006e-05 
49.72 	 3.750864475142866e-05 
49.74 	 3.734144031084009e-05 
49.76 	 3.7162682688360664e-05 
49.78 	 3.6980863538494124e-05 
49.8 	 3.680784988956241e-05 
49.82 	 3.665829286557416e-05 
49.84 	 3.6548952787395465e-05 
49.86 	 3.649797004959947e-05 
49.88 	 3.652425608179768e-05 
49.9 	 3.664700060756739e-05 
49.92 	 3.688529176266864e-05 
49.94 	 3.725778056042196e-05 
49.96 	 3.778218217943847e-05 
49.98 	 3.847456591221697e-05 
50.0 	 3.934810398678789e-05 
50.02 	 4.041148074644865e-05 
50.04 	 4.1666661062952057e-05 
50.06 	 4.310670472635487e-05 
50.08 	 4.4713389893470154e-05 
50.1 	 4.645581769427386e-05 
50.12 	 4.82896171846259e-05 
50.14 	 5.015809823199834e-05 
50.16 	 5.199445148737286e-05 
50.18 	 5.372611292025303e-05 
50.2 	 5.527967600285494e-05 
50.22 	 5.658703553890587e-05 
50.24 	 5.759076436334601e-05 
50.26 	 5.824909892907701e-05 
50.28 	 5.853889075875565e-05 
50.3 	 5.845688881578057e-05 
50.32 	 5.8018736492260644e-05 
50.34 	 5.725614031196647e-05 
50.36 	 5.621275681819628e-05 
50.38 	 5.4939142009120104e-05 
50.4 	 5.348803152901694e-05 
50.42 	 5.190979536640573e-05 
50.44 	 5.024945917135888e-05 
50.46 	 4.854443783980483e-05 
50.48 	 4.6824096553718164e-05 
50.5 	 4.5109776342071946e-05 
50.52 	 4.341610390757059e-05 
50.54 	 4.1752127650362444e-05 
50.56 	 4.0123025708408094e-05 
50.58 	 3.853115136432568e-05 
50.6 	 3.6977277289872774e-05 
50.62 	 3.546110703346407e-05 
50.64 	 3.398199437255643e-05 
50.66 	 3.2539135347910235e-05 
50.68 	 3.1132084974905916e-05 
50.7 	 2.9760920555618366e-05 
50.72 	 2.842671364965478e-05 
50.74 	 2.7131632717074644e-05 
50.76 	 2.5879192466331254e-05 
50.78 	 2.4674057514586265e-05 
50.8 	 2.3521860544528754e-05 
50.82 	 2.2428617548233483e-05 
50.84 	 2.1400216672152586e-05 
50.86 	 2.044169404497955e-05 
50.88 	 1.9556774954026013e-05 
50.9 	 1.8747446348688724e-05 
50.92 	 1.8013898455132963e-05 
50.94 	 1.7354609412328713e-05 
50.96 	 1.6766753202616015e-05 
50.98 	 1.624665343225464e-05 
51.0 	 1.5790369667916567e-05 
51.02 	 1.5394199523355688e-05 
51.04 	 1.5055096022869197e-05 
51.06 	 1.4770910857290037e-05 
51.08 	 1.4540489032176765e-05 
51.1 	 1.4363571615534228e-05 
51.12 	 1.4240568168694707e-05 
51.14 	 1.4172200960055765e-05 
51.16 	 1.415911637724202e-05 
51.18 	 1.4201408593126845e-05 
51.2 	 1.4298213533345014e-05 
51.22 	 1.4447336669931917e-05 
51.24 	 1.4644979938874767e-05 
51.26 	 1.4885644731750112e-05 
51.28 	 1.516216583094326e-05 
51.3 	 1.546595533094062e-05 
51.32 	 1.578737241394559e-05 
51.34 	 1.6116213784299938e-05 
51.36 	 1.6442227829974656e-05 
51.38 	 1.6755610356558167e-05 
51.4 	 1.70473614978211e-05 
51.42 	 1.730953160713714e-05 
51.44 	 1.75352338681059e-05 
51.46 	 1.7718553723648373e-05 
51.48 	 1.785430091332116e-05 
51.5 	 1.7937747436182372e-05 
51.52 	 1.79643834763826e-05 
51.54 	 1.792977073503232e-05 
51.56 	 1.78295678385651e-05 
51.58 	 1.7659681980817686e-05 
51.6 	 1.7416614638245838e-05 
51.62 	 1.7097877998149424e-05 
51.64 	 1.6702491832148258e-05 
51.66 	 1.62314108844891e-05 
51.68 	 1.568791002178978e-05 
51.7 	 1.5077749728805776e-05 
51.72 	 1.440923410462617e-05 
51.74 	 1.3692979370665387e-05 
51.76 	 1.2941572709806706e-05 
51.78 	 1.2168999327252421e-05 
51.8 	 1.1390007922466949e-05 
51.82 	 1.0619372404231521e-05 
51.84 	 9.87117860471377e-06 
51.86 	 9.158115349259445e-06 
51.88 	 8.490909948339221e-06 
51.9 	 7.877860745178796e-06 
51.92 	 7.324561160687989e-06 
51.94 	 6.8338153275089405e-06 
51.96 	 6.405710057845249e-06 
51.98 	 6.03791760218434e-06 
52.0 	 5.726118985042109e-06 
52.02 	 5.464512012725894e-06 
52.04 	 5.246425668339757e-06 
52.06 	 5.064866110583783e-06 
52.08 	 4.913035099598601e-06 
52.1 	 4.784746384970983e-06 
52.12 	 4.674656005675122e-06 
52.14 	 4.578392385842189e-06 
52.16 	 4.492551827237709e-06 
52.18 	 4.414555454715422e-06 
52.2 	 4.3424998107900915e-06 
52.22 	 4.2749260379913104e-06 
52.24 	 4.210698771879507e-06 
52.26 	 4.148842943977083e-06 
52.28 	 4.088515861283432e-06 
52.3 	 4.028980251297699e-06 
52.32 	 3.96964249301113e-06 
52.34 	 3.910092807205706e-06 
52.36 	 3.850097886493957e-06 
52.38 	 3.789607288570284e-06 
52.4 	 3.7287085466994606e-06 
52.42 	 3.6675780972531463e-06 
52.44 	 3.6063734785205374e-06 
52.46 	 3.545184799332796e-06 
52.48 	 3.484036799093357e-06 
52.5 	 3.4228262429839213e-06 
52.52 	 3.36137631691435e-06 
52.54 	 3.29950541099296e-06 
52.56 	 3.237052200848351e-06 
52.58 	 3.173912354845171e-06 
52.6 	 3.1100440531987367e-06 
52.62 	 3.045483488901598e-06 
52.64 	 2.980288117600149e-06 
52.66 	 2.9145391412729384e-06 
52.68 	 2.8482761798484665e-06 
52.7 	 2.7815223714463558e-06 
52.72 	 2.7142108228823083e-06 
52.74 	 2.6463199510980017e-06 
52.76 	 2.5777716824781993e-06 
52.78 	 2.5085121250001813e-06 
52.8 	 2.4385489647218552e-06 
52.82 	 2.3678784426067917e-06 
52.84 	 2.2965682007691974e-06 
52.86 	 2.224681485140121e-06 
52.88 	 2.1523410751324147e-06 
52.9 	 2.0796864756573818e-06 
52.92 	 2.0068771926634378e-06 
52.94 	 1.934154076754408e-06 
52.96 	 1.8618552201872081e-06 
52.98 	 1.7904041272852937e-06 
53.0 	 1.720358258923339e-06 
53.02 	 1.652467561018008e-06 
53.04 	 1.5876206514172373e-06 
53.06 	 1.5269691827821944e-06 
53.08 	 1.471805576323644e-06 
53.1 	 1.4236653938884958e-06 
53.12 	 1.3842448909786727e-06 
53.14 	 1.3552890773156441e-06 
53.16 	 1.3385772071279788e-06 
53.18 	 1.3357334733111459e-06 
53.2 	 1.3479786768538895e-06 
53.22 	 1.3760800815361972e-06 
53.24 	 1.4200540802300112e-06 
53.26 	 1.4789167892964058e-06 
53.28 	 1.5507591991152434e-06 
53.3 	 1.6324934485202252e-06 
53.32 	 1.7200678295705607e-06 
53.34 	 1.8085277276549958e-06 
53.36 	 1.8923154685397329e-06 
53.38 	 1.9657534810751547e-06 
53.4 	 2.023295667642359e-06 
53.42 	 2.0601360582585434e-06 
53.44 	 2.0725474378828414e-06 
53.46 	 2.0582490173360153e-06 
53.48 	 2.0166314612127768e-06 
53.5 	 1.948707865376213e-06 
53.52 	 1.8571683713254819e-06 
53.54 	 1.7459017226807466e-06 
53.56 	 1.6198288752975925e-06 
53.58 	 1.4843680859783687e-06 
53.6 	 1.3449071907456309e-06 
53.62 	 1.206534056663344e-06 
53.64 	 1.073659427597178e-06 
53.66 	 9.497079473214264e-07 
53.68 	 8.370885628129007e-07 
53.7 	 7.372687385590661e-07 
53.72 	 6.506792992256657e-07 
53.74 	 5.770713961342355e-07 
53.76 	 5.155457226039825e-07 
53.78 	 4.6487085490842153e-07 
53.8 	 4.235050526595805e-07 
53.82 	 3.899295362272717e-07 
53.84 	 3.627904899102405e-07 
53.86 	 3.406960775009893e-07 
53.88 	 3.2253356012572887e-07 
53.9 	 3.0719530773294425e-07 
53.92 	 2.9408565694079624e-07 
53.94 	 2.8263146785483747e-07 
53.96 	 2.7232865814115206e-07 
53.98 	 2.6289043969478237e-07 
54.0 	 2.541947679107186e-07 
54.02 	 2.457562461863554e-07 
54.04 	 2.379524621765511e-07 
54.06 	 2.3024584562126463e-07 
54.08 	 2.2289567145186054e-07 
54.1 	 2.1568111816242528e-07 
54.12 	 2.0874926039758176e-07 
54.14 	 2.0185436582779982e-07 
54.16 	 1.9528481993200117e-07 
54.18 	 1.887807169455279e-07 
54.2 	 1.8250120749944285e-07 
54.22 	 1.7631291696726132e-07 
54.24 	 1.7022579399937187e-07 
54.26 	 1.6425108674949856e-07 
54.28 	 1.5840151626966372e-07 
54.3 	 1.5250958122654796e-07 
54.32 	 1.4675941767984784e-07 
54.34 	 1.4116835088652682e-07 
54.36 	 1.3575603930867164e-07 
54.38 	 1.2990531157078367e-07 
54.4 	 1.2444923138983598e-07 
54.42 	 1.1897623108827555e-07 
54.44 	 1.1348386266624791e-07 
54.46 	 1.0796917040787219e-07 
54.48 	 1.0269916617937551e-07 
54.5 	 9.742898367808775e-08 
54.52 	 9.215859231988326e-08 
54.54 	 8.752450439684637e-08 
54.56 	 8.33000234328132e-08 
54.58 	 7.955043205642187e-08 
54.6 	 7.77863451012265e-08 
54.62 	 7.77863451012265e-08 
54.64 	 8.161702118890973e-08 
54.66 	 9.15542671639063e-08 
54.68 	 1.1101115067117914e-07 
54.7 	 1.4523855365528111e-07 
54.72 	 2.0185436582779982e-07 
54.74 	 2.921919755805668e-07 
54.76 	 4.314265755356379e-07 
54.78 	 6.407066125420836e-07 
54.8 	 9.475428011516757e-07 
54.82 	 1.3875293679783804e-06 
54.84 	 2.0047462056687044e-06 
54.86 	 2.85222004988059e-06 
54.88 	 3.991383881795722e-06 
54.9 	 5.4905420789846035e-06 
54.92 	 7.422180736248558e-06 
54.94 	 9.858905994302214e-06 
54.96 	 1.2868172952876588e-05 
54.98 	 1.6506142100621272e-05 
55.0 	 2.0810885382210712e-05 
55.02 	 2.5796102926294527e-05 
55.04 	 3.144536584385041e-05 
55.06 	 3.770887156884936e-05 
55.08 	 4.450175907718816e-05 
55.1 	 5.170678456795441e-05 
55.12 	 5.917843974727788e-05 
55.14 	 6.675217032228351e-05 
55.16 	 7.42532394320213e-05 
55.18 	 8.150990337110186e-05 
55.2 	 8.836322154405293e-05 
55.22 	 9.46793973394318e-05 
55.24 	 0.00010035595288844097 
55.26 	 0.00010532879149329013 
55.28 	 0.0001095720138938326 
55.3 	 0.0001130980874951256 
55.32 	 0.00011595198503762913 
55.34 	 0.00011820642469364282 
55.36 	 0.0001199538883113805 
55.38 	 0.0001213011371712687 
55.4 	 0.00012236350549843687 
55.42 	 0.00012326281206035192 
55.44 	 0.00012412696477496747 
55.46 	 0.00012509338290078828 
55.48 	 0.00012631423023579255 
55.5 	 0.00012796450519946616 
55.52 	 0.00013024997238010548 
55.54 	 0.0001334158970180204 
55.56 	 0.00013775148123964146 
55.58 	 0.0001435925030758866 
55.6 	 0.0001513136837760329 
55.62 	 0.00016131783038768796 
55.64 	 0.00017400813613774517 
55.66 	 0.00018976044908550275 
55.68 	 0.0002088734581137103 
55.7 	 0.00023153110435494815 
55.72 	 0.00025773988063242467 
55.74 	 0.0002873023870326989 
55.76 	 0.00031976244063514157 
55.78 	 0.00035441951031878085 
55.8 	 0.0003903051399147975 
55.82 	 0.0004262607209282362 
55.84 	 0.0004609567758212172 
55.86 	 0.0004930299205973083 
55.88 	 0.0005211336524938864 
55.9 	 0.0005440958022142332 
55.92 	 0.0005609695504016594 
55.94 	 0.0005711523870173446 
55.96 	 0.0005744038567552627 
55.98 	 0.0005708781855548504 
56.0 	 0.000561094233381779 
56.02 	 0.0005458730110964705 
56.04 	 0.0005262737956965969 
56.06 	 0.0005034708041723604 
56.08 	 0.00047868876993000924 
56.1 	 0.0004530736654734478 
56.12 	 0.000427659601670816 
56.14 	 0.0004032777679225508 
56.16 	 0.0003805675759590376 
56.18 	 0.00035993858826254585 
56.2 	 0.00034161648547691734 
56.22 	 0.00032564582593887237 
56.24 	 0.0003119490633371568 
56.26 	 0.0003003468705571758 
56.28 	 0.00029061000802288315 
56.3 	 0.000282478185628668 
56.32 	 0.0002756946309743103 
56.34 	 0.00027001516241014194 
56.36 	 0.00026522547580485326 
56.38 	 0.0002611407913856073 
56.4 	 0.0002576111922965308 
56.42 	 0.0002545157690343778 
56.44 	 0.00025176188763535625 
56.46 	 0.0002492776718027884 
56.48 	 0.00024700952203921445 
56.5 	 0.00024491557105739566 
56.52 	 0.0002429640590588162 
56.54 	 0.00024112909923611613 
56.56 	 0.00023939085479689545 
56.58 	 0.00023773341849792526 
56.6 	 0.0002361460321331758 
56.62 	 0.00023462155216450817 
56.64 	 0.00023315711485902036 
56.66 	 0.0002317517746676835 
56.68 	 0.00023040602558185117 
56.7 	 0.00022911900992319368 
56.72 	 0.0002278883192569975 
56.74 	 0.00022670880423382716 
56.76 	 0.00022557470516658388 
56.78 	 0.00022448141591755605 
56.8 	 0.0002234301469969904 
56.82 	 0.0002224315065092158 
56.84 	 0.0002215105754022861 
56.86 	 0.00022070987147601869 
56.88 	 0.00022009286129932355 
56.9 	 0.00021974564571990583 
56.92 	 0.00021977948828296056 
56.94 	 0.00022033327031765082 
56.96 	 0.00022157687307933604 
56.98 	 0.0002237158639453398 
57.0 	 0.00022699420135884177 
57.02 	 0.00023169760927095872 
57.04 	 0.0002381478034884811 
57.06 	 0.00024669630724302743 
57.08 	 0.00025769983641849893 
57.1 	 0.0002714990438846176 
57.12 	 0.0002883714131610323 
57.14 	 0.0003085018776077798 
57.16 	 0.00033192349252874985 
57.18 	 0.00035850204044821695 
57.2 	 0.00038788574028186617 
57.22 	 0.000419531104523867 
57.24 	 0.0004526805059625709 
57.26 	 0.00048644343726017683 
57.28 	 0.0005198039554668514 
57.3 	 0.0005517448471051841 
57.32 	 0.0005812670375944954 
57.34 	 0.0006075203291722772 
57.36 	 0.0006298087366187481 
57.38 	 0.0006476866299244861 
57.4 	 0.0006609338131525604 
57.42 	 0.0006695932621256462 
57.44 	 0.0006739198453554663 
57.46 	 0.0006743630053271498 
57.48 	 0.0006715083671148801 
57.5 	 0.0006660279087187484 
57.52 	 0.0006586344341560285 
57.54 	 0.0006500238650331951 
57.56 	 0.0006408510720020676 
57.58 	 0.0006316789250234349 
57.6 	 0.0006229716645177211 
57.62 	 0.00061505565949431 
57.64 	 0.0006081234182709558 
57.66 	 0.0006022093020020416 
57.68 	 0.0005972036637384085 
57.7 	 0.0005928497243267012 
57.72 	 0.0005887740188977693 
57.74 	 0.0005845086658780196 
57.76 	 0.0005795417774100553 
57.78 	 0.0005733576582209177 
57.8 	 0.000565498941608633 
57.82 	 0.0005556025852952702 
57.84 	 0.0005434544725087925 
57.86 	 0.0005289947533678526 
57.88 	 0.0005123468686208941 
57.9 	 0.0004937789614611966 
57.92 	 0.0004737040989905852 
57.94 	 0.00045260788475828557 
57.96 	 0.00043103429631488003 
57.98 	 0.0004095066926886253 
58.0 	 0.00038852051383419384 
58.02 	 0.00036848384710615396 
58.04 	 0.00034972968855275595 
58.06 	 0.0003324859269814211 
58.08 	 0.0003169040168607821 
58.1 	 0.0003030505773604962 
58.12 	 0.00029093918726656325 
58.14 	 0.0002805293236601729 
58.16 	 0.00027175018915373436 
58.18 	 0.00026449888019153473 
58.2 	 0.0002586552665061072 
58.22 	 0.0002540812456894959 
58.24 	 0.00025063345380416417 
58.26 	 0.000248169205186765 
58.28 	 0.0002465625740873986 
58.3 	 0.0002457174514721363 
58.32 	 0.00024558435818664606 
58.34 	 0.00024617271498394663 
58.36 	 0.0002475585099458002 
58.38 	 0.0002498845829003055 
58.4 	 0.00025334954809552143 
58.42 	 0.0002581904101859075 
58.44 	 0.0002646513388327989 
58.46 	 0.0002729542687558589 
58.48 	 0.00028325695958075493 
58.5 	 0.00029562742599283565 
58.52 	 0.0003100073186326074 
58.54 	 0.00032620870059023646 
58.56 	 0.00034389683214168054 
58.58 	 0.0003626204796705363 
58.6 	 0.0003818181607448132 
58.62 	 0.0004008785557618328 
58.64 	 0.00041916138648896695 
58.66 	 0.000436069771548769 
58.68 	 0.00045106867251399816 
58.7 	 0.0004637445981234615 
58.72 	 0.00047380637875218295 
58.74 	 0.0004811139480370763 
58.76 	 0.0004856574954199949 
58.78 	 0.0004875527801191626 
58.8 	 0.0004870084169853625 
58.82 	 0.0004843004869768466 
58.84 	 0.00047974478459385586 
58.86 	 0.0004736688480514057 
58.88 	 0.0004664018398867485 
58.9 	 0.00045825536937161914 
58.92 	 0.00044953163212705516 
58.94 	 0.00044051213816324137 
58.96 	 0.0004314736553351807 
58.98 	 0.00042267611286110466 
59.0 	 0.000414373544755072 
59.02 	 0.00040679456932776406 
59.04 	 0.00040014290226015307 
59.06 	 0.0003945731596131869 
59.08 	 0.0003901862458786091 
59.1 	 0.00038701128227143825 
59.12 	 0.00038500653389052583 
59.14 	 0.00038405769527076136 
59.16 	 0.00038399077082668613 
59.18 	 0.00038458756076662626 
59.2 	 0.00038560674431823414 
59.22 	 0.0003868063846587146 
59.24 	 0.00038796194729922944 
59.26 	 0.0003888816589919371 
59.28 	 0.0003894116182526643 
59.3 	 0.0003894359278444465 
59.32 	 0.0003888683213267579 
59.34 	 0.00038764023231003896 
59.36 	 0.0003856882402273511 
59.38 	 0.00038294108966218857 
59.4 	 0.0003793154841326708 
59.42 	 0.00037471215136529603 
59.44 	 0.000369027193561236 
59.46 	 0.00036215900090454307 
59.48 	 0.00035403263171304944 
59.5 	 0.00034461001780443454 
59.52 	 0.00033391718046318474 
59.54 	 0.0003220460522525699 
59.56 	 0.000309173057397736 
59.58 	 0.0002955442152738965 
59.6 	 0.00028147863998864123 
59.62 	 0.0002673367678169665 
59.64 	 0.0002535100709006077 
59.66 	 0.00024038025983012362 
59.68 	 0.00022830272604458776 
59.7 	 0.00021756855637941838 
59.72 	 0.00020839156909601458 
59.74 	 0.0002008841065058608 
59.76 	 0.00019505599327232173 
59.78 	 0.00019081062762315706 
59.8 	 0.00018795974908497143 
59.82 	 0.00018623981103392458 
59.84 	 0.00018534007535905587 
59.86 	 0.0001849318763268006 
59.88 	 0.00018470092988482958 
59.9 	 0.00018437625169413896 
59.92 	 0.00018375391003186487 
59.94 	 0.00018271187404436928 
59.96 	 0.00018121674224184448 
59.98 	 0.0001792942228867932 
