0.0 	 0.31045259764058863 
0.02 	 0.2696305969898236 
0.04 	 0.25457396174757585 
0.06 	 0.238606802427177 
0.08 	 0.2310980140409934 
0.1 	 0.22237179179870656 
0.12 	 0.21607494465964588 
0.14 	 0.20939383477313803 
0.16 	 0.20287757453898755 
0.18 	 0.19613690385642268 
0.2 	 0.18910882664998904 
0.22 	 0.1813651130366874 
0.24 	 0.1739135433588175 
0.26 	 0.16505020787167057 
0.28 	 0.15742743512107935 
0.3 	 0.14793777597182714 
0.32 	 0.1404999532046746 
0.34 	 0.1311157289145918 
0.36 	 0.1242070083753999 
0.38 	 0.11544317987503469 
0.4 	 0.10920323550973667 
0.42 	 0.10110215055836964 
0.44 	 0.09537874467877441 
0.46 	 0.08761559963639953 
0.48 	 0.08207817574023447 
0.5 	 0.07428676114688532 
0.52 	 0.06864716224933164 
0.54 	 0.0607393389015885 
0.56 	 0.05496367669654188 
0.58 	 0.047289420532798845 
0.6 	 0.04169891175056892 
0.62 	 0.034923204057064096 
0.64 	 0.03005339123720664 
0.66 	 0.02475773954573137 
0.68 	 0.021015188147225396 
0.7 	 0.017351939056343343 
0.72 	 0.014793015852562375 
0.74 	 0.012506068568230985 
0.76 	 0.010912352908833741 
0.78 	 0.00958726718471355 
0.8 	 0.00865533146272194 
0.82 	 0.007916042170254742 
0.84 	 0.007380473260063435 
0.86 	 0.006957731896611512 
0.88 	 0.006629744655753638 
0.9 	 0.006356761504940944 
0.92 	 0.006120706962342106 
0.94 	 0.005907920674652726 
0.96 	 0.0057051611812996 
0.98 	 0.005515063848120133 
1.0 	 0.005326089265240312 
1.02 	 0.005152122014474645 
1.04 	 0.004979556974377198 
1.06 	 0.004828749415332536 
1.08 	 0.004682453969047802 
1.1 	 0.004562181111224169 
1.12 	 0.004448141698167321 
1.14 	 0.004358240436233292 
1.16 	 0.004272750963110397 
1.18 	 0.0042035076221700165 
1.2 	 0.004132864842229754 
1.22 	 0.004067759274289359 
1.24 	 0.0039922771771109325 
1.26 	 0.003913329026833803 
1.28 	 0.0038137143739445036 
1.3 	 0.003707342601124087 
1.32 	 0.0035713178737216537 
1.34 	 0.0034331416392665345 
1.36 	 0.0032602462420714194 
1.38 	 0.003097494600289865 
1.4 	 0.0029002407835472207 
1.42 	 0.0027305587370551215 
1.44 	 0.0025310424901977065 
1.46 	 0.002377356403342082 
1.48 	 0.0022002670001156034 
1.5 	 0.002083322152910432 
1.52 	 0.001948256688088535 
1.54 	 0.0018801776498358245 
1.56 	 0.0017966610193948837 
1.58 	 0.0017785143217470142 
1.6 	 0.0017454286517502046 
1.62 	 0.0017692242644488157 
1.64 	 0.001777760830812506 
1.66 	 0.001830824814409134 
1.68 	 0.0018686247779912493 
1.7 	 0.001937750179230049 
1.72 	 0.00199226700078804 
1.74 	 0.0020662623022535873 
1.76 	 0.002126658942911404 
1.78 	 0.0021973619162076537 
1.8 	 0.002255304598687891 
1.82 	 0.002317786708561457 
1.84 	 0.0023678049854282406 
1.86 	 0.002420322985437677 
1.88 	 0.0024600915960885767 
1.9 	 0.002503851956267712 
1.92 	 0.0025342456472387106 
1.94 	 0.002572734575049609 
1.96 	 0.002597259115545601 
1.98 	 0.002634980333341781 
2.0 	 0.0026584037392790387 
2.02 	 0.002699262590017818 
2.04 	 0.0027258011584826362 
2.06 	 0.002771751301398318 
2.08 	 0.002803570205824319 
2.1 	 0.0028541515382811337 
2.12 	 0.00289085754186794 
2.14 	 0.002943822805862508 
2.16 	 0.0029831012819310997 
2.18 	 0.003035754400748164 
2.2 	 0.003074731610649581 
2.22 	 0.0031252944566989506 
2.24 	 0.0031619508915724072 
2.26 	 0.0032103833712896104 
2.28 	 0.0032444585444389236 
2.3 	 0.0032925029663524604 
2.32 	 0.003325638266018914 
2.34 	 0.0033761903577701965 
2.36 	 0.003411364750756964 
2.38 	 0.0034674699239424585 
2.4 	 0.003508001452141339 
2.42 	 0.003571843245552888 
2.44 	 0.0036203351755094014 
2.46 	 0.00369255215703478 
2.48 	 0.003750146474788628 
2.5 	 0.0038296861238902432 
2.52 	 0.003895846496986486 
2.54 	 0.003980356750352016 
2.56 	 0.004053182059324745 
2.58 	 0.00413973278618291 
2.6 	 0.004216600551456118 
2.62 	 0.004302427018067167 
2.64 	 0.004380681363421385 
2.66 	 0.0044636984250551424 
2.68 	 0.004541154409354308 
2.7 	 0.004620149185413599 
2.72 	 0.004695325011317753 
2.74 	 0.004769888982090574 
2.76 	 0.004842008660519247 
2.78 	 0.004912340091887597 
2.8 	 0.004981210712593059 
2.82 	 0.005047899865799777 
2.84 	 0.005113755714487039 
2.86 	 0.005177605486349398 
2.88 	 0.005240963804206321 
2.9 	 0.00530284942706475 
2.92 	 0.00536438333416914 
2.94 	 0.0054251396598951705 
2.96 	 0.005485562886648896 
2.98 	 0.005545897148067527 
3.0 	 0.005605864646500341 
3.02 	 0.005666303708128467 
3.04 	 0.005726341770585063 
3.06 	 0.005787221344877337 
3.08 	 0.005847697934475711 
3.1 	 0.005909189060960201 
3.12 	 0.0059703221927767955 
3.14 	 0.0060324788912460865 
3.16 	 0.006094369153695854 
3.18 	 0.0061571792582255785 
3.2 	 0.006219850071309722 
3.22 	 0.006283278308934466 
3.24 	 0.006346713616068823 
3.26 	 0.006410734881456746 
3.28 	 0.0064749118301990795 
3.3 	 0.006539536701956452 
3.32 	 0.006604454224121335 
3.34 	 0.006669746972897687 
3.36 	 0.006735449053496782 
3.38 	 0.006801534821985414 
3.4 	 0.006868123669684402 
3.42 	 0.006935181203951315 
3.44 	 0.007002815417768366 
3.46 	 0.007071056283588349 
3.48 	 0.007139933977742597 
3.5 	 0.007209575583693641 
3.52 	 0.007279909250368 
3.54 	 0.0073511522929674755 
3.56 	 0.007423145991679539 
3.58 	 0.007496164428721478 
3.6 	 0.007570001900050727 
3.62 	 0.007644946862203766 
3.64 	 0.007720792854381962 
3.66 	 0.007797805458033577 
3.68 	 0.007875816219194488 
3.7 	 0.007955041747944796 
3.72 	 0.008035377912882826 
3.74 	 0.008116975755479755 
3.76 	 0.0081998123004458 
3.78 	 0.008283959931937101 
3.8 	 0.008369491261754583 
3.82 	 0.008456383455297138 
3.84 	 0.008544824244643062 
3.86 	 0.008634669268799557 
3.88 	 0.008726252133965167 
3.9 	 0.008819265720609419 
3.92 	 0.008914235892361625 
3.94 	 0.009010633080639699 
3.96 	 0.00910923974432837 
3.98 	 0.009209225591177855 
4.0 	 0.009311710721121896 
4.02 	 0.009415473040084957 
4.04 	 0.009522061105711393 
4.06 	 0.009629770121958082 
4.08 	 0.009740664179221982 
4.1 	 0.009852483254403813 
4.12 	 0.009967872482211242 
4.14 	 0.010083980217269115 
4.16 	 0.010204060121008204 
4.18 	 0.010324678902240318 
4.2 	 0.010449679892889127 
4.22 	 0.010575102630279628 
4.24 	 0.010705318957929385 
4.26 	 0.010835926863449705 
4.28 	 0.010971738583612502 
4.3 	 0.011108007674805874 
4.32 	 0.01124989283247895 
4.34 	 0.011392391697688947 
4.36 	 0.011540930451948856 
4.38 	 0.011690312920377402 
4.4 	 0.011846186090389262 
4.42 	 0.012003179494212025 
4.44 	 0.012167160691267739 
4.46 	 0.012332547131510165 
4.48 	 0.012505484101431501 
4.5 	 0.012680073373179144 
4.52 	 0.012862855466709715 
4.54 	 0.013047456150264824 
4.56 	 0.013240973474178498 
4.58 	 0.013436380886109137 
4.6 	 0.013641494937830139 
4.62 	 0.013848525365676226 
4.64 	 0.014066085166717186 
4.66 	 0.01428568722097675 
4.68 	 0.0145166302645886 
4.7 	 0.014750088496588515 
4.72 	 0.014995652137467489 
4.74 	 0.015244862970730064 
4.76 	 0.015506894484576162 
4.78 	 0.015774651065222394 
4.8 	 0.016055954198007098 
4.82 	 0.016346151937008058 
4.84 	 0.01665077457724166 
4.86 	 0.016968473557776243 
4.88 	 0.017301862179271082 
4.9 	 0.017653226070275363 
4.92 	 0.01802226381453081 
4.94 	 0.01841450724381973 
4.96 	 0.018827585645595352 
4.98 	 0.019269137081559418 
5.0 	 0.019736516367326238 
5.02 	 0.020237566858722713 
5.04 	 0.020772272236174987 
5.06 	 0.021345677752853606 
5.08 	 0.021964988094001995 
5.1 	 0.022627106179272556 
5.12 	 0.02335427200388996 
5.14 	 0.024124788381885188 
5.16 	 0.024989990868938387 
5.18 	 0.025889344192968344 
5.2 	 0.02692830420999462 
5.22 	 0.027971482901298306 
5.24 	 0.029220133528133616 
5.26 	 0.03040714532937364 
5.28 	 0.03189210186984853 
5.3 	 0.033198420450227445 
5.32 	 0.03492549401622402 
5.34 	 0.0362984636093028 
5.36 	 0.038243396427221805 
5.38 	 0.03960952285316874 
5.4 	 0.0417144040468943 
5.42 	 0.0429962960426385 
5.44 	 0.04517237003608573 
5.46 	 0.0463069379439644 
5.48 	 0.048442880302318095 
5.5 	 0.049391025833245845 
5.52 	 0.051366193444595226 
5.54 	 0.05211047291428712 
5.56 	 0.053812049303074136 
5.58 	 0.05434680913471074 
5.6 	 0.055686206644598654 
5.62 	 0.05600718132351931 
5.64 	 0.056928196186530916 
5.66 	 0.0570248745546641 
5.68 	 0.05749929192791806 
5.7 	 0.05734970629637489 
5.72 	 0.05736483706001384 
5.74 	 0.05693384002771149 
5.76 	 0.05648356801507995 
5.78 	 0.05572974073222776 
5.8 	 0.054819311870780714 
5.82 	 0.053715641508374525 
5.84 	 0.05238116986367744 
5.86 	 0.050947026917310984 
5.88 	 0.04927992956481309 
5.9 	 0.04761001571814854 
5.92 	 0.04577016391137174 
5.94 	 0.04403882946340588 
5.96 	 0.042241234487614514 
5.98 	 0.04066791020025065 
6.0 	 0.03913898821834892 
6.02 	 0.037924280346344603 
6.04 	 0.03684334699971875 
6.06 	 0.03610894616292183 
6.08 	 0.035563827046786164 
6.1 	 0.03532801375438457 
6.12 	 0.03530485348369258 
6.14 	 0.035498632376069254 
6.16 	 0.035903390298426985 
6.18 	 0.0364084503147303 
6.2 	 0.03710425590973179 
6.22 	 0.03779208100325589 
6.24 	 0.03863898790379948 
6.26 	 0.03940181581371443 
6.28 	 0.040291911744623723 
6.3 	 0.041064622141989436 
6.32 	 0.041946786656291174 
6.34 	 0.042718361264529284 
6.36 	 0.04360477977788311 
6.38 	 0.0444137891989929 
6.4 	 0.045361736442527556 
6.42 	 0.04627176246683028 
6.44 	 0.047343970134499994 
6.46 	 0.04840557801330608 
6.48 	 0.049626432070336596 
6.5 	 0.05084314520888249 
6.52 	 0.05217349380156155 
6.54 	 0.05348799888152407 
6.56 	 0.05483120173284025 
6.58 	 0.05613650924472723 
6.6 	 0.05737073895456397 
6.62 	 0.05854114029953953 
6.64 	 0.05956162315356143 
6.66 	 0.06049400063011011 
6.68 	 0.06124843534508655 
6.7 	 0.06190111387297227 
6.72 	 0.06240721144234651 
6.74 	 0.06282042107203538 
6.76 	 0.0631607638375605 
6.78 	 0.06344604760296776 
6.8 	 0.06374133988615711 
6.82 	 0.06404093071165771 
6.84 	 0.0644103800496621 
6.86 	 0.06484509258502767 
6.88 	 0.0653701140694138 
6.9 	 0.06600143777239817 
6.92 	 0.06670862391182603 
6.94 	 0.06753111736806967 
6.96 	 0.06840023624612286 
6.98 	 0.06936377918213388 
7.0 	 0.07035472897286343 
7.02 	 0.0714052091144116 
7.04 	 0.07249226503912819 
7.06 	 0.07361491499064503 
7.08 	 0.07481619807976055 
7.1 	 0.07606304104325648 
7.12 	 0.07745364116666949 
7.14 	 0.07893679203283738 
7.16 	 0.08063663395276602 
7.18 	 0.08248042874678681 
7.2 	 0.0846180776601593 
7.22 	 0.08688572706187277 
7.24 	 0.08955416575740345 
7.26 	 0.09218314558047258 
7.28 	 0.09540803227345389 
7.3 	 0.09818581915002318 
7.32 	 0.10191254957543174 
7.34 	 0.1045036268313268 
7.36 	 0.10859212501548907 
7.38 	 0.1106055313754006 
7.4 	 0.114824065770767 
7.42 	 0.11589975198922585 
7.44 	 0.11993323006695529 
7.46 	 0.11982535526757705 
7.48 	 0.12333143496143091 
7.5 	 0.1219671536293164 
7.52 	 0.12468433480557115 
7.54 	 0.12216576946423488 
7.56 	 0.12400099091781554 
7.58 	 0.12051582275882881 
7.6 	 0.12150605253533626 
7.62 	 0.11716835329695278 
7.64 	 0.11731248624280198 
7.66 	 0.11204724664132623 
7.68 	 0.11115503073633938 
7.7 	 0.10475671915151419 
7.72 	 0.10249520641640417 
7.74 	 0.09489650664425711 
7.76 	 0.09109493108047075 
7.78 	 0.08269089327144924 
7.8 	 0.07768481263241726 
7.82 	 0.0693400950714071 
7.84 	 0.06391647284835476 
7.86 	 0.05650465938419655 
7.88 	 0.05143469474624202 
7.9 	 0.04539884370693995 
7.92 	 0.04109925296637682 
7.94 	 0.03643650395205369 
7.96 	 0.03298590139185597 
7.98 	 0.029465290084784344 
8.0 	 0.026763059323132294 
8.02 	 0.024107865769824748 
8.04 	 0.021999828766066203 
8.06 	 0.019972201753576852 
8.08 	 0.01831313498279116 
8.1 	 0.01673539182569442 
8.12 	 0.015410217395209475 
8.14 	 0.01415889406585011 
8.16 	 0.013084020662751154 
8.18 	 0.012076064572366254 
8.2 	 0.011193219670253086 
8.22 	 0.01037235529657659 
8.24 	 0.009640754953564458 
8.26 	 0.00896666264949677 
8.28 	 0.008355994119042868 
8.3 	 0.007796928202490061 
8.32 	 0.0072822337623838695 
8.34 	 0.0068111814845767844 
8.36 	 0.00637027778868959 
8.38 	 0.005964535087879411 
8.4 	 0.005578245806323738 
8.42 	 0.005221693629149448 
8.44 	 0.004876423911734366 
8.46 	 0.004562773932589543 
8.48 	 0.004253859003211421 
8.5 	 0.003988330535706397 
8.52 	 0.0037217718104507495 
8.54 	 0.0035190332934337716 
8.56 	 0.0033095417570938737 
8.58 	 0.003187624281326526 
8.6 	 0.003052607655212434 
8.62 	 0.0030247750289367336 
8.64 	 0.0029761928859874734 
8.66 	 0.0030437608556260786 
8.68 	 0.003081181895746639 
8.7 	 0.003229639662490655 
8.72 	 0.003337494731849093 
8.74 	 0.0035370984541298845 
8.76 	 0.003687278923349465 
8.78 	 0.003898315907485733 
8.8 	 0.00405695037361318 
8.82 	 0.004238669962388728 
8.84 	 0.004374318112101936 
8.86 	 0.004494820670358266 
8.88 	 0.004585133785664048 
8.9 	 0.0046283987171278395 
8.92 	 0.0046633072514278675 
8.94 	 0.004630500695282774 
8.96 	 0.0046115078015189085 
8.98 	 0.004516636501200964 
9.0 	 0.004453234288386678 
9.02 	 0.004316047933875532 
9.04 	 0.004221151989742434 
9.06 	 0.004060857939867166 
9.08 	 0.003947071059843671 
9.1 	 0.0037788576321212855 
9.12 	 0.0036564450889215437 
9.14 	 0.003490725559264789 
9.16 	 0.003367138509489109 
9.18 	 0.0032103303884568526 
9.2 	 0.003090595138471507 
9.22 	 0.0029462965573721733 
9.24 	 0.00283363922783451 
9.26 	 0.00270359227714586 
9.28 	 0.002599952776264528 
9.3 	 0.002484631895107311 
9.32 	 0.0023909640946301316 
9.34 	 0.0022898547147782097 
9.36 	 0.0022062488268138913 
9.38 	 0.002117966535516412 
9.4 	 0.0020436985674737755 
9.42 	 0.0019661115244902507 
9.44 	 0.00189974020895058 
9.46 	 0.0018302114661283835 
9.48 	 0.001769802607859045 
9.5 	 0.0017055775256667658 
9.52 	 0.0016490558248154193 
9.54 	 0.0015877215695026406 
9.56 	 0.0015332704803681459 
9.58 	 0.0014731528510412094 
9.6 	 0.001419541504598524 
9.62 	 0.0013599049527455497 
9.64 	 0.0013066356402425205 
9.66 	 0.0012476197836780107 
9.68 	 0.0011948583238377926 
9.7 	 0.0011372006635880635 
9.72 	 0.0010855556245871177 
9.74 	 0.0010302704106479807 
9.76 	 0.0009805847566898647 
9.78 	 0.0009288239015241716 
9.8 	 0.0008821743433690993 
9.82 	 0.0008354250761234224 
9.84 	 0.0007934370292338535 
9.86 	 0.000754005350626919 
9.88 	 0.0007193876340500659 
9.9 	 0.0006908675071403043 
9.92 	 0.0006678435982356801 
9.94 	 0.0006551477112826093 
9.96 	 0.0006493564373571615 
9.98 	 0.0006580159971303201 
10.0 	 0.0006755733094294552 
10.02 	 0.0007103567527132503 
10.04 	 0.0007560905897166206 
10.06 	 0.0008193239580290048 
10.08 	 0.0008946053076298085 
10.1 	 0.00098470298755679 
10.12 	 0.0010856654818308792 
10.14 	 0.0011963297411115954 
10.16 	 0.0013134321459048206 
10.18 	 0.00143393646030399 
10.2 	 0.0015535475874013088 
10.22 	 0.0016704689380441372 
10.24 	 0.0017783118338120902 
10.26 	 0.0018786743824320965 
10.28 	 0.00196386161543014 
10.3 	 0.0020387316946276135 
10.32 	 0.002096533056415398 
10.34 	 0.0021433158623577423 
10.36 	 0.0021753564270473647 
10.38 	 0.0021974413360869288 
10.4 	 0.0022094865605747126 
10.42 	 0.002213532713264804 
10.44 	 0.002212331111321396 
10.46 	 0.002204999500035059 
10.48 	 0.0021958970973728906 
10.5 	 0.0021818714583868638 
10.52 	 0.0021680706735874816 
10.54 	 0.00214994148043725 
10.56 	 0.0021331229757743007 
10.58 	 0.0021124037263732572 
10.6 	 0.0020937698980583856 
10.62 	 0.002071895512195103 
10.64 	 0.002052791142634148 
10.66 	 0.0020313897968122488 
10.68 	 0.0020132165877036804 
10.7 	 0.001993673639309679 
10.72 	 0.0019773589612180776 
10.74 	 0.0019601639687031993 
10.76 	 0.0019456612217456856 
10.78 	 0.0019300545523330736 
10.8 	 0.001916233504926537 
10.82 	 0.001900397089837405 
10.84 	 0.0018854152065267056 
10.86 	 0.0018671529067930568 
10.88 	 0.0018491815235031888 
10.9 	 0.0018268701676431907 
10.92 	 0.0018049586705794513 
10.94 	 0.0017785039948004279 
10.96 	 0.0017533492349617649 
10.98 	 0.0017248589695032085 
11.0 	 0.001699234698207445 
11.02 	 0.001673108950147434 
11.04 	 0.0016517158963221907 
11.06 	 0.0016339468505539708 
11.08 	 0.0016225463904379282 
11.1 	 0.00161927382376536 
11.12 	 0.0016231867104717977 
11.14 	 0.0016388576059357739 
11.16 	 0.0016611549780469017 
11.18 	 0.0016967855961762279 
11.2 	 0.0017366688276858734 
11.22 	 0.001788658298656997 
11.24 	 0.0018405895939403894 
11.26 	 0.0019004436790940338 
11.28 	 0.0019545446970688166 
11.3 	 0.0020098661040542096 
11.32 	 0.0020538638819658133 
11.34 	 0.002090898473579231 
11.36 	 0.002113369382588289 
11.38 	 0.0021209081160021037 
11.4 	 0.002114859460805944 
11.42 	 0.0020883072401122 
11.44 	 0.0020536531268760204 
11.46 	 0.0019972541873374693 
11.48 	 0.001940958147126356 
11.5 	 0.0018665833067523993 
11.52 	 0.001800246119083006 
11.54 	 0.0017230271705287346 
11.56 	 0.0016589743511566917 
11.58 	 0.0015920548126514896 
11.6 	 0.0015396882319868982 
11.62 	 0.0014907111934074522 
11.64 	 0.0014545749508420576 
11.66 	 0.0014250954241111834 
11.68 	 0.0014050813063841128 
11.7 	 0.001392317496062024 
11.72 	 0.0013854163109486793 
11.74 	 0.0013848964168838248 
11.76 	 0.0013873962720309984 
11.78 	 0.0013951966112461806 
11.8 	 0.0014043297668075304 
11.82 	 0.001418204234752746 
11.84 	 0.0014327438718981134 
11.86 	 0.0014520808193685202 
11.88 	 0.001471962610396087 
11.9 	 0.001496963231819356 
11.92 	 0.0015223900313894956 
11.94 	 0.001553053922776704 
11.96 	 0.0015836399529366191 
11.98 	 0.0016190701064717776 
12.0 	 0.0016534337833352128 
12.02 	 0.0016917099769331524 
12.04 	 0.0017276201988528463 
12.06 	 0.0017661468940646495 
12.08 	 0.0018009875675489314 
12.1 	 0.0018369419823168719 
12.12 	 0.0018680666229144252 
12.14 	 0.0018985298545145053 
12.16 	 0.0019232044229193423 
12.18 	 0.001944857395292281 
12.2 	 0.001959909214414995 
12.22 	 0.0019686711408248934 
12.24 	 0.0019703647119118845 
12.26 	 0.0019616476917757486 
12.28 	 0.0019463085390145707 
12.3 	 0.001916305370770191 
12.32 	 0.0018817119581045732 
12.34 	 0.001829373025510583 
12.36 	 0.0017762763767239717 
12.38 	 0.0017048910884447641 
12.4 	 0.001637740314305191 
12.42 	 0.0015549887666726832 
12.44 	 0.0014813128292453562 
12.46 	 0.001397498874462771 
12.48 	 0.0013261637824068253 
12.5 	 0.0012514737302144108 
12.52 	 0.001190620520098901 
12.54 	 0.0011327439451927904 
12.56 	 0.0010882340099540068 
12.58 	 0.0010512314535734534 
12.6 	 0.0010260019040379993 
12.62 	 0.0010104681203134533 
12.64 	 0.0010047441999791013 
12.66 	 0.0010087964791784785 
12.68 	 0.0010208999991595565 
12.7 	 0.0010414937981633526 
12.72 	 0.0010689890276070642 
12.74 	 0.0011032403451930659 
12.76 	 0.0011441685059146315 
12.78 	 0.0011904397992298136 
12.8 	 0.0012442966720212303 
12.82 	 0.0013027422397897431 
12.84 	 0.0013707552142842342 
12.86 	 0.0014430235630473174 
12.88 	 0.0015274087672794618 
12.9 	 0.001615458834578732 
12.92 	 0.0017177781768492682 
12.94 	 0.0018222156077964628 
12.96 	 0.0019415056046017253 
12.98 	 0.0020601686270438767 
13.0 	 0.0021918014627761695 
13.02 	 0.0023192834891043244 
13.04 	 0.002455299883523009 
13.06 	 0.0025837498749344736 
13.08 	 0.002714757547689941 
13.1 	 0.0028358623282628125 
13.12 	 0.0029538919445718445 
13.14 	 0.00306156505698696 
13.16 	 0.0031629353136234197 
13.18 	 0.0032560193451526775 
13.2 	 0.003343454144349849 
13.22 	 0.003427787515023597 
13.24 	 0.0035115212806628923 
13.26 	 0.003600980817274292 
13.28 	 0.003698923200422665 
13.3 	 0.0038152874084998586 
13.32 	 0.003952194810190087 
13.34 	 0.004123694469725143 
13.36 	 0.004328858033679692 
13.38 	 0.004587197527885108 
13.4 	 0.004889936986071124 
13.42 	 0.0052655369659132855 
13.44 	 0.0056883034798192265 
13.46 	 0.006203335400430889 
13.48 	 0.006753527365581532 
13.5 	 0.007411893117982199 
13.52 	 0.008074985887484336 
13.54 	 0.008848898969530618 
13.56 	 0.009585987979851765 
13.58 	 0.010402101197645126 
13.6 	 0.011153125983043133 
13.62 	 0.011886676633057987 
13.64 	 0.012576774898908644 
13.66 	 0.01306537803255855 
13.68 	 0.013610217569664273 
13.7 	 0.013694680061902824 
13.72 	 0.014006865653002723 
13.74 	 0.013593563592925339 
13.76 	 0.013602596342647278 
13.78 	 0.012721886980092073 
13.8 	 0.012413091036587439 
13.82 	 0.011228987346074765 
13.84 	 0.010671292901521759 
13.86 	 0.009413419583846583 
13.88 	 0.008734621369653804 
13.9 	 0.007594548114377719 
13.92 	 0.0069196977013844035 
13.94 	 0.0059933002344860955 
13.96 	 0.00540168706921862 
13.98 	 0.004699860726991504 
14.0 	 0.004220736172091788 
14.02 	 0.0037089728744255077 
14.04 	 0.0033381787196124658 
14.06 	 0.002969476716180621 
14.08 	 0.0026878069418564557 
14.1 	 0.002419897343173793 
14.12 	 0.0022054745063629405 
14.14 	 0.0020065065198212797 
14.16 	 0.0018407622697996727 
14.18 	 0.0016890727225202017 
14.2 	 0.0015583883887306353 
14.22 	 0.0014401048859371754 
14.24 	 0.0013352743148972856 
14.26 	 0.0012416976321179384 
14.28 	 0.0011566968380923514 
14.3 	 0.0010822488441643416 
14.32 	 0.0010130801843371681 
14.34 	 0.0009539675485647441 
14.36 	 0.0008978430176971677 
14.38 	 0.0008512914324079305 
14.4 	 0.0008061383682923989 
14.42 	 0.0007699608017590505 
14.44 	 0.0007341178424806086 
14.46 	 0.0007064144877291396 
14.48 	 0.0006783908074574646 
14.5 	 0.0006572868126658223 
14.52 	 0.0006355401340572863 
14.54 	 0.0006189912555568184 
14.56 	 0.0006017766771520347 
14.58 	 0.0005875437196794116 
14.6 	 0.000572925478818192 
14.62 	 0.0005587875993740089 
14.64 	 0.0005448535724850773 
14.66 	 0.0005290080852445278 
14.68 	 0.000514213235777551 
14.7 	 0.0004956750392077528 
14.72 	 0.00047914860004898157 
14.74 	 0.0004579247431412466 
14.76 	 0.0004395801344791787 
14.78 	 0.00041650600926427573 
14.8 	 0.0003968958958527256 
14.82 	 0.0003732123832592412 
14.84 	 0.0003532057238873551 
14.86 	 0.0003300928390779137 
14.88 	 0.00031053195386971516 
14.9 	 0.00028880593928113063 
14.92 	 0.0002702879551337808 
14.94 	 0.0002503440581573504 
14.96 	 0.00023318246738578637 
14.98 	 0.0002151230726006104 
15.0 	 0.00019944107349333763 
15.02 	 0.00018325111615695593 
15.04 	 0.00016909934012424726 
15.06 	 0.00015474541076435677 
15.08 	 0.00014215145342952627 
15.1 	 0.0001295650737280555 
15.12 	 0.00011849575088457978 
15.14 	 0.00010750017154171522 
15.16 	 9.780026579540426e-05 
15.18 	 8.809208522121157e-05 
15.2 	 7.94988827653366e-05 
15.22 	 7.076616331815336e-05 
15.24 	 6.305796898893754e-05 
15.26 	 5.522180886087126e-05 
15.28 	 4.846506875878233e-05 
15.3 	 4.1934606327210454e-05 
15.32 	 3.671883194669587e-05 
15.34 	 3.252422208144056e-05 
15.36 	 3.0081231405786425e-05 
15.38 	 2.9823838049899183e-05 
15.4 	 3.201536331045991e-05 
15.42 	 3.769327802751791e-05 
15.44 	 4.694383743614576e-05 
15.46 	 6.076798137861631e-05 
15.48 	 8.003449895577789e-05 
15.5 	 0.00010429040923801285 
15.52 	 0.000137073199268615 
15.54 	 0.0001739651669936006 
15.56 	 0.0002242296322758122 
15.58 	 0.0002755948072248904 
15.6 	 0.00034738420290101766 
15.62 	 0.00041426024273355267 
15.64 	 0.0005108182750885841 
15.66 	 0.0005930123451840757 
15.68 	 0.0007154241029824802 
15.7 	 0.0008112673447034688 
15.72 	 0.000956930918194081 
15.74 	 0.001063218734050461 
15.76 	 0.0012247848790399344 
15.78 	 0.0013367183964245037 
15.8 	 0.0015022875507956157 
15.82 	 0.0016133800618196867 
15.84 	 0.001768442415469961 
15.86 	 0.0018707666060292897 
15.88 	 0.002001518254105478 
15.9 	 0.002086769321012141 
15.92 	 0.002183477319711885 
15.94 	 0.00224473212531074 
15.96 	 0.0023035552158106737 
15.98 	 0.0023368087213498354 
16.0 	 0.002359303799004527 
16.02 	 0.0023638069043565514 
16.04 	 0.002354731511863825 
16.06 	 0.0023320755800604314 
16.08 	 0.0022969973860392148 
16.1 	 0.002249919277473186 
16.12 	 0.002193958606732969 
16.14 	 0.0021259515329297837 
16.16 	 0.002053983132815661 
16.18 	 0.0019699090548434706 
16.2 	 0.0018875211210228721 
16.22 	 0.0017943791615863567 
16.24 	 0.0017084942142496587 
16.26 	 0.0016152324770415977 
16.28 	 0.0015336879945859144 
16.3 	 0.0014496722659643928 
16.32 	 0.0013798596952905985 
16.34 	 0.0013126749177906918 
16.36 	 0.0012599393057220716 
16.38 	 0.001213669185847319 
16.4 	 0.0011802220619480644 
16.42 	 0.0011549342256001744 
16.44 	 0.001139657511222319 
16.46 	 0.0011320555757310714 
16.48 	 0.001131149972525689 
16.5 	 0.001135899956987638 
16.52 	 0.0011440946744967326 
16.54 	 0.001155333361887241 
16.56 	 0.0011673106300594338 
16.58 	 0.0011800192653915874 
16.6 	 0.001191707178345187 
16.62 	 0.0012027321715303433 
16.64 	 0.0012121471210831943 
16.66 	 0.0012206695232191706 
16.68 	 0.0012280991276369922 
16.7 	 0.0012354439977184377 
16.72 	 0.0012429824604435846 
16.74 	 0.0012518796259187435 
16.76 	 0.0012625711243382863 
16.78 	 0.0012762014592167855 
16.8 	 0.0012931596767008714 
16.82 	 0.00131435883814167 
16.84 	 0.0013401361931578409 
16.86 	 0.0013709417154836674 
16.88 	 0.0014071932090627408 
16.9 	 0.0014486587876122409 
16.92 	 0.001495945152052452 
16.94 	 0.0015480019404824471 
16.96 	 0.0016055468264182732 
16.98 	 0.0016667638694781166 
17.0 	 0.0017321609937296582 
17.02 	 0.0017995083027231907 
17.04 	 0.0018686698227039717 
17.06 	 0.001937671803091497 
17.08 	 0.0020054967658789252 
17.1 	 0.0020712620748620813 
17.12 	 0.002133330723097068 
17.14 	 0.002192625567938399 
17.16 	 0.0022475956539236984 
17.18 	 0.0023013257717412884 
17.2 	 0.0023528863393162424 
17.22 	 0.0024074789837331685 
17.24 	 0.0024643399335518464 
17.26 	 0.0025304689035708775 
17.28 	 0.0026035226921447157 
17.3 	 0.002691944027077896 
17.32 	 0.002789316343372704 
17.34 	 0.0029054721575595566 
17.36 	 0.0030276920036256933 
17.38 	 0.0031676277074132934 
17.4 	 0.003305484281373918 
17.42 	 0.003455026330665569 
17.44 	 0.0035915152046226556 
17.46 	 0.0037293876779757778 
17.48 	 0.0038450901849921676 
17.5 	 0.00394923926858516 
17.52 	 0.004028687824062814 
17.54 	 0.0040835255498743225 
17.56 	 0.004119683723376142 
17.58 	 0.004120986075968725 
17.6 	 0.00411615391997134 
17.62 	 0.004071243139794414 
17.64 	 0.0040346311359538535 
17.66 	 0.00395817407069073 
17.68 	 0.003901868585869616 
17.7 	 0.003810101467984547 
17.72 	 0.003745467453521044 
17.74 	 0.0036519324052247657 
17.76 	 0.003587728690558916 
17.78 	 0.003501837148639727 
17.8 	 0.0034441012054573067 
17.82 	 0.0033718214346338893 
17.84 	 0.003324683620369315 
17.86 	 0.0032697888405611372 
17.88 	 0.003236201237049274 
17.9 	 0.0032008898691396055 
17.92 	 0.0031826901667037794 
17.94 	 0.0031673094846544183 
17.96 	 0.0031646938159649377 
17.98 	 0.003167086447301318 
18.0 	 0.0031780524417779274 
18.02 	 0.0031933550761178106 
18.04 	 0.0032137707538734328 
18.06 	 0.0032352769891197328 
18.08 	 0.0032599019305366295 
18.1 	 0.00328098427132235 
18.12 	 0.003305182039074984 
18.14 	 0.0033215172538482254 
18.16 	 0.0033428709574579705 
18.18 	 0.0033537555121783877 
18.2 	 0.003372674330357211 
18.22 	 0.003380483535496045 
18.24 	 0.00339932661494013 
18.26 	 0.003407180713544979 
18.28 	 0.0034282393397364326 
18.3 	 0.0034370825762728642 
18.32 	 0.00346047043245047 
18.34 	 0.0034672454628853263 
18.36 	 0.0034898855505870485 
18.38 	 0.0034879857296287466 
18.4 	 0.0035043496039866995 
18.42 	 0.0034863747287885868 
18.44 	 0.003490746958434472 
18.46 	 0.003452356863908777 
18.48 	 0.003441640637671287 
18.5 	 0.0033845703754845726 
18.52 	 0.003360341686958325 
18.54 	 0.003292855096298842 
18.56 	 0.003261605203394846 
18.58 	 0.0031958488837510284 
18.6 	 0.0031670584207073144 
18.62 	 0.0031143112516366688 
18.64 	 0.003096936816761924 
18.66 	 0.003062714021444552 
18.68 	 0.0030614286767712347 
18.7 	 0.0030423822948851707 
18.72 	 0.0030551080681967 
18.74 	 0.0030389986862114156 
18.76 	 0.0030567951845914907 
18.78 	 0.0030258981147952536 
18.8 	 0.0030353572928977068 
18.82 	 0.00297248840372453 
18.84 	 0.0029598363093309783 
18.86 	 0.002854799264570235 
18.88 	 0.002810255986505684 
18.9 	 0.002663754221857727 
18.92 	 0.002584529772779474 
18.94 	 0.0024075467813486676 
18.96 	 0.0022983023212384676 
18.98 	 0.0021074829194490156 
19.0 	 0.0019781875364023975 
19.02 	 0.001789984376607538 
19.04 	 0.0016523468035278105 
19.06 	 0.0014788488811719371 
19.08 	 0.0013430587186250623 
19.1 	 0.001190755492063619 
19.12 	 0.0010638038590312223 
19.14 	 0.0009347626118837363 
19.16 	 0.0008206151142157776 
19.18 	 0.000714779486737695 
19.2 	 0.0006158414024467183 
19.22 	 0.0005332845032488284 
19.24 	 0.000452252979565264 
19.26 	 0.0003946814440097323 
19.28 	 0.0003359411974871806 
19.3 	 0.0003071979146007047 
19.32 	 0.0002771740915285407 
19.34 	 0.00028280825647717533 
19.36 	 0.0002890244935115678 
19.38 	 0.0003351327939499161 
19.4 	 0.0003841355390069317 
19.42 	 0.00047563618454496024 
19.44 	 0.0005704305036493741 
19.46 	 0.000708891756156592 
19.48 	 0.0008469219400974023 
19.5 	 0.0010282927331678432 
19.52 	 0.0012009692912641643 
19.54 	 0.0014140338064303638 
19.56 	 0.001608152751976765 
19.58 	 0.001834752550478634 
19.6 	 0.0020351511886985622 
19.62 	 0.0022526559682492777 
19.64 	 0.0024448169157870467 
19.66 	 0.0026301669388506758 
19.68 	 0.0028017440122207905 
19.7 	 0.0029355714657999534 
19.72 	 0.0030767297017763678 
19.74 	 0.0031463095493356598 
19.76 	 0.0032495693058694737 
19.78 	 0.0032502946831212266 
19.8 	 0.0033106884797884473 
19.82 	 0.0032463789765284955 
19.84 	 0.003262216594165613 
19.86 	 0.003144374451350428 
19.88 	 0.003118199068932664 
19.9 	 0.0029639482802208154 
19.92 	 0.0029028506644116375 
19.94 	 0.0027315769568918053 
19.96 	 0.0026462448096968207 
19.98 	 0.0024757964391970526 
20.0 	 0.002378406871215272 
20.02 	 0.0022221680958166914 
20.04 	 0.0021239291749123343 
20.06 	 0.0019896061343155744 
20.08 	 0.001898895440601998 
20.1 	 0.0017889356238166378 
20.12 	 0.0017105492756126824 
20.14 	 0.0016235080389523314 
20.16 	 0.0015589329467992831 
20.18 	 0.0014910538666476599 
20.2 	 0.0014393201731032151 
20.22 	 0.0013858853841214052 
20.24 	 0.0013445569604940138 
20.26 	 0.0013008807957633737 
20.28 	 0.0012669378503239353 
20.3 	 0.001229046560084311 
20.32 	 0.0011995878851458327 
20.34 	 0.001164634269365472 
20.36 	 0.0011373801702126277 
20.38 	 0.0011037821836513292 
20.4 	 0.0010773389973193922 
20.42 	 0.0010446234257032185 
20.44 	 0.0010184741137904143 
20.46 	 0.0009868874144587456 
20.48 	 0.0009611446427166199 
20.5 	 0.0009311943060738132 
20.52 	 0.0009062486397412536 
20.54 	 0.0008783610438266713 
20.56 	 0.0008545926825147469 
20.58 	 0.000828985899943434 
20.6 	 0.0008066430714934282 
20.62 	 0.0007833774562621674 
20.64 	 0.0007626042717733879 
20.66 	 0.000741687668185732 
20.68 	 0.0007226008198805833 
20.7 	 0.0007040404581256392 
20.72 	 0.0006867620672286509 
20.74 	 0.0006705396117264944 
20.76 	 0.0006551664915652323 
20.78 	 0.000641186187448364 
20.8 	 0.0006277398785502472 
20.82 	 0.0006158072882890133 
20.84 	 0.0006042137338555986 
20.86 	 0.0005940565222466838 
20.88 	 0.0005841618638535585 
20.9 	 0.000575461066370057 
20.92 	 0.000567053523254316 
20.94 	 0.0005594552552218188 
20.96 	 0.0005522682047044705 
20.98 	 0.0005453816524765898 
21.0 	 0.0005390869027414811 
21.02 	 0.0005325004422634284 
21.04 	 0.0005267222180651837 
21.06 	 0.0005200562689408714 
21.08 	 0.0005144218509689226 
21.1 	 0.0005073989879168535 
21.12 	 0.0005016070890127516 
21.14 	 0.0004940971540825224 
21.16 	 0.0004879656447769327 
21.18 	 0.00047997923349924604 
21.2 	 0.0004734481419137056 
21.22 	 0.00046508971542690236 
21.24 	 0.00045818847365626324 
21.26 	 0.0004496044217781862 
21.28 	 0.00044241318330782525 
21.3 	 0.0004337615250626544 
21.32 	 0.00042638889602198955 
21.34 	 0.00041782975474802166 
21.36 	 0.0004104054320617913 
21.38 	 0.00040209346723821634 
21.4 	 0.000394759128782887 
21.42 	 0.00038682493182319263 
21.44 	 0.00037971281505980896 
21.46 	 0.0003722391176764438 
21.48 	 0.00036544515158718876 
21.5 	 0.0003584545740712969 
21.52 	 0.00035202254606622887 
21.54 	 0.00034548688273371814 
21.56 	 0.0003394133540286342 
21.58 	 0.0003332785077014633 
21.6 	 0.0003275332233654493 
21.62 	 0.0003217441373338289 
21.64 	 0.0003162916412261949 
21.66 	 0.0003108049639407097 
21.68 	 0.0003056161430683726 
21.7 	 0.0003003994034371655 
21.72 	 0.0002954515108083978 
21.74 	 0.00029047603541257485 
21.76 	 0.0002857472112369864 
21.78 	 0.00028098260099265754 
21.8 	 0.0002764474698666841 
21.82 	 0.0002718605493710255 
21.84 	 0.00026748927326858375 
21.86 	 0.00026304575617214687 
21.88 	 0.0002588050029992057 
21.9 	 0.00025447130564923345 
21.92 	 0.0002503251246480932 
21.94 	 0.00024607024858568907 
21.96 	 0.00024198130020812173 
21.98 	 0.00023778128761770833 
22.0 	 0.00023371532377025335 
22.02 	 0.0002295625556627435 
22.04 	 0.00022549874050729334 
22.06 	 0.0002214148162544355 
22.08 	 0.0002173608632470283 
22.1 	 0.00021340717932053573 
22.12 	 0.00020941335839222742 
22.14 	 0.00020569114619961972 
22.16 	 0.00020185427448676953 
22.18 	 0.0001984880545978649 
22.2 	 0.00019493822217446675 
22.22 	 0.0001920432085659887 
22.24 	 0.000188912554900551 
22.26 	 0.00018655489565759474 
22.28 	 0.00018393680117649957 
22.3 	 0.0001821016745077203 
22.32 	 0.00018001569568655673 
22.34 	 0.00017859827278693022 
22.36 	 0.00017697638869098908 
22.38 	 0.00017580271605048716 
22.4 	 0.00017450431958625627 
22.42 	 0.00017337578733270993 
22.44 	 0.0001722258038974516 
22.46 	 0.00017096914102694604 
22.48 	 0.00016980296878491753 
22.5 	 0.00016830533347925088 
22.52 	 0.00016700239112937734 
22.54 	 0.0001652202055396899 
22.56 	 0.000163715682553371 
22.58 	 0.00016166037653981668 
22.6 	 0.00015993701366170276 
22.62 	 0.0001576511261211416 
22.64 	 0.00015572175608615053 
22.66 	 0.0001532591806310268 
22.68 	 0.00015115156402222262 
22.7 	 0.00014856810373467 
22.72 	 0.00014631755329825064 
22.74 	 0.00014366928713662044 
22.76 	 0.00014131727371473077 
22.78 	 0.0001386604314468528 
22.8 	 0.0001362539643267465 
22.82 	 0.0001336420017735943 
22.84 	 0.00013123016352305082 
22.86 	 0.00012870816528076873 
22.88 	 0.00012633600569879862 
22.9 	 0.00012393542053658324 
22.92 	 0.00012163797927922714 
22.94 	 0.00011937447935218345 
22.96 	 0.0001171735770205105 
22.98 	 0.00011504873862442309 
23.0 	 0.00011295335272100682 
23.02 	 0.0001109589381047554 
23.04 	 0.00010896824710213775 
23.06 	 0.0001070911773808944 
23.08 	 0.00010519863667580026 
23.1 	 0.00010342506948667182 
23.12 	 0.00010162202982412311 
23.14 	 9.993969995418827e-05 
23.16 	 9.821766174245713e-05 
23.18 	 9.661649216662501e-05 
23.2 	 9.496787937636215e-05 
23.22 	 9.343961143277114e-05 
23.24 	 9.185769507910321e-05 
23.26 	 9.039552820084837e-05 
23.28 	 8.887437548243104e-05 
23.3 	 8.747310135048865e-05 
23.32 	 8.600793216845613e-05 
23.34 	 8.466420919226658e-05 
23.36 	 8.325176468995671e-05 
23.38 	 8.196387303297403e-05 
23.4 	 8.060218978230756e-05 
23.42 	 7.936922057613336e-05 
23.44 	 7.805686075194545e-05 
23.46 	 7.687817074601403e-05 
23.48 	 7.56137822794152e-05 
23.5 	 7.448962210343812e-05 
23.52 	 7.327269463193276e-05 
23.54 	 7.22059439230503e-05 
23.56 	 7.10386501014834e-05 
23.58 	 7.00365215036889e-05 
23.6 	 6.892556755998222e-05 
23.62 	 6.800011168625672e-05 
23.64 	 6.695758126458512e-05 
23.66 	 6.612478363419476e-05 
23.68 	 6.516784419578733e-05 
23.7 	 6.444575337891466e-05 
23.72 	 6.359551216910039e-05 
23.74 	 6.300119476220185e-05 
23.76 	 6.228016207074556e-05 
23.78 	 6.182418484216974e-05 
23.8 	 6.125077777149475e-05 
23.82 	 6.092848314145789e-05 
23.84 	 6.050785359801255e-05 
23.86 	 6.028982560974357e-05 
23.88 	 6.000358241432153e-05 
23.9 	 5.9831250640022744e-05 
23.92 	 5.963193958420399e-05 
23.94 	 5.9424324930440246e-05 
23.96 	 5.9240216469942376e-05 
23.98 	 5.8912565758262295e-05 
24.0 	 5.8663344188026635e-05 
24.02 	 5.8150827963447285e-05 
24.04 	 5.776837731180312e-05 
24.06 	 5.7044057179631884e-05 
24.08 	 5.648946503715745e-05 
24.1 	 5.5568766831653474e-05 
24.12 	 5.483897877536768e-05 
24.14 	 5.377044682776271e-05 
24.16 	 5.289357685738533e-05 
24.18 	 5.1741952392218656e-05 
24.2 	 5.076510205113e-05 
24.22 	 4.959419458090576e-05 
24.24 	 4.8569297058318314e-05 
24.26 	 4.7429697905549727e-05 
24.28 	 4.640183060361308e-05 
24.3 	 4.5325397361726386e-05 
24.32 	 4.432611716403939e-05 
24.34 	 4.332710964361573e-05 
24.36 	 4.2373746778677e-05 
24.38 	 4.14550930281167e-05 
24.4 	 4.055528906942483e-05 
24.42 	 3.971695049053094e-05 
24.44 	 3.887578938786671e-05 
24.46 	 3.812117494369939e-05 
24.48 	 3.7346970098738134e-05 
24.5 	 3.6684173756977e-05 
24.52 	 3.598967150110226e-05 
24.54 	 3.5427166315819655e-05 
24.56 	 3.482565049742709e-05 
24.58 	 3.436527457736667e-05 
24.6 	 3.386409861257316e-05 
24.62 	 3.3495507334795374e-05 
24.64 	 3.309082783788646e-05 
24.66 	 3.279028785661327e-05 
24.68 	 3.24655476689594e-05 
24.7 	 3.2199254478405716e-05 
24.72 	 3.192754117905327e-05 
24.74 	 3.165762143175924e-05 
24.76 	 3.14063628104531e-05 
24.78 	 3.109746117975747e-05 
24.8 	 3.083385075026931e-05 
24.82 	 3.0459049030061638e-05 
24.84 	 3.0155350198114687e-05 
24.86 	 2.970072662496889e-05 
24.88 	 2.933893529647813e-05 
24.9 	 2.8805828887807603e-05 
24.92 	 2.8380755297892785e-05 
24.94 	 2.7784572272163468e-05 
24.96 	 2.7304035679556503e-05 
24.98 	 2.6669224689408052e-05 
25.0 	 2.6150649542917112e-05 
25.02 	 2.5503162348360503e-05 
25.04 	 2.496739444490961e-05 
25.06 	 2.4327349370442152e-05 
25.08 	 2.379197384725893e-05 
25.1 	 2.3169264942699156e-05 
25.12 	 2.2644023047947108e-05 
25.14 	 2.2038212390404233e-05 
25.16 	 2.1524033723459893e-05 
25.18 	 2.0927908120730176e-05 
25.2 	 2.0419320636171946e-05 
25.22 	 1.982406856568718e-05 
25.24 	 1.9313368537816004e-05 
25.26 	 1.871305901804134e-05 
25.28 	 1.8194249721190672e-05 
25.3 	 1.7588096719359455e-05 
25.32 	 1.7059187954986028e-05 
25.34 	 1.6451366865525964e-05 
25.36 	 1.5914660706250758e-05 
25.38 	 1.5312500297808046e-05 
25.4 	 1.47733966027204e-05 
25.42 	 1.4185174448544547e-05 
25.44 	 1.36504573556509e-05 
25.46 	 1.3083786384691128e-05 
25.48 	 1.2560257286313053e-05 
25.5 	 1.2021467141631456e-05 
25.52 	 1.151535647644707e-05 
25.54 	 1.1009682122881898e-05 
25.56 	 1.0526753034409404e-05 
25.58 	 1.0058760881129962e-05 
25.6 	 9.604620037667048e-06 
25.62 	 9.178233204969146e-06 
25.64 	 8.758241133979923e-06 
25.66 	 8.376004955772266e-06 
25.68 	 7.994422681769756e-06 
25.7 	 7.656199140088508e-06 
25.72 	 7.314760878165164e-06 
25.74 	 7.0165898912345635e-06 
25.76 	 6.713254130377656e-06 
25.78 	 6.447287649369589e-06 
25.8 	 6.176063400286569e-06 
25.82 	 5.932030780652079e-06 
25.84 	 5.684285714885575e-06 
25.86 	 5.452072028220766e-06 
25.88 	 5.218872891731754e-06 
25.9 	 4.991069426725486e-06 
25.92 	 4.765490064799034e-06 
25.94 	 4.538765447672601e-06 
25.96 	 4.317169739563149e-06 
25.98 	 4.0920411707581445e-06 
26.0 	 3.874018640223815e-06 
26.02 	 3.653518665234355e-06 
26.04 	 3.4409042196205424e-06 
26.06 	 3.2290793783568995e-06 
26.08 	 3.0248192215149266e-06 
26.1 	 2.8257478744587083e-06 
26.12 	 2.633148635381572e-06 
26.14 	 2.45055724754961e-06 
26.16 	 2.2729556634022605e-06 
26.18 	 2.110064384000127e-06 
26.2 	 1.950602337779857e-06 
26.22 	 1.8098131180035276e-06 
26.24 	 1.6710145780067243e-06 
26.26 	 1.553346483692363e-06 
26.28 	 1.4364584089315919e-06 
26.3 	 1.3409278389388514e-06 
26.32 	 1.2452464708376338e-06 
26.34 	 1.1685000385868365e-06 
26.36 	 1.0910041666223078e-06 
26.38 	 1.0274752109255156e-06 
26.4 	 9.630482675320815e-07 
26.42 	 9.058200010029912e-07 
26.44 	 8.482142522890811e-07 
26.46 	 7.906103851243137e-07 
26.48 	 7.340641796613115e-07 
26.5 	 6.716594936426047e-07 
26.52 	 6.127232130682253e-07 
26.54 	 5.450471528749375e-07 
26.56 	 4.83889075847382e-07 
26.58 	 4.149294193324819e-07 
26.6 	 3.554624166301319e-07 
26.62 	 2.9249812746012745e-07 
26.64 	 2.411694154500816e-07 
26.66 	 1.9235341378737212e-07 
26.68 	 1.5609888620317878e-07 
26.7 	 1.2795301306369526e-07 
26.72 	 1.1222556592356401e-07 
26.74 	 1.0821446601149633e-07 
26.76 	 1.1591463866124998e-07 
26.78 	 1.3653783301504686e-07 
26.8 	 1.6815106557843695e-07 
26.82 	 2.1209801891535313e-07 
26.84 	 2.6667119977100173e-07 
26.86 	 3.321330801637364e-07 
26.88 	 4.083344996809002e-07 
26.9 	 4.937751780547475e-07 
26.92 	 5.904567753996009e-07 
26.94 	 6.947521230490827e-07 
26.96 	 8.109987506424335e-07 
26.98 	 9.333396117117318e-07 
27.0 	 1.0684202596948856e-06 
27.02 	 1.2083746687584523e-06 
27.04 	 1.361932378139213e-06 
27.06 	 1.5196745435196476e-06 
27.08 	 1.6920567684026773e-06 
27.1 	 1.8684477238057718e-06 
27.12 	 2.0607907247023483e-06 
27.14 	 2.2570884457264623e-06 
27.16 	 2.470958540201994e-06 
27.18 	 2.688337084190359e-06 
27.2 	 2.925205037135479e-06 
27.22 	 3.164515188117572e-06 
27.24 	 3.425565707735853e-06 
27.26 	 3.687544523691919e-06 
27.28 	 3.973994209223817e-06 
27.3 	 4.259613594662323e-06 
27.32 	 4.573113587800455e-06 
27.34 	 4.883505307593058e-06 
27.36 	 5.225976101988448e-06 
27.38 	 5.561730640916623e-06 
27.4 	 5.934451092428154e-06 
27.42 	 6.294778342400664e-06 
27.44 	 6.6973447244464205e-06 
27.46 	 7.079910023984808e-06 
27.48 	 7.510004114509892e-06 
27.5 	 7.911810048889387e-06 
27.52 	 8.366176055684353e-06 
27.54 	 8.785012673598998e-06 
27.56 	 9.261096065302416e-06 
27.58 	 9.696632070075685e-06 
27.6 	 1.0193857607818313e-05 
27.62 	 1.0647804679345141e-05 
27.64 	 1.1167888634484431e-05 
27.66 	 1.1643436786411697e-05 
27.68 	 1.2189963386890976e-05 
27.7 	 1.2691070684446126e-05 
27.72 	 1.3268928188687945e-05 
27.74 	 1.3799720264845821e-05 
27.76 	 1.4414559268547471e-05 
27.78 	 1.4978542050773112e-05 
27.8 	 1.5635814780940964e-05 
27.82 	 1.6234605887324172e-05 
27.84 	 1.693785885426878e-05 
27.86 	 1.7569850744126104e-05 
27.88 	 1.8318858418683016e-05 
27.9 	 1.8978889348567006e-05 
27.92 	 1.976899911080909e-05 
27.94 	 2.044983584753048e-05 
27.96 	 2.127354571544928e-05 
27.98 	 2.1968757448476527e-05 
28.0 	 2.2819096939752398e-05 
28.02 	 2.352568150060593e-05 
28.04 	 2.4399487122035723e-05 
28.06 	 2.5118392315564836e-05 
28.08 	 2.601716754314056e-05 
28.1 	 2.6750792103118577e-05 
28.12 	 2.7677773169567638e-05 
28.14 	 2.8425081083745773e-05 
28.16 	 2.937891576942444e-05 
28.18 	 3.013037489870929e-05 
28.2 	 3.109792253658586e-05 
28.22 	 3.183367274470087e-05 
28.24 	 3.2786377838701754e-05 
28.26 	 3.3481167066644935e-05 
28.28 	 3.438024188020442e-05 
28.3 	 3.501676887710454e-05 
28.32 	 3.583039544826315e-05 
28.34 	 3.641852592747933e-05 
28.36 	 3.714854163691696e-05 
28.38 	 3.774290078539383e-05 
28.4 	 3.8450766350296847e-05 
28.42 	 3.915619324867788e-05 
28.44 	 3.997328763217504e-05 
28.46 	 4.092911060159744e-05 
28.48 	 4.203944220814926e-05 
28.5 	 4.33805787868226e-05 
28.52 	 4.497503924231113e-05 
28.54 	 4.6778963671758065e-05 
28.56 	 4.899320349180054e-05 
28.58 	 5.123193307025212e-05 
28.6 	 5.4087286631398615e-05 
28.62 	 5.6606283426960016e-05 
28.64 	 5.997263395835087e-05 
28.66 	 6.25103358277761e-05 
28.68 	 6.61049632166165e-05 
28.7 	 6.835039885781115e-05 
28.72 	 7.178103263828096e-05 
28.74 	 7.345132445888429e-05 
28.76 	 7.630284921175563e-05 
28.78 	 7.721609361549439e-05 
28.8 	 7.916420738721018e-05 
28.82 	 7.928738552362775e-05 
28.84 	 8.020181121867183e-05 
28.86 	 7.966114250260998e-05 
28.88 	 7.965121328919455e-05 
28.9 	 7.869906737109758e-05 
28.92 	 7.807268372367834e-05 
28.94 	 7.701537903292392e-05 
28.96 	 7.616541523581685e-05 
28.98 	 7.527364788427979e-05 
29.0 	 7.454541295160858e-05 
29.02 	 7.398322278130482e-05 
29.04 	 7.358310633365738e-05 
29.06 	 7.338564147979325e-05 
29.08 	 7.33623314505985e-05 
29.1 	 7.346643362054353e-05 
29.12 	 7.375585385957357e-05 
29.14 	 7.405971668582049e-05 
29.16 	 7.455819610758965e-05 
29.18 	 7.497629222989448e-05 
29.2 	 7.560280691075055e-05 
29.22 	 7.609255125971252e-05 
29.24 	 7.681559502046395e-05 
29.26 	 7.7371718807997e-05 
29.28 	 7.819857873516636e-05 
29.3 	 7.882728414437896e-05 
29.32 	 7.977127584004082e-05 
29.34 	 8.046215559461921e-05 
29.36 	 8.150907132623269e-05 
29.38 	 8.221881612032882e-05 
29.4 	 8.330832205451094e-05 
29.42 	 8.39615880956116e-05 
29.44 	 8.498955069488865e-05 
29.46 	 8.549472221481594e-05 
29.48 	 8.633446162526006e-05 
29.5 	 8.660786414449147e-05 
29.52 	 8.714324469174441e-05 
29.54 	 8.713380422287526e-05 
29.56 	 8.72934295926896e-05 
29.58 	 8.699956305154404e-05 
29.6 	 8.67794092857986e-05 
29.62 	 8.62514515314421e-05 
29.64 	 8.571580458341412e-05 
29.66 	 8.504180066886239e-05 
29.68 	 8.430097933815929e-05 
29.7 	 8.358078705769099e-05 
29.72 	 8.275544940442062e-05 
29.74 	 8.207422657727277e-05 
29.76 	 8.126284099426816e-05 
29.78 	 8.067550991529081e-05 
29.8 	 7.993881983681998e-05 
29.82 	 7.947085871773438e-05 
29.84 	 7.883692738833349e-05 
29.86 	 7.849799181829353e-05 
29.88 	 7.798091009487007e-05 
29.9 	 7.778219029853727e-05 
29.92 	 7.740280733049842e-05 
29.94 	 7.736914014941495e-05 
29.96 	 7.716793979934069e-05 
29.98 	 7.733960709940719e-05 
30.0 	 7.73768631605173e-05 
30.02 	 7.780062292336974e-05 
30.04 	 7.814408720245916e-05 
30.06 	 7.885678968706398e-05 
30.08 	 7.956128184003583e-05 
30.1 	 8.057208419451139e-05 
30.12 	 8.165805037956266e-05 
30.14 	 8.293597630459619e-05 
30.16 	 8.437434977398007e-05 
30.18 	 8.584589204530164e-05 
30.2 	 8.755397872544943e-05 
30.22 	 8.911154010045955e-05 
30.24 	 9.096088784940409e-05 
30.26 	 9.247968311488166e-05 
30.28 	 9.431454308993681e-05 
30.3 	 9.567456699719616e-05 
30.32 	 9.733881458705419e-05 
30.34 	 9.844821806381892e-05 
30.36 	 9.981683215125294e-05 
30.38 	 0.00010063160180175007 
30.4 	 0.00010163860081275796 
30.42 	 0.0001021717820747441 
30.44 	 0.00010282349005760748 
30.46 	 0.00010313890923410119 
30.48 	 0.00010350538758761517 
30.5 	 0.00010369746223053112 
30.52 	 0.00010388599791215055 
30.54 	 0.00010405472782722476 
30.56 	 0.00010417898857512944 
30.58 	 0.00010441101286519745 
30.6 	 0.00010456928647987649 
30.62 	 0.00010493052961542241 
30.64 	 0.00010519805352152591 
30.66 	 0.0001057371209352305 
30.68 	 0.00010617097436124511 
30.7 	 0.0001069312463496349 
30.72 	 0.0001075870952635755 
30.74 	 0.00010862710311697428 
30.76 	 0.0001095887423223233 
30.78 	 0.00011100691848231279 
30.8 	 0.0001124221538850935 
30.82 	 0.00011437139362246724 
30.84 	 0.00011647269610566129 
30.86 	 0.00011914212688660474 
30.88 	 0.00012222259713101598 
30.9 	 0.00012577202244291947 
30.92 	 0.00013010051193224537 
30.94 	 0.0001345596686023659 
30.96 	 0.00014025018883322287 
30.98 	 0.00014542479347331522 
31.0 	 0.00015230521443149474 
31.02 	 0.00015774131561659808 
31.04 	 0.00016527747210256475 
31.06 	 0.00017031424246578703 
31.08 	 0.00017763614806859206 
31.1 	 0.00018153875121672305 
31.12 	 0.0001875920333903595 
31.14 	 0.00018972651970930785 
31.16 	 0.00019353444564846264 
31.18 	 0.0001935383756001426 
31.2 	 0.00019450576195302935 
31.22 	 0.00019241021266798463 
31.24 	 0.00019054851016341866 
31.26 	 0.00018680495657026492 
31.28 	 0.00018275394980346726 
31.3 	 0.00017812595463587722 
31.32 	 0.00017292730699395987 
31.34 	 0.00016825294174462228 
31.36 	 0.00016296397703890404 
31.38 	 0.0001588752966275566 
31.4 	 0.00015420564752728462 
31.42 	 0.00015094160354185335 
31.44 	 0.00014707914623149815 
31.46 	 0.00014448851706807357 
31.48 	 0.00014117316105263894 
31.5 	 0.00013889693651340988 
31.52 	 0.0001356806209804563 
31.54 	 0.0001334110820884896 
31.56 	 0.0001299701689319669 
31.58 	 0.0001276604444435934 
31.6 	 0.00012401765479756952 
31.62 	 0.00012195262624631175 
31.64 	 0.00011851507522739308 
31.66 	 0.00011722152191444381 
31.68 	 0.00011463358071280435 
31.7 	 0.00011468131780084954 
31.72 	 0.00011358416686730471 
31.74 	 0.00011538293602063032 
31.76 	 0.00011621129502803988 
31.78 	 0.00011990602703981681 
31.8 	 0.0001228140393030015 
31.82 	 0.00012831809853951646 
31.84 	 0.00013324426421175458 
31.86 	 0.00014036965443345998 
31.88 	 0.00014718254843688978 
31.9 	 0.00015578398624803915 
31.92 	 0.00016442999344688737 
31.94 	 0.00017449414915435158 
31.96 	 0.00018509075339864952 
31.98 	 0.00019674556899972225 
32.0 	 0.0002096012532416318 
32.02 	 0.00022305474223756718 
32.04 	 0.00023862101179196278 
32.06 	 0.0002540479077299401 
32.08 	 0.0002728095160336784 
32.1 	 0.00029020056901252124 
32.12 	 0.0003125005570001979 
32.14 	 0.00033149769131814166 
32.16 	 0.00035729961998232725 
32.18 	 0.0003770668916870673 
32.2 	 0.00040568908953400297 
32.22 	 0.0004248879028861959 
32.24 	 0.0004547900252891586 
32.26 	 0.0004717021993265266 
32.28 	 0.0005004373019111805 
32.3 	 0.0005132150920790455 
32.32 	 0.0005376584145429516 
32.34 	 0.000544630991174967 
32.36 	 0.000561538781226083 
32.38 	 0.0005615163320178376 
32.4 	 0.0005683391057270794 
32.42 	 0.0005608983548148765 
32.44 	 0.0005566021199228325 
32.46 	 0.0005423285905352853 
32.48 	 0.0005278702746357158 
32.5 	 0.0005084551297019637 
32.52 	 0.00048664106191774074 
32.54 	 0.00046468905973128416 
32.56 	 0.0004394300821113852 
32.58 	 0.0004179442606604951 
32.6 	 0.0003932370232304457 
32.62 	 0.0003749562161354549 
32.64 	 0.00035403574648011616 
32.66 	 0.0003409177987211238 
32.68 	 0.00032586773958149807 
32.7 	 0.0003189152470604969 
32.72 	 0.00031073929106851904 
32.74 	 0.0003101490095566674 
32.76 	 0.0003091082231876577 
32.78 	 0.00031456994967998906 
32.8 	 0.0003205535247886504 
32.82 	 0.0003315054927135256 
32.84 	 0.0003442642444492008 
32.86 	 0.0003599837708563193 
32.88 	 0.0003791342805263427 
32.9 	 0.0003986428014303218 
32.92 	 0.0004234289431946655 
32.94 	 0.00044529511590306537 
32.96 	 0.00047419869534196196 
32.98 	 0.0004964027387030039 
33.0 	 0.0005268194888600051 
33.02 	 0.0005468395038145421 
33.04 	 0.0005751102607566709 
33.06 	 0.0005902915727109105 
33.08 	 0.0006123081848412217 
33.1 	 0.0006204543982403256 
33.12 	 0.0006328009756913037 
33.14 	 0.0006328463608063749 
33.16 	 0.0006340686647465225 
33.18 	 0.0006266212710541955 
33.2 	 0.0006179845597578147 
33.22 	 0.0006054584944107733 
33.24 	 0.0005907198237949237 
33.26 	 0.0005768433595149388 
33.28 	 0.0005610983931168737 
33.3 	 0.0005498839850775119 
33.32 	 0.0005380495613185605 
33.34 	 0.0005326434845182036 
33.36 	 0.0005282174710075268 
33.38 	 0.0005301065091517306 
33.4 	 0.000534535481566667 
33.42 	 0.0005433461670382516 
33.44 	 0.0005559771856203682 
33.46 	 0.0005698029623033278 
33.48 	 0.0005882489274770781 
33.5 	 0.0006042837964174651 
33.52 	 0.0006250599692781231 
33.54 	 0.0006403136972489415 
33.56 	 0.0006596454148902028 
33.58 	 0.0006715838601627618 
33.6 	 0.0006862592167022896 
33.62 	 0.0006932884562756924 
33.64 	 0.0007013813220751361 
33.66 	 0.0007031477593585454 
33.68 	 0.0007044553954303435 
33.7 	 0.0007019631787476301 
33.72 	 0.0006981043231327627 
33.74 	 0.0006936580869848449 
33.76 	 0.0006878781450138296 
33.78 	 0.0006848388839821354 
33.8 	 0.000681586989308712 
33.82 	 0.0006839008587913295 
33.84 	 0.0006882035355318358 
33.86 	 0.0006996910716389 
33.88 	 0.0007163465516122777 
33.9 	 0.0007398648065105789 
33.92 	 0.0007725595253132431 
33.94 	 0.00080929653360945 
33.96 	 0.0008598276684497233 
33.98 	 0.0009090027341038784 
34.0 	 0.0009767906094210754 
34.02 	 0.0010358575895010418 
34.04 	 0.001117859115710994 
34.06 	 0.0011830759441797923 
34.08 	 0.0012741439035126299 
34.1 	 0.0013412711047097795 
34.12 	 0.001434976641874135 
34.14 	 0.0014999539076387713 
34.16 	 0.0015898395060125513 
34.18 	 0.0016494363417514123 
34.2 	 0.0017305053170450072 
34.22 	 0.001782960423134884 
34.24 	 0.0018529407303468181 
34.26 	 0.0018984142526058325 
34.28 	 0.0019581378838906256 
34.3 	 0.0019985611934653772 
34.32 	 0.0020509565822003292 
34.34 	 0.002088913266759915 
34.36 	 0.002136732539973994 
34.38 	 0.002173501256941499 
34.4 	 0.002216710882391075 
34.42 	 0.002250239705290907 
34.44 	 0.0022844439165268 
34.46 	 0.002308320805777422 
34.48 	 0.0023252972470078734 
34.5 	 0.002329584019624675 
34.52 	 0.0023200650242514724 
34.54 	 0.002294278649658075 
34.56 	 0.0022519324754799713 
34.58 	 0.0021894696449300437 
34.6 	 0.0021142332766245853 
34.62 	 0.002016321411904594 
34.64 	 0.0019153692420391178 
34.66 	 0.0017921277276082065 
34.68 	 0.0016779128872327564 
34.7 	 0.0015453704268920633 
34.72 	 0.001431717588584774 
34.74 	 0.0013062071984022484 
34.76 	 0.001204371565271182 
34.78 	 0.0010974611597373914 
34.8 	 0.0010138142267379349 
34.82 	 0.0009302290634653049 
34.84 	 0.0008661300377483665 
34.86 	 0.0008048595072978534 
34.88 	 0.0007581886138246322 
34.9 	 0.0007152496538761328 
34.92 	 0.0006825523414205832 
34.94 	 0.0006536414817105261 
34.96 	 0.00063186835408122 
34.98 	 0.0006138564977273753 
35.0 	 0.0006011219560081123 
35.02 	 0.000592258345953921 
35.04 	 0.0005876657956434717 
35.06 	 0.0005870179671336782 
35.08 	 0.0005900745955115725 
35.1 	 0.0005969196886291662 
35.12 	 0.0006071117733196955 
35.14 	 0.0006207107279341371 
35.16 	 0.0006374635849395675 
35.18 	 0.0006571706446571068 
35.2 	 0.0006799884611238541 
35.22 	 0.0007053382275961629 
35.24 	 0.0007337402402277644 
35.26 	 0.0007641934828330593 
35.28 	 0.0007972466821965336 
35.3 	 0.0008315753018087018 
35.32 	 0.0008672059944976039 
35.34 	 0.0009028146246479168 
35.36 	 0.000937368019292085 
35.38 	 0.0009699903618110964 
35.4 	 0.000998491185488977 
35.42 	 0.0010226214176877863 
35.44 	 0.001039858165324892 
35.46 	 0.0010500117153912606 
35.48 	 0.001052093970432351 
35.5 	 0.0010445714475758054 
35.52 	 0.0010302731280645387 
35.54 	 0.001004680090249592 
35.56 	 0.0009759220994198245 
35.58 	 0.0009356149802580946 
35.6 	 0.0008968703809610918 
35.62 	 0.0008479900022241869 
35.64 	 0.0008049386227505129 
35.66 	 0.000754495683349256 
35.68 	 0.0007125504148027078 
35.7 	 0.0006665082738469901 
35.72 	 0.0006297337668676188 
35.74 	 0.0005918367995519837 
35.76 	 0.0005624475133435317 
35.78 	 0.0005339559328176386 
35.8 	 0.0005123006782149342 
35.82 	 0.0004923607627978038 
35.84 	 0.00047723179446870095 
35.86 	 0.00046356794864839325 
35.88 	 0.00045276083642512433 
35.9 	 0.0004425482726454392 
35.92 	 0.00043366972127593657 
35.94 	 0.00042454103228682714 
35.96 	 0.00041597803756166147 
35.98 	 0.0004069977115946975 
36.0 	 0.00039875629389116276 
36.02 	 0.0003909844653325656 
36.04 	 0.0003849832919866959 
36.06 	 0.00038123362047075775 
36.08 	 0.00038078546139331854 
36.1 	 0.00038453686987712795 
36.12 	 0.00039312818183940337 
36.14 	 0.00040706080496447235 
36.16 	 0.00042689516060755807 
36.18 	 0.00045173337915474905 
36.2 	 0.00048262417016279446 
36.22 	 0.0005167146512995267 
36.24 	 0.0005557762921708059 
36.26 	 0.000595410075704332 
36.28 	 0.0006376904639332798 
36.3 	 0.0006779460216212896 
36.32 	 0.0007177660038067389 
36.34 	 0.0007536181602759257 
36.36 	 0.0007860897180430463 
36.38 	 0.0008135270533712071 
36.4 	 0.0008356904208218649 
36.42 	 0.0008525740591644393 
36.44 	 0.0008638551683349634 
36.46 	 0.0008703213027821456 
36.48 	 0.0008723629588609839 
36.5 	 0.0008707179664456759 
36.52 	 0.0008668225050699791 
36.54 	 0.0008609892985201535 
36.56 	 0.0008553604843519756 
36.58 	 0.0008499650788336536 
36.6 	 0.0008468123395245771 
36.62 	 0.0008460394076799009 
36.64 	 0.000848593844474285 
36.66 	 0.000855042202971571 
36.68 	 0.0008646520886824506 
36.7 	 0.000878493991640508 
36.72 	 0.0008940844380445204 
36.74 	 0.0009127775860563296 
36.76 	 0.0009309361871613928 
36.78 	 0.000949594862630912 
36.8 	 0.0009653528929253531 
36.82 	 0.000977751296501663 
36.84 	 0.0009858621830514747 
36.86 	 0.0009859265231399288 
36.88 	 0.0009822504148920574 
36.9 	 0.0009657423114815429 
36.92 	 0.000948323812816626 
36.94 	 0.0009142377043954331 
36.96 	 0.0008837896744365985 
36.98 	 0.0008349086101219266 
37.0 	 0.0007945988663291652 
37.02 	 0.0007368437885944015 
37.04 	 0.0006914638477550993 
37.06 	 0.0006321661474015645 
37.08 	 0.000586923382445 
37.1 	 0.0005327045378651743 
37.12 	 0.0004919918188063347 
37.14 	 0.00044714161852814165 
37.16 	 0.0004136546403269512 
37.18 	 0.00037958354562929816 
37.2 	 0.0003540504599083038 
37.22 	 0.0003298079723064327 
37.24 	 0.00031137893060535895 
37.26 	 0.0002947852488032594 
37.28 	 0.00028186152448947583 
37.3 	 0.0002706780387770428 
37.32 	 0.0002617804480837428 
37.34 	 0.0002544911763805912 
37.36 	 0.00024881732046603373 
37.38 	 0.00024488540106494197 
37.4 	 0.00024246221529863868 
37.42 	 0.000242212863256426 
37.44 	 0.00024380354739083463 
37.46 	 0.00024819958972406006 
37.48 	 0.00025517001827367704 
37.5 	 0.0002656312509709777 
37.52 	 0.0002798197718935546 
37.54 	 0.00029803114644328006 
37.56 	 0.000321480469256872 
37.58 	 0.0003490448470853869 
37.6 	 0.0003834362041477559 
37.62 	 0.0004213261563238511 
37.64 	 0.0004671453583382563 
37.66 	 0.0005150783305684484 
37.68 	 0.0005708141486051209 
37.7 	 0.0006267721724603185 
37.72 	 0.0006886031204762847 
37.74 	 0.0007487243443987471 
37.76 	 0.0008110373303341215 
37.78 	 0.0008700571005525749 
37.8 	 0.0009267469307109613 
37.82 	 0.0009790035278565625 
37.84 	 0.001025024188249579 
37.86 	 0.0010657204660079376 
37.88 	 0.0010981416989621921 
37.9 	 0.0011242676099329438 
37.92 	 0.0011423560430189228 
37.94 	 0.0011527863847238767 
37.96 	 0.0011572348278084336 
37.98 	 0.0011520863173618053 
38.0 	 0.0011440253162311315 
38.02 	 0.0011239397245188581 
38.04 	 0.001104421267866279 
38.06 	 0.0010704811836058485 
38.08 	 0.0010407150138823068 
38.1 	 0.000995108327013147 
38.12 	 0.000957166437483707 
38.14 	 0.000903976667381754 
38.16 	 0.0008613508229680044 
38.18 	 0.0008066052613152383 
38.2 	 0.0007641100544845819 
38.22 	 0.0007147174319304542 
38.24 	 0.0006776592664269786 
38.26 	 0.0006396964132439602 
38.28 	 0.0006126526991955029 
38.3 	 0.000589889189984583 
38.32 	 0.0005756158349483581 
38.34 	 0.0005689027504692508 
38.36 	 0.0005677904470159951 
38.38 	 0.000575357027202468 
38.4 	 0.0005855961369937762 
38.42 	 0.0006039039832417066 
38.44 	 0.0006222171652755041 
38.46 	 0.0006469552489462703 
38.48 	 0.0006695438784971025 
38.5 	 0.0006964573251784479 
38.52 	 0.0007197858328744815 
38.54 	 0.0007451795096146212 
38.56 	 0.0007663875160546793 
38.58 	 0.0007872965758370391 
38.6 	 0.0008042603163675315 
38.62 	 0.000818414794244054 
38.64 	 0.0008296368045026084 
38.66 	 0.0008354168091162121 
38.68 	 0.0008399439532819328 
38.7 	 0.0008364808101267618 
38.72 	 0.0008339575174568811 
38.74 	 0.0008213861571343971 
38.76 	 0.0008122056344552029 
38.78 	 0.0007918867438978505 
38.8 	 0.0007772861064251819 
38.82 	 0.0007517281884914422 
38.84 	 0.0007336580358349384 
38.86 	 0.0007059915973172428 
38.88 	 0.0006867022829720363 
38.9 	 0.0006598437559754539 
38.92 	 0.0006413080437098399 
38.94 	 0.0006171820316367455 
38.96 	 0.0006005974569943802 
38.98 	 0.0005797710434706445 
39.0 	 0.0005653639133410022 
39.02 	 0.0005472092260441772 
39.04 	 0.0005344035463290796 
39.06 	 0.0005176338995382225 
39.08 	 0.0005054600241456142 
39.1 	 0.0004887496172728315 
39.12 	 0.0004762768407959171 
39.14 	 0.0004587154768721765 
39.16 	 0.0004453422166462589 
39.18 	 0.0004266224613427989 
39.2 	 0.000412177067840319 
39.22 	 0.00039254957636872067 
39.24 	 0.0003772455416108844 
39.26 	 0.0003573404901077411 
39.28 	 0.0003416544901978864 
39.3 	 0.00032226188642931185 
39.32 	 0.0003067888656261498 
39.34 	 0.00028866329662328614 
39.36 	 0.00027398613427501444 
39.38 	 0.00025771775673590075 
39.4 	 0.0002443191168434343 
39.42 	 0.0002302888824228579 
39.44 	 0.00021851966464109352 
39.46 	 0.00020692775253345843 
39.48 	 0.00019702558880059146 
39.5 	 0.00018795782467746105 
39.52 	 0.00018009053777462487 
39.54 	 0.00017358369533430437 
39.56 	 0.00016789106483768823 
39.58 	 0.00016397806058839417 
39.6 	 0.00016060354694535478 
39.62 	 0.00015934888014225586 
39.64 	 0.00015847546305292618 
39.66 	 0.0001600235476238376 
39.68 	 0.0001619278138935374 
39.7 	 0.00016656209639478873 
39.72 	 0.00017166232208346566 
39.74 	 0.00017982016413280413 
39.76 	 0.00018863858399755312 
39.78 	 0.0002007923532635702 
39.8 	 0.00021374023073677005 
39.82 	 0.0002300937825136235 
39.84 	 0.0002470767322022181 
39.86 	 0.00026714609410217436 
39.88 	 0.0002871575726618005 
39.9 	 0.0003094430547653795 
39.92 	 0.0003304423239462165 
39.94 	 0.00035245783232195325 
39.96 	 0.00037175556114918726 
39.98 	 0.00039056733372142124 
40.0 	 0.0004056329726207748 
40.02 	 0.00041875708551021584 
40.04 	 0.0004280264514796077 
40.06 	 0.0004342191990490965 
40.08 	 0.00043743722744939747 
40.1 	 0.00043690843172989333 
40.12 	 0.00043487341523611514 
40.14 	 0.0004288618817550656 
40.16 	 0.0004228534373183377 
40.18 	 0.0004129682574168591 
40.2 	 0.0004042808196753155 
40.22 	 0.0003920791728766886 
40.24 	 0.0003818774409363476 
40.26 	 0.00036880223531044354 
40.28 	 0.0003581964033593546 
40.3 	 0.00034563312816437877 
40.32 	 0.0003357161268160442 
40.34 	 0.00032488886718582983 
40.36 	 0.00031657969251305037 
40.38 	 0.0003082579353387909 
40.4 	 0.0003020236629749549 
40.42 	 0.0002962567681376501 
40.44 	 0.0002919298502324049 
40.46 	 0.00028804235289914027 
40.48 	 0.0002849023977290715 
40.5 	 0.0002818028561713236 
40.52 	 0.00027891080610917604 
40.54 	 0.00027556496711960733 
40.56 	 0.0002721730022160467 
40.58 	 0.0002680075632864792 
40.6 	 0.0002638406206388221 
40.62 	 0.0002589104392742424 
40.64 	 0.00025422451153865356 
40.66 	 0.0002491296686172163 
40.68 	 0.0002445925282162087 
40.7 	 0.00024025686536735205 
40.72 	 0.00023676185012135893 
40.74 	 0.00023420049150797375 
40.76 	 0.00023268933284422612 
40.78 	 0.00023281665802759262 
40.8 	 0.00023411052725195024 
40.82 	 0.0002375624285720367 
40.84 	 0.0002421621643578649 
40.86 	 0.00024910189791228787 
40.88 	 0.00025695917076505023 
40.9 	 0.00026690098754847825 
40.92 	 0.0002772500940172458 
40.94 	 0.0002890030625389852 
40.96 	 0.0003003951996076215 
40.98 	 0.00031223685385172546 
41.0 	 0.0003228672568454457 
41.02 	 0.000332983255441552 
41.04 	 0.0003412583958724006 
41.06 	 0.0003483577255477223 
41.08 	 0.0003535093760196745 
41.1 	 0.0003574078454582911 
41.12 	 0.0003599212630021876 
41.14 	 0.0003618501615154366 
41.16 	 0.0003635453409771485 
41.18 	 0.000366016537121211 
41.2 	 0.0003697294183894125 
41.22 	 0.00037593725233636856 
41.24 	 0.0003848266633004667 
41.26 	 0.00039772261193282937 
41.28 	 0.00041429288616757847 
41.3 	 0.0004355720724216516 
41.32 	 0.00046060976337823157 
41.34 	 0.0004898749250856258 
41.36 	 0.000521659456462273 
41.38 	 0.0005560160067004156 
41.4 	 0.0005902687261744531 
41.42 	 0.0006246134575798782 
41.44 	 0.0006555037925993268 
41.46 	 0.000683725443533415 
41.48 	 0.0007057657188277493 
41.5 	 0.0007227491129875117 
41.52 	 0.0007328121347532743 
41.54 	 0.0007365071859909558 
41.56 	 0.0007349725889677409 
41.58 	 0.000727371424541496 
41.6 	 0.0007178216866312447 
41.62 	 0.0007041123485902026 
41.64 	 0.0006917806829432427 
41.66 	 0.0006780717687830158 
41.68 	 0.0006678202722506804 
41.7 	 0.0006586922865862882 
41.72 	 0.0006533689573992395 
41.74 	 0.0006504090875003931 
41.76 	 0.0006501365060124227 
41.78 	 0.0006518668302760572 
41.8 	 0.000654412843526863 
41.82 	 0.0006573588402663534 
41.84 	 0.0006593535058114277 
41.86 	 0.0006597023299484809 
41.88 	 0.0006581623192828755 
41.9 	 0.0006533747188412202 
41.92 	 0.0006469020100219018 
41.94 	 0.0006366859523738411 
41.96 	 0.0006259166322133278 
41.98 	 0.0006122544884701439 
42.0 	 0.0005995575026732107 
42.02 	 0.0005859785648346602 
42.04 	 0.0005747869341262722 
42.06 	 0.0005654697114411787 
42.08 	 0.0005597317778078736 
42.1 	 0.0005589825319534432 
42.12 	 0.0005629996113118073 
42.14 	 0.0005752256367277155 
42.16 	 0.0005937449413601544 
42.18 	 0.000623582563771765 
42.2 	 0.0006616892351575645 
42.22 	 0.0007137869980598659 
42.24 	 0.0007761078243438214 
42.26 	 0.0008542463004646665 
42.28 	 0.000943314885900445 
42.3 	 0.0010488528243996877 
42.32 	 0.001163062749330354 
42.34 	 0.0012929623479699742 
42.36 	 0.0014250557449809575 
42.38 	 0.0015700587406837431 
42.4 	 0.0017072013270895848 
42.42 	 0.0018512207257045314 
42.44 	 0.0019771740516586673 
42.46 	 0.0020992551201265914 
42.48 	 0.00219816648689807 
42.5 	 0.0022776771209175603 
42.52 	 0.0023381947882536187 
42.54 	 0.002361984541116875 
42.56 	 0.0023802955057399965 
42.58 	 0.002348493769880304 
42.6 	 0.002329359721744105 
42.62 	 0.0022562120262593754 
42.64 	 0.0022116713862968627 
42.66 	 0.002120347376747001 
42.68 	 0.0020663301232416715 
42.7 	 0.0019803839193992387 
42.72 	 0.0019321919314969883 
42.74 	 0.0018681088788877823 
42.76 	 0.001836302602486648 
42.78 	 0.0018000515922231184 
42.8 	 0.0017882350053155056 
42.82 	 0.0017759948111653963 
42.84 	 0.0017811727170802857 
42.86 	 0.0017827834283526845 
42.88 	 0.0017977944431734826 
42.9 	 0.0018011991582473287 
42.92 	 0.0018178772480437282 
42.94 	 0.0018129921780034636 
42.96 	 0.0018246611234840238 
42.98 	 0.0018055181978451976 
43.0 	 0.0018080922329484226 
43.02 	 0.0017729421057719097 
43.04 	 0.0017647534841703483 
43.06 	 0.001714812320294019 
43.08 	 0.001695810424076869 
43.1 	 0.0016337934173510827 
43.12 	 0.0016047960711303728 
43.14 	 0.0015340258071639393 
43.16 	 0.0014963797662392914 
43.18 	 0.0014205178280394788 
43.2 	 0.0013761097828109297 
43.22 	 0.0012990764365170637 
43.24 	 0.0012503889114321497 
43.26 	 0.0011760762831699446 
43.28 	 0.0011260158295370996 
43.3 	 0.0010577525883397844 
43.32 	 0.0010092027386695067 
43.34 	 0.0009492157429677235 
43.36 	 0.0009044920400008778 
43.38 	 0.0008536393634810155 
43.4 	 0.0008141009823610364 
43.42 	 0.0007719884000536074 
43.44 	 0.0007379704199330744 
43.46 	 0.0007033729682748724 
43.48 	 0.0006744305021967932 
43.5 	 0.0006458249013069258 
43.52 	 0.0006211355181748714 
43.54 	 0.0005971331448825723 
43.56 	 0.0005758575281867658 
43.58 	 0.0005554036811226989 
43.6 	 0.0005368671044322758 
43.62 	 0.0005192091712129622 
43.64 	 0.000502896164495022 
43.66 	 0.0004874500662484201 
43.68 	 0.0004729216454589577 
43.7 	 0.0004591969682048716 
43.72 	 0.0004460637036043068 
43.74 	 0.00043371391744925097 
43.76 	 0.0004217098495632055 
43.78 	 0.00041062773060604924 
43.8 	 0.00039970409585502137 
43.82 	 0.00039001312596953887 
43.84 	 0.00038032215843030603 
43.86 	 0.000372192036432154 
43.88 	 0.00036391093516626577 
43.9 	 0.000357285603831015 
43.92 	 0.00035037365133739506 
43.94 	 0.0003448018464843586 
43.96 	 0.0003388628214799768 
43.98 	 0.0003335733475112178 
44.0 	 0.00032793615648156926 
44.02 	 0.00032213520058336993 
44.04 	 0.0003161137095029548 
44.06 	 0.0003093237673646015 
44.08 	 0.00030249451827332253 
44.1 	 0.000294724348188193 
44.12 	 0.00028705653254998544 
44.14 	 0.0002787107903658089 
44.16 	 0.0002704872413400158 
44.18 	 0.0002620997042837093 
44.2 	 0.0002537026355944375 
44.22 	 0.00024568294913628513 
44.24 	 0.00023740008170054094 
44.26 	 0.0002299611029541517 
44.28 	 0.00022195046693814202 
44.3 	 0.00021525975843553162 
44.32 	 0.00020770553052315265 
44.34 	 0.00020215790373886256 
44.36 	 0.00019551844374153762 
44.38 	 0.0001919402211567762 
44.4 	 0.00018711174157618206 
44.42 	 0.0001867318564857818 
44.44 	 0.00018497239123461466 
44.46 	 0.0001891130794962783 
44.48 	 0.00019168371759949832 
44.5 	 0.00020126066375207867 
44.52 	 0.00020889581794531113 
44.54 	 0.000223910193596231 
44.56 	 0.00023635431422213953 
44.58 	 0.00025559443808683346 
44.6 	 0.0002714622284536074 
44.62 	 0.0002926087632477187 
44.64 	 0.0003096989489647293 
44.66 	 0.00032990726828925 
44.68 	 0.00034587384123204617 
44.7 	 0.000362673933682966 
44.72 	 0.000375765558979143 
44.74 	 0.0003878844381554278 
44.76 	 0.0003974264629102288 
44.78 	 0.0004051061893959082 
44.8 	 0.0004115346489136724 
44.82 	 0.0004161791585418837 
44.84 	 0.00042064856490545735 
44.86 	 0.0004240146014550617 
44.88 	 0.0004277813522358026 
44.9 	 0.00043115435842883896 
44.92 	 0.0004350204404964213 
44.94 	 0.00043876540690543413 
44.96 	 0.00044282599471903516 
44.98 	 0.00044647047315511543 
45.0 	 0.0004502558975597126 
45.02 	 0.0004530015441861978 
45.04 	 0.00045590912658809786 
45.06 	 0.0004572798579173545 
45.08 	 0.0004590551307761972 
45.1 	 0.00045933362148582816 
45.12 	 0.0004603467312182832 
45.14 	 0.00046055916501862814 
45.16 	 0.00046172623134304545 
45.18 	 0.00046317167761367157 
45.2 	 0.0004655444999840882 
45.22 	 0.0004691093172070838 
45.24 	 0.0004733318949059635 
45.26 	 0.00047894824478366603 
45.28 	 0.0004848692885376152 
45.3 	 0.0004914115527279219 
45.32 	 0.0004980745988505834 
45.34 	 0.000503767682657561 
45.36 	 0.0005097879304882667 
45.38 	 0.0005129243869144512 
45.4 	 0.0005170368056023422 
45.42 	 0.0005166192390510913 
45.44 	 0.0005181024098559553 
45.46 	 0.0005140798122085896 
45.48 	 0.0005128658926632355 
45.5 	 0.0005058986297871175 
45.52 	 0.0005023775619551532 
45.54 	 0.00049335121937422 
45.56 	 0.0004880367215064774 
45.58 	 0.00047765038675627857 
45.6 	 0.0004709186798953832 
45.62 	 0.0004595608675306309 
45.64 	 0.0004515952042277788 
45.66 	 0.0004395038491517459 
45.68 	 0.00043043410089984495 
45.7 	 0.0004179625968268942 
45.72 	 0.00040806772354206705 
45.74 	 0.00039584104130980347 
45.76 	 0.000385655743223179 
45.78 	 0.0003745077490173237 
45.8 	 0.0003647561783871296 
45.82 	 0.0003555126068859768 
45.84 	 0.0003469273558467296 
45.86 	 0.0003402167998120825 
45.88 	 0.0003333964961518534 
45.9 	 0.0003296494715921919 
45.92 	 0.0003250837338657673 
45.94 	 0.0003247260447805517 
45.96 	 0.00032297125206767166 
45.98 	 0.00032663395274795773 
46.0 	 0.0003284588653243725 
46.02 	 0.00033695231314029685 
46.04 	 0.0003432306273236223 
46.06 	 0.00035714509718610764 
46.08 	 0.00036842011585531606 
46.1 	 0.00038747009110752046 
46.12 	 0.00040337831146119665 
46.14 	 0.0004258517139435507 
46.16 	 0.00044477761050687865 
46.18 	 0.00046752386974298967 
46.2 	 0.0004867947202879595 
46.22 	 0.0005059795319011887 
46.24 	 0.0005226030953797025 
46.26 	 0.0005350076501697229 
46.28 	 0.0005466243823141034 
46.3 	 0.0005508431584896774 
46.32 	 0.0005564471403483169 
46.34 	 0.0005533119750326231 
46.36 	 0.0005534352374344866 
46.38 	 0.0005454542126198577 
46.4 	 0.0005417755744795567 
46.42 	 0.0005319681203451918 
46.44 	 0.0005265589226984126 
46.46 	 0.0005173416519556026 
46.48 	 0.0005119083587379183 
46.5 	 0.0005045257038989382 
46.52 	 0.0004999867879127308 
46.54 	 0.0004946076965278208 
46.56 	 0.0004911449564477219 
46.58 	 0.00048741721635102767 
46.6 	 0.0004848822492215888 
46.62 	 0.0004825737405649212 
46.64 	 0.00048096715291270334 
46.66 	 0.00048034990179422 
46.68 	 0.0004800978489189421 
46.7 	 0.0004819033638667961 
46.72 	 0.0004837918555376844 
46.74 	 0.0004887889018107969 
46.76 	 0.0004935946545354997 
46.78 	 0.0005020114806147201 
46.8 	 0.0005100164882165175 
46.82 	 0.0005210971820488534 
46.84 	 0.0005317389572274155 
46.86 	 0.0005436824288260586 
46.88 	 0.0005555380723813483 
46.9 	 0.0005659188282946973 
46.92 	 0.0005770611010146899 
46.94 	 0.0005835966169512099 
46.96 	 0.0005921734435505212 
46.98 	 0.0005934905623863874 
47.0 	 0.0005982725713004894 
47.02 	 0.0005942982186831937 
47.04 	 0.0005949696242559114 
47.06 	 0.0005867880207479266 
47.08 	 0.0005838968963086285 
47.1 	 0.0005732248969676092 
47.12 	 0.0005678748227765614 
47.14 	 0.0005564736794825308 
47.16 	 0.0005499369245512894 
47.18 	 0.0005392100234914762 
47.2 	 0.0005326221335115328 
47.22 	 0.0005234542835183471 
47.24 	 0.0005176443895555409 
47.26 	 0.0005103939955242645 
47.28 	 0.0005058119781941218 
47.3 	 0.0005003583611992454 
47.32 	 0.000497051234813405 
47.34 	 0.0004928805888950667 
47.36 	 0.0004905252094154046 
47.38 	 0.00048690079134210644 
47.4 	 0.0004849356677271285 
47.42 	 0.00048116692491587094 
47.44 	 0.00047902731079151425 
47.46 	 0.00047475192136195226 
47.48 	 0.0004721248808092299 
47.5 	 0.0004674477529648694 
47.52 	 0.00046440812444293266 
47.54 	 0.00045978949841213464 
47.56 	 0.0004567183395271329 
47.58 	 0.00045265588419000766 
47.6 	 0.00044997259799799556 
47.62 	 0.00044667029290678626 
47.64 	 0.000444544091017143 
47.66 	 0.00044178939236717884 
47.68 	 0.00044002931465438375 
47.7 	 0.00043737679935691205 
47.72 	 0.0004355916671416134 
47.74 	 0.00043274755864793323 
47.76 	 0.0004306864525581462 
47.78 	 0.0004278404507746349 
47.8 	 0.0004256955251493629 
47.82 	 0.0004235635324677092 
47.84 	 0.0004220249934481819 
47.86 	 0.00042154044521543546 
47.88 	 0.00042153362420130894 
47.9 	 0.0004233364146755214 
47.92 	 0.00042556132164464123 
47.94 	 0.0004295535523127897 
47.96 	 0.0004340723678774729 
47.98 	 0.00043928429599997173 
48.0 	 0.00044537981220984255 
48.02 	 0.00045023608944903815 
48.04 	 0.00045661037637818695 
48.06 	 0.00045947832070060353 
48.08 	 0.00046468216456719386 
48.1 	 0.0004644339254558333 
48.12 	 0.0004673213973448021 
48.14 	 0.00046364876838957803 
48.16 	 0.00046367138272954226 
48.18 	 0.0004570516962937988 
48.2 	 0.0004543079325995645 
48.22 	 0.00044571441404968077 
48.24 	 0.000440791956893668 
48.26 	 0.0004313410905171185 
48.28 	 0.0004250703181697516 
48.3 	 0.00041576298642784785 
48.32 	 0.000409002215873364 
48.34 	 0.0004006056239953773 
48.36 	 0.0003941131823663601 
48.38 	 0.0003871381911426709 
48.4 	 0.0003815127567488233 
48.42 	 0.0003762183509157689 
48.44 	 0.00037186265738312676 
48.46 	 0.0003682554332238592 
48.48 	 0.00036534339729201343 
48.5 	 0.00036318598111552316 
48.52 	 0.00036164873554358774 
48.54 	 0.00036050480151486066 
48.56 	 0.0003600583984193965 
48.58 	 0.0003593796739912383 
48.6 	 0.00035959504416511757 
48.62 	 0.00035882626422054634 
48.64 	 0.00035921804264795056 
48.66 	 0.000357887833004411 
48.68 	 0.0003579954864427841 
48.7 	 0.00035577634344655546 
48.72 	 0.0003552256479806074 
48.74 	 0.00035196408588539723 
48.76 	 0.0003505104447082811 
48.78 	 0.00034623253625382225 
48.8 	 0.0003437877639831275 
48.82 	 0.00033867928392556425 
48.84 	 0.00033531564019278375 
48.86 	 0.0003296743106162168 
48.88 	 0.00032559752472310406 
48.9 	 0.00031976387553081916 
48.92 	 0.0003152569160847094 
48.94 	 0.0003095422968160922 
48.96 	 0.00030489635782188267 
48.98 	 0.0002995299983812207 
49.0 	 0.00029498597592114587 
49.02 	 0.00029009415991772285 
49.04 	 0.00028581134530625746 
49.06 	 0.0002814272258487239 
49.08 	 0.0002774816929423949 
49.1 	 0.0002735734423473773 
49.12 	 0.0002699766996861801 
49.14 	 0.0002664793289031028 
49.16 	 0.00026320398958367064 
49.18 	 0.000260044641082517 
49.2 	 0.00025704701936476776 
49.22 	 0.0002541600483159159 
49.24 	 0.00025139520106634566 
49.26 	 0.00024872816116718684 
49.28 	 0.0002461573344509584 
49.3 	 0.00024367101199152658 
49.32 	 0.0002412636065848352 
49.34 	 0.00023892926932198754 
49.36 	 0.00023666184062466066 
49.38 	 0.0002344579973104558 
49.4 	 0.00023231231769576307 
49.42 	 0.00023022222030974623 
49.44 	 0.00022818362426108507 
49.46 	 0.00022619381816751797 
49.48 	 0.0002242502419399833 
49.5 	 0.00022234986751775983 
49.52 	 0.0002204914176416263 
49.54 	 0.00021867178263862723 
49.56 	 0.00021689045831140604 
49.58 	 0.00021514456042350495 
49.6 	 0.00021343387191512443 
49.62 	 0.00021175583602990564 
49.64 	 0.00021011030682008188 
49.66 	 0.00020849488810799712 
49.68 	 0.00020690959396793071 
49.7 	 0.0002053518994348347 
49.72 	 0.0002038221980573369 
49.74 	 0.00020231765853558536 
49.76 	 0.0002008391518110512 
49.78 	 0.00019938365352466833 
49.8 	 0.0001979523076720702 
49.82 	 0.00019654234642191735 
49.84 	 0.00019515464604052913 
49.86 	 0.0001937874057958058 
49.88 	 0.0001924404490428304 
49.9 	 0.000191113790976877 
49.92 	 0.0001898053127104492 
49.94 	 0.0001885177327107708 
49.96 	 0.0001872461141441893 
49.98 	 0.00018599673148962474 
50.0 	 0.00018476105748046703 
50.02 	 0.00018354961546344106 
50.04 	 0.0001823497494068275 
50.06 	 0.00018117649534543472 
50.08 	 0.00018001301586141437 
50.1 	 0.00017887830174663662 
50.12 	 0.00017775211488501306 
50.14 	 0.00017665570686328121 
50.16 	 0.00017556730582008592 
50.18 	 0.00017450765048655559 
50.2 	 0.00017345627665566574 
50.22 	 0.00017243013982356543 
50.24 	 0.00017141328691548804 
50.26 	 0.0001704160700061784 
50.28 	 0.00016942967203319458 
50.3 	 0.00016845634541687006 
50.32 	 0.00016749562210869524 
50.34 	 0.0001665418429855105 
50.36 	 0.00016560239458859353 
50.38 	 0.00016466527600208762 
50.4 	 0.00016374390078202294 
50.42 	 0.00016282213610761454 
50.44 	 0.00016191705859246029 
50.46 	 0.0001610104916446806 
50.48 	 0.00016012105580143763 
50.5 	 0.00015923004420464256 
50.52 	 0.00015835617822571306 
50.54 	 0.00015748108840920962 
50.56 	 0.00015662285204916235 
50.58 	 0.00015576382577307834 
50.6 	 0.00015492117699190616 
50.62 	 0.00015407810964460217 
50.64 	 0.00015325084867025255 
50.66 	 0.00015242344971893223 
50.68 	 0.0001516112364379153 
50.7 	 0.0001507990943809237 
50.72 	 0.00015000148076066498 
50.74 	 0.0001492041303107219 
50.76 	 0.00014842061234982476 
50.78 	 0.00014763762020887967 
50.8 	 0.00014686772232997753 
50.82 	 0.00014609877225415371 
50.84 	 0.00014534213790583285 
50.86 	 0.00014458706567895758 
50.88 	 0.00014384349955562682 
50.9 	 0.00014310224826101584 
50.92 	 0.00014237167794007617 
50.94 	 0.00014164419868088645 
50.96 	 0.00014092657908526535 
50.98 	 0.00014021274055254482 
51.0 	 0.0001395079628287587 
51.02 	 0.00013880752223982318 
51.04 	 0.000138115379100034 
51.06 	 0.00013742802161908742 
51.08 	 0.00013674823887342783 
51.1 	 0.00013607365245885163 
51.12 	 0.00013540595862014733 
51.14 	 0.0001347439007016021 
51.16 	 0.0001340880948613217 
51.18 	 0.00013343842050224993 
51.2 	 0.00013279440766145032 
51.22 	 0.00013215704828983493 
51.24 	 0.0001315248267231195 
51.26 	 0.0001308997262927082 
51.28 	 0.00013027932862868708 
51.3 	 0.00012966636137281388 
51.32 	 0.00012905777106082488 
51.34 	 0.00012845667742096374 
51.36 	 0.00012785975809269856 
51.38 	 0.0001272701304527089 
51.4 	 0.0001266846025065012 
51.42 	 0.00012610592518091476 
51.44 	 0.0001255313965648159 
51.46 	 0.00012496311060856632 
51.48 	 0.00012439913386135245 
51.5 	 0.0001238406828969908 
51.52 	 0.0001232867950365887 
51.54 	 0.0001227376261725451 
51.56 	 0.0001221933449043554 
51.58 	 0.00012165287547754744 
51.6 	 0.00012111766124186964 
51.62 	 0.00012058524956651607 
51.64 	 0.00012005847077344485 
51.66 	 0.00011953342822320801 
51.68 	 0.00011901436772789777 
51.7 	 0.00011849602340645828 
51.72 	 0.00011798394009477257 
51.74 	 0.00011747173753128079 
51.76 	 0.00011696596586110053 
51.78 	 0.00011645955310703048 
51.8 	 0.00011595960417436476 
51.82 	 0.00011545888147606333 
51.84 	 0.00011496450904404924 
51.86 	 0.00011446961590513678 
51.88 	 0.00011398082523857157 
51.9 	 0.00011349207023299321 
51.92 	 0.00011300906731555623 
51.94 	 0.00011252682164041102 
51.96 	 0.00011204991859954872 
51.98 	 0.00011157450479733353 
52.0 	 0.00011110401051217952 
52.02 	 0.00011063561907287795 
52.04 	 0.00011017174859226255 
52.06 	 0.00010971040526740985 
52.08 	 0.00010925323428263282 
52.1 	 0.00010879882119283723 
52.12 	 0.00010834829289069427 
52.14 	 0.0001079006047280504 
52.16 	 0.00010745657387826264 
52.18 	 0.00010701537843668516 
52.2 	 0.00010657766397895504 
52.22 	 0.00010614274130366689 
52.24 	 0.0001057111621528254 
52.26 	 0.00010528231507266225 
52.28 	 0.0001048567011041577 
52.3 	 0.00010443374849992443 
52.32 	 0.00010401393653897609 
52.34 	 0.00010359670654167121 
52.36 	 0.00010318253680989266 
52.38 	 0.00010277086836641298 
52.4 	 0.00010236218846981593 
52.42 	 0.00010195593682266646 
52.44 	 0.0001015526083930071 
52.46 	 0.00010115164556729967 
52.48 	 0.00010075354516383141 
52.5 	 0.00010035775307801804 
52.52 	 9.996476576032598e-05 
52.54 	 9.957402810123157e-05 
52.56 	 9.91860400650131e-05 
52.58 	 9.880023985852995e-05 
52.6 	 9.84171366346915e-05 
52.62 	 9.8036159656029e-05 
52.64 	 9.765782956345935e-05 
52.66 	 9.728156794490102e-05 
52.68 	 9.690790529544198e-05 
52.7 	 9.653625701940886e-05 
52.72 	 9.616716132396013e-05 
52.74 	 9.580002682468872e-05 
52.76 	 9.543539951387635e-05 
52.78 	 9.507267933183836e-05 
52.8 	 9.471242165397404e-05 
52.82 	 9.435401673770277e-05 
52.84 	 9.399802999427782e-05 
52.86 	 9.3643842889263e-05 
52.88 	 9.329202917834002e-05 
52.9 	 9.294196411996484e-05 
52.92 	 9.25942258740655e-05 
52.94 	 9.224818807112649e-05 
52.96 	 9.190442687125793e-05 
52.98 	 9.156232275072986e-05 
53.0 	 9.122243914550054e-05 
53.02 	 9.088417884172412e-05 
53.04 	 9.054807447160697e-05 
53.06 	 9.021357693718939e-05 
53.08 	 8.988115972045663e-05 
53.1 	 8.955036055259747e-05 
53.12 	 8.922155365077588e-05 
53.14 	 8.889441489047643e-05 
53.16 	 8.856916912288545e-05 
53.18 	 8.824568762049496e-05 
53.2 	 8.792399371833343e-05 
53.22 	 8.760420144530248e-05 
53.24 	 8.728609458056497e-05 
53.26 	 8.697004388533611e-05 
53.28 	 8.665559195552262e-05 
53.3 	 8.634332371180261e-05 
53.32 	 8.603259571497108e-05 
53.34 	 8.572409767669469e-05 
53.36 	 8.54171185194948e-05 
53.38 	 8.511229031939352e-05 
53.4 	 8.480899885070003e-05 
53.42 	 8.450764258050731e-05 
53.44 	 8.420787359330486e-05 
53.46 	 8.390972061805683e-05 
53.48 	 8.361322408814859e-05 
53.5 	 8.331799186556923e-05 
53.52 	 8.302448557657581e-05 
53.54 	 8.273194195317073e-05 
53.56 	 8.244117625085242e-05 
53.58 	 8.21511837579568e-05 
53.6 	 8.186299074629248e-05 
53.62 	 8.157551383126225e-05 
53.64 	 8.128982236190146e-05 
53.66 	 8.100489966277567e-05 
53.68 	 8.072171578178655e-05 
53.7 	 8.043941517260431e-05 
53.72 	 8.015878329785503e-05 
53.74 	 7.987916095474447e-05 
53.76 	 7.960112551177286e-05 
53.78 	 7.932420241833715e-05 
53.8 	 7.904878331841364e-05 
53.82 	 7.877454093466619e-05 
53.84 	 7.850172587423297e-05 
53.86 	 7.823011451591124e-05 
53.88 	 7.7959863384434e-05 
53.9 	 7.76908148521982e-05 
53.92 	 7.742306915668787e-05 
53.94 	 7.715650755748738e-05 
53.96 	 7.68911993847706e-05 
53.98 	 7.662704773270608e-05 
54.0 	 7.636410572626419e-05 
54.02 	 7.610228862170123e-05 
54.04 	 7.584164082410833e-05 
54.06 	 7.558208464953124e-05 
54.08 	 7.532365918500176e-05 
54.1 	 7.506629119886731e-05 
54.12 	 7.481001586064076e-05 
54.14 	 7.45547630098698e-05 
54.16 	 7.43005644296339e-05 
54.18 	 7.404735218280766e-05 
54.2 	 7.379515486400666e-05 
54.22 	 7.354390609523924e-05 
54.24 	 7.329363137190755e-05 
54.26 	 7.304426523545968e-05 
54.28 	 7.279583012899703e-05 
54.3 	 7.254826083155114e-05 
54.32 	 7.23015767268371e-05 
54.34 	 7.205571207413109e-05 
54.36 	 7.18106830880663e-05 
54.38 	 7.156642265101821e-05 
54.4 	 7.132294351515066e-05 
54.42 	 7.10801762128673e-05 
54.44 	 7.083812941084299e-05 
54.46 	 7.059673020381221e-05 
54.48 	 7.035598193793167e-05 
54.5 	 7.011580713584155e-05 
54.52 	 6.987620138759939e-05 
54.54 	 6.963708180729459e-05 
54.56 	 6.939843127013732e-05 
54.58 	 6.91601622575831e-05 
54.6 	 6.892223434751848e-05 
54.62 	 6.868456192001796e-05 
54.64 	 6.844705788035715e-05 
54.66 	 6.820966191001917e-05 
54.68 	 6.797218842954964e-05 
54.7 	 6.773466840076787e-05 
54.72 	 6.749670625468088e-05 
54.74 	 6.725858399553346e-05 
54.76 	 6.701946912048641e-05 
54.78 	 6.678023494193884e-05 
54.8 	 6.653918352802915e-05 
54.82 	 6.629842072941037e-05 
54.84 	 6.60546439839814e-05 
54.86 	 6.581225805066372e-05 
54.88 	 6.556520781038675e-05 
54.9 	 6.532174562010424e-05 
54.92 	 6.507148927929837e-05 
54.94 	 6.48284584224626e-05 
54.96 	 6.457609541983021e-05 
54.98 	 6.43361134918441e-05 
55.0 	 6.408404645260254e-05 
55.02 	 6.385062628884128e-05 
55.04 	 6.360245743344059e-05 
55.06 	 6.337932745118019e-05 
55.08 	 6.313923722993972e-05 
55.1 	 6.292930800664002e-05 
55.12 	 6.270099653370994e-05 
55.14 	 6.250532035673189e-05 
55.16 	 6.229085392412534e-05 
55.18 	 6.210802671132148e-05 
55.2 	 6.190706249309718e-05 
55.22 	 6.173337789242301e-05 
55.24 	 6.154311900750202e-05 
55.26 	 6.137344446144211e-05 
55.28 	 6.118934197069627e-05 
55.3 	 6.101833770082622e-05 
55.32 	 6.083519741311853e-05 
55.34 	 6.065835603601294e-05 
55.36 	 6.0471341749386674e-05 
55.38 	 6.0285471601683394e-05 
55.4 	 6.0090611236724655e-05 
55.42 	 5.98937226557501e-05 
55.44 	 5.968783643481903e-05 
55.46 	 5.9478727574770385e-05 
55.48 	 5.925903719890597e-05 
55.5 	 5.903706462600168e-05 
55.52 	 5.8800968787039874e-05 
55.54 	 5.8566471723319445e-05 
55.56 	 5.831201720626675e-05 
55.58 	 5.8067635507131645e-05 
55.6 	 5.7795030915650375e-05 
55.62 	 5.7547709883357206e-05 
55.64 	 5.72617684319205e-05 
55.66 	 5.702462636671722e-05 
55.68 	 5.673730585695171e-05 
55.7 	 5.652998499824989e-05 
55.72 	 5.6261477080074104e-05 
55.74 	 5.610755870037433e-05 
55.76 	 5.5884214925314154e-05 
55.78 	 5.580519433918683e-05 
55.8 	 5.565351312729044e-05 
55.82 	 5.5660662561676685e-05 
55.84 	 5.559857485215079e-05 
55.86 	 5.5685926888252883e-05 
55.88 	 5.571473121762669e-05 
55.9 	 5.585700923039055e-05 
55.92 	 5.5957991119524945e-05 
55.94 	 5.611563945715895e-05 
55.96 	 5.6253746187873506e-05 
55.98 	 5.63837819668806e-05 
56.0 	 5.6517373617623535e-05 
56.02 	 5.658561300817002e-05 
56.04 	 5.6678258078413825e-05 
56.06 	 5.6667710329984995e-05 
56.08 	 5.669712991372108e-05 
56.1 	 5.660952859554469e-05 
56.12 	 5.657054837500937e-05 
56.14 	 5.642156887642235e-05 
56.16 	 5.6323072422961606e-05 
56.18 	 5.6134474473696235e-05 
56.2 	 5.5992933928059124e-05 
56.22 	 5.5785345517708176e-05 
56.24 	 5.5618252501316454e-05 
56.26 	 5.54068953230841e-05 
56.28 	 5.522839166947008e-05 
56.3 	 5.5022054741287705e-05 
56.32 	 5.4841339611540366e-05 
56.34 	 5.464354010235842e-05 
56.36 	 5.446533074723838e-05 
56.38 	 5.427627376435151e-05 
56.4 	 5.410218513799374e-05 
56.42 	 5.392053263005921e-05 
56.44 	 5.3750493674322205e-05 
56.46 	 5.357452731462237e-05 
56.48 	 5.34078015975207e-05 
56.5 	 5.323597000993674e-05 
56.52 	 5.307169430076663e-05 
56.54 	 5.290272709141572e-05 
56.56 	 5.2740076583641785e-05 
56.58 	 5.257290715088022e-05 
56.6 	 5.241108581452205e-05 
56.62 	 5.224478420295754e-05 
56.64 	 5.2083020120398744e-05 
56.66 	 5.1916796995884114e-05 
56.68 	 5.1754387956910466e-05 
56.7 	 5.158757515371086e-05 
56.72 	 5.142387853029302e-05 
56.74 	 5.125577173164742e-05 
56.76 	 5.109002624840387e-05 
56.78 	 5.0919630364947786e-05 
56.8 	 5.0750664025204004e-05 
56.82 	 5.057654256321748e-05 
56.84 	 5.040257636499719e-05 
56.86 	 5.022296950362905e-05 
56.88 	 5.004167456539008e-05 
56.9 	 4.985484678577068e-05 
56.92 	 4.966360950358132e-05 
56.94 	 4.9468281252322865e-05 
56.96 	 4.926455700167392e-05 
56.98 	 4.906044220816818e-05 
57.0 	 4.8842290798729454e-05 
57.02 	 4.8631008322804315e-05 
57.04 	 4.839816855166732e-05 
57.06 	 4.818469166615811e-05 
57.08 	 4.794040690179032e-05 
57.1 	 4.7734581198633566e-05 
57.12 	 4.748765634315339e-05 
57.14 	 4.7304565145068404e-05 
57.16 	 4.707027525137251e-05 
57.18 	 4.692814516324062e-05 
57.2 	 4.672648131613357e-05 
57.22 	 4.664186351446984e-05 
57.24 	 4.649270441963718e-05 
57.26 	 4.647441967317097e-05 
57.28 	 4.6391101799867015e-05 
57.3 	 4.6435722016153474e-05 
57.32 	 4.641986632047465e-05 
57.34 	 4.651123140634034e-05 
57.36 	 4.655143065279379e-05 
57.38 	 4.666479832575421e-05 
57.4 	 4.6739883857494424e-05 
57.42 	 4.684894417274138e-05 
57.44 	 4.693426880002179e-05 
57.46 	 4.701798614703692e-05 
57.48 	 4.709195900933527e-05 
57.5 	 4.7138757294641494e-05 
57.52 	 4.7187327443546555e-05 
57.54 	 4.7195867265169434e-05 
57.56 	 4.72141393818031e-05 
57.58 	 4.719148804457877e-05 
57.6 	 4.718297198543845e-05 
57.62 	 4.7141429881289394e-05 
57.64 	 4.711581265210833e-05 
57.66 	 4.706920922098308e-05 
57.68 	 4.7039180646308216e-05 
57.7 	 4.6998980417819466e-05 
57.72 	 4.697635276333894e-05 
57.74 	 4.6948080219011635e-05 
57.76 	 4.693978826883525e-05 
57.78 	 4.69208742143736e-05 
57.8 	 4.692614331381721e-05 
57.82 	 4.690644092054197e-05 
57.84 	 4.6916575155826946e-05 
57.86 	 4.6881868346726007e-05 
57.88 	 4.688315914704911e-05 
57.9 	 4.6820373722368985e-05 
57.92 	 4.679899011912183e-05 
57.94 	 4.670071626586402e-05 
57.96 	 4.6647288223799336e-05 
57.98 	 4.651358784984796e-05 
58.0 	 4.6425443669940776e-05 
58.02 	 4.6262550130578914e-05 
58.04 	 4.614305456763364e-05 
58.06 	 4.5960269467528546e-05 
58.08 	 4.581632703317798e-05 
58.1 	 4.562300823330156e-05 
58.12 	 4.546242835076623e-05 
58.14 	 4.526624706657514e-05 
58.16 	 4.509607241025146e-05 
58.18 	 4.490250112990636e-05 
58.2 	 4.472830537227735e-05 
58.22 	 4.454060582796744e-05 
58.24 	 4.4366145873083566e-05 
58.26 	 4.418534948438308e-05 
58.28 	 4.4012192475519746e-05 
58.3 	 4.383725543923348e-05 
58.32 	 4.3664662758411534e-05 
58.34 	 4.349335532776392e-05 
58.36 	 4.3319045709931896e-05 
58.38 	 4.31497955500928e-05 
58.4 	 4.2971840045091545e-05 
58.42 	 4.280595511349046e-05 
58.44 	 4.262523091058828e-05 
58.46 	 4.24683256763645e-05 
58.48 	 4.229030143491032e-05 
58.5 	 4.215184617782001e-05 
58.52 	 4.198650129646581e-05 
58.54 	 4.187723361933267e-05 
58.56 	 4.173670125387593e-05 
58.58 	 4.16647556383787e-05 
58.6 	 4.155943758639433e-05 
58.62 	 4.1526848004244484e-05 
58.64 	 4.146164299470477e-05 
58.66 	 4.1462868035653946e-05 
58.68 	 4.143523488538587e-05 
58.7 	 4.145845510061059e-05 
58.72 	 4.145917645538507e-05 
58.74 	 4.148975233910506e-05 
58.76 	 4.150591923739209e-05 
58.78 	 4.153035718112447e-05 
58.8 	 4.154904856620744e-05 
58.82 	 4.155774748869756e-05 
58.84 	 4.156875665912134e-05 
58.86 	 4.1556724685978496e-05 
58.88 	 4.155350910976331e-05 
58.9 	 4.1519494728264296e-05 
58.92 	 4.149869321056857e-05 
58.94 	 4.144391255752482e-05 
58.96 	 4.140448364611188e-05 
58.98 	 4.1331917330811485e-05 
59.0 	 4.127478103053889e-05 
59.02 	 4.118914796546475e-05 
59.04 	 4.1117404121046115e-05 
59.06 	 4.102514054471974e-05 
59.08 	 4.094419405771679e-05 
59.1 	 4.08526897452746e-05 
59.12 	 4.076954327608393e-05 
59.14 	 4.068553838884617e-05 
59.16 	 4.060716082597855e-05 
59.18 	 4.053502016497432e-05 
59.2 	 4.046651550442424e-05 
59.22 	 4.040737834422561e-05 
59.24 	 4.03509715782463e-05 
59.26 	 4.030326560001445e-05 
59.28 	 4.025862493208177e-05 
59.3 	 4.021951861944547e-05 
59.32 	 4.018502861929311e-05 
59.34 	 4.015179048791883e-05 
59.36 	 4.012578037123789e-05 
59.38 	 4.009617222609156e-05 
59.4 	 4.007723437977775e-05 
59.42 	 4.004884348321091e-05 
59.44 	 4.003511742299309e-05 
59.46 	 4.000433840892964e-05 
59.48 	 3.999242671309021e-05 
59.5 	 3.9954078513754814e-05 
59.52 	 3.993856329974563e-05 
59.54 	 3.988672383511329e-05 
59.56 	 3.9860905128166294e-05 
59.58 	 3.979077543628637e-05 
59.6 	 3.974852623272378e-05 
59.62 	 3.9658496433651727e-05 
59.64 	 3.959648556139445e-05 
59.66 	 3.948942110183722e-05 
59.68 	 3.940873640075876e-05 
59.7 	 3.9291857441112605e-05 
59.72 	 3.919832355540738e-05 
59.74 	 3.9081674754902086e-05 
59.76 	 3.898472758761709e-05 
59.78 	 3.8878854535717194e-05 
59.8 	 3.878949397697887e-05 
59.82 	 3.8703431704671995e-05 
59.84 	 3.863245817465486e-05 
59.86 	 3.857366671215162e-05 
59.88 	 3.8532572477389e-05 
59.9 	 3.851249933261832e-05 
59.92 	 3.852549372956773e-05 
59.94 	 3.859509402283396e-05 
59.96 	 3.8840331650497166e-05 
59.98 	 3.868532460446401e-05 
