0.0 	 3.4158643053577094 
0.02 	 2.9855251959874245 
0.04 	 2.8029575944907017 
0.06 	 2.5911759967002244 
0.08 	 2.4698651344101967 
0.1 	 2.3177252952904555 
0.12 	 2.206155060337646 
0.14 	 2.0792408117704464 
0.16 	 1.970717610345655 
0.18 	 1.8620470718265707 
0.2 	 1.7593306551997092 
0.22 	 1.668036285383399 
0.24 	 1.5759395200682433 
0.26 	 1.502116245998796 
0.28 	 1.4242478063517983 
0.3 	 1.36693014377023 
0.32 	 1.3041030669665274 
0.34 	 1.2606607984617868 
0.36 	 1.2108158233968658 
0.38 	 1.1775603842479865 
0.4 	 1.1370791960311306 
0.42 	 1.1106172671474654 
0.44 	 1.076205690280902 
0.46 	 1.0545985183386335 
0.48 	 1.0246217732576381 
0.5 	 1.0076843133896063 
0.52 	 0.9824166073014107 
0.54 	 0.9711738056732834 
0.56 	 0.9521062018573753 
0.58 	 0.947737497636797 
0.6 	 0.936330221905083 
0.62 	 0.939014352638905 
0.64 	 0.9354578894752006 
0.66 	 0.9437764493974639 
0.68 	 0.9465700904388656 
0.7 	 0.9580009854158875 
0.72 	 0.9646571613087523 
0.74 	 0.9766927389935852 
0.76 	 0.9848060933769461 
0.78 	 0.9957204153412048 
0.8 	 1.0035792842143485 
0.82 	 1.0125515321118017 
0.84 	 1.019221060905864 
0.86 	 1.026117159516106 
0.88 	 1.0312792703125582 
0.9 	 1.0363782030346262 
0.92 	 1.040127803319582 
0.94 	 1.0438965400943654 
0.96 	 1.0465582090650798 
0.98 	 1.0494839144793233 
1.0 	 1.0514557777409197 
1.02 	 1.053926883555383 
1.04 	 1.055553429490354 
1.06 	 1.0577902127955512 
1.08 	 1.059275405276123 
1.1 	 1.0613160736748088 
1.12 	 1.0626905103324396 
1.14 	 1.064431755526208 
1.16 	 1.065577504310614 
1.18 	 1.066854303289007 
1.2 	 1.0675752345445708 
1.22 	 1.0682536923942396 
1.24 	 1.0683673824986455 
1.26 	 1.0684226655092912 
1.28 	 1.067846501760768 
1.3 	 1.0674041068650557 
1.32 	 1.0662111622736896 
1.34 	 1.065539737979365 
1.36 	 1.0639667759650595 
1.38 	 1.0634225045285273 
1.4 	 1.061823684876535 
1.42 	 1.061760198800693 
1.44 	 1.0605171223239385 
1.46 	 1.0611893318723322 
1.48 	 1.0606073683335384 
1.5 	 1.0621049417256878 
1.52 	 1.0623359867743865 
1.54 	 1.0645729611796537 
1.56 	 1.0655944060769271 
1.58 	 1.0683553870207123 
1.6 	 1.0700066570804756 
1.62 	 1.0730229185572349 
1.64 	 1.075073467061881 
1.66 	 1.0780932322783667 
1.68 	 1.0803079554305763 
1.7 	 1.0831381339960993 
1.72 	 1.0853189733796191 
1.74 	 1.0878371704994172 
1.76 	 1.0898394196903307 
1.78 	 1.0919890457565262 
1.8 	 1.0937233550565275 
1.82 	 1.0955050468399894 
1.84 	 1.0969362644336869 
1.86 	 1.0984002523505454 
1.88 	 1.099546243257818 
1.9 	 1.1007818480300304 
1.92 	 1.101707581874378 
1.94 	 1.1028243556881923 
1.96 	 1.1036252730172322 
1.98 	 1.1047259490804389 
2.0 	 1.1055006505710647 
2.02 	 1.106654006180285 
2.04 	 1.1074747465519346 
2.06 	 1.1087000692537796 
2.08 	 1.1095935439307734 
2.1 	 1.1108642314769401 
2.12 	 1.1118111835520872 
2.14 	 1.1130755958286276 
2.16 	 1.1140284103576097 
2.18 	 1.1152378066866224 
2.2 	 1.116146879412264 
2.22 	 1.1172781801699474 
2.24 	 1.1181153009337514 
2.26 	 1.1191806259582204 
2.28 	 1.1199510036717366 
2.3 	 1.1209926986722076 
2.32 	 1.1217332313199448 
2.34 	 1.1228085080511632 
2.36 	 1.123575072791187 
2.38 	 1.1247368767173003 
2.4 	 1.125586307182511 
2.42 	 1.1268669842102848 
2.44 	 1.1278400970344025 
2.46 	 1.1292427032126795 
2.48 	 1.1303536518146602 
2.5 	 1.131852872762423 
2.52 	 1.1330875419397455 
2.54 	 1.1346387904853004 
2.56 	 1.1359615477011697 
2.58 	 1.1375140660315795 
2.6 	 1.1388792624003663 
2.62 	 1.140388228905699 
2.64 	 1.1417517450275418 
2.66 	 1.1431858026313704 
2.68 	 1.1445130355601651 
2.7 	 1.14585632215765 
2.72 	 1.1471253919382642 
2.74 	 1.1483754691336854 
2.76 	 1.1495765935879654 
2.78 	 1.1507405749120785 
2.8 	 1.1518735035509053 
2.82 	 1.152964207754795 
2.84 	 1.1540352976751067 
2.86 	 1.1550682005179962 
2.88 	 1.1560878562916035 
2.9 	 1.1570788180854281 
2.92 	 1.1580593504983236 
2.94 	 1.1590228839268353 
2.96 	 1.1599766717873556 
2.98 	 1.1609246867989014 
3.0 	 1.161862681042923 
3.02 	 1.162803820138084 
3.04 	 1.1637345726218953 
3.06 	 1.1646742155045129 
3.08 	 1.1656035587011446 
3.1 	 1.1665443836159604 
3.12 	 1.167475688309344 
3.14 	 1.1684185150486155 
3.16 	 1.1693532862223228 
3.18 	 1.1702979179330113 
3.2 	 1.1712364699408957 
3.22 	 1.1721823749727396 
3.24 	 1.1731244335067395 
3.26 	 1.1740712488485556 
3.28 	 1.175016450431426 
3.3 	 1.1759643478412862 
3.32 	 1.1769126566468562 
3.34 	 1.1778625827949856 
3.36 	 1.1788146118947402 
3.38 	 1.1797683612084386 
3.4 	 1.1807255347182388 
3.42 	 1.181685611909217 
3.44 	 1.1826501068856126 
3.46 	 1.1836194037208287 
3.48 	 1.1845938831714378 
3.5 	 1.185575282793309 
3.52 	 1.1865625257909804 
3.54 	 1.1875585870527103 
3.56 	 1.1885611681569788 
3.58 	 1.189573998182262 
3.6 	 1.1905941315858368 
3.62 	 1.1916254558344297 
3.64 	 1.1926650265123673 
3.66 	 1.1937163769404413 
3.68 	 1.1947770939865512 
3.7 	 1.1958500068841202 
3.72 	 1.196933581582057 
3.74 	 1.1980297290644601 
3.76 	 1.1991380053959142 
3.78 	 1.2002592411512985 
3.8 	 1.2013942556568653 
3.82 	 1.2025425951569333 
3.84 	 1.2037065780336103 
3.86 	 1.2048841397334857 
3.88 	 1.206079474300456 
3.9 	 1.207288394263726 
3.92 	 1.2085175393125658 
3.94 	 1.2097598623434047 
3.96 	 1.2110252353423554 
3.98 	 1.212302797000218 
4.0 	 1.2136066311844602 
4.02 	 1.2149209717448715 
4.04 	 1.216265191504524 
4.06 	 1.217617561866056 
4.08 	 1.2190037445420416 
4.1 	 1.2203952506417697 
4.12 	 1.221824732396508 
4.14 	 1.2232566134953875 
4.16 	 1.224730745396471 
4.18 	 1.2262047169703798 
4.2 	 1.2277252092652366 
4.22 	 1.22924376509005 
4.24 	 1.2308130164533686 
4.26 	 1.2323796047709532 
4.28 	 1.2340009287662868 
4.3 	 1.2356199813810973 
4.32 	 1.2372977022018834 
4.34 	 1.238974554834035 
4.36 	 1.2407140000132566 
4.38 	 1.242454753137182 
4.4 	 1.2442621781456922 
4.42 	 1.2460735103821379 
4.44 	 1.247955949995427 
4.46 	 1.2498448585732032 
4.48 	 1.2518098611573742 
4.5 	 1.2537833213645635 
4.52 	 1.2558385417925246 
4.54 	 1.257903167618075 
4.56 	 1.2600558941492386 
4.58 	 1.2622178118329617 
4.6 	 1.264474653593819 
4.62 	 1.2667398988012988 
4.64 	 1.2691069942839461 
4.66 	 1.2714827272412426 
4.68 	 1.2739668537654611 
4.7 	 1.276463481611703 
4.72 	 1.2790742541078117 
4.74 	 1.2817081527785146 
4.76 	 1.2844610738983235 
4.78 	 1.2872571581978733 
4.8 	 1.2901767687107861 
4.82 	 1.293169968210282 
4.84 	 1.2962920807540603 
4.86 	 1.2995271366874732 
4.88 	 1.3028994658456583 
4.9 	 1.3064293954645818 
4.92 	 1.3101108920979863 
4.94 	 1.313995565109796 
4.96 	 1.3180560286718606 
4.98 	 1.3223628551594035 
5.0 	 1.3268851931459404 
5.02 	 1.3316932695063546 
5.04 	 1.336780343711925 
5.06 	 1.342187211360485 
5.08 	 1.3479730451531593 
5.1 	 1.3540995656879384 
5.12 	 1.3607605943055534 
5.14 	 1.3677449907050112 
5.16 	 1.3755014512276578 
5.18 	 1.3834702556470158 
5.2 	 1.3925628394646765 
5.22 	 1.4015684424432044 
5.24 	 1.4121958875546685 
5.26 	 1.4221228056565844 
5.28 	 1.4343384325582909 
5.3 	 1.4448040942443903 
5.32 	 1.4583943709797451 
5.34 	 1.4686940450387067 
5.36 	 1.4830882843030584 
5.38 	 1.4922359706942314 
5.4 	 1.5065020682665415 
5.42 	 1.5133853367437868 
5.44 	 1.5263399073875745 
5.46 	 1.529949991141431 
5.48 	 1.5403634364051917 
5.5 	 1.5400182116697887 
5.52 	 1.5468518260756827 
5.54 	 1.5423277288961101 
5.56 	 1.5449219716138778 
5.58 	 1.536452083606383 
5.6 	 1.5346017580474003 
5.62 	 1.5227579828679172 
5.64 	 1.5166593721606656 
5.66 	 1.5021868671292056 
5.68 	 1.4923057658115317 
5.7 	 1.4759933446477176 
5.72 	 1.4629444812159167 
5.74 	 1.4455850700935333 
5.76 	 1.4300974011118694 
5.78 	 1.412530651597578 
5.8 	 1.3955015800751058 
5.82 	 1.3786728759801172 
5.84 	 1.3612363065966868 
5.86 	 1.3461898554839309 
5.88 	 1.3296957513765593 
5.9 	 1.317454112706095 
5.92 	 1.3033012747834605 
5.94 	 1.2946498760376517 
5.96 	 1.2840029547830734 
5.98 	 1.2792634999669692 
6.0 	 1.272767490832501 
6.02 	 1.2716721881103805 
6.04 	 1.2692977840027586 
6.06 	 1.271037914614294 
6.08 	 1.2721259775465883 
6.1 	 1.2755587777971726 
6.12 	 1.2790285757223383 
6.14 	 1.2829543200495326 
6.16 	 1.2875818264035024 
6.18 	 1.2909975807645877 
6.2 	 1.2956824187752438 
6.22 	 1.29795486453506 
6.24 	 1.3019280336073893 
6.26 	 1.302857004025279 
6.28 	 1.3057930556421298 
6.3 	 1.3055516721594722 
6.32 	 1.3075476962960468 
6.34 	 1.3065058376852923 
6.36 	 1.3079102991475897 
6.38 	 1.3063897667410096 
6.4 	 1.3075244795560645 
6.42 	 1.305582859188559 
6.44 	 1.3064754576651514 
6.46 	 1.3038294468158342 
6.48 	 1.3040985932137212 
6.5 	 1.3002393215628079 
6.52 	 1.299206428091489 
6.54 	 1.2936514647423818 
6.56 	 1.2906273003222584 
6.58 	 1.2831770986350035 
6.6 	 1.2777800704392002 
6.62 	 1.2686552216463691 
6.64 	 1.2610127026352556 
6.66 	 1.2508186368668697 
6.68 	 1.241565075564622 
6.7 	 1.2311066627630198 
6.72 	 1.221179773797589 
6.74 	 1.2112006735328111 
6.76 	 1.2015191434772554 
6.78 	 1.1924669207056147 
6.8 	 1.1836252069782103 
6.82 	 1.175537135409854 
6.84 	 1.1676478603750402 
6.86 	 1.1602027321665884 
6.88 	 1.152945215906633 
6.9 	 1.1456470221108508 
6.92 	 1.1384780172298568 
6.94 	 1.1308761693658829 
6.96 	 1.1232899379100383 
6.98 	 1.1151360694780006 
7.0 	 1.1068570217847642 
7.02 	 1.098139551490502 
7.04 	 1.0891708318078965 
7.06 	 1.0800204517450318 
7.08 	 1.0705266475104533 
7.1 	 1.0610332197993522 
7.12 	 1.0510997132968631 
7.14 	 1.0411251318815675 
7.16 	 1.030507338657343 
7.18 	 1.0196037451227058 
7.2 	 1.007618747807828 
7.22 	 0.9951290853236223 
7.24 	 0.9807952256533521 
7.26 	 0.9661161880931379 
7.28 	 0.9485156992735295 
7.3 	 0.9314053390079869 
7.32 	 0.9101164965187659 
7.34 	 0.8909053495262875 
7.36 	 0.8663081332182891 
7.38 	 0.8459243151186037 
7.4 	 0.8192344877897091 
7.42 	 0.799024780095725 
7.44 	 0.7720138845366484 
7.46 	 0.7534032291872029 
7.48 	 0.727883303544309 
7.5 	 0.7119773168053459 
7.52 	 0.6892508494772122 
7.54 	 0.6765557759155775 
7.56 	 0.6571092960704678 
7.58 	 0.6475578421560035 
7.6 	 0.6312119897768185 
7.62 	 0.6245385844958624 
7.64 	 0.6110002893741132 
7.66 	 0.607243529457282 
7.68 	 0.5967002569842952 
7.7 	 0.5964585621746228 
7.72 	 0.5897759635896637 
7.74 	 0.5939386822890386 
7.76 	 0.5922122439442246 
7.78 	 0.6011940238629389 
7.8 	 0.6048378217691833 
7.82 	 0.6178799530507525 
7.84 	 0.6260400575796129 
7.86 	 0.6413760876242213 
7.88 	 0.6523216794285402 
7.9 	 0.6680759178528546 
7.92 	 0.6800710347534936 
7.94 	 0.6949482273095244 
7.96 	 0.7067771630248729 
7.98 	 0.7201727762029672 
8.0 	 0.7311962622008936 
8.02 	 0.7429970226866983 
8.04 	 0.7529958929477123 
8.06 	 0.7633445698724719 
8.08 	 0.7723388858382811 
8.1 	 0.7814652498456677 
8.12 	 0.7895768292846507 
8.14 	 0.7977032545729306 
8.16 	 0.8050712839992555 
8.18 	 0.8123741204517836 
8.2 	 0.8191144887157175 
8.22 	 0.825720776514202 
8.24 	 0.831916752899709 
8.26 	 0.8379208699180379 
8.28 	 0.8436347262283509 
8.3 	 0.8491234491923313 
8.32 	 0.8544198125471937 
8.34 	 0.8594947719125949 
8.36 	 0.8644646640763058 
8.38 	 0.869250123367546 
8.4 	 0.8740216048324767 
8.42 	 0.878647348069683 
8.44 	 0.8833693528745781 
8.46 	 0.887927155793263 
8.48 	 0.8927221471535273 
8.5 	 0.8972094225059475 
8.52 	 0.9021075864176569 
8.54 	 0.9063861277712782 
8.56 	 0.911270592841412 
8.58 	 0.9150703901006831 
8.6 	 0.9196666702091505 
8.62 	 0.9226478985812682 
8.64 	 0.9265749922082511 
8.66 	 0.9284326130993502 
8.68 	 0.9313054855291328 
8.7 	 0.9318779691978601 
8.72 	 0.9334271698036976 
8.74 	 0.9327670541832829 
8.76 	 0.9329322409284176 
8.78 	 0.9313114733078374 
8.8 	 0.9302736462690386 
8.82 	 0.9281214915872673 
8.84 	 0.9262602904219492 
8.86 	 0.9240559786153311 
8.88 	 0.921847042625745 
8.9 	 0.9200056266939046 
8.92 	 0.9178979305398632 
8.94 	 0.9166895144009441 
8.96 	 0.9150100794457143 
8.98 	 0.914536344233053 
9.0 	 0.9134528059654888 
9.02 	 0.9136771190665992 
9.04 	 0.9132170032395729 
9.06 	 0.9140218976229212 
9.08 	 0.9141225942805495 
9.1 	 0.9153646153291153 
9.12 	 0.9159241431113063 
9.14 	 0.9174688891977003 
9.16 	 0.9183802683174425 
9.18 	 0.9201164600059331 
9.2 	 0.9212836380923989 
9.22 	 0.923123787550234 
9.24 	 0.9244651658156177 
9.26 	 0.9263410751642149 
9.28 	 0.9277876237875061 
9.3 	 0.9296460181026448 
9.32 	 0.9311388405807983 
9.34 	 0.9329395048235269 
9.36 	 0.9344293968621322 
9.38 	 0.9361460756771436 
9.4 	 0.9375956981618596 
9.42 	 0.939218467081145 
9.44 	 0.9406060823408253 
9.46 	 0.9421430118812145 
9.48 	 0.9434656306664643 
9.5 	 0.9449417178322046 
9.52 	 0.9462154627968736 
9.54 	 0.9476679788877774 
9.56 	 0.948924533955506 
9.58 	 0.9503955966383268 
9.6 	 0.9516753086373549 
9.62 	 0.9532039288611748 
9.64 	 0.9545477778286471 
9.66 	 0.95616425553073 
9.68 	 0.9576078274042045 
9.7 	 0.9593327275874433 
9.72 	 0.9609048906825385 
9.74 	 0.9627527674255705 
9.76 	 0.9644796430497059 
9.78 	 0.9664646731239427 
9.8 	 0.9683761154122659 
9.82 	 0.9705142516743019 
9.84 	 0.9726469353142371 
9.86 	 0.9749490624542413 
9.88 	 0.9773396815144658 
9.9 	 0.9797938501747642 
9.92 	 0.9824594411427995 
9.94 	 0.9850067568305669 
9.96 	 0.9879160586082335 
9.98 	 0.990431088036496 
10.0 	 0.9934779351972445 
10.02 	 0.995766781544149 
10.04 	 0.9987599028797471 
10.06 	 1.0005851883422223 
10.08 	 1.0032660985795234 
10.1 	 1.004398458220837 
10.12 	 1.0064903769624742 
10.14 	 1.0067737202169946 
10.16 	 1.0080516798896753 
10.18 	 1.0074594183299657 
10.2 	 1.007819136359599 
10.22 	 1.0064766013265651 
10.24 	 1.0059736759838218 
10.26 	 1.0041318558443884 
10.28 	 1.0029697777796809 
10.3 	 1.0009356618902399 
10.32 	 0.9994022703922472 
10.34 	 0.997452816705258 
10.36 	 0.9958313502919831 
10.38 	 0.9941482358326458 
10.4 	 0.9926438855684689 
10.42 	 0.9912953707788335 
10.44 	 0.990008241054912 
10.46 	 0.9889772860411657 
10.48 	 0.9879233706611054 
10.5 	 0.9871564038002442 
10.52 	 0.9863115963508142 
10.54 	 0.985757440215765 
10.56 	 0.9850940742898311 
10.58 	 0.9847175198320958 
10.6 	 0.9842175124340233 
10.62 	 0.9839920615003265 
10.64 	 0.9836402913022968 
10.66 	 0.9835353986842537 
10.68 	 0.9833077532162365 
10.7 	 0.9832838816048631 
10.72 	 0.9831429178873516 
10.74 	 0.9831584057168361 
10.76 	 0.9830608749359515 
10.78 	 0.9830858886968576 
10.8 	 0.9829979526179017 
10.82 	 0.9830273658320888 
10.84 	 0.9829397416158695 
10.86 	 0.9829984981661588 
10.88 	 0.9829349250023184 
10.9 	 0.9830731645963421 
10.92 	 0.9830886149078154 
10.94 	 0.9833668458260162 
10.96 	 0.9835344780990056 
10.98 	 0.9840011235488947 
11.0 	 0.9843891593741949 
11.02 	 0.9850551389965428 
11.04 	 0.9856978942630615 
11.06 	 0.9865157124140295 
11.08 	 0.9873867195928281 
11.1 	 0.9882428959435082 
11.12 	 0.9892401190551093 
11.14 	 0.9899676282816728 
11.16 	 0.9909191251277415 
11.18 	 0.9913309785148907 
11.2 	 0.9920243548819928 
11.22 	 0.9919627024103874 
11.24 	 0.9921951835343328 
11.26 	 0.9915842406407348 
11.28 	 0.9912232557365523 
11.3 	 0.9901099495479925 
11.32 	 0.9891472952951238 
11.34 	 0.9877123878701944 
11.36 	 0.9862906588247011 
11.38 	 0.9848181563857143 
11.4 	 0.9832111789559541 
11.42 	 0.9820171281613201 
11.44 	 0.980560783229761 
11.46 	 0.9799015522554146 
11.48 	 0.9788949501364398 
11.5 	 0.9788904421090949 
11.52 	 0.9785071778112259 
11.54 	 0.9791133895274495 
11.56 	 0.979362236474222 
11.58 	 0.9804051233033101 
11.6 	 0.9811546722202422 
11.62 	 0.9824056512879717 
11.64 	 0.9834540464356056 
11.66 	 0.9847086956148976 
11.68 	 0.9858608421681717 
11.7 	 0.9869877624586352 
11.72 	 0.9881072614600476 
11.74 	 0.989055482505943 
11.76 	 0.990078105314616 
11.78 	 0.9908524934515476 
11.8 	 0.9917677234045416 
11.82 	 0.9923922647602292 
11.84 	 0.9932103404327413 
11.86 	 0.9936980404532297 
11.88 	 0.9944205454291043 
11.9 	 0.9947605047361425 
11.92 	 0.9953659907722171 
11.94 	 0.9955283098442403 
11.96 	 0.9959752012991573 
11.98 	 0.9959266140318331 
12.0 	 0.9961675237528578 
12.02 	 0.9958872856178576 
12.04 	 0.9958845708195564 
12.06 	 0.9953721493049211 
12.08 	 0.9951058268062357 
12.1 	 0.9943786976595086 
12.12 	 0.9938446399419074 
12.14 	 0.9929324591606559 
12.16 	 0.992137460702511 
12.18 	 0.9910823015020923 
12.2 	 0.9900465571184661 
12.22 	 0.988913825843871 
12.24 	 0.9876858945106519 
12.26 	 0.9865794815691571 
12.28 	 0.9852565283170711 
12.3 	 0.9843233700273436 
12.32 	 0.9830599461371275 
12.34 	 0.9824715478212417 
12.36 	 0.9814624564958833 
12.38 	 0.9813742203585963 
12.4 	 0.9808115562929003 
12.42 	 0.9813161955573487 
12.44 	 0.9813377429973468 
12.46 	 0.982435203630286 
12.48 	 0.9830881990168991 
12.5 	 0.98468626883249 
12.52 	 0.9859218337024689 
12.54 	 0.9878650428680384 
12.56 	 0.9895616402252626 
12.58 	 0.9916733801968006 
12.6 	 0.9936753008351734 
12.62 	 0.9957966337164419 
12.64 	 0.997952222623064 
12.66 	 0.9999675755002672 
12.68 	 1.0021577762536646 
12.7 	 1.0040047049439433 
12.72 	 1.0061580146107485 
12.74 	 1.0078213029015284 
12.76 	 1.0099132015870704 
12.78 	 1.0114047173257696 
12.8 	 1.013440682001456 
12.82 	 1.0147695746081344 
12.84 	 1.0167549142183814 
12.86 	 1.01789846789306 
12.88 	 1.019805567988887 
12.9 	 1.0206949620140287 
12.92 	 1.0224439706858235 
12.94 	 1.0229757265625836 
12.96 	 1.0244419715547313 
12.98 	 1.0245141492400451 
13.0 	 1.025563674420186 
13.02 	 1.0251223273825862 
13.04 	 1.0256624165621866 
13.06 	 1.0247374353276983 
13.08 	 1.0247609534966682 
13.1 	 1.0234752049659355 
13.12 	 1.0230804822318778 
13.14 	 1.021628192314764 
13.16 	 1.0210071196273804 
13.18 	 1.0196088594523145 
13.2 	 1.0190075704689026 
13.22 	 1.0178540366304407 
13.24 	 1.0175164531660712 
13.26 	 1.0167109298737596 
13.28 	 1.0168139064345094 
13.3 	 1.016318693252002 
13.32 	 1.016903139369868 
13.34 	 1.0164952739448285 
13.36 	 1.0173983044344752 
13.38 	 1.0166477582787525 
13.4 	 1.017450657599446 
13.42 	 1.0157440014415433 
13.44 	 1.0157639294786749 
13.46 	 1.0123955373265638 
13.48 	 1.0107526656801098 
13.5 	 1.0050859116317439 
13.52 	 1.00086328032491 
13.54 	 0.9925334985449146 
13.56 	 0.9850176555391478 
13.58 	 0.9741254061236224 
13.6 	 0.9630829417402205 
13.62 	 0.9503219267674199 
13.64 	 0.9362391049221486 
13.66 	 0.9229108432013103 
13.68 	 0.9071029544652768 
13.7 	 0.8949724515936868 
13.72 	 0.8794573709438768 
13.74 	 0.8704003828927793 
13.76 	 0.8574492347803016 
13.78 	 0.852889644157639 
13.8 	 0.8442956794958684 
13.82 	 0.8446246884279974 
13.84 	 0.8410228967663023 
13.86 	 0.8454180767384002 
13.88 	 0.8461555192773875 
13.9 	 0.8530320937265505 
13.92 	 0.856690408671125 
13.94 	 0.8644370545220326 
13.96 	 0.8695373859880536 
13.98 	 0.8770095611692303 
14.0 	 0.882446647413056 
14.02 	 0.8890651198318855 
14.04 	 0.8942039089487718 
14.06 	 0.8998170805136844 
14.08 	 0.9043975525699033 
14.1 	 0.9090899746475322 
14.12 	 0.9130802048807207 
14.14 	 0.9170217024724093 
14.16 	 0.920493255982038 
14.18 	 0.9238514679899166 
14.2 	 0.926900098840578 
14.22 	 0.9298050059317281 
14.24 	 0.9325125493462995 
14.26 	 0.9350523262720452 
14.28 	 0.9374759075819717 
14.3 	 0.9397062191550791 
14.32 	 0.9418809159519155 
14.34 	 0.9438363272164242 
14.36 	 0.9457815145263034 
14.38 	 0.9474840412454062 
14.4 	 0.9492086046103999 
14.42 	 0.9506731857495493 
14.44 	 0.9521790802266185 
14.46 	 0.9534182916133929 
14.48 	 0.954704507219358 
14.5 	 0.9557347535506061 
14.52 	 0.9568038034400325 
14.54 	 0.9576529008501272 
14.56 	 0.9585196071728467 
14.58 	 0.9592327219664613 
14.6 	 0.9599319184432303 
14.62 	 0.9605715423391247 
14.64 	 0.9611597726815615 
14.66 	 0.9617972713260591 
14.68 	 0.9623453510070568 
14.7 	 0.9630460136240063 
14.72 	 0.963623958792842 
14.74 	 0.9644317271514449 
14.76 	 0.965092245170657 
14.78 	 0.9660213284038801 
14.8 	 0.9667894689449157 
14.82 	 0.9678267289437323 
14.84 	 0.9687001379633637 
14.86 	 0.9698164198855709 
14.88 	 0.9707749116625394 
14.9 	 0.971939087641268 
14.92 	 0.9729576819974275 
14.94 	 0.9741466867349202 
14.96 	 0.9752054636746248 
14.98 	 0.9764068676015234 
15.0 	 0.9774939227120807 
15.02 	 0.97870230075387 
15.04 	 0.9798106598151269 
15.06 	 0.98102246738567 
15.08 	 0.9821454404989506 
15.1 	 0.9833575323699649 
15.12 	 0.9844877265784168 
15.14 	 0.9857018362507202 
15.16 	 0.9868364155077429 
15.18 	 0.9880674036164206 
15.2 	 0.9892175969589591 
15.22 	 0.9904998741694125 
15.24 	 0.9916990611255427 
15.26 	 0.993085755752583 
15.28 	 0.9943903704140761 
15.3 	 0.9959437998965375 
15.32 	 0.9974252314480601 
15.34 	 0.9992025125604752 
15.36 	 1.0009336184408657 
15.38 	 1.0029740037017312 
15.4 	 1.0050168053868993 
15.42 	 1.0073352686709816 
15.44 	 1.0097343752215449 
15.46 	 1.0123203211194736 
15.48 	 1.0151008078407127 
15.5 	 1.0179157753700847 
15.52 	 1.0210789620540948 
15.54 	 1.0240471407157767 
15.56 	 1.0275574485597203 
15.58 	 1.0305489400771342 
15.6 	 1.0343112062860067 
15.62 	 1.0371270970451347 
15.64 	 1.0409634275838056 
15.66 	 1.0433376830009458 
15.68 	 1.0469799322251814 
15.7 	 1.0486102269777011 
15.72 	 1.0517226647640014 
15.74 	 1.052329802470268 
15.76 	 1.05456524227331 
15.78 	 1.0539648497382572 
15.8 	 1.055041417702877 
15.82 	 1.0532015514538164 
15.84 	 1.0529746470811727 
15.86 	 1.0500352341912926 
15.88 	 1.0485369732906036 
15.9 	 1.0447811765750414 
15.92 	 1.0422102195553138 
15.94 	 1.0379975767817369 
15.96 	 1.0346626443684748 
15.98 	 1.0303502844429095 
16.0 	 1.0265919126214003 
16.02 	 1.02247483853035 
16.04 	 1.018599742708395 
16.06 	 1.0148898900903185 
16.08 	 1.0111426225019324 
16.1 	 1.0079838727053025 
16.12 	 1.0045558463903617 
16.14 	 1.002052113895591 
16.16 	 0.9991051374900746 
16.18 	 0.9973348115366506 
16.2 	 0.9950111459341197 
16.22 	 0.9940158700449456 
16.24 	 0.9924219926300022 
16.26 	 0.9921797057866474 
16.28 	 0.9913539678708323 
16.3 	 0.9917593144975723 
16.32 	 0.991647285141347 
16.34 	 0.9925182231529386 
16.36 	 0.9929749236766134 
16.38 	 0.9940874049784427 
16.4 	 0.9949086669230923 
16.42 	 0.9960452858342811 
16.44 	 0.9970151547699267 
16.46 	 0.9980089657928176 
16.48 	 0.9989456372173426 
16.5 	 0.9997062250816626 
16.52 	 1.0004938210132828 
16.54 	 1.0010115995242483 
16.56 	 1.0016122762481452 
16.58 	 1.0019433712920376 
16.6 	 1.0023896262317893 
16.62 	 1.0026272916723296 
16.64 	 1.0029982743409174 
16.66 	 1.0032392575230717 
16.68 	 1.0036286314510983 
16.7 	 1.0039441148391421 
16.72 	 1.0044295322254109 
16.74 	 1.0048484649216276 
16.76 	 1.0054715730606993 
16.78 	 1.0059788912083063 
16.8 	 1.0067394596534855 
16.82 	 1.0072854143730143 
16.84 	 1.0081465670465004 
16.86 	 1.0086600469541158 
16.88 	 1.0095579679599758 
16.9 	 1.0099583271352868 
16.92 	 1.0108113424781124 
16.94 	 1.011018255049004 
16.96 	 1.0117353528129915 
16.98 	 1.0116805661639312 
17.0 	 1.0121740498525447 
17.02 	 1.0118186841854664 
17.04 	 1.0120254330738805 
17.06 	 1.0113804864663396 
17.08 	 1.011289473830427 
17.1 	 1.010428490480784 
17.12 	 1.0101016675574765 
17.14 	 1.0091497534703382 
17.16 	 1.0087166362702042 
17.18 	 1.0078060406450502 
17.2 	 1.0074180868783773 
17.22 	 1.0066192081509127 
17.24 	 1.0063715082815294 
17.26 	 1.0056311269298628 
17.28 	 1.0054864015957785 
17.3 	 1.0046144101603247 
17.32 	 1.0043765458490344 
17.34 	 1.0031037422880233 
17.36 	 1.0024689345197537 
17.38 	 1.0005580345387322 
17.4 	 0.9992292370347077 
17.42 	 0.996587205602561 
17.44 	 0.994400659446237 
17.46 	 0.9911374186103128 
17.48 	 0.9881420302070358 
17.5 	 0.984548288885936 
17.52 	 0.9810015612104465 
17.54 	 0.9774576042298684 
17.56 	 0.9737417074760173 
17.58 	 0.970599308879203 
17.6 	 0.9670981772322509 
17.62 	 0.9645867808810522 
17.64 	 0.9615808785491589 
17.66 	 0.9597728411153797 
17.68 	 0.957392717317858 
17.7 	 0.956229040170365 
17.72 	 0.9544718742874613 
17.74 	 0.9538200092973207 
17.76 	 0.9526008211443902 
17.78 	 0.9523085018452493 
17.8 	 0.9515097983790087 
17.82 	 0.9514339533227248 
17.84 	 0.9509328348359928 
17.86 	 0.9509448535814061 
17.88 	 0.9506184217946614 
17.9 	 0.9506006952640581 
17.92 	 0.950324086976476 
17.94 	 0.9501726492940615 
17.96 	 0.9498243294786204 
17.98 	 0.949462671050545 
18.0 	 0.948942222350566 
18.02 	 0.9483396467643144 
18.04 	 0.9475912601799161 
18.06 	 0.9467725301395048 
18.08 	 0.9457997963297717 
18.1 	 0.944835042504424 
18.12 	 0.9436940890018545 
18.14 	 0.9426683451054112 
18.16 	 0.9414371885575369 
18.18 	 0.9404122057800665 
18.2 	 0.939149239216703 
18.22 	 0.9381382068283313 
18.24 	 0.9368525633976147 
18.26 	 0.9358241387792554 
18.28 	 0.9344769686600221 
18.3 	 0.9333889341766467 
18.32 	 0.9319275959681956 
18.34 	 0.9307720116829455 
18.36 	 0.9291791140410562 
18.38 	 0.9280122908009881 
18.4 	 0.9263412465851898 
18.42 	 0.9252786669449781 
18.44 	 0.9236528872306249 
18.46 	 0.9228270076150642 
18.48 	 0.9213977338539245 
18.5 	 0.9208960719421424 
18.52 	 0.9197752653637279 
18.54 	 0.9195883709587783 
18.56 	 0.9187879092803439 
18.58 	 0.9187956422180542 
18.6 	 0.9182044440375047 
18.62 	 0.9182134246435296 
18.64 	 0.9176287023706071 
18.66 	 0.91745031652419 
18.68 	 0.9166552531890703 
18.7 	 0.9161939017285945 
18.72 	 0.9150532130288856 
18.74 	 0.9143680306224896 
18.76 	 0.912903456685787 
18.78 	 0.9122153175026593 
18.8 	 0.9106276624107864 
18.82 	 0.9102630113482534 
18.84 	 0.908885384507567 
18.86 	 0.9091736137780705 
18.88 	 0.9083689061237561 
18.9 	 0.9095327633285892 
18.92 	 0.9095769312084052 
18.94 	 0.9116634084584012 
18.96 	 0.9126668356231729 
18.98 	 0.9155484654539775 
19.0 	 0.9174480530545185 
19.02 	 0.920887508621855 
19.04 	 0.9235028184205905 
19.06 	 0.9272421473163167 
19.08 	 0.9303582868833425 
19.1 	 0.9341892962935474 
19.12 	 0.9376256121360739 
19.14 	 0.9414170702053442 
19.16 	 0.9450579796501696 
19.18 	 0.9487397081173775 
19.2 	 0.9525250466505467 
19.22 	 0.9560446949598375 
19.24 	 0.959931081268209 
19.26 	 0.9632044894963554 
19.28 	 0.9671153620456803 
19.3 	 0.9699900303635776 
19.32 	 0.9737730328733729 
19.34 	 0.9760194393321561 
19.36 	 0.9794275127150261 
19.38 	 0.9807652505505355 
19.4 	 0.9834719540164588 
19.42 	 0.9836268794218174 
19.44 	 0.9852768699021945 
19.46 	 0.9840539544198176 
19.48 	 0.9843378745761705 
19.5 	 0.9816868825615841 
19.52 	 0.9804199108677276 
19.54 	 0.976471572830058 
19.56 	 0.9736509539218077 
19.58 	 0.9687107618227508 
19.6 	 0.9645327894082556 
19.62 	 0.9590344572370916 
19.64 	 0.9538652984657645 
19.66 	 0.948299999994702 
19.68 	 0.942612107928254 
19.7 	 0.9374560684903392 
19.72 	 0.9317533315016657 
19.74 	 0.9274114142735796 
19.76 	 0.9221640159045423 
19.78 	 0.9189336869487023 
19.8 	 0.9145300250497413 
19.82 	 0.9125788618721103 
19.84 	 0.9092895737898236 
19.86 	 0.9086402338473387 
19.88 	 0.9065902552056935 
19.9 	 0.907117872778865 
19.92 	 0.9062736735480156 
19.94 	 0.9077279729806698 
19.96 	 0.9079129783851491 
19.98 	 0.909969561245739 
20.0 	 0.9109111818266279 
20.02 	 0.9132389939863277 
20.04 	 0.9146335409676374 
20.06 	 0.9169550702988388 
20.08 	 0.918528000497533 
20.1 	 0.9206540605328702 
20.12 	 0.9221985752565348 
20.14 	 0.9240340882803223 
20.16 	 0.9254240850749305 
20.18 	 0.9269531689102346 
20.2 	 0.9281367980520224 
20.22 	 0.9293987146355235 
20.24 	 0.9303817279526434 
20.26 	 0.9314458831996394 
20.28 	 0.9322714308767653 
20.3 	 0.9332150161671755 
20.32 	 0.933943118426358 
20.34 	 0.9348329030761405 
20.36 	 0.9355216517016753 
20.38 	 0.9364018477185363 
20.4 	 0.9370932361933968 
20.42 	 0.9379816687665942 
20.44 	 0.9386952440335448 
20.46 	 0.9395881569622484 
20.48 	 0.9403234975408306 
20.5 	 0.9412058027464043 
20.52 	 0.9419509933300878 
20.54 	 0.9428064154730369 
20.56 	 0.9435471109636971 
20.58 	 0.9443636774121007 
20.6 	 0.9450881972892916 
20.62 	 0.945858273141418 
20.64 	 0.9465577767889851 
20.66 	 0.9472754250379941 
20.68 	 0.9479416883168937 
20.7 	 0.948600937190754 
20.72 	 0.9492250339757351 
20.74 	 0.9498205734950654 
20.76 	 0.9503938111908402 
20.78 	 0.9509229866412481 
20.8 	 0.9514389703008836 
20.82 	 0.9519030538050616 
20.84 	 0.9523590072679331 
20.86 	 0.9527629545105264 
20.88 	 0.9531596607463757 
20.9 	 0.9535112248348917 
20.92 	 0.9538524977330884 
20.94 	 0.9541618889896041 
20.96 	 0.9544546690392247 
20.98 	 0.9547347891889425 
21.0 	 0.9549897404701675 
21.02 	 0.9552558383024405 
21.04 	 0.9554871934351451 
21.06 	 0.9557549675955402 
21.08 	 0.9559786385118733 
21.1 	 0.9562612174607072 
21.12 	 0.9564916478360497 
21.14 	 0.9567970716571528 
21.16 	 0.9570444914062564 
21.18 	 0.9573750956877152 
21.2 	 0.9576445841858904 
21.22 	 0.9579982703314979 
21.24 	 0.9582906283086617 
21.26 	 0.9586627591553392 
21.28 	 0.9589759940904437 
21.3 	 0.959360662581893 
21.32 	 0.9596909365223397 
21.34 	 0.9600814032196886 
21.36 	 0.9604233117505199 
21.38 	 0.9608123358797743 
21.4 	 0.9611592412535591 
21.42 	 0.9615399754978018 
21.44 	 0.9618850044892419 
21.46 	 0.962252306797876 
21.48 	 0.9625898060818122 
21.5 	 0.9629411739487853 
21.52 	 0.9632678036631608 
21.54 	 0.9636032927167164 
21.56 	 0.9639181171375151 
21.58 	 0.9642393461887485 
21.6 	 0.9645430079033158 
21.62 	 0.9648519525465415 
21.64 	 0.9651455946886747 
21.66 	 0.9654438556396435 
21.68 	 0.9657284455100182 
21.7 	 0.966017185634418 
21.72 	 0.9662934353957563 
21.74 	 0.9665737015637138 
21.76 	 0.9668423396365446 
21.78 	 0.9671153671244576 
21.8 	 0.9673774046585689 
21.82 	 0.967644706915453 
21.84 	 0.9679015302392058 
21.86 	 0.9681648317313492 
21.88 	 0.9684181792737131 
21.9 	 0.9686793259487857 
21.92 	 0.9689312650752298 
21.94 	 0.9691921257393261 
21.96 	 0.9694450133409184 
21.98 	 0.9697072208124888 
22.0 	 0.9699634615859353 
22.02 	 0.9702278191782457 
22.04 	 0.9704892114621098 
22.06 	 0.9707547810864209 
22.08 	 0.9710214412528974 
22.1 	 0.9712846413513979 
22.12 	 0.9715538376568189 
22.14 	 0.9718081086749956 
22.16 	 0.9720736086370351 
22.18 	 0.9723101609166409 
22.2 	 0.9725626978896039 
22.22 	 0.9727724822531556 
22.24 	 0.9730015924547805 
22.26 	 0.9731780486307459 
22.28 	 0.973374918541568 
22.3 	 0.973516532299123 
22.32 	 0.9736768984592591 
22.34 	 0.973788449735639 
22.36 	 0.9739143525010856 
22.38 	 0.974006151289473 
22.4 	 0.9741056943434149 
22.42 	 0.9741909681946824 
22.44 	 0.9742760986859647 
22.46 	 0.9743675794503847 
22.48 	 0.9744508410431456 
22.5 	 0.9745579623568358 
22.52 	 0.9746496169064476 
22.54 	 0.9747773222202859 
22.56 	 0.9748838946049754 
22.58 	 0.9750331279016575 
22.6 	 0.9751575424890401 
22.62 	 0.9753266641507452 
22.64 	 0.9754693181610784 
22.66 	 0.97565546290082 
22.68 	 0.9758153293142686 
22.7 	 0.9760151305829484 
22.72 	 0.9761903420229388 
22.74 	 0.9764000764621117 
22.76 	 0.9765880234706686 
22.78 	 0.9768036034833726 
22.8 	 0.9770009323579698 
22.82 	 0.9772181144040286 
22.84 	 0.9774209575770655 
22.86 	 0.9776358155590417 
22.88 	 0.9778402946295695 
22.9 	 0.9780497421115282 
22.92 	 0.9782525376037432 
22.94 	 0.9784546451362395 
22.96 	 0.9786533891367949 
22.98 	 0.9788473862907499 
23.0 	 0.9790407609947986 
23.02 	 0.9792267802257056 
23.04 	 0.9794143573888643 
23.06 	 0.9795930620413342 
23.08 	 0.9797750028530788 
23.1 	 0.9799472404789968 
23.12 	 0.980123987557288 
23.14 	 0.980290562390573 
23.16 	 0.9804626228212887 
23.18 	 0.9806242124211138 
23.2 	 0.9807920672300419 
23.22 	 0.9809492353843674 
23.24 	 0.9811133352297562 
23.26 	 0.9812665548090218 
23.28 	 0.9814273208081075 
23.3 	 0.9815769520174664 
23.32 	 0.9817347336793854 
23.34 	 0.9818809815008023 
23.36 	 0.9820360026758339 
23.38 	 0.9821789206155868 
23.4 	 0.9823312827067106 
23.42 	 0.9824708424379403 
23.44 	 0.982620598422911 
23.46 	 0.9827567509710804 
23.48 	 0.9829039659338557 
23.5 	 0.9830365887393814 
23.52 	 0.9831812749980992 
23.54 	 0.9833099824951076 
23.56 	 0.9834518864718532 
23.58 	 0.9835758040185458 
23.6 	 0.9837141435437672 
23.62 	 0.983831777822733 
23.64 	 0.9839650547151779 
23.66 	 0.9840743098835314 
23.68 	 0.984200237195879 
23.7 	 0.9842985460555619 
23.72 	 0.9844140663567723 
23.74 	 0.9844986608618934 
23.76 	 0.9846001195014551 
23.78 	 0.98466860485945 
23.8 	 0.9847523065596453 
23.82 	 0.9848036938194119 
23.84 	 0.9848670515798793 
23.86 	 0.9849030796995748 
23.88 	 0.9849461928007097 
23.9 	 0.9849723008746379 
23.92 	 0.9849992673573824 
23.94 	 0.9850244057000521 
23.96 	 0.9850434633822109 
23.98 	 0.9850783729997205 
24.0 	 0.9851004029546194 
24.02 	 0.9851548560346403 
24.04 	 0.9851906745650182 
24.06 	 0.9852708397612405 
24.08 	 0.9853284183600381 
24.1 	 0.9854354770488981 
24.12 	 0.9855182408598008 
24.14 	 0.9856486797590014 
24.16 	 0.9857553873045345 
24.18 	 0.9859025736056226 
24.2 	 0.9860285023927841 
24.22 	 0.9861847363761173 
24.24 	 0.986323485974676 
24.26 	 0.9864818081014027 
24.28 	 0.9866270554572061 
24.3 	 0.9867823792562483 
24.32 	 0.9869291278345387 
24.34 	 0.987078524221809 
24.36 	 0.9872235799665642 
24.38 	 0.9873657500059424 
24.4 	 0.9875073630558386 
24.42 	 0.987641597388032 
24.44 	 0.98777851116593 
24.46 	 0.9879036829643723 
24.48 	 0.9880341334541869 
24.5 	 0.9881482929965415 
24.52 	 0.9882695583938583 
24.54 	 0.9883703750941072 
24.56 	 0.9884791680163274 
24.58 	 0.9885649677886004 
24.6 	 0.9886584628798152 
24.62 	 0.9887292773383834 
24.64 	 0.9888062228537322 
24.66 	 0.9888643211437768 
24.68 	 0.9889257131124184 
24.7 	 0.9889754364568362 
24.72 	 0.9890245508286208 
24.74 	 0.9890716150241566 
24.76 	 0.9891135086529539 
24.78 	 0.9891640533133278 
24.8 	 0.9892047467048755 
24.82 	 0.9892643220438815 
24.84 	 0.9893098052713191 
24.86 	 0.9893824043873531 
24.88 	 0.9894375636703024 
24.9 	 0.9895248644160992 
24.92 	 0.9895925247689223 
24.94 	 0.9896936124573981 
24.96 	 0.989774024296205 
24.98 	 0.9898858240313677 
25.0 	 0.9899768827441301 
25.02 	 0.9900952626454962 
25.04 	 0.9901934715212263 
25.06 	 0.9903146374372216 
25.08 	 0.9904164644547129 
25.1 	 0.9905380973513159 
25.12 	 0.9906411801318303 
25.14 	 0.9907628910402335 
25.16 	 0.9908666363370758 
25.18 	 0.9909896458588587 
25.2 	 0.9910950772877128 
25.22 	 0.9912213661694801 
25.24 	 0.9913304091402717 
25.26 	 0.9914617626695678 
25.28 	 0.9915763509520993 
25.3 	 0.9917136784636844 
25.32 	 0.9918350572984592 
25.34 	 0.9919781702188213 
25.36 	 0.9921066017294061 
25.38 	 0.9922544014943981 
25.4 	 0.9923892601387664 
25.42 	 0.9925401328083454 
25.44 	 0.9926802204238596 
25.46 	 0.9928324069034433 
25.48 	 0.9929762721240766 
25.5 	 0.9931280611184882 
25.52 	 0.9932741662875593 
25.54 	 0.9934238856393568 
25.56 	 0.9935705815984249 
25.58 	 0.9937164877215067 
25.6 	 0.9938618846455193 
25.62 	 0.9940021240591356 
25.64 	 0.9941440357078064 
25.66 	 0.9942768362172056 
25.68 	 0.9944129725101997 
25.7 	 0.9945370954473198 
25.72 	 0.9946655536996323 
25.74 	 0.9947808466316058 
25.76 	 0.9949007466655896 
25.78 	 0.9950084948334545 
25.8 	 0.9951204424237919 
25.82 	 0.9952232500439753 
25.84 	 0.9953293315764968 
25.86 	 0.9954304914525317 
25.88 	 0.9955337276674469 
25.9 	 0.9956363283499687 
25.92 	 0.9957398149933172 
25.94 	 0.9958459873244887 
25.96 	 0.9959521184318508 
25.98 	 0.9960627237057361 
26.0 	 0.9961728091347589 
26.02 	 0.9962875915371536 
26.04 	 0.9964019118111018 
26.06 	 0.9965198825152902 
26.08 	 0.9966379720703571 
26.1 	 0.9967577342384354 
26.12 	 0.9968786206985627 
26.14 	 0.996998493756461 
26.16 	 0.9971207586853651 
26.18 	 0.9972387732360243 
26.2 	 0.9973605019830638 
26.22 	 0.9974744487853543 
26.24 	 0.9975932461312316 
26.26 	 0.997700919122002 
26.28 	 0.9978141322912606 
26.3 	 0.9979137794355848 
26.32 	 0.9980189584602174 
26.34 	 0.9981098477574929 
26.36 	 0.9982053749607993 
26.38 	 0.9982883283598973 
26.4 	 0.9983740841913201 
26.42 	 0.9984517958232164 
26.44 	 0.9985296637049568 
26.46 	 0.998606591918812 
26.48 	 0.9986805458764575 
26.5 	 0.9987622184017104 
26.52 	 0.9988377708949648 
26.54 	 0.9989295422289979 
26.56 	 0.9990125397586158 
26.58 	 0.9991181457220429 
26.6 	 0.9992132385786858 
26.62 	 0.9993337175685784 
26.64 	 0.999443095654535 
26.66 	 0.9995765872933446 
26.68 	 0.9996995474893264 
26.7 	 0.9998421002836988 
26.72 	 0.9999756434601658 
26.74 	 1.000122660048122 
26.76 	 1.0002628003662426 
26.78 	 1.0004104355063526 
26.8 	 1.0005535613229828 
26.82 	 1.0006994739908042 
26.84 	 1.000843152339874 
26.86 	 1.0009864433734463 
26.88 	 1.0011294663312171 
26.9 	 1.001270111206592 
26.92 	 1.0014120527239323 
26.94 	 1.0015503410447464 
26.96 	 1.001691100927635 
26.98 	 1.001827413372042 
27.0 	 1.0019670589009606 
27.02 	 1.0021019389407175 
27.04 	 1.0022407987754054 
27.06 	 1.0023750329084038 
27.08 	 1.0025137691899109 
27.1 	 1.0026482561903565 
27.12 	 1.0027877144856052 
27.14 	 1.0029231759173198 
27.16 	 1.0030640813370424 
27.18 	 1.0032008624550601 
27.2 	 1.0033436165446397 
27.22 	 1.0034817567154644 
27.24 	 1.003626507986662 
27.26 	 1.0037659949354087 
27.28 	 1.0039128856916262 
27.3 	 1.004053814497974 
27.32 	 1.0042031178299566 
27.34 	 1.0043455579970315 
27.36 	 1.004497511868281 
27.38 	 1.0046411807835889 
27.4 	 1.0047956285623856 
27.42 	 1.0049396955883023 
27.44 	 1.005095866709672 
27.46 	 1.005239139488278 
27.48 	 1.0053958244497623 
27.5 	 1.0055372518771857 
27.52 	 1.0056933055773718 
27.54 	 1.0058324624764448 
27.56 	 1.005987304266832 
27.58 	 1.006124546163206 
27.6 	 1.0062783517379383 
27.62 	 1.006414604135371 
27.64 	 1.0065681539315474 
27.66 	 1.0067045541075221 
27.68 	 1.0068589405637693 
27.7 	 1.0069965552872544 
27.72 	 1.0071529436168525 
27.74 	 1.0072925895801654 
27.76 	 1.0074520337944324 
27.78 	 1.0075940808543322 
27.8 	 1.0077572718817325 
27.82 	 1.0079013879808947 
27.84 	 1.0080683150376621 
27.86 	 1.0082133200084091 
27.88 	 1.008383046306183 
27.9 	 1.0085271161786336 
27.92 	 1.0086979373510654 
27.94 	 1.0088392023322126 
27.96 	 1.0090092417276053 
27.98 	 1.0091464962427914 
28.0 	 1.0093144523999351 
28.02 	 1.0094475324886372 
28.04 	 1.0096131171503102 
28.06 	 1.0097426461874432 
28.08 	 1.0099063776087769 
28.1 	 1.0100329307039375 
28.12 	 1.0101952810232948 
28.14 	 1.0103183611794786 
28.16 	 1.010478613991423 
28.18 	 1.010596038468145 
28.2 	 1.0107514788806602 
28.22 	 1.010859789648966 
28.24 	 1.0110059479136788 
28.26 	 1.0111021966941984 
28.28 	 1.0112346510070005 
28.3 	 1.0113192767991983 
28.32 	 1.0114368518747034 
28.34 	 1.0115165102778825 
28.36 	 1.0116247307471322 
28.38 	 1.0117133518158044 
28.4 	 1.0118262772377633 
28.42 	 1.0119429003195273 
28.44 	 1.0120816252114944 
28.46 	 1.0122448127354622 
28.48 	 1.0124321335994222 
28.5 	 1.012652440292063 
28.52 	 1.0129049300310047 
28.54 	 1.0131781049837967 
28.56 	 1.0134981990178107 
28.58 	 1.013801929870562 
28.6 	 1.0141730010973988 
28.62 	 1.0144690800861649 
28.64 	 1.0148558064999376 
28.66 	 1.0150979861782745 
28.68 	 1.0154528645791623 
28.7 	 1.0155987741547332 
28.72 	 1.0158736933355184 
28.74 	 1.0158974207205544 
28.76 	 1.0160571593191494 
28.78 	 1.015958128113829 
28.8 	 1.0159912277847978 
28.82 	 1.015795604549568 
28.84 	 1.0157182581563715 
28.86 	 1.01547161504556 
28.88 	 1.015322501175657 
28.9 	 1.0150760494516025 
28.92 	 1.0149037638647833 
28.94 	 1.01469942872782 
28.96 	 1.0145475100946248 
28.98 	 1.0144077129396236 
29.0 	 1.0143033093896339 
29.02 	 1.0142290337107038 
29.04 	 1.0141792855511254 
29.06 	 1.0141560064914348 
29.08 	 1.0141523225856772 
29.1 	 1.0141599007717457 
29.12 	 1.0141867158631852 
29.14 	 1.0142082287684127 
29.16 	 1.0142514401665412 
29.18 	 1.0142774569573862 
29.2 	 1.0143289597635559 
29.22 	 1.0143567113834633 
29.24 	 1.014414163929378 
29.26 	 1.0144435959895333 
29.28 	 1.0145070225952544 
29.3 	 1.0145366289680386 
29.32 	 1.014604493856595 
29.34 	 1.0146290948481114 
29.36 	 1.0146959624014895 
29.38 	 1.0147071019444438 
29.4 	 1.0147637128371338 
29.42 	 1.014752086407613 
29.44 	 1.014787515136107 
29.46 	 1.0147462378909575 
29.48 	 1.0147511523094184 
29.5 	 1.0146786076670598 
29.52 	 1.0146484352327192 
29.54 	 1.0145496540462846 
29.56 	 1.014486505459624 
29.58 	 1.0143724622623762 
29.6 	 1.0142850011305193 
29.62 	 1.014169930269312 
29.64 	 1.0140710968771927 
29.66 	 1.0139687800645483 
29.68 	 1.0138722102043831 
29.7 	 1.0137927302543188 
29.72 	 1.013709364447325 
29.74 	 1.0136576323677942 
29.76 	 1.0135939116417063 
29.78 	 1.013570366678334 
29.8 	 1.0135285482754042 
29.82 	 1.013531341703887 
29.84 	 1.0135113807048488 
29.86 	 1.013538754090927 
29.88 	 1.0135405555030292 
29.9 	 1.0135922845336274 
29.92 	 1.0136172097602087 
29.94 	 1.0136946345316755 
29.96 	 1.0137457025914987 
29.98 	 1.0138505306190735 
30.0 	 1.0139313648913693 
30.02 	 1.0140638439146654 
30.04 	 1.0141768443215857 
30.06 	 1.0143340526433704 
30.08 	 1.0144784991778322 
30.1 	 1.01465343892564 
30.12 	 1.014824249790663 
30.14 	 1.015006146635011 
30.16 	 1.0151937792250347 
30.18 	 1.015369556317452 
30.2 	 1.0155611220464562 
30.22 	 1.0157176441611269 
30.24 	 1.0158989437966255 
30.26 	 1.0160255032636296 
30.28 	 1.0161835510611754 
30.3 	 1.0162741123412613 
30.32 	 1.0163997001443248 
30.34 	 1.0164544087838394 
30.36 	 1.0165441468873557 
30.38 	 1.0165695401777435 
30.4 	 1.0166266591703315 
30.42 	 1.0166342109060067 
30.44 	 1.0166675978133903 
30.46 	 1.0166708954148922 
30.48 	 1.0166925683459134 
30.5 	 1.0167041976825817 
30.52 	 1.0167262715171 
30.54 	 1.0167556756152145 
30.56 	 1.0167880979549986 
30.58 	 1.0168410336390037 
30.6 	 1.016890757827248 
30.62 	 1.016970081884507 
30.64 	 1.0170415185713821 
30.66 	 1.0171486760725374 
30.68 	 1.017244979325657 
30.7 	 1.0173817869596324 
30.72 	 1.0175067364707837 
30.74 	 1.0176771312896677 
30.76 	 1.017837300281082 
30.78 	 1.0180481797993164 
30.8 	 1.0182543212519208 
30.82 	 1.0185139987721044 
30.84 	 1.0187798361837517 
30.86 	 1.0190930917428231 
30.88 	 1.0194301599979434 
30.9 	 1.0197907445435141 
30.92 	 1.0201999423722896 
30.94 	 1.0205836640842858 
30.96 	 1.0210466751539455 
30.98 	 1.0214092113499695 
31.0 	 1.021884239645623 
31.02 	 1.0221666551835111 
31.04 	 1.02259204210307 
31.06 	 1.0227340823417104 
31.08 	 1.0230406454257275 
31.1 	 1.0229984834074544 
31.12 	 1.0231279349335793 
31.14 	 1.0228904942215704 
31.16 	 1.0228142512782485 
31.18 	 1.0224115067743154 
31.2 	 1.0221427221398787 
31.22 	 1.021641210997028 
31.24 	 1.021234027306532 
31.26 	 1.0207192451262368 
31.28 	 1.0202535939185364 
31.3 	 1.019804732672054 
31.32 	 1.0193613240372552 
31.34 	 1.0190281869918416 
31.36 	 1.0186636127968063 
31.38 	 1.0184555940931443 
31.4 	 1.018188268098749 
31.42 	 1.018080127819933 
31.44 	 1.0178929467854763 
31.46 	 1.0178441719271718 
31.48 	 1.017701760175307 
31.5 	 1.0176800058785842 
31.52 	 1.0175517111803747 
31.54 	 1.0175495392496297 
31.56 	 1.0174274009375956 
31.58 	 1.0174655150080556 
31.6 	 1.017369686273056 
31.62 	 1.0174866224364238 
31.64 	 1.0174571169259323 
31.66 	 1.0176914983069596 
31.68 	 1.0177714885734122 
31.7 	 1.0181457691558096 
31.72 	 1.0183650798016153 
31.74 	 1.018878068033558 
31.76 	 1.0192444587168932 
31.78 	 1.0198748438509904 
31.8 	 1.020375932801359 
31.82 	 1.0210934029446601 
31.84 	 1.0217064912664153 
31.86 	 1.0224839592777002 
31.88 	 1.0231877695577005 
31.9 	 1.024009038087945 
31.92 	 1.0247918592750598 
31.94 	 1.025652484442902 
31.96 	 1.026514242348201 
31.98 	 1.0274167228625684 
32.0 	 1.0283655421547038 
32.02 	 1.0293113282372341 
32.04 	 1.0303563887082312 
32.06 	 1.0313366771733328 
32.08 	 1.032478733004069 
32.1 	 1.0334652761292915 
32.12 	 1.0346857611943299 
32.14 	 1.0356234704924285 
32.16 	 1.036874088049627 
32.18 	 1.0376788292957173 
32.2 	 1.0388755920923616 
32.22 	 1.039441341270283 
32.24 	 1.0404681961912479 
32.26 	 1.0406857848717683 
32.28 	 1.0414112765790169 
32.3 	 1.041196297756348 
32.32 	 1.0415020571608884 
32.34 	 1.040824292595693 
32.36 	 1.0406384147815633 
32.38 	 1.0395422818068523 
32.4 	 1.038866685278876 
32.42 	 1.0374735441330163 
32.44 	 1.0363944013839472 
32.46 	 1.0348831013632098 
32.48 	 1.0335581922189456 
32.5 	 1.0321281853684108 
32.52 	 1.0307534169521597 
32.54 	 1.0295820046332032 
32.56 	 1.0283480437505956 
32.58 	 1.0275562210841127 
32.6 	 1.026610587636389 
32.62 	 1.026248281727337 
32.64 	 1.025675265421014 
32.66 	 1.025727903815792 
32.68 	 1.025549693136846 
32.7 	 1.02595897264045 
32.72 	 1.0261519499421707 
32.74 	 1.02683947290166 
32.76 	 1.0273550106859244 
32.78 	 1.0282392922275854 
32.8 	 1.02901958400154 
32.82 	 1.0300220298165839 
32.84 	 1.031005800484207 
32.86 	 1.0320464664477302 
32.88 	 1.0331642091881208 
32.9 	 1.0341525245589782 
32.92 	 1.035315687803424 
32.94 	 1.0361447722130364 
32.96 	 1.0372378283475125 
32.98 	 1.0377917567512078 
33.0 	 1.0386778411782442 
33.02 	 1.0388563020711454 
33.04 	 1.039402565276141 
33.06 	 1.0391569399676377 
33.08 	 1.0392747901792754 
33.1 	 1.0386394394653689 
33.12 	 1.0383232545668413 
33.14 	 1.0374235671911785 
33.16 	 1.0367675264322374 
33.18 	 1.0357953508495004 
33.2 	 1.034976058642173 
33.22 	 1.0341389485709624 
33.24 	 1.0333678203328156 
33.26 	 1.0328316080742659 
33.28 	 1.032295768934225 
33.3 	 1.0321424587925656 
33.32 	 1.0319569772964177 
33.34 	 1.0321710761513136 
33.36 	 1.0323572365169142 
33.38 	 1.0328402620297659 
33.4 	 1.0333314959622768 
33.42 	 1.0339350978405075 
33.44 	 1.0346030497078034 
33.46 	 1.035169112978231 
33.48 	 1.0358599465880547 
33.5 	 1.0362581452165545 
33.52 	 1.0368303531404393 
33.54 	 1.036986022229294 
33.56 	 1.0373422261979564 
33.58 	 1.0372496145501864 
33.6 	 1.03735618028815 
33.62 	 1.037075530692938 
33.64 	 1.0369668596808703 
33.66 	 1.0366081475491424 
33.68 	 1.036376974236035 
33.7 	 1.036076147643212 
33.72 	 1.0358545064874793 
33.74 	 1.0357477835747013 
33.76 	 1.0356834148286769 
33.78 	 1.0358825282979174 
33.8 	 1.0361132485944564 
33.82 	 1.036682641103081 
33.84 	 1.0373098319706826 
33.86 	 1.0382479079693927 
33.88 	 1.039311908360871 
33.9 	 1.0405412609130806 
33.92 	 1.0420045787608314 
33.94 	 1.0433769178517944 
33.96 	 1.0451220118314704 
33.98 	 1.0464400487665926 
34.0 	 1.0482849758796382 
34.02 	 1.0493374839965477 
34.04 	 1.051066910279674 
34.06 	 1.051668521268185 
34.08 	 1.0530730953469012 
34.1 	 1.053099260042003 
34.12 	 1.0540147026060507 
34.14 	 1.0534235455258245 
34.16 	 1.0537606673298743 
34.18 	 1.0525952631454576 
34.2 	 1.0523520202387937 
34.22 	 1.05071918117715 
34.24 	 1.0499670899490767 
34.26 	 1.0479945105113955 
34.28 	 1.0468378357980763 
34.3 	 1.0446215511573627 
34.32 	 1.0431402230131905 
34.34 	 1.040704769988597 
34.36 	 1.0389058678897642 
34.38 	 1.0362013172743096 
34.4 	 1.034008114010538 
34.42 	 1.03095439194377 
34.44 	 1.0282482094370693 
34.46 	 1.0248120292659892 
34.48 	 1.0215149735485982 
34.5 	 1.017783390465184 
34.52 	 1.0139451254411052 
34.54 	 1.010156356510545 
34.56 	 1.0060003766153836 
34.58 	 1.0025093986882028 
34.6 	 0.99840856955311 
34.62 	 0.9955937819136229 
34.64 	 0.9919760224401796 
34.66 	 0.9901220817252181 
34.68 	 0.9873424691499058 
34.7 	 0.9865504317356841 
34.72 	 0.9847872266527109 
34.74 	 0.9849542355283037 
34.76 	 0.984176582519686 
34.78 	 0.9850525486579814 
34.8 	 0.9850686458372468 
34.82 	 0.9863566530242851 
34.84 	 0.9869088317220968 
34.86 	 0.9883575795352041 
34.88 	 0.9892134047794283 
34.9 	 0.990663899136431 
34.92 	 0.9916660766927726 
34.94 	 0.9930461763352787 
34.96 	 0.9941133427597413 
34.98 	 0.9954006449725413 
35.0 	 0.9964967346436734 
35.02 	 0.9976795053380465 
35.04 	 0.9987793092645111 
35.06 	 0.999835965361415 
35.08 	 1.000906700879534 
35.1 	 1.0018057932823043 
35.12 	 1.0028069054475401 
35.14 	 1.0035150726402828 
35.16 	 1.0044044039299034 
35.18 	 1.0048885524844209 
35.2 	 1.0056218426095456 
35.22 	 1.0058423693949616 
35.24 	 1.0063635383709335 
35.26 	 1.0062676328792521 
35.28 	 1.0064996199707381 
35.3 	 1.0060274159357034 
35.32 	 1.0058773668455583 
35.34 	 1.0049862114718489 
35.36 	 1.0043714711370622 
35.38 	 1.003070571718539 
35.4 	 1.001958486598618 
35.42 	 1.0003367441922852 
35.44 	 0.9987804755438369 
35.46 	 0.997010340554889 
35.48 	 0.9951611250658063 
35.5 	 0.9934707636197837 
35.52 	 0.9915556201099693 
35.54 	 0.9901759700231615 
35.56 	 0.9884452154141398 
35.58 	 0.9875509955155256 
35.6 	 0.9862148398275212 
35.62 	 0.9858826404099603 
35.64 	 0.9850619962545933 
35.66 	 0.9852608716151007 
35.68 	 0.984969870133898 
35.7 	 0.9855841997032566 
35.72 	 0.9857455196260078 
35.74 	 0.9866164357511893 
35.76 	 0.9870969246484733 
35.78 	 0.9880655996986504 
35.8 	 0.9887169110555716 
35.82 	 0.9896592793748363 
35.84 	 0.9903541388582893 
35.86 	 0.9912037935716406 
35.88 	 0.9918643749196795 
35.9 	 0.9926220839053308 
35.92 	 0.9932371641959833 
35.94 	 0.9939631878214215 
35.96 	 0.9945875416035936 
35.98 	 0.9953732550682954 
36.0 	 0.9961031575553961 
36.02 	 0.9970257052734698 
36.04 	 0.9979528564112569 
36.06 	 0.9990278576381281 
36.08 	 1.0001871271828275 
36.1 	 1.0013411148473301 
36.12 	 1.002675535376035 
36.14 	 1.0037542717515813 
36.16 	 1.0051156390097935 
36.18 	 1.0059277986294575 
36.2 	 1.0071146592697262 
36.22 	 1.0074928687287381 
36.24 	 1.0083100952202448 
36.26 	 1.008164033519631 
36.28 	 1.0084799556805555 
36.3 	 1.0078221684242143 
36.32 	 1.0076030742101147 
36.34 	 1.006541788684252 
36.36 	 1.005855168125966 
36.38 	 1.0045615114052293 
36.4 	 1.0035519836392741 
36.42 	 1.0022158992472634 
36.44 	 1.0010657460214962 
36.46 	 0.9998541335603219 
36.48 	 0.9987412062819311 
36.5 	 0.9977660737236037 
36.52 	 0.9968273270861128 
36.54 	 0.9961262519318618 
36.56 	 0.9954304601525076 
36.58 	 0.9949603148304565 
36.6 	 0.994492786145501 
36.62 	 0.9941394441804333 
36.64 	 0.9938035696133333 
36.66 	 0.9934100961162131 
36.68 	 0.993050089582352 
36.7 	 0.992460438091857 
36.72 	 0.9919035792978347 
36.74 	 0.9910108703258902 
36.76 	 0.9901189887528072 
36.78 	 0.9889032850305325 
36.8 	 0.9876181525151039 
36.82 	 0.9861615230771087 
36.84 	 0.9845303235450127 
36.86 	 0.9830045688997225 
36.88 	 0.9811778770022457 
36.9 	 0.9798079998017816 
36.92 	 0.9780100722461783 
36.94 	 0.9770220416178828 
36.96 	 0.975499784473177 
36.98 	 0.975064939546172 
37.0 	 0.9740278274573817 
37.02 	 0.9742190730831366 
37.04 	 0.9737871340037064 
37.06 	 0.9745618809760033 
37.08 	 0.9747394960903929 
37.1 	 0.9759575585447788 
37.12 	 0.9766435661840656 
37.14 	 0.9781148763597398 
37.16 	 0.9791451689017061 
37.18 	 0.9806886013756769 
37.2 	 0.9818932464826539 
37.22 	 0.9833829303198786 
37.24 	 0.9846344005870615 
37.26 	 0.9860173583583464 
37.28 	 0.9872529619136348 
37.3 	 0.9885371197500745 
37.32 	 0.9897530025873582 
37.34 	 0.9909782011609021 
37.36 	 0.9922057108528326 
37.38 	 0.9934145667191174 
37.4 	 0.9946945323128731 
37.42 	 0.9959135861121166 
37.44 	 0.9972783290839465 
37.46 	 0.9985089679988225 
37.48 	 0.9999714294436991 
37.5 	 1.001183661670363 
37.52 	 1.0027270811583209 
37.54 	 1.0038521212427582 
37.56 	 1.0054170362307544 
37.58 	 1.0063432031791497 
37.6 	 1.0078174468466274 
37.62 	 1.0083993099711919 
37.64 	 1.009622362870627 
37.66 	 1.0097092321190084 
37.68 	 1.0104985825763293 
37.7 	 1.0099771128001658 
37.72 	 1.010172778987892 
37.74 	 1.0090077009441785 
37.76 	 1.008519323314318 
37.78 	 1.0067738297772084 
37.8 	 1.0056103613743166 
37.82 	 1.0034355340187056 
37.84 	 1.0017036974909959 
37.86 	 0.9993006578361094 
37.88 	 0.997172722372518 
37.9 	 0.9947446894167181 
37.92 	 0.9924117989162502 
37.94 	 0.9901282815044448 
37.96 	 0.9877631153814725 
37.98 	 0.985750628830827 
38.0 	 0.9834960899453996 
38.02 	 0.9818522402843047 
38.04 	 0.9798341135058248 
38.06 	 0.9786459375466248 
38.08 	 0.9769898788221222 
38.1 	 0.9763350123556375 
38.12 	 0.9751652657411337 
38.14 	 0.975088447967823 
38.16 	 0.9745001889685954 
38.18 	 0.9749779986689464 
38.2 	 0.9749966052635908 
38.22 	 0.9759151049470471 
38.24 	 0.9764679131554436 
38.26 	 0.9776321396528957 
38.28 	 0.978552353186596 
38.3 	 0.9797277036864493 
38.32 	 0.9807913502015618 
38.34 	 0.9817589497701488 
38.36 	 0.9827383628393924 
38.38 	 0.9833411928763818 
38.4 	 0.9840530563938996 
38.42 	 0.984217673186039 
38.44 	 0.9845503041461782 
38.46 	 0.9842825000668837 
38.48 	 0.9841989267482177 
38.5 	 0.983562292876076 
38.52 	 0.983085770178524 
38.54 	 0.9821758327326041 
38.56 	 0.9813689383959135 
38.58 	 0.9802928419134245 
38.6 	 0.9792398599115931 
38.62 	 0.9781053907198742 
38.64 	 0.976902352164684 
38.66 	 0.9758138623471865 
38.68 	 0.9745644525510052 
38.7 	 0.9736196194391966 
38.72 	 0.9724310631647448 
38.74 	 0.9717128511408604 
38.76 	 0.9706858857966998 
38.78 	 0.970248571697089 
38.8 	 0.9694602186579226 
38.82 	 0.9693148153654059 
38.84 	 0.9687997289050873 
38.86 	 0.9689082973830844 
38.88 	 0.9686491224832199 
38.9 	 0.9689351496029006 
38.92 	 0.9688699591471603 
38.94 	 0.9692433658389078 
38.96 	 0.9692892499813807 
38.98 	 0.9696755288572998 
39.0 	 0.9697580270342857 
39.02 	 0.9701184596819077 
39.04 	 0.9701937049122564 
39.06 	 0.970529283312801 
39.08 	 0.9705909744295329 
39.1 	 0.9709317635747644 
39.12 	 0.9710037579448028 
39.14 	 0.9713915326353251 
39.16 	 0.9715128651663756 
39.18 	 0.9719851361151053 
39.2 	 0.9721949440977345 
39.22 	 0.9727748737139927 
39.24 	 0.973101737587263 
39.26 	 0.9737946048258999 
39.28 	 0.9742515125303005 
39.3 	 0.9750463772292766 
39.32 	 0.975630687610925 
39.34 	 0.9765053895333997 
39.36 	 0.9772024746632938 
39.38 	 0.9781299650490062 
39.4 	 0.978918752698146 
39.42 	 0.9798726961350946 
39.44 	 0.9807310268064442 
39.46 	 0.9816890910940227 
39.48 	 0.9825971776934748 
39.5 	 0.9835416331924005 
39.52 	 0.9844831043492175 
39.54 	 0.9853996588232328 
39.56 	 0.9863609917676932 
39.58 	 0.9872372243075989 
39.6 	 0.9882067991231768 
39.62 	 0.9890306780007115 
39.64 	 0.9899977051630612 
39.66 	 0.9907551361179597 
39.68 	 0.9917070119190288 
39.7 	 0.9923768257650102 
39.72 	 0.993292909414555 
39.74 	 0.9938397082189245 
39.76 	 0.994681872459221 
39.78 	 0.9950512840831717 
39.8 	 0.9957564242914807 
39.82 	 0.9958801881391609 
39.84 	 0.9963633998957364 
39.86 	 0.99617898164086 
39.88 	 0.9963534672203608 
39.9 	 0.9958337899034608 
39.92 	 0.9956437162789363 
39.94 	 0.9948226099124189 
39.96 	 0.9942738559014923 
39.98 	 0.9932505805934391 
40.0 	 0.9924208600183547 
40.02 	 0.991336831051099 
40.04 	 0.9903562511250439 
40.06 	 0.9893538422085835 
40.08 	 0.9883648218930781 
40.1 	 0.9875498370007556 
40.12 	 0.986668455354444 
40.14 	 0.986094625570553 
40.16 	 0.9853926704399265 
40.18 	 0.9850700324390994 
40.2 	 0.9845800896106633 
40.22 	 0.9844930174079276 
40.24 	 0.9842226965407651 
40.26 	 0.9843412411309019 
40.28 	 0.9842808929228598 
40.3 	 0.9845610660983181 
40.32 	 0.9846814944064474 
40.34 	 0.9850633983546531 
40.36 	 0.9853128993021374 
40.38 	 0.9857277917152876 
40.4 	 0.9860394389073527 
40.42 	 0.9864274612726964 
40.44 	 0.9867380096616971 
40.46 	 0.9870674264534651 
40.48 	 0.9873385089286962 
40.5 	 0.9876146282455702 
40.52 	 0.9878442542755064 
40.54 	 0.9881028034486613 
40.56 	 0.9883214409226864 
40.58 	 0.9886106433951852 
40.6 	 0.988865370252373 
40.62 	 0.9892262604624917 
40.64 	 0.9895618943410339 
40.66 	 0.9900149749132565 
40.68 	 0.990460059514298 
40.7 	 0.9910007496640372 
40.72 	 0.9915610168791406 
40.74 	 0.9921612714365443 
40.76 	 0.9928184182175982 
40.78 	 0.9934308839178099 
40.8 	 0.9941437011788182 
40.82 	 0.9947075510661191 
40.84 	 0.9954153332660939 
40.86 	 0.9958659269572517 
40.88 	 0.9964970502244914 
40.9 	 0.9967811460237819 
40.92 	 0.9972690403838437 
40.94 	 0.9973630661502224 
40.96 	 0.9976671954288819 
40.98 	 0.9975914727899623 
41.0 	 0.9977158191603099 
41.02 	 0.9975367427588446 
41.04 	 0.997536840158938 
41.06 	 0.9973530103827839 
41.08 	 0.9973261278315089 
41.1 	 0.99724082346316 
41.12 	 0.9973002140190624 
41.14 	 0.9973877349424578 
41.16 	 0.9976274257313886 
41.18 	 0.9979029509561802 
41.2 	 0.9983625090861417 
41.22 	 0.9987648765109263 
41.24 	 0.9994044537301369 
41.26 	 0.9997997511285218 
41.28 	 1.0004952978936517 
41.3 	 1.0007056666168879 
41.32 	 1.0012714585426499 
41.34 	 1.0011263062039177 
41.36 	 1.001364734154467 
41.38 	 1.000761169910879 
41.4 	 1.0005283055969023 
41.42 	 0.9994788078470537 
41.44 	 0.9987431086968765 
41.46 	 0.997387721824253 
41.48 	 0.99625547794109 
41.5 	 0.9948266878634232 
41.52 	 0.9935168329819949 
41.54 	 0.99226512391782 
41.56 	 0.9910372279877737 
41.58 	 0.9901456229130304 
41.6 	 0.9892091678602876 
41.62 	 0.9887340622665748 
41.64 	 0.9881795277727963 
41.66 	 0.9880446030119233 
41.68 	 0.9878269697347463 
41.7 	 0.987870700199938 
41.72 	 0.9878487272840656 
41.74 	 0.9879001510875858 
41.76 	 0.9879083140684685 
41.78 	 0.9878559938355281 
41.8 	 0.9877753952902781 
41.82 	 0.9876031717767825 
41.84 	 0.9874042275869358 
41.86 	 0.987185320487717 
41.88 	 0.9869305628281022 
41.9 	 0.9867888813732628 
41.92 	 0.9866010404986576 
41.94 	 0.9866597250436242 
41.96 	 0.9866731843631593 
41.98 	 0.9870125313817937 
42.0 	 0.9873306416904324 
42.02 	 0.9879695067458041 
42.04 	 0.9886431753482684 
42.06 	 0.9895430132532913 
42.08 	 0.9905706686015396 
42.1 	 0.9916483642037092 
42.12 	 0.9929836504512423 
42.14 	 0.9941172601456382 
42.16 	 0.9956683885643859 
42.18 	 0.9966906048930158 
42.2 	 0.9983060799253124 
42.22 	 0.9989960251416998 
42.24 	 1.000447894104967 
42.26 	 1.0005409742005147 
42.28 	 1.0015270484371548 
42.3 	 1.0007574035344047 
42.32 	 1.0009401554846613 
42.34 	 0.9991128649649782 
42.36 	 0.9981962594908156 
42.38 	 0.9952674785707781 
42.4 	 0.9930928810334616 
42.42 	 0.9892264480425408 
42.44 	 0.9858547084371944 
42.46 	 0.9814272994348696 
42.48 	 0.9771713104911316 
42.5 	 0.9727118485165756 
42.52 	 0.9680936100131876 
42.54 	 0.9641623875379598 
42.56 	 0.9597913233523349 
42.58 	 0.9568283423957022 
42.6 	 0.9532312840278092 
42.62 	 0.9514263021390218 
42.64 	 0.9488918543102147 
42.66 	 0.9481343666230844 
42.68 	 0.9466407074279664 
42.7 	 0.9465792712421573 
42.72 	 0.9458384187106587 
42.74 	 0.9460238830831897 
42.76 	 0.9456160534287444 
42.78 	 0.9456611488508387 
42.8 	 0.9451928307002977 
42.82 	 0.9448813752840534 
42.84 	 0.9441026249693943 
42.86 	 0.9434168836532995 
42.88 	 0.9422641757859581 
42.9 	 0.9413395647423988 
42.92 	 0.939906646715103 
42.94 	 0.938948902830362 
42.96 	 0.9374147559030725 
42.98 	 0.9366204949470199 
43.0 	 0.9351736771135256 
43.02 	 0.9346830810254397 
43.04 	 0.9334729228254318 
43.06 	 0.9333605475055186 
43.08 	 0.9324835608463717 
43.1 	 0.93277272976667 
43.12 	 0.9322814496393498 
43.14 	 0.9329611483066371 
43.16 	 0.9328756303247665 
43.18 	 0.9339076234178704 
43.2 	 0.9342182698430769 
43.22 	 0.935536460228683 
43.24 	 0.9362005277902222 
43.26 	 0.9377125292087366 
43.28 	 0.9386540206918634 
43.3 	 0.9402522405421981 
43.32 	 0.9413720861099086 
43.34 	 0.9429530282879259 
43.36 	 0.9441482420798999 
43.38 	 0.9456320580731182 
43.4 	 0.9468161888981632 
43.42 	 0.948158012166672 
43.44 	 0.94927450568038 
43.46 	 0.9504637273074837 
43.48 	 0.9514878769872793 
43.5 	 0.9525375470135709 
43.52 	 0.9534684092940258 
43.54 	 0.9544011234063279 
43.56 	 0.9552491584833193 
43.58 	 0.9560863642068584 
43.6 	 0.956863622170018 
43.62 	 0.9576220602787728 
43.64 	 0.9583388198276324 
43.66 	 0.9590325680558546 
43.68 	 0.9596990770000771 
43.7 	 0.9603419149997547 
43.72 	 0.9609700271627094 
43.74 	 0.9615736783189128 
43.76 	 0.962174050766791 
43.78 	 0.9627428867071127 
43.8 	 0.9633185940854103 
43.82 	 0.9638462642786464 
43.84 	 0.964388661054759 
43.86 	 0.964862051197769 
43.88 	 0.9653545604129861 
43.9 	 0.9657649019330234 
43.92 	 0.9661946163447908 
43.94 	 0.9665490629077212 
43.96 	 0.9669193265274809 
43.98 	 0.9672446148022484 
44.0 	 0.9675798656092135 
44.02 	 0.9679144947185861 
44.04 	 0.9682533468340667 
44.06 	 0.9686324317617524 
44.08 	 0.9690127770394887 
44.1 	 0.9694546615324677 
44.12 	 0.9698998104398585 
44.14 	 0.9704022744005923 
44.16 	 0.9709162721945838 
44.18 	 0.9714637921713241 
44.2 	 0.9720378708260277 
44.22 	 0.9726142607579256 
44.24 	 0.9732391536213361 
44.26 	 0.973836558932447 
44.28 	 0.9745116493196233 
44.3 	 0.9751291786500496 
44.32 	 0.9758612743225125 
44.34 	 0.9764930217532203 
44.36 	 0.9772837933047837 
44.38 	 0.9779029317724324 
44.4 	 0.9787312485063373 
44.42 	 0.9792804007913071 
44.44 	 0.9800899729784529 
44.46 	 0.9804860894456916 
44.48 	 0.9811875638825353 
44.5 	 0.9813428384698893 
44.52 	 0.9818332530142159 
44.54 	 0.9816854692486426 
44.56 	 0.9818797253651936 
44.58 	 0.9814197917981443 
44.6 	 0.9812822912420237 
44.62 	 0.9805662653776943 
44.64 	 0.9801289515604245 
44.66 	 0.9792670855842665 
44.68 	 0.9786241634217147 
44.7 	 0.9777488600746254 
44.72 	 0.9770277925639677 
44.74 	 0.9762523063464488 
44.76 	 0.9755719223135769 
44.78 	 0.9749572464733901 
44.8 	 0.9743910951774215 
44.82 	 0.9739356309181803 
44.84 	 0.9734968770150263 
44.86 	 0.9731524531444434 
44.88 	 0.9728056415509381 
44.9 	 0.9725102319943135 
44.92 	 0.9722015931928915 
44.94 	 0.9719115911597036 
44.96 	 0.9716013385081408 
44.98 	 0.9713082941582007 
45.0 	 0.9709893557963657 
45.02 	 0.9707152348010425 
45.04 	 0.9704110235393356 
45.06 	 0.9701867700422717 
45.08 	 0.969931130368106 
45.1 	 0.9697708944443543 
45.12 	 0.9695817795667628 
45.14 	 0.9694669188483102 
45.16 	 0.9693283589422219 
45.18 	 0.9692104321157229 
45.2 	 0.9690733032247139 
45.22 	 0.9688953772544654 
45.24 	 0.9686976343982369 
45.26 	 0.9684230120900716 
45.28 	 0.9681192298259886 
45.3 	 0.9677520981134347 
45.32 	 0.9673366097216676 
45.34 	 0.96692332585515 
45.36 	 0.9664346095317784 
45.38 	 0.9660451898374488 
45.4 	 0.9655497341917857 
45.42 	 0.9652500984990722 
45.44 	 0.9648154712885708 
45.46 	 0.9646454246975417 
45.48 	 0.9643175346492184 
45.5 	 0.9642847831787927 
45.52 	 0.964080239678586 
45.54 	 0.9641703567625766 
45.56 	 0.9640846365681693 
45.58 	 0.9642778366342224 
45.6 	 0.9643007608488499 
45.62 	 0.9645840836290515 
45.64 	 0.9647114580806976 
45.66 	 0.965079922665051 
45.68 	 0.9653146826742484 
45.7 	 0.9657630768548123 
45.72 	 0.9661071707318998 
45.74 	 0.9666201180562749 
45.76 	 0.9670645051860287 
45.78 	 0.9676127918723405 
45.8 	 0.9681335639934022 
45.82 	 0.9686793966715472 
45.84 	 0.9692428215662513 
45.86 	 0.9697494063404816 
45.88 	 0.970321256287874 
45.9 	 0.9707582519130051 
45.92 	 0.971308709374218 
45.94 	 0.9716481466786182 
45.96 	 0.9721465856003432 
45.98 	 0.9723522493197019 
46.0 	 0.9727549397492475 
46.02 	 0.972775870860909 
46.04 	 0.9730179174475301 
46.06 	 0.9727969453895011 
46.08 	 0.9728004781394628 
46.1 	 0.9722996445209505 
46.12 	 0.9720011711863036 
46.14 	 0.9712329096508395 
46.16 	 0.970618990337562 
46.18 	 0.9696642329855433 
46.2 	 0.9687956106704345 
46.22 	 0.9677938678892041 
46.24 	 0.9668008388877257 
46.26 	 0.9659114822100676 
46.28 	 0.9649574412238708 
46.3 	 0.9643079533504283 
46.32 	 0.9635360454538318 
46.34 	 0.9631818031469283 
46.36 	 0.9626702153816957 
46.38 	 0.9625851260111 
46.4 	 0.9623321182075347 
46.42 	 0.962432567409132 
46.44 	 0.9623753458643614 
46.46 	 0.9625622111980837 
46.48 	 0.9626157084667637 
46.5 	 0.9628119038571733 
46.52 	 0.9629056952334257 
46.54 	 0.963072832404875 
46.56 	 0.9631694745217072 
46.58 	 0.9633007246387835 
46.6 	 0.9633911947114534 
46.62 	 0.9634896072354745 
46.64 	 0.9635734431286157 
46.66 	 0.9636303299864944 
46.68 	 0.9636942044182272 
46.7 	 0.9636798749776323 
46.72 	 0.9636872109773342 
46.74 	 0.9635588053473956 
46.76 	 0.9634563824172041 
46.78 	 0.963178693034297 
46.8 	 0.9629174885736815 
46.82 	 0.9624862019865259 
46.84 	 0.9620466086373463 
46.86 	 0.9615018028313176 
46.88 	 0.9609106190857727 
46.9 	 0.9603323456144613 
46.92 	 0.9596619576974016 
46.94 	 0.9591480339315178 
46.96 	 0.9584963808496894 
46.98 	 0.9581315700825925 
47.0 	 0.9575913171386354 
47.02 	 0.9574218813538586 
47.04 	 0.9570530248140592 
47.06 	 0.9570776383987042 
47.08 	 0.9568952791557918 
47.1 	 0.9570739057354701 
47.12 	 0.9570536039748937 
47.14 	 0.9573266241881074 
47.16 	 0.9574204397301193 
47.18 	 0.957727474234061 
47.2 	 0.9578809328060387 
47.22 	 0.9581731016735238 
47.24 	 0.9583373093646911 
47.26 	 0.9585830002768049 
47.28 	 0.9587218620267958 
47.3 	 0.9589089335127444 
47.32 	 0.9590037389754285 
47.34 	 0.9591394005264999 
47.36 	 0.9591911291457894 
47.38 	 0.9592979115747514 
47.4 	 0.9593248952069701 
47.42 	 0.9594311358086792 
47.44 	 0.9594600860144042 
47.46 	 0.9595869910253069 
47.48 	 0.9596395165856421 
47.5 	 0.9597910260063673 
47.52 	 0.9598723544152624 
47.54 	 0.9600343966715779 
47.56 	 0.9601315441587849 
47.58 	 0.960282197670298 
47.6 	 0.960373613160188 
47.62 	 0.9604982171730437 
47.64 	 0.9605690980206182 
47.66 	 0.9606701369914952 
47.68 	 0.960722983312551 
47.7 	 0.9608173043728229 
47.72 	 0.9608696981842756 
47.74 	 0.9609739294623433 
47.76 	 0.9610438248432649 
47.78 	 0.9611572179469013 
47.8 	 0.9612447628958585 
47.82 	 0.9613413159862014 
47.84 	 0.9614194153722259 
47.86 	 0.9614560019668582 
47.88 	 0.9614771194113005 
47.9 	 0.9614146206168644 
47.92 	 0.9613316760653199 
47.94 	 0.9611580286708967 
47.96 	 0.9609488077170005 
47.98 	 0.9606914014028359 
48.0 	 0.960373657936329 
48.02 	 0.9600941993831423 
48.04 	 0.9597235534476167 
48.06 	 0.9594977377820709 
48.08 	 0.9591494708018712 
48.1 	 0.9590413394851026 
48.12 	 0.9587851969070905 
48.14 	 0.9588279428603981 
48.16 	 0.9587076848243329 
48.18 	 0.9588981747917527 
48.2 	 0.9589236732789532 
48.22 	 0.9592301443171224 
48.24 	 0.9593822431142517 
48.26 	 0.9597585047931918 
48.28 	 0.960000746068821 
48.3 	 0.9603992402300753 
48.32 	 0.9606894035567339 
48.34 	 0.9610690994451776 
48.36 	 0.9613667606542184 
48.38 	 0.9616964572255936 
48.4 	 0.9619669588431128 
48.42 	 0.9622266889644575 
48.44 	 0.9624437894586787 
48.46 	 0.9626260261170853 
48.48 	 0.9627745053589865 
48.5 	 0.9628847463804598 
48.52 	 0.9629622908854557 
48.54 	 0.9630176836696145 
48.56 	 0.9630346261914549 
48.58 	 0.963060191809524 
48.6 	 0.9630366305065563 
48.62 	 0.963060124691005 
48.64 	 0.9630213829021492 
48.66 	 0.9630684011790932 
48.68 	 0.9630403218910728 
48.7 	 0.9631306395167751 
48.72 	 0.9631356426915074 
48.74 	 0.9632808900580415 
48.76 	 0.9633349590730669 
48.78 	 0.9635374745381686 
48.8 	 0.9636480979531388 
48.82 	 0.963901127104224 
48.84 	 0.964066581718379 
48.86 	 0.9643561588152447 
48.88 	 0.9645666365180894 
48.9 	 0.9648750126533473 
48.92 	 0.965115550477497 
48.94 	 0.9654252433897318 
48.96 	 0.9656795753674982 
48.98 	 0.9659767222670375 
49.0 	 0.9662307366063204 
49.02 	 0.96650678961701 
49.04 	 0.9667505766700623 
49.06 	 0.9670022049107195 
49.08 	 0.9672304450620572 
49.1 	 0.9674582225730568 
49.12 	 0.9676693512075509 
49.14 	 0.9678760547005024 
49.16 	 0.9680709146796124 
49.18 	 0.9682600666841226 
49.2 	 0.9684406372139559 
49.22 	 0.9686155732736111 
49.24 	 0.9687840732392942 
49.26 	 0.9689475207715857 
49.28 	 0.9691059296857147 
49.3 	 0.9692599450524413 
49.32 	 0.9694098456989786 
49.34 	 0.9695559345387934 
49.36 	 0.9696985418465959 
49.38 	 0.9698378261415637 
49.4 	 0.9699740838400367 
49.42 	 0.9701074364498106 
49.44 	 0.9702381050418613 
49.46 	 0.9703662272274806 
49.48 	 0.970491934058431 
49.5 	 0.9706153900747094 
49.52 	 0.970736648831637 
49.54 	 0.9708558856961675 
49.56 	 0.9709731077129753 
49.58 	 0.971088480107191 
49.6 	 0.971201993930134 
49.62 	 0.971313796677222 
49.64 	 0.9714238770056433 
49.66 	 0.9715323751615619 
49.68 	 0.9716392710944498 
49.7 	 0.9717447169441141 
49.72 	 0.9718486687817226 
49.74 	 0.971951302664538 
49.76 	 0.9720525435829924 
49.78 	 0.972152583849704 
49.8 	 0.972251330757632 
49.82 	 0.9723489617786294 
49.84 	 0.9724454034551411 
49.86 	 0.972540768475875 
49.88 	 0.972635057424158 
49.9 	 0.9727282575310957 
49.92 	 0.9728205067084856 
49.94 	 0.972911602108349 
49.96 	 0.973001882612798 
49.98 	 0.973090891847937 
50.0 	 0.9731792272083827 
50.02 	 0.9732661255615352 
50.04 	 0.973352484626556 
50.06 	 0.9734372112445779 
50.08 	 0.9735215109413475 
50.1 	 0.973603996637955 
50.12 	 0.973686128713786 
50.14 	 0.9737663462562306 
50.16 	 0.9738462311534091 
50.18 	 0.9739242507194826 
50.2 	 0.9740019009016188 
50.22 	 0.974077920002402 
50.24 	 0.9741534800189607 
50.26 	 0.9742278038670372 
50.28 	 0.9743015403431241 
50.3 	 0.9743745149844617 
50.32 	 0.9744467562467422 
50.34 	 0.9745186851039513 
50.36 	 0.9745897393687134 
50.38 	 0.9746608231532145 
50.4 	 0.9747309148720916 
50.42 	 0.9748012386407542 
50.44 	 0.9748704880170458 
50.46 	 0.9749400505580095 
50.48 	 0.9750084939748372 
50.5 	 0.9750772544170212 
50.52 	 0.9751448835842913 
50.54 	 0.975212799539698 
50.56 	 0.9752795956818702 
50.58 	 0.9753466415202438 
50.6 	 0.9754125935244565 
50.62 	 0.975478762603435 
50.64 	 0.9755438717270849 
50.66 	 0.9756091721670738 
50.68 	 0.9756734510324679 
50.7 	 0.9757379009667184 
50.72 	 0.9758013712900472 
50.74 	 0.9758649937652382 
50.76 	 0.9759276824223974 
50.78 	 0.9759904986276007 
50.8 	 0.9760524309577607 
50.82 	 0.9761144532819089 
50.84 	 0.9761756456640681 
50.86 	 0.9762368745967593 
50.88 	 0.9762973307434134 
50.9 	 0.9763577581941785 
50.92 	 0.9764174719565908 
50.94 	 0.9764770891730711 
50.96 	 0.9765360521703625 
50.98 	 0.9765948571876752 
51.0 	 0.9766530663192342 
51.02 	 0.9767110665535944 
51.04 	 0.9767685270366128 
51.06 	 0.9768257362429315 
51.08 	 0.9768824591876061 
51.1 	 0.9769388913452379 
51.12 	 0.9769948880385803 
51.14 	 0.9770505517320142 
51.16 	 0.9771058278888212 
51.18 	 0.9771607237768059 
51.2 	 0.9772152763874248 
51.22 	 0.977269398803471 
51.24 	 0.9773232169942846 
51.26 	 0.9773765592380254 
51.28 	 0.9774296291409929 
51.3 	 0.9774821905108201 
51.32 	 0.9775345024064099 
51.34 	 0.9775862938710209 
51.36 	 0.9776378484221888 
51.38 	 0.9776888941354558 
51.4 	 0.9777397046820331 
51.42 	 0.9777900388079013 
51.44 	 0.977840128971163 
51.46 	 0.9778897902359289 
51.48 	 0.977939189132198 
51.5 	 0.9779882168835161 
51.52 	 0.9780369557070718 
51.54 	 0.9780853898257382 
51.56 	 0.9781335022073163 
51.58 	 0.9781813860507906 
51.6 	 0.9782289114707319 
51.62 	 0.9782762945447919 
51.64 	 0.9783232815543698 
51.66 	 0.9783702185594628 
51.68 	 0.9784167243771251 
51.7 	 0.9784632694977133 
51.72 	 0.9785093546087694 
51.74 	 0.9785555527514657 
51.76 	 0.9786012719127855 
51.78 	 0.9786471503052776 
51.8 	 0.9786925431715523 
51.82 	 0.97873810660578 
51.84 	 0.9787831913240744 
51.86 	 0.9788284228292314 
51.88 	 0.9788731947400378 
51.9 	 0.9789180615488237 
51.92 	 0.9789624973778132 
51.94 	 0.9790069604102347 
51.96 	 0.9790510266479755 
51.98 	 0.9790950507004182 
52.0 	 0.9791387135908725 
52.02 	 0.9791822751974332 
52.04 	 0.9792255092285277 
52.06 	 0.979268599980538 
52.08 	 0.9793113923569522 
52.1 	 0.9793540172490297 
52.12 	 0.9793963675292753 
52.14 	 0.9794385399451276 
52.16 	 0.979480456131372 
52.18 	 0.9795221922856462 
52.2 	 0.9795636859967082 
52.22 	 0.9796050012662189 
52.24 	 0.9796460843863702 
52.26 	 0.979686992281476 
52.28 	 0.9797276759041859 
52.3 	 0.9797681886709834 
52.32 	 0.9798084834614809 
52.34 	 0.9798486127067638 
52.36 	 0.9798885292308985 
52.38 	 0.9799282857539119 
52.4 	 0.9799678340839086 
52.42 	 0.9800072273239864 
52.44 	 0.9800464163763417 
52.46 	 0.9800854543339356 
52.48 	 0.980124291753368 
52.5 	 0.9801629816317844 
52.52 	 0.9802014743933956 
52.54 	 0.9802398233782822 
52.56 	 0.9802779784976318 
52.58 	 0.9803159939937952 
52.6 	 0.9803538187035331 
52.62 	 0.9803915079989962 
52.64 	 0.9804290094073296 
52.66 	 0.9804663793096432 
52.68 	 0.9805035640752667 
52.7 	 0.9805406209500779 
52.72 	 0.9805774953502245 
52.74 	 0.9806142454508542 
52.76 	 0.9806508157013208 
52.78 	 0.980687265400463 
52.8 	 0.9807235378645045 
52.82 	 0.9807596936240351 
52.84 	 0.9807956747892009 
52.86 	 0.9808315430393277 
52.88 	 0.9808672394419375 
52.9 	 0.9809028265691692 
52.92 	 0.9809382448400753 
52.94 	 0.9809735572577567 
52.96 	 0.9810087042433316 
52.98 	 0.9810437483654202 
53.0 	 0.9810786311477908 
53.02 	 0.9811134131311187 
53.04 	 0.9811480388106001 
53.06 	 0.9811825640205475 
53.08 	 0.9812169391756234 
53.1 	 0.981251211358239 
53.12 	 0.9812853411002453 
53.14 	 0.9813193613305208 
53.16 	 0.9813532479775516 
53.18 	 0.9813870137340986 
53.2 	 0.9814206554735179 
53.22 	 0.9814541605375536 
53.24 	 0.9814875508738197 
53.26 	 0.981520786811344 
53.28 	 0.9815539157199195 
53.3 	 0.981586875204973 
53.32 	 0.9816197324246897 
53.34 	 0.9816524136751805 
53.36 	 0.9816849935175507 
53.38 	 0.9817174041217901 
53.4 	 0.9817497100400233 
53.42 	 0.9817818681339797 
53.44 	 0.9818139148189907 
53.46 	 0.9818458464032696 
53.48 	 0.9818776579140042 
53.5 	 0.9819093908819387 
53.52 	 0.9819409951248871 
53.54 	 0.9819725523516127 
53.56 	 0.9820039741230759 
53.58 	 0.9820353685714425 
53.6 	 0.982066624141693 
53.62 	 0.982097857894313 
53.64 	 0.9821289532119447 
53.66 	 0.9821600202998666 
53.68 	 0.9821909529462827 
53.7 	 0.982221844127947 
53.72 	 0.9822526074366651 
53.74 	 0.9822833146388512 
53.76 	 0.9823139018552248 
53.78 	 0.982344420785528 
53.8 	 0.9823748277835451 
53.82 	 0.9824051584766587 
53.84 	 0.9824353846638095 
53.86 	 0.9824655306266799 
53.88 	 0.9824955785163325 
53.9 	 0.9825255453807321 
53.92 	 0.9825554195924534 
53.94 	 0.9825852139409148 
53.96 	 0.9826149202303168 
53.98 	 0.9826445488708757 
54.0 	 0.9826740934746762 
54.02 	 0.9827035631420936 
54.04 	 0.982732952463545 
54.06 	 0.9827622697949536 
54.08 	 0.9827915103277388 
54.1 	 0.9828206819627641 
54.12 	 0.9828497803380876 
54.14 	 0.9828788130530837 
54.16 	 0.9829077761355864 
54.18 	 0.9829366769782913 
54.2 	 0.9829655119796354 
54.22 	 0.9829942884007987 
54.24 	 0.9830230030042015 
54.26 	 0.9830516629930067 
54.28 	 0.9830802654921308 
54.3 	 0.9831088177262295 
54.32 	 0.9831373171878353 
54.34 	 0.9831657712126282 
54.36 	 0.9831941776782962 
54.38 	 0.983222544134156 
54.4 	 0.9832508688827729 
54.42 	 0.9832791598050564 
54.44 	 0.9833074157078768 
54.46 	 0.9833356449373649 
54.48 	 0.9833638469578252 
54.5 	 0.9833920307226229 
54.52 	 0.9834201966510054 
54.54 	 0.9834483544142955 
54.56 	 0.9834765059873739 
54.58 	 0.9835046616844997 
54.6 	 0.9835328263123403 
54.62 	 0.983561010075696 
54.64 	 0.9835892234266146 
54.66 	 0.9836174737018504 
54.68 	 0.9836457832360883 
54.7 	 0.9836741486402052 
54.72 	 0.9837026175757639 
54.74 	 0.9837311567668884 
54.76 	 0.9837598666361965 
54.78 	 0.9837886429680167 
54.8 	 0.9838176909217348 
54.82 	 0.9838467575330603 
54.84 	 0.9838762427354448 
54.86 	 0.9839056146436633 
54.88 	 0.9839356084863536 
54.9 	 0.9839652231379692 
54.92 	 0.983995723049873 
54.94 	 0.9840253999998425 
54.96 	 0.984056277159272 
54.98 	 0.9840856976848008 
55.0 	 0.9841166613881307 
55.02 	 0.9841453923639875 
55.04 	 0.9841759996918494 
55.06 	 0.984203575224817 
55.08 	 0.9842333048511654 
55.1 	 0.9842593533025981 
55.12 	 0.9842877352062048 
55.14 	 0.9843121096832106 
55.16 	 0.9843388697746367 
55.18 	 0.9843617263424846 
55.2 	 0.9843868873800722 
55.22 	 0.9844086712206023 
55.24 	 0.9844325645696785 
55.26 	 0.9844539057074749 
55.28 	 0.9844770891895336 
55.3 	 0.9844986530610843 
55.32 	 0.9845217753980151 
55.34 	 0.9845441327471196 
55.36 	 0.984567807711095 
55.38 	 0.9845913718650852 
55.4 	 0.9846161127941888 
55.42 	 0.9846411513481637 
55.44 	 0.9846673783366765 
55.46 	 0.9846940636813389 
55.48 	 0.9847221525033387 
55.5 	 0.9847505904445256 
55.52 	 0.984780902134755 
55.54 	 0.9848110779408658 
55.56 	 0.9848439002980973 
55.58 	 0.9848755088139018 
55.6 	 0.9849108622079638 
55.62 	 0.9849430450871843 
55.64 	 0.9849803625120547 
55.66 	 0.9850114562080236 
55.68 	 0.9850492402638377 
55.7 	 0.9850767137246998 
55.72 	 0.9851123691713497 
55.74 	 0.9851331400426792 
55.76 	 0.9851632095899306 
55.78 	 0.985174412059356 
55.8 	 0.9851953320270919 
55.82 	 0.9851953716693514 
55.84 	 0.9852046091562423 
55.86 	 0.9851940914896263 
55.88 	 0.9851912419822055 
55.9 	 0.985173281290345 
55.92 	 0.9851605901935365 
55.94 	 0.985140212442968 
55.96 	 0.9851221714984287 
55.98 	 0.9851049539222039 
56.0 	 0.9850870561897235 
56.02 	 0.9850775501968557 
56.04 	 0.9850647161653252 
56.06 	 0.9850653170399319 
56.08 	 0.9850606569055455 
56.1 	 0.9850713346972912 
56.12 	 0.9850756974227258 
56.14 	 0.9850945569304892 
56.16 	 0.9851068923136309 
56.18 	 0.9851311687214322 
56.2 	 0.9851493681152442 
56.22 	 0.9851763757119104 
56.24 	 0.9851981462003857 
56.26 	 0.9852258632804654 
56.28 	 0.9852493217459874 
56.3 	 0.9852765527196659 
56.32 	 0.9853004546336038 
56.34 	 0.9853266971534234 
56.36 	 0.9853503895066188 
56.38 	 0.9853755862421023 
56.4 	 0.9853988324235166 
56.42 	 0.9854231400901706 
56.44 	 0.985445934359173 
56.46 	 0.9854695684647877 
56.48 	 0.9854919995967331 
56.5 	 0.9855151592731798 
56.52 	 0.9855373371178787 
56.54 	 0.9855601877758433 
56.56 	 0.985582219822103 
56.58 	 0.9856049022254644 
56.6 	 0.9856268942699796 
56.62 	 0.9856495329942146 
56.64 	 0.9856715895393179 
56.66 	 0.9856942920244297 
56.68 	 0.9857165097651145 
56.7 	 0.9857393684107013 
56.72 	 0.9857618371132061 
56.74 	 0.9857849503535032 
56.76 	 0.9858077771296567 
56.78 	 0.9858312847656404 
56.8 	 0.98585463518521 
56.82 	 0.9858787406880228 
56.84 	 0.9859028680090087 
56.86 	 0.9859278243586338 
56.88 	 0.9859530642094628 
56.9 	 0.9859791274062454 
56.92 	 0.9860058631593033 
56.94 	 0.9860332329217104 
56.96 	 0.9860618481377592 
56.98 	 0.9860905928365811 
57.0 	 0.9861213978999148 
57.02 	 0.9861513257355828 
57.04 	 0.9861844072578072 
57.06 	 0.9862148581496573 
57.08 	 0.9862498171605539 
57.1 	 0.9862794379970948 
57.12 	 0.9863150847143884 
57.14 	 0.9863417597124009 
57.16 	 0.986375958004834 
57.18 	 0.9863970845711919 
57.2 	 0.9864269677271172 
57.22 	 0.9864401253443684 
57.24 	 0.9864627589264844 
57.26 	 0.9864665694991581 
57.28 	 0.9864798724438381 
57.3 	 0.9864746630583378 
57.32 	 0.9864781889404935 
57.34 	 0.9864660993208132 
57.36 	 0.9864612914301483 
57.38 	 0.9864457291300006 
57.4 	 0.9864355128352377 
57.42 	 0.9864201884146436 
57.44 	 0.9864080945188466 
57.46 	 0.9863960527350799 
57.48 	 0.986385262245907 
57.5 	 0.9863782616264836 
57.52 	 0.9863709201833103 
57.54 	 0.9863692820226742 
57.56 	 0.9863662244750107 
57.58 	 0.9863690549583486 
57.6 	 0.9863698811394725 
57.62 	 0.9863754970578843 
57.64 	 0.9863788725276526 
57.66 	 0.986385317000036 
57.68 	 0.9863894203286241 
57.7 	 0.9863950198124418 
57.72 	 0.9863981033060417 
57.74 	 0.986401994028335 
57.76 	 0.9864029777901031 
57.78 	 0.9864054433362345 
57.8 	 0.9864043569942653 
57.82 	 0.9864067915865291 
57.84 	 0.9864048431259685 
57.86 	 0.9864092797443633 
57.88 	 0.9864084602410651 
57.9 	 0.9864168320661176 
57.92 	 0.9864192070433195 
57.94 	 0.9864326788724239 
57.96 	 0.9864396997216149 
57.98 	 0.9864583710749407 
58.0 	 0.9864705180174548 
58.02 	 0.986493575628749 
58.04 	 0.9865104295950909 
58.06 	 0.9865365778145732 
58.08 	 0.986557174387491 
58.1 	 0.9865850721083571 
58.12 	 0.9866082881669197 
58.14 	 0.9866368127605625 
58.16 	 0.9866616180365643 
58.18 	 0.9866899517287543 
58.2 	 0.9867155185984401 
58.22 	 0.9867431592837178 
58.24 	 0.9867689196288659 
58.26 	 0.9867956912863353 
58.28 	 0.9868213981518535 
58.3 	 0.9868474359344082 
58.32 	 0.9868731894595609 
58.34 	 0.9868988156898754 
58.36 	 0.9869249584068495 
58.38 	 0.9869504121729138 
58.4 	 0.9869772499639995 
58.42 	 0.9870023507720737 
58.44 	 0.9870297794003635 
58.46 	 0.9870536997934453 
58.48 	 0.9870809200848322 
58.5 	 0.9871022348282944 
58.52 	 0.9871277423353588 
58.54 	 0.9871448031149931 
58.56 	 0.9871667251093232 
58.58 	 0.9871782402899687 
58.6 	 0.9871949190571644 
58.62 	 0.9872004919854555 
58.64 	 0.9872110725800907 
58.66 	 0.9872114463731118 
58.68 	 0.9872162032978976 
58.7 	 0.9872130907984461 
58.72 	 0.9872133466191322 
58.74 	 0.9872089272238433 
58.76 	 0.9872066184070444 
58.78 	 0.9872029430452354 
58.8 	 0.9872000573244735 
58.82 	 0.987198622054673 
58.84 	 0.9871967645922811 
58.86 	 0.9871983835682666 
58.88 	 0.987198611250718 
58.9 	 0.9872035326354855 
58.92 	 0.9872064146317048 
58.94 	 0.9872145059334749 
58.96 	 0.9872202511981414 
58.98 	 0.9872311038565499 
59.0 	 0.9872396152839885 
59.02 	 0.9872525460220114 
59.04 	 0.9872633837906322 
59.06 	 0.987277431844016 
59.08 	 0.9872897870212284 
59.1 	 0.9873038241662728 
59.12 	 0.9873166201185721 
59.14 	 0.987329594254766 
59.16 	 0.9873417362044987 
59.18 	 0.987352942333828 
59.2 	 0.987363606768825 
59.22 	 0.9873728300998003 
59.24 	 0.9873816344369871 
59.26 	 0.9873890839038181 
59.28 	 0.987396048679171 
59.3 	 0.9874021397129369 
59.32 	 0.9874074961323938 
59.34 	 0.9874126394941677 
59.36 	 0.987416635730077 
59.38 	 0.9874211708177716 
59.4 	 0.9874240165816638 
59.42 	 0.987428310634788 
59.44 	 0.9874302864116584 
59.46 	 0.9874348943203057 
59.48 	 0.987436524774063 
59.5 	 0.9874422561328356 
59.52 	 0.9874443940187525 
59.54 	 0.9874521913479386 
59.56 	 0.9874559084326489 
59.58 	 0.9874665588092687 
59.6 	 0.9874728545435311 
59.62 	 0.9874866595814812 
59.64 	 0.987496103534518 
59.66 	 0.9875126627788307 
59.68 	 0.9875251259598725 
59.7 	 0.9875433386912309 
59.72 	 0.9875579300818165 
59.74 	 0.9875762239820991 
59.76 	 0.9875914588624815 
59.78 	 0.9876081535743075 
59.8 	 0.9876222745045371 
59.82 	 0.9876359056942551 
59.84 	 0.9876471664463976 
59.86 	 0.9876565073646592 
59.88 	 0.9876630416027838 
59.9 	 0.987666231491383 
59.92 	 0.9876641540605553 
59.94 	 0.9876530670490563 
59.96 	 0.9876141145140509 
59.98 	 0.9876386789710064 
