0.0 	 0.0 
0.02 	 14.206634550485195 
0.04 	 29.448841672660418 
0.06 	 45.10865857956504 
0.08 	 60.51738902303243 
0.1 	 75.17381396978058 
0.12 	 88.63177348464255 
0.14 	 100.69703710579667 
0.16 	 111.31982567096479 
0.18 	 120.69839861666355 
0.2 	 129.17941718873035 
0.22 	 137.2723559039396 
0.24 	 145.5511396701784 
0.26 	 154.62918944260474 
0.28 	 165.049918030755 
0.3 	 177.28678082553193 
0.32 	 191.60909869282753 
0.34 	 208.161403506415 
0.36 	 226.79318456638362 
0.38 	 247.24976202653627 
0.4 	 268.96223110356186 
0.42 	 291.3510743935641 
0.44 	 313.58832269960374 
0.46 	 334.97445338523454 
0.48 	 354.7035981450094 
0.5 	 372.2352615076583 
0.52 	 387.1018805068872 
0.54 	 399.18401707594745 
0.56 	 408.58605121949665 
0.58 	 415.75472702548586 
0.6 	 421.41571984306756 
0.62 	 426.5415658024599 
0.64 	 432.3063962929492 
0.66 	 439.97751152733343 
0.68 	 450.82520542530324 
0.7 	 466.05310518979775 
0.72 	 486.5981946737524 
0.74 	 513.2237670699418 
0.76 	 546.1526601957231 
0.78 	 585.4345717629441 
0.8 	 630.3677033741075 
0.82 	 680.2204132629955 
0.84 	 733.4215664706941 
0.86 	 788.6481195486895 
0.88 	 843.8154285272318 
0.9 	 897.429226270566 
0.92 	 947.4774780637623 
0.94 	 992.8225685114804 
0.96 	 1032.149558020914 
0.98 	 1065.1171715789844 
1.0 	 1091.5106726855963 
1.02 	 1111.9381181683302 
1.04 	 1127.2622465596494 
1.06 	 1138.8054942807232 
1.08 	 1148.0369173416377 
1.1 	 1156.4423061009438 
1.12 	 1165.3768353937592 
1.14 	 1175.8601850189393 
1.16 	 1188.4985634890502 
1.18 	 1203.4334950364778 
1.2 	 1220.2720904557746 
1.22 	 1238.282131618043 
1.24 	 1256.3180013311887 
1.26 	 1273.186720347988 
1.28 	 1287.5988664728734 
1.3 	 1298.5089392324787 
1.32 	 1305.1429244412338 
1.34 	 1307.099885440965 
1.36 	 1304.501346838426 
1.38 	 1297.739222499207 
1.4 	 1287.7604797134763 
1.42 	 1275.5046892683251 
1.44 	 1262.29945013755 
1.46 	 1249.1568428090218 
1.48 	 1237.229745306405 
1.5 	 1227.1639359576593 
1.52 	 1219.557586426747 
1.54 	 1214.4974025187605 
1.56 	 1211.9687436453746 
1.58 	 1211.5971784811725 
1.6 	 1212.9719134965007 
1.62 	 1215.5308348154324 
1.64 	 1218.783738338527 
1.66 	 1222.250229846857 
1.68 	 1225.5954446425715 
1.7 	 1228.5506377836525 
1.72 	 1230.9931701575422 
1.74 	 1232.822796227425 
1.76 	 1234.0248015734005 
1.78 	 1234.5122476080303 
1.8 	 1234.2092685244136 
1.82 	 1232.8829252356604 
1.84 	 1230.2786465942436 
1.86 	 1225.9520659683833 
1.88 	 1219.4827778670742 
1.9 	 1210.286948452706 
1.92 	 1197.9270371281405 
1.94 	 1181.858638231983 
1.96 	 1161.8406594781459 
1.98 	 1137.5639750018331 
2.0 	 1109.1508259057475 
2.02 	 1076.6378814680443 
2.04 	 1040.540886283088 
2.06 	 1001.2117473636375 
2.08 	 959.4390138950616 
2.1 	 915.7428533241617 
2.12 	 870.9827270344739 
2.14 	 825.6708340497423 
2.16 	 780.5602728499483 
2.18 	 736.0399353941872 
2.2 	 692.6765933104099 
2.22 	 650.7174977394026 
2.24 	 610.5610971660424 
2.26 	 572.3614699665052 
2.28 	 536.40985600022 
2.3 	 502.8217817852302 
2.32 	 471.8256428516582 
2.34 	 443.5165200135773 
2.36 	 418.0624812341856 
2.38 	 395.51659004679794 
2.4 	 375.959125355173 
2.42 	 359.36200034910206 
2.44 	 345.68418348369005 
2.46 	 334.7807453968501 
2.48 	 326.4645044400467 
2.5 	 320.4508251049287 
2.52 	 316.39697967138187 
2.54 	 313.87674853763093 
2.56 	 312.41102707932276 
2.58 	 311.46990277766446 
2.6 	 310.50879862494 
2.62 	 308.9941214811877 
2.64 	 306.45380018466676 
2.66 	 302.51483029842683 
2.68 	 296.9663407009796 
2.7 	 289.79040036431894 
2.72 	 281.2265218163337 
2.74 	 271.7801881609668 
2.76 	 262.27629813409345 
2.78 	 253.8444189991319 
2.8 	 247.95375572184258 
2.82 	 246.38971443670997 
2.84 	 251.2641989188186 
2.86 	 265.001337747544 
2.88 	 290.30130682101645 
2.9 	 330.1452827477319 
2.92 	 387.651524906389 
2.94 	 466.1195671558097 
2.96 	 568.6544814072876 
2.98 	 698.3489322699662 
3.0 	 857.4654322055732 
3.02 	 1048.0432207114582 
3.04 	 1270.3143861231622 
3.06 	 1524.297292845068 
3.08 	 1806.9942328347427 
3.1 	 2115.7590553103346 
3.12 	 2443.7590096837926 
3.14 	 2785.85323365618 
3.16 	 3131.9479994300336 
3.18 	 3475.609795880351 
3.2 	 3805.414874010838 
3.22 	 4115.609649623157 
3.24 	 4396.2557705772315 
3.26 	 4644.348338876744 
3.28 	 4854.128230209189 
3.3 	 5026.732409365989 
3.32 	 5162.0785097108665 
3.34 	 5265.653248909154 
3.36 	 5342.748678107509 
3.38 	 5402.172857480983 
3.4 	 5452.623513515348 
3.42 	 5504.337187228243 
3.44 	 5566.505922919027 
3.46 	 5648.645658314051 
3.48 	 5757.518301769785 
3.5 	 5900.155009181431 
3.52 	 6078.75171652037 
3.54 	 6296.995407864641 
3.56 	 6551.6837496695825 
3.58 	 6843.472698745052 
3.6 	 7164.387735861805 
3.62 	 7513.424046308276 
3.64 	 7879.630093305859 
3.66 	 8262.212216567279 
3.68 	 8649.455653756495 
3.7 	 9042.305096402642 
3.72 	 9429.936901547908 
3.74 	 9815.468659787895 
3.76 	 10189.369932154535 
3.78 	 10556.07689693727 
3.8 	 10906.593508855645 
3.82 	 11245.080532070993 
3.84 	 11562.074143050882 
3.86 	 11860.132561425042 
3.88 	 12129.240156827631 
3.9 	 12370.116188898603 
3.92 	 12573.587488427493 
3.94 	 12739.489933720575 
3.96 	 12861.861351021349 
3.98 	 12941.152151265367 
4.0 	 12976.689720905939 
4.02 	 12970.670573340283 
4.04 	 12928.331249017849 
4.06 	 12853.832507490308 
4.08 	 12757.160117668363 
4.1 	 12643.845765706976 
4.12 	 12526.298653133079 
4.14 	 12410.542156067979 
4.16 	 12308.877563608905 
4.18 	 12227.094992507795 
4.2 	 12175.248428188675 
4.22 	 12158.340105603615 
4.24 	 12182.438682369895 
4.26 	 12251.090884486306 
4.28 	 12364.85073593513 
4.3 	 12524.899954286466 
4.32 	 12725.13428516753 
4.34 	 12963.577751413613 
4.36 	 13227.438565442144 
4.38 	 13511.613880233102 
4.4 	 13798.54771974172 
4.42 	 14081.385484718663 
4.44 	 14341.856397410005 
4.46 	 14573.916933322944 
4.48 	 14763.760029293499 
4.5 	 14909.016331973837 
4.52 	 15004.712469783259 
4.54 	 15054.118330857194 
4.56 	 15062.708977029977 
4.58 	 15039.557411759119 
4.6 	 14998.555146717177 
4.62 	 14952.770321300226 
4.64 	 14919.472827737345 
4.66 	 14912.564986299873 
4.68 	 14946.424895624332 
4.7 	 15032.37539222985 
4.72 	 15176.420215993812 
4.74 	 15384.753749972268 
4.76 	 15651.857596940175 
4.78 	 15977.869373218238 
4.8 	 16345.754046565376 
4.82 	 16750.490930749696 
4.84 	 17166.76347015627 
4.86 	 17586.749931225942 
4.88 	 17982.593297867097 
4.9 	 18346.658514421408 
4.92 	 18655.2381467801 
4.94 	 18903.474237819955 
4.96 	 19077.37276322693 
4.98 	 19176.184586613508 
5.0 	 19198.250902872467 
5.02 	 19146.644146504936 
5.04 	 19031.031937056523 
5.06 	 18856.685193795012 
5.08 	 18640.74564748463 
5.1 	 18388.513545708018 
5.12 	 18119.70763240147 
5.14 	 17837.872794077684 
5.16 	 17561.20816375274 
5.18 	 17290.75809574447 
5.2 	 17040.965878071605 
5.22 	 16810.790671022514 
5.24 	 16610.547287272286 
5.26 	 16438.277957098668 
5.28 	 16300.879768104933 
5.3 	 16196.693244222733 
5.32 	 16129.964486434646 
5.34 	 16099.923240305945 
5.36 	 16108.235910666157 
5.38 	 16154.658957326363 
5.4 	 16237.521231482353 
5.42 	 16355.97438443128 
5.44 	 16503.973884032614 
5.46 	 16678.814429921193 
5.48 	 16869.75060297997 
5.5 	 17071.668656662998 
5.52 	 17270.40704033687 
5.54 	 17459.154670862845 
5.56 	 17623.46253915622 
5.58 	 17756.742369413125 
5.6 	 17848.44886969706 
5.62 	 17894.62032971006 
5.64 	 17892.275279947142 
5.66 	 17841.89263600525 
5.68 	 17749.540865950963 
5.7 	 17620.508762300855 
5.72 	 17468.46897764579 
5.74 	 17302.31011032018 
5.76 	 17139.546416477413 
5.78 	 16990.583966032704 
5.8 	 16872.346970089602 
5.82 	 16794.971060466967 
5.84 	 16771.406942241294 
5.86 	 16810.97439113222 
5.88 	 16921.161791914325 
5.9 	 17111.354658731732 
5.92 	 17383.614035308277 
5.94 	 17749.057086784633 
5.96 	 18204.659952064318 
5.98 	 18764.698274402974 
6.0 	 19420.459987572143 
6.02 	 20189.838828321972 
6.04 	 21056.397056615435 
6.06 	 22041.200104660922 
6.08 	 23117.2695836311 
6.1 	 24308.325519475366 
6.12 	 25574.771535488493 
6.14 	 26943.436005053827 
6.16 	 28362.256166446965 
6.18 	 29863.05491740979 
6.2 	 31384.124911267867 
6.22 	 32965.026798689825 
6.24 	 34538.784791624734 
6.26 	 36154.92958313082 
6.28 	 37744.95789925016 
6.3 	 39368.76649201871 
6.32 	 40957.49673810237 
6.34 	 42579.56775451233 
6.36 	 44164.02673746687 
6.38 	 45784.55239780501 
6.4 	 47365.02507632235 
6.42 	 48981.21978748478 
6.44 	 50549.92249595095 
6.46 	 52147.16098923836 
6.48 	 53683.58335074944 
6.5 	 55235.14785572032 
6.52 	 56710.144275197425 
6.54 	 58184.91852190859 
6.56 	 59570.3527897258 
6.58 	 60943.453170256136 
6.6 	 62221.7377808252 
6.62 	 63482.511730946004 
6.64 	 64651.75718798912 
6.66 	 65806.38992225338 
6.68 	 66880.40257115105 
6.7 	 67950.092651152 
6.72 	 68955.54518784315 
6.74 	 69973.49371363228 
6.76 	 70947.68390511462 
6.78 	 71958.20658768405 
6.8 	 72949.97077010573 
6.82 	 74011.5191734339 
6.84 	 75086.00519234265 
6.86 	 76277.78724117321 
6.88 	 77523.74832824241 
6.9 	 78953.6094436219 
6.92 	 80490.04360307328 
6.94 	 82299.56718134365 
6.96 	 84277.12152790709 
6.98 	 86638.85668713856 
7.0 	 89231.00853823147 
7.02 	 92333.18038849297 
7.04 	 95713.95344477978 
7.06 	 99731.23580592232 
7.08 	 104041.20084759293 
7.1 	 109096.61076689663 
7.12 	 114406.35298308688 
7.14 	 120536.78784719825 
7.16 	 126822.72106461872 
7.18 	 133963.70137329437 
7.2 	 141109.14824670635 
7.22 	 149107.69210956886 
7.24 	 156929.97251142428 
7.26 	 165578.56668708878 
7.28 	 173865.7901426865 
7.3 	 182934.04332907085 
7.32 	 191465.47070821043 
7.34 	 200702.96088424278 
7.36 	 209235.06525749623 
7.38 	 218337.3991714007 
7.4 	 226563.5887733821 
7.42 	 235126.33692457183 
7.44 	 242645.93477984724 
7.46 	 250155.3618213401 
7.48 	 256495.30213214082 
7.5 	 262398.7716787291 
7.52 	 267109.6770705979 
7.54 	 270969.1034910512 
7.56 	 273775.8865708272 
7.58 	 275453.12554550526 
7.6 	 276399.59296457644 
7.62 	 276181.70738310367 
7.64 	 275688.2887243409 
7.66 	 274261.1023782213 
7.68 	 273033.06044977927 
7.7 	 271272.0517410311 
7.72 	 270064.3876119333 
7.74 	 268717.4522458044 
7.76 	 268055.64741553157 
7.78 	 267470.6760980202 
7.8 	 267466.86124214606 
7.82 	 267492.782903992 
7.84 	 267837.36751477775 
7.86 	 267919.8627329176 
7.88 	 268024.59279590385 
7.9 	 267424.69255996763 
7.92 	 266634.07288076443 
7.94 	 264675.2283826962 
7.96 	 262469.71254008403 
7.98 	 258744.147507682 
8.0 	 254891.7437862533 
8.02 	 249388.3630892739 
8.04 	 244025.78115430262 
8.06 	 237161.51205881202 
8.08 	 230794.27384290472 
8.1 	 223343.53553979725 
8.12 	 216760.03884815116 
8.14 	 209697.29112609013 
8.16 	 203812.02444573896 
8.18 	 198113.9621228393 
8.2 	 193787.4876768731 
8.22 	 190262.20524674997 
8.24 	 188159.52214987512 
8.26 	 187351.34817846693 
8.28 	 187873.23400576803 
8.3 	 190042.9271819825 
8.32 	 193319.05749854696 
8.34 	 198461.6872679951 
8.36 	 204369.6635031973 
8.38 	 212230.72274337523 
8.4 	 220412.3882998008 
8.42 	 230484.9060832336 
8.44 	 240352.99990856566 
8.46 	 251862.8087217948 
8.48 	 262608.07374567434 
8.5 	 274508.44504694705 
8.52 	 285121.9999526729 
8.54 	 296120.137827607 
8.56 	 305440.2586571075 
8.58 	 314070.07416511385 
8.6 	 320853.76415316627 
8.62 	 325598.5441756243 
8.64 	 328614.2761887423 
8.66 	 328076.3519426766 
8.68 	 326220.17182599934 
8.7 	 319337.3293676426 
8.72 	 311791.73414879164 
8.74 	 298112.1676948673 
8.76 	 284592.18064636114 
8.78 	 264624.8089424501 
8.8 	 245754.61942458188 
8.82 	 221331.99003868812 
8.84 	 199037.72825287748 
8.86 	 173327.94286189467 
8.88 	 150708.646573405 
8.9 	 127279.57185691924 
8.92 	 107430.10861007805 
8.94 	 88680.5730009477 
8.96 	 73301.93033482014 
8.98 	 59767.32049651877 
9.0 	 48934.36237733328 
9.02 	 39864.22407120911 
9.04 	 32727.071197608493 
9.06 	 26941.080691547715 
9.08 	 22430.394519067257 
9.1 	 18834.408114995214 
9.12 	 16031.696591582899 
9.14 	 13803.507051100414 
9.16 	 12051.824702902019 
9.18 	 10649.327282508695 
9.2 	 9532.983976177924 
9.22 	 8632.011188331338 
9.24 	 7910.355259831377 
9.26 	 7329.639398244059 
9.28 	 6869.879137142513 
9.3 	 6509.815097561395 
9.32 	 6237.692719568333 
9.34 	 6041.1345465188415 
9.36 	 5912.801158161021 
9.38 	 5845.899203028019 
9.4 	 5836.64347979576 
9.42 	 5883.317047529664 
9.44 	 5986.13722007727 
9.46 	 6148.8507034859085 
9.48 	 6375.853039809289 
9.5 	 6676.1785004759495 
9.52 	 7057.120129142511 
9.54 	 7531.438564804606 
9.56 	 8106.083505414226 
9.58 	 8794.61322510438 
9.6 	 9598.81836331628 
9.62 	 10529.644320267089 
9.64 	 11578.594963282027 
9.66 	 12751.539266458612 
9.68 	 14026.059116667147 
9.7 	 15402.744376263692 
9.72 	 16844.82120668307 
9.74 	 18350.15725019678 
9.76 	 19871.23549727124 
9.78 	 21407.861783533215 
9.8 	 22908.82932251595 
9.82 	 24381.090351135845 
9.84 	 25778.159503832936 
9.86 	 27118.163489220035 
9.88 	 28366.27009008486 
9.9 	 29553.516177892085 
9.92 	 30659.783421220433 
9.94 	 31728.37934150163 
9.96 	 32752.123198535137 
9.98 	 33784.3791386448 
10.0 	 34824.89839775462 
10.02 	 35934.46067856678 
10.04 	 37111.03538875347 
10.06 	 38420.71029788006 
10.08 	 39849.85025214405 
10.1 	 41468.84147431754 
10.12 	 43242.81676418902 
10.14 	 45246.840728012445 
10.16 	 47416.58164821177 
10.18 	 49833.774917479874 
10.2 	 52399.223914400114 
10.22 	 55205.13795940045 
10.24 	 58116.51750049918 
10.26 	 61241.681370704806 
10.28 	 64414.441716604866 
10.3 	 67766.31744583718 
10.32 	 71109.39872106518 
10.34 	 74606.04254473644 
10.36 	 78057.45080665595 
10.38 	 81663.68020165719 
10.4 	 85221.3662471609 
10.42 	 88973.08285868842 
10.44 	 92706.77678735797 
10.46 	 96709.83909955683 
10.48 	 100744.33494335183 
10.5 	 105143.03531646452 
10.52 	 109614.70334189656 
10.54 	 114537.71574797032 
10.56 	 119537.52676928429 
10.58 	 125038.13685022698 
10.6 	 130558.77708015793 
10.62 	 136565.87011667702 
10.64 	 142465.95396008008 
10.66 	 148755.3966369154 
10.68 	 154746.46464849138 
10.7 	 160937.4520861503 
10.72 	 166596.88906020325 
10.74 	 172179.39781857596 
10.76 	 176995.37853250792 
10.78 	 181398.7759133033 
10.8 	 184854.68587583627 
10.82 	 187563.5929781669 
10.84 	 189260.51639882365 
10.86 	 189964.97686232437 
10.88 	 189759.24722464613 
10.9 	 188495.39548027914 
10.92 	 186600.98901373488 
10.94 	 183812.55114967562 
10.96 	 180803.39547341576 
10.98 	 177260.8026004428 
11.0 	 173931.2639461321 
11.02 	 170503.99067191654 
11.04 	 167616.89200538932 
11.06 	 164984.79875071938 
11.08 	 163016.76986476735 
11.1 	 161459.16525809822 
11.12 	 160472.23425100374 
11.14 	 159838.07681614062 
11.16 	 159540.52625097832 
11.18 	 159408.3281036512 
11.2 	 159370.24901238206 
11.22 	 159319.5319357874 
11.24 	 159240.66603976514 
11.26 	 159112.08445594966 
11.28 	 159018.66727271976 
11.3 	 159039.29833230702 
11.32 	 159310.0192220122 
11.34 	 160010.29662193646 
11.36 	 161203.18727334385 
11.38 	 163151.994564718 
11.4 	 165708.17183733804 
11.42 	 169194.3798691191 
11.44 	 173167.1308560156 
11.46 	 177982.54052159245 
11.48 	 182919.9816252249 
11.5 	 188331.5109179085 
11.52 	 193348.32295474483 
11.54 	 198251.05411915723 
11.56 	 202239.5854904731 
11.58 	 205424.65824833824 
11.6 	 207326.3749210441 
11.62 	 207787.57107226772 
11.64 	 206858.47460283322 
11.66 	 204069.2448330113 
11.68 	 200089.43792776504 
11.7 	 194183.15958232424 
11.72 	 187559.09640143588 
11.74 	 179341.76749388286 
11.76 	 171042.99115853672 
11.78 	 161792.67278449476 
11.8 	 153098.03255138377 
11.82 	 144192.50233921848 
11.84 	 136318.02526353253 
11.86 	 128843.13689482289 
11.88 	 122615.3972070948 
11.9 	 117129.1049203272 
11.92 	 112845.0717198354 
11.94 	 109365.45919483397 
11.96 	 106855.24592980139 
11.98 	 105011.76599248064 
12.0 	 103818.82734771605 
12.02 	 103059.74245669392 
12.04 	 102639.43538402335 
12.06 	 102416.61801254933 
12.08 	 102292.94433134802 
12.1 	 102189.39396633429 
12.12 	 102049.8305007322 
12.14 	 101844.39419576194 
12.16 	 101575.546435473 
12.18 	 101252.86152528261 
12.2 	 100928.88198007004 
12.22 	 100647.93255061549 
12.24 	 100486.12037352375 
12.26 	 100522.41531401461 
12.28 	 100820.20197247979 
12.3 	 101496.441087873 
12.32 	 102563.61789831748 
12.34 	 104183.72737718614 
12.36 	 106284.67908712488 
12.38 	 109086.5104918921 
12.4 	 112407.10065275921 
12.42 	 116545.83023795985 
12.44 	 121192.44114882698 
12.46 	 126754.1302637405 
12.48 	 132774.88989119243 
12.5 	 139798.6513116207 
12.52 	 147196.2570885943 
12.54 	 155666.5967857106 
12.56 	 164365.52014362477 
12.58 	 174142.1342447936 
12.6 	 183894.93830126 
12.62 	 194583.8232485042 
12.64 	 204847.08003715918 
12.66 	 215668.832247384 
12.68 	 225520.56802210634 
12.7 	 235265.6661922982 
12.72 	 243441.57435488026 
12.74 	 250591.34064895328 
12.76 	 255678.6728214413 
12.78 	 258714.35205387376 
12.8 	 259482.37975257068 
12.82 	 257325.5667125308 
12.84 	 253115.89111256445 
12.86 	 245565.49418678007 
12.88 	 236618.2918662609 
12.9 	 224590.05727528964 
12.92 	 212139.96656470696 
12.94 	 197514.9809554768 
12.96 	 183506.32829713478 
12.98 	 168545.17614375296 
13.0 	 155001.6344323746 
13.02 	 141586.63352819558 
13.04 	 129962.41027395436 
13.06 	 119107.0237006128 
13.08 	 109997.48848170982 
13.1 	 101839.47169421795 
13.12 	 95121.72774938097 
13.14 	 89245.77896606002 
13.16 	 84427.77600922102 
13.18 	 80239.2685464331 
13.2 	 76778.68493860158 
13.22 	 73759.88935598376 
13.24 	 71246.37220373668 
13.26 	 69062.99389205004 
13.28 	 67267.59822201626 
13.3 	 65764.55256600493 
13.32 	 64605.52999521251 
13.34 	 63747.26590096515 
13.36 	 63223.44804000925 
13.38 	 63023.05044933165 
13.4 	 63149.432753341 
13.42 	 63610.69812325057 
13.44 	 64371.43042332832 
13.46 	 65451.10588427422 
13.48 	 66772.31653584148 
13.5 	 68361.6334673826 
13.52 	 70102.57679370104 
13.54 	 72026.64886713026 
13.56 	 73988.3557805872 
13.58 	 76023.02465444934 
13.6 	 77973.25495031229 
13.62 	 79877.09113299118 
13.64 	 81586.98034914154 
13.66 	 83141.78547164936 
13.68 	 84425.58005958001 
13.7 	 85475.37099359419 
13.72 	 86223.27951465939 
13.74 	 86701.8426773684 
13.76 	 86898.04680297346 
13.78 	 86838.3403132739 
13.8 	 86560.09130341139 
13.82 	 86083.32474176705 
13.84 	 85481.44477882746 
13.86 	 84768.7090240825 
13.88 	 84034.61532321452 
13.9 	 83289.21941278438 
13.92 	 82618.32550701742 
13.94 	 82030.9140958912 
13.96 	 81594.44275288761 
13.98 	 81322.3475385692 
14.0 	 81256.1658328392 
14.02 	 81421.56194680871 
14.04 	 81831.68112151012 
14.06 	 82532.62802723632 
14.08 	 83507.1017867804 
14.1 	 84827.5073730612 
14.12 	 86439.83504288152 
14.14 	 88443.9921290268 
14.16 	 90737.1099514367 
14.18 	 93442.46707338923 
14.2 	 96393.25766566349 
14.22 	 99727.57752848224 
14.24 	 103204.12214710569 
14.26 	 106964.2083836501 
14.28 	 110695.91523133655 
14.3 	 114529.89430042695 
14.32 	 118110.71140351206 
14.34 	 121542.45889852908 
14.36 	 124479.33995475632 
14.38 	 126982.3600415636 
14.4 	 128786.89279372335 
14.42 	 129897.52513733118 
14.44 	 130201.24558735928 
14.46 	 129641.27547029543 
14.48 	 128299.47956186364 
14.5 	 126063.86234124048 
14.52 	 123206.51532577245 
14.54 	 119574.52485502297 
14.56 	 115575.49060550692 
14.58 	 111031.24688751537 
14.6 	 106401.03742634022 
14.62 	 101493.93630308425 
14.64 	 96741.4050568642 
14.66 	 91950.35347099045 
14.68 	 87476.18796973795 
14.7 	 83136.17991959145 
14.72 	 79198.77816770127 
14.74 	 75506.64309402111 
14.76 	 72255.20081011478 
14.78 	 69325.87494508705 
14.8 	 66860.9485423197 
14.82 	 64787.10280094653 
14.84 	 63205.7220224508 
14.86 	 62086.41258511872 
14.88 	 61490.2780270976 
14.9 	 61421.299685728794 
14.92 	 61892.4504695757 
14.94 	 62932.36656053564 
14.96 	 64495.067952079226 
14.98 	 66627.0880788187 
15.0 	 69214.2810020055 
15.02 	 72318.32898262244 
15.04 	 75752.6187557187 
15.06 	 79593.25544709952 
15.08 	 83585.04556937615 
15.1 	 87816.47238845867 
15.12 	 91979.73070151747 
15.14 	 96169.655669815 
15.16 	 100057.01229442554 
15.18 	 103732.48189950171 
15.2 	 106891.13182098512 
15.22 	 109606.78189876651 
15.24 	 111651.9237015013 
15.26 	 113073.15660554596 
15.28 	 113767.35309714876 
15.3 	 113750.78348376903 
15.32 	 113069.67474642555 
15.34 	 111716.37830684311 
15.36 	 109878.22842841208 
15.38 	 107536.93259545245 
15.4 	 104978.76708410544 
15.42 	 102188.08682707016 
15.44 	 99485.14798324884 
15.46 	 96863.42823801395 
15.48 	 94607.71807834043 
15.5 	 92718.33433510843 
15.52 	 91388.3969906592 
15.54 	 90618.42806478821 
15.56 	 90478.02681603946 
15.58 	 90964.3083910109 
15.6 	 92019.01630658082 
15.62 	 93639.99384987552 
15.64 	 95661.44197811125 
15.66 	 98092.31204239897 
15.68 	 100697.26021177121 
15.7 	 103506.14120150948 
15.72 	 106259.71804271938 
15.74 	 109010.35523678322 
15.76 	 111517.19502153402 
15.78 	 113845.27163549924 
15.8 	 115803.14088323133 
15.82 	 117450.88765271007 
15.84 	 118665.23922105774 
15.86 	 119485.09947530499 
15.88 	 119866.53393072277 
15.9 	 119822.26227348349 
15.92 	 119395.27579722127 
15.94 	 118582.91954221758 
15.96 	 117515.90374554238 
15.98 	 116198.2823467036 
16.0 	 114831.9846303034 
16.02 	 113448.57290339854 
16.04 	 112277.74363600904 
16.06 	 111384.55398621454 
16.08 	 110957.82076524121 
16.1 	 111082.36493066262 
16.12 	 111829.67795598679 
16.14 	 113278.82334990911 
16.16 	 115326.94200056196 
16.18 	 118024.10555352057 
16.2 	 121081.66074446133 
16.22 	 124507.80038940998 
16.24 	 127878.10772226109 
16.26 	 131153.2606769108 
16.28 	 133883.33663384864 
16.3 	 135976.13274591888 
16.32 	 137102.4255879327 
16.34 	 137112.41410176814 
16.36 	 135932.52587726692 
16.38 	 133360.71045180067 
16.4 	 129647.14246042602 
16.42 	 124559.86149278167 
16.44 	 118638.31818200555 
16.46 	 111652.31819532672 
16.48 	 104303.54777757886 
16.5 	 96386.30954922918 
16.52 	 88601.03113812782 
16.54 	 80769.29646109708 
16.56 	 73459.83585491078 
16.58 	 66510.65490711007 
16.6 	 60301.790366303 
16.62 	 54677.466870734446 
16.64 	 49840.466680345715 
16.66 	 45639.67713257645 
16.68 	 42148.37108389298 
16.7 	 39225.523255038126 
16.72 	 36867.64064144913 
16.74 	 34950.78868809038 
16.76 	 33436.12774336409 
16.78 	 32221.863602764115 
16.8 	 31261.031581206043 
16.82 	 30476.41989437098 
16.84 	 29828.977067016454 
16.86 	 29266.3208675634 
16.88 	 28765.285934331256 
16.9 	 28296.346365195197 
16.92 	 27853.697301109005 
16.94 	 27426.160485312128 
16.96 	 27021.430356377074 
16.98 	 26640.085319715545 
17.0 	 26296.29259583646 
17.02 	 25995.422651558078 
17.04 	 25751.04220616449 
17.06 	 25568.15767919944 
17.08 	 25455.248784785916 
17.1 	 25414.85582130279 
17.12 	 25449.237616269136 
17.14 	 25558.949823870524 
17.16 	 25741.054763515487 
17.18 	 25995.48991174175 
17.2 	 26315.32896487305 
17.22 	 26700.465647198187 
17.24 	 27140.04189950391 
17.26 	 27633.00658595371 
17.28 	 28163.446662344286 
17.3 	 28727.39462370352 
17.32 	 29302.565817481613 
17.34 	 29879.9678516956 
17.36 	 30430.711775801687 
17.38 	 30939.419286258923 
17.4 	 31372.458661541375 
17.42 	 31708.098852805906 
17.44 	 31912.436948289593 
17.46 	 31959.305609846044 
17.48 	 31821.47663541594 
17.5 	 31472.41882620146 
17.52 	 30899.894217476445 
17.54 	 30082.876326149926 
17.56 	 29031.469405730943 
17.58 	 27736.332586478875 
17.6 	 26233.139156248846 
17.62 	 24528.202217176677 
17.64 	 22679.287342420565 
17.66 	 20707.64759188976 
17.68 	 18682.796724464235 
17.7 	 16634.804615257573 
17.72 	 14630.799114624124 
17.74 	 12700.147506838739 
17.76 	 10894.76363572107 
17.78 	 9234.349668785417 
17.8 	 7748.506540598667 
17.82 	 6442.495552273972 
17.84 	 5323.744145816955 
17.86 	 4383.756041792639 
17.88 	 3613.4798473449637 
17.9 	 2995.390925135139 
17.92 	 2511.852214076739 
17.94 	 2142.311482080517 
17.96 	 1867.5535258641667 
17.98 	 1668.8526501924755 
18.0 	 1529.8847319023307 
18.02 	 1436.3506998412402 
18.04 	 1376.597260513495 
18.06 	 1341.2419714156233 
18.08 	 1323.1465334530458 
18.1 	 1317.0116273143844 
18.12 	 1319.0972052083318 
18.14 	 1326.8635623495156 
18.16 	 1338.6566469020106 
18.18 	 1353.4515350560512 
18.2 	 1370.5966358740602 
18.22 	 1389.671527724571 
18.24 	 1410.3078783736048 
18.26 	 1432.1425275930967 
18.28 	 1454.6977440629455 
18.3 	 1477.3986203684653 
18.32 	 1499.4901009377927 
18.34 	 1520.0909055789807 
18.36 	 1538.1376178134915 
18.38 	 1552.4576163193437 
18.4 	 1561.748865377646 
18.42 	 1564.662317899807 
18.44 	 1559.837247219644 
18.46 	 1545.9813498438236 
18.48 	 1521.9758469227697 
18.5 	 1486.9278519549243 
18.52 	 1440.3362261798184 
18.54 	 1382.0755447167153 
18.56 	 1312.584888142077 
18.58 	 1232.7435725647267 
18.6 	 1144.0310452791405 
18.62 	 1048.283360111801 
18.64 	 947.7872755349497 
18.66 	 844.9550347591005 
18.68 	 742.3537209740366 
18.7 	 642.3763447856164 
18.72 	 547.2437724851155 
18.74 	 458.75468506278384 
18.76 	 378.30715978643155 
18.78 	 306.77414005250984 
18.8 	 244.5704080331155 
18.82 	 191.64650519993143 
18.84 	 147.5926682250956 
18.86 	 111.70425991334996 
18.88 	 83.09165767549824 
18.9 	 60.761602084879996 
18.92 	 43.702329110711084 
18.94 	 30.94285207920297 
18.96 	 21.599213275612456 
18.98 	 14.899818449323822 
19.0 	 10.196901199275501 
19.02 	 6.965016653316964 
19.04 	 4.791619081142692 
19.06 	 3.362347699050424 
19.08 	 2.444458066927155 
19.1 	 1.8702507482380921 
19.12 	 1.5220892328253395 
19.14 	 1.3191507448759545 
19.16 	 1.2074401470728169 
19.18 	 1.1516143578163613 
19.2 	 1.1286630459423617 
19.22 	 1.1241350412333089 
19.24 	 1.1290520758307676 
19.26 	 1.1375979579088638 
19.28 	 1.146389152446637 
19.3 	 1.1532125996905631 
19.32 	 1.1568032513034472 
19.34 	 1.156617862052574 
19.36 	 1.1524455304340964 
19.38 	 1.1444049715584228 
19.4 	 1.1326741133344937 
19.42 	 1.1177879638662618 
19.44 	 1.100481542416475 
19.46 	 1.0812245377951475 
19.48 	 1.0611253009058033 
19.5 	 1.040653597761876 
19.52 	 1.0208527863419148 
19.54 	 1.0020959626226964 
19.56 	 0.9853386765163672 
19.58 	 0.9708121987489301 
19.6 	 0.95897680172605 
19.62 	 0.949951349384013 
19.64 	 0.943485079980346 
19.66 	 0.9394125243780674 
19.68 	 0.9371906580972098 
19.7 	 0.9360165799722368 
19.72 	 0.9350706344499702 
19.74 	 0.933640881099936 
19.76 	 0.9304062705575906 
19.78 	 0.924854316348826 
19.8 	 0.9159526271678013 
19.82 	 0.9032097816289318 
19.84 	 0.8865637714396203 
19.86 	 0.8657666467672244 
19.88 	 0.8408890504217148 
19.9 	 0.812507675895586 
19.92 	 0.7813832505852666 
19.94 	 0.7480730669768892 
19.96 	 0.7133815515629499 
19.98 	 0.6782744516303731 
20.0 	 0.643402771526239 
20.02 	 0.6095720507405236 
20.04 	 0.5773823504914546 
20.06 	 0.5471469903780994 
20.08 	 0.5196752662636608 
20.1 	 0.4952234047821574 
20.12 	 0.47380037395469937 
20.14 	 0.45586046048271167 
20.16 	 0.441593646197319 
20.18 	 0.43112225849864877 
20.2 	 0.42447893215491916 
20.22 	 0.4213158230897975 
20.24 	 0.42173255486337785 
20.26 	 0.4254646460910681 
20.28 	 0.43163086460036554 
20.3 	 0.43987597840367176 
20.32 	 0.4495744667740676 
20.34 	 0.45987441007849755 
20.36 	 0.4699866285126672 
20.38 	 0.47918184847221 
20.4 	 0.4865327025269822 
20.42 	 0.4916283084425535 
20.44 	 0.4942846395391647 
20.46 	 0.4940437022829843 
20.48 	 0.4903964001464368 
20.5 	 0.4842365634131853 
20.52 	 0.4754517589968112 
20.54 	 0.4643962823506558 
20.56 	 0.4514251542488843 
20.58 	 0.4369112287839029 
20.6 	 0.4215504338863415 
20.62 	 0.4058427932599589 
20.64 	 0.38974808675050737 
20.66 	 0.374520719640255 
20.68 	 0.3592631395000219 
20.7 	 0.34503973880572797 
20.72 	 0.3316249609790516 
20.74 	 0.3191296020980087 
20.76 	 0.30767485475060014 
20.78 	 0.29739047723160544 
20.8 	 0.2879832734695119 
20.82 	 0.27954939506486187 
20.84 	 0.27218713800809297 
20.86 	 0.26552643489440014 
20.88 	 0.25962674592885543 
20.9 	 0.25454657063889996 
20.92 	 0.2498423032062837 
20.94 	 0.2455384381163426 
20.96 	 0.24165930889353615 
20.98 	 0.2377010133728385 
21.0 	 0.23419727193343123 
21.02 	 0.23062598037088947 
21.04 	 0.2275395822043478 
21.06 	 0.22439811032414325 
21.08 	 0.2211991997014025 
21.1 	 0.21852225336780584 
21.12 	 0.2152107188664253 
21.14 	 0.21243491949535645 
21.16 	 0.20961105176146974 
21.18 	 0.2067371293876662 
21.2 	 0.20381101814059016 
21.22 	 0.20018981077181022 
21.24 	 0.19648727618064915 
21.26 	 0.1926987052166462 
21.28 	 0.1895017888971441 
21.3 	 0.18554092364467564 
21.32 	 0.18219081370051918 
21.34 	 0.17876449283585963 
21.36 	 0.175257471757212 
21.38 	 0.17166478460726015 
21.4 	 0.16952915847953964 
21.42 	 0.16735767955355352 
21.44 	 0.1651489211555491 
21.46 	 0.16450633249041735 
21.48 	 0.16385837862950042 
21.5 	 0.16481296125554395 
21.52 	 0.16576514847329368 
21.54 	 0.1682952575902681 
21.56 	 0.1715712582357244 
21.58 	 0.1755556152844781 
21.6 	 0.1802054647221226 
21.62 	 0.18547476738591662 
21.64 	 0.1913162370806022 
21.66 	 0.19700477091999513 
21.68 	 0.20255328156922495 
21.7 	 0.20667720813729118 
21.72 	 0.21073471457521015 
21.74 	 0.2134701633283496 
21.76 	 0.21429776519759208 
21.78 	 0.21386293271809814 
21.8 	 0.21215087530185603 
21.82 	 0.20782012357399512 
21.84 	 0.20271010471627873 
21.86 	 0.1960622599247888 
21.88 	 0.1884314040304709 
21.9 	 0.180447922278005 
21.92 	 0.17126425470653095 
21.94 	 0.1632137640684434 
21.96 	 0.1555994158266867 
21.98 	 0.1494185397693515 
22.0 	 0.14486509891024527 
22.02 	 0.14499679445470912 
22.04 	 0.14982641567409039 
22.06 	 0.16154879584624077 
22.08 	 0.18345351804256438 
22.1 	 0.220823652173082 
22.12 	 0.27957506118614484 
22.14 	 0.36790406607449055 
22.16 	 0.49652987314864444 
22.18 	 0.6811335287322084 
22.2 	 0.941712010191911 
22.22 	 1.3038180290925203 
22.24 	 1.8005707380826972 
22.26 	 2.473478539450652 
22.28 	 3.374051442237088 
22.3 	 4.564970862032245 
22.32 	 6.120977478016235 
22.34 	 8.129615358261674 
22.36 	 10.691096846858889 
22.38 	 13.917795872704879 
22.4 	 17.932858365409857 
22.42 	 22.86801657323627 
22.44 	 28.860556051741998 
22.46 	 36.04980172669839 
22.48 	 44.572506643795165 
22.5 	 54.5583257722618 
22.52 	 66.12373609169505 
22.54 	 79.36678525775449 
22.56 	 94.3592302926075 
22.58 	 111.14063314903966 
22.6 	 129.7082597720044 
22.62 	 150.01127994628564 
22.64 	 171.9390217071479 
22.66 	 195.31798308465585 
22.68 	 219.90148188684637 
22.7 	 245.37472626107916 
22.72 	 271.35107235186734 
22.74 	 297.3909860030815 
22.76 	 323.00947410526163 
22.78 	 347.71099088189845 
22.8 	 371.0076264839434 
22.82 	 392.4641181828548 
22.84 	 411.7189242798684 
22.86 	 428.52550988863453 
22.88 	 442.7632287958269 
22.9 	 454.4586914739503 
22.92 	 463.7749021948057 
22.94 	 471.00298798240925 
22.96 	 476.52698007995957 
22.98 	 480.78925209653994 
23.0 	 484.2405897057506 
23.02 	 487.29570643889815 
23.04 	 490.2872247372281 
23.06 	 493.43356090525793 
23.08 	 496.816109516098 
23.1 	 500.37726372641043 
23.12 	 503.93171171254073 
23.14 	 507.1994580520016 
23.16 	 509.848614759092 
23.18 	 511.55315314294614 
23.2 	 512.0522171297863 
23.22 	 511.2119412296908 
23.24 	 509.08031423066393 
23.26 	 505.93075322108723 
23.28 	 502.29305754138494 
23.3 	 498.9625453755803 
23.32 	 496.9937136941064 
23.34 	 497.66822138892786 
23.36 	 502.4447425232551 
23.38 	 512.8885611094828 
23.4 	 530.5780702337037 
23.42 	 557.0092693634086 
23.44 	 593.4688398466363 
23.46 	 640.9415775856045 
23.48 	 699.9726825835822 
23.5 	 770.6233403654805 
23.52 	 852.3545673114262 
23.54 	 944.0845025058265 
23.56 	 1044.1215141083328 
23.58 	 1150.3608669144191 
23.6 	 1260.2695640245763 
23.62 	 1371.2149340593471 
23.64 	 1480.4667475424246 
23.66 	 1585.5928574104707 
23.68 	 1684.4181382695676 
23.7 	 1775.386348826349 
23.72 	 1857.421757532067 
23.74 	 1930.1696686390765 
23.76 	 1993.7480086405574 
23.78 	 2048.8397099761046 
23.8 	 2096.377191608323 
23.82 	 2137.5335441901275 
23.84 	 2173.4204178866653 
23.86 	 2205.067022535931 
23.88 	 2233.2086007026405 
23.9 	 2258.3288759606808 
23.92 	 2280.5738849283757 
23.94 	 2299.8772285134355 
23.96 	 2315.9779984047877 
23.98 	 2328.5873105571004 
24.0 	 2337.451670902924 
24.02 	 2342.491158010109 
24.04 	 2343.8491346351825 
24.06 	 2341.950186041553 
24.08 	 2337.5075043106126 
24.1 	 2331.4957759001622 
24.12 	 2325.1247016775465 
24.14 	 2319.766436004249 
24.16 	 2316.922437495291 
24.18 	 2318.161215135026 
24.2 	 2325.094994323982 
24.22 	 2339.367010417715 
24.24 	 2362.62164353326 
24.26 	 2396.547869126706 
24.28 	 2442.791280592667 
24.3 	 2503.0378386705215 
24.32 	 2578.800194015609 
24.34 	 2671.535269228116 
24.36 	 2782.253582186703 
24.38 	 2911.709782911248 
24.4 	 3059.8282548218854 
24.42 	 3226.066245733807 
24.44 	 3408.6987773097203 
24.46 	 3605.4858649462753 
24.48 	 3812.883478965331 
24.5 	 4027.105754924095 
24.52 	 4243.309379301248 
24.54 	 4457.0197518284185 
24.56 	 4663.287516569265 
24.58 	 4858.293163994235 
24.6 	 5038.434141078112 
24.62 	 5201.824848179108 
24.64 	 5347.274398500647 
24.66 	 5475.431680463723 
24.68 	 5587.661572318185 
24.7 	 5686.746854669513 
24.72 	 5775.736015878727 
24.74 	 5858.3205436063645 
24.76 	 5937.767018306386 
24.78 	 6017.223562991389 
24.8 	 6098.8310929785375 
24.82 	 6184.205848631768 
24.84 	 6273.751727714866 
24.86 	 6367.435049854515 
24.88 	 6464.231157858586 
24.9 	 6563.140599335114 
24.92 	 6662.650105349756 
24.94 	 6761.831404423572 
24.96 	 6859.704492910047 
24.98 	 6956.256615749524 
25.0 	 7051.645680232453 
25.02 	 7147.058013003611 
25.04 	 7243.739837416832 
25.06 	 7343.722443085084 
25.08 	 7448.6921316170055 
25.1 	 7560.699048587826 
25.12 	 7680.875657146459 
25.14 	 7810.28485810974 
25.16 	 7948.4996275912845 
25.18 	 8094.732624095887 
25.2 	 8246.318866036167 
25.22 	 8400.204745610914 
25.24 	 8551.435710550788 
25.26 	 8694.966717558314 
25.28 	 8824.324678268398 
25.3 	 8933.539136457031 
25.32 	 9016.181767877984 
25.34 	 9067.041359429782 
25.36 	 9081.705875930582 
25.38 	 9057.5067967651 
25.4 	 8993.711369968913 
25.42 	 8891.342079556602 
25.44 	 8753.939078325942 
25.46 	 8586.149577634416 
25.48 	 8394.954469373573 
25.5 	 8187.3055289881595 
25.52 	 7971.691470381779 
25.54 	 7755.375225129955 
25.56 	 7546.167452646354 
25.58 	 7349.842681055022 
25.6 	 7171.965902648772 
25.62 	 7015.873955717899 
25.64 	 6884.378028740103 
25.66 	 6778.435618240204 
25.68 	 6698.559934264286 
25.7 	 6644.11464217847 
25.72 	 6614.304318775918 
25.74 	 6607.941178492644 
25.76 	 6623.942605926471 
25.78 	 6661.420576843653 
25.8 	 6719.652253615787 
25.82 	 6798.397644377638 
25.84 	 6897.342871663275 
25.86 	 7016.640824361196 
25.88 	 7155.866613334193 
25.9 	 7314.870217367235 
25.92 	 7492.324212484848 
25.94 	 7687.028153955399 
25.96 	 7896.150775721942 
25.98 	 8117.091859708482 
26.0 	 8345.516422820714 
26.02 	 8577.759783350943 
26.04 	 8808.731792711727 
26.06 	 9034.6905263726 
26.08 	 9251.077809860659 
26.1 	 9455.359995562738 
26.12 	 9644.847124368298 
26.14 	 9819.27486020563 
26.16 	 9978.650731677397 
26.18 	 10125.360307920026 
26.2 	 10262.065128092428 
26.22 	 10393.327976237968 
26.24 	 10523.553441254444 
26.26 	 10658.356686831834 
26.28 	 10802.48729180563 
26.3 	 10961.316393578489 
26.32 	 11138.61697063037 
26.34 	 11338.561433601562 
26.36 	 11563.154246445503 
26.38 	 11815.034074521815 
26.4 	 12094.292039653466 
26.42 	 12402.234985124283 
26.44 	 12737.311151191194 
26.46 	 13099.896365014089 
26.48 	 13487.112696893291 
26.5 	 13898.681273502398 
26.52 	 14330.54595279705 
26.54 	 14781.857636491946 
26.56 	 15247.456008598296 
26.58 	 15726.032268488 
26.6 	 16211.622878315306 
26.62 	 16702.88632617158 
26.64 	 17193.79358218615 
26.66 	 17683.773135517655 
26.68 	 18167.748083841714 
26.7 	 18646.75440817403 
26.72 	 19117.40738862555 
26.74 	 19582.60389586669 
26.76 	 20040.454000321344 
26.78 	 20494.889806255094 
26.8 	 20944.126974278377 
26.82 	 21391.321542378577 
26.84 	 21832.75271366266 
26.86 	 22268.8556887214 
26.88 	 22692.503349751674 
26.9 	 23100.556501100185 
26.92 	 23482.792844551797 
26.94 	 23833.52489945661 
26.96 	 24141.825652452095 
26.98 	 24402.058835886837 
27.0 	 24606.06989841013 
27.02 	 24751.125870237076 
27.04 	 24834.668829906317 
27.06 	 24858.488635205176 
27.08 	 24826.435512108772 
27.1 	 24744.539199053965 
27.12 	 24621.716965353786 
27.14 	 24466.540074101573 
27.16 	 24290.499616943976 
27.18 	 24102.739022660695 
27.2 	 23914.98714934014 
27.22 	 23735.674651499783 
27.24 	 23575.358660485632 
27.26 	 23441.399656877587 
27.28 	 23342.648081234373 
27.3 	 23285.556468345985 
27.32 	 23277.031532791614 
27.34 	 23322.668095699817 
27.36 	 23426.900728852423 
27.38 	 23593.989038572177 
27.4 	 23824.86638318361 
27.42 	 24121.48857238092 
27.44 	 24480.053804187875 
27.46 	 24899.21170420481 
27.48 	 25369.628884130507 
27.5 	 25886.227701147465 
27.52 	 26434.425842680983 
27.54 	 27006.00999213121 
27.56 	 27582.813084700578 
27.58 	 28155.124201607956 
27.6 	 28704.048829695486 
27.62 	 29220.702527514277 
27.64 	 29688.883753481143 
27.66 	 30102.920053888694 
27.68 	 30452.367745511143 
27.7 	 30736.473545368015 
27.72 	 30952.28114847908 
27.74 	 31104.323574570906 
27.76 	 31196.835094560895 
27.78 	 31238.370240214 
27.8 	 31238.02484162797 
27.82 	 31205.820663007158 
27.84 	 31152.19122324899 
27.86 	 31085.728129066632 
27.88 	 31014.846339418353 
27.9 	 30944.588304261786 
27.92 	 30879.378280697973 
27.94 	 30820.086357665692 
27.96 	 30767.04514182601 
27.98 	 30717.811009433823 
28.0 	 30670.0267351042 
28.02 	 30619.645843765884 
28.04 	 30563.635416165947 
28.06 	 30498.074608196293 
28.08 	 30420.97469830452 
28.1 	 30329.658754469052 
28.12 	 30224.06734296815 
28.14 	 30103.066918802884 
28.16 	 29968.526332198093 
28.18 	 29820.521163657686 
28.2 	 29662.278915606075 
28.22 	 29494.49943466881 
28.24 	 29321.059439384175 
28.26 	 29142.78904419589 
28.28 	 28963.66830258372 
28.3 	 28784.409333049975 
28.32 	 28608.805272196805 
28.34 	 28437.429797396533 
28.36 	 28273.80400840083 
28.38 	 28118.484395973617 
28.4 	 27974.753119210305 
28.42 	 27843.33301388183 
28.44 	 27727.340677906897 
28.46 	 27627.847629400138 
28.48 	 27547.851053145216 
28.5 	 27488.90294494562 
28.52 	 27453.853062108745 
28.54 	 27444.787162954224 
28.56 	 27464.273720052155 
28.58 	 27514.864032789174 
28.6 	 27598.525452601803 
28.62 	 27717.95202706904 
28.64 	 27873.834258860807 
28.66 	 28068.23219649276 
28.68 	 28299.403310476144 
28.7 	 28567.49881273314 
28.72 	 28866.91787795107 
28.74 	 29194.50448160976 
28.76 	 29539.808050199157 
28.78 	 29895.61937190574 
28.8 	 30247.010095622398 
28.82 	 30583.37915482355 
28.84 	 30887.606275687183 
28.86 	 31147.948522582818 
28.88 	 31348.9583775769 
28.9 	 31480.957272993608 
28.92 	 31534.396371184575 
28.94 	 31504.641125167953 
28.96 	 31391.06451318881 
28.98 	 31195.66625072981 
29.0 	 30927.382280379275 
29.02 	 30594.42962221686 
29.04 	 30213.30171757926 
29.06 	 29796.188628617914 
29.08 	 29363.250477485337 
29.1 	 28927.485977313845 
29.12 	 28508.407155481993 
29.14 	 28117.000700936933 
29.16 	 27768.903778026855 
29.18 	 27471.6470512865 
29.2 	 27235.69145691427 
29.22 	 27065.28461017058 
29.24 	 26966.076471326436 
29.26 	 26940.107201371717 
29.28 	 26989.100714967226 
29.3 	 27113.65852073563 
29.32 	 27311.75419975075 
29.34 	 27582.16616060267 
29.36 	 27918.181382384493 
29.38 	 28315.388577672988 
29.4 	 28761.114879384255 
29.42 	 29246.526828048303 
29.44 	 29752.826716638003 
29.46 	 30266.934675966226 
29.48 	 30765.952563035236 
29.5 	 31234.64359258173 
29.52 	 31650.118632967333 
29.54 	 31998.346292203303 
29.56 	 32261.326800146286 
29.58 	 32429.501425793576 
29.6 	 32493.644686533724 
29.62 	 32450.593608813375 
29.64 	 32301.524869548375 
29.66 	 32049.742294246946 
29.68 	 31705.936420329574 
29.7 	 31278.359848400065 
29.72 	 30784.396455257214 
29.74 	 30234.787741504337 
29.76 	 29649.81252694735 
29.78 	 29039.9825977318 
29.8 	 28424.679371991948 
29.82 	 27811.844391252667 
29.84 	 27217.066679636624 
29.86 	 26644.35050216021 
29.88 	 26104.159031963394 
29.9 	 25596.550784808245 
29.92 	 25127.26028220629 
29.94 	 24693.63716531674 
29.96 	 24298.305345949328 
29.98 	 23937.704625968552 
30.0 	 23613.196774915345 
30.02 	 23321.766711053253 
30.04 	 23064.68014118522 
30.06 	 22840.00653956807 
30.08 	 22649.091803414638 
30.1 	 22490.808511144514 
30.12 	 22366.167146246225 
30.14 	 22274.363547376128 
30.16 	 22215.80950093475 
30.18 	 22190.05428795278 
30.2 	 22197.405253880443 
30.22 	 22238.725950594137 
30.24 	 22315.66634771603 
30.26 	 22432.313837673813 
30.28 	 22593.812638834355 
30.3 	 22809.9544440454 
30.32 	 23091.52369725592 
30.34 	 23456.223153045434 
30.36 	 23921.365632198693 
30.38 	 24513.1523378505 
30.4 	 25253.415786141424 
30.42 	 26174.381290541744 
30.44 	 27296.227207706776 
30.46 	 28651.133898568827 
30.48 	 30247.596523876426 
30.5 	 32109.502871377004 
30.52 	 34222.47365139066 
30.54 	 36595.063384407345 
30.56 	 39182.19267462171 
30.58 	 41975.05771049633 
30.6 	 44897.753834290634 
30.62 	 47928.99057785034 
30.64 	 50971.281663797 
30.66 	 54001.09860652512 
30.68 	 56915.64721864148 
30.7 	 59700.4807860655 
30.72 	 62265.27996724594 
30.74 	 64612.35400221094 
30.76 	 66677.13033544814 
30.78 	 68480.1133792685 
30.8 	 69987.67625107872 
30.82 	 71234.35551402076 
30.84 	 72214.86992040687 
30.86 	 72971.0274249037 
30.88 	 73518.65950238964 
30.9 	 73900.86607905896 
30.92 	 74146.44099367324 
30.94 	 74296.56928387238 
30.96 	 74386.20334548784 
30.98 	 74454.2028574233 
31.0 	 74536.4782405421 
31.02 	 74670.59395117727 
31.04 	 74888.80335075142 
31.06 	 75228.19072200188 
31.08 	 75712.20646514668 
31.1 	 76377.02299562788 
31.12 	 77231.326957024 
31.14 	 78308.77941616494 
31.16 	 79597.47176637611 
31.18 	 81126.94043780908 
31.2 	 82860.88557597596 
31.22 	 84824.69219970694 
31.24 	 86957.80998891965 
31.26 	 89283.98322961623 
31.28 	 91723.05480012763 
31.3 	 94301.50001253604 
31.32 	 96927.09998205182 
31.34 	 99632.95687222823 
31.36 	 102322.03575861247 
31.38 	 105034.75864951542 
31.4 	 107673.44146597765 
31.42 	 110282.1271731963 
31.44 	 112763.43360532889 
31.46 	 115158.47880034054 
31.48 	 117370.97669130446 
31.5 	 119433.35071227701 
31.52 	 121255.23508675664 
31.54 	 122858.71200732214 
31.56 	 124169.91319921988 
31.58 	 125203.62124881601 
31.6 	 125915.65717413482 
31.62 	 126318.30846343045 
31.64 	 126406.08121925431 
31.66 	 126190.91040529877 
31.68 	 125704.99487503644 
31.7 	 124957.1280272451 
31.72 	 124006.42799797787 
31.74 	 122853.33144836083 
31.76 	 121570.41139075796 
31.78 	 120148.3156701095 
31.8 	 118665.8825681177 
31.82 	 117111.3367159623 
31.84 	 115572.04450820496 
31.86 	 114048.52236861498 
31.88 	 112641.82809841917 
31.9 	 111378.09523243485 
31.92 	 110367.8630458991 
31.94 	 109664.35685889043 
31.96 	 109365.9022119539 
31.98 	 109538.83597172379 
32.0 	 110234.37626845033 
32.02 	 111510.39186328463 
32.04 	 113339.04514680388 
32.06 	 115755.5533008458 
32.08 	 118642.25650684466 
32.1 	 122016.2664687618 
32.12 	 125688.75311994586 
32.14 	 129681.05212674357 
32.16 	 133773.46957621255 
32.18 	 138018.9963570668 
32.2 	 142209.23238894145 
32.22 	 146445.7465804861 
32.24 	 150555.1544818419 
32.26 	 154685.58414972134 
32.28 	 158695.26348577638 
32.3 	 162761.21070866004 
32.32 	 166750.14279726223 
32.34 	 170846.1723042989 
32.36 	 174898.6974469916 
32.38 	 179084.06383089005 
32.4 	 183220.18924727626 
32.42 	 187470.8087903227 
32.44 	 191623.10346621665 
32.46 	 195827.58859031656 
32.48 	 199850.12259229718 
32.5 	 203822.8458891407 
32.52 	 207501.50301341512 
32.54 	 210985.91240104532 
32.56 	 214035.0364146444 
32.58 	 216697.36375566048 
32.6 	 218758.03920932367 
32.62 	 220199.31563643288 
32.64 	 220871.70650045536 
32.66 	 220689.1243868911 
32.68 	 219618.81564348313 
32.7 	 217520.25120995875 
32.72 	 214523.20238413205 
32.74 	 210458.53942029332 
32.76 	 205634.77483686258 
32.78 	 199882.2900171831 
32.8 	 193659.0255810828 
32.82 	 186814.4106905841 
32.84 	 179884.70221638438 
32.86 	 172743.1119520624 
32.88 	 165914.6671071004 
32.9 	 159288.43624475735 
32.92 	 153300.5817103241 
32.94 	 147844.22921583432 
32.96 	 143222.14710797273 
32.98 	 139325.01930052615 
33.0 	 136314.7439748643 
33.02 	 134082.3796367998 
33.04 	 132668.72113825643 
33.06 	 131975.3153593959 
33.08 	 131954.4517992614 
33.1 	 132530.39417351678 
33.12 	 133600.39374552004 
33.14 	 135120.6187580587 
33.16 	 136960.27057831685 
33.18 	 139110.0879286065 
33.2 	 141428.41873190174 
33.22 	 143935.5167215925 
33.24 	 146486.55329249363 
33.26 	 149120.03471074888 
33.28 	 151690.05624507944 
33.3 	 154240.01901727548 
33.32 	 156625.94601620038 
33.34 	 158885.79389849937 
33.36 	 160887.0051402053 
33.38 	 162658.1299087812 
33.4 	 164094.65683384734 
33.42 	 165217.751488773 
33.44 	 165969.108154403 
33.46 	 166366.85842862228 
33.48 	 166409.85909758648 
33.5 	 166115.656712325 
33.52 	 165537.77172424248 
33.54 	 164691.71750471988 
33.56 	 163669.9621258439 
33.58 	 162481.8345367897 
33.6 	 161236.15000857745 
33.62 	 159932.3006820843 
33.64 	 158674.29639289837 
33.66 	 157450.92623578946 
33.68 	 156347.43355739894 
33.7 	 155344.93508376653 
33.72 	 154504.05834391684 
33.74 	 153802.8028381943 
33.76 	 153276.36741227607 
33.78 	 152902.46693050244 
33.8 	 152690.89692873458 
33.82 	 152617.45289523376 
33.84 	 152665.40793662998 
33.86 	 152802.45860515226 
33.88 	 152985.49249422562 
33.9 	 153167.0526064365 
33.92 	 153285.23375623074 
33.94 	 153275.87344246157 
33.96 	 153079.21290006372 
33.98 	 152623.93724638716 
34.0 	 151886.05245795613 
34.02 	 150807.96207039582 
34.04 	 149436.168482888 
34.06 	 147750.8901936017 
34.08 	 145884.93129168163 
34.1 	 143869.1777330105 
34.12 	 141901.81793817834 
34.14 	 140053.1367087142 
34.16 	 138527.18331335543 
34.18 	 137397.34815230916 
34.2 	 136795.6966346129 
34.22 	 136752.76720368103 
34.24 	 137267.01057715804 
34.26 	 138294.10256079288 
34.28 	 139684.5463242192 
34.3 	 141317.5096216453 
34.32 	 142940.4345363917 
34.34 	 144384.11066764736 
34.36 	 145384.14384498657 
34.38 	 145766.42871375586 
34.4 	 145359.47055542385 
34.42 	 144025.6059222527 
34.44 	 141764.4270243761 
34.46 	 138501.46288801797 
34.48 	 134428.71168794172 
34.5 	 129541.38194673894 
34.52 	 124181.99255261384 
34.54 	 118401.661494707 
34.56 	 112608.6493577896 
34.58 	 106881.40561733632 
34.6 	 101601.23287330012 
34.62 	 96840.88356821667 
34.64 	 92884.88233368221 
34.66 	 89774.80294473215 
34.68 	 87665.34407740398 
34.7 	 86557.55554917481 
34.72 	 86476.8256868616 
34.74 	 87392.09329787201 
34.76 	 89221.16992967024 
34.78 	 91921.47699039953 
34.8 	 95332.62776799613 
34.82 	 99423.20429020998 
34.84 	 103980.9853499125 
34.86 	 109000.18270957949 
34.88 	 114234.23226395636 
34.9 	 119703.21164793259 
34.92 	 125135.39583307049 
34.94 	 130563.71421725943 
34.96 	 135699.55698813958 
34.98 	 140569.79168997728 
35.0 	 144887.25882239884 
35.02 	 148657.68370056967 
35.04 	 151631.0652461436 
35.06 	 153787.80992443685 
35.08 	 154964.60621091528 
35.1 	 155124.53822682003 
35.12 	 154238.40135481398 
35.14 	 152267.64496492583 
35.16 	 149341.0387499809 
35.18 	 145433.9688508034 
35.2 	 140818.60463411073 
35.22 	 135492.05078141607 
35.24 	 129817.96696462797 
35.26 	 123811.09684774818 
35.28 	 117854.58407509839 
35.3 	 111966.52357489102 
35.32 	 106481.437789862 
35.34 	 101402.91008122078 
35.36 	 96971.3417038978 
35.38 	 93162.43065888184 
35.4 	 90106.22069337392 
35.42 	 87747.0450974338 
35.44 	 86113.41522613238 
35.46 	 85125.36613432312 
35.48 	 84734.35452142115 
35.5 	 84850.25520332993 
35.52 	 85378.13820042062 
35.54 	 86233.5861461044 
35.56 	 87304.95659696628 
35.58 	 88526.26885471829 
35.6 	 89793.12124698696 
35.62 	 91064.64599414165 
35.64 	 92259.28042782549 
35.66 	 93361.38321100555 
35.68 	 94318.84334671451 
35.7 	 95136.29799511249 
35.72 	 95790.0228202682 
35.74 	 96297.50303373278 
35.76 	 96657.3624257559 
35.78 	 96892.60921918644 
35.8 	 97016.32345009815 
35.82 	 97051.68440491217 
35.84 	 97019.11958262043 
35.86 	 96939.57695850436 
35.88 	 96836.16406899781 
35.9 	 96728.35391710547 
35.92 	 96640.14799691072 
35.94 	 96592.91957050633 
35.96 	 96611.75007555493 
35.98 	 96724.57711418928 
36.0 	 96957.72286258859 
36.02 	 97349.8820416018 
36.04 	 97926.61603201518 
36.06 	 98739.8062633644 
36.08 	 99809.02395706967 
36.1 	 101199.9683090568 
36.12 	 102918.23064174273 
36.14 	 105043.20617790055 
36.16 	 107556.94412113931 
36.18 	 110552.62179902909 
36.2 	 113978.17426797692 
36.22 	 117940.59067863281 
36.24 	 122341.62594634751 
36.26 	 127300.56867014906 
36.28 	 132659.20609679577 
36.3 	 138544.60529603314 
36.32 	 144725.41214352168 
36.34 	 151328.89423253233 
36.36 	 158044.30238469166 
36.38 	 164990.10000320704 
36.4 	 171785.7666445784 
36.42 	 178532.6599984214 
36.44 	 184813.20442276244 
36.46 	 190705.12510196748 
36.48 	 195809.49887992995 
36.5 	 200175.2092474801 
36.52 	 203490.0566165532 
36.54 	 205769.24123540023 
36.56 	 206848.79449579818 
36.58 	 206705.81214754828 
36.6 	 205359.9802858926 
36.62 	 202747.898661818 
36.64 	 199071.34335976985 
36.66 	 194228.3994413863 
36.68 	 188567.05845664284 
36.7 	 181954.78532373125 
36.72 	 174829.4365808502 
36.74 	 167041.15583023263 
36.76 	 159058.10594172438 
36.78 	 150729.04811614787 
36.8 	 142502.86494210438 
36.82 	 134241.57033287353 
36.84 	 126341.09649996569 
36.86 	 118686.75879441632 
36.88 	 111603.74098117849 
36.9 	 105004.95489959509 
36.92 	 99139.71990561506 
36.94 	 93948.13362048341 
36.96 	 89606.89563527482 
36.98 	 86080.25780198902 
37.0 	 83479.23762028765 
37.02 	 81788.32354867825 
37.04 	 81058.96401690862 
37.06 	 81291.9607199871 
37.08 	 82481.07598416119 
37.1 	 84640.04735193348 
37.12 	 87701.53461937972 
37.14 	 91690.30643517469 
37.16 	 96471.12758443328 
37.18 	 102080.58833743048 
37.2 	 108309.77791364974 
37.22 	 115211.15274577952 
37.24 	 122502.60820764904 
37.26 	 130258.69827339872 
37.28 	 138135.0156876766 
37.3 	 146234.01246390806 
37.32 	 154171.80950029514 
37.34 	 162081.3184524152 
37.36 	 169572.27253521455 
37.38 	 176806.17590053004 
37.4 	 183425.02461629303 
37.42 	 189613.9130197962 
37.44 	 195084.1611861657 
37.46 	 200039.05443618438 
37.48 	 204285.67294950652 
37.5 	 208041.31884029458 
37.52 	 211215.00748799826 
37.54 	 214033.46224777875 
37.56 	 216486.45347094556 
37.58 	 218800.81743479375 
37.6 	 220998.97158128492 
37.62 	 223290.82410085347 
37.64 	 225668.44603197975 
37.66 	 228302.60655698171 
37.68 	 231099.77083893953 
37.7 	 234172.534293951 
37.72 	 237319.33506099824 
37.74 	 240587.60992616887 
37.76 	 243693.70232275024 
37.78 	 246627.85565816058 
37.8 	 249094.9703706379 
37.82 	 251045.96847648016 
37.84 	 252265.67416208793 
37.86 	 252684.28565151335 
37.88 	 252243.38329913185 
37.9 	 250864.0688728195 
37.92 	 248676.57768907904 
37.94 	 245594.51985990754 
37.96 	 241912.88335965225 
37.98 	 237530.800659138 
38.0 	 232841.27646159448 
38.02 	 227717.49349516715 
38.04 	 222569.1903614582 
38.06 	 217232.62496498864 
38.08 	 212067.42904949505 
38.1 	 206867.26466958804 
38.12 	 201907.90841406272 
38.14 	 196944.1402361607 
38.16 	 192172.0882920303 
38.18 	 187323.0802380284 
38.2 	 182548.20171034252 
38.22 	 177581.10608668113 
38.24 	 172575.7288353099 
38.26 	 167297.61193357522 
38.28 	 161942.8590914727 
38.3 	 156331.80678329055 
38.32 	 150715.13055902862 
38.34 	 144974.774506386 
38.36 	 139395.81373562093 
38.38 	 133910.0010120749 
38.4 	 128794.53651191185 
38.42 	 124007.28121572937 
38.44 	 119773.40282799756 
38.46 	 116053.2589545773 
38.48 	 112991.68977219224 
38.5 	 110537.75953975394 
38.52 	 108750.04708536048 
38.54 	 107564.7942816211 
38.56 	 106966.2579592595 
38.58 	 106884.68402229277 
38.6 	 107251.0250474996 
38.62 	 107999.2498458418 
38.64 	 109030.41775095717 
38.66 	 110291.72890847735 
38.68 	 111677.44055229057 
38.7 	 113156.97177129118 
38.72 	 114639.5272091205 
38.74 	 116125.5280595262 
38.76 	 117557.01349277266 
38.78 	 118972.75234693252 
38.8 	 120356.6309789267 
38.82 	 121788.69207665103 
38.84 	 123289.53615962777 
38.86 	 124976.31416818658 
38.88 	 126885.48619383706 
38.9 	 129160.58606179948 
38.92 	 131822.11836984783 
38.94 	 135027.7910637536 
38.96 	 138749.27672607295 
38.98 	 143152.3187377893 
39.0 	 148135.7793962368 
39.02 	 153878.43223685242 
39.04 	 160195.20880725296 
39.06 	 167291.99616020435 
39.08 	 174896.68817441774 
39.1 	 183255.86226629512 
39.12 	 192005.08339658132 
39.14 	 201432.47007015237 
39.16 	 211067.38521311907 
39.18 	 221220.18312745675 
39.2 	 231298.73978452734 
39.22 	 241598.2714135019 
39.24 	 251411.7562595661 
39.26 	 260974.15944889304 
39.28 	 269521.31754718965 
39.3 	 277188.2082848626 
39.32 	 283277.36182520643 
39.34 	 287800.799939909 
39.36 	 290298.67582185566 
39.38 	 290661.95654258115 
39.4 	 288829.6874477537 
39.42 	 284600.9893194216 
39.44 	 278391.86576956196 
39.46 	 269957.37877071596 
39.48 	 260135.09488900533 
39.5 	 248680.9796884158 
39.52 	 236674.03086735788 
39.54 	 223890.90966575357 
39.56 	 211417.31646141762 
39.58 	 199040.54433017044 
39.6 	 187655.88537392393 
39.62 	 177039.2290131542 
39.64 	 167796.84417201343 
39.66 	 159683.37880175165 
39.68 	 153019.72079300665 
39.7 	 147552.05475630582 
39.72 	 143383.48758613167 
39.74 	 140278.93904227382 
39.76 	 138207.7819411723 
39.78 	 136978.56076526287 
39.8 	 136494.4115536631 
39.82 	 136617.6749036999 
39.84 	 137224.666121571 
39.86 	 138225.36443413812 
39.88 	 139486.2706799928 
39.9 	 140950.15826280572 
39.92 	 142482.05075344496 
39.94 	 144044.41250522996 
39.96 	 145512.40841247418 
39.98 	 146863.3429498587 
40.0 	 148000.74765360833 
40.02 	 148919.67074413926 
40.04 	 149570.7015824853 
40.06 	 149971.43209548216 
40.08 	 150128.21333651783 
40.1 	 150081.21503392537 
40.12 	 149884.1116083535 
40.14 	 149591.80671855493 
40.16 	 149281.01701139397 
40.18 	 149007.8850799054 
40.2 	 148841.46457041963 
40.22 	 148826.1257968511 
40.24 	 148998.52553099862 
40.26 	 149385.14745355677 
40.28 	 149980.39322768193 
40.3 	 150796.5705075251 
40.32 	 151792.07076439288 
40.34 	 152976.14531699254 
40.36 	 154286.93322164926 
40.38 	 155742.42519102662 
40.4 	 157275.07164650172 
40.42 	 158916.494816551 
40.44 	 160597.97896777187 
40.46 	 162358.63433479966 
40.48 	 164121.59846475732 
40.5 	 165918.4372911981 
40.52 	 167653.33695341542 
40.54 	 169334.198449124 
40.56 	 170844.44789878672 
40.58 	 172160.29196573867 
40.6 	 173161.30343864425 
40.62 	 173797.108128246 
40.64 	 173978.08915046602 
40.66 	 173643.3396567456 
40.68 	 172773.26018493192 
40.7 	 171315.2023425798 
40.72 	 169344.2911836721 
40.74 	 166828.28428876505 
40.76 	 163933.50362128284 
40.78 	 160648.4664056818 
40.8 	 157199.1388322321 
40.82 	 153585.33289096216 
40.84 	 150047.016733812 
40.86 	 146583.4629180026 
40.88 	 143407.39211825177 
40.9 	 140510.8441719482 
40.92 	 138054.21647075177 
40.94 	 136023.01708905373 
40.96 	 134516.3747474052 
40.98 	 133517.32202737764 
41.0 	 133062.77155398077 
41.02 	 133134.36956384443 
41.04 	 133706.19672098092 
41.06 	 134753.68480910498 
41.08 	 136187.29830593447 
41.1 	 137968.64272594353 
41.12 	 139950.64201424425 
41.14 	 142077.61058110022 
41.16 	 144166.51101725138 
41.18 	 146150.45306623602 
41.2 	 147849.7233784906 
41.22 	 149201.5495836215 
41.24 	 150077.69652900187 
41.26 	 150437.86050523014 
41.28 	 150244.93615075538 
41.3 	 149493.85014424118 
41.32 	 148252.63371693422 
41.34 	 146552.1339179427 
41.36 	 144546.62767888882 
41.38 	 142290.18229805338 
41.4 	 139978.2400814938 
41.42 	 137666.10846401512 
41.44 	 135535.75023871128 
41.46 	 133619.81519795387 
41.48 	 132040.62462833145 
41.5 	 130789.94114814962 
41.52 	 129905.56399923495 
41.54 	 129331.4042160551 
41.56 	 129022.74846868266 
41.58 	 128882.54528741918 
41.6 	 128811.54590413769 
41.62 	 128691.49626333865 
41.64 	 128415.22310822387 
41.66 	 127870.91444418828 
41.68 	 126994.73113892539 
41.7 	 125708.31638779063 
41.72 	 124028.94492899599 
41.74 	 121928.38973972424 
41.76 	 119514.05022312544 
41.78 	 116807.3338495004 
41.8 	 113981.88674641983 
41.82 	 111091.09298583027 
41.84 	 108328.46197825472 
41.86 	 105752.32650648225 
41.88 	 103526.66278731171 
41.9 	 101690.14528109816 
41.92 	 100342.59306637627 
41.94 	 99490.0344301798 
41.96 	 99155.97769364367 
41.98 	 99314.39756203014 
42.0 	 99919.70302208165 
42.02 	 100923.28235687608 
42.04 	 102228.64915576596 
42.06 	 103776.1519925996 
42.08 	 105440.33489719448 
42.1 	 107159.76129560493 
42.12 	 108802.35103364181 
42.14 	 110311.27093347645 
42.16 	 111569.94184652495 
42.18 	 112531.14450870686 
42.2 	 113114.59924476739 
42.22 	 113287.29567277576 
42.24 	 113021.31005835 
42.26 	 112301.24316013533 
42.28 	 111158.16284855801 
42.3 	 109594.71527477664 
42.32 	 107695.21859406432 
42.34 	 105476.6870927898 
42.36 	 103059.68545424385 
42.38 	 100468.28246310551 
42.4 	 97835.94989560178 
42.42 	 95184.6118848537 
42.44 	 92637.18574411454 
42.46 	 90204.33787195108 
42.48 	 87979.7538394195 
42.5 	 85955.41423733746 
42.52 	 84184.6807797324 
42.54 	 82636.63197126109 
42.56 	 81322.29902719581 
42.58 	 80188.68774290707 
42.6 	 79212.39852890006 
42.62 	 78325.7201804078 
42.64 	 77487.89240021695 
42.66 	 76629.81475522091 
42.68 	 75715.64353307699 
42.7 	 74690.36827213553 
42.72 	 73543.11611795459 
42.74 	 72244.3875444753 
42.76 	 70817.9547699035 
42.78 	 69261.74203554672 
42.8 	 67629.21371050813 
42.82 	 65936.97376097887 
42.84 	 64251.39391924645 
42.86 	 62592.72645804574 
42.88 	 61020.213280541204 
42.9 	 59543.90026589813 
42.92 	 58201.853819774034 
42.94 	 56987.25861078311 
42.96 	 55913.6452118171 
42.98 	 54959.159888740556 
43.0 	 54118.61268856031 
43.02 	 53362.138293116535 
43.04 	 52675.51304311357 
43.06 	 52028.27468411458 
43.08 	 51405.594151149264 
43.1 	 50781.00789967218 
43.12 	 50143.86969886224 
43.14 	 49473.03453138168 
43.16 	 48763.565736480334 
43.18 	 47998.99646963445 
43.2 	 47179.89649997525 
43.22 	 46293.33818039586 
43.24 	 45344.685431965285 
43.26 	 44323.68786805183 
43.28 	 43239.84779646524 
43.3 	 42085.287643564756 
43.32 	 40873.33668984696 
43.34 	 39598.903536273196 
43.36 	 38279.313381739565 
43.38 	 36913.255884580394 
43.4 	 35522.27982531235 
43.42 	 34109.55022797677 
43.44 	 32699.95500573369 
43.46 	 31300.11364771212 
43.48 	 29935.129131047564 
43.5 	 28611.590904526656 
43.52 	 27349.75053876597 
43.54 	 26151.338520393798 
43.56 	 25027.01139600127 
43.58 	 23970.23316828164 
43.6 	 22980.632752105936 
43.62 	 22043.948873107965 
43.64 	 21152.100047555457 
43.66 	 20287.80116534173 
43.68 	 19441.85493784753 
43.7 	 18600.303283944093 
43.72 	 17759.14586079687 
43.74 	 16912.21571081826 
43.76 	 16063.495274993895 
43.78 	 15215.02872847032 
43.8 	 14377.168821076846 
43.82 	 13556.990656310647 
43.84 	 12766.918696071587 
43.86 	 12014.613776877502 
43.88 	 11310.346149949979 
43.9 	 10659.065888248952 
43.92 	 10066.659627855042 
43.94 	 9534.277904251028 
43.96 	 9063.419497691806 
43.98 	 8652.08040466655 
44.0 	 8298.588781316173 
44.02 	 7999.004600019692 
44.04 	 7749.773861512876 
44.06 	 7545.9660700194645 
44.08 	 7382.999174447792 
44.1 	 7255.517960997137 
44.12 	 7158.516354176335 
44.14 	 7086.749634215994 
44.16 	 7035.496755509454 
44.18 	 7000.3441594437245 
44.2 	 6977.665581850921 
44.22 	 6964.539763785096 
44.24 	 6958.921926829651 
44.26 	 6959.500992683115 
44.28 	 6965.578430160557 
44.3 	 6976.846054362616 
44.32 	 6993.114482260318 
44.34 	 7014.1624501410715 
44.36 	 7039.516640631228 
44.38 	 7068.530155613239 
44.4 	 7100.3168268480085 
44.42 	 7134.051126945289 
44.44 	 7168.976393845105 
44.46 	 7204.7454932567 
44.48 	 7241.3247735122895 
44.5 	 7279.191742494417 
44.52 	 7319.037629317397 
44.54 	 7361.813249974054 
44.56 	 7408.3079685794755 
44.58 	 7459.216572922014 
44.6 	 7514.76474976431 
44.62 	 7574.982178363361 
44.64 	 7639.464678296734 
44.66 	 7707.876251197607 
44.68 	 7779.767840008701 
44.7 	 7855.1575854122575 
44.72 	 7934.230791342531 
44.74 	 8017.830913549929 
44.76 	 8106.929383072042 
44.78 	 8203.011342293155 
44.8 	 8307.354599280892 
44.82 	 8421.465465585183 
44.84 	 8546.289538657522 
44.86 	 8682.883029276718 
44.88 	 8831.609568633752 
44.9 	 8993.10133541843 
44.92 	 9167.340788119967 
44.94 	 9354.810222846096 
44.96 	 9555.267048948905 
44.98 	 9768.956618166896 
45.0 	 9994.958928536687 
45.02 	 10232.470011084491 
45.04 	 10478.781807972882 
45.06 	 10730.788258922865 
45.08 	 10982.831352848449 
45.1 	 11228.595472647727 
45.12 	 11459.128761150243 
45.14 	 11665.1028537898 
45.16 	 11835.317885392295 
45.18 	 11959.015195126887 
45.2 	 12025.148959882226 
45.22 	 12024.193606229275 
45.24 	 11948.40938679109 
45.26 	 11792.49883119116 
45.28 	 11554.949864145487 
45.3 	 11237.026618924232 
45.32 	 10845.034644359033 
45.34 	 10387.487870803378 
45.36 	 9877.915125613401 
45.38 	 9330.54988469847 
45.4 	 8763.237412716471 
45.42 	 8192.457763057508 
45.44 	 7636.0396605735705 
45.46 	 7108.5152829509125 
45.48 	 6623.57000813076 
45.5 	 6190.520128880935 
45.52 	 5816.541412670779 
45.54 	 5504.567806117749 
45.56 	 5255.2860249192645 
45.58 	 5066.252319011338 
45.6 	 4933.525917529097 
45.62 	 4851.539566536178 
45.64 	 4814.2209440258375 
45.66 	 4815.185927479835 
45.68 	 4848.297562521902 
45.7 	 4907.945389653043 
45.72 	 4989.122572519436 
45.74 	 5087.729928769681 
45.76 	 5200.309471669356 
45.78 	 5324.380174792484 
45.8 	 5457.9345064802355 
45.82 	 5599.804448879455 
45.84 	 5748.966845513599 
45.86 	 5904.925959958202 
45.88 	 6066.845404453245 
45.9 	 6233.95618781573 
45.92 	 6404.556804264957 
45.94 	 6576.501468524239 
45.96 	 6746.171866050394 
45.98 	 6909.131804842355 
46.0 	 7059.2466956945045 
46.02 	 7189.565544179611 
46.04 	 7291.807292143952 
46.06 	 7357.416378422637 
46.08 	 7377.601634235146 
46.1 	 7344.320369308652 
46.12 	 7250.92495349967 
46.14 	 7092.656303284573 
46.16 	 6867.767217131227 
46.18 	 6577.095803643143 
46.2 	 6225.389408156173 
46.22 	 5819.769828589709 
46.24 	 5370.967311520751 
46.26 	 4890.903386548837 
46.28 	 4393.673241078589 
46.3 	 3892.8309792028417 
46.32 	 3402.145254033986 
46.34 	 2933.258908548008 
46.36 	 2496.3622487192815 
46.38 	 2098.6744524188834 
46.4 	 1745.1628539879096 
46.42 	 1437.914684671776 
46.44 	 1176.9167644527834 
46.46 	 960.0746127399703 
46.48 	 783.9570751519374 
46.5 	 644.1059925181145 
46.52 	 535.6221963496502 
46.54 	 453.4782958921768 
46.56 	 392.8772890943147 
46.58 	 349.43093989819033 
46.6 	 319.3049835938724 
46.62 	 299.25524776728895 
46.64 	 286.6288955246356 
46.66 	 279.3137941979997 
46.68 	 275.67440247327033 
46.7 	 274.4743107732959 
46.72 	 274.8025487346264 
46.74 	 276.00562243454044 
46.76 	 277.62978447862076 
46.78 	 279.37402487719476 
46.8 	 281.05230879842037 
46.82 	 282.5646547367531 
46.84 	 283.87399775738237 
46.86 	 284.9884339279529 
46.88 	 285.94627792895756 
46.9 	 286.80391580658323 
46.92 	 287.62480090048865 
46.94 	 288.4699683978444 
46.96 	 289.38914142461954 
46.98 	 290.4130946468611 
47.0 	 291.54674676333804 
47.02 	 292.763959330879 
47.04 	 294.00360476630226 
47.06 	 295.1681893310646 
47.08 	 296.1245001679497 
47.1 	 296.70757097163687 
47.12 	 296.7273048243323 
47.14 	 295.9783947850974 
47.16 	 294.2529318510948 
47.18 	 291.35481378360817 
47.2 	 287.1158565242051 
47.22 	 281.4105831125021 
47.24 	 274.170842748213 
47.26 	 265.3951057723459 
47.28 	 255.1557930771472 
47.3 	 243.5979662225319 
47.32 	 230.9356692669067 
47.34 	 217.43865578251672 
47.36 	 203.41856957251107 
47.38 	 189.2075943083404 
47.4 	 175.1400134515738 
47.42 	 161.5303785410756 
47.44 	 148.65814949314836 
47.46 	 136.75304041259966 
47.48 	 125.98869015578393 
47.5 	 116.47933020729546 
47.52 	 108.28412693512499 
47.54 	 101.4144380662073 
47.56 	 95.84642137164674 
47.58 	 91.53502506007213 
47.6 	 88.43058359820905 
47.62 	 86.49538882459741 
47.64 	 85.7207784373021 
47.66 	 86.14333839966005 
47.68 	 87.86018455268842 
47.7 	 91.04244254289735 
47.72 	 95.94595898817158 
47.74 	 102.91821374197917 
47.76 	 112.39895202811218 
47.78 	 124.9141288668566 
47.8 	 141.05889021103698 
47.82 	 161.47159453792025 
47.84 	 186.79354616948004 
47.86 	 217.6219617254566 
47.88 	 254.44887130823173 
47.9 	 297.6037703026927 
47.92 	 347.1863308229272 
47.94 	 403.022255005301 
47.96 	 464.6131766382988 
47.98 	 531.1341882815426 
48.0 	 601.4219760125695 
48.02 	 674.0327591015006 
48.04 	 747.2743098142022 
48.06 	 819.3203538262779 
48.08 	 888.2710503500905 
48.1 	 952.295295470019 
48.12 	 1009.690228021243 
48.14 	 1059.010348087117 
48.16 	 1099.0986641874092 
48.18 	 1129.1681950809175 
48.2 	 1148.7937189246072 
48.22 	 1157.9319912628325 
48.24 	 1156.882591705095 
48.26 	 1146.2550396881115 
48.28 	 1126.918147951977 
48.3 	 1099.9342016741462 
48.32 	 1066.514614567205 
48.34 	 1027.941493433005 
48.36 	 985.5384844128538 
48.38 	 940.5941492601199 
48.4 	 894.3488796300668 
48.42 	 847.929020423576 
48.44 	 802.3477464320376 
48.46 	 758.4557615820667 
48.48 	 716.9543506544237 
48.5 	 678.3657979264613 
48.52 	 643.0567825206621 
48.54 	 611.2277451116745 
48.56 	 582.9431781414662 
48.58 	 558.1351783465918 
48.6 	 536.6357308494008 
48.62 	 518.1880847441432 
48.64 	 502.4768487633863 
48.66 	 489.1421966984316 
48.68 	 477.8059157871844 
48.7 	 468.08578567718615 
48.72 	 459.6172990453869 
48.74 	 452.06629817490597 
48.76 	 445.1454542342089 
48.78 	 438.62224920210355 
48.8 	 432.3277659396507 
48.82 	 426.15651843991577 
48.84 	 420.065432991371 
48.86 	 414.06426407704237 
48.88 	 408.20591704002146 
48.9 	 402.5707897717501 
48.92 	 397.2540232030234 
48.94 	 392.3509421802672 
48.96 	 387.94886154757114 
48.98 	 384.1206815766739 
49.0 	 380.92636378934776 
49.02 	 378.417220768476 
49.04 	 376.6462601466061 
49.06 	 375.67942873533843 
49.08 	 375.60835845434735 
49.1 	 376.56058487117485 
49.12 	 378.70621716312013 
49.14 	 382.25953406392983 
49.16 	 387.4736088571593 
49.18 	 394.6302922853102 
49.2 	 404.022353387535 
49.22 	 415.9349621423765 
49.24 	 430.62034971616583 
49.26 	 448.2785057977683 
49.28 	 469.0321050333177 
49.3 	 492.9151455922945 
49.32 	 519.8548163749663 
49.34 	 549.6740032713891 
49.36 	 582.0824548176147 
49.38 	 616.6937837527754 
49.4 	 653.0229806508166 
49.42 	 690.513187335402 
49.44 	 728.533212412937 
49.46 	 766.4070940739941 
49.48 	 803.4063814167853 
49.5 	 838.7779042437983 
49.52 	 871.7315058437778 
49.54 	 901.4672076825279 
49.56 	 927.1663505977882 
49.58 	 948.0239046395222 
49.6 	 963.2541502631362 
49.62 	 972.1324303275469 
49.64 	 974.0218162355142 
49.66 	 968.4202576569289 
49.68 	 955.0036379454147 
49.7 	 933.6638057852638 
49.72 	 904.5523350373222 
49.74 	 868.089781795271 
49.76 	 824.9903521718331 
49.78 	 776.2278609362094 
49.8 	 723.0276257577925 
49.82 	 666.7889010145877 
49.84 	 609.0442137701034 
49.86 	 551.3550456823352 
49.88 	 495.253874349428 
49.9 	 442.1412783937718 
49.92 	 393.2346727509925 
49.94 	 349.4951435361066 
49.96 	 311.6045990778098 
49.98 	 279.9391956141875 
50.0 	 254.584398287175 
50.02 	 235.35423801914746 
50.04 	 221.8378171538504 
50.06 	 213.44835694430867 
50.08 	 209.48322620424878 
50.1 	 209.1803533285038 
50.12 	 211.77216829930788 
50.14 	 216.53093058158657 
50.16 	 222.80409212454697 
50.18 	 230.0402131982889 
50.2 	 237.8033950757267 
50.22 	 245.7809650988627 
50.24 	 253.78157653600724 
50.26 	 261.72996991437316 
50.28 	 269.65434651689134 
50.3 	 277.6725083863 
50.32 	 285.971591676284 
50.34 	 294.7875975152151 
50.36 	 304.3791402963426 
50.38 	 315.00282367155575 
50.4 	 326.8845769451356 
50.42 	 340.1966862992026 
50.44 	 355.03353620534267 
50.46 	 371.39848950051976 
50.48 	 389.1914152988473 
50.5 	 408.2117913034685 
50.52 	 428.161503591565 
50.54 	 448.6649567659032 
50.56 	 469.28495338998005 
50.58 	 489.5548655150722 
50.6 	 509.0013527006747 
50.62 	 527.180439528332 
50.64 	 543.6993314101295 
50.66 	 558.2471415272056 
50.68 	 570.6078888727665 
50.7 	 580.6769511642841 
50.72 	 588.4587281726488 
50.74 	 594.0632778564129 
50.76 	 597.6872936461004 
50.78 	 599.5933647099996 
50.8 	 600.0815795965134 
50.82 	 599.46304808421 
50.84 	 598.0357519568822 
50.86 	 596.0666926499425 
50.88 	 593.7826830607816 
50.9 	 591.3676160489324 
50.92 	 588.9674890932669 
50.94 	 586.6968540868021 
50.96 	 584.6473929947723 
50.98 	 582.8923060607335 
51.0 	 581.4888657122692 
51.02 	 580.4762020179191 
51.04 	 579.8728217932199 
51.06 	 579.6740179766555 
51.08 	 579.8532241803787 
51.1 	 580.3675483102564 
51.12 	 581.1678722126518 
51.14 	 582.2117959339058 
51.16 	 583.4759639747707 
51.18 	 584.9655356183395 
51.2 	 586.7167354708996 
51.22 	 588.7931058439663 
51.24 	 591.2739268770391 
51.26 	 594.2398941725677 
51.28 	 597.7564181003828 
51.3 	 601.8621879912423 
51.32 	 606.5613613442291 
51.34 	 611.8263394858009 
51.36 	 617.6043083815848 
51.38 	 623.832844297781 
51.4 	 630.4531695016185 
51.42 	 637.4269932330707 
51.44 	 644.7442818899807 
51.46 	 652.4313550521669 
51.48 	 660.5478073620225 
51.5 	 669.1856407730667 
51.52 	 678.4592137928065 
51.54 	 688.5015926444055 
51.56 	 699.4530345715642 
51.58 	 711.457997830852 
51.6 	 724.6515922176477 
51.62 	 739.1540873295971 
51.64 	 755.0498789658907 
51.66 	 772.3753281303038 
51.68 	 791.0882289358356 
51.7 	 811.0520199657548 
51.72 	 832.0032318673859 
51.74 	 853.5439183536549 
51.76 	 875.121347765231 
51.78 	 896.0421794715087 
51.8 	 915.4765800317897 
51.82 	 932.4997708769797 
51.84 	 946.123254371705 
51.86 	 955.3567863202992 
51.88 	 959.2588403639953 
51.9 	 957.0020155728697 
51.92 	 947.9284159955255 
51.94 	 931.5981545738757 
51.96 	 907.8343379315667 
51.98 	 876.737905544669 
52.0 	 838.7102022820371 
52.02 	 794.4261126647831 
52.04 	 744.8286625310536 
52.06 	 691.0640257398945 
52.08 	 634.4512819172962 
52.1 	 576.3945102738577 
52.12 	 518.3397791820543 
52.14 	 461.68715529152973 
52.16 	 407.7524404770748 
52.18 	 357.7016618007418 
52.2 	 312.5331721773566 
52.22 	 273.0477986763653 
52.24 	 239.85711605005713 
52.26 	 213.38730406508458 
52.28 	 193.90601747832832 
52.3 	 181.5442525520287 
52.32 	 176.32472408733958 
52.34 	 178.18107922929394 
52.36 	 186.97120724832467 
52.38 	 202.48047242188352 
52.4 	 224.4146420857756 
52.42 	 252.38988325236988 
52.44 	 285.91604242156575 
52.46 	 324.3917645101989 
52.48 	 367.09918549460554 
52.5 	 413.22701707228134 
52.52 	 461.89388947601714 
52.54 	 512.2104605522188 
52.56 	 563.3307620665918 
52.58 	 614.5415975233847 
52.6 	 665.3193102900171 
52.62 	 715.4149297783009 
52.64 	 764.8817359213551 
52.66 	 814.120753333466 
52.68 	 863.8499972207916 
52.7 	 915.0897099644011 
52.72 	 969.0631429881068 
52.74 	 1027.1257436008332 
52.76 	 1090.6089674767259 
52.78 	 1160.7212268251824 
52.8 	 1238.362799710603 
52.82 	 1324.04326639487 
52.84 	 1417.7061972334284 
52.86 	 1518.7169322510044 
52.88 	 1625.7401302347996 
52.9 	 1736.8477845702105 
52.92 	 1849.4844724220686 
52.94 	 1960.71742588904 
52.96 	 2067.2951006361395 
52.98 	 2166.005426509503 
53.0 	 2253.7873996979274 
53.02 	 2328.10045916765 
53.04 	 2387.010873089663 
53.06 	 2429.445469669808 
53.08 	 2455.1763590390074 
53.1 	 2464.86820764958 
53.12 	 2459.9370858643356 
53.14 	 2442.3925836138146 
53.16 	 2414.6223674722214 
53.18 	 2379.12504686599 
53.2 	 2338.321570049972 
53.22 	 2294.3118002877713 
53.24 	 2248.802478628292 
53.26 	 2202.9802128164333 
53.28 	 2157.5820978691468 
53.3 	 2112.8943716335784 
53.32 	 2068.920519275258 
53.34 	 2025.4459589446967 
53.36 	 1982.2240610553044 
53.38 	 1939.0300858142195 
53.4 	 1895.8006709243855 
53.42 	 1852.6307636904837 
53.44 	 1809.8453034078182 
53.46 	 1767.9388360982084 
53.48 	 1727.596221437999 
53.5 	 1689.6042552628514 
53.52 	 1654.8509498924168 
53.54 	 1624.2403113178173 
53.56 	 1598.6888663040206 
53.58 	 1579.058679693082 
53.6 	 1566.1518871722212 
53.62 	 1560.6619368368629 
53.64 	 1563.1583103491992 
53.66 	 1574.053800541334 
53.68 	 1593.576447035262 
53.7 	 1621.7584723276746 
53.72 	 1658.401275134526 
53.74 	 1703.0967262038303 
53.76 	 1755.1917636621974 
53.78 	 1813.846668305234 
53.8 	 1877.997094282265 
53.82 	 1946.442019396824 
53.84 	 2017.7944395145444 
53.86 	 2090.5872873907165 
53.88 	 2163.21101611559 
53.9 	 2234.03421819392 
53.92 	 2301.3433995572573 
53.94 	 2363.484736444094 
53.96 	 2418.8302826446898 
53.98 	 2465.940206216914 
54.0 	 2503.5654556865798 
54.02 	 2530.8027873572782 
54.04 	 2547.113408566364 
54.06 	 2552.4175264832743 
54.08 	 2547.0888900523414 
54.1 	 2531.9414482899288 
54.12 	 2508.174472549583 
54.14 	 2477.2496329328765 
54.16 	 2440.8048811106405 
54.18 	 2400.478010094758 
54.2 	 2357.8446599346858 
54.22 	 2314.269383666193 
54.24 	 2270.9186904735398 
54.26 	 2228.6901829603416 
54.28 	 2188.3036186528707 
54.3 	 2150.2953072395917 
54.32 	 2115.1358216829058 
54.34 	 2083.231365883574 
54.36 	 2055.0012938834802 
54.38 	 2030.8365330317417 
54.4 	 2011.107001951765 
54.42 	 1996.07953378333 
54.44 	 1985.8837815640577 
54.46 	 1980.4415913802509 
54.48 	 1979.4512288808726 
54.5 	 1982.3836398643389 
54.52 	 1988.5237154765534 
54.54 	 1997.0430620547957 
54.56 	 2007.0826858604487 
54.58 	 2017.8548728315757 
54.6 	 2028.7099147660283 
54.62 	 2039.19794916547 
54.64 	 2049.067060211632 
54.66 	 2058.2463521259833 
54.68 	 2066.7695004203083 
54.7 	 2074.698596472912 
54.72 	 2082.019643246459 
54.74 	 2088.5689426250474 
54.76 	 2093.9673026051296 
54.78 	 2097.6080123996526 
54.8 	 2098.673091128409 
54.82 	 2096.1990861288696 
54.84 	 2089.1705739213626 
54.86 	 2076.6278215109883 
54.88 	 2057.7917954544355 
54.9 	 2032.1486818473822 
54.92 	 1999.5492534496966 
54.94 	 1960.2139619444647 
54.96 	 1914.7697618752795 
54.98 	 1864.1579711105737 
55.0 	 1809.60905732031 
55.02 	 1752.481406842189 
55.04 	 1694.2084606154378 
55.06 	 1636.12627820528 
55.08 	 1579.4407540623406 
55.1 	 1525.101283904174 
55.12 	 1473.822267542249 
55.14 	 1426.0309280972654 
55.16 	 1381.944544252446 
55.18 	 1341.5795069773824 
55.2 	 1304.8527607547985 
55.22 	 1271.6101214540683 
55.24 	 1241.7074394173385 
55.26 	 1215.015513894104 
55.28 	 1191.4516012391582 
55.3 	 1170.9445046579483 
55.32 	 1153.4199453870697 
55.34 	 1138.7437932815046 
55.36 	 1126.693605769648 
55.38 	 1116.9172638208597 
55.4 	 1108.9291805796904 
55.42 	 1102.1138887614165 
55.44 	 1095.7662477499157 
55.46 	 1089.1411138884712 
55.48 	 1081.5258979691505 
55.5 	 1072.3073725337415 
55.52 	 1061.0419622249003 
55.54 	 1047.4978893737102 
55.56 	 1031.6871702020967 
55.58 	 1013.8531352197963 
55.6 	 994.4483298834645 
55.62 	 974.0667515718654 
55.64 	 953.381423235372 
55.66 	 933.0503887293127 
55.68 	 913.6495933376087 
55.7 	 895.5951294576719 
55.72 	 879.1090039825109 
55.74 	 864.1902758075554 
55.76 	 850.6327747825031 
55.78 	 838.0510248527924 
55.8 	 825.9410603981258 
55.82 	 813.7388012536337 
55.84 	 800.8937275257092 
55.86 	 786.9231522254901 
55.88 	 771.4649541127045 
55.9 	 754.2976259085004 
55.92 	 735.3532472270585 
55.94 	 714.6950147734838 
55.96 	 692.4952939859371 
55.98 	 668.9861763990419 
56.0 	 644.4256742414004 
56.02 	 619.0489867906003 
56.04 	 593.0488623106908 
56.06 	 566.549968282983 
56.08 	 539.6169442535823 
56.1 	 512.2568934985292 
56.12 	 484.4500281171315 
56.14 	 456.1679063257406 
56.16 	 427.4089507838386 
56.18 	 398.21324639353674 
56.2 	 368.6852259707682 
56.22 	 338.99181294095536 
56.24 	 309.3648247896629 
56.26 	 280.081752327616 
56.28 	 251.45253871735412 
56.3 	 223.7923172785729 
56.32 	 197.40379576621734 
56.34 	 172.55361817012118 
56.36 	 149.4604098696711 
56.38 	 128.28211037600798 
56.4 	 109.11402424797201 
56.42 	 91.98793686457198 
56.44 	 76.87867893978743 
56.46 	 63.711350508684994 
56.48 	 52.37208561822053 
56.5 	 42.718175734529225 
56.52 	 34.588914995221174 
56.54 	 27.814734233153867 
56.56 	 22.22538595477841 
56.58 	 17.65626052039172 
56.6 	 13.953220407161618 
56.62 	 10.975765009727729 
56.64 	 8.598579614430712 
56.66 	 6.7126819033558105 
56.68 	 5.22427540970092 
56.7 	 4.055241442177563 
56.72 	 3.1400641058667884 
56.74 	 2.4255045357610783 
56.76 	 1.8692514901398438 
56.78 	 1.4365677314173657 
56.8 	 1.100514002799199 
56.82 	 0.8399141670608248 
56.84 	 0.6382407016560935 
56.86 	 0.4820881076154751 
56.88 	 0.3620120713517133 
56.9 	 0.27181696084966617 
56.92 	 0.2016557092180102 
56.94 	 0.14898494197581497 
56.96 	 0.1053852660193011 
56.98 	 0.07454480149088458 
57.0 	 0.06088693938162285 
57.02 	 0.0430686742374301 
57.04 	 0.0 
57.06 	 0.0 
57.08 	 0.0 
57.1 	 0.0 
57.12 	 0.0 
57.14 	 0.0 
57.16 	 0.0 
57.18 	 0.0 
57.2 	 0.0 
57.22 	 0.0 
57.24 	 0.0 
57.26 	 0.0 
57.28 	 0.0 
57.3 	 0.0 
57.32 	 0.0 
57.34 	 0.0 
57.36 	 0.0 
57.38 	 0.0 
57.4 	 0.0 
57.42 	 0.0 
57.44 	 0.0 
57.46 	 0.0 
57.48 	 0.0 
57.5 	 0.0 
57.52 	 0.0 
57.54 	 0.0 
57.56 	 0.0 
57.58 	 0.0 
57.6 	 0.0 
57.62 	 0.0 
57.64 	 0.0 
57.66 	 0.0 
57.68 	 0.0 
57.7 	 0.0 
57.72 	 0.0 
57.74 	 0.0 
57.76 	 0.0 
57.78 	 0.0 
57.8 	 0.0 
57.82 	 0.0 
57.84 	 0.0 
57.86 	 0.0 
57.88 	 0.0 
57.9 	 0.0 
57.92 	 0.0 
57.94 	 0.0 
57.96 	 0.0 
57.98 	 0.0 
58.0 	 0.0 
58.02 	 0.0 
58.04 	 0.0 
58.06 	 0.0 
58.08 	 0.0 
58.1 	 0.0 
58.12 	 0.0 
58.14 	 0.0 
58.16 	 0.0 
58.18 	 0.0 
58.2 	 0.0 
58.22 	 0.0 
58.24 	 0.0 
58.26 	 0.0 
58.28 	 0.0 
58.3 	 0.0 
58.32 	 0.0 
58.34 	 0.0 
58.36 	 0.0 
58.38 	 0.0 
58.4 	 0.0 
58.42 	 0.0 
58.44 	 0.0 
58.46 	 0.0 
58.48 	 0.0 
58.5 	 0.0 
58.52 	 0.0 
58.54 	 0.0 
58.56 	 0.0 
58.58 	 0.0 
58.6 	 0.0 
58.62 	 0.0 
58.64 	 0.0 
58.66 	 0.0 
58.68 	 0.0 
58.7 	 0.0 
58.72 	 0.0 
58.74 	 0.0 
58.76 	 0.0 
58.78 	 0.0 
58.8 	 0.0 
58.82 	 0.0 
58.84 	 0.0 
58.86 	 0.0 
58.88 	 0.0 
58.9 	 0.0 
58.92 	 0.0 
58.94 	 0.0 
58.96 	 0.0 
58.98 	 0.0 
59.0 	 0.0 
59.02 	 0.0 
59.04 	 0.0 
59.06 	 0.0 
59.08 	 0.0 
59.1 	 0.0 
59.12 	 0.0 
59.14 	 0.0 
59.16 	 0.0 
59.18 	 0.0 
59.2 	 0.0 
59.22 	 0.0 
59.24 	 0.0 
59.26 	 0.0 
59.28 	 0.0 
59.3 	 0.0 
59.32 	 0.0 
59.34 	 0.0 
59.36 	 0.0 
59.38 	 0.0 
59.4 	 0.0 
59.42 	 0.0 
59.44 	 0.0 
59.46 	 0.0 
59.48 	 0.0 
59.5 	 0.0 
59.52 	 0.0 
59.54 	 0.0 
59.56 	 0.0 
59.58 	 0.0 
59.6 	 0.0 
59.62 	 0.0 
59.64 	 0.0 
59.66 	 0.0 
59.68 	 0.0 
59.7 	 0.0 
59.72 	 0.0 
59.74 	 0.0 
59.76 	 0.0 
59.78 	 0.0 
59.8 	 0.0 
59.82 	 0.0 
59.84 	 0.0 
59.86 	 0.0 
59.88 	 0.0 
59.9 	 0.0 
59.92 	 0.0 
59.94 	 0.0 
59.96 	 0.0 
59.98 	 0.0 
