0.0 	 0.0 
0.02 	 4.240665286564696 
0.04 	 8.774761692217533 
0.06 	 13.415467287254387 
0.08 	 17.979874880569312 
0.1 	 22.308643331005868 
0.12 	 26.283217396387162 
0.14 	 29.838460540138176 
0.16 	 32.96920185037521 
0.18 	 35.730033786409976 
0.2 	 38.228561417398986 
0.22 	 40.61305937955494 
0.24 	 43.05604417115461 
0.26 	 45.73557551343278 
0.28 	 48.81617276820884 
0.3 	 52.43111952340453 
0.32 	 56.66769509511955 
0.34 	 61.55657269078318 
0.36 	 67.06629569846646 
0.38 	 73.10339608021205 
0.4 	 79.5183438829617 
0.42 	 86.11710206430007 
0.44 	 92.67760548933983 
0.46 	 98.97000952593203 
0.48 	 104.77911032150261 
0.5 	 109.92699194892867 
0.52 	 114.29377400436215 
0.54 	 117.83436919199622 
0.56 	 120.58943331157056 
0.58 	 122.68917818944296 
0.6 	 124.34936163578863 
0.62 	 125.85948288133629 
0.64 	 127.56390760967061 
0.66 	 129.83724919313028 
0.68 	 133.05579657817208 
0.7 	 137.56709144311594 
0.72 	 143.6599296206951 
0.74 	 151.5371155264943 
0.76 	 161.2932466372316 
0.78 	 172.8996408338482 
0.8 	 186.19821347708816 
0.82 	 200.9056224865898 
0.84 	 216.62829578553627 
0.86 	 232.88803533090976 
0.88 	 249.1568053520857 
0.9 	 264.8981670401775 
0.92 	 279.6117745802234 
0.94 	 292.87657960706986 
0.96 	 304.3880737598588 
0.98 	 313.9851540490696 
1.0 	 321.6630645700427 
1.02 	 327.57029359159907 
1.04 	 331.9891326007776 
1.06 	 335.3016012219293 
1.08 	 337.9443340215873 
1.1 	 340.3575374255837 
1.12 	 342.93402649184776 
1.14 	 345.9744914517194 
1.16 	 349.65447618496546 
1.18 	 354.00714127077964 
1.2 	 358.9239047768342 
1.22 	 364.1727607524012 
1.24 	 369.43177634756745 
1.26 	 374.3332822490368 
1.28 	 378.51288256933566 
1.3 	 381.6568274715892 
1.32 	 383.54161048345713 
1.34 	 384.06083523111164 
1.36 	 383.2362714231201 
1.38 	 381.21230305071737 
1.4 	 378.2353097855924 
1.42 	 374.6215525003063 
1.44 	 370.71854678926974 
1.46 	 366.8655048869318 
1.48 	 363.3581513567127 
1.5 	 360.4221668207469 
1.52 	 358.1979089990768 
1.54 	 356.7372021622131 
1.56 	 356.0111930171091 
1.58 	 355.9268189834331 
1.6 	 356.3485117437661 
1.62 	 357.1214418409863 
1.64 	 358.09286679225374 
1.66 	 359.1288572152386 
1.68 	 360.12467346228397 
1.7 	 361.00816707219815 
1.72 	 361.73662398430304 
1.74 	 362.2883264506413 
1.76 	 362.65071139794696 
1.78 	 362.8073117912726 
1.8 	 362.72568587032595 
1.82 	 362.34829250304557 
1.84 	 361.5878012073372 
1.86 	 360.3276874358683 
1.88 	 358.42822509469465 
1.9 	 355.7372297432484 
1.92 	 352.10421899950376 
1.94 	 347.39613582726304 
1.96 	 341.51250957945143 
1.98 	 334.39796529304596 
2.0 	 326.05034625653144 
2.02 	 316.5233466733276 
2.04 	 305.92336508352975 
2.06 	 294.40114954089285 
2.08 	 282.13956121025876 
2.1 	 269.3392982784121 
2.12 	 256.20460632894 
2.14 	 242.93083019442477 
2.16 	 229.69518342269586 
2.18 	 216.65143363382828 
2.2 	 203.92846962072318 
2.22 	 191.63207568747978 
2.24 	 179.8488063754196 
2.26 	 168.65069161072378 
2.28 	 158.09960537186046 
2.3 	 148.25043952730886 
2.32 	 139.1526402836578 
2.34 	 130.8500794320401 
2.36 	 123.37955541672743 
2.38 	 116.76839709935858 
2.4 	 111.03166938716598 
2.42 	 106.16939032890852 
2.44 	 102.1640267333874 
2.46 	 98.97840869613299 
2.48 	 96.5541461599645 
2.5 	 94.8106652182968 
2.52 	 93.64509346876359 
2.54 	 92.93336513334911 
2.56 	 92.53302282061186 
2.58 	 92.28820104151075 
2.6 	 92.03714707661302 
2.62 	 91.6223655182884 
2.64 	 90.9031045458037 
2.66 	 89.76951118521907 
2.68 	 88.15746349613869 
2.7 	 86.06292644221024 
2.72 	 83.55472871911093 
2.74 	 80.78492114606212 
2.76 	 77.9962946025473 
2.78 	 75.52709594929134 
2.8 	 73.81334318915792 
2.82 	 73.38926906355928 
2.84 	 74.88621900118879 
2.86 	 79.02977287530389 
2.88 	 86.63402437081405 
2.9 	 98.59100999578494 
2.92 	 115.85248493671969 
2.94 	 139.40088637204 
2.96 	 170.20667596284176 
2.98 	 209.17048979976687 
3.0 	 257.05066609350683 
3.02 	 314.37958454672906 
3.04 	 381.37543946910694 
3.06 	 457.8590096716903 
3.08 	 543.1870259582437 
3.1 	 636.2142618373632 
3.12 	 735.2950683246441 
3.14 	 838.3316444782025 
3.16 	 942.8711814516818 
3.18 	 1046.2478232302194 
3.2 	 1145.7591157559923 
3.22 	 1238.8613299929214 
3.24 	 1323.36468357161 
3.26 	 1397.6086626834328 
3.28 	 1460.5995103850114 
3.3 	 1512.0961565126997 
3.32 	 1552.6366689802114 
3.34 	 1583.5037301109994 
3.36 	 1606.6337039000923 
3.38 	 1624.4787809938819 
3.4 	 1639.8350251070617 
3.42 	 1655.6508266155283 
3.44 	 1674.8305296370634 
3.46 	 1700.0472357280921 
3.48 	 1733.5773976503608 
3.5 	 1777.1680610348446 
3.52 	 1831.945547609928 
3.54 	 1898.3718774306976 
3.56 	 1976.2520964479027 
3.58 	 2064.7917752009 
3.6 	 2162.6993523822234 
3.62 	 2268.3230947633733 
3.64 	 2379.8079162924605 
3.66 	 2495.2540244506345 
3.68 	 2612.858223069873 
3.7 	 2731.0203411416483 
3.72 	 2848.4018591957724 
3.74 	 2963.9309511005567 
3.76 	 3076.7568265418804 
3.78 	 3186.1649669231992 
3.8 	 3291.4719368443816 
3.82 	 3391.922445739983 
3.84 	 3486.6112782863506 
3.86 	 3574.4484358394548 
3.88 	 3654.1780275518495 
3.9 	 3724.4515653753347 
3.92 	 3783.946260223739 
3.94 	 3831.510650489915 
3.96 	 3866.3150100195458 
3.98 	 3887.983353900633 
4.0 	 3896.687460990699 
4.02 	 3893.190260648702 
4.04 	 3878.834631915757 
4.06 	 3855.482287902772 
4.08 	 3825.414240079995 
4.1 	 3791.2081242458867 
4.12 	 3755.607930996072 
4.14 	 3721.398741420458 
4.16 	 3691.2939514769923 
4.18 	 3667.836649602043 
4.2 	 3653.311862604043 
4.22 	 3649.663612687052 
4.24 	 3658.4108815819013 
4.26 	 3680.5596716885043 
4.28 	 3716.5136586340386 
4.3 	 3765.9921189447073 
4.32 	 3827.9692540533783 
4.34 	 3900.6521331114304 
4.36 	 3981.5140752735483 
4.38 	 4067.395927154075 
4.4 	 4154.679754137178 
4.42 	 4239.52915849609 
4.44 	 4318.179556128068 
4.46 	 4387.252308023112 
4.48 	 4444.060437089932 
4.5 	 4486.872006008891 
4.52 	 4515.100482279974 
4.54 	 4529.399050843176 
4.56 	 4531.646548986007 
4.58 	 4524.824712388907 
4.6 	 4512.797874268046 
4.62 	 4500.015596179745 
4.64 	 4491.16495828413 
4.66 	 4490.802120919805 
4.68 	 4502.99262661479 
4.7 	 4530.987473124463 
4.72 	 4576.958085863576 
4.74 	 4641.808621258773 
4.76 	 4725.078891444936 
4.78 	 4824.945642471133 
4.8 	 4938.323783947475 
4.82 	 5061.062334943092 
4.84 	 5188.222452080467 
4.86 	 5314.417462787064 
4.88 	 5434.188237480761 
4.9 	 5542.382608439839 
4.92 	 5634.505927555077 
4.94 	 5707.011935310094 
4.96 	 5757.508979046883 
4.98 	 5784.865671900703 
5.0 	 5789.211118684706 
5.02 	 5771.836268571623 
5.04 	 5735.013145545351 
5.06 	 5681.75627708578 
5.08 	 5615.554713659988 
5.1 	 5540.103345983777 
5.12 	 5459.059111101228 
5.14 	 5375.841908274025 
5.16 	 5293.492648338619 
5.18 	 5214.592912749334 
5.2 	 5141.243169536244 
5.22 	 5075.090146580197 
5.24 	 5017.389321823926 
5.26 	 4969.085848434605 
5.28 	 4930.89668370356 
5.3 	 4903.378160143424 
5.32 	 4886.966510554698 
5.34 	 4881.983592658324 
5.36 	 4888.605789411283 
5.38 	 4906.800211865406 
5.4 	 4936.2382315356535 
5.42 	 4976.2012910349285 
5.44 	 5025.497164722831 
5.46 	 5082.405744189721 
5.48 	 5144.671598273224 
5.5 	 5209.55592485366 
5.52 	 5273.953412408375 
5.54 	 5334.570754676474 
5.56 	 5388.154298586443 
5.58 	 5431.745982876878 
5.6 	 5462.94077850138 
5.62 	 5480.11643918846 
5.64 	 5482.608155482239 
5.66 	 5470.806629958353 
5.68 	 5446.167379200757 
5.7 	 5411.1303315297155 
5.72 	 5368.960273486292 
5.74 	 5323.528601756838 
5.76 	 5279.063638202655 
5.78 	 5239.89947917992 
5.8 	 5210.251673839011 
5.82 	 5194.042351880827 
5.84 	 5194.788730875963 
5.86 	 5215.55860980942 
5.88 	 5258.986058543037 
5.9 	 5327.331556355691 
5.92 	 5422.564593579009 
5.94 	 5546.444121116966 
5.96 	 5700.573620703867 
5.98 	 5886.412841633326 
6.0 	 6105.236727531981 
6.02 	 6358.042558574189 
6.04 	 6645.417287747081 
6.06 	 6967.386670019374 
6.08 	 7323.274320977817 
6.1 	 7711.6008736480035 
6.12 	 8130.050126840365 
6.14 	 8575.52055163332 
6.16 	 9044.267772632562 
6.18 	 9532.128603365341 
6.2 	 10034.802469393358 
6.22 	 10548.154377586305 
6.24 	 11068.49741852576 
6.26 	 11592.813671527878 
6.28 	 12118.880587070753 
6.3 	 12645.284285634565 
6.32 	 13171.319293644305 
6.34 	 13696.79276570155 
6.36 	 14221.76677188349 
6.38 	 14746.28185548372 
6.4 	 15270.107041612308 
6.42 	 15792.555573886748 
6.44 	 16312.393201399034 
6.46 	 16827.84939978115 
6.48 	 17336.724722618423 
6.5 	 17836.572739620522 
6.52 	 18324.925224772862 
6.54 	 18799.525745029943 
6.56 	 19258.539562017602 
6.58 	 19700.715587406085 
6.6 	 20125.487006830783 
6.62 	 20533.008799193354 
6.64 	 20924.14064714778 
6.66 	 21300.391189715 
6.68 	 21663.843524418084 
6.7 	 22017.08238689733 
6.72 	 22363.141130702825 
6.74 	 22705.482380022455 
6.76 	 23048.020923677585 
6.78 	 23395.19177538513 
6.8 	 23752.060803311677 
6.82 	 24124.47014664486 
6.84 	 24519.205826925157 
6.86 	 24944.170482544887 
6.88 	 25408.539977529203 
6.9 	 25922.87885042803 
6.92 	 26499.18649066573 
6.94 	 27150.84419502915 
6.96 	 27892.433873223996 
6.98 	 28739.403450318172 
7.0 	 29707.563328030643 
7.02 	 30812.413601518725 
7.04 	 32068.32308177101 
7.06 	 33487.6069565201 
7.08 	 35079.57658946735 
7.1 	 36849.65712306289 
7.12 	 38798.67976538838 
7.14 	 40922.44983646589 
7.16 	 43211.6650035696 
7.18 	 45652.21091784549 
7.2 	 48225.79923903665 
7.22 	 50910.84666646926 
7.24 	 53683.43772895883 
7.26 	 56518.18417328099 
7.28 	 59388.802185088745 
7.3 	 62268.2807488341 
7.32 	 65128.60581843318 
7.34 	 67940.12080198246 
7.36 	 70670.72083758892 
7.38 	 73285.1690722438 
7.4 	 75744.8623185654 
7.42 	 78008.3441502733 
7.44 	 80032.76227170922 
7.46 	 81776.30618647876 
7.48 	 83201.46760679607 
7.5 	 84278.77618451996 
7.52 	 84990.51580497574 
7.54 	 85333.85464105385 
7.56 	 85322.84484681782 
7.58 	 84988.86668452615 
7.6 	 84379.28989646403 
7.62 	 83554.36980408842 
7.64 	 82582.64573040581 
7.66 	 81535.32316585522 
7.68 	 80480.26440759617 
7.7 	 79476.26453355426 
7.72 	 78568.24633610019 
7.74 	 77783.88093821325 
7.76 	 77131.9542619863 
7.78 	 76602.58418343007 
7.8 	 76169.18085903073 
7.82 	 75791.86084729317 
7.84 	 75421.89396196534 
7.86 	 75006.6905816621 
7.88 	 74494.82751137178 
7.9 	 73840.65585169561 
7.92 	 73008.12257136901 
7.94 	 71973.5533344286 
7.96 	 70727.27139825281 
7.98 	 69274.05080565809 
8.0 	 67632.50882084681 
8.02 	 65833.62332 
8.04 	 63918.61053231904 
8.06 	 61936.4163232957 
8.08 	 59941.063181693695 
8.1 	 57989.06123891345 
8.12 	 56137.0427446581 
8.14 	 54439.72353185066 
8.16 	 52948.239383977125 
8.18 	 51708.855501683756 
8.2 	 50762.007154714425 
8.22 	 50141.6010284456 
8.24 	 49874.49035227707 
8.26 	 49980.0325049763 
8.28 	 50469.645000380755 
8.3 	 51346.29400295077 
8.32 	 52603.87796322134 
8.34 	 54226.506075309255 
8.36 	 56187.71435662041 
8.38 	 58449.70703987159 
8.4 	 60962.751960107526 
8.42 	 63664.88904197669 
8.44 	 66482.12420497731 
8.46 	 69329.27174551506 
8.48 	 72111.57399555107 
8.5 	 74727.16896268437 
8.52 	 77070.39981176166 
8.54 	 79035.87280515365 
8.56 	 80523.0828786938 
8.58 	 81441.3486523599 
8.6 	 81714.74003493715 
8.62 	 81286.64774802858 
8.64 	 80123.63833748286 
8.66 	 78218.26154758777 
8.68 	 75590.52879505006 
8.7 	 72287.86039631494 
8.72 	 68383.40252220684 
8.74 	 63972.73791338229 
8.76 	 59169.149348019375 
8.78 	 54097.72993103965 
8.8 	 48888.754099364065 
8.82 	 43670.810679919785 
8.84 	 38564.23866942235 
8.86 	 33675.38705559563 
8.88 	 29092.139798439144 
8.9 	 24881.013929135846 
8.92 	 21085.969947101214 
8.94 	 17728.893194112406 
8.96 	 14811.538558194918 
8.98 	 12318.60158450775 
9.0 	 10221.502434417771 
9.02 	 8482.450950832632 
9.04 	 7058.397153578223 
9.06 	 5904.54943618444 
9.08 	 4977.245326874595 
9.1 	 4236.068603627871 
9.12 	 3645.2058351561805 
9.14 	 3174.1137353329855 
9.16 	 2797.620382388971 
9.18 	 2495.6080148652118 
9.2 	 2252.4265284595162 
9.22 	 2056.1711382577028 
9.24 	 1897.9318538131176 
9.26 	 1771.0927414569749 
9.28 	 1670.7302620145247 
9.3 	 1593.135334233475 
9.32 	 1535.4645681913737 
9.34 	 1495.5124210820943 
9.36 	 1471.587121154504 
9.38 	 1462.4680148044254 
9.4 	 1467.4194725673856 
9.42 	 1486.235844580777 
9.44 	 1519.2927143009779 
9.46 	 1567.5816835095015 
9.48 	 1632.709143019779 
9.5 	 1716.844008556417 
9.52 	 1822.6052269939576 
9.54 	 1952.886819179935 
9.56 	 2110.6259457305987 
9.58 	 2298.5273716969064 
9.6 	 2518.7650001694133 
9.62 	 2772.6869777521383 
9.64 	 3060.554381352135 
9.66 	 3381.343936052651 
9.68 	 3732.642109584222 
9.7 	 4110.651194555729 
9.72 	 4510.3180331344465 
9.74 	 4925.58379977906 
9.76 	 5349.74015230472 
9.78 	 5775.864819545662 
9.8 	 6197.3000942130575 
9.82 	 6608.132247458223 
9.84 	 7003.629493740195 
9.86 	 7380.600913024041 
9.88 	 7737.6479029760785 
9.9 	 8075.291753427879 
9.92 	 8395.973826833717 
9.94 	 8703.936576139533 
9.96 	 9005.002608634733 
9.98 	 9306.274293593382 
10.0 	 9615.777943107392 
10.02 	 9942.075075711793 
10.04 	 10293.859934330825 
10.06 	 10679.558686768747 
10.08 	 11106.942834272264 
10.1 	 11582.768106668897 
10.12 	 12112.450780777683 
10.14 	 12699.795601105348 
10.16 	 13346.79250845566 
10.18 	 14053.50206103282 
10.2 	 14818.050470741007 
10.22 	 15636.753308231384 
10.24 	 16504.381128069177 
10.26 	 17414.56999028336 
10.28 	 18360.36530778222 
10.3 	 19334.86977870197 
10.32 	 20331.947529755587 
10.34 	 21346.92001219999 
10.36 	 22377.178077878307 
10.38 	 23422.632167987522 
10.4 	 24485.930749300565 
10.42 	 25572.39632840035 
10.44 	 26689.656690309555 
10.46 	 27846.982509326153 
10.48 	 29054.375842981193 
10.5 	 30321.48166249873 
10.52 	 31656.4119867821 
10.54 	 33064.57711246824 
10.56 	 34547.61151481949 
10.58 	 36102.466667070075 
10.6 	 37720.72457906954 
10.62 	 39388.16987974667 
10.64 	 41084.64888379104 
10.66 	 42784.24248260326 
10.68 	 44455.78347331035 
10.7 	 46063.75249017662 
10.72 	 47569.582736775155 
10.74 	 48933.38548016179 
10.76 	 50116.071928557525 
10.78 	 51081.79360444075 
10.8 	 51800.5590476895 
10.82 	 52250.820772090396 
10.84 	 52421.77662223661 
10.86 	 52315.107458481165 
10.88 	 51945.888371102126 
10.9 	 51342.46733234153 
10.92 	 50545.200020098135 
10.94 	 49604.05217983962 
10.96 	 48575.21570089829 
10.98 	 47517.013246313996 
11.0 	 46485.47072954583 
11.02 	 45530.002043098604 
11.04 	 44689.66596241983 
11.06 	 43990.41678052653 
11.08 	 43443.67991422199 
11.1 	 43046.44931471562 
11.12 	 42782.93807885172 
11.14 	 42627.63447975507 
11.16 	 42549.44291195717 
11.18 	 42516.444307798265 
11.2 	 42500.71359002472 
11.22 	 42482.59890532358 
11.24 	 42453.9081362014 
11.26 	 42419.56264327658 
11.28 	 42397.45586952973 
11.3 	 42416.47461900072 
11.32 	 42512.87486532442 
11.34 	 42725.419415020326 
11.36 	 43089.85066308348 
11.38 	 43633.36385190893 
11.4 	 44369.75160022835 
11.42 	 45295.80931573759 
11.44 	 46389.4368758684 
11.46 	 47609.668465368275 
11.48 	 48898.639307165126 
11.5 	 50185.28528449409 
11.52 	 51390.39474381889 
11.54 	 52432.50876955879 
11.56 	 53234.10518569613 
11.58 	 53727.501800465914 
11.6 	 53859.96839823865 
11.62 	 53597.632941474636 
11.64 	 52927.89202627757 
11.66 	 51860.17575468516 
11.68 	 50425.06092736571 
11.7 	 48671.86317570619 
11.72 	 46664.958717929316 
11.74 	 44479.181122553986 
11.76 	 42194.70034144003 
11.78 	 39891.81502146877 
11.8 	 37646.07268514205 
11.82 	 35524.077984335556 
11.84 	 33580.263619695346 
11.86 	 31854.792356828802 
11.88 	 30372.644955464315 
11.9 	 29143.841168350074 
11.92 	 28164.650798455998 
11.94 	 27419.58706093332 
11.96 	 26883.93864224087 
11.98 	 26526.588988139054 
12.0 	 26312.887186385804 
12.02 	 26207.368062641217 
12.04 	 26176.162983603503 
12.06 	 26188.991167863736 
12.08 	 26220.669054807862 
12.1 	 26252.118796040108 
12.12 	 26270.893642227024 
12.14 	 26271.26619125266 
12.16 	 26253.944192871648 
12.18 	 26225.487792811255 
12.2 	 26197.50275442209 
12.22 	 26185.678528649893 
12.24 	 26208.731264609996 
12.26 	 26287.30355289338 
12.28 	 26442.86786720941 
12.3 	 26696.68065404873 
12.32 	 27068.837712089633 
12.34 	 27577.48522594281 
12.36 	 28238.239048832947 
12.38 	 29063.851751874627 
12.4 	 30064.138537930434 
12.42 	 31246.129139823803 
12.44 	 32614.358271883193 
12.46 	 34171.15243585491 
12.48 	 35916.73026419412 
12.5 	 37848.92265938939 
12.52 	 39962.3506129683 
12.54 	 42246.97882790021 
12.56 	 44686.08806180056 
12.58 	 47253.86269909138 
12.6 	 49912.94596537072 
12.62 	 52612.4400099414 
12.64 	 55286.88776002531 
12.66 	 57856.741043257214 
12.68 	 60230.682672223695 
12.7 	 62309.93676597947 
12.72 	 63994.4010499994 
12.74 	 65190.115207070354 
12.76 	 65817.29894240084 
12.78 	 65818.00954223012 
12.8 	 65162.42489669217 
12.82 	 63852.87345017288 
12.84 	 61924.996409023304 
12.86 	 59445.79943506376 
12.88 	 56508.768699206375 
12.9 	 53226.617959264244 
12.92 	 49722.53313272996 
12.94 	 46120.94140692762 
12.96 	 42538.83370932722 
12.98 	 39078.522819313126 
13.0 	 35822.460699006275 
13.02 	 32830.42013077235 
13.04 	 30139.024139877678 
13.06 	 27763.331555956513 
13.08 	 25699.99269336676 
13.1 	 23931.39064268262 
13.12 	 22430.177825559364 
13.14 	 21163.686934011857 
13.16 	 20097.814815015077 
13.18 	 19200.12012293747 
13.2 	 18442.016619268972 
13.22 	 17800.065950126547 
13.24 	 17256.465849152784 
13.26 	 16798.887979842224 
13.28 	 16419.84540335617 
13.3 	 16115.768029268074 
13.32 	 15885.942651654113 
13.34 	 15731.440420836574 
13.36 	 15654.116741832679 
13.38 	 15655.733364754587 
13.4 	 15737.224700818084 
13.42 	 15898.112656808957 
13.44 	 16136.066533044825 
13.46 	 16446.604589718783 
13.48 	 16822.938114539415 
13.5 	 17255.963152280514 
13.52 	 17734.40606405757 
13.54 	 18245.124851678454 
13.56 	 18773.558694519896 
13.58 	 19304.305145302336 
13.6 	 19821.79078945448 
13.62 	 20310.989992744926 
13.64 	 20758.14008555709 
13.66 	 21151.401128840545 
13.68 	 21481.413999906086 
13.7 	 21741.72048177604 
13.72 	 21929.02131852788 
13.74 	 22043.2608929228 
13.76 	 22087.538994840386 
13.78 	 22067.860601550306 
13.8 	 21992.74386093244 
13.82 	 21872.714962751998 
13.84 	 21719.726438743557 
13.86 	 21546.54216188817 
13.88 	 21366.136743776788 
13.9 	 21191.15756712634 
13.92 	 21033.492858258927 
13.94 	 20903.97822549371 
13.96 	 20812.257351543485 
13.98 	 20766.791744965987 
14.0 	 20774.992467621472 
14.02 	 20843.427015714336 
14.04 	 20978.04042548418 
14.06 	 21184.323844096158 
14.08 	 21467.36765946581 
14.1 	 21831.749773089403 
14.12 	 22281.231297293107 
14.14 	 22818.259345988427 
14.16 	 23443.306479454306 
14.18 	 24154.1053272537 
14.2 	 24944.86162462652 
14.22 	 25805.54638722453 
14.24 	 26721.375763692686 
14.26 	 27672.58343365025 
14.28 	 28634.574236526394 
14.3 	 29578.518995957314 
14.32 	 30472.410472805197 
14.34 	 31282.55177902552 
14.36 	 31975.395816344328 
14.38 	 32519.60333128593 
14.4 	 32888.14506513326 
14.42 	 33060.24751056478 
14.44 	 33022.978240058466 
14.46 	 32772.28950233659 
14.48 	 32313.38796894949 
14.5 	 31660.3698856857 
14.52 	 30835.145783797765 
14.54 	 29865.765316469748 
14.56 	 28784.327265571148 
14.58 	 27624.709949597014 
14.6 	 26420.374398343545 
14.62 	 25202.473535067053 
14.64 	 23998.44840962287 
14.66 	 22831.216326130292 
14.68 	 21718.96866716462 
14.7 	 20675.51292509712 
14.72 	 19711.0270347369 
14.74 	 18833.053761196934 
14.76 	 18047.55243765675 
14.78 	 17359.84295256828 
14.8 	 16775.316079100234 
14.82 	 16299.83569414339 
14.84 	 15939.812121272404 
14.86 	 15701.97299777401 
14.88 	 15592.892641028098 
14.9 	 15618.360135276136 
14.92 	 15782.670758037953 
14.94 	 16087.91792045677 
14.96 	 16533.347994587035 
14.98 	 17114.823084615535 
15.0 	 17824.421156805918 
15.02 	 18650.1917673638 
15.04 	 19576.079919979486 
15.06 	 20582.02953916974 
15.08 	 21644.279395133824 
15.1 	 22735.864981831055 
15.12 	 23827.336770993035 
15.14 	 24887.69624092134 
15.16 	 25885.535438599047 
15.18 	 26790.34475182143 
15.2 	 27573.929935502467 
15.22 	 28211.85728888246 
15.24 	 28684.829515438516 
15.26 	 28979.887795147784 
15.28 	 29091.339997314964 
15.3 	 29021.330796204173 
15.32 	 28779.994768899796 
15.34 	 28385.164893962698 
15.36 	 27861.64206644861 
15.38 	 27240.06234987939 
15.4 	 26555.424753226012 
15.42 	 25845.36187181044 
15.44 	 25148.248774074604 
15.46 	 24501.253134203096 
15.48 	 23938.433236586876 
15.5 	 23488.99108438546 
15.52 	 23175.7853124787 
15.54 	 23014.201517277554 
15.56 	 23011.4636069386 
15.58 	 23166.446415677765 
15.6 	 23470.01582189257 
15.62 	 23905.87895920473 
15.64 	 24451.877788603433 
15.66 	 25081.611141524463 
15.68 	 25766.231968595686 
15.7 	 26476.246478253463 
15.72 	 27183.14634861068 
15.74 	 27860.73615564914 
15.76 	 28486.072030377873 
15.78 	 29039.99545869457 
15.8 	 29507.315374034864 
15.82 	 29876.74834914915 
15.84 	 30140.758717729455 
15.86 	 30295.44046674944 
15.88 	 30340.549849317245 
15.9 	 30279.73787543275 
15.92 	 30120.95689948892 
15.94 	 29876.94058149153 
15.96 	 29565.597048282198 
15.98 	 29210.123950110414 
16.0 	 28838.65908701586 
16.02 	 28483.322817440938 
16.04 	 28178.58357873364 
16.06 	 27958.975146650057 
16.08 	 27856.29970915421 
16.1 	 27896.548937912212 
16.12 	 28096.85122879134 
16.14 	 28462.794977199632 
16.16 	 28986.477055647112 
16.18 	 29645.579529303614 
16.2 	 30403.688603339688 
16.22 	 31211.945942720195 
16.24 	 32011.97699363263 
16.26 	 32739.89083867696 
16.28 	 33331.01063472605 
16.3 	 33724.89173805195 
16.32 	 33870.132078635565 
16.34 	 33728.486237824065 
16.36 	 33277.86301406748 
16.38 	 32513.908930995985 
16.4 	 31450.041420174293 
16.42 	 30115.973068987034 
16.44 	 28554.937164510444 
16.46 	 26819.960909707544 
16.48 	 24969.617763247483 
16.5 	 23063.71465994922 
16.52 	 21159.33386235864 
16.54 	 19307.56296676203 
16.56 	 17551.127504648786 
16.58 	 15923.00965960119 
16.6 	 14446.01447324652 
16.62 	 13133.148142191543 
16.64 	 11988.611731265602 
16.66 	 11009.190550316485 
16.68 	 10185.830448737774 
16.7 	 9505.228263253015 
16.72 	 8951.31300875442 
16.74 	 8506.545629559498 
16.76 	 8153.008981880198 
16.78 	 7873.29055132755 
16.8 	 7651.17658123519 
16.82 	 7472.179690321874 
16.84 	 7323.916996058244 
16.86 	 7196.347508506985 
16.88 	 7081.870946714653 
16.9 	 6975.2884374276 
16.92 	 6873.62993181613 
16.94 	 6775.862626945061 
16.96 	 6682.506579597721 
16.98 	 6595.194647903786 
17.0 	 6516.220679209271 
17.02 	 6448.120302283289 
17.04 	 6393.322156873223 
17.06 	 6353.8949413249475 
17.08 	 6331.3996618667525 
17.1 	 6326.84002967181 
17.12 	 6340.690144885436 
17.14 	 6372.969775418866 
17.16 	 6423.334837011066 
17.18 	 6491.153930680625 
17.2 	 6575.549663115729 
17.22 	 6675.393909725758 
17.24 	 6789.256941661983 
17.26 	 6915.319516743201 
17.28 	 7051.263403299639 
17.3 	 7194.158960630555 
17.32 	 7340.368673140484 
17.34 	 7485.48374510058 
17.36 	 7624.307976250128 
17.38 	 7750.899949029441 
17.4 	 7858.6814609017165 
17.42 	 7940.617047805287 
17.44 	 7989.465893463047 
17.46 	 7998.102763583192 
17.48 	 7959.898344103922 
17.5 	 7869.141447783765 
17.52 	 7721.476600428552 
17.54 	 7514.32185983062 
17.56 	 7247.225237852331 
17.58 	 6922.1158389784405 
17.6 	 6543.409496988624 
17.62 	 6117.939099858479 
17.64 	 5654.696472161426 
17.66 	 5164.393754178113 
17.68 	 4658.874608911619 
17.7 	 4150.425596823708 
17.72 	 3651.0521076866908 
17.74 	 3171.7886768191033 
17.76 	 2722.109222413963 
17.78 	 2309.489409002441 
17.8 	 1939.1533117457263 
17.82 	 1614.0133008085693 
17.84 	 1334.789432442063 
17.86 	 1100.2760533068708 
17.88 	 907.7111739531373 
17.9 	 753.1994294688583 
17.92 	 632.1417082401117 
17.94 	 539.6322790493214 
17.96 	 470.79533888560735 
17.98 	 421.04508207884874 
18.0 	 386.2647194948699 
18.02 	 362.90901177151284 
18.04 	 348.04116252409074 
18.06 	 339.3182995429079 
18.08 	 334.9406527527829 
18.1 	 333.5785568595496 
18.12 	 334.28926073598086 
18.14 	 336.43283596572843 
18.16 	 339.59371953459083 
18.18 	 343.5119149240073 
18.2 	 348.0257845556466 
18.22 	 353.026761790435 
18.24 	 358.4251912973307 
18.26 	 364.12583254565817 
18.28 	 370.011272528277 
18.3 	 375.9315204621226 
18.32 	 381.6983222885966 
18.34 	 387.08315336999163 
18.36 	 391.81833527100434 
18.38 	 395.60118495869295 
18.4 	 398.1014522031063 
18.42 	 398.97245474296096 
18.44 	 397.8662262072191 
18.46 	 394.45263237180296 
18.48 	 388.4418209032741 
18.5 	 379.6086376091472 
18.52 	 367.8169069060413 
18.54 	 353.04090335149704 
18.56 	 335.3810988261019 
18.58 	 315.0714780045529 
18.6 	 292.47641647518765 
18.62 	 268.07625419328195 
18.64 	 242.44211454114196 
18.66 	 216.20198381662306 
18.68 	 190.0013165494715 
18.7 	 164.46223571930057 
18.72 	 140.1456013129966 
18.74 	 117.51978840478041 
18.76 	 96.93903237365559 
18.78 	 78.63285075162851 
18.8 	 62.70658314333142 
18.82 	 49.15175108077092 
18.84 	 37.86393017405629 
18.86 	 28.66526702237837 
18.88 	 21.32868727314873 
18.9 	 15.60116686677261 
18.92 	 11.224053371412252 
18.94 	 7.94917954230771 
18.96 	 5.550264694971124 
18.98 	 3.8297406142400687 
19.0 	 2.6216015532881554 
19.02 	 1.7911420008078414 
19.04 	 1.2325282461084448 
19.06 	 0.8650913426300075 
19.08 	 0.6290807609032956 
19.1 	 0.48142882775957585 
19.12 	 0.3918852968264793 
19.14 	 0.3397153163928299 
19.16 	 0.3110259385313356 
19.18 	 0.2966989430152904 
19.2 	 0.2908568865484522 
19.22 	 0.2897670459700281 
19.24 	 0.2910854853299864 
19.26 	 0.29335286821382506 
19.28 	 0.29566862128841226 
19.3 	 0.2974863427026197 
19.32 	 0.29848838515737275 
19.34 	 0.29851010275058404 
19.36 	 0.29749399969299195 
19.38 	 0.2954611422426412 
19.4 	 0.2924921209469995 
19.42 	 0.28871307478511904 
19.44 	 0.28428427944720025 
19.46 	 0.2793899539259933 
19.48 	 0.27422856388689726 
19.5 	 0.2690032276532392 
19.52 	 0.2639120212488564 
19.54 	 0.259138133467056 
19.56 	 0.2548399922668052 
19.58 	 0.25114168304144785 
19.6 	 0.24812419147542386 
19.62 	 0.24581819342778816 
19.64 	 0.24419923677420546 
19.66 	 0.24318617146129057 
19.68 	 0.24264355125231957 
19.7 	 0.24238844111688884 
19.72 	 0.2422016325338515 
19.74 	 0.24184273999464023 
19.76 	 0.24106809827925005 
19.78 	 0.2396498928972615 
19.8 	 0.23739463038543765 
19.82 	 0.23415897063960436 
19.84 	 0.22986114552176398 
19.86 	 0.22448667307210152 
19.88 	 0.21808778651061878 
19.9 	 0.2107768247794357 
19.92 	 0.20271463854907856 
19.94 	 0.1940957098338053 
19.96 	 0.18513204741361766 
19.98 	 0.1760379381969736 
20.0 	 0.16701730732253248 
20.02 	 0.15825483572541457 
20.04 	 0.14991122500797815 
20.06 	 0.14212223488046088 
20.08 	 0.13500049274374606 
20.1 	 0.12863869848100537 
20.12 	 0.12311277537678197 
20.14 	 0.11848374253615093 
20.16 	 0.11479754059826751 
20.18 	 0.1120826266857053 
20.2 	 0.11034574611513757 
20.22 	 0.10956677522079664 
20.24 	 0.10969382734827252 
20.26 	 0.11063987829300719 
20.28 	 0.11228199735631043 
20.3 	 0.11446390427435875 
20.32 	 0.11700207846096268 
20.34 	 0.11969510950054851 
20.36 	 0.12233548313537825 
20.38 	 0.12472262094841025 
20.4 	 0.12667578922031705 
20.42 	 0.12804548950741398 
20.44 	 0.128722135750103 
20.46 	 0.12864117613574405 
20.48 	 0.12778427497883355 
20.5 	 0.12617665908765774 
20.52 	 0.12388118081800217 
20.54 	 0.12098999248358026 
20.56 	 0.11761492029281459 
20.58 	 0.11387765342131236 
20.6 	 0.109900736340114 
20.62 	 0.10580010586151335 
20.64 	 0.10167960091303309 
20.66 	 0.09762755106710838 
20.68 	 0.09371527228620233 
20.7 	 0.08999710345483979 
20.72 	 0.08651152294536908 
20.74 	 0.08328288714028746 
20.76 	 0.0803234109645603 
20.78 	 0.07763513141484304 
20.8 	 0.07521172352798428 
20.82 	 0.07304014431674817 
20.84 	 0.07110214519245 
20.86 	 0.06937571217946789 
20.88 	 0.06783647322606096 
20.9 	 0.06645906917337835 
20.92 	 0.06521843869825461 
20.94 	 0.06409093481760707 
20.96 	 0.06305518208878388 
20.98 	 0.062092602079928595 
21.0 	 0.061187574960817344 
21.02 	 0.06032725676980657 
21.04 	 0.059501122599126426 
21.06 	 0.05870034443036677 
21.08 	 0.057917131216150906 
21.1 	 0.057144155549348534 
21.12 	 0.05637416816687336 
21.14 	 0.05559986444144105 
21.16 	 0.05481402356217742 
21.18 	 0.05400989894843217 
21.2 	 0.05318180384211799 
21.22 	 0.05232581302714222 
21.24 	 0.051440491824217754 
21.26 	 0.0505275662682317 
21.28 	 0.04959246130478421 
21.3 	 0.04864465337683729 
21.32 	 0.047697805743361014 
21.34 	 0.04676967506919524 
21.36 	 0.04588179257633807 
21.38 	 0.045058929840885775 
21.4 	 0.044328357443741896 
21.42 	 0.04371889574399406 
21.44 	 0.0432597451733252 
21.46 	 0.04297907496113377 
21.48 	 0.04290235153043342 
21.5 	 0.04305040774694665 
21.52 	 0.043437295676019616 
21.54 	 0.044068027362391786 
21.56 	 0.04493638274448053 
21.58 	 0.0460230369597229 
21.6 	 0.04729431212425496 
21.62 	 0.048701871371831795 
21.64 	 0.050183629789322795 
21.66 	 0.05166605141030043 
21.68 	 0.053067840234180375 
21.7 	 0.05430483718683363 
21.72 	 0.055295736802688455 
21.74 	 0.05596807611984194 
21.76 	 0.056263860860747326 
21.78 	 0.05614420706610607 
21.8 	 0.055592499593356264 
21.82 	 0.05461579202427472 
21.84 	 0.05324446725078804 
21.86 	 0.05153050431183497 
21.88 	 0.0495450125103796 
21.9 	 0.047375963583280334 
21.92 	 0.045127257637762465 
21.94 	 0.04292039995364451 
21.96 	 0.040900165212137886 
21.98 	 0.03924572107418824 
22.0 	 0.038188820992852104 
22.02 	 0.038040903214108655 
22.04 	 0.03923128562281364 
22.06 	 0.04235914068873428 
22.08 	 0.04826255605408254 
22.1 	 0.05810867492366268 
22.12 	 0.07350954921839264 
22.14 	 0.09666874061396145 
22.16 	 0.13056360939349798 
22.18 	 0.17916731599140695 
22.2 	 0.24771247899103632 
22.22 	 0.34299488715344134 
22.24 	 0.47371050256943087 
22.26 	 0.6508123379564194 
22.28 	 0.8878661420605662 
22.3 	 1.2013761120117947 
22.32 	 1.6110453790247474 
22.34 	 2.139932283212321 
22.36 	 2.8144638224156133 
22.38 	 3.664272917736338 
22.4 	 4.7218360842939 
22.42 	 6.0219012750051215 
22.44 	 7.600709418966309 
22.46 	 9.495024117916312 
22.48 	 11.740988890086221 
22.5 	 14.37282843294631 
22.52 	 17.421400334489064 
22.54 	 20.912590490859248 
22.56 	 24.865536321650517 
22.58 	 29.290665726670433 
22.6 	 34.187565126351984 
22.62 	 39.54274185406778 
22.64 	 45.3274230734769 
22.66 	 51.495625255959965 
22.68 	 57.982816584727566 
22.7 	 64.7055549864608 
22.72 	 71.56249124202671 
22.74 	 78.43705947639587 
22.76 	 85.20202766753275 
22.78 	 91.72585649567253 
22.8 	 97.88054167371001 
22.82 	 103.55033395395346 
22.84 	 108.64049206792573 
22.86 	 113.08507598120266 
22.88 	 116.85276926094004 
22.9 	 119.94984893655136 
22.92 	 122.41969358241941 
22.94 	 124.33860557728725 
22.96 	 125.80817173405102 
22.98 	 126.94483606508521 
23.0 	 127.86774587972482 
23.02 	 128.68620235151974 
23.04 	 129.48816002703137 
23.06 	 130.33115881427705 
23.08 	 131.2368424875901 
23.1 	 132.18984743246446 
23.12 	 133.14137993980907 
23.14 	 134.017297173467 
23.16 	 134.73002701226602 
23.18 	 135.1932614009591 
23.2 	 135.3380795279445 
23.22 	 135.12902431891555 
23.24 	 134.57866879129946 
23.26 	 133.7593465563603 
23.28 	 132.8109464016249 
23.3 	 131.94394197652775 
23.32 	 131.43710765849164 
23.34 	 131.6296405023297 
23.36 	 132.90766754680863 
23.38 	 135.6853899689501 
23.4 	 140.38143416488973 
23.42 	 147.39137396357248 
23.44 	 157.05786466354917 
23.46 	 169.64035788703424 
23.48 	 185.28687202994982 
23.5 	 204.0106643634835 
23.52 	 225.67475777024924 
23.54 	 249.98700058408355 
23.56 	 276.50761258421625 
23.58 	 304.6700022810225 
23.6 	 333.81413301625844 
23.62 	 363.2300613724589 
23.64 	 392.20772834036404 
23.66 	 420.0879278855157 
23.68 	 446.30884887663507 
23.7 	 470.44283532264353 
23.72 	 492.21905943332064 
23.74 	 511.52953357183435 
23.76 	 528.4180552057956 
23.78 	 543.0539519313932 
23.8 	 555.6945127873186 
23.82 	 566.6414362530982 
23.84 	 576.1972687449053 
23.86 	 584.627559116641 
23.88 	 592.1333726921151 
23.9 	 598.8370867796073 
23.92 	 604.7823217637015 
23.94 	 609.9467871402309 
23.96 	 614.2650664070986 
23.98 	 617.6571866281797 
24.0 	 620.0583670583894 
24.02 	 621.4456371061651 
24.04 	 621.8579527086339 
24.06 	 621.4078177688357 
24.08 	 620.2839709951531 
24.1 	 618.7461556125354 
24.12 	 617.1141136248169 
24.14 	 615.753573542186 
24.16 	 615.0620593887656 
24.18 	 615.4568641338714 
24.2 	 617.3666119610657 
24.22 	 621.2266536704398 
24.24 	 627.4773071299167 
24.26 	 636.5628879837252 
24.28 	 648.928775131996 
24.3 	 665.0135789102068 
24.32 	 685.2339202233876 
24.34 	 709.9603929843586 
24.36 	 739.4848756398605 
24.38 	 773.9812797897953 
24.4 	 813.4637800342309 
24.42 	 857.748203072361 
24.44 	 906.4232028004551 
24.46 	 958.8378116465157 
24.48 	 1014.1107713251944 
24.5 	 1071.1647350248404 
24.52 	 1128.7852410105409 
24.54 	 1185.700726502934 
24.56 	 1240.6763570999096 
24.58 	 1292.6117031380838 
24.6 	 1340.630832365671 
24.62 	 1384.1535527422748 
24.64 	 1422.93841145299 
24.66 	 1457.0914269940201 
24.68 	 1487.0389275206708 
24.7 	 1513.467630489522 
24.72 	 1537.2394901317361 
24.74 	 1559.2921745688673 
24.76 	 1580.5377952537708 
24.78 	 1601.7724365783615 
24.8 	 1623.607163050631 
24.82 	 1646.4278481126219 
24.84 	 1670.3869358392344 
24.86 	 1695.4258039035446 
24.88 	 1721.3224314197184 
24.9 	 1747.7561510061705 
24.92 	 1774.3797229373108 
24.94 	 1800.8888885082902 
24.96 	 1827.0807673833315 
24.98 	 1852.8946024925651 
25.0 	 1878.4309802711257 
25.02 	 1903.9483300657191 
25.04 	 1929.837892347266 
25.06 	 1956.5802333615425 
25.08 	 1984.6877041992884 
25.1 	 2014.6380355148883 
25.12 	 2046.8046325378346 
25.14 	 2081.3892165203274 
25.16 	 2118.362357133144 
25.18 	 2157.4172150642653 
25.2 	 2197.941455958707 
25.22 	 2239.011721898016 
25.24 	 2279.41410952343 
25.26 	 2317.692637029101 
25.28 	 2352.225561089338 
25.3 	 2381.326628633551 
25.32 	 2403.3651118650328 
25.34 	 2416.895198256295 
25.36 	 2420.782597688291 
25.38 	 2414.314764371167 
25.4 	 2397.2814855670426 
25.42 	 2370.015045924915 
25.44 	 2333.383592006629 
25.46 	 2288.7370937417036 
25.48 	 2237.8114640259982 
25.5 	 2182.6018400512403 
25.52 	 2125.21975332224 
25.54 	 2067.7502854602944 
25.56 	 2012.1241996312317 
25.58 	 1960.016844219475 
25.6 	 1912.7811195634117 
25.62 	 1871.41691023446 
25.64 	 1836.5749594232395 
25.66 	 1808.5897746516828 
25.68 	 1787.5340360037112 
25.7 	 1773.2860527080861 
25.72 	 1765.6018178652025 
25.74 	 1764.1838414988354 
25.76 	 1768.7399729649778 
25.78 	 1779.0267547798826 
25.8 	 1794.8734818693893 
25.82 	 1816.1851003630225 
25.84 	 1842.9243378659064 
25.86 	 1875.0758688906487 
25.88 	 1912.597623807465 
25.9 	 1955.3662163124632 
25.92 	 2003.1245711146348 
25.94 	 2055.439949057728 
25.96 	 2111.6796085474175 
25.98 	 2171.0093955731986 
26.0 	 2232.417855396964 
26.02 	 2294.7653477384756 
26.04 	 2356.854513891832 
26.06 	 2417.515674597935 
26.08 	 2475.698670213129 
26.1 	 2530.5615479625676 
26.12 	 2581.5465080688246 
26.14 	 2628.434671332698 
26.16 	 2671.3734215162185 
26.18 	 2710.87306989949 
26.2 	 2747.773034071014 
26.22 	 2783.1811858831916 
26.24 	 2818.393045502563 
26.26 	 2854.7996586065697 
26.28 	 2893.79397544234 
26.3 	 2936.6851984141817 
26.32 	 2984.628921767365 
26.34 	 3038.5782009109425 
26.36 	 3099.2573868095596 
26.38 	 3167.15718706154 
26.4 	 3242.546542463138 
26.42 	 3325.49503314781 
26.44 	 3415.8989742686663 
26.46 	 3513.5052033169773 
26.48 	 3617.928602015904 
26.5 	 3728.662194119015 
26.52 	 3845.081613759392 
26.54 	 3966.4482014002433 
26.56 	 4091.916395189957 
26.58 	 4220.551079650325 
26.6 	 4351.359033411328 
26.62 	 4483.335774819531 
26.64 	 4615.525394072949 
26.66 	 4747.087038131154 
26.68 	 4877.358343530899 
26.7 	 5005.904054529737 
26.72 	 5132.537957633822 
26.74 	 5257.308493561902 
26.76 	 5380.44298623024 
26.78 	 5502.251909637446 
26.8 	 5623.002078229045 
26.82 	 5742.774787905649 
26.84 	 5861.330262634365 
26.86 	 5978.001902351899 
26.88 	 6091.641868694421 
26.9 	 6200.633330923138 
26.92 	 6302.97498365514 
26.94 	 6396.431855659772 
26.96 	 6478.735138139728 
26.98 	 6547.805053158695 
27.0 	 6601.9664998547205 
27.02 	 6640.128297805355 
27.04 	 6661.90308098265 
27.06 	 6667.654956538433 
27.08 	 6658.473815842526 
27.1 	 6636.086287666317 
27.12 	 6602.721671307238 
27.14 	 6560.955454067857 
27.16 	 6513.552863100855 
27.18 	 6463.330932953238 
27.2 	 6413.0510716984145 
27.22 	 6365.346650947737 
27.24 	 6322.683197906557 
27.26 	 6287.3434215080515 
27.28 	 6261.426151830025 
27.3 	 6246.847434401978 
27.32 	 6245.333268155425 
27.34 	 6258.396362934832 
27.36 	 6287.2932675902375 
27.38 	 6332.962683268409 
27.4 	 6395.950112742423 
27.42 	 6476.327607680756 
27.44 	 6573.619743198926 
27.46 	 6686.747719165677 
27.48 	 6814.002552404728 
27.5 	 6953.05585669549 
27.52 	 7101.013126950181 
27.54 	 7254.510305972698 
27.56 	 7409.850265839109 
27.58 	 7563.172097993683 
27.6 	 7710.643004067109 
27.62 	 7848.660182998775 
27.64 	 7974.04843207468 
27.66 	 8084.23829181359 
27.68 	 8177.409666359139 
27.7 	 8252.587244825878 
27.72 	 8309.67702240831 
27.74 	 8349.437873565628 
27.76 	 8373.38822346499 
27.78 	 8383.654754368274 
27.8 	 8382.776791142698 
27.82 	 8373.485412231961 
27.84 	 8358.479428800072 
27.86 	 8340.22054118724 
27.88 	 8320.767134796688 
27.9 	 8301.66079926683 
27.92 	 8283.87267537756 
27.94 	 8267.809312073452 
27.96 	 8253.370985157586 
27.98 	 8240.050282881364 
28.0 	 8227.055724860562 
28.02 	 8213.444374917704 
28.04 	 8198.248621464372 
28.06 	 8180.5850833683535 
28.08 	 8159.737388135315 
28.1 	 8135.208770709017 
28.12 	 8106.744502941709 
28.14 	 8074.327615704711 
28.16 	 8038.153863327115 
28.18 	 7998.593197566463 
28.2 	 7956.145136294415 
28.22 	 7911.3944877919275 
28.24 	 7864.972244450442 
28.26 	 7817.524505720407 
28.28 	 7769.690445209574 
28.3 	 7722.088916158667 
28.32 	 7675.312437683288 
28.34 	 7629.926982087108 
28.36 	 7586.476018158265 
28.38 	 7545.487441558989 
28.4 	 7507.482178880017 
28.42 	 7472.98333350931 
28.44 	 7442.524798811422 
28.46 	 7416.65838608005 
28.48 	 7395.958742662173 
28.5 	 7381.025601804903 
28.52 	 7372.483035916092 
28.54 	 7370.975175090951 
28.56 	 7377.157192682042 
28.58 	 7391.679347288017 
28.6 	 7415.160856761419 
28.62 	 7448.149905818624 
28.64 	 7491.066719726336 
28.66 	 7544.128741675228 
28.68 	 7607.260509653022 
28.7 	 7679.995336994625 
28.72 	 7761.380434143884 
28.74 	 7849.900526434062 
28.76 	 7943.436264296885 
28.78 	 8039.272109524517 
28.8 	 8134.163825316688 
28.82 	 8224.468755476239 
28.84 	 8306.333837762844 
28.86 	 8375.928132980258 
28.88 	 8429.699922649745 
28.9 	 8464.63419830506 
28.92 	 8478.485224407495 
28.94 	 8469.960867950378 
28.96 	 8438.84015463526 
28.98 	 8386.01232126346 
29.0 	 8313.433620017635 
29.02 	 8224.00640421903 
29.04 	 8121.392753476166 
29.06 	 8009.781326640654 
29.08 	 7893.630597833789 
29.1 	 7777.4135758598 
29.12 	 7665.388143095373 
29.14 	 7561.413163966159 
29.16 	 7468.82378345552 
29.18 	 7390.370607321577 
29.2 	 7328.217923460392 
29.22 	 7283.987297130065 
29.24 	 7258.826320479234 
29.26 	 7253.479326445058 
29.28 	 7268.338222525311 
29.3 	 7303.45720392539 
29.32 	 7358.524062887681 
29.34 	 7432.791499890655 
29.36 	 7524.982224234133 
29.38 	 7633.1896557422 
29.4 	 7754.800064940495 
29.42 	 7886.461129771705 
29.44 	 8024.116203648211 
29.46 	 8163.114087671366 
29.48 	 8298.39252843075 
29.5 	 8424.722157424045 
29.52 	 8536.988229935145 
29.54 	 8630.48190905831 
29.56 	 8701.171772608517 
29.58 	 8745.929560720955 
29.6 	 8762.69094424456 
29.62 	 8750.540725121773 
29.64 	 8709.720663453145 
29.66 	 8641.565599960288 
29.68 	 8548.378814844593 
29.7 	 8433.260440199252 
29.72 	 8299.903640974195 
29.74 	 8152.372970090739 
29.76 	 7994.878573753973 
29.78 	 7831.559278043786 
29.8 	 7666.287089681424 
29.82 	 7502.504938036623 
29.84 	 7343.1079941403295 
29.86 	 7190.376108652598 
29.88 	 7045.960627593691 
29.9 	 6910.923373248161 
29.92 	 6785.819696838102 
29.94 	 6670.812300019168 
29.96 	 6565.799081086843 
29.98 	 6470.537396963495 
30.0 	 6384.749129498077 
30.02 	 6308.195475445001 
30.04 	 6240.7165716337195 
30.06 	 6182.237717680467 
30.08 	 6132.749826972021 
30.1 	 6092.275832884222 
30.12 	 6060.836572939144 
30.14 	 6038.429176916109 
30.16 	 6025.028664312956 
30.18 	 6020.620040796023 
30.2 	 6025.264400874411 
30.22 	 6039.198886204254 
30.24 	 6062.966936220267 
30.26 	 6097.571871236428 
30.28 	 6144.64306733199 
30.3 	 6206.599528805497 
30.32 	 6286.79065532419 
30.34 	 6389.589154580197 
30.36 	 6520.407686227038 
30.38 	 6685.610628535848 
30.4 	 6892.296962461944 
30.42 	 7147.940697761176 
30.44 	 7459.891462359674 
30.46 	 7834.758395439921 
30.48 	 8277.722517369386 
30.5 	 8791.842496372541 
30.52 	 9377.432088973632 
30.54 	 10031.590954205913 
30.56 	 10747.961897248419 
30.58 	 11516.76680047901 
30.6 	 12325.142759257937 
30.62 	 13157.763532821271 
30.64 	 13997.694994985242 
30.66 	 14827.402805433208 
30.68 	 15629.81116613963 
30.7 	 16389.3065489671 
30.72 	 17092.590397403415 
30.74 	 17729.308035354938 
30.76 	 18292.413097396624 
30.78 	 18778.262083367554 
30.8 	 19186.466268163473 
30.82 	 19519.553226521566 
30.84 	 19782.504533867796 
30.86 	 19982.23888403617 
30.88 	 20127.102172831965 
30.9 	 20226.410893412638 
30.92 	 20290.07614895346 
30.94 	 20328.31636045988 
30.96 	 20351.450289758923 
30.98 	 20369.750198365822 
31.0 	 20393.328591551017 
31.02 	 20432.03090777349 
31.04 	 20495.309975933615 
31.06 	 20592.065077489602 
31.08 	 20730.437950110027 
31.1 	 20917.568967357452 
31.12 	 21159.327852737206 
31.14 	 21460.04328813975 
31.16 	 21822.263120098956 
31.18 	 22246.57996955913 
31.2 	 22731.554589843017 
31.22 	 23273.760643280963 
31.24 	 23867.960094499125 
31.26 	 24507.39985420792 
31.28 	 25184.200585677005 
31.3 	 25889.79146032966 
31.32 	 26615.333980460397 
31.34 	 27352.07687050486 
31.36 	 28091.59396711294 
31.38 	 28825.877331112122 
31.4 	 29547.28546577055 
31.42 	 30248.376623104687 
31.44 	 30921.683700692698 
31.46 	 31559.50426807501 
31.48 	 32153.78229197386 
31.5 	 32696.145122216632 
31.52 	 33178.13140082693 
31.54 	 33591.60717234018 
31.56 	 33929.32568572676 
31.58 	 34185.54973637689 
31.6 	 34356.63226794232 
31.62 	 34441.447720933415 
31.64 	 34441.5860741731 
31.66 	 34361.261855628305 
31.68 	 34206.94500562171 
31.7 	 33986.778866304994 
31.72 	 33709.90022155015 
31.74 	 33385.80522564721 
31.76 	 33023.90453477027 
31.78 	 32633.377925729943 
31.8 	 32223.37703911155 
31.82 	 31803.545318954755 
31.84 	 31384.74253003228 
31.86 	 30979.795244688274 
31.88 	 30604.060479475687 
31.9 	 30275.59784818755 
31.92 	 30014.798591802744 
31.94 	 29843.410720531352 
31.96 	 29783.012843455435 
31.98 	 29853.10389286328 
32.0 	 30069.069034202417 
32.02 	 30440.333717994494 
32.04 	 30969.01538257842 
32.06 	 31649.32312603064 
32.08 	 32467.848095335772 
32.1 	 33404.749468207956 
32.12 	 34435.69723019386 
32.14 	 35534.309721828395 
32.16 	 36674.74398349417 
32.18 	 37834.07511390818 
32.2 	 38994.14102468108 
32.22 	 40142.62312377076 
32.24 	 41273.26335322563 
32.26 	 42385.258852088766 
32.28 	 43482.00101689751 
32.3 	 44569.413396763404 
32.32 	 45654.17844860762 
32.34 	 46742.1233563182 
32.36 	 47836.96777037984 
32.38 	 48939.538518428766 
32.4 	 50047.45042277689 
32.42 	 51155.161096929965 
32.44 	 52254.24935522745 
32.46 	 53333.75195393944 
32.48 	 54380.42214437418 
32.5 	 55378.836678097876 
32.52 	 56311.35887312248 
32.54 	 57158.04402840479 
32.56 	 57896.63066974888 
32.58 	 58502.78263237541 
32.6 	 58950.72657117727 
32.62 	 59214.36999073063 
32.64 	 59268.89752851201 
32.66 	 59092.745156448866 
32.68 	 58669.762672105826 
32.7 	 57991.312196027924 
32.72 	 57058.027119862694 
32.74 	 55880.977322103776 
32.76 	 54482.04945835266 
32.78 	 52893.44526130244 
32.8 	 51156.31034216859 
32.82 	 49318.6131317057 
32.84 	 47432.481697833464 
32.86 	 45551.26269656956 
32.88 	 43726.58517696658 
32.9 	 42005.69263338957 
32.92 	 40429.255960342176 
32.94 	 39029.80859092309 
32.96 	 37830.86585817011 
32.98 	 36846.715720994514 
33.0 	 36082.80693695729 
33.02 	 35536.61896818937 
33.04 	 35198.8764209924 
33.06 	 35054.96701649716 
33.08 	 35086.43112036808 
33.1 	 35272.40740969258 
33.12 	 35590.93909710833 
33.14 	 36020.06604212433 
33.16 	 36538.64989110051 
33.18 	 37126.90322488126 
33.2 	 37766.620693491284 
33.22 	 38441.14012296529 
33.24 	 39135.09230610621 
33.26 	 39834.0252258239 
33.28 	 40524.00618237323 
33.3 	 41191.308457295694 
33.32 	 41822.27465615356 
33.34 	 42403.41717003194 
33.36 	 42921.77173306148 
33.38 	 43365.47064010689 
33.4 	 43724.45733756344 
33.42 	 43991.232802351245 
33.44 	 44161.51268729457 
33.46 	 44234.68476441266 
33.48 	 44213.98626826026 
33.5 	 44106.363977736 
33.52 	 43922.02766182079 
33.54 	 43673.75099331717 
33.56 	 43376.00596852242 
33.58 	 43044.03291454757 
33.6 	 42692.947310451 
33.62 	 42336.96888086085 
33.64 	 41988.83184203789 
33.66 	 41659.40291690404 
33.68 	 41357.50095718233 
33.7 	 41089.88324926289 
33.72 	 40861.342389982805 
33.74 	 40674.84649347575 
33.76 	 40531.65588430184 
33.78 	 40431.36173599406 
33.8 	 40371.81551414118 
33.82 	 40348.95032499478 
33.84 	 40356.53244928681 
33.86 	 40385.91789233427 
33.88 	 40425.917853012965 
33.9 	 40462.89132036935 
33.92 	 40481.17614760902 
33.94 	 40463.938012534694 
33.96 	 40394.4597591823 
33.98 	 40257.81691504755 
34.0 	 40042.79911062435 
34.02 	 39743.856312923366 
34.04 	 39362.78980980383 
34.06 	 38909.88616305821 
34.08 	 38404.21867831617 
34.1 	 37872.918507080976 
34.12 	 37349.3401453912 
34.14 	 36870.19839530207 
34.16 	 36471.91315934797 
34.18 	 36186.538623685134 
34.2 	 36037.749599303046 
34.22 	 36037.39119857065 
34.24 	 36183.059572151746 
34.26 	 36457.0738123343 
34.28 	 36827.036548799035 
34.3 	 37247.986561691454 
34.32 	 37665.949366348694 
34.34 	 38022.51988947425 
34.36 	 38259.98925333731 
34.38 	 38326.47119136707 
34.4 	 38180.49807957825 
34.42 	 37794.63647083097 
34.44 	 37157.80251401412 
34.46 	 36276.11753244733 
34.48 	 35172.30963038477 
34.5 	 33883.816271440104 
34.52 	 32459.857961293495 
34.54 	 30957.82418044533 
34.56 	 29439.33708568133 
34.58 	 27966.340844847196 
34.6 	 26597.51453862105 
34.62 	 25385.236623120123 
34.64 	 24373.251118439213 
34.66 	 23595.10981867191 
34.68 	 23073.397310850763 
34.7 	 22819.68931643598 
34.72 	 22835.150029260865 
34.74 	 23111.63965577775 
34.76 	 23633.17840147117 
34.78 	 24377.598045580096 
34.8 	 25318.208835459016 
34.82 	 26425.32042502858 
34.84 	 27667.483311607317 
34.86 	 29012.362116240463 
34.88 	 30427.211339236124 
34.9 	 31878.99139855439 
34.92 	 33334.228061818205 
34.94 	 34758.77034992931 
34.96 	 36117.629801999276 
34.98 	 37375.08006528323 
35.0 	 38495.1579351272 
35.02 	 39442.639570815445 
35.04 	 40184.479204914824 
35.06 	 40691.60718335568 
35.08 	 40940.90600512347 
35.1 	 40917.13161840046 
35.12 	 40614.53206494656 
35.14 	 40037.93927817955 
35.16 	 39203.16785587637 
35.18 	 38136.636399655596 
35.2 	 36874.21847820183 
35.22 	 35459.41685293092 
35.24 	 33941.024014167066 
35.26 	 32370.476290098144 
35.28 	 30799.124872850545 
35.3 	 29275.636865249016 
35.32 	 27843.70823313144 
35.34 	 26540.225596618813 
35.36 	 25393.962646208627 
35.38 	 24424.846208065817 
35.4 	 23643.78150919863 
35.42 	 23052.989015304374 
35.44 	 22646.77762155824 
35.46 	 22412.660941781563 
35.48 	 22332.714094518255 
35.5 	 22385.06645529761 
35.52 	 22545.43000399301 
35.54 	 22788.57196735792 
35.56 	 23089.653481876776 
35.58 	 23425.37218216056 
35.6 	 23774.86516503987 
35.62 	 24120.348735241296 
35.64 	 24447.491474355335 
35.66 	 24745.53600043109 
35.68 	 25007.20072609593 
35.7 	 25228.404616013315 
35.72 	 25407.864562767314 
35.74 	 25546.616476916184 
35.76 	 25647.508237151247 
35.78 	 25714.706552635937 
35.8 	 25753.25200829541 
35.82 	 25768.68829295754 
35.84 	 25766.783482343195 
35.86 	 25753.353277613125 
35.88 	 25734.187908015472 
35.9 	 25715.075645079487 
35.92 	 25701.90666170969 
35.94 	 25700.832133420907 
35.96 	 25718.44649805557 
35.98 	 25761.957386870843 
36.0 	 25839.309271368656 
36.02 	 25959.233729950294 
36.04 	 26131.21049994944 
36.06 	 26365.336944558687 
36.08 	 26672.116231781554 
36.1 	 27062.18337178909 
36.12 	 27545.99109776625 
36.14 	 28133.4737170708 
36.16 	 28833.697623581094 
36.18 	 29654.494910151672 
36.2 	 30602.065269001738 
36.22 	 31680.525121302282 
36.24 	 32891.38491244154 
36.26 	 34232.94737941274 
36.28 	 35699.64081334612 
36.3 	 37281.32905101465 
36.32 	 38962.669242637305 
36.34 	 40722.613154804894 
36.36 	 42534.16145170845 
36.38 	 44364.47771657725 
36.4 	 46175.44697111724 
36.42 	 47924.722549271675 
36.44 	 49567.24962020321 
36.46 	 51057.19113839893 
36.48 	 52350.122531804496 
36.5 	 53405.31550187063 
36.52 	 54187.907725283 
36.54 	 54670.759234000405 
36.56 	 54835.82814682675 
36.58 	 54674.95344678446 
36.6 	 54190.00162569317 
36.62 	 53392.40583942594 
36.64 	 52302.189281234874 
36.66 	 50946.609582768746 
36.68 	 49358.58292759499 
36.7 	 47575.04460128105 
36.72 	 45635.38060178505 
36.74 	 43580.02945217773 
36.76 	 41449.31256125186 
36.78 	 39282.5129439631 
36.8 	 37117.191503850045 
36.82 	 34988.71034726703 
36.84 	 32929.9239101571 
36.86 	 30970.998937664135 
36.88 	 29139.3301267522 
36.9 	 27459.525782351655 
36.92 	 25953.444035474564 
36.94 	 24640.263181053582 
36.96 	 23536.569195060332 
36.98 	 22656.440568581085 
37.0 	 22011.50729294104 
37.02 	 21610.959503133454 
37.04 	 21461.483925958968 
37.06 	 21567.11393385489 
37.08 	 21928.991458449036 
37.1 	 22545.05477499877 
37.12 	 23409.682756961447 
37.14 	 24513.340696481333 
37.16 	 25842.282447686073 
37.18 	 27378.36648991594 
37.2 	 29099.038707240346 
37.22 	 30977.52274203269 
37.24 	 32983.24142184322 
37.26 	 35082.47257050748 
37.28 	 37239.22245116081 
37.3 	 39416.28288652262 
37.32 	 41576.42572018834 
37.34 	 43683.68148180113 
37.36 	 45704.64727552921 
37.38 	 47609.77015576339 
37.4 	 49374.553958889104 
37.42 	 50980.637124208595 
37.44 	 52416.68481356324 
37.46 	 53679.03076890291 
37.48 	 54771.99522704147 
37.5 	 55707.79936860455 
37.52 	 56506.00004922968 
37.54 	 57192.38665343633 
37.56 	 57797.31863701097 
37.58 	 58353.537926545694 
37.6 	 58893.56040867363 
37.62 	 59446.826078898324 
37.64 	 60036.85514979664 
37.66 	 60678.70316024449 
37.68 	 61377.018943659314 
37.7 	 62124.97679572751 
37.72 	 62904.27696344355 
37.74 	 63686.293602448844 
37.76 	 64434.31145981728 
37.78 	 65106.65228093006 
37.8 	 65660.37192507261 
37.82 	 66055.12971052199 
37.84 	 66256.80643731113 
37.86 	 66240.48126946682 
37.88 	 65992.46417351552 
37.9 	 65511.20468789523 
37.92 	 64807.03828939673 
37.94 	 63900.86596019268 
37.96 	 62821.971408953286 
37.98 	 61605.25130019393 
38.0 	 60288.16294749264 
38.02 	 58907.68548626572 
38.04 	 57497.55446388366 
38.06 	 56085.97803815877 
38.08 	 54693.98602776478 
38.1 	 53334.50739680998 
38.12 	 52012.21917293137 
38.14 	 50724.15852439991 
38.16 	 49461.036866992494 
38.18 	 48209.139211982954 
38.2 	 46952.63600988172 
38.22 	 45676.08526525471 
38.24 	 44366.86946770645 
38.26 	 43017.30494170893 
38.28 	 41626.18754062793 
38.3 	 40199.599276823 
38.32 	 38750.88929238328 
38.34 	 37299.8466657208 
38.36 	 35871.184890647404 
38.38 	 34492.54102507602 
38.4 	 33192.2426197079 
38.42 	 31997.10540549915 
38.44 	 30930.495244177164 
38.46 	 30010.827473285564 
38.48 	 29250.599194825343 
38.5 	 28655.97084673894 
38.52 	 28226.846543873304 
38.54 	 27957.357792502873 
38.56 	 27836.63603539763 
38.58 	 27849.764000185 
38.6 	 27978.817384703612 
38.62 	 28203.937956388945 
38.64 	 28504.407479391353 
38.66 	 28859.711700469543 
38.68 	 29250.59080462484 
38.7 	 29660.066849742056 
38.72 	 30074.422621285612 
38.74 	 30484.085464249587 
38.76 	 30884.350459205107 
38.78 	 31275.866108739014 
38.8 	 31664.807332656415 
38.82 	 32062.677481336646 
38.84 	 32485.71277844899 
38.86 	 32953.9055957706 
38.88 	 33489.7111197157 
38.9 	 34116.547369521024 
38.92 	 34857.232640631126 
38.94 	 35732.51956732075 
38.96 	 36759.87574738448 
38.98 	 37952.62554965559 
39.0 	 39319.509250771436 
39.02 	 40864.64181933908 
39.04 	 42587.77653744176 
39.06 	 44484.71293584876 
39.08 	 46547.64913235967 
39.1 	 48765.277709920956 
39.12 	 51122.468052448414 
39.14 	 53599.46472904612 
39.16 	 56170.65008747733 
39.18 	 58803.05033709144 
39.2 	 61454.88310846342 
39.22 	 64074.52458010308 
39.24 	 66600.29362302848 
39.26 	 68961.39606314056 
39.28 	 71080.24408299627 
39.3 	 72876.17836377324 
39.32 	 74270.40114240108 
39.34 	 75191.71292391155 
39.36 	 75582.47236954236 
39.38 	 75404.10101619129 
39.4 	 74641.4533558397 
39.42 	 73305.47347839907 
39.44 	 71433.74928774667 
39.46 	 69088.82593640643 
39.48 	 66354.41285710964 
39.5 	 63329.87162965447 
39.52 	 60123.567342281814 
39.54 	 56845.77741003884 
39.56 	 53601.86725625066 
39.58 	 50486.36598415965 
39.6 	 47578.425087364885 
39.62 	 44938.94668936363 
39.64 	 42609.45595139092 
39.66 	 40612.59478475737 
39.68 	 38953.954668706516 
39.7 	 37624.86065080774 
39.72 	 36605.67280731387 
39.74 	 35869.18346974937 
39.76 	 35383.749537715565 
39.78 	 35115.89567291328 
39.8 	 35032.23999676123 
39.82 	 35100.712345364096 
39.84 	 35291.14055568277 
39.86 	 35575.35980062026 
39.88 	 35927.044959695224 
39.9 	 36321.472932918594 
39.92 	 36735.39289905402 
39.94 	 37147.125360587626 
39.96 	 37536.93710442084 
39.98 	 37887.66276355056 
40.0 	 38185.47802218168 
40.02 	 38420.68554969255 
40.04 	 38588.35892269636 
40.06 	 38688.70324043523 
40.08 	 38727.029894432264 
40.1 	 38713.29909468783 
40.12 	 38661.247147963775 
40.14 	 38587.175713686425 
40.16 	 38508.52832850067 
40.18 	 38442.408982614135 
40.2 	 38404.205187832486 
40.22 	 38406.46367362594 
40.24 	 38458.133189193606 
40.26 	 38564.2406074502 
40.28 	 38726.00982940759 
40.3 	 38941.37494107965 
40.32 	 39205.7870045486 
40.34 	 39513.17471423403 
40.36 	 39856.89875330605 
40.38 	 40230.541957360896 
40.4 	 40628.403526037044 
40.42 	 41045.61337591826 
40.44 	 41477.84660481499 
40.46 	 41920.689054471884 
40.48 	 42368.77207555315 
40.5 	 42814.84625623449 
40.52 	 43248.99001091383 
40.54 	 43658.14299758001 
40.56 	 44026.1149265302 
40.58 	 44334.1519289432 
40.6 	 44562.055347000685 
40.62 	 44689.75577913515 
40.64 	 44699.164346517675 
40.66 	 44576.06806694444 
40.68 	 44311.817423613975 
40.7 	 43904.57587047203 
40.72 	 43359.959975766506 
40.74 	 42690.98516493273 
40.76 	 41917.33057534547 
40.78 	 41064.03025249298 
40.8 	 40159.77085405906 
40.82 	 39235.01643751936 
40.84 	 38320.18335280987 
40.86 	 37444.05443002743 
40.88 	 36632.55975033611 
40.9 	 35907.97423596161 
40.92 	 35288.50513014525 
40.94 	 34788.179475606 
40.96 	 34416.903973998116 
40.98 	 34180.56301489522 
41.0 	 34081.045069062326 
41.02 	 34116.13705467704 
41.04 	 34279.29001165774 
41.06 	 34559.32401273455 
41.08 	 34940.191944963524 
41.1 	 35400.94909369174 
41.12 	 35916.07129514108 
41.14 	 36456.22768464294 
41.16 	 36989.5500156233 
41.18 	 37483.359988059274 
41.2 	 37906.233451255466 
41.22 	 38230.21103572044 
41.24 	 38432.921844421835 
41.26 	 38499.37858469752 
41.28 	 38423.23074164584 
41.3 	 38207.32210212371 
41.32 	 37863.47957697254 
41.34 	 37411.54808587607 
41.36 	 36877.76731566568 
41.38 	 36292.64916340959 
41.4 	 35688.55307306825 
41.42 	 35097.169176989264 
41.44 	 34547.10987117477 
41.46 	 34061.78589724516 
41.48 	 33657.71052914733 
41.5 	 33343.34087134304 
41.52 	 33118.53142469489 
41.54 	 32974.641669190234 
41.56 	 32895.30397554693 
41.58 	 32857.81784084489 
41.6 	 32835.09001748019 
41.62 	 32797.98946655573 
41.64 	 32717.936712519342 
41.66 	 32569.507418255038 
41.68 	 32332.80909214443 
41.7 	 31995.395507620797 
41.72 	 31553.51950069783 
41.74 	 31012.58969279105 
41.76 	 30386.78298159945 
41.78 	 29697.860297236675 
41.8 	 28973.32365894151 
41.82 	 28244.12396384463 
41.84 	 27542.17042112665 
41.86 	 26897.898683839616 
41.88 	 26338.126366988487 
41.9 	 25884.368488390675 
41.92 	 25551.712453675984 
41.94 	 25348.275534216446 
41.96 	 25275.1997790329 
41.98 	 25327.089539257377 
42.0 	 25492.770482020813 
42.02 	 25756.246435374378 
42.04 	 26097.747493594074 
42.06 	 26494.792224065706 
42.08 	 26923.219902369885 
42.1 	 27358.177374193754 
42.12 	 27775.063509573632 
42.14 	 28150.439613487408 
42.16 	 28462.907410892003 
42.18 	 28693.941121918233 
42.2 	 28828.642291489665 
42.22 	 28856.37138624272 
42.24 	 28771.203552870804 
42.26 	 28572.159957681088 
42.28 	 28263.180678218065 
42.3 	 27852.827520164155 
42.32 	 27353.73094285343 
42.34 	 26781.819456496007 
42.36 	 26155.38802834403 
42.38 	 25494.071515048225 
42.4 	 24817.789466597584 
42.42 	 24145.721541035688 
42.44 	 23495.361500623796 
42.46 	 22881.68614422496 
42.48 	 22316.466793568205 
42.5 	 21807.746778565324 
42.52 	 21359.5083896224 
42.54 	 20971.554631287865 
42.56 	 20639.631153236856 
42.58 	 20355.808075256427 
42.6 	 20109.127255838375 
42.62 	 19886.497246965675 
42.64 	 19673.787881986074 
42.66 	 19457.043987534515 
42.68 	 19223.709731902854 
42.7 	 18963.738596142313 
42.72 	 18670.4644548162 
42.74 	 18341.129390485425 
42.76 	 17977.002324143028 
42.78 	 17583.07402044833 
42.8 	 17167.370141566284 
42.82 	 16739.975014119806 
42.84 	 16311.895577574438 
42.86 	 15893.911196684487 
42.88 	 15495.548260332029 
42.9 	 15124.290818591277 
42.92 	 14785.095869292465 
42.94 	 14480.232703734506 
42.96 	 14209.418967599966 
42.98 	 13970.189525182093 
43.0 	 13758.412851833125 
43.02 	 13568.86508872972 
43.04 	 13395.782269715415 
43.06 	 13233.33218109387 
43.08 	 13075.973113727425 
43.1 	 12918.691728029831 
43.12 	 12757.131927615152 
43.14 	 12587.638573045939 
43.16 	 12407.243809216056 
43.18 	 12213.621335264179 
43.2 	 12005.027838750235 
43.22 	 11780.243960258982 
43.24 	 11538.521797163923 
43.26 	 11279.54311131813 
43.28 	 11003.391728853125 
43.3 	 10710.543724714917 
43.32 	 10401.878103806048 
43.34 	 10078.707463737566 
43.36 	 9742.822247146878 
43.38 	 9396.534709247613 
43.4 	 9042.701845158175 
43.42 	 8684.70297231501 
43.44 	 8326.349794537524 
43.46 	 7971.715658804584 
43.48 	 7624.88556698388 
43.5 	 7289.6466213179565 
43.52 	 6969.155883482378 
43.54 	 6665.634656893464 
43.56 	 6380.141332382305 
43.58 	 6112.467420588663 
43.6 	 5861.18395527437 
43.62 	 5623.84123458456 
43.64 	 5397.298739355523 
43.66 	 5178.139463784666 
43.68 	 4963.108515316669 
43.7 	 4749.5125536995 
43.72 	 4535.5248544313545 
43.74 	 4320.358453267451 
43.76 	 4104.293039030318 
43.78 	 3888.565211506091 
43.8 	 3675.1518427110764 
43.82 	 3466.489202017905 
43.84 	 3265.174647154814 
43.86 	 3073.6933797324464 
43.88 	 2894.201958310451 
43.9 	 2728.385886964385 
43.92 	 2577.393838473856 
43.94 	 2441.8386912914784 
43.96 	 2321.847419763217 
43.98 	 2217.1387212979885 
44.0 	 2127.108757311218 
44.02 	 2050.910349729264 
44.04 	 1987.517743975007 
44.06 	 1935.7758482763397 
44.08 	 1894.4381561703765 
44.1 	 1862.200333453358 
44.12 	 1837.7363500337444 
44.14 	 1819.7414065260477 
44.16 	 1806.9816852873012 
44.18 	 1798.346457175453 
44.2 	 1792.8946692790375 
44.22 	 1789.8869150272599 
44.24 	 1788.7951634774265 
44.26 	 1789.2865793090718 
44.28 	 1791.1832634414243 
44.3 	 1794.4053542405966 
44.32 	 1798.9090969296856 
44.34 	 1804.6329717896426 
44.36 	 1811.463210315786 
44.38 	 1819.2253392349005 
44.4 	 1827.701916938891 
44.42 	 1836.6700398133264 
44.44 	 1845.947247467395 
44.46 	 1855.4324820228687 
44.48 	 1865.1302988353693 
44.5 	 1875.15117369932 
44.52 	 1885.6872537806555 
44.54 	 1896.9695123334957 
44.56 	 1909.217234750268 
44.58 	 1922.5927937324548 
44.6 	 1937.1732749435573 
44.62 	 1952.9461167703005 
44.64 	 1969.8297327292748 
44.66 	 1987.7137371966598 
44.68 	 2006.5085378851584 
44.7 	 2026.1919079226125 
44.72 	 2046.8411937053825 
44.74 	 2068.6437045407174 
44.76 	 2091.8834938687455 
44.78 	 2116.908671770534 
44.8 	 2144.088035265016 
44.82 	 2173.767973353412 
44.84 	 2206.239762833059 
44.86 	 2241.723773430908 
44.88 	 2280.3717201914524 
44.9 	 2322.282373113888 
44.92 	 2367.521582384066 
44.94 	 2416.1353186729266 
44.96 	 2468.1452608200534 
44.98 	 2523.5201259766545 
45.0 	 2582.121567847632 
45.02 	 2643.629747824407 
45.04 	 2707.459188086785 
45.06 	 2772.67907704337 
45.08 	 2837.953167557243 
45.1 	 2901.512759824162 
45.12 	 2961.1725087948407 
45.14 	 3014.39378290681 
45.16 	 3058.3949245143153 
45.18 	 3090.3027428258233 
45.2 	 3107.3353266651534 
45.22 	 3107.002930572355 
45.24 	 3087.311239386621 
45.26 	 3046.9497447495646 
45.28 	 2985.4474151679547 
45.3 	 2903.278637645668 
45.32 	 2801.904971564563 
45.34 	 2683.742896551873 
45.36 	 2552.054436126363 
45.38 	 2410.76578244301 
45.4 	 2264.227795835356 
45.42 	 2116.9400899278808 
45.44 	 1973.2658407438628 
45.46 	 1837.1662662407152 
45.48 	 1711.9813262661098 
45.5 	 1600.276833637187 
45.52 	 1503.768909250808 
45.54 	 1423.3262273710675 
45.56 	 1359.0406786519743 
45.58 	 1310.349616714101 
45.6 	 1276.1888533851852 
45.62 	 1255.1553315860035 
45.64 	 1245.6614314639103 
45.66 	 1246.0680435901606 
45.68 	 1254.7894820776762 
45.7 	 1270.3687029783675 
45.72 	 1291.5252102138654 
45.74 	 1317.1800769307772 
45.76 	 1346.4628148578533 
45.78 	 1378.703902015651 
45.8 	 1413.4153145091811 
45.82 	 1450.260046276321 
45.84 	 1489.0108003023338 
45.86 	 1529.498010850856 
45.88 	 1571.548102951908 
45.9 	 1614.914255172253 
45.92 	 1659.2036676270893 
45.94 	 1703.807178353525 
45.96 	 1747.8387235844323 
45.98 	 1790.0932762935313 
46.0 	 1829.0321689933735 
46.02 	 1862.8037663394705 
46.04 	 1889.305046012892 
46.06 	 1906.2857174618437 
46.08 	 1911.491302255013 
46.1 	 1902.8357096089255 
46.12 	 1878.5881660728817 
46.14 	 1837.5549678297482 
46.16 	 1779.234437809605 
46.18 	 1703.9244146701558 
46.2 	 1612.7658012175852 
46.22 	 1507.7127666893455 
46.24 	 1391.429151926276 
46.26 	 1267.120065944447 
46.28 	 1138.3160310558376 
46.3 	 1008.6329381221598 
46.32 	 881.5335663209819 
46.34 	 760.11518609597 
46.36 	 646.9431578051398 
46.38 	 543.943393667563 
46.4 	 452.3583561390428 
46.42 	 372.7632941243452 
46.44 	 305.1328584810527 
46.46 	 248.94389547882355 
46.48 	 203.29841486348167 
46.5 	 167.0513215474101 
46.52 	 138.9299732123868 
46.54 	 117.63625693359397 
46.56 	 101.92590193634959 
46.58 	 90.66350024740284 
46.6 	 82.85472442210775 
46.62 	 77.6592733594611 
46.64 	 74.38911812546688 
46.66 	 72.49679566369976 
46.68 	 71.5580391449463 
46.7 	 71.25219774387581 
46.72 	 71.34292108086147 
46.74 	 71.66064512023615 
46.76 	 72.08763123011455 
46.78 	 72.54572995290974 
46.8 	 72.98666816541795 
46.82 	 73.38446323605297 
46.84 	 73.72950586678857 
46.86 	 74.02387789202227 
46.88 	 74.27754226157565 
46.9 	 74.50513017824633 
46.92 	 74.72313639327432 
46.94 	 74.94740885492891 
46.96 	 75.19088071983026 
46.98 	 75.46154231561886 
47.0 	 75.76069032154187 
47.02 	 76.08152295365916 
47.04 	 76.4081734410772 
47.06 	 76.71528780354531 
47.08 	 76.96825359673369 
47.1 	 77.12416994755888 
47.12 	 77.13361258023627 
47.14 	 76.94318948972477 
47.16 	 76.4988058041528 
47.18 	 75.74946691865529 
47.2 	 74.6513583202064 
47.22 	 73.17186315945654 
47.24 	 71.29313026437745 
47.26 	 69.01479983557198 
47.28 	 66.35554034946331 
47.3 	 63.35314921459336 
47.32 	 60.063113126572 
47.34 	 56.55569451102352 
47.36 	 52.91178399805891 
47.38 	 49.21790910825651 
47.4 	 45.56089233478826 
47.42 	 42.02269099221027 
47.44 	 38.675920794752415 
47.46 	 35.580471458733555 
47.48 	 32.78148288899795 
47.5 	 30.308789226174742 
47.52 	 28.17778201057198 
47.54 	 26.39151666164349 
47.56 	 24.94380437482633 
47.58 	 23.822999838370258 
47.6 	 23.01620816683448 
47.62 	 22.513676997626177 
47.64 	 22.313190827308972 
47.66 	 22.424322327169204 
47.68 	 22.872401520525003 
47.7 	 23.70202877167868 
47.72 	 24.97988361409444 
47.74 	 26.796483415337786 
47.76 	 29.26645015129981 
47.78 	 32.52678425416171 
47.8 	 36.73265725457565 
47.82 	 42.0503491569215 
47.84 	 48.647187138114944 
47.86 	 56.67868287166817 
47.88 	 66.27348501189293 
47.9 	 77.51720530934153 
47.92 	 90.43656783924598 
47.94 	 104.98559125429325 
47.96 	 121.03557356649486 
47.98 	 138.37046300481327 
48.0 	 156.68876097552214 
48.02 	 175.61245338616007 
48.04 	 194.70268679668035 
48.06 	 213.48110912176452 
48.08 	 231.4551050285977 
48.1 	 248.1446851035325 
48.12 	 263.10861145904227 
48.14 	 275.9674858742207 
48.16 	 286.4219586989086 
48.18 	 294.2648570040805 
48.2 	 299.38676608357605 
48.22 	 301.77530831722225 
48.24 	 301.50894274135123 
48.26 	 298.7464883841382 
48.28 	 293.7137314316143 
48.3 	 286.6884324795159 
48.32 	 277.98486123887477 
48.34 	 267.93872411604997 
48.36 	 256.89308430258126 
48.38 	 245.18565521910236 
48.4 	 233.1377002604805 
48.42 	 221.0446916042656 
48.44 	 209.16884528075008 
48.46 	 197.73362730395957 
48.48 	 186.9202886780428 
48.5 	 176.8664205345436 
48.52 	 167.66642604234386 
48.54 	 159.37369902959085 
48.56 	 152.0042042520594 
48.58 	 145.54109383106288 
48.6 	 139.93998264660388 
48.62 	 135.1345429461456 
48.64 	 131.042151872898 
48.66 	 127.56941212915054 
48.68 	 124.61744009116958 
48.7 	 122.0868571411984 
48.72 	 119.88241997307254 
48.74 	 117.91718955497599 
48.76 	 116.11608444081664 
48.78 	 114.41861788343377 
48.8 	 112.78060542455974 
48.82 	 111.17466840956862 
48.84 	 109.5894539977895 
48.86 	 108.02763305398871 
48.88 	 106.50289960980174 
48.9 	 105.03634706324964 
48.92 	 103.65270403256017 
48.94 	 102.37695095507638 
48.96 	 101.2317942886498 
48.98 	 100.23635159884343 
49.0 	 99.40621621527717 
49.02 	 98.75485424398163 
49.04 	 98.2960747201607 
49.06 	 98.0471395683998 
49.08 	 98.03197063049517 
49.1 	 98.28388179913917 
49.12 	 98.8473175689106 
49.14 	 99.77820484161069 
49.16 	 101.14270242858754 
49.18 	 103.01433618546687 
49.2 	 105.46970921703334 
49.22 	 108.58315050090049 
49.24 	 112.42079127324479 
49.26 	 117.03462331748402 
49.28 	 122.45709126596385 
49.3 	 128.6967039526526 
49.32 	 135.7350263083657 
49.34 	 143.52524788879745 
49.36 	 151.99233678045874 
49.38 	 161.03460248254402 
49.4 	 170.52633495493936 
49.42 	 180.32108527658272 
49.44 	 190.25512731751255 
49.46 	 200.15070069875102 
49.48 	 209.8187799703553 
49.5 	 219.06132339659482 
49.52 	 227.67319099725313 
49.54 	 235.4441384237375 
49.56 	 242.1614411099383 
49.58 	 247.61374013529777 
49.6 	 251.59660362585785 
49.62 	 253.92006662208212 
49.64 	 254.41807645712225 
49.66 	 252.95938113206714 
49.68 	 249.45902024184036 
49.7 	 243.88927893351766 
49.72 	 236.28880203728116 
49.74 	 226.76857443051748 
49.76 	 215.5136652143176 
49.78 	 202.7799904338929 
49.8 	 188.88583078740507 
49.82 	 174.19838822879117 
49.84 	 159.11621022868667 
49.86 	 144.04878369639803 
49.88 	 129.3949411566281 
49.9 	 115.52188443336469 
49.92 	 102.74659245351198 
49.94 	 91.32114219664707 
49.96 	 81.4230639806731 
49.98 	 73.15132609213298 
50.0 	 66.52796745989792 
50.02 	 61.504845253367094 
50.04 	 57.97450662198973 
50.06 	 55.78388417471536 
50.08 	 54.74938314909334 
50.1 	 54.67197646719035 
50.12 	 55.351126829425894 
50.14 	 56.596665894742685 
50.16 	 58.23812019407636 
50.18 	 60.131320932520445 
50.2 	 62.16241870049463 
50.22 	 64.24961074613731 
50.24 	 66.34296732264471 
50.26 	 68.42272768740864 
50.28 	 70.49635769665285 
50.3 	 72.59456236044011 
50.32 	 74.76637070119556 
50.34 	 77.07338817822682 
50.36 	 79.58335593637821 
50.38 	 82.36325600260255 
50.4 	 85.47232781317982 
50.42 	 88.95547402172848 
50.44 	 92.8375936408007 
50.46 	 97.11936237590601 
50.48 	 101.77487828112193 
50.5 	 106.75142206595349 
50.52 	 111.97137783949263 
50.54 	 117.33615920917255 
50.56 	 122.73181817721103 
50.58 	 128.03589578142405 
50.6 	 133.12500245425056 
50.62 	 137.8825794173296 
50.64 	 142.20627529536597 
50.66 	 146.01436870503437 
50.68 	 149.25068702330626 
50.7 	 151.88753614066866 
50.72 	 153.9262911856337 
50.74 	 155.39551790738153 
50.76 	 156.3467876457302 
50.78 	 156.8486737130821 
50.8 	 156.97970623963167 
50.82 	 156.8212402471857 
50.84 	 156.45119733172407 
50.86 	 155.93945234449907 
50.88 	 155.34528185566055 
50.9 	 154.71684945552545 
50.92 	 154.09228357022118 
50.94 	 153.5016164224542 
50.96 	 152.96877522697812 
50.98 	 152.5129676552824 
51.0 	 152.14913523334852 
51.02 	 151.88755805864042 
51.04 	 151.73305443025924 
51.06 	 151.68441584127262 
51.08 	 151.73468694572696 
51.1 	 151.87264792240265 
51.12 	 152.0854596067957 
51.14 	 152.36201393845545 
51.16 	 152.69622745044094 
51.18 	 153.08942565842761 
51.2 	 153.55112927130205 
51.22 	 154.09793056711547 
51.24 	 154.75063589429274 
51.26 	 155.5303094667523 
51.28 	 156.45415301081965 
51.3 	 157.53221035911716 
51.32 	 158.76568185928858 
51.34 	 160.1472306122385 
51.36 	 161.6631759207931 
51.38 	 163.297033260719 
51.4 	 165.03358850409384 
51.42 	 166.8626481532022 
51.44 	 168.78178002946862 
51.46 	 170.7976809647749 
51.48 	 172.92617222738934 
51.5 	 175.19111867824262 
51.52 	 177.62271302156267 
51.54 	 180.25553380058363 
51.56 	 183.12660506878575 
51.58 	 186.27343274111848 
51.6 	 189.73176331795923 
51.62 	 193.53269049265475 
51.64 	 197.6987737916084 
51.66 	 202.23903131314967 
51.68 	 207.1429788673282 
51.7 	 212.3742313052512 
51.72 	 217.8644706012182 
51.74 	 223.50874617442776 
51.76 	 229.16306516860462 
51.78 	 234.6450525046423 
51.8 	 239.73814658939153 
51.82 	 244.19940411051783 
51.84 	 247.7705814586005 
51.86 	 250.1917990336067 
51.88 	 251.21681921409774 
51.9 	 250.62880001987878 
51.92 	 248.2553274289721 
51.94 	 243.9815707483117 
51.96 	 237.76053280099273 
51.98 	 229.61956515323072 
52.0 	 219.66257536453693 
52.02 	 208.06765677872042 
52.04 	 195.08020854785877 
52.06 	 181.00196622454953 
52.08 	 166.17670585317254 
52.1 	 150.9736842980064 
52.12 	 135.7700987121947 
52.14 	 120.93395337135897 
52.16 	 106.80868624945457 
52.18 	 93.70072026491759 
52.2 	 81.87077546810441 
52.22 	 71.52934128169672 
52.24 	 62.83621459939232 
52.26 	 55.90352556188448 
52.28 	 50.80126739324689 
52.3 	 47.56408220904596 
52.32 	 46.197976680692946 
52.34 	 46.685770256872544 
52.36 	 48.990404575722025 
52.38 	 53.05572475439821 
52.4 	 58.804912386454845 
52.42 	 66.13731705171129 
52.44 	 74.92490054357535 
52.46 	 85.00978565244043 
52.48 	 96.20442285692614 
52.5 	 108.29562607427926 
52.52 	 121.05320355214755 
52.54 	 134.24319252396825 
52.56 	 147.64490738196832 
52.58 	 161.07026342028826 
52.6 	 174.3832704644942 
52.62 	 187.51730179203446 
52.64 	 200.48778226908 
52.66 	 213.3982951557168 
52.68 	 226.4387156512375 
52.7 	 239.87474214597134 
52.72 	 254.02900584545606 
52.74 	 269.254705718499 
52.76 	 285.90338296610605 
52.78 	 304.28899949799313 
52.8 	 324.65092596107735 
52.82 	 347.1187872323707 
52.84 	 371.6823455094442 
52.86 	 398.1696733532901 
52.88 	 426.2366936082357 
52.9 	 455.37063564837626 
52.92 	 484.90899476884323 
52.94 	 514.0741666566188 
52.96 	 542.0221475878452 
52.98 	 567.9017466654988 
53.0 	 590.9189522519029 
53.02 	 610.3997826556529 
53.04 	 625.8444558046001 
53.06 	 636.9662486651423 
53.08 	 643.710021153527 
53.1 	 646.2478774709232 
53.12 	 644.9524617821968 
53.14 	 640.3514360579189 
53.16 	 633.0692359427793 
53.18 	 623.7637968848071 
53.2 	 613.0663161096245 
53.22 	 601.5312296030969 
53.24 	 589.6016387467309 
53.26 	 577.5928092977781 
53.28 	 565.6935767196267 
53.3 	 553.9830118180217 
53.32 	 542.4579132318514 
53.34 	 531.0658157789184 
53.36 	 519.73826314085 
53.38 	 508.41994592934157 
53.4 	 497.0906877319022 
53.42 	 485.7788553041247 
53.44 	 474.56627145475727 
53.46 	 463.58588384800123 
53.48 	 453.01415173738195 
53.5 	 443.0603244533809 
53.52 	 433.9545650822013 
53.54 	 425.9363550053265 
53.56 	 419.2439702423642 
53.58 	 414.10521795989723 
53.6 	 410.7291951407788 
53.62 	 409.2986551513783 
53.64 	 409.9626436597607 
53.66 	 412.8293271591961 
53.68 	 417.95927198739287 
53.7 	 425.35971113064204 
53.72 	 434.9804544291907 
53.74 	 446.71200320723483 
53.76 	 460.3861420209587 
53.78 	 475.77888473774976 
53.8 	 492.6152788957588 
53.82 	 510.5753537956452 
53.84 	 529.3005262426371 
53.86 	 548.4000707136342 
53.88 	 567.4577466006732 
53.9 	 586.039206233363 
53.92 	 603.7011965513308 
53.94 	 620.0036416325285 
53.96 	 634.5253491011929 
53.98 	 646.8833274111962 
54.0 	 656.7546639693136 
54.02 	 663.8988309640456 
54.04 	 668.1774439393453 
54.06 	 669.5681653328419 
54.08 	 668.1697950432399 
54.1 	 664.1966453347089 
54.12 	 657.9619075290059 
54.14 	 649.851580358009 
54.16 	 640.2922521115566 
54.18 	 629.7172186141288 
54.2 	 618.5357807036291 
54.22 	 607.1099762617789 
54.24 	 595.7415531107564 
54.26 	 584.6699701376401 
54.28 	 574.0800527811613 
54.3 	 564.1160946363265 
54.32 	 554.898090947687 
54.34 	 546.5356519965757 
54.36 	 539.1359963886146 
54.38 	 532.8040639343924 
54.4 	 527.6348363943374 
54.42 	 523.6999439323979 
54.44 	 521.0321159304384 
54.46 	 519.6116768238287 
54.48 	 519.3589531297015 
54.5 	 520.1352291029318 
54.52 	 521.7530451365533 
54.54 	 523.9945860190103 
54.56 	 526.6351040311625 
54.58 	 529.4671518189107 
54.6 	 532.3211057519522 
54.62 	 535.0780947246407 
54.64 	 537.6728695032778 
54.66 	 540.0860540575453 
54.68 	 542.3272254849336 
54.7 	 544.4119819895437 
54.72 	 546.3372629225626 
54.74 	 548.0594979076808 
54.76 	 549.4796590087352 
54.78 	 550.4380967964358 
54.8 	 550.7203980348595 
54.82 	 550.0737091780061 
54.84 	 548.2313264606795 
54.86 	 544.9421103667544 
54.88 	 540.0006047079553 
54.9 	 533.2736929233796 
54.92 	 524.7201735684505 
54.94 	 514.4006700297557 
54.96 	 502.4766377125582 
54.98 	 489.19869881454014 
55.0 	 474.8859216648204 
55.02 	 459.89878979829393 
55.04 	 444.6093349150873 
55.06 	 429.3721495467856 
55.08 	 414.4997242057984 
55.1 	 400.24481234983284 
55.12 	 386.7914226222338 
55.14 	 374.2547341113922 
55.16 	 362.68892330428673 
55.18 	 352.10078259420663 
55.2 	 342.46627345431295 
55.22 	 333.7469078052475 
55.24 	 325.9031227501624 
55.26 	 318.9025515575968 
55.28 	 312.7221617288471 
55.3 	 307.3444370468248 
55.32 	 302.7489114893218 
55.34 	 298.9012236140182 
55.36 	 295.74230803785963 
55.38 	 293.180309893158 
55.4 	 291.08731751766754 
55.42 	 289.3021546349095 
55.44 	 287.63940959244417 
55.46 	 285.90378794730526 
55.48 	 283.9079350667051 
55.5 	 281.4912355430125 
55.52 	 278.5368518289432 
55.54 	 274.98444718218514 
55.56 	 270.8366136129197 
55.58 	 266.1579018939067 
55.6 	 261.06639307206643 
55.62 	 255.71880267289328 
55.64 	 250.291014569741 
55.66 	 244.9565698643295 
55.68 	 239.86589854099591 
55.7 	 235.12894501635103 
55.72 	 230.80332956842705 
55.74 	 226.88938730063705 
55.76 	 223.33245754220064 
55.78 	 220.0318041613207 
55.8 	 216.85467549711313 
55.82 	 213.653383717364 
55.84 	 210.2829799075774 
55.86 	 206.61715496189976 
55.88 	 202.56038553608218 
55.9 	 198.05499830092864 
55.92 	 193.0826369410607 
55.94 	 187.66045727029214 
55.96 	 181.83311869467116 
55.98 	 175.66217656700206 
56.0 	 169.21473719085753 
56.02 	 162.55318969813803 
56.04 	 155.72750130916685 
56.06 	 148.77102412626508 
56.08 	 141.70011396582865 
56.1 	 134.51721915284003 
56.12 	 127.2165661296475 
56.14 	 119.79122887854038 
56.16 	 112.2402605660512 
56.18 	 104.57468433323318 
56.2 	 96.82144189172385 
56.22 	 89.02481189666604 
56.24 	 81.24525194493316 
56.26 	 73.55601103371566 
56.28 	 66.03814529370406 
56.3 	 58.77471809367677 
56.32 	 51.84497438228051 
56.34 	 45.31917091294555 
56.36 	 39.254557101534544 
56.38 	 33.69277971927775 
56.4 	 28.658768999468446 
56.42 	 24.16098462474616 
56.44 	 20.19277496605592 
56.46 	 16.73453645469361 
56.48 	 13.756346356886644 
56.5 	 11.220769289380868 
56.52 	 9.085590851653484 
56.54 	 7.306296746443842 
56.56 	 5.8381814569094095 
56.58 	 4.638029287411576 
56.6 	 3.6653581884511235 
56.62 	 2.8832519120516307 
56.64 	 2.2588292263650738 
56.66 	 1.763411770363058 
56.68 	 1.3724566991598164 
56.7 	 1.0653186401177686 
56.72 	 0.8248995591930631 
56.74 	 0.6372365791529285 
56.76 	 0.49106797036454714 
56.78 	 0.377407544371701 
56.8 	 0.28914833741397966 
56.82 	 0.22070832529101955 
56.84 	 0.1677242654093232 
56.86 	 0.12679470695663256 
56.88 	 0.09526967100560402 
56.9 	 0.0710822920029486 
56.92 	 0.0526165833588498 
56.94 	 0.03860517880625552 
56.96 	 0.02805115884584934 
56.98 	 0.020168682919839892 
57.0 	 0.014337940473887615 
57.02 	 0.010070778680485934 
57.04 	 0.0069841719427595535 
57.06 	 0.004779412825437765 
57.08 	 0.0032254974407582688 
57.1 	 0.002145642950627748 
57.12 	 0.001406217833545711 
57.14 	 0.0009076033224625563 
57.16 	 0.0005766580554255235 
57.18 	 0.00036054956323781993 
57.2 	 0.00022176603993788983 
57.22 	 0.00013414670769590597 
57.24 	 7.9781555624044e-05 
57.26 	 4.6639637248558065e-05 
57.28 	 2.6794139802524017e-05 
57.3 	 1.5123996122032525e-05 
57.32 	 8.385964016228107e-06 
57.34 	 4.566921979685614e-06 
57.36 	 2.4423564716536e-06 
57.38 	 1.2824657241093674e-06 
57.4 	 6.6111245469976e-07 
57.42 	 3.3453697903772465e-07 
57.44 	 1.6615096512594903e-07 
57.46 	 8.098531529795368e-08 
57.48 	 3.873581993000925e-08 
57.5 	 1.8179588944535746e-08 
57.52 	 8.371148598716304e-09 
57.54 	 3.781668232385947e-09 
57.56 	 1.675905344748557e-09 
57.58 	 7.285442490591023e-10 
57.6 	 3.1065451674183946e-10 
57.62 	 1.299246704754929e-10 
57.64 	 5.329378552148097e-11 
57.66 	 2.143941818676404e-11 
57.68 	 8.458297425216058e-12 
57.7 	 3.2724267161054106e-12 
57.72 	 1.2415343365017258e-12 
57.74 	 4.618866273885714e-13 
57.76 	 1.6849500137589914e-13 
57.78 	 6.027008239037762e-14 
57.8 	 2.1138237234396223e-14 
57.82 	 7.269054356886727e-15 
57.84 	 2.4508682608867264e-15 
57.86 	 8.101890728498158e-16 
57.88 	 2.625846184557617e-16 
57.9 	 8.343752360712282e-17 
57.92 	 2.5992978430959145e-17 
57.94 	 7.938656552162319e-18 
57.96 	 2.376996758637094e-18 
57.98 	 6.977430035030805e-19 
58.0 	 2.0079034751811421e-19 
58.02 	 5.664558868330055e-20 
58.04 	 1.566610738078162e-20 
58.06 	 4.247407937838542e-21 
58.08 	 1.1288887249404342e-21 
58.1 	 2.9412995733376334e-22 
58.12 	 7.51251353577061e-23 
58.14 	 1.8809891941783636e-23 
58.16 	 4.6167856059996496e-24 
58.18 	 1.1108182971309236e-24 
58.2 	 2.6199558023082597e-25 
58.22 	 6.057457855801099e-26 
58.24 	 1.372872973452634e-26 
58.26 	 3.0500853147560937e-27 
58.28 	 6.642530894556122e-28 
58.3 	 1.418056538204154e-28 
58.32 	 2.9674976973797987e-29 
58.34 	 6.0872722837268025e-30 
58.36 	 1.2240221175406595e-30 
58.38 	 2.4126192831022328e-31 
58.4 	 4.6614409626765447e-32 
58.42 	 8.828407937875478e-33 
58.44 	 1.6389829013540813e-33 
58.46 	 2.9826023656051e-34 
58.48 	 5.32040063087907e-35 
58.5 	 9.302947093372879e-36 
58.52 	 1.594495312920927e-36 
58.54 	 2.678870477018965e-37 
58.56 	 4.411693118240161e-38 
58.58 	 7.121694851278612e-39 
58.6 	 1.1268998763604742e-39 
58.62 	 1.7478761527201623e-40 
58.64 	 2.6574115861221846e-41 
58.66 	 3.960311520638549e-42 
58.68 	 5.78524529455482e-43 
58.7 	 8.283915933533424e-44 
58.72 	 1.1627080063187053e-44 
58.74 	 1.5996550446283182e-45 
58.76 	 2.1572593400503834e-46 
58.78 	 2.8516641911852088e-47 
58.8 	 3.6949970574109693e-48 
58.82 	 4.692985417853359e-49 
58.84 	 5.842563288706891e-50 
58.86 	 7.129786001208915e-51 
58.88 	 8.528411817427327e-52 
58.9 	 9.999497948648875e-53 
58.92 	 1.1492284528628464e-53 
58.94 	 1.2946502994045967e-54 
58.96 	 1.4296058492816909e-55 
58.98 	 1.547382581047164e-56 
59.0 	 1.641710065815026e-57 
59.02 	 1.7073101458298297e-58 
59.04 	 1.7403853790202497e-59 
59.06 	 1.7389829595427158e-60 
59.08 	 1.703185614497223e-61 
59.1 	 1.635103522417523e-62 
59.12 	 1.5386683517598668e-63 
59.14 	 1.4192573796428351e-64 
59.16 	 1.2831976646438658e-65 
59.18 	 1.1372137753425962e-66 
59.2 	 9.878857313853816e-68 
59.22 	 8.411767622624823e-69 
59.24 	 7.020752802711573e-70 
59.26 	 5.743754537026514e-71 
59.28 	 4.605998090392881e-72 
59.3 	 3.620489140683047e-73 
59.32 	 2.7894994778749467e-74 
59.34 	 2.106690752912146e-75 
59.36 	 1.5595190922311183e-76 
59.38 	 1.131607824929909e-77 
59.4 	 8.04852813684928e-79 
59.42 	 5.611154320063519e-80 
59.44 	 3.834450419856844e-81 
59.46 	 2.5684384097447397e-82 
59.48 	 1.6863598432229497e-83 
59.5 	 1.0852914158991443e-84 
59.52 	 6.84632418411205e-86 
59.54 	 4.23334326716782e-87 
59.56 	 2.5658094749497963e-88 
59.58 	 1.524334150226587e-89 
59.6 	 8.876684284904737e-91 
59.62 	 5.06682789706003e-92 
59.64 	 2.834890474527621e-93 
59.66 	 1.5547162485434036e-94 
59.68 	 8.357582681653607e-96 
59.7 	 4.4037726448352855e-97 
59.72 	 2.2744884380764564e-98 
59.74 	 1.1514820931386657e-99 
59.76 	 5.714065709088667e-101 
59.78 	 2.7793794069847408e-102 
59.8 	 1.3251498202420093e-103 
59.82 	 6.1929368146005476e-105 
59.84 	 2.836892090614484e-106 
59.86 	 1.2738065136329833e-107 
59.88 	 5.606328964984809e-109 
59.9 	 2.418622760949459e-110 
59.92 	 1.022756205469957e-111 
59.94 	 4.239264601471471e-113 
59.96 	 1.7223575973858658e-114 
59.98 	 6.859153312485131e-116 
