0.0 	 0.011607572131095542 
0.02 	 0.012300003548799603 
0.04 	 0.012765113430010862 
0.06 	 0.01305626882164051 
0.08 	 0.013149202236225004 
0.1 	 0.013082919654475734 
0.12 	 0.012866439668153089 
0.14 	 0.012543232291836015 
0.16 	 0.01214427157207268 
0.18 	 0.011714924582028533 
0.2 	 0.011292641497927504 
0.22 	 0.01091613878014812 
0.24 	 0.010614724170667696 
0.26 	 0.010412774996118267 
0.28 	 0.010321897898762783 
0.3 	 0.01034859428458238 
0.32 	 0.01048399154848174 
0.34 	 0.010718270660641257 
0.36 	 0.011025459652659197 
0.38 	 0.011385106132432576 
0.4 	 0.011761891710276933 
0.42 	 0.012132617159379631 
0.44 	 0.012462582739715343 
0.46 	 0.012733833487775053 
0.48 	 0.012922014883080712 
0.5 	 0.013020646765633748 
0.52 	 0.013022540028316064 
0.54 	 0.012935688943125067 
0.56 	 0.012771751382812946 
0.58 	 0.012552111538594325 
0.6 	 0.012303031613343353 
0.62 	 0.012054224544781725 
0.64 	 0.011837618834810168 
0.66 	 0.011683523751273864 
0.68 	 0.0116187151206326 
0.7 	 0.011666000738181628 
0.72 	 0.011837546284921577 
0.74 	 0.012142784435461493 
0.76 	 0.012573770099067549 
0.78 	 0.013124850743902294 
0.8 	 0.013767897534690831 
0.82 	 0.014485213402422252 
0.84 	 0.015234099473887501 
0.86 	 0.01599165062300386 
0.88 	 0.016710792486095444 
0.9 	 0.017371886839423 
0.92 	 0.017935587680844817 
0.94 	 0.01839295409499524 
0.96 	 0.018722450845763704 
0.98 	 0.01892975631611934 
1.0 	 0.019015280248252872 
1.02 	 0.01899818023144602 
1.04 	 0.01889698516057553 
1.06 	 0.0187381637891126 
1.08 	 0.018547935149051745 
1.1 	 0.018350968318927078 
1.12 	 0.01816867022362426 
1.14 	 0.018015590116830522 
1.16 	 0.017899348396843474 
1.18 	 0.017820572499337897 
1.2 	 0.01777144497594831 
1.22 	 0.0177410071747931 
1.24 	 0.01771178700869462 
1.26 	 0.017668245930421114 
1.28 	 0.017593072370935645 
1.3 	 0.01747417705481662 
1.32 	 0.017303255638597276 
1.34 	 0.017076935885610506 
1.36 	 0.016799724394127018 
1.38 	 0.016477396938853275 
1.4 	 0.01612479409615488 
1.42 	 0.015752877637758924 
1.44 	 0.01538005953150559 
1.46 	 0.015016656587267679 
1.48 	 0.014677480167052172 
1.5 	 0.014367637425133441 
1.52 	 0.014094202866462383 
1.54 	 0.013855775775888014 
1.56 	 0.013651820032589426 
1.58 	 0.013476322627366755 
1.6 	 0.013324339574974739 
1.62 	 0.013188623790530499 
1.64 	 0.013063719324106255 
1.66 	 0.012943963023600373 
1.68 	 0.012825936954630914 
1.7 	 0.012706598671886647 
1.72 	 0.012584983296300301 
1.74 	 0.012459903130340485 
1.76 	 0.012331604212721904 
1.78 	 0.012199041113432675 
1.8 	 0.012061952314167098 
1.82 	 0.011917902140998147 
1.84 	 0.011765106740660275 
1.86 	 0.011599234980999818 
1.88 	 0.01141730746610646 
1.9 	 0.011213857584518573 
1.92 	 0.010986236139035146 
1.94 	 0.010729441851838105 
1.96 	 0.010443071468791806 
1.98 	 0.01012417952509695 
2.0 	 0.009775873172927 
2.02 	 0.009398013868859514 
2.04 	 0.008997135555591954 
2.06 	 0.008575468496945541 
2.08 	 0.008141592142191935 
2.1 	 0.007698799862097557 
2.12 	 0.0072557845058805436 
2.14 	 0.006815495708464203 
2.16 	 0.006385202911538944 
2.18 	 0.005966703550171042 
2.2 	 0.00556525533764082 
2.22 	 0.005181500101921696 
2.24 	 0.004818948058142966 
2.26 	 0.004477569976601991 
2.28 	 0.004159722582596718 
2.3 	 0.0038651737294161026 
2.32 	 0.0035955525180682174 
2.34 	 0.003350567146892372 
2.36 	 0.0031312026667565398 
2.38 	 0.0029369437021446497 
2.4 	 0.002767993818610245 
2.42 	 0.0026233394350079235 
2.44 	 0.002502238625518517 
2.46 	 0.002402957409911926 
2.48 	 0.0023237236801798736 
2.5 	 0.0022619738990900477 
2.52 	 0.002214937844418788 
2.54 	 0.002179269153146273 
2.56 	 0.0021514242603050413 
2.58 	 0.0021275840227474177 
2.6 	 0.0021039819942067287 
2.62 	 0.0020770170368135626 
2.64 	 0.0020436395860655237 
2.66 	 0.002001511474715011 
2.68 	 0.0019494784378208173 
2.7 	 0.0018876126136284045 
2.72 	 0.0018177231947456404 
2.74 	 0.001743180100689524 
2.76 	 0.0016693778793737926 
2.78 	 0.001603378148639804 
2.8 	 0.0015542401914552684 
2.82 	 0.001532648354119792 
2.84 	 0.001551000905078604 
2.86 	 0.0016232261948615095 
2.88 	 0.0017643929837591688 
2.9 	 0.001990924186554928 
2.92 	 0.0023191664784428276 
2.94 	 0.002766460262519581 
2.96 	 0.0033474842610627374 
2.98 	 0.004077561571205082 
3.0 	 0.00496454478735274 
3.02 	 0.006017619091777533 
3.04 	 0.00723094470552499 
3.06 	 0.008603725501207485 
3.08 	 0.010110125719373251 
3.1 	 0.011738148269964098 
3.12 	 0.013439688818501924 
3.14 	 0.015194698986660872 
3.16 	 0.01693744669356908 
3.18 	 0.01864703107851618 
3.2 	 0.020251931189663088 
3.22 	 0.0217391709023697 
3.24 	 0.023047308708701673 
3.26 	 0.024178444429139166 
3.28 	 0.025095531769049183 
3.3 	 0.02581897608881014 
3.32 	 0.026343379493188435 
3.34 	 0.026706047829819612 
3.36 	 0.02693055087760489 
3.38 	 0.027065662360122627 
3.4 	 0.02715227895714322 
3.42 	 0.02724267599461317 
3.44 	 0.027378572445734817 
3.46 	 0.027607407780905327 
3.48 	 0.027955609698842816 
3.5 	 0.02845962737081655 
3.52 	 0.02911937032688267 
3.54 	 0.029958559660383886 
3.56 	 0.03094686833774736 
3.58 	 0.03209882166716641 
3.6 	 0.03335795028322813 
3.62 	 0.034737087267782095 
3.64 	 0.03616341746468518 
3.66 	 0.037656339290207 
3.68 	 0.03913810598310703 
3.7 	 0.04063992695946836 
3.72 	 0.04208754157835961 
3.74 	 0.04352373503713733 
3.76 	 0.044880314316402534 
3.78 	 0.04620607610175675 
3.8 	 0.04743647123957525 
3.82 	 0.048618200939009946 
3.84 	 0.04968722485068398 
3.86 	 0.05068141973560201 
3.88 	 0.05153837039415841 
3.9 	 0.05228457370612011 
3.92 	 0.052866595124054325 
3.94 	 0.05330135648825649 
3.96 	 0.053555319211179814 
3.98 	 0.053639922216215566 
4.0 	 0.053550298648036974 
4.02 	 0.053296161400751045 
4.04 	 0.052902972391831886 
4.06 	 0.05238063234095108 
4.08 	 0.0517782755852242 
4.1 	 0.0511062491677006 
4.12 	 0.050425241764536735 
4.14 	 0.049745854814569224 
4.16 	 0.04912717867257048 
4.18 	 0.04858029691144228 
4.2 	 0.048151514572336615 
4.22 	 0.047852687428689325 
4.24 	 0.047708651665886 
4.26 	 0.04773127398394163 
4.28 	 0.047917327969324935 
4.3 	 0.04827646855872222 
4.32 	 0.048773785100204844 
4.34 	 0.04941424016450378 
4.36 	 0.05013332036705881 
4.38 	 0.0509306361208366 
4.4 	 0.051722504048006435 
4.42 	 0.052505583467808044 
4.44 	 0.05319546948169876 
4.46 	 0.05379075953026303 
4.48 	 0.054228032404745184 
4.5 	 0.05451331607289774 
4.52 	 0.05462132262075634 
4.54 	 0.05456950368886617 
4.56 	 0.05437600124394759 
4.58 	 0.054070558907510974 
4.6 	 0.05370513624366907 
4.62 	 0.053318758067313884 
4.64 	 0.05297554460256748 
4.66 	 0.05271754158029679 
4.68 	 0.05259476092757908 
4.7 	 0.05264499363540733 
4.72 	 0.05288188170379572 
4.74 	 0.0533336831917892 
4.76 	 0.05396600846371998 
4.78 	 0.05479641382562195 
4.8 	 0.055744432665473555 
4.82 	 0.05681976911662169 
4.84 	 0.05791079468849036 
4.86 	 0.0590240813654004 
4.88 	 0.06004078919406379 
4.9 	 0.060968224609529414 
4.92 	 0.061706792075814566 
4.94 	 0.062265873397630844 
4.96 	 0.06258642667876521 
4.98 	 0.06267868560970753 
5.0 	 0.06253406456327891 
5.02 	 0.0621608693352767 
5.04 	 0.061597202760763935 
5.06 	 0.06084630409674263 
5.08 	 0.059978322801979435 
5.1 	 0.058988977024207294 
5.12 	 0.05796137551269614 
5.14 	 0.056882869505515424 
5.16 	 0.05583284376891743 
5.18 	 0.054791694045934286 
5.2 	 0.053825024405147935 
5.22 	 0.052909871606095345 
5.24 	 0.05209500587728325 
5.26 	 0.051358835734593176 
5.28 	 0.05073464471013646 
5.3 	 0.0502063554046254 
5.32 	 0.0497939291314514 
5.34 	 0.04948872391368414 
5.36 	 0.049297765463430974 
5.38 	 0.04921880919500755 
5.4 	 0.04924413398623776 
5.42 	 0.049374487628065816 
5.44 	 0.04958524289422871 
5.46 	 0.04987609307177009 
5.48 	 0.05020609726983022 
5.5 	 0.05057123621421369 
5.52 	 0.05092014746791056 
5.54 	 0.05124512189762624 
5.56 	 0.0514957672814994 
5.58 	 0.051663316026739174 
5.6 	 0.05171231549578634 
5.62 	 0.051636878028776964 
5.64 	 0.05142791086208352 
5.66 	 0.051085806153525114 
5.68 	 0.05063176113532133 
5.7 	 0.05007376199844884 
5.72 	 0.049457651801088576 
5.74 	 0.04879776650782529 
5.76 	 0.04815147681783717 
5.78 	 0.04753671631480307 
5.8 	 0.04700703280083379 
5.82 	 0.04658191082129377 
5.84 	 0.046298945320076806 
5.86 	 0.046179901219797835 
5.88 	 0.04624022227803845 
5.9 	 0.04650794277577506 
5.92 	 0.0469749660327361 
5.94 	 0.0476813581381155 
5.96 	 0.048595220136752146 
5.98 	 0.049773798628899975 
6.0 	 0.05115864980985295 
6.02 	 0.052827162407003414 
6.04 	 0.05468798811994074 
6.06 	 0.05683974753030005 
6.08 	 0.059150417783566674 
6.1 	 0.06174087779679552 
6.12 	 0.06443361363865183 
6.14 	 0.06737439442916458 
6.16 	 0.07034216765510326 
6.18 	 0.07351176501449791 
6.2 	 0.07662791323202027 
6.22 	 0.0798982353446859 
6.24 	 0.08304642963245575 
6.26 	 0.086313672339667 
6.28 	 0.08941385176911042 
6.3 	 0.0926181836882753 
6.32 	 0.0956352692108808 
6.34 	 0.09875929985117626 
6.36 	 0.10169090043143054 
6.38 	 0.10473887139159535 
6.4 	 0.1075901143705626 
6.42 	 0.11056074272102684 
6.44 	 0.11332124315686627 
6.46 	 0.1161899328596469 
6.48 	 0.118825287730252 
6.5 	 0.12154435415903023 
6.52 	 0.12400464159642897 
6.54 	 0.12651874462923063 
6.56 	 0.12875664595078662 
6.58 	 0.13102284941230444 
6.6 	 0.13301049009499002 
6.62 	 0.13501242198093552 
6.64 	 0.13674957621663153 
6.66 	 0.13850114238977607 
6.68 	 0.14001410919677473 
6.7 	 0.141555082166111 
6.72 	 0.14289072675434397 
6.74 	 0.14428032061857984 
6.76 	 0.14550126520813672 
6.78 	 0.14681556225614129 
6.8 	 0.14800075420054076 
6.82 	 0.14933689240218928 
6.84 	 0.15058841228127895 
6.86 	 0.15207456127050903 
6.88 	 0.1535279161724302 
6.9 	 0.15533437601547587 
6.92 	 0.15716634417632033 
6.94 	 0.15951018565261108 
6.96 	 0.1619361830317686 
6.98 	 0.16507066484466532 
7.0 	 0.16832406437014158 
7.02 	 0.1725065793977897 
7.04 	 0.17679770607233664 
7.06 	 0.18223826034909718 
7.08 	 0.18770168833818118 
7.1 	 0.19450664445074003 
7.12 	 0.20115733291462168 
7.14 	 0.20929283710444638 
7.16 	 0.21701451595033383 
7.18 	 0.22631048482102462 
7.2 	 0.23488649797558692 
7.22 	 0.24508270427816964 
7.24 	 0.2542560349688119 
7.26 	 0.2650673831560643 
7.28 	 0.27459885598403233 
7.3 	 0.28576371348734925 
7.32 	 0.29545774875461706 
7.34 	 0.3067408241164364 
7.36 	 0.3164263298129735 
7.38 	 0.3275735642147742 
7.4 	 0.3370530224753417 
7.42 	 0.3477269481210348 
7.44 	 0.3567252779821791 
7.46 	 0.3664672450923299 
7.48 	 0.3746140806484713 
7.5 	 0.38287418388144717 
7.52 	 0.3897416166230767 
7.54 	 0.39599276532519007 
7.56 	 0.40119519167862056 
7.58 	 0.4051138016368716 
7.6 	 0.40845627344888646 
7.62 	 0.41010902387559944 
7.64 	 0.4117324182283443 
7.66 	 0.41166392993382195 
7.68 	 0.41209019459953405 
7.7 	 0.41120680154478484 
7.72 	 0.41119887686126777 
7.74 	 0.4104453038366714 
7.76 	 0.41071197869003856 
7.78 	 0.41069531378572965 
7.8 	 0.41160417789754955 
7.82 	 0.41237296447594457 
7.84 	 0.41382982612958846 
7.86 	 0.41489654189957403 
7.88 	 0.4164130874671635 
7.9 	 0.41695191296154877 
7.92 	 0.41781603668501505 
7.94 	 0.4169194135153217 
7.96 	 0.4163866001836696 
7.98 	 0.4133096308772507 
8.0 	 0.41078819117598714 
8.02 	 0.4051581657617818 
8.04 	 0.40038673427878463 
8.06 	 0.39235882679467193 
8.08 	 0.38555191052484544 
8.1 	 0.37586680157201885 
8.12 	 0.3677657809107287 
8.14 	 0.3576567253873262 
8.16 	 0.34942311317016506 
8.18 	 0.34036555406817937 
8.2 	 0.33331998825548687 
8.22 	 0.3267007237013698 
8.24 	 0.32200549075695534 
8.26 	 0.31884046453913933 
8.28 	 0.31726011462041587 
8.3 	 0.3180567149013115 
8.32 	 0.319874976122649 
8.34 	 0.32464579284507716 
8.36 	 0.3297238145303237 
8.38 	 0.33809024646763225 
8.4 	 0.34599668876606243 
8.42 	 0.35731027924910774 
8.44 	 0.3674555074690432 
8.46 	 0.3808917062586014 
8.48 	 0.3926255258265326 
8.5 	 0.407233184988473 
8.52 	 0.4198882252233034 
8.54 	 0.4345927704040673 
8.56 	 0.44746591734217306 
8.58 	 0.46102862703633357 
8.6 	 0.47329650672393103 
8.62 	 0.48423727075791473 
8.64 	 0.4948079893761288 
8.66 	 0.501316003060829 
8.68 	 0.5086426361394063 
8.7 	 0.5085434501786625 
8.72 	 0.5104910386685394 
8.74 	 0.5014214968497458 
8.76 	 0.4954110359814886 
8.78 	 0.4754403861781702 
8.8 	 0.4592180710576723 
8.82 	 0.428053424122713 
8.84 	 0.40121551383579673 
8.86 	 0.3615155212245621 
8.88 	 0.3269556425265154 
8.9 	 0.2843794361756571 
8.92 	 0.24789089474634385 
8.94 	 0.2089219690701864 
8.96 	 0.17646242402570664 
8.98 	 0.1454413705877243 
9.0 	 0.12037400960514369 
9.02 	 0.09829524623414036 
9.04 	 0.08088929070438294 
9.06 	 0.06637151740534007 
9.08 	 0.05509361476145331 
9.1 	 0.04596837148603609 
9.12 	 0.03889859789117877 
9.14 	 0.03323563787479695 
9.16 	 0.028811465215770184 
9.18 	 0.02525424735830554 
9.2 	 0.022437067588997384 
9.22 	 0.02015496541070416 
9.24 	 0.018331044953574988 
9.26 	 0.01685418239493781 
9.28 	 0.015680234530408864 
9.3 	 0.014747502445693205 
9.32 	 0.014028890693039444 
9.34 	 0.013488617334223692 
9.36 	 0.01310865510751843 
9.38 	 0.01286919872355886 
9.4 	 0.012759400320832174 
9.42 	 0.012772799022453844 
9.44 	 0.012906299756450948 
9.46 	 0.01316663068292122 
9.48 	 0.013558024316693134 
9.5 	 0.014099433965406274 
9.52 	 0.014798575333728988 
9.54 	 0.015683311078154714 
9.56 	 0.016756773402468755 
9.58 	 0.01805049270651444 
9.6 	 0.019551917562751455 
9.62 	 0.021291254537743 
9.64 	 0.023229164336804033 
9.66 	 0.02539259363454078 
9.68 	 0.027708262075109468 
9.7 	 0.03020264908562725 
9.72 	 0.03276869967766513 
9.74 	 0.03543920177379399 
9.76 	 0.03808204478749121 
9.78 	 0.04074420135766615 
9.8 	 0.043283983331437334 
9.82 	 0.045768256870785985 
9.84 	 0.04806345542030825 
9.86 	 0.05025810904693667 
9.88 	 0.0522409334448397 
9.9 	 0.054120364003493265 
9.92 	 0.055813227981448735 
9.94 	 0.057444474470341025 
9.96 	 0.058954476752825176 
9.98 	 0.060481820504807784 
10.0 	 0.06197651066114216 
10.02 	 0.06358992698369455 
10.04 	 0.06526156433611047 
10.06 	 0.06715747846802088 
10.08 	 0.06918399625714684 
10.1 	 0.07152656839775533 
10.12 	 0.07403662254770851 
10.14 	 0.07692636317006041 
10.16 	 0.07997470530481912 
10.18 	 0.08343006040407108 
10.2 	 0.08698850817759475 
10.22 	 0.09094507575346829 
10.24 	 0.09491271991004527 
10.26 	 0.09924275117301244 
10.28 	 0.10347567081939736 
10.3 	 0.10802642852621501 
10.32 	 0.11238192963086402 
10.34 	 0.11702539182488256 
10.36 	 0.12140974569306243 
10.38 	 0.12608964444857348 
10.4 	 0.13049374817235437 
10.42 	 0.13525224846234457 
10.44 	 0.1397597235151227 
10.46 	 0.14472922780469438 
10.48 	 0.14948900132158602 
10.5 	 0.15484650990574916 
10.52 	 0.16001608639161644 
10.54 	 0.16591394662447245 
10.56 	 0.17159329337412366 
10.58 	 0.178090721602593 
10.6 	 0.18427009155973245 
10.62 	 0.19128653937384146 
10.64 	 0.19782170769973045 
10.66 	 0.20511950785666494 
10.68 	 0.21173352406961637 
10.7 	 0.21892590616259575 
10.72 	 0.2252295034986365 
10.74 	 0.23180976134548947 
10.76 	 0.23733643971637344 
10.78 	 0.24273188311317548 
10.8 	 0.24699230438640568 
10.82 	 0.2506527755765094 
10.84 	 0.2532180787756685 
10.86 	 0.254744072784696 
10.88 	 0.2553617302956626 
10.9 	 0.25465544410388397 
10.92 	 0.25337733607117974 
10.94 	 0.25076185086683017 
10.96 	 0.24802394193501767 
10.98 	 0.24424241153914825 
11.0 	 0.2408097825760237 
11.02 	 0.23683718874105308 
11.04 	 0.233573961001393 
11.06 	 0.23028134324550217 
11.08 	 0.2278311054962727 
11.1 	 0.2256714921305637 
11.12 	 0.22423321827378193 
11.14 	 0.22313455019927755 
11.16 	 0.22247086162695037 
11.18 	 0.22199043213201192 
11.2 	 0.22165028353088342 
11.22 	 0.2212927653086519 
11.24 	 0.22091759909240447 
11.26 	 0.22045571174145956 
11.28 	 0.22002244404571536 
11.3 	 0.21967309347675287 
11.32 	 0.21955969515627757 
11.34 	 0.2199194709058969 
11.36 	 0.22074050416958144 
11.38 	 0.22248737103912236 
11.4 	 0.22476390324087234 
11.42 	 0.22827472072947516 
11.44 	 0.2321238599179542 
11.46 	 0.23722317638039794 
11.48 	 0.24224330053462692 
11.5 	 0.24819757982855242 
11.52 	 0.25357108224117647 
11.54 	 0.25927295610856044 
11.56 	 0.26397298532619323 
11.58 	 0.26818926165834134 
11.6 	 0.2711793399281331 
11.62 	 0.272786631791577 
11.64 	 0.27318771584530055 
11.66 	 0.2713918681988939 
11.68 	 0.2686512043606625 
11.7 	 0.26320144688354696 
11.72 	 0.2572800150563538 
11.74 	 0.2486350862614514 
11.76 	 0.24014804849025034 
11.78 	 0.22947899684387277 
11.8 	 0.21964916727257355 
11.82 	 0.20857081171226502 
11.84 	 0.19890416024997506 
11.86 	 0.1889808484448225 
11.88 	 0.18077273973165212 
11.9 	 0.17303881688949221 
11.92 	 0.16698611679729225 
11.94 	 0.16173621951108966 
11.96 	 0.15785703398980944 
11.98 	 0.15475964767822328 
12.0 	 0.15258795790422375 
12.02 	 0.15097612042414793 
12.04 	 0.14985427977198232 
12.06 	 0.14901594420648362 
12.08 	 0.14833721903299657 
12.1 	 0.14771274774377438 
12.12 	 0.14706238260649734 
12.14 	 0.1463392502206852 
12.16 	 0.14554602001992864 
12.18 	 0.14467496428844773 
12.2 	 0.143800911291237 
12.22 	 0.14295888805652457 
12.24 	 0.14224826293913329 
12.26 	 0.14176614218749753 
12.28 	 0.14156718259775403 
12.3 	 0.14183712499810583 
12.32 	 0.14251093107042445 
12.34 	 0.14389257115264695 
12.36 	 0.14573058935502212 
12.38 	 0.14848126283088395 
12.4 	 0.15165698140607317 
12.42 	 0.15590786008973265 
12.44 	 0.16047715643929047 
12.46 	 0.16625639304246334 
12.48 	 0.17219381413293375 
12.5 	 0.17946769960465986 
12.52 	 0.18670043354880056 
12.54 	 0.19538671719101125 
12.56 	 0.2037873811686942 
12.58 	 0.2137098948958176 
12.6 	 0.2230397726047299 
12.62 	 0.23383533696135178 
12.64 	 0.24366959579062522 
12.66 	 0.2546964786608976 
12.68 	 0.2643775636529581 
12.7 	 0.274679168294312 
12.72 	 0.2833226397798243 
12.74 	 0.29167401436880935 
12.76 	 0.2982227495193935 
12.78 	 0.303265652742668 
12.8 	 0.3065927259436753 
12.82 	 0.30706876779305986 
12.84 	 0.3061643899361156 
12.86 	 0.30125836744253554 
12.88 	 0.2955444834391871 
12.9 	 0.2852898009398346 
12.92 	 0.2750095366242732 
12.94 	 0.2605606840785414 
12.96 	 0.24699626406485292 
12.98 	 0.23047105136241314 
13.0 	 0.21567551370392907 
13.02 	 0.19946669789759827 
13.04 	 0.18551638607130988 
13.06 	 0.171437388810569 
13.08 	 0.15969015735886372 
13.1 	 0.1485181354121235 
13.12 	 0.13937131188403618 
13.14 	 0.13098108546818468 
13.16 	 0.12413967277222858 
13.18 	 0.11795564083173893 
13.2 	 0.11286991461903746 
13.22 	 0.10828106295810742 
13.24 	 0.10446766156736405 
13.26 	 0.10104501996708035 
13.28 	 0.09821438368890895 
13.3 	 0.0957476014962659 
13.32 	 0.09378955990104033 
13.34 	 0.09222298605751811 
13.36 	 0.09112887007735573 
13.38 	 0.09046941755827154 
13.4 	 0.09024816029087006 
13.42 	 0.09048711272629784 
13.44 	 0.09110358224688346 
13.46 	 0.09216755890806978 
13.48 	 0.09351035274642192 
13.5 	 0.09524178202706791 
13.52 	 0.09711832540183206 
13.54 	 0.09928144483140593 
13.56 	 0.10143585499187166 
13.58 	 0.10374353453041255 
13.6 	 0.10589117263234978 
13.62 	 0.1080458707445782 
13.64 	 0.10991605237268916 
13.66 	 0.11165555179321705 
13.68 	 0.11303274497528262 
13.7 	 0.11417075910797975 
13.72 	 0.11492625824335546 
13.74 	 0.11538013519573799 
13.76 	 0.11548924938516485 
13.78 	 0.11528998368833489 
13.8 	 0.11483210248565194 
13.82 	 0.11411437583093766 
13.84 	 0.11325497864556276 
13.86 	 0.11222805920537933 
13.88 	 0.11118504058091204 
13.9 	 0.11009077026400306 
13.92 	 0.10909333103596511 
13.94 	 0.10816374966585666 
13.96 	 0.10741722979105699 
13.98 	 0.1068463845113772 
14.0 	 0.10651500354716847 
14.02 	 0.10645278114247338 
14.04 	 0.10666233316994439 
14.06 	 0.10722501095573567 
14.08 	 0.10807472957839728 
14.1 	 0.10935596589370626 
14.12 	 0.11092228883902465 
14.14 	 0.11298751524949587 
14.16 	 0.11530755573703966 
14.18 	 0.11816531963052739 
14.2 	 0.12120167970448437 
14.22 	 0.12476102904507903 
14.24 	 0.1283634598862709 
14.26 	 0.13239756534723318 
14.28 	 0.1362822260990984 
14.3 	 0.140418971254623 
14.32 	 0.14418009678049645 
14.34 	 0.147931419605046 
14.36 	 0.15108826059830094 
14.38 	 0.153918003664476 
14.4 	 0.15598978341786904 
14.42 	 0.1574099748931914 
14.44 	 0.15800634056881904 
14.46 	 0.15768392525488073 
14.48 	 0.15659418018623186 
14.5 	 0.15444133075723154 
14.52 	 0.15169842084328544 
14.54 	 0.14791214354862198 
14.56 	 0.14380172568863928 
14.58 	 0.1388245008181799 
14.6 	 0.1338201481959547 
14.62 	 0.12822404437609522 
14.64 	 0.12286463566995517 
14.66 	 0.11720589086320382 
14.68 	 0.11197028820040449 
14.7 	 0.10668345494114158 
14.72 	 0.10192255933114171 
14.74 	 0.09729666160897416 
14.76 	 0.09324235730187351 
14.78 	 0.08946562210352098 
14.8 	 0.08628463686651558 
14.82 	 0.08350619911743654 
14.84 	 0.0813469001485421 
14.86 	 0.07970816016019977 
14.88 	 0.07870748373043744 
14.9 	 0.07832843815090418 
14.92 	 0.07858068082326183 
14.94 	 0.07951807830967977 
14.96 	 0.08103046680964998 
14.98 	 0.08323617149020923 
15.0 	 0.08589742591126705 
15.02 	 0.0891970434399981 
15.04 	 0.09277143411080827 
15.06 	 0.09686777491923146 
15.08 	 0.10101260141656986 
15.1 	 0.10550850124067443 
15.12 	 0.10980670921959991 
15.14 	 0.11424075698610536 
15.16 	 0.11824215385186979 
15.18 	 0.12213462238453204 
15.2 	 0.12540330941148248 
15.22 	 0.12831223087908186 
15.24 	 0.13048005101286336 
15.26 	 0.13206617651301597 
15.28 	 0.1328908023198359 
15.3 	 0.13298526720371262 
15.32 	 0.13240695099330702 
15.34 	 0.13106811137064608 
15.36 	 0.12925154667977112 
15.38 	 0.12679016636592247 
15.4 	 0.12413031565687548 
15.42 	 0.12108034130904612 
15.44 	 0.11815080800536876 
15.46 	 0.1151735803472803 
15.48 	 0.11261160444377764 
15.5 	 0.11034722795786824 
15.52 	 0.1087002597546453 
15.54 	 0.1076107443001466 
15.56 	 0.1071985920444503 
15.58 	 0.10746140206627493 
15.6 	 0.10831012447712768 
15.62 	 0.10980218139217296 
15.64 	 0.11167305374157363 
15.66 	 0.11404291321374892 
15.68 	 0.11653335822347294 
15.7 	 0.11932132589101459 
15.72 	 0.12198654134761287 
15.74 	 0.1247407913235351 
15.76 	 0.12718846285965438 
15.78 	 0.1295402953835946 
15.8 	 0.13147628204181666 
15.82 	 0.13316607314122447 
15.84 	 0.134398573755668 
15.86 	 0.1352710340052043 
15.88 	 0.13570097121885688 
15.9 	 0.13570202221199118 
15.92 	 0.13532977006512034 
15.94 	 0.13452933317916269 
15.96 	 0.13348936531933842 
15.98 	 0.13212530680179974 
16.0 	 0.13072738615088003 
16.02 	 0.12923046822402598 
16.04 	 0.12795741153636367 
16.06 	 0.12690156976412847 
16.08 	 0.12631580225324493 
16.1 	 0.12626638834790907 
16.12 	 0.12682639062678217 
16.14 	 0.1281269675917536 
16.16 	 0.12998677041919254 
16.18 	 0.13258369593396985 
16.2 	 0.13548065378936136 
16.22 	 0.13887643977050562 
16.24 	 0.14216545116367407 
16.26 	 0.14551994112961397 
16.28 	 0.14832821840660954 
16.3 	 0.15065773354752188 
16.32 	 0.152089717385915 
16.34 	 0.15249787825942085 
16.36 	 0.1518349273017818 
16.38 	 0.14972823311407693 
16.4 	 0.14659809759690884 
16.42 	 0.14185045696858448 
16.44 	 0.13634334108849366 
16.46 	 0.129362183834596 
16.48 	 0.1220473096897849 
16.5 	 0.11369031854904996 
16.52 	 0.10548705315170363 
16.54 	 0.09682529247663046 
16.56 	 0.08874530170777717 
16.58 	 0.08075758087121716 
16.6 	 0.07362419749016232 
16.62 	 0.0669606858240601 
16.64 	 0.06123570328291112 
16.66 	 0.05614225328230063 
16.68 	 0.05191427607488028 
16.7 	 0.048303784818318624 
16.72 	 0.04539236239194948 
16.74 	 0.04298223888246862 
16.76 	 0.04107419019433438 
16.78 	 0.03951589620934335 
16.8 	 0.038276832154281425 
16.82 	 0.037245803395107795 
16.84 	 0.03639081942894597 
16.86 	 0.03563692689130864 
16.88 	 0.03496607700049948 
16.9 	 0.03433373232937901 
16.92 	 0.03374040282782241 
16.94 	 0.03316477907286611 
16.96 	 0.03262239149354424 
16.98 	 0.03210684854465422 
17.0 	 0.031640387793947705 
17.02 	 0.03122355221519679 
17.04 	 0.030876471799312792 
17.06 	 0.030600988732019954 
17.08 	 0.030409353911839486 
17.1 	 0.03030257173001352 
17.12 	 0.030283415483900653 
17.14 	 0.03035277233854357 
17.16 	 0.030505119162548597 
17.18 	 0.030742845928044417 
17.2 	 0.03105368966906753 
17.22 	 0.03144216754769219 
17.24 	 0.031889601085391836 
17.26 	 0.03240149475236152 
17.28 	 0.03295186138147482 
17.3 	 0.03354469026266894 
17.32 	 0.03414582856147161 
17.34 	 0.03475478115648286 
17.36 	 0.03532997515270349 
17.38 	 0.03586376594767443 
17.4 	 0.03631066560171132 
17.42 	 0.03665407687776961 
17.44 	 0.036851301543221686 
17.46 	 0.03687647854538419 
17.48 	 0.03669915528247308 
17.5 	 0.03628621582763645 
17.52 	 0.03563003524508733 
17.54 	 0.0346951627899235 
17.56 	 0.033505529472850674 
17.58 	 0.032030646548668114 
17.6 	 0.030329079456192527 
17.62 	 0.028382665364855453 
17.64 	 0.02627903594573276 
17.66 	 0.024016224320861035 
17.68 	 0.021696633657218984 
17.7 	 0.019332080074214754 
17.72 	 0.01702065265980884 
17.74 	 0.014779591213634268 
17.76 	 0.012685439024661847 
17.78 	 0.010750495545791364 
17.8 	 0.009020331948046613 
17.82 	 0.007495096337099436 
17.84 	 0.006189838344860128 
17.86 	 0.005091439310224013 
17.88 	 0.004192358157150189 
17.9 	 0.0034704072632182545 
17.92 	 0.0029061471377903165 
17.94 	 0.002474653518656342 
17.96 	 0.002153855875619264 
17.98 	 0.0019214440682355925 
18.0 	 0.0017584934488046623 
18.02 	 0.0016481520848794853 
18.04 	 0.001576908399959733 
18.06 	 0.001533796664582776 
18.08 	 0.001510560914425457 
18.1 	 0.0015010504757892746 
18.12 	 0.001500948547964975 
18.14 	 0.0015073250891183764 
18.16 	 0.0015182671632551186 
18.18 	 0.0015325999251979661 
18.2 	 0.0015495593296393857 
18.22 	 0.0015686704171075903 
18.24 	 0.001589493816489218 
18.26 	 0.0016116284918674516 
18.28 	 0.00163451591606642 
18.3 	 0.0016575258716455671 
18.32 	 0.0016797961221721718 
18.34 	 0.001700363088414211 
18.36 	 0.0017180326936718766 
18.38 	 0.0017315260007193353 
18.4 	 0.0017394021132234832 
18.42 	 0.0017401935086070383 
18.44 	 0.00173241843893469 
18.46 	 0.0017146752275820456 
18.48 	 0.0016857767576359422 
18.5 	 0.0016447590936201502 
18.52 	 0.0015911411947866596 
18.54 	 0.0015247943291354154 
18.56 	 0.0014462881358038892 
18.58 	 0.0013565826507578294 
18.6 	 0.0012573914238659767 
18.62 	 0.001150706040675521 
18.64 	 0.0010391094645241276 
18.66 	 0.0009252069742097117 
18.68 	 0.0008118589090892626 
18.7 	 0.0007016353060431304 
18.72 	 0.0005969829894231505 
18.74 	 0.0004998138256162497 
18.76 	 0.00041164584319070246 
18.78 	 0.0003333788240878441 
18.8 	 0.00026544005841147713 
18.82 	 0.00020772936569455434 
18.84 	 0.00015977120424454043 
18.86 	 0.00012076310252086972 
18.88 	 8.971285714021271e-05 
18.9 	 6.551730290549145e-05 
18.92 	 4.706117702420458e-05 
18.94 	 3.3277362025204716e-05 
18.96 	 2.3198440315770007e-05 
18.98 	 1.5982121305131478e-05 
19.0 	 1.0923356396029086e-05 
19.02 	 7.451545248338353e-06 
19.04 	 5.119694229961746e-06 
19.06 	 3.5879213647069244e-06 
19.08 	 2.6051017367414005e-06 
19.1 	 1.9906310685555313e-06 
19.12 	 1.617935761485302e-06 
19.14 	 1.4004384581567563e-06 
19.16 	 1.2802508578128666e-06 
19.18 	 1.2194580397491742e-06 
19.2 	 1.193673021137803e-06 
19.22 	 1.187443250798884e-06 
19.24 	 1.1910907950283537e-06 
19.26 	 1.1986092947064664e-06 
19.28 	 1.2063073977825295e-06 
19.3 	 1.211958225798866e-06 
19.32 	 1.214278397944001e-06 
19.34 	 1.2126134463900611e-06 
19.36 	 1.2067472515339749e-06 
19.38 	 1.196783082247438e-06 
19.4 	 1.1830643266376681e-06 
19.42 	 1.1661163046102032e-06 
19.44 	 1.1465990116925929e-06 
19.46 	 1.125265066684163e-06 
19.48 	 1.1029201489863058e-06 
19.5 	 1.0803840378460617e-06 
19.52 	 1.0584517297698081e-06 
19.54 	 1.0378541241582447e-06 
19.56 	 1.0192190732056646e-06 
19.58 	 1.003033775817625e-06 
19.6 	 9.896108978599816e-07 
19.62 	 9.790610165607802e-07 
19.64 	 9.71274894328075e-07 
19.66 	 9.659187187706518e-07 
19.68 	 9.62445185032004e-07 
19.7 	 9.6012189254938e-07 
19.72 	 9.580769664830735e-07 
19.74 	 9.55359618567878e-07 
19.76 	 9.510112744241402e-07 
19.78 	 9.441409682252956e-07 
19.8 	 9.339975529090936e-07 
19.82 	 9.200309328724379e-07 
19.84 	 9.019355416747471e-07 
19.86 	 8.796710517077904e-07 
19.88 	 8.534584230466638e-07 
19.9 	 8.237522739235557e-07 
19.92 	 7.911941596991155e-07 
19.94 	 7.565532635500632e-07 
19.96 	 7.206629609099623e-07 
19.98 	 6.843610415655121e-07 
20.0 	 6.4844070577307e-07 
20.02 	 6.136163434826802e-07 
20.04 	 5.805058027529039e-07 
20.06 	 5.496272327252127e-07 
20.08 	 5.21406794045397e-07 
20.1 	 4.961915650387636e-07 
20.12 	 4.7426224668173246e-07 
20.14 	 4.558407555122736e-07 
20.16 	 4.4108997080856197e-07 
20.18 	 4.301048580897066e-07 
20.2 	 4.2289672298065634e-07 
20.22 	 4.193739914367508e-07 
20.24 	 4.19324167843908e-07 
20.26 	 4.2240171538394765e-07 
20.28 	 4.281259667159599e-07 
20.3 	 4.3589171846191127e-07 
20.32 	 4.449932409245797e-07 
20.34 	 4.546604355047168e-07 
20.36 	 4.6410393202741385e-07 
20.38 	 4.7256462305123557e-07 
20.4 	 4.793623008140499e-07 
20.42 	 4.839382187423598e-07 
20.44 	 4.858870681916303e-07 
20.46 	 4.849753329169022e-07 
20.48 	 4.811446622952883e-07 
20.5 	 4.7450080052836005e-07 
20.52 	 4.6529027514902327e-07 
20.54 	 4.538682850208643e-07 
20.56 	 4.406619792795888e-07 
20.58 	 4.26133287241855e-07 
20.6 	 4.1074506148768406e-07 
20.62 	 3.949331977819022e-07 
20.64 	 3.7908635619390914e-07 
20.66 	 3.6353352967904394e-07 
20.68 	 3.4853883730932795e-07 
20.7 	 3.3430203910730336e-07 
20.72 	 3.2096309002194135e-07 
20.74 	 3.0860893086381695e-07 
20.76 	 2.97281155470404e-07 
20.78 	 2.869835312392449e-07 
20.8 	 2.7768894420931696e-07 
20.82 	 2.6934563758225713e-07 
20.84 	 2.6188293924933223e-07 
20.86 	 2.552166657371813e-07 
20.88 	 2.4925438037678005e-07 
20.9 	 2.439004678121777e-07 
20.92 	 2.3906086741708484e-07 
20.94 	 2.3464714670030339e-07 
20.96 	 2.3057960560786506e-07 
20.98 	 2.267891397678778e-07 
21.0 	 2.232177696178976e-07 
21.02 	 2.1981790528337746e-07 
21.04 	 2.1655062474030084e-07 
21.06 	 2.133833581566359e-07 
21.08 	 2.1028745641193104e-07 
21.1 	 2.0723608637826994e-07 
21.12 	 2.0420282583140206e-07 
21.14 	 2.01161175807346e-07 
21.16 	 1.9808506592088227e-07 
21.18 	 1.9495025894817878e-07 
21.2 	 1.9173645321660048e-07 
21.22 	 1.8842978445588296e-07 
21.24 	 1.8502541227611574e-07 
21.26 	 1.8152987322489948e-07 
21.28 	 1.7796294795477632e-07 
21.3 	 1.7435884599879285e-07 
21.32 	 1.7076660866455303e-07 
21.34 	 1.672496871155849e-07 
21.36 	 1.638847222696817e-07 
21.38 	 1.6075956095242328e-07 
21.4 	 1.5797055135364482e-07 
21.42 	 1.5561911384309035e-07 
21.44 	 1.5380755462730389e-07 
21.46 	 1.5263404778864675e-07 
21.48 	 1.5218673042977053e-07 
21.5 	 1.525369187708067e-07 
21.52 	 1.5373160526157017e-07 
21.54 	 1.557856113119391e-07 
21.56 	 1.5867402979315406e-07 
21.58 	 1.6232584744757803e-07 
21.6 	 1.6661980807058718e-07 
21.62 	 1.7138362323789694e-07 
21.64 	 1.7639746130366983e-07 
21.66 	 1.8140228421956613e-07 
21.68 	 1.861130109213941e-07 
21.7 	 1.902358218176119e-07 
21.72 	 1.934882084272422e-07 
21.74 	 1.956198442389877e-07 
21.76 	 1.9643204353109992e-07 
21.78 	 1.9579365892150235e-07 
21.8 	 1.93651703465459e-07 
21.82 	 1.9003578250205215e-07 
21.84 	 1.8505645224526947e-07 
21.86 	 1.788987472997529e-07 
21.88 	 1.7181321590036052e-07 
21.9 	 1.6410769473746434e-07 
21.92 	 1.5614376136017866e-07 
21.94 	 1.483422257735631e-07 
21.96 	 1.4120235955792922e-07 
21.98 	 1.3533981515241692e-07 
22.0 	 1.3154865040630753e-07 
22.02 	 1.3089357857052355e-07 
22.04 	 1.348397444417687e-07 
22.06 	 1.4542894546186958e-07 
22.08 	 1.6551327163079836e-07 
22.1 	 1.9905941262698437e-07 
22.12 	 2.515389074493169e-07 
22.14 	 3.3042093959858906e-07 
22.16 	 4.457836287868184e-07 
22.18 	 6.110568549488269e-07 
22.2 	 8.439017624684384e-07 
22.22 	 1.1672212945629391e-06 
22.24 	 1.6102760536232645e-06 
22.26 	 2.2098623115905022e-06 
22.28 	 3.011474119351641e-06 
22.3 	 4.070363383667505e-06 
22.32 	 5.452358685315006e-06 
22.34 	 7.234349847944843e-06 
22.36 	 9.504245362349283e-06 
22.38 	 1.2360406076664905e-05 
22.4 	 1.5910291649985218e-05 
22.42 	 2.02686026749698e-05 
22.44 	 2.555443171392483e-05 
22.46 	 3.188827371935544e-05 
22.48 	 3.938773442093727e-05 
22.5 	 4.816386000404817e-05 
22.52 	 5.831535369101862e-05 
22.54 	 6.992466310203078e-05 
22.56 	 8.305020573095682e-05 
22.58 	 9.772260322206885e-05 
22.6 	 0.00011393419747307408 
22.62 	 0.00013163646269344337 
22.64 	 0.00015072694924971354 
22.66 	 0.0001710506975943882 
22.68 	 0.000192386820925455 
22.7 	 0.0002144588684480042 
22.72 	 0.00023692523779889911 
22.74 	 0.0002594036564990849 
22.76 	 0.00028146928120272176 
22.78 	 0.00030269468419003796 
22.8 	 0.0003226556279643744 
22.82 	 0.00034098053786707304 
22.84 	 0.0003573580284836349 
22.86 	 0.0003715826009367159 
22.88 	 0.00038355389012914435 
22.9 	 0.00039330343001155567 
22.92 	 0.000400976891885741 
22.94 	 0.00040683296497360784 
22.96 	 0.0004112070688654198 
22.98 	 0.00041448548941472015 
23.0 	 0.00041705882007980137 
23.02 	 0.00041928630119490376 
23.04 	 0.00042145429674304174 
23.06 	 0.0004237509436152274 
23.08 	 0.00042624524500866067 
23.1 	 0.0004288877992814621 
23.12 	 0.0004315190650412271 
23.14 	 0.00043390016184263465 
23.16 	 0.00043574778954299294 
23.18 	 0.00043678554952558815 
23.2 	 0.0004367930412626515 
23.22 	 0.00043565912907166993 
23.24 	 0.0004334279563902234 
23.26 	 0.000430334651627033 
23.28 	 0.00042683206142350575 
23.3 	 0.00042359561263719507 
23.32 	 0.000421518936624051 
23.34 	 0.00042168391879994277 
23.36 	 0.0004253181589888953 
23.38 	 0.0004337354943091063 
23.4 	 0.00044825308217710905 
23.42 	 0.00047011771210345214 
23.44 	 0.0005003871224996189 
23.46 	 0.0005398711605375961 
23.48 	 0.000588990823012718 
23.5 	 0.0006477794003879646 
23.52 	 0.0007157383816227494 
23.54 	 0.0007919518276660156 
23.56 	 0.0008749526705659014 
23.58 	 0.0009629889453032187 
23.6 	 0.0010538948270524002 
23.62 	 0.001145504195260251 
23.64 	 0.0012354975276990567 
23.66 	 0.0013219013824464904 
23.68 	 0.0014028720764172119 
23.7 	 0.0014771809568086222 
23.72 	 0.0015439104139624966 
23.74 	 0.0016028323034599182 
23.76 	 0.0016540275449559055 
23.78 	 0.0016981195470974406 
23.8 	 0.0017358672239849396 
23.82 	 0.0017682856230874335 
23.84 	 0.001796281903062724 
23.86 	 0.00182073897855896 
23.88 	 0.0018422526718566944 
23.9 	 0.0018612469593951553 
23.92 	 0.0018778333003326927 
23.94 	 0.0018919779449640733 
23.96 	 0.0019034614803830616 
23.98 	 0.0019120643342485843 
24.0 	 0.0019175786896442769 
24.02 	 0.0019199524387500514 
24.04 	 0.001919307803162076 
24.06 	 0.0019159994744846309 
24.08 	 0.001910617454138591 
24.1 	 0.0019039579786657734 
24.12 	 0.0018970133438922557 
24.14 	 0.001890895993414834 
24.16 	 0.0018868275927245513 
24.18 	 0.0018860742164846793 
24.2 	 0.0018899340233958682 
24.22 	 0.00189973047615381 
24.24 	 0.0019167690883587407 
24.26 	 0.0019424105928331904 
24.28 	 0.001977937192997324 
24.3 	 0.002024711726862425 
24.32 	 0.0020838785183555164 
24.34 	 0.0021566264865597426 
24.36 	 0.0022436587684342654 
24.38 	 0.0023456199568150605 
24.4 	 0.0024622999418541396 
24.42 	 0.0025933372948021257 
24.44 	 0.0027371614118976025 
24.46 	 0.0028921044870697738 
24.48 	 0.003055113494913009 
24.5 	 0.0032233512263099237 
24.52 	 0.003392718612788214 
24.54 	 0.003559893284612411 
24.56 	 0.0037207034555806475 
24.58 	 0.003872389316202803 
24.6 	 0.004011877868465229 
24.62 	 0.0041379487553299486 
24.64 	 0.004249477909504298 
24.66 	 0.004347221354109349 
24.68 	 0.004432111206055399 
24.7 	 0.0045065402985949524 
24.72 	 0.0045727914075386145 
24.74 	 0.0046339268606989436 
24.76 	 0.0046924043926692425 
24.78 	 0.0047508289720972225 
24.8 	 0.004810760114738183 
24.82 	 0.004873592016942653 
24.84 	 0.004939500833308245 
24.86 	 0.005008597523896686 
24.88 	 0.005079922636730877 
24.9 	 0.005152849093467908 
24.92 	 0.005226028093950685 
24.94 	 0.005298902246507052 
24.96 	 0.005370539220767834 
24.98 	 0.005441100124922403 
25.0 	 0.005510539921415424 
25.02 	 0.005579950705580283 
25.04 	 0.00565012665393051 
25.06 	 0.0057228158541628655 
25.08 	 0.005799133276366373 
25.1 	 0.005880852831329073 
25.12 	 0.005968626048889788 
25.14 	 0.006063491576749562 
25.16 	 0.006164855170191768 
25.18 	 0.006272371342632373 
25.2 	 0.006383688711740366 
25.22 	 0.006496764778693864 
25.24 	 0.006607483624892746 
25.26 	 0.006712303660491803 
25.28 	 0.006805985758050061 
25.3 	 0.006884265322179178 
25.32 	 0.006942033253564187 
25.34 	 0.0069755265219112635 
25.36 	 0.006981319801173635 
25.38 	 0.006957447504097114 
25.4 	 0.006903459481422035 
25.42 	 0.0068200252741115975 
25.44 	 0.006710110678021149 
25.46 	 0.006576979551685982 
25.48 	 0.006426334198926896 
25.5 	 0.006263079960172035 
25.52 	 0.006094115961641995 
25.54 	 0.005924541920923714 
25.56 	 0.0057607194528794484 
25.58 	 0.005606635632902207 
25.6 	 0.005466868753310852 
25.62 	 0.005343613167548221 
25.64 	 0.005239252302925052 
25.66 	 0.005154253923856029 
25.68 	 0.005089152714572666 
25.7 	 0.005043293088084174 
25.72 	 0.005016124838827805 
25.74 	 0.005006656538580254 
25.76 	 0.005014041244563526 
25.78 	 0.005037588558805681 
25.8 	 0.0050766523074324615 
25.82 	 0.005131099590802874 
25.84 	 0.005200523372959335 
25.86 	 0.005285154797503367 
25.88 	 0.005384432594198032 
25.9 	 0.005498434924049905 
25.92 	 0.005625853121115653 
25.94 	 0.005766062354446735 
25.96 	 0.005916566550369306 
25.98 	 0.006075783943140623 
26.0 	 0.006240053126396738 
26.02 	 0.006407079431748003 
26.04 	 0.006572624416757707 
26.06 	 0.006734388445384206 
26.08 	 0.006888543945550716 
26.1 	 0.007033696171528426 
26.12 	 0.007167441555917954 
26.14 	 0.007290028454999762 
26.16 	 0.0074010962413957266 
26.18 	 0.007502786164170119 
26.2 	 0.007596732828537863 
26.22 	 0.007686619444812657 
26.24 	 0.007775369274139425 
26.26 	 0.00786740680780201 
26.28 	 0.007965867811075698 
26.3 	 0.008075013015361537 
26.32 	 0.008197170939090578 
26.34 	 0.008335793675539448 
26.36 	 0.008491781093459595 
26.38 	 0.008667584330302961 
26.4 	 0.008862540829917364 
26.42 	 0.009078292474758075 
26.44 	 0.009312796552466033 
26.46 	 0.009567210728927035 
26.48 	 0.00983833817096837 
26.5 	 0.010127074582578622 
26.52 	 0.010429182076736612 
26.54 	 0.010745364430819616 
26.56 	 0.01107041372213317 
26.58 	 0.011404913751786226 
26.6 	 0.011742933670635692 
26.62 	 0.012085215148733192 
26.64 	 0.012425673871350669 
26.66 	 0.012765734978703959 
26.68 	 0.013099928897555731 
26.7 	 0.013430904702982055 
26.72 	 0.013754363494158834 
26.74 	 0.01407431412573903 
26.76 	 0.01438749640036311 
26.78 	 0.01469867811877814 
26.8 	 0.015004646945982752 
26.82 	 0.015309658911880056 
26.84 	 0.015609108201960676 
26.86 	 0.0159053739737931 
26.88 	 0.016191463392083376 
26.9 	 0.016467237126117813 
26.92 	 0.016723638778295424 
26.94 	 0.016958608725185 
26.96 	 0.017162861171930475 
26.98 	 0.017334042843071072 
27.0 	 0.017465240612969984 
27.02 	 0.0175555996883795 
27.04 	 0.01760267596847332 
27.06 	 0.017608124109894107 
27.08 	 0.017574567320612255 
27.1 	 0.01750599188876617 
27.12 	 0.017409076782737783 
27.14 	 0.01728910366642266 
27.16 	 0.01715490263774589 
27.18 	 0.017011893312660228 
27.2 	 0.016869215257654096 
27.22 	 0.016731749434395263 
27.24 	 0.016607748449633097 
27.26 	 0.01650149271921637 
27.28 	 0.016419789090559266 
27.3 	 0.016366580387682343 
27.32 	 0.01634691254045352 
27.34 	 0.016364548614668583 
27.36 	 0.01642229034485528 
27.38 	 0.016523495566766067 
27.4 	 0.016667928674925964 
27.42 	 0.016857961484588815 
27.44 	 0.01708943837900515 
27.46 	 0.017363113476582308 
27.48 	 0.0176704042672083 
27.5 	 0.018010159299005922 
27.52 	 0.018369693686548255 
27.54 	 0.01874626175285352 
27.56 	 0.019124433207504985 
27.58 	 0.019500770386118582 
27.6 	 0.019859327637769566 
27.62 	 0.020197230274265548 
27.64 	 0.02050064193963278 
27.66 	 0.02076849832305792 
27.68 	 0.020991410433265904 
27.7 	 0.021170968651034714 
27.72 	 0.02130356640641768 
27.74 	 0.0213935425675504 
27.76 	 0.021442904000361286 
27.78 	 0.021457925478227703 
27.8 	 0.02144454950799163 
27.82 	 0.02140946008930487 
27.84 	 0.02135995377326737 
27.86 	 0.021301429100073266 
27.88 	 0.0212400417754385 
27.9 	 0.02117870404945781 
27.92 	 0.021120917172875318 
27.94 	 0.021066825127339085 
27.96 	 0.02101711475440002 
27.98 	 0.02096977537087192 
28.0 	 0.02092362411344636 
28.02 	 0.020875602299076448 
28.04 	 0.020824072800297088 
28.06 	 0.020766008719896444 
28.08 	 0.020700550759138896 
28.1 	 0.020625379012916042 
28.12 	 0.020541062940732567 
28.14 	 0.0204461508153847 
28.16 	 0.020342659759421042 
28.18 	 0.02022978619464316 
28.2 	 0.020110595490155935 
28.22 	 0.01998457804207612 
28.24 	 0.019855328752913938 
28.26 	 0.019722355265668106 
28.28 	 0.01958936166759176 
28.3 	 0.019455762751929756 
28.32 	 0.01932512258156954 
28.34 	 0.01919679989446598 
28.36 	 0.019074112261661984 
28.38 	 0.018956486616114387 
28.4 	 0.01884697266417571 
28.42 	 0.01874522582818859 
28.44 	 0.018654037300451974 
28.46 	 0.018573448155359017 
28.48 	 0.018505982985343276 
28.5 	 0.018452192958202003 
28.52 	 0.01841427674142659 
28.54 	 0.018393371261167295 
28.56 	 0.018391216678715225 
28.58 	 0.01840953569532274 
28.6 	 0.018449352817869684 
28.62 	 0.01851281311621624 
28.64 	 0.018599738196325544 
28.66 	 0.018712233351364967 
28.68 	 0.01884813302783718 
28.7 	 0.019008700142731073 
28.72 	 0.019188864967500826 
28.74 	 0.019388124728341116 
28.76 	 0.01959794581275765 
28.78 	 0.01981548546245407 
28.8 	 0.020029168385505024 
28.82 	 0.020234043148400327 
28.84 	 0.020417242161098317 
28.86 	 0.020572855711285677 
28.88 	 0.020689533363107276 
28.9 	 0.020762122397709182 
28.92 	 0.02078379756358996 
28.94 	 0.02075179171485778 
28.96 	 0.020665927118583966 
28.98 	 0.020526733230418023 
29.0 	 0.020341103155272787 
29.02 	 0.02011271282626351 
29.04 	 0.019854065752043303 
29.06 	 0.019570843989848125 
29.08 	 0.019278342575714712 
29.1 	 0.018982590641353783 
29.12 	 0.018698517545659713 
29.14 	 0.018431024931171075 
29.16 	 0.01819224886240921 
29.18 	 0.017985280822038634 
29.2 	 0.017818372752337167 
29.22 	 0.01769306831623505 
29.24 	 0.01761383037404084 
29.26 	 0.017581429856036345 
29.28 	 0.017597056743313192 
29.3 	 0.017661249372905856 
29.32 	 0.0177720392655209 
29.34 	 0.01792951107949925 
29.36 	 0.01812798475274214 
29.38 	 0.018366213479811343 
29.4 	 0.01863410421789019 
29.42 	 0.018928224314728136 
29.44 	 0.019234169997838786 
29.46 	 0.019546249951198705 
29.48 	 0.019847345601448036 
29.5 	 0.02013049646865042 
29.52 	 0.020378851287288363 
29.54 	 0.020585849040710504 
29.56 	 0.020738370147957944 
29.58 	 0.020831844993120793 
29.6 	 0.02085963915806541 
29.62 	 0.020820054216629254 
29.64 	 0.02071412554946356 
29.66 	 0.02054298558159899 
29.68 	 0.020314759080837894 
29.7 	 0.02003262600596708 
29.72 	 0.019709830283321746 
29.74 	 0.0193503974271781 
29.76 	 0.018969981747246286 
29.78 	 0.018572140006212195 
29.8 	 0.01817218902123685 
29.82 	 0.01777208519457314 
29.84 	 0.017384665540402185 
29.86 	 0.0170096565157841 
29.88 	 0.01665635588996571 
29.9 	 0.016322370594958592 
29.92 	 0.01601360599335427 
29.94 	 0.015726355896699136 
29.96 	 0.015464141538748342 
29.98 	 0.015223053172272434 
30.0 	 0.015005429564912319 
30.02 	 0.014808032970955582 
30.04 	 0.014632800404085867 
30.06 	 0.014477470124845442 
30.08 	 0.014343723578120058 
30.1 	 0.014230075038702444 
30.12 	 0.014137710773007916 
30.14 	 0.014065604986417209 
30.16 	 0.014014296519479089 
30.18 	 0.013983224586661382 
30.2 	 0.013972595173834939 
30.22 	 0.013982898819350685 
30.24 	 0.014014897976236193 
30.26 	 0.014071319630894337 
30.28 	 0.0141547616143878 
30.3 	 0.01427175439002524 
30.32 	 0.014427914725446566 
30.34 	 0.014635030998077241 
30.36 	 0.014902002141708176 
30.38 	 0.0152464238929692 
30.4 	 0.015678770773360322 
30.42 	 0.016221259375547806 
30.44 	 0.01688149459170957 
30.46 	 0.017683157365610595 
30.48 	 0.018624101164189888 
30.5 	 0.019725321282692027 
30.52 	 0.020967476711583503 
30.54 	 0.02236579210226492 
30.56 	 0.02387875336923052 
30.58 	 0.025515771464945828 
30.6 	 0.027213429410302466 
30.62 	 0.02897874844251019 
30.64 	 0.030732885217823785 
30.66 	 0.03248572824868794 
30.68 	 0.03415409167445402 
30.7 	 0.03575511501722728 
30.72 	 0.0372134424507874 
30.74 	 0.03855488291196758 
30.76 	 0.03972137765321481 
30.78 	 0.04074548230817224 
30.8 	 0.04159083471902857 
30.82 	 0.042292735200225966 
30.84 	 0.04283574314625678 
30.86 	 0.04325379945949022 
30.88 	 0.043548135058870306 
30.9 	 0.04374876109605311 
30.92 	 0.04386807429477066 
30.94 	 0.04393176735393851 
30.96 	 0.043958173418791505 
30.98 	 0.043970075421997976 
31.0 	 0.043987191047297605 
31.02 	 0.04403160263962922 
31.04 	 0.04412014510952626 
31.06 	 0.04427617057629219 
31.08 	 0.044509137943138995 
31.1 	 0.04484477655580238 
31.12 	 0.045280406287087675 
31.14 	 0.045844396652837946 
31.16 	 0.046517580180535055 
31.18 	 0.047330984782025375 
31.2 	 0.04824625996474066 
31.22 	 0.04929765386277561 
31.24 	 0.05042775898990194 
31.26 	 0.05167551565157841 
31.28 	 0.052967693587272026 
31.3 	 0.05434979979816831 
31.32 	 0.055738076280288165 
31.34 	 0.05718560849092804 
31.36 	 0.0586034994176883 
31.38 	 0.060051267792229156 
31.4 	 0.06143869985062507 
31.42 	 0.06282802109906421 
31.44 	 0.06412986734196852 
31.46 	 0.06540374960982293 
31.48 	 0.06656339366635368 
31.5 	 0.06766029706155173 
31.52 	 0.06861588782031386 
31.54 	 0.06947019817567636 
31.56 	 0.07016013888760277 
31.58 	 0.07071329078326943 
31.6 	 0.07109097053686692 
31.62 	 0.07130898057599104 
31.64 	 0.07135900349079247 
31.66 	 0.07124581278907452 
31.68 	 0.07099096560702385 
31.7 	 0.07058800792160067 
31.72 	 0.07008142690053457 
31.74 	 0.06945313248818598 
31.76 	 0.06876122125878642 
31.78 	 0.06797779212456086 
31.8 	 0.0671681933946436 
31.82 	 0.06630104661487943 
31.84 	 0.06544764524034025 
31.86 	 0.0645835020132819 
31.88 	 0.0637859748929201 
31.9 	 0.06304771387324981 
31.92 	 0.06244659443424534 
31.94 	 0.06199694995230395 
31.96 	 0.06176130280473248 
31.98 	 0.06177197566125087 
32.0 	 0.06205286769545863 
32.02 	 0.06264590596358974 
32.04 	 0.06351598964253734 
32.06 	 0.06470920846286195 
32.08 	 0.0661253201324439 
32.1 	 0.06781747362544012 
32.12 	 0.06963291867043468 
32.14 	 0.0716415620986151 
32.16 	 0.07366399763597165 
32.18 	 0.07579656274995104 
32.2 	 0.07785995169783229 
32.22 	 0.07998021103929813 
32.24 	 0.08199388893690836 
32.26 	 0.08405192410812574 
32.28 	 0.08600647284223115 
32.3 	 0.08802355122463228 
32.32 	 0.08995878801747502 
32.34 	 0.09198363612635663 
32.36 	 0.0939429061862215 
32.38 	 0.09600774870985807 
32.4 	 0.09800431287893933 
32.42 	 0.10010148990254175 
32.44 	 0.10210797133114782 
32.46 	 0.1041885358135391 
32.48 	 0.10614185673592212 
32.5 	 0.10812239722544399 
32.52 	 0.10992899990524133 
32.54 	 0.11169311400479726 
32.56 	 0.11322672459354334 
32.58 	 0.11462051525554445 
32.6 	 0.11571883648453098 
32.62 	 0.116553091737651 
32.64 	 0.11702801480897389 
32.66 	 0.11710204169696563 
32.68 	 0.11677373576931128 
32.7 	 0.1159251231815472 
32.72 	 0.11467680462950022 
32.74 	 0.11284468540561521 
32.76 	 0.11068037179316817 
32.78 	 0.1079568383638814 
32.8 	 0.10503656327103857 
32.82 	 0.10167918556446455 
32.84 	 0.09830976788877503 
32.86 	 0.094700829206643 
32.88 	 0.09127672724807923 
32.9 	 0.08783841313386992 
32.92 	 0.08475088754211754 
32.94 	 0.0818480720585254 
32.96 	 0.07939791732736362 
32.98 	 0.07726618051773954 
33.0 	 0.07561273050997418 
33.02 	 0.07433406921685513 
33.04 	 0.07349259804288452 
33.06 	 0.07301665439396833 
33.08 	 0.07289330888362694 
33.1 	 0.07308466995842512 
33.12 	 0.07352680639589078 
33.14 	 0.07421589915695491 
33.16 	 0.07505765346404333 
33.18 	 0.07607923090173628 
33.2 	 0.07717041810725815 
33.22 	 0.07838246682653821 
33.24 	 0.07959769978614578 
33.26 	 0.08088169392466683 
33.28 	 0.08211422986136367 
33.3 	 0.08336450446650895 
33.32 	 0.08451491072377038 
33.34 	 0.08562886332430467 
33.36 	 0.08659981497274223 
33.38 	 0.08747891081126508 
33.4 	 0.08818256754707372 
33.42 	 0.08874647720829787 
33.44 	 0.08912203520588664 
33.46 	 0.08932893437101716 
33.48 	 0.08936060178747758 
33.5 	 0.08922177070216013 
33.52 	 0.08894630645573061 
33.54 	 0.08852579623141757 
33.56 	 0.08802430678595718 
33.58 	 0.08742257748179666 
33.6 	 0.08679965759276961 
33.62 	 0.08612836392514403 
33.64 	 0.08548767821575468 
33.66 	 0.08484622891836403 
33.68 	 0.08427197540237409 
33.7 	 0.0837336380487481 
33.72 	 0.08328243368769828 
33.74 	 0.08289104172859696 
33.76 	 0.08259206954364161 
33.78 	 0.08236416990904975 
33.8 	 0.08222106555639391 
33.82 	 0.08214630034748345 
33.84 	 0.08213488923611022 
33.86 	 0.08217091812657631 
33.88 	 0.08223256170576092 
33.9 	 0.08229834354108063 
33.92 	 0.08233634057169278 
33.94 	 0.0823146728263347 
33.96 	 0.08220565296258231 
33.98 	 0.08196679917516886 
34.0 	 0.08159543938103113 
34.02 	 0.08104486120107877 
34.04 	 0.08035752892274542 
34.06 	 0.0794940467482133 
34.08 	 0.07854995111013718 
34.1 	 0.07750433442287812 
34.12 	 0.07649142560996153 
34.14 	 0.07551191418862331 
34.16 	 0.07470101853001056 
34.18 	 0.07407181533309508 
34.2 	 0.07371196767191947 
34.22 	 0.07362965128005668 
34.24 	 0.07382753089397563 
34.26 	 0.07429401033138343 
34.28 	 0.07494017113419424 
34.3 	 0.07572966243859204 
34.32 	 0.07651265184467643 
34.34 	 0.07723139946099492 
34.36 	 0.0777332483984093 
34.38 	 0.07794460191850579 
34.4 	 0.07777476378388434 
34.42 	 0.077139360287076 
34.44 	 0.07605799609313023 
34.46 	 0.07444260901930806 
34.48 	 0.07243769116072744 
34.5 	 0.06996232024362656 
34.52 	 0.06726173456601364 
34.54 	 0.06427295679163261 
34.56 	 0.06128875142724018 
34.58 	 0.058268110362745665 
34.6 	 0.05548901155887164 
34.62 	 0.0529268839997139 
34.64 	 0.05079425316146547 
34.66 	 0.0490726456735459 
34.68 	 0.04788231489355642 
34.7 	 0.04720431669248588 
34.72 	 0.047064031569137355 
34.74 	 0.047444723699136826 
34.76 	 0.048290586540523185 
34.78 	 0.049597672411581514 
34.8 	 0.05124890316975916 
34.82 	 0.05326513671518478 
34.84 	 0.055486503477902564 
34.86 	 0.05796507461801687 
34.88 	 0.06051177524075003 
34.9 	 0.06320678378281057 
34.92 	 0.06584147772476853 
34.94 	 0.06851191122881277 
34.96 	 0.07100019354871473 
34.98 	 0.07340045787634175 
35.0 	 0.07550216598296951 
35.02 	 0.07737890913681456 
35.04 	 0.07885350520443349 
35.06 	 0.07996402666932474 
35.08 	 0.08059904172367667 
35.1 	 0.08075345283160877 
35.12 	 0.08041101635321667 
35.14 	 0.07952553881661455 
35.16 	 0.07819041600931267 
35.18 	 0.0763299258495583 
35.2 	 0.07413790470242919 
35.22 	 0.0715260503184661 
35.24 	 0.06875558976025196 
35.26 	 0.06574103658540807 
35.28 	 0.06276337104971424 
35.3 	 0.05974785682688201 
35.32 	 0.056947691662437835 
35.34 	 0.05429830240032953 
35.36 	 0.051990940180168414 
35.38 	 0.049966159524075834 
35.4 	 0.04833886604449171 
35.42 	 0.04705093398055966 
35.44 	 0.046144797987083874 
35.46 	 0.04556429616140313 
35.48 	 0.045295196707776694 
35.5 	 0.04528778388602765 
35.52 	 0.04549177552181032 
35.54 	 0.04586927486784633 
35.56 	 0.04635398213899562 
35.58 	 0.04692320099479437 
35.6 	 0.04751086275605762 
35.62 	 0.048109526818829226 
35.64 	 0.0486643200395446 
35.66 	 0.04918013335240798 
35.68 	 0.049618708366019226 
35.7 	 0.04999271274208197 
35.72 	 0.05028111969126028 
35.74 	 0.050499715727823635 
35.76 	 0.05064198864101081 
35.78 	 0.050723222050156676 
35.8 	 0.05074711264656835 
35.82 	 0.050726427258706915 
35.84 	 0.0506707375773698 
35.86 	 0.05059001834272108 
35.88 	 0.05049641406260783 
35.9 	 0.05039844997677431 
35.92 	 0.050308936739952646 
35.94 	 0.05023757741023837 
35.96 	 0.0501969032638507 
35.98 	 0.05020110062128714 
36.0 	 0.050261356142672006 
36.02 	 0.05039954716851417 
36.04 	 0.05062314492516306 
36.06 	 0.050964262983660996 
36.08 	 0.05142237454170295 
36.1 	 0.05204172908211722 
36.12 	 0.05280786014359897 
36.14 	 0.053778942585225975 
36.16 	 0.054919676333602264 
36.18 	 0.05630433828994829 
36.2 	 0.0578694245218348 
36.22 	 0.059707746735011856 
36.24 	 0.06171981922816547 
36.26 	 0.06401882144652336 
36.28 	 0.06646149084025232 
36.3 	 0.06918145510509073 
36.32 	 0.07198573525663476 
36.34 	 0.07502573815674918 
36.36 	 0.07805854281871123 
36.38 	 0.08124711175434103 
36.4 	 0.08430887048368277 
36.42 	 0.08740778239060859 
36.44 	 0.09024566043722584 
36.46 	 0.09297216796951771 
36.48 	 0.09531025488937006 
36.5 	 0.09737625125039964 
36.52 	 0.09895717142431776 
36.54 	 0.10011660599962222 
36.56 	 0.1007441651519371 
36.58 	 0.10083611268133247 
36.6 	 0.1004079776216796 
36.62 	 0.09938382259672976 
36.64 	 0.09790658592385237 
36.66 	 0.09583516866247625 
36.68 	 0.09341983752355386 
36.7 	 0.09047177564995525 
36.72 	 0.08731353638221678 
36.74 	 0.08373202618930427 
36.76 	 0.0800817241004974 
36.78 	 0.07614921952404191 
36.8 	 0.07228395373926959 
36.82 	 0.06829190994463594 
36.84 	 0.06448929698812851 
36.86 	 0.06071411119528791 
36.88 	 0.0572316801386341 
36.9 	 0.05391709720009051 
36.92 	 0.05097688875585859 
36.94 	 0.04832240075613805 
36.96 	 0.046100805764440964 
36.98 	 0.04425555999505966 
37.0 	 0.04287808305612278 
37.02 	 0.04193900593475493 
37.04 	 0.04147834244501065 
37.06 	 0.041489924148065 
37.08 	 0.0419647677231545 
37.1 	 0.0429179380893091 
37.12 	 0.04429090240734549 
37.14 	 0.04612054811794942 
37.16 	 0.048296330835007895 
37.18 	 0.05088000376099228 
37.2 	 0.053707317975682116 
37.22 	 0.05686919316960165 
37.24 	 0.06014993867851963 
37.26 	 0.0636728345473947 
37.28 	 0.06717940146101345 
37.3 	 0.07082463449795222 
37.32 	 0.0743230883088005 
37.34 	 0.07785530994326374 
37.36 	 0.081130674148906 
37.38 	 0.08434415454699432 
37.4 	 0.0872246600614063 
37.42 	 0.08996841395343043 
37.44 	 0.09234703431740576 
37.46 	 0.09454684980203375 
37.48 	 0.0963984428229784 
37.5 	 0.09807235867119891 
37.52 	 0.09946207392254754 
37.54 	 0.1007222258135006 
37.56 	 0.10179711356390245 
37.58 	 0.10282851971156215 
37.6 	 0.10378416936660735 
37.62 	 0.1047953075313296 
37.64 	 0.10581756480718171 
37.66 	 0.10697079928045777 
37.68 	 0.10816799203973537 
37.7 	 0.109513909080723 
37.72 	 0.11086747399931003 
37.74 	 0.11231325811940387 
37.76 	 0.11367205778078829 
37.78 	 0.11500214704216277 
37.8 	 0.11612664775910832 
37.82 	 0.1170700847745908 
37.84 	 0.11770936726383956 
37.86 	 0.11802764136077298 
37.88 	 0.1179993190761551 
37.9 	 0.11756166748803212 
37.92 	 0.11680645029441661 
37.94 	 0.11562666754726783 
37.96 	 0.11422071486666718 
37.98 	 0.11244488129907623 
38.0 	 0.11056816884595479 
38.02 	 0.10842028421859806 
38.04 	 0.10629374305045784 
38.06 	 0.10400044084222641 
38.08 	 0.10181475434730076 
38.1 	 0.09953640911713467 
38.12 	 0.09739765773183202 
38.14 	 0.09518966204637129 
38.16 	 0.09310066264639716 
38.18 	 0.09091748459924777 
38.2 	 0.08880092495433639 
38.22 	 0.08654050284916166 
38.24 	 0.0842947511132213 
38.26 	 0.08186589453745284 
38.28 	 0.07943139950780954 
38.3 	 0.07681689545532537 
38.32 	 0.07422546893554867 
38.34 	 0.0715136342145743 
38.36 	 0.06889858921872474 
38.38 	 0.06626871575911374 
38.4 	 0.06383078822538357 
38.42 	 0.06149945243196269 
38.44 	 0.059444659276170174 
38.46 	 0.057598770292109 
38.48 	 0.0560773154678618 
38.5 	 0.0548236628375139 
38.52 	 0.05389475836090847 
38.54 	 0.05324257755459623 
38.56 	 0.05287265096810543 
38.58 	 0.05274661115141127 
38.6 	 0.05283183167729466 
38.62 	 0.05310173994093758 
38.64 	 0.0535005194585615 
38.66 	 0.054015046502828026 
38.68 	 0.05458087844172265 
38.7 	 0.05519944807068819 
38.72 	 0.05581088306412906 
38.74 	 0.056432384969978266 
38.76 	 0.05701894319023167 
38.78 	 0.057605086274478454 
38.8 	 0.05816537731814471 
38.82 	 0.058752937901821324 
38.84 	 0.05935832823568311 
38.86 	 0.06005323757226153 
38.88 	 0.06083162430957698 
38.9 	 0.061782280662432236 
38.92 	 0.06288359544186232 
38.94 	 0.06424019307510885 
38.96 	 0.06579503411173766 
38.98 	 0.06767034456098982 
39.0 	 0.06975850155627031 
39.02 	 0.07220597802869912 
39.04 	 0.07484656022874578 
39.06 	 0.07786110319730301 
39.08 	 0.08102190491552923 
39.1 	 0.08455312058766969 
39.12 	 0.08816337555554773 
39.14 	 0.09212206354096757 
39.16 	 0.0960706614266272 
39.18 	 0.10031464434318584 
39.2 	 0.10442828328599577 
39.22 	 0.10873143946275411 
39.24 	 0.11274610213547356 
39.26 	 0.11677276891265298 
39.28 	 0.12032362942370022 
39.3 	 0.12363621807081797 
39.32 	 0.12628707246469384 
39.34 	 0.12840366557011038 
39.36 	 0.1297208659363977 
39.38 	 0.13021889611060103 
39.4 	 0.1298769113159941 
39.42 	 0.12851835417740398 
39.44 	 0.1264098994916313 
39.46 	 0.12324727152142824 
39.48 	 0.11955955082463003 
39.5 	 0.11497438259735014 
39.52 	 0.11018887699380316 
39.54 	 0.1048265771210883 
39.56 	 0.0996183786938521 
39.58 	 0.0942254951050571 
39.6 	 0.08928647769427123 
39.62 	 0.08451256473204971 
39.64 	 0.08037323072154541 
39.66 	 0.07662569796465989 
39.68 	 0.07355606123613558 
39.7 	 0.07096348165642317 
39.72 	 0.06898239820252523 
39.74 	 0.06745545559147977 
39.76 	 0.06641440054822209 
39.78 	 0.06574797301321553 
39.8 	 0.06542855999244909 
39.82 	 0.06538874548333411 
39.84 	 0.06556992677849956 
39.86 	 0.0659399615608821 
39.88 	 0.06642463684408287 
39.9 	 0.06701520736147348 
39.92 	 0.06763131659100921 
39.94 	 0.06827681478937363 
39.96 	 0.06887498346399883 
39.98 	 0.06943539374222847 
40.0 	 0.06989683469253348 
40.02 	 0.07027190917854541 
40.04 	 0.07052590164850758 
40.06 	 0.07067428246737628 
40.08 	 0.07071384348770549 
40.1 	 0.07066308398781004 
40.12 	 0.07054584447225903 
40.14 	 0.07038262207608392 
40.16 	 0.07021107508986787 
40.18 	 0.07005136962267354 
40.2 	 0.06993789355554988 
40.22 	 0.06988818403809903 
40.24 	 0.0699190813714112 
40.26 	 0.07004509892309571 
40.28 	 0.07025905984523884 
40.3 	 0.07057494998340737 
40.32 	 0.07096384023991932 
40.34 	 0.07144372300075316 
40.36 	 0.07197163252867769 
40.38 	 0.07257370945263228 
40.4 	 0.07320066387876575 
40.42 	 0.0738878228939648 
40.44 	 0.07458281898049439 
40.46 	 0.07532662237206218 
40.48 	 0.07606184828213214 
40.5 	 0.07682765954238874 
40.52 	 0.07755831343890626 
40.54 	 0.07828241333791802 
40.56 	 0.07892731208380158 
40.58 	 0.07950418168046523 
40.6 	 0.07994419824103216 
40.62 	 0.08023824282798689 
40.64 	 0.08034044700923168 
40.66 	 0.08022288148814935 
40.68 	 0.07988337717252798 
40.7 	 0.07927987182022274 
40.72 	 0.0784667153006028 
40.74 	 0.07739368356008278 
40.76 	 0.07616949414272327 
40.78 	 0.07474107079270946 
40.8 	 0.07325400270536947 
40.82 	 0.07165590220489754 
40.84 	 0.07010304995487175 
40.86 	 0.06854596087261894 
40.88 	 0.06712645326436889 
40.9 	 0.06580028394546841 
40.92 	 0.06467774882505407 
40.94 	 0.0637230534460065 
40.96 	 0.06300715489529088 
40.98 	 0.06250567758865097 
41.0 	 0.06224820308727009 
41.02 	 0.06222241145324345 
41.04 	 0.06241646525113376 
41.06 	 0.06282735515740343 
41.08 	 0.06340328260153291 
41.1 	 0.06414554173956258 
41.12 	 0.06496841757954297 
41.14 	 0.06587265779156022 
41.16 	 0.06675293095147292 
41.18 	 0.06760662857050118 
41.2 	 0.06833170999069861 
41.22 	 0.06892182412623385 
41.24 	 0.06930482059389685 
41.26 	 0.06947197579558591 
41.28 	 0.06940256435797044 
41.3 	 0.06908766077012007 
41.32 	 0.06856590470799741 
41.34 	 0.0678300159617363 
41.36 	 0.06696845558683853 
41.38 	 0.06597577320262936 
41.4 	 0.06496616253746611 
41.42 	 0.06393358765326142 
41.44 	 0.06298776991130245 
41.46 	 0.062117486075304616 
41.48 	 0.061401702120697864 
41.5 	 0.06081913392439186 
41.52 	 0.060403410105503354 
41.54 	 0.060120433591974595 
41.56 	 0.05995919648648394 
41.58 	 0.05987366627415295 
41.6 	 0.05982343028304253 
41.62 	 0.059754995351982636 
41.64 	 0.05962368491135142 
41.66 	 0.05937536961278601 
41.68 	 0.05898834334688717 
41.7 	 0.05841523265291138 
41.72 	 0.057677278653806015 
41.74 	 0.05673981926731356 
41.76 	 0.05567206610576564 
41.78 	 0.05445448351400869 
41.8 	 0.053191986266960194 
41.82 	 0.051877654802596915 
41.84 	 0.05062737107290636 
41.86 	 0.04944018335288333 
41.88 	 0.04841566201841618 
41.9 	 0.04755136574315689 
41.92 	 0.04691057057776654 
41.94 	 0.04648497414329334 
41.96 	 0.04629380197269686 
41.98 	 0.046323223327889025 
42.0 	 0.04655180824351571 
42.02 	 0.04696365704333302 
42.04 	 0.04750683958491671 
42.06 	 0.04816691442324566 
42.08 	 0.048874248083130074 
42.1 	 0.04961731789171603 
42.12 	 0.050322118085668596 
42.14 	 0.05097927366043728 
42.16 	 0.05152358205942726 
42.18 	 0.051946019352136434 
42.2 	 0.052202368707698364 
42.22 	 0.052282499978293276 
42.24 	 0.05217248909394772 
42.26 	 0.05186066865289348 
42.28 	 0.05136740997231011 
42.3 	 0.0506799578731278 
42.32 	 0.04985012002119732 
42.34 	 0.04886473216662391 
42.36 	 0.04779780213552447 
42.38 	 0.046635974657323276 
42.4 	 0.04546236600763767 
42.42 	 0.04426278554418447 
42.44 	 0.04311592565039729 
42.46 	 0.0420052404824818 
42.48 	 0.040993976779699126 
42.5 	 0.0400612209125417 
42.52 	 0.039248121241879416 
42.54 	 0.038527696071292104 
42.56 	 0.037917654181577894 
42.58 	 0.03738467150914667 
42.6 	 0.036927257519692905 
42.62 	 0.03650782548039394 
42.64 	 0.036114790043882454 
42.66 	 0.03571074540913983 
42.68 	 0.035285676811062205 
42.7 	 0.03480785047128035 
42.72 	 0.03427921921899092 
42.74 	 0.033677996131437155 
42.76 	 0.03302321343206791 
42.78 	 0.03230398153715552 
42.8 	 0.03155415916137646 
42.82 	 0.03077070163112184 
42.84 	 0.02999399608718773 
42.86 	 0.02922317930665153 
42.88 	 0.0284950251075964 
42.9 	 0.02780540057438768 
42.92 	 0.027180150153831285 
42.94 	 0.026609164406102014 
42.96 	 0.026105372938118338 
42.98 	 0.0256534096779956 
43.0 	 0.02525601770494728 
43.02 	 0.024895416188990716 
43.04 	 0.024569003620545666 
43.06 	 0.024259506292397908 
43.08 	 0.02396335000398983 
43.1 	 0.023665418936911656 
43.12 	 0.023363814467033447 
43.14 	 0.023045822541948098 
43.16 	 0.02271225012385954 
43.18 	 0.022352252476434627 
43.2 	 0.021969449033462297 
43.22 	 0.02155422014745601 
43.24 	 0.021112760097453196 
43.26 	 0.020636255359221183 
43.28 	 0.02013317603208891 
43.3 	 0.0195954300646992 
43.32 	 0.019033555345244948 
43.34 	 0.018440489567496443 
43.36 	 0.017828800017935645 
43.38 	 0.01719308399252588 
43.4 	 0.01654788886604674 
43.42 	 0.015890006086612306 
43.44 	 0.015235376341178825 
43.46 	 0.014582741179624402 
43.48 	 0.01394780773487088 
43.5 	 0.013329842256866998 
43.52 	 0.012741818654843605 
43.54 	 0.012181381702788055 
43.56 	 0.011656488782753575 
43.58 	 0.011161558220184095 
43.6 	 0.010698878205669712 
43.62 	 0.01025977614774607 
43.64 	 0.009842506548183041 
43.66 	 0.009437331645091222 
43.68 	 0.00904166372814409 
43.7 	 0.00864750575725029 
43.72 	 0.008254468950350875 
43.74 	 0.007858287252888424 
43.76 	 0.007462125880929656 
43.78 	 0.007065637765577497 
43.8 	 0.006674805595548114 
43.82 	 0.006291765541660106 
43.84 	 0.005923302240821325 
43.86 	 0.005572013089625688 
43.88 	 0.00524349750216206 
43.9 	 0.004939297104458495 
43.92 	 0.004662782937011317 
43.94 	 0.004413920028280456 
43.96 	 0.004193865005430574 
43.98 	 0.004001275519413677 
44.0 	 0.003835691103225975 
44.02 	 0.0036949954181106906 
44.04 	 0.0035777457477337102 
44.06 	 0.0034814628408699694 
44.08 	 0.0034041515233334593 
44.1 	 0.0033432097601638843 
44.12 	 0.0032963966968631245 
44.14 	 0.003261216374904169 
44.16 	 0.0032355292691618478 
44.18 	 0.0032172608140115496 
44.2 	 0.003204758119105587 
44.22 	 0.0031966569806208545 
44.24 	 0.0031920209847924653 
44.26 	 0.003190238877521693 
44.28 	 0.0031909847524185754 
44.3 	 0.0031941155761038673 
44.32 	 0.003199532887594683 
44.34 	 0.003207140796821813 
44.36 	 0.003216706421812232 
44.38 	 0.003227946650940154 
44.4 	 0.0032404371156425117 
44.42 	 0.0032538190472310552 
44.44 	 0.0032677255469981442 
44.46 	 0.003282018809036671 
44.48 	 0.003296659696426305 
44.5 	 0.0033118863125945535 
44.52 	 0.003327986330407959 
44.54 	 0.0033454137887019343 
44.56 	 0.003364496184261572 
44.58 	 0.0033855747108303812 
44.6 	 0.003408715279446185 
44.62 	 0.003433963668120592 
44.64 	 0.0034610945945215935 
44.66 	 0.0034899951625287904 
44.68 	 0.0035204143272943907 
44.7 	 0.003552404965341639 
44.72 	 0.003585996522393418 
44.74 	 0.003621619017332526 
44.76 	 0.0036596479939055102 
44.78 	 0.0037008084725907277 
44.8 	 0.003745601561969791 
44.82 	 0.0037947714024404553 
44.84 	 0.0038486530402942793 
44.86 	 0.00390780301940956 
44.88 	 0.003972274964070529 
44.9 	 0.004042454526396215 
44.92 	 0.0041182018586273465 
44.94 	 0.004199858677527432 
44.96 	 0.004287159888532019 
44.98 	 0.0043803681464747975 
45.0 	 0.004478890250219139 
45.02 	 0.004582551046341699 
45.04 	 0.0046899371273957735 
45.06 	 0.004799879389334206 
45.08 	 0.00490963923679982 
45.1 	 0.005016644680661742 
45.12 	 0.005116704434075465 
45.14 	 0.00520591047280433 
45.16 	 0.005279120432638459 
45.18 	 0.005331751217626804 
45.2 	 0.005358816454332217 
45.22 	 0.005356182382471906 
45.24 	 0.005320450349831422 
45.26 	 0.005249211590387706 
45.28 	 0.005141966220442379 
45.3 	 0.004999045132590901 
45.32 	 0.004823542942168321 
45.34 	 0.004618865327180523 
45.36 	 0.0043914027758553634 
45.38 	 0.004147028264985144 
45.4 	 0.00389408372380011 
45.42 	 0.0036394488355405217 
45.44 	 0.0033914328658457248 
45.46 	 0.0031561167977973838 
45.48 	 0.0029398961284795603 
45.5 	 0.002746622828667185 
45.52 	 0.002579705572951363 
45.54 	 0.0024402451796552704 
45.56 	 0.0023286785623893745 
45.58 	 0.0022437891005015202 
45.6 	 0.0021838911595813207 
45.62 	 0.0021464394096582704 
45.64 	 0.0021287580528325167 
45.66 	 0.002127985743652653 
45.68 	 0.0021413911214265093 
45.7 	 0.0021664914238078434 
45.72 	 0.0022010389831376154 
45.74 	 0.002243246153729776 
45.76 	 0.0022915384461435527 
45.78 	 0.002344861988071535 
45.8 	 0.002402273058164437 
45.82 	 0.0024633108278065466 
45.84 	 0.0025274566721546388 
45.86 	 0.0025945577111459654 
45.88 	 0.0026641697091476196 
45.9 	 0.0027360321963547703 
45.92 	 0.0028093159217896166 
45.94 	 0.0028831702196208536 
45.96 	 0.0029559266747681444 
45.98 	 0.003025744079377036 
46.0 	 0.0030898650919066115 
46.02 	 0.0031453531410575363 
46.04 	 0.0031885410994538796 
46.06 	 0.0032157771733535927 
46.08 	 0.003223217225611978 
46.1 	 0.0032073906739480693 
46.12 	 0.0031654469440004756 
46.14 	 0.0030952770110468835 
46.16 	 0.0029962280081363454 
46.18 	 0.002868549282558057 
46.2 	 0.0027144697530968537 
46.22 	 0.0025369126850601567 
46.24 	 0.002340743627823385 
46.26 	 0.0021309523509033274 
46.28 	 0.0019138709390354198 
46.3 	 0.0016952171746332132 
46.32 	 0.0014811523290381634 
46.34 	 0.001276602470615148 
46.36 	 0.001086122366630634 
46.38 	 0.0009127548028316968 
46.4 	 0.000758728975183989 
46.42 	 0.000624886949022486 
46.44 	 0.0005112498214594318 
46.46 	 0.000416862804327929 
46.48 	 0.0003402370472898491 
46.5 	 0.0002794057754093073 
46.52 	 0.00023223385464964357 
46.54 	 0.00019651920828791435 
46.56 	 0.00017017169588014918 
46.58 	 0.00015127597690910166 
46.6 	 0.0001381634327278226 
46.62 	 0.00012942157141786206 
46.64 	 0.0001238976578887852 
46.66 	 0.0001206740064653973 
46.68 	 0.0001190410708749189 
46.7 	 0.00011846272815160794 
46.72 	 0.00011854445052067817 
46.74 	 0.00011900348234903696 
46.76 	 0.00011964369411765603 
46.78 	 0.00012033518652240319 
46.8 	 0.00012099774993203063 
46.82 	 0.00012158843193276427 
46.84 	 0.0001220913551135745 
46.86 	 0.00012251014797858792 
46.88 	 0.0001228613630402352 
46.9 	 0.00012316932493224042 
46.92 	 0.00012346130623734609 
46.94 	 0.0001237635270337852 
46.96 	 0.00012409726933201534 
46.98 	 0.00012447569510516289 
47.0 	 0.00012490082128730964 
47.02 	 0.0001253614129784936 
47.04 	 0.00012583123286006968 
47.06 	 0.00012626859287228292 
47.08 	 0.0001266165638543158 
47.1 	 0.00012680480041456847 
47.12 	 0.00012675232635114584 
47.14 	 0.0001263718366377323 
47.16 	 0.0001255750977894195 
47.18 	 0.00012427902091133883 
47.2 	 0.00012241267752202017 
47.22 	 0.00011992330529649824 
47.24 	 0.00011678287490712623 
47.26 	 0.00011299148387651701 
47.28 	 0.00010858103312874649 
47.3 	 0.00010361386918228829 
47.32 	 9.818196994450927e-05 
47.34 	 9.240036887828939e-05 
47.36 	 8.640213710493541e-05 
47.38 	 8.032836733060831e-05 
47.4 	 7.432121957402218e-05 
47.42 	 6.851381849110912e-05 
47.44 	 6.302453386070965e-05 
47.46 	 5.795011199479638e-05 
47.48 	 5.33636540448002e-05 
47.5 	 4.931272997100271e-05 
47.52 	 4.582171784350415e-05 
47.54 	 4.289457437947811e-05 
47.56 	 4.052048203139982e-05 
47.58 	 3.867958853148818e-05 
47.6 	 3.7350200427942926e-05 
47.62 	 3.6515658798210556e-05 
47.64 	 3.6171624705375506e-05 
47.66 	 3.633282941649031e-05 
47.68 	 3.703949283073773e-05 
47.7 	 3.836296717778912e-05 
47.72 	 4.041010123467784e-05 
47.74 	 4.3326173990485375e-05 
47.76 	 4.729492594627459e-05 
47.78 	 5.253611610542909e-05 
47.8 	 5.929797091182935e-05 
47.82 	 6.784667006011643e-05 
47.84 	 7.844868742667542e-05 
47.86 	 9.135203921430363e-05 
47.88 	 0.00010675928600788656 
47.9 	 0.00012480556570931486 
47.92 	 0.000145527836344102 
47.94 	 0.00016885033093164234 
47.96 	 0.00019455897023469142 
47.98 	 0.0002223070549368776 
48.0 	 0.00025160261282000933 
48.02 	 0.000281842870159137 
48.04 	 0.00031231614428643456 
48.06 	 0.0003422634595675176 
48.08 	 0.0003708887193183388 
48.1 	 0.00039743446299346047 
48.12 	 0.00042118956759559355 
48.14 	 0.00044155980962472035 
48.16 	 0.0004580643937558201 
48.18 	 0.0004703841625645265 
48.2 	 0.0004783454204785927 
48.22 	 0.00048193757718916353 
48.24 	 0.0004812901229272338 
48.26 	 0.0004766617182319543 
48.28 	 0.00046841921150263645 
48.3 	 0.0004570066659768678 
48.32 	 0.00044293305046357213 
48.34 	 0.00042673104270698705 
48.36 	 0.000408955229575819 
48.38 	 0.00039013875501507785 
48.4 	 0.0003708001782990336 
48.42 	 0.0003514037718434686 
48.44 	 0.0003323722078143881 
48.46 	 0.00031405454627782584 
48.48 	 0.00029674266515247077 
48.5 	 0.00028064918761794224 
48.52 	 0.00026592622527806274 
48.54 	 0.00025265324571535413 
48.56 	 0.0002408565618085707 
48.58 	 0.00023050505575901938 
48.6 	 0.00022152859593434627 
48.62 	 0.0002138186433318295 
48.64 	 0.00020724422779755882 
48.66 	 0.0002016549735597526 
48.68 	 0.00019689425965692988 
48.7 	 0.00019280319041929314 
48.72 	 0.00018923117517549641 
48.74 	 0.00018603974694074538 
48.76 	 0.00018311047931625918 
48.78 	 0.00018034720577087384 
48.8 	 0.00017768049830306867 
48.82 	 0.00017506669824194187 
48.84 	 0.00017248823461043245 
48.86 	 0.000169948872195245 
48.88 	 0.00016747043537259924 
48.9 	 0.00016508562983255006 
48.92 	 0.0001628334865965114 
48.94 	 0.00016075272648568138 
48.96 	 0.00015887901364949335 
48.98 	 0.00015724179109460787 
49.0 	 0.00015586538090534545 
49.02 	 0.00015477033566309065 
49.04 	 0.00015397801938661575 
49.06 	 0.00015351492453256703 
49.08 	 0.0001534180637699676 
49.1 	 0.00015373900934028176 
49.12 	 0.00015454658926752638 
49.14 	 0.00015592760736085032 
49.16 	 0.000157984373834618 
49.18 	 0.0001608309824347738 
49.2 	 0.00016458542616856674 
49.22 	 0.0001693628566867629 
49.24 	 0.00017526420194534002 
49.26 	 0.00018236973921125882 
49.28 	 0.00019072717984752193 
49.3 	 0.00020034932702594265 
49.32 	 0.00021120409592605304 
49.34 	 0.00022321887545032437 
49.36 	 0.00023627320691143005 
49.38 	 0.0002502102519107214 
49.4 	 0.00026483075629156445 
49.42 	 0.0002799097649617532 
49.44 	 0.0002951892864253102 
49.46 	 0.00031039728360490016 
49.48 	 0.0003252371644974821 
49.5 	 0.0003394068179964681 
49.52 	 0.00035258573366443496 
49.54 	 0.00036445390501063256 
49.56 	 0.00037468060878775476 
49.58 	 0.0003829445634504213 
49.6 	 0.00038892989044559567 
49.62 	 0.0003923481318267293 
49.64 	 0.00039294510354167313 
49.66 	 0.0003905220212847544 
49.68 	 0.00038495234926428875 
49.7 	 0.0003761953941237569 
49.72 	 0.0003643173241932373 
49.74 	 0.00034948920342495486 
49.76 	 0.00033200396985976887 
49.78 	 0.0003122538220872553 
49.8 	 0.0002907365988646184 
49.82 	 0.0002680139404168252 
49.84 	 0.00024470555217673447 
49.86 	 0.00022143669151390726 
49.88 	 0.00019882481579629763 
49.9 	 0.0001774292332435714 
49.92 	 0.00015773861300465573 
49.94 	 0.00014013495398219972 
49.96 	 0.00012489024761430702 
49.98 	 0.00011215152498600195 
50.0 	 0.00010195063898766214 
50.02 	 9.420957262997518e-05 
50.04 	 8.876120097630285e-05 
50.06 	 8.536775860181874e-05 
50.08 	 8.374589036596124e-05 
50.1 	 8.358876365008425e-05 
50.12 	 8.458793454004844e-05 
50.14 	 8.645141058444515e-05 
50.16 	 8.891760615333204e-05 
50.18 	 9.176587010058207e-05 
50.2 	 9.482180552267522e-05 
50.22 	 9.796064965626547e-05 
50.24 	 0.0001011059401404303 
50.26 	 0.00010422782925177127 
50.28 	 0.00010733743323473078 
50.3 	 0.00011048176954400183 
50.32 	 0.00011373506408203581 
50.34 	 0.00011719114050891781 
50.36 	 0.00012095231680854786 
50.38 	 0.00012512030684717478 
50.4 	 0.0001297840562415929 
50.42 	 0.00013501154974142029 
50.44 	 0.0001408392018095335 
50.46 	 0.00014726792150693507 
50.48 	 0.0001542568628325134 
50.5 	 0.0001617263266301052 
50.52 	 0.00016955716647765493 
50.54 	 0.0001776008248981299 
50.56 	 0.00018568349517375572 
50.58 	 0.00019362124190865242 
50.6 	 0.0002012265366254947 
50.62 	 0.0002083250419737583 
50.64 	 0.00021476167672227 
50.66 	 0.00022041514208073445 
50.68 	 0.00022520068696293275 
50.7 	 0.00022907859301055062 
50.72 	 0.0002320513526597216 
50.74 	 0.0002341637591986419 
50.76 	 0.0002354941437095992 
50.78 	 0.00023614700780351996 
50.8 	 0.00023624122398310427 
50.82 	 0.00023589989929732473 
50.84 	 0.00023524078213023664 
50.86 	 0.00023436916793659145 
50.88 	 0.00023337452482799566 
50.9 	 0.00023232914646661832 
50.92 	 0.0002312905159834184 
50.94 	 0.0002303034908073512 
50.96 	 0.0002294040673022692 
50.98 	 0.00022862076306534888 
51.0 	 0.0002279759579725137 
51.02 	 0.00022748475938690096 
51.04 	 0.0002271542703503917 
51.06 	 0.00022698242688962912 
51.08 	 0.00022695864988842812 
51.1 	 0.00022706598389934967 
51.12 	 0.0002272850464327108 
51.14 	 0.00022759915349918988 
51.16 	 0.00022799902688540644 
51.18 	 0.00022848661755754728 
51.2 	 0.00022907590252008823 
51.22 	 0.00022979161098494365 
51.24 	 0.00023066443226656418 
51.26 	 0.00023172572416087686 
51.28 	 0.00023300063687529607 
51.3 	 0.00023450410971407977 
51.32 	 0.00023623732759527725 
51.34 	 0.0002381894445702459 
51.36 	 0.00024033944294621682 
51.38 	 0.00024266302362337946 
51.4 	 0.0002451368807033754 
51.42 	 0.00024774620885674155 
51.44 	 0.0002504866618326629 
51.46 	 0.0002533685898428935 
51.48 	 0.0002564146286028405 
51.5 	 0.00025966060017919816 
51.52 	 0.0002631502365797268 
51.54 	 0.00026693520980427605 
51.56 	 0.0002710690622199209 
51.58 	 0.00027560779368528967 
51.6 	 0.0002806026738898777 
51.62 	 0.0002861002856369293 
51.64 	 0.0002921319888607174 
51.66 	 0.00029871194455103516 
51.68 	 0.00030582234643829675 
51.7 	 0.00031341072541676645 
51.72 	 0.00032137377789192103 
51.74 	 0.0003295585487803789 
51.76 	 0.00033775041519553734 
51.78 	 0.0003456831724366644 
51.8 	 0.00035303613477117397 
51.82 	 0.00035945477445905477 
51.84 	 0.0003645585443743163 
51.86 	 0.00036796855103853683 
51.88 	 0.0003693239328393371 
51.9 	 0.00036830899377069564 
51.92 	 0.0003646736250617835 
51.94 	 0.00035825114816141176 
51.96 	 0.00034897768055565506 
51.98 	 0.000336893785269894 
52.0 	 0.000322158381606999 
52.02 	 0.00030503139126113676 
52.04 	 0.0002858795029032386 
52.06 	 0.00026514221384330266 
52.08 	 0.0002433294510307231 
52.1 	 0.00022097830685514889 
52.12 	 0.00019864570788904023 
52.14 	 0.00017686602338210205 
52.16 	 0.00015614428190373743 
52.18 	 0.00013692424748903005 
52.2 	 0.00011958750735391228 
52.22 	 0.00010443734648721562 
52.24 	 9.170586768630481e-05 
52.26 	 8.155264404784866e-05 
52.28 	 7.407730894974545e-05 
52.3 	 6.932645910518534e-05 
52.32 	 6.730563556240458e-05 
52.34 	 6.798612861220594e-05 
52.36 	 7.1310380149723e-05 
52.38 	 7.719335803870742e-05 
52.4 	 8.551952205526012e-05 
52.42 	 9.613985415711268e-05 
52.44 	 0.00010886438529291748 
52.46 	 0.00012346212066806353 
52.48 	 0.0001396568498855071 
52.5 	 0.00015713895828367306 
52.52 	 0.00017557072231444226 
52.54 	 0.00019461438753935875 
52.56 	 0.00021394646058494628 
52.58 	 0.00023329756885587176 
52.6 	 0.0002524671997941918 
52.62 	 0.0002713631487497096 
52.64 	 0.00029000384376371194 
52.66 	 0.00030854375656202206 
52.68 	 0.0003272525268530286 
52.7 	 0.0003465186586042738 
52.72 	 0.00036680145395285 
52.74 	 0.0003886153331006036 
52.76 	 0.000412458085351105 
52.78 	 0.0004387878081172367 
52.8 	 0.00046793647689949517 
52.82 	 0.0005000984875748989 
52.84 	 0.0005352419826058024 
52.86 	 0.0005731315408730214 
52.88 	 0.0006132513595900824 
52.9 	 0.0006548823512632214 
52.92 	 0.0006970492223220266 
52.94 	 0.0007386596329507531 
52.96 	 0.0007784786523629342 
52.98 	 0.0008153135961945833 
53.0 	 0.0008480054883890449 
53.02 	 0.0008756164290001356 
53.04 	 0.000897416314347266 
53.06 	 0.00091301719499881 
53.08 	 0.0009223345271642271 
53.1 	 0.0009256282235658455 
53.12 	 0.0009234343270402802 
53.14 	 0.0009165112518936076 
53.16 	 0.0009057612182994107 
53.18 	 0.0008921203210644801 
53.2 	 0.0008765033114015814 
53.22 	 0.0008596928380850961 
53.24 	 0.0008423351351357668 
53.26 	 0.0008248687746755515 
53.28 	 0.000807575845426552 
53.3 	 0.0007905574480489194 
53.32 	 0.0007738204699174073 
53.34 	 0.0007572790433609344 
53.36 	 0.0007408462573500755 
53.38 	 0.0007244329445941679 
53.4 	 0.0007080205091386623 
53.42 	 0.0006916394322702452 
53.44 	 0.0006754156728933731 
53.46 	 0.0006595287901406465 
53.48 	 0.0006442381072154867 
53.5 	 0.0006298319551424064 
53.52 	 0.000616643950960995 
53.54 	 0.0006050059184318076 
53.56 	 0.0005952602351320887 
53.58 	 0.0005877231053541082 
53.6 	 0.0005826922157210642 
53.62 	 0.000580421324665694 
53.64 	 0.0005811194088935284 
53.66 	 0.000584936582708685 
53.68 	 0.0005919528751327752 
53.7 	 0.000602178259025819 
53.72 	 0.0006155325966926605 
53.74 	 0.0006318642822877485 
53.76 	 0.0006509233103918823 
53.78 	 0.0006724005087582341 
53.8 	 0.0006958927701938085 
53.82 	 0.0007209599800309666 
53.84 	 0.0007470795912063704 
53.86 	 0.0007737160292494327 
53.88 	 0.0008002652451904122 
53.9 	 0.0008261335630912642 
53.92 	 0.0008506802140644363 
53.94 	 0.0008733050830219598 
53.96 	 0.0008934015702760236 
53.98 	 0.0009104491044905335 
54.0 	 0.0009239841525558388 
54.02 	 0.0009336830124543229 
54.04 	 0.0009393475017928053 
54.06 	 0.000940954819928792 
54.08 	 0.0009386460509817646 
54.1 	 0.0009327239390042115 
54.12 	 0.0009236355630324162 
54.14 	 0.0009119182434463842 
54.16 	 0.0008981812445639278 
54.18 	 0.0008830234530810336 
54.2 	 0.0008670308636056217 
54.22 	 0.0008506997895159474 
54.24 	 0.0008344648294766671 
54.26 	 0.0008186497540114004 
54.28 	 0.0008035238018532834 
54.3 	 0.0007892779464720455 
54.32 	 0.0007760886524002418 
54.34 	 0.0007640994614218088 
54.36 	 0.0007534666856598739 
54.38 	 0.0007443287696627551 
54.4 	 0.0007368224654122983 
54.42 	 0.0007310414369100652 
54.44 	 0.0007270330683682576 
54.46 	 0.0007247657131446111 
54.48 	 0.000724127880426605 
54.5 	 0.0007249243219233623 
54.52 	 0.0007268919988033178 
54.54 	 0.0007297277673636071 
54.56 	 0.0007331162347128495 
54.58 	 0.0007367704336204006 
54.6 	 0.0007404519174588561 
54.62 	 0.0007439977980332951 
54.64 	 0.0007473152339623373 
54.66 	 0.0007503797268706088 
54.68 	 0.0007532027939045683 
54.7 	 0.0007558082714939242 
54.72 	 0.0007581904581148647 
54.74 	 0.0007602909092251683 
54.76 	 0.000761971398747597 
54.78 	 0.0007630124767088371 
54.8 	 0.0007631173140739377 
54.82 	 0.0007619370425210609 
54.84 	 0.0007591047161184555 
54.86 	 0.0007542727991424992 
54.88 	 0.0007471621885748701 
54.9 	 0.0007375865478832804 
54.92 	 0.000725497143288582 
54.94 	 0.0007109726103367845 
54.96 	 0.0006942467950492474 
54.98 	 0.000675657858903626 
55.0 	 0.0006556584513581829 
55.02 	 0.0006347361010814702 
55.04 	 0.0006134160955511642 
55.06 	 0.000592176631551605 
55.08 	 0.0005714591699379366 
55.1 	 0.0005516014425542982 
55.12 	 0.0005328655617099327 
55.14 	 0.0005154005547232821 
55.16 	 0.0004992875509762807 
55.18 	 0.00048452770236989657 
55.2 	 0.00047109276642144844 
55.22 	 0.0004589230691378015 
55.24 	 0.0004479677231700848 
55.26 	 0.0004381767944980579 
55.28 	 0.0004295210758604721 
55.3 	 0.00042197214035440757 
55.32 	 0.00041550342090524876 
55.34 	 0.00041006434780487596 
55.36 	 0.00040557472648478885 
55.38 	 0.000401906115154304 
55.4 	 0.00039888365938087786 
55.42 	 0.0003962849326748657 
55.44 	 0.00039385655863580866 
55.46 	 0.0003913303054870142 
55.48 	 0.0003884508407777139 
55.5 	 0.00038499795752205854 
55.52 	 0.0003808136605263392 
55.54 	 0.00037581490297905246 
55.56 	 0.00037000761419725257 
55.58 	 0.00036347892868905906 
55.6 	 0.00035639271038659945 
55.62 	 0.000348961205028598 
55.64 	 0.0003414268092505718 
55.66 	 0.00033402405649936263 
55.68 	 0.00032695991135994686 
55.7 	 0.0003203818655154543 
55.72 	 0.00031436968521140714 
55.74 	 0.00030892165365494493 
55.76 	 0.00030396425478759016 
55.78 	 0.00029935867993423663 
55.8 	 0.00029492524669136354 
55.82 	 0.00029046192267770057 
55.84 	 0.00028577290835915124 
55.86 	 0.00028068573963561255 
55.88 	 0.0002750723525731373 
55.9 	 0.00026885370065291556 
55.92 	 0.0002620069247977329 
55.94 	 0.00025455441592242166 
55.96 	 0.0002465589629654087 
55.98 	 0.00023810287603016165 
56.0 	 0.00022927927448872722 
56.02 	 0.00022017131191244785 
56.04 	 0.00021084866607820772 
56.06 	 0.0002013550196969395 
56.08 	 0.0001917143443506167 
56.1 	 0.0001819285200945359 
56.12 	 0.00017199145181761037 
56.14 	 0.0001618924640986761 
56.16 	 0.00015163188182654952 
56.18 	 0.00014122340993955742 
56.2 	 0.00013070486688376336 
56.22 	 0.00012013491872372962 
56.24 	 0.00010959629879907504 
56.26 	 9.918673053114481e-05 
56.28 	 8.901626175078213e-05 
56.3 	 7.919575815960476e-05 
56.32 	 6.983229056391052e-05 
56.34 	 6.1019376360694196e-05 
56.36 	 5.2833969347672586e-05 
56.38 	 4.533102343677211e-05 
56.4 	 3.854363743165069e-05 
56.42 	 3.2482150886998864e-05 
56.44 	 2.7137005355654923e-05 
56.46 	 2.2480927448193973e-05 
56.48 	 1.8473062068863986e-05 
56.5 	 1.5062354582365867e-05 
56.52 	 1.2191534249386503e-05 
56.54 	 9.800245010838052e-06 
56.56 	 7.82802250624701e-06 
56.58 	 6.216451132876654e-06 
56.6 	 4.910891711676037e-06 
56.62 	 3.8615467493022005e-06 
56.64 	 3.024107047047576e-06 
56.66 	 2.3599485340069907e-06 
56.68 	 1.8360424641708543e-06 
56.7 	 1.4246196069738078e-06 
56.72 	 1.1026964828374748e-06 
56.74 	 8.515128923585582e-07 
56.76 	 6.559457628627075e-07 
56.78 	 5.039329983403216e-07 
56.8 	 3.859392756978485e-07 
56.82 	 2.9447821010992576e-07 
56.84 	 2.2370035038279271e-07 
56.86 	 1.6904733263315777e-07 
56.88 	 1.2696921352555735e-07 
56.9 	 9.46982312936312e-08 
56.92 	 7.00712546458027e-08 
56.94 	 5.1392498967545176e-08 
56.96 	 3.7328626456033774e-08 
56.98 	 2.6829086477186714e-08 
57.0 	 1.906568336242734e-08 
57.02 	 1.338646841349513e-08 
57.04 	 9.28015773373028e-09 
57.06 	 6.348228536067852e-09 
57.08 	 4.282648056611099e-09 
57.1 	 2.8478093741608684e-09 
57.12 	 1.8657091395169907e-09 
57.14 	 1.203719758523096e-09 
57.16 	 7.645145357413349e-10 
57.18 	 4.778268226469939e-10 
57.2 	 2.937912483691916e-10 
57.22 	 1.776487627598279e-10 
57.24 	 1.0561439533898395e-10 
57.26 	 6.171835190798563e-11 
57.28 	 3.5443581981190775e-11 
57.3 	 1.9998759808883645e-11 
57.32 	 1.1084811467298764e-11 
57.34 	 6.03445157205921e-12 
57.36 	 3.225984307830447e-12 
57.38 	 1.693316101930546e-12 
57.4 	 8.725830423228247e-13 
57.42 	 4.4138218940708225e-13 
57.44 	 2.1913556665409993e-13 
57.46 	 1.0677158596341985e-13 
57.48 	 5.105069594475369e-14 
57.5 	 2.3950388017560382e-14 
57.52 	 1.102435550199096e-14 
57.54 	 4.978417671281128e-15 
57.56 	 2.2054500097189422e-15 
57.58 	 9.583928741069038e-16 
57.6 	 4.0851245722709545e-16 
57.62 	 1.7078877644500344e-16 
57.64 	 7.003004804036312e-17 
57.66 	 2.816184352339617e-17 
57.68 	 1.1106349823917995e-17 
57.7 	 4.295351561460979e-18 
57.72 	 1.6290258996581942e-18 
57.74 	 6.058222078247894e-19 
57.76 	 2.2092122712115423e-19 
57.78 	 7.899378305785114e-20 
57.8 	 2.769495572739146e-20 
57.82 	 9.52030102876613e-21 
57.84 	 3.208733627292729e-21 
57.86 	 1.0603300988088195e-21 
57.88 	 3.435303224209372e-22 
57.9 	 1.0911849376212645e-22 
57.92 	 3.3980850208613796e-23 
57.94 	 1.0374484381575917e-23 
57.96 	 3.1051993419762012e-24 
57.98 	 9.111667212445245e-25 
58.0 	 2.621118938371496e-25 
58.02 	 7.391823760703708e-26 
58.04 	 2.0435642404656327e-26 
58.06 	 5.538509820533647e-27 
58.08 	 1.4715056200955577e-27 
58.1 	 3.8325864253731146e-28 
58.12 	 9.785430691336709e-29 
58.14 	 2.4491931271437395e-29 
58.16 	 6.009226381475864e-30 
58.18 	 1.4453202309238475e-30 
58.2 	 3.4076681378951837e-31 
58.22 	 7.875825290294072e-32 
58.24 	 1.784343419945021e-32 
58.26 	 3.9628037295188864e-33 
58.28 	 8.62713746284881e-34 
58.3 	 1.84106580784363e-34 
58.32 	 3.851313380060719e-35 
58.34 	 7.897396976560986e-36 
58.36 	 1.5874254926760152e-36 
58.38 	 3.1277770918257853e-37 
58.4 	 6.041018608588046e-38 
58.42 	 1.143708723659404e-38 
58.44 	 2.1225141298050705e-39 
58.46 	 3.861132643515837e-40 
58.48 	 6.885047897555953e-41 
58.5 	 1.203445747452529e-41 
58.52 	 2.061923830768305e-42 
58.54 	 3.46293677271096e-43 
58.56 	 5.700877188887618e-44 
58.58 	 9.199481813134853e-45 
58.6 	 1.4551542021025157e-45 
58.62 	 2.2562025983337634e-46 
58.64 	 3.4290205063019184e-47 
58.66 	 5.1083952929920817e-48 
58.68 	 7.459691750261335e-49 
58.7 	 1.067772699212732e-49 
58.72 	 1.4981589268921812e-50 
58.74 	 2.0604293381754e-51 
58.76 	 2.7776528885686432e-52 
58.78 	 3.6704413977082404e-53 
58.8 	 4.7542101441079616e-54 
58.82 	 6.036120692364359e-55 
58.84 	 7.512018273849021e-56 
58.86 	 9.163771940757516e-57 
58.88 	 1.0957477190651455e-57 
58.9 	 1.2842965300268015e-58 
58.92 	 1.4754967313133143e-59 
58.94 	 1.6616103672171667e-60 
58.96 	 1.8341630298980982e-61 
58.98 	 1.9845602622322075e-62 
59.0 	 2.1047866628906448e-63 
59.02 	 2.1881099674228984e-64 
59.04 	 2.2297045328757205e-65 
59.06 	 2.2271140122383824e-66 
59.08 	 2.18049152838515e-67 
59.1 	 2.0925846861035514e-68 
59.12 	 1.9684674629008115e-69 
59.14 	 1.8150553665227852e-70 
59.16 	 1.6404682860610135e-71 
59.18 	 1.4533225684047785e-72 
59.2 	 1.262037650651696e-73 
59.22 	 1.0742333313503698e-74 
59.24 	 8.962741318689835e-76 
59.26 	 7.329915026247424e-77 
59.28 	 5.87587806559733e-78 
59.3 	 4.617025661164545e-79 
59.32 	 3.5560462939854874e-80 
59.34 	 2.684652369982917e-81 
59.36 	 1.9866628759868287e-82 
59.38 	 1.4410388795151297e-83 
59.4 	 1.0245721893756486e-84 
59.42 	 7.140435725197406e-86 
59.44 	 4.877778739181334e-87 
59.46 	 3.266138961129292e-88 
59.48 	 2.143691819846209e-89 
59.5 	 1.3791297501358063e-90 
59.52 	 8.696869289189952e-92 
59.54 	 5.375709057796868e-93 
59.56 	 3.2570432553100704e-94 
59.58 	 1.9343106173785218e-95 
59.6 	 1.126013993737305e-96 
59.62 	 6.425045510758418e-98 
59.64 	 3.5935479499112092e-99 
59.66 	 1.970087267847149e-100 
59.68 	 1.0586739793666432e-101 
59.7 	 5.576397704051296e-103 
59.72 	 2.8791211497017326e-104 
59.74 	 1.4570713322013663e-105 
59.76 	 7.227969920217519e-107 
59.78 	 3.514523774635641e-108 
59.8 	 1.6750633573907955e-109 
59.82 	 7.825472579961844e-111 
59.84 	 3.5834757709221593e-112 
59.86 	 1.6084698118311318e-113 
59.88 	 7.076783047890515e-115 
59.9 	 3.051921488119175e-116 
59.92 	 1.2901057884350258e-117 
59.94 	 5.345542248165921e-119 
59.96 	 2.1710642170452416e-120 
59.98 	 8.643069773214541e-122 
