0.0 	 0.006636990486991803 
0.02 	 0.007006756740200491 
0.04 	 0.007262130561173735 
0.06 	 0.007415910653589089 
0.08 	 0.007461841541879914 
0.1 	 0.007415192188516579 
0.12 	 0.007285578134316509 
0.14 	 0.007094870669172794 
0.16 	 0.006862910917309205 
0.18 	 0.006614314327212468 
0.2 	 0.006371169391778259 
0.22 	 0.00615483242613367 
0.24 	 0.005982189901625077 
0.26 	 0.005866430881065443 
0.28 	 0.005814509820956629 
0.3 	 0.0058292264415070695 
0.32 	 0.005906388046104215 
0.34 	 0.0060391680830739845 
0.36 	 0.0062141727942713245 
0.38 	 0.006418124131169751 
0.4 	 0.006632650818697527 
0.42 	 0.0068426316257120725 
0.44 	 0.007030124762916663 
0.46 	 0.007183063110748606 
0.48 	 0.007289205318836491 
0.5 	 0.007343503961450184 
0.52 	 0.007343071622214715 
0.54 	 0.0072918077721017445 
0.56 	 0.007196997235342352 
0.58 	 0.007070742620418726 
0.6 	 0.006928118513792113 
0.62 	 0.006786181894375917 
0.64 	 0.006662964725418456 
0.66 	 0.006575705736929356 
0.68 	 0.006539658999671041 
0.7 	 0.006567395826778809 
0.72 	 0.0066664376816801775 
0.74 	 0.006841177632334116 
0.76 	 0.007088531731991145 
0.78 	 0.007403542765790335 
0.8 	 0.007772483234374435 
0.82 	 0.008182605910442996 
0.84 	 0.008612519476987586 
0.86 	 0.009045668076987342 
0.88 	 0.009458464027538107 
0.9 	 0.00983588689992959 
0.92 	 0.010158670985452721 
0.94 	 0.010418366090018727 
0.96 	 0.01060540418465816 
0.98 	 0.010720798598400028 
1.0 	 0.010766729777784529 
1.02 	 0.010753164100037054 
1.04 	 0.01069171687136624 
1.06 	 0.010597404590742803 
1.08 	 0.010485470557979269 
1.1 	 0.010370199531686795 
1.12 	 0.010263705573682454 
1.14 	 0.01017434970276711 
1.16 	 0.010106400361688875 
1.18 	 0.010059952136990112 
1.2 	 0.010030700403035202 
1.22 	 0.010011879229478613 
1.24 	 0.009993870653816458 
1.26 	 0.009967296598240173 
1.28 	 0.009922621896604897 
1.3 	 0.009852748976971712 
1.32 	 0.00975303917917156 
1.34 	 0.009621877091511381 
1.36 	 0.009461531731446631 
1.38 	 0.009276073286883605 
1.4 	 0.009073250136287361 
1.42 	 0.008860322749779482 
1.44 	 0.008646806248020639 
1.46 	 0.00843956266687717 
1.48 	 0.008246021523877644 
1.5 	 0.008069881386800022 
1.52 	 0.007914337217801423 
1.54 	 0.0077791419476729426 
1.56 	 0.007663420352302864 
1.58 	 0.007564095321198492 
1.6 	 0.007478019424976365 
1.62 	 0.00740127928422726 
1.64 	 0.00733058492984745 
1.66 	 0.007262863237796667 
1.68 	 0.007196041894899188 
1.7 	 0.007128529761200014 
1.72 	 0.007059647608527688 
1.74 	 0.006988874386808589 
1.76 	 0.00691619209614581 
1.78 	 0.006841183307580883 
1.8 	 0.006763509823776905 
1.82 	 0.006681997005141665 
1.84 	 0.006595405315976232 
1.86 	 0.00650154199923104 
1.88 	 0.006398433326984373 
1.9 	 0.006283340219086182 
1.92 	 0.006154389310030838 
1.94 	 0.006009241123766245 
1.96 	 0.0058471781537576106 
1.98 	 0.005667172950557351 
2.0 	 0.005470366678115625 
2.02 	 0.005257437441489636 
2.04 	 0.005031353238178217 
2.06 	 0.0047941822870456435 
2.08 	 0.004549983964785435 
2.1 	 0.004301402369782465 
2.12 	 0.004052560510240006 
2.14 	 0.0038058266007318046 
2.16 	 0.0035645812586969305 
2.18 	 0.0033304330807604732 
2.2 	 0.003105729721950785 
2.22 	 0.002891314520836519 
2.24 	 0.0026886665092924252 
2.26 	 0.002498145779087634 
2.28 	 0.002320693194858571 
2.3 	 0.002156463309677322 
2.32 	 0.0020060852381560395 
2.34 	 0.001869604610336443 
2.36 	 0.0017473705729620537 
2.38 	 0.0016392438935102377 
2.4 	 0.0015452018364266484 
2.42 	 0.0014647807127027318 
2.44 	 0.0013974797052337604 
2.46 	 0.0013423976760934808 
2.48 	 0.0012984945001898536 
2.5 	 0.0012643788200380414 
2.52 	 0.00123847605727072 
2.54 	 0.0012189369867130029 
2.56 	 0.0012037663975776039 
2.58 	 0.001190836693264664 
2.6 	 0.001178030106516217 
2.62 	 0.0011633348879908998 
2.64 	 0.0011450301203933951 
2.66 	 0.0011218140119074493 
2.68 	 0.0010930203813676995 
2.7 	 0.0010587076652695672 
2.72 	 0.0010198661988116665 
2.74 	 0.0009784149024621104 
2.76 	 0.0009373586467622815 
2.78 	 0.0009006968633446227 
2.8 	 0.0008735112170846921 
2.82 	 0.0008618452505115247 
2.84 	 0.0008727062772158839 
2.86 	 0.000913982456934431 
2.88 	 0.0009942883019377821 
2.9 	 0.001122956478862347 
2.92 	 0.0013095270446587739 
2.94 	 0.0015638886611391196 
2.96 	 0.001895014693561497 
2.98 	 0.002311596542208271 
3.0 	 0.0028193642790603234 
3.02 	 0.0034231669216973656 
3.04 	 0.0041218621147116235 
3.06 	 0.004913648418434711 
3.08 	 0.005787111856598103 
3.1 	 0.006732251646798865 
3.12 	 0.007726087256427629 
3.14 	 0.008751538577994218 
3.16 	 0.009776497349731088 
3.18 	 0.01078101671487418 
3.2 	 0.011730265981970375 
3.22 	 0.012607649651100315 
3.24 	 0.01338424161320367 
3.26 	 0.01405280475171624 
3.28 	 0.01459799558058877 
3.3 	 0.015025455745468564 
3.32 	 0.015337068189177915 
3.34 	 0.015551117998741823 
3.36 	 0.015684883413054514 
3.38 	 0.01576549470491754 
3.4 	 0.01581912368823254 
3.42 	 0.01587576826403716 
3.44 	 0.01596173365509462 
3.46 	 0.01610364025389939 
3.48 	 0.016319690191467517 
3.5 	 0.016628428371426047 
3.52 	 0.017034428531187945 
3.54 	 0.017546315790400103 
3.56 	 0.018153432495964864 
3.58 	 0.01885598999770307 
3.6 	 0.019630547293969534 
3.62 	 0.020473173019281386 
3.64 	 0.021353067516540446 
3.66 	 0.022267480829134677 
3.68 	 0.023184449294071485 
3.7 	 0.0241064499890241 
3.72 	 0.025004701455062225 
3.74 	 0.025887807184973983 
3.76 	 0.02673100651281873 
3.78 	 0.02754650926007328 
3.8 	 0.028311400752949155 
3.82 	 0.029037219921832908 
3.84 	 0.029700266920415413 
3.86 	 0.030308054901338564 
3.88 	 0.030835975806498567 
3.9 	 0.031287077545324775 
3.92 	 0.031639453085466826 
3.94 	 0.03189419498155264 
3.96 	 0.03203793120391746 
3.98 	 0.032073451506872595 
4.0 	 0.03200072045364987 
4.02 	 0.03182674342419268 
4.04 	 0.03156580960716657 
4.06 	 0.031229312943605564 
4.08 	 0.03084250687028094 
4.1 	 0.030419436134505616 
4.12 	 0.029990338848512873 
4.14 	 0.029569653793243857 
4.16 	 0.02918642807298499 
4.18 	 0.02885378764824443 
4.2 	 0.028594622525086984 
4.22 	 0.028419580533230408 
4.24 	 0.028341589557515093 
4.26 	 0.02836749515354517 
4.28 	 0.02849711767950442 
4.3 	 0.028731720744806684 
4.32 	 0.02905590815024077 
4.34 	 0.02946395035129713 
4.36 	 0.02992575324631175 
4.38 	 0.030429088423208395 
4.4 	 0.03093403197598279 
4.42 	 0.03142526474179835 
4.44 	 0.031862380988401044 
4.46 	 0.03223274243916947 
4.48 	 0.032506842743697244 
4.5 	 0.032680771728351585 
4.52 	 0.032745005638662415 
4.54 	 0.03270809867864828 
4.56 	 0.03258322514781891 
4.58 	 0.03239107820551247 
4.6 	 0.032162323753391564 
4.62 	 0.031925338717373616 
4.64 	 0.03171694316983523 
4.66 	 0.03156619676535732 
4.68 	 0.0315026652130694 
4.7 	 0.03154899878507917 
4.72 	 0.0317163477694127 
4.74 	 0.03201607099697301 
4.76 	 0.03243506420911474 
4.78 	 0.03297211427967663 
4.8 	 0.03359073828394256 
4.82 	 0.034279646014421176 
4.84 	 0.03498637029817718 
4.86 	 0.03569481585457053 
4.88 	 0.0363486534558611 
4.9 	 0.03693318183860436 
4.92 	 0.03740171542052443 
4.94 	 0.03774596280366667 
4.96 	 0.037939597221466205 
4.98 	 0.037982949446930835 
5.0 	 0.037874550354831976 
5.02 	 0.03762225089453151 
5.04 	 0.03724668519857362 
5.06 	 0.036759590154823135 
5.08 	 0.03619556790283287 
5.1 	 0.03556577483618897 
5.12 	 0.03490897134094626 
5.14 	 0.03423227562892415 
5.16 	 0.03357070919687489 
5.18 	 0.032926085523511936 
5.2 	 0.03232560709613255 
5.22 	 0.03176679965745764 
5.24 	 0.031268603226619826 
5.26 	 0.030826655023414033 
5.28 	 0.03045320095907452 
5.3 	 0.030144377104465887 
5.32 	 0.029907327443420926 
5.34 	 0.02973982270820583 
5.36 	 0.02964415111267712 
5.38 	 0.02961906502038703 
5.4 	 0.029660727496728292 
5.42 	 0.029766855685803412 
5.44 	 0.029925778339974767 
5.46 	 0.030132027891386963 
5.48 	 0.030365744284861232 
5.5 	 0.03061745655178159 
5.52 	 0.03086166284855686 
5.54 	 0.03108631721971222 
5.56 	 0.03126599649674344 
5.58 	 0.03138953783729258 
5.6 	 0.03143896782255829 
5.62 	 0.03140812419672274 
5.64 	 0.03129264650133808 
5.66 	 0.031094266555781975 
5.68 	 0.030824398776405058 
5.7 	 0.03049294811958164 
5.72 	 0.030124138864313248 
5.74 	 0.02973363637779837 
5.76 	 0.02935165998568869 
5.78 	 0.02899588002726738 
5.8 	 0.028694808518819843 
5.82 	 0.02846505989357075 
5.84 	 0.028327775794441238 
5.86 	 0.028297697344474602 
5.88 	 0.02838629283592122 
5.9 	 0.028608046822011745 
5.92 	 0.028965043889733155 
5.94 	 0.029474379296619935 
5.96 	 0.030129514811802822 
5.98 	 0.030952535357439796 
6.0 	 0.0319274393552196 
6.02 	 0.03308203277444001 
6.04 	 0.03438768576996325 
6.06 	 0.0358771916042937 
6.08 	 0.037504966775644306 
6.1 	 0.03930800795030937 
6.12 	 0.04122077638563219 
6.14 	 0.04328530027756441 
6.16 	 0.045416732925380836 
6.18 	 0.04766521810499651 
6.2 	 0.04993144802734484 
6.22 	 0.05227798926098356 
6.24 	 0.05459819564319417 
6.26 	 0.05697036652795786 
6.28 	 0.05928640661850874 
6.3 	 0.061640632290848714 
6.32 	 0.06392520858975756 
6.34 	 0.06624724425759143 
6.36 	 0.06849634142145967 
6.38 	 0.07078710004029273 
6.4 	 0.07300180936676176 
6.42 	 0.07525760529741167 
6.44 	 0.07742664720129366 
6.46 	 0.0796258310705327 
6.48 	 0.08171886347443416 
6.5 	 0.08382199461021893 
6.52 	 0.08579638377574307 
6.54 	 0.08775836207081956 
6.56 	 0.08957403940697457 
6.58 	 0.09136018948907035 
6.6 	 0.09299380703953729 
6.62 	 0.0945914622099987 
6.64 	 0.09604352265052062 
6.66 	 0.09746521924236454 
6.68 	 0.09875935453998878 
6.7 	 0.1000393997625707 
6.72 	 0.10121753353163888 
6.74 	 0.10240696342384338 
6.76 	 0.10352550394451955 
6.78 	 0.10469030469402413 
6.8 	 0.10582104264166 
6.82 	 0.1070460806503989 
6.84 	 0.10828261221640283 
6.86 	 0.10968059482292015 
6.88 	 0.11114812773890873 
6.9 	 0.11287005197432408 
6.92 	 0.11473393664698728 
6.94 	 0.11697522993337046 
6.96 	 0.11944178389683352 
6.98 	 0.12243712317383906 
7.0 	 0.12574003832773387 
7.02 	 0.12974078149788598 
7.04 	 0.1341091539371057 
7.06 	 0.1393420919333209 
7.08 	 0.1449532393658965 
7.1 	 0.15156842470822518 
7.12 	 0.15849879857927648 
7.14 	 0.16652415127810427 
7.16 	 0.17471889383839165 
7.18 	 0.18404266821871554 
7.2 	 0.19332076308510387 
7.22 	 0.20371296854000046 
7.24 	 0.2138076101744915 
7.26 	 0.22496933517789763 
7.28 	 0.2355800914364908 
7.3 	 0.24718806632946644 
7.32 	 0.25800921028676205 
7.34 	 0.2697202455222927 
7.36 	 0.2804222574918544 
7.38 	 0.29182842928491065 
7.4 	 0.3020050619765196 
7.42 	 0.3125742511834784 
7.44 	 0.32170359260085 
7.46 	 0.3307705346613639 
7.48 	 0.33824675904940416 
7.5 	 0.3451090602392711 
7.52 	 0.3503705609352279 
7.54 	 0.3544902178592908 
7.56 	 0.3572146199880454 
7.58 	 0.3584547384720504 
7.6 	 0.3587398594262454 
7.62 	 0.3575162328857582 
7.64 	 0.3559432698917338 
7.66 	 0.3531760739276173 
7.68 	 0.3506790681812995 
7.7 	 0.3475122783389177 
7.72 	 0.3450689207834359 
7.74 	 0.3424606994139469 
7.76 	 0.3407368207582151 
7.78 	 0.3391192204749927 
7.8 	 0.33824485965611323 
7.82 	 0.3374124805904036 
7.84 	 0.3369852809239319 
7.86 	 0.33623134102451613 
7.88 	 0.33550906146786497 
7.9 	 0.3339106266823037 
7.92 	 0.33208273089088697 
7.94 	 0.32881272841199344 
7.96 	 0.3252534820230069 
7.98 	 0.3198331465676412 
8.0 	 0.31428351969094453 
8.02 	 0.3067309806663831 
8.04 	 0.29938875872961496 
8.06 	 0.2902451661329606 
8.08 	 0.2817536140676641 
8.1 	 0.2719845248693792 
8.12 	 0.26331707227834034 
8.14 	 0.25411145455980555 
8.16 	 0.2463743382630868 
8.18 	 0.23890080145079096 
8.2 	 0.23311365126903397 
8.22 	 0.2283160989381009 
8.24 	 0.2252448222379561 
8.26 	 0.22373431676348413 
8.28 	 0.2238156245193298 
8.3 	 0.2258548627323604 
8.32 	 0.22919607160201116 
8.34 	 0.23472884154943205 
8.36 	 0.24113818024959066 
8.38 	 0.249815891239384 
8.4 	 0.25882876560833135 
8.42 	 0.2700139642125457 
8.44 	 0.28090723643093396 
8.46 	 0.2936631858106361 
8.48 	 0.3054696368535998 
8.5 	 0.3185610035168123 
8.52 	 0.3301010917349707 
8.54 	 0.34203133768330357 
8.56 	 0.35197218231327 
8.58 	 0.3610730678756986 
8.6 	 0.36801414722733483 
8.62 	 0.37258984618045704 
8.64 	 0.375170352305333 
8.66 	 0.37369119230890896 
8.68 	 0.37072076592531533 
8.7 	 0.3620647653172796 
8.72 	 0.3526987653056805 
8.74 	 0.33645276103482946 
8.76 	 0.3204606313576961 
8.78 	 0.29729791834491487 
8.8 	 0.27547033970281454 
8.82 	 0.2475320453940932 
8.84 	 0.22209509535622798 
8.86 	 0.19297039574774486 
8.88 	 0.16740985902756958 
8.9 	 0.14106670615390554 
8.92 	 0.11880014950281167 
8.94 	 0.09784683865877374 
8.96 	 0.0806980849551737 
8.98 	 0.06565129179633726 
9.0 	 0.053632402397212404 
9.02 	 0.04359459069712166 
9.04 	 0.03571038542260304 
9.06 	 0.029332065203532386 
9.08 	 0.024367270842652146 
9.1 	 0.02041580040439897 
9.12 	 0.017339655846157927 
9.14 	 0.014897008736333747 
9.16 	 0.01297816105165445 
9.18 	 0.011442879374583848 
9.2 	 0.010221081763493612 
9.22 	 0.009235000010892341 
9.24 	 0.008444614797738526 
9.26 	 0.007807777864697916 
9.28 	 0.007302254197993358 
9.3 	 0.006904647814364911 
9.32 	 0.006601823225200442 
9.34 	 0.006380099604289116 
9.36 	 0.006231222404614203 
9.38 	 0.006147581729535084 
9.4 	 0.006124789105126983 
9.42 	 0.0061606590859363 
9.44 	 0.0062550458924204005 
9.46 	 0.00641148512014492 
9.48 	 0.0066341576506926 
9.5 	 0.006932025654819862 
9.52 	 0.007312171833358662 
9.54 	 0.007787272816648269 
9.56 	 0.008363903392185686 
9.58 	 0.00905538797452421 
9.6 	 0.009862848619853343 
9.62 	 0.010796785073587641 
9.64 	 0.011847716533401432 
9.66 	 0.01302090927553341 
9.68 	 0.014292761094219635 
9.7 	 0.015663261566233946 
9.72 	 0.017094482875660105 
9.74 	 0.018583891453637345 
9.76 	 0.020083105947677427 
9.78 	 0.021591870365497437 
9.8 	 0.02305858471211416 
9.82 	 0.024490489344506504 
9.84 	 0.025841197476046664 
9.86 	 0.027129337380713024 
9.88 	 0.028320512997471767 
9.9 	 0.029446236195540425 
9.92 	 0.030486897969008712 
9.94 	 0.03148598843808057 
9.96 	 0.03243664645880695 
9.98 	 0.03339190742550991 
10.0 	 0.03435149833806781 
10.02 	 0.03537522708123041 
10.04 	 0.03646071535220927 
10.06 	 0.03767239539105844 
10.08 	 0.03899617299947314 
10.1 	 0.0405001242432591 
10.12 	 0.0421491954989728 
10.14 	 0.04401554996053663 
10.16 	 0.04603544657559502 
10.18 	 0.048287179107798894 
10.2 	 0.05067345423811002 
10.22 	 0.053282479986861496 
10.24 	 0.05598290781007611 
10.26 	 0.058878341961393084 
10.28 	 0.061808180515172825 
10.3 	 0.0648981755582913 
10.32 	 0.0679677879611039 
10.34 	 0.07117201991122843 
10.36 	 0.0743208101916546 
10.38 	 0.07760459216398465 
10.4 	 0.08082970241276836 
10.42 	 0.08422611067215902 
10.44 	 0.0875924774368009 
10.46 	 0.09119999257332717 
10.48 	 0.0948233246681501 
10.5 	 0.09877499991064993 
10.52 	 0.10278006778548575 
10.54 	 0.10719233552575809 
10.56 	 0.11165962747540005 
10.58 	 0.11657694037740267 
10.6 	 0.12149433687663341 
10.62 	 0.1268450389458867 
10.64 	 0.13207642019939883 
10.66 	 0.13764845855597962 
10.68 	 0.1429240486018715 
10.7 	 0.14836421754158055 
10.72 	 0.15329497846913312 
10.74 	 0.15813672122307953 
10.76 	 0.16225776226259633 
10.78 	 0.16598598423596575 
10.8 	 0.16883502063190042 
10.82 	 0.17099251871450538 
10.84 	 0.17222118188283972 
10.86 	 0.17254387236034796 
10.88 	 0.1720401768176359 
10.9 	 0.17058077163770904 
10.92 	 0.16855713063859595 
10.94 	 0.16573478432194338 
10.96 	 0.1627240912444359 
10.98 	 0.15924514404457807 
11.0 	 0.15596990030581168 
11.02 	 0.15261906213193238 
11.04 	 0.14976300201585724 
11.06 	 0.14714470245956113 
11.08 	 0.14512704411188246 
11.1 	 0.14348138190678777 
11.12 	 0.1423478587924725 
11.14 	 0.14153077388110827 
11.16 	 0.14101413652210829 
11.18 	 0.1406452372777133 
11.2 	 0.14036054805524464 
11.22 	 0.14006576308308766 
11.24 	 0.13974732416764357 
11.26 	 0.13938646419465997 
11.28 	 0.13905763420866113 
11.3 	 0.13882952388851827 
11.32 	 0.13882014379739874 
11.34 	 0.13918444515064424 
11.36 	 0.13997520741714223 
11.38 	 0.1414184106930206 
11.4 	 0.14338208830943158 
11.42 	 0.1461422050389564 
11.44 	 0.1493121893886874 
11.46 	 0.15319641795457528 
11.48 	 0.15717196678361203 
11.5 	 0.16154033419500255 
11.52 	 0.16555555486331142 
11.54 	 0.16945934488067105 
11.56 	 0.1725695470317408 
11.58 	 0.17498460459959836 
11.6 	 0.1763000322304544 
11.62 	 0.17638809308547979 
11.64 	 0.17529767833070067 
11.66 	 0.17263737892536934 
11.68 	 0.1689807168824211 
11.7 	 0.1637123823003016 
11.72 	 0.15785790938360678 
11.74 	 0.1506847061259113 
11.76 	 0.143467584976292 
11.78 	 0.1354781900115797 
11.8 	 0.12798038994980693 
11.82 	 0.12033197059985971 
11.84 	 0.11356837469757915 
11.86 	 0.10715993157098166 
11.88 	 0.10180858361142182 
11.9 	 0.09708981864464813 
11.92 	 0.09338178435560926 
11.94 	 0.0903507330983504 
11.96 	 0.08812933545224652 
11.98 	 0.08646432806441404 
12.0 	 0.08533961904598025 
12.02 	 0.08457468947979255 
12.04 	 0.08408985317309955 
12.06 	 0.08376815486468019 
12.08 	 0.08352847870157312 
12.1 	 0.0833059996211374 
12.12 	 0.08305494493664706 
12.14 	 0.0827511940714088 
12.16 	 0.08239700368805293 
12.18 	 0.08200037607891099 
12.2 	 0.08160400213724911 
12.22 	 0.08124365984207184 
12.24 	 0.08098050635621494 
12.26 	 0.08087760304819876 
12.28 	 0.08098508140544713 
12.3 	 0.08139571257995147 
12.32 	 0.08211801653951833 
12.34 	 0.08327996963884245 
12.36 	 0.08482190492430006 
12.38 	 0.08691730094360808 
12.4 	 0.08941860446987726 
12.42 	 0.09256162510455296 
12.44 	 0.09609725445669239 
12.46 	 0.10034596275427873 
12.48 	 0.10494389797612037 
12.5 	 0.11031861361593849 
12.52 	 0.11597069631402898 
12.54 	 0.12244857099013874 
12.56 	 0.1290853348851028 
12.58 	 0.13654602076502317 
12.6 	 0.1439643819457021 
12.62 	 0.15209089100333498 
12.64 	 0.15985952955220656 
12.66 	 0.16803877539548384 
12.68 	 0.1754376211732208 
12.7 	 0.1827303383009816 
12.72 	 0.18878325217391584 
12.74 	 0.19402266178108823 
12.76 	 0.19765129113775415 
12.78 	 0.19968502389542034 
12.8 	 0.1999648811565841 
12.82 	 0.1979934118266232 
12.84 	 0.19445101521051955 
12.86 	 0.18835718866016554 
12.88 	 0.18121255286958346 
12.9 	 0.17173414109082663 
12.92 	 0.1619629987572649 
12.94 	 0.15056415518091076 
12.96 	 0.13966959406221255 
12.98 	 0.12808476080541742 
13.0 	 0.11761121921772931 
13.02 	 0.10726723801812488 
13.04 	 0.09830961436260555 
13.06 	 0.08996011920771747 
13.08 	 0.0829527622129774 
13.1 	 0.07668327787501836 
13.12 	 0.0715157539855303 
13.14 	 0.06699588772612018 
13.16 	 0.0632827417310492 
13.18 	 0.060051986396054136 
13.2 	 0.05737498233398788 
13.22 	 0.05503571692316857 
13.24 	 0.05307996123776586 
13.26 	 0.05137569427558917 
13.28 	 0.04996474476862772 
13.3 	 0.04877486269522039 
13.32 	 0.047843318503657924 
13.34 	 0.04713695888898342 
13.36 	 0.046679645158992734 
13.38 	 0.04646213190679316 
13.4 	 0.04648581849935089 
13.42 	 0.04675558259677855 
13.44 	 0.04724433255950442 
13.46 	 0.04796536523819868 
13.48 	 0.04886100303348892 
13.5 	 0.04994988465544622 
13.52 	 0.05114616990234191 
13.54 	 0.05247233270054126 
13.56 	 0.05382196053650169 
13.58 	 0.05522061018711885 
13.6 	 0.05655390296871302 
13.62 	 0.05784967987986873 
13.64 	 0.059001399890272685 
13.66 	 0.060037759136908654 
13.68 	 0.060875673990901484 
13.7 	 0.061542658675384054 
13.72 	 0.0619906589243981 
13.74 	 0.06224398962983834 
13.76 	 0.06229417059030341 
13.78 	 0.06216101877801472 
13.8 	 0.06187204152645319 
13.82 	 0.061442208232957485 
13.84 	 0.06092444624649486 
13.86 	 0.06032928324934405 
13.88 	 0.059720657024449654 
13.9 	 0.05910576168765285 
13.92 	 0.05854542728930152 
13.94 	 0.05804577366156502 
13.96 	 0.05765420516634712 
13.98 	 0.057379738186814855 
14.0 	 0.05725113709663109 
14.02 	 0.057285834308214705 
14.04 	 0.05749236739880379 
14.06 	 0.057902348687639056 
14.08 	 0.0585027906867621 
14.1 	 0.05934353591775716 
14.12 	 0.06038583270283231 
14.14 	 0.061698521148597335 
14.16 	 0.06320879570309461 
14.18 	 0.06500157684012692 
14.2 	 0.06695979881582102 
14.22 	 0.06917855721314949 
14.24 	 0.0714896023788267 
14.26 	 0.07399029905273748 
14.28 	 0.07646438760762016 
14.3 	 0.07900210246098278 
14.32 	 0.08135834286496896 
14.34 	 0.08360547018766899 
14.36 	 0.08550640818567634 
14.38 	 0.08710444845412339 
14.4 	 0.08821958285338595 
14.42 	 0.08885695840697513 
14.44 	 0.0889413613441089 
14.46 	 0.08843635390255175 
14.48 	 0.08740014629696095 
14.5 	 0.08575874826276285 
14.52 	 0.08369950409948139 
14.54 	 0.0811204001086605 
14.56 	 0.07829971790976814 
14.58 	 0.07511791409729314 
14.6 	 0.07188674731677624 
14.62 	 0.06847760310390208 
14.64 	 0.06518191877738652 
14.66 	 0.06186930814290426 
14.68 	 0.05877865177624372 
14.7 	 0.05578642831924304 
14.72 	 0.05307212760215797 
14.74 	 0.050529326066572566 
14.76 	 0.04828792923270197 
14.78 	 0.04626757654260437 
14.8 	 0.0445622022003927 
14.82 	 0.04312173063561813 
14.84 	 0.042012480375638435 
14.86 	 0.041212938777764926 
14.88 	 0.04076236300700916 
14.9 	 0.040661983547382825 
14.92 	 0.040918968884514045 
14.94 	 0.041550790719046445 
14.96 	 0.04252562820472857 
14.98 	 0.04387274888363992 
15.0 	 0.04551560077610545 
15.02 	 0.04749351103396635 
15.04 	 0.04968275170116475 
15.06 	 0.052132328482394165 
15.08 	 0.05467427952472346 
15.1 	 0.05736603939983583 
15.12 	 0.060006206099245285 
15.14 	 0.06265677140452515 
15.16 	 0.06510347287449446 
15.18 	 0.06740604160945977 
15.2 	 0.06936716004550508 
15.22 	 0.07103601678653951 
15.24 	 0.07226650804362961 
15.26 	 0.07309047923630095 
15.28 	 0.07344295228444948 
15.3 	 0.07333626583007277 
15.32 	 0.07280198223688444 
15.34 	 0.07183685572732275 
15.36 	 0.07056287376922796 
15.38 	 0.06896950923673657 
15.4 	 0.06724137317587531 
15.42 	 0.06536898195279027 
15.44 	 0.06355749632915168 
15.46 	 0.061802518448763624 
15.48 	 0.060285301591482016 
15.5 	 0.05900512702042292 
15.52 	 0.058083819805735196 
15.54 	 0.0575203257128398 
15.56 	 0.057357386558380005 
15.58 	 0.05759163330055122 
15.6 	 0.05818470204451726 
15.62 	 0.05913385250402669 
15.64 	 0.06033315008404248 
15.66 	 0.06178727472466099 
15.68 	 0.06334719989894937 
15.7 	 0.06503127852112274 
15.72 	 0.06667636943739158 
15.74 	 0.06831543745019224 
15.76 	 0.06979775446892414 
15.78 	 0.07116456934466336 
15.8 	 0.07229680059448501 
15.82 	 0.07323280195565025 
15.84 	 0.07389655094825678 
15.86 	 0.07431327364578272 
15.88 	 0.07445661293632891 
15.9 	 0.07433549151090806 
15.92 	 0.07397754356936104 
15.94 	 0.07338201759987359 
15.96 	 0.0726305920901283 
15.98 	 0.07172635479269987 
16.0 	 0.07079436894780775 
16.02 	 0.0698541724762062 
16.04 	 0.06904705172661486 
16.06 	 0.06841246767953912 
16.08 	 0.06806560371021467 
16.1 	 0.0680573552251099 
16.12 	 0.06843020854261088 
16.14 	 0.06923106708920976 
16.16 	 0.07039555654259394 
16.18 	 0.0719528544058541 
16.2 	 0.07372574694938847 
16.22 	 0.07571841905424735 
16.24 	 0.07767227094268263 
16.26 	 0.07956359129151545 
16.28 	 0.08112000214845529 
16.3 	 0.0822869390901025 
16.32 	 0.08286684622840763 
16.34 	 0.08277144784424463 
16.36 	 0.08195886101953255 
16.38 	 0.08031003769948065 
16.4 	 0.07797850913352164 
16.42 	 0.07482742332831104 
16.44 	 0.07118344380788515 
16.46 	 0.06691041761219729 
16.48 	 0.06243062750562078 
16.5 	 0.05762185494109647 
16.52 	 0.05290351886698502 
16.54 	 0.04816888810848879 
16.56 	 0.043756789321169436 
16.58 	 0.03956967877948921 
16.6 	 0.035832568955999976 
16.62 	 0.03245138175275995 
16.64 	 0.029545041543646126 
16.66 	 0.027022367319843157 
16.68 	 0.024925310406028287 
16.7 	 0.02316904330257062 
16.72 	 0.021750282360854918 
16.74 	 0.02059478931334127 
16.76 	 0.019678762678253962 
16.78 	 0.018941506841378207 
16.8 	 0.01835480818074765 
16.82 	 0.017872848901067908 
16.84 	 0.01747238134405567 
16.86 	 0.017122468906915767 
16.88 	 0.016809394890083585 
16.9 	 0.016515795053511688 
16.92 	 0.016238216208975698 
16.94 	 0.0159700925780962 
16.96 	 0.01571586585380699 
16.98 	 0.015475822939104879 
17.0 	 0.015258134147145701 
17.02 	 0.015065833166200743 
17.04 	 0.01490668406327675 
17.06 	 0.0147834649464568 
17.08 	 0.014700946812996378 
17.1 	 0.01466045221281565 
17.12 	 0.014663135340097666 
17.14 	 0.014709164826354157 
17.16 	 0.014796700447385862 
17.18 	 0.01492556134734631 
17.2 	 0.015091631188393169 
17.22 	 0.01529471944516347 
17.24 	 0.015528484720762391 
17.26 	 0.015792219651864926 
17.28 	 0.016076736423306575 
17.3 	 0.016379700779106814 
17.32 	 0.016688357288181275 
17.34 	 0.01699757082665035 
17.36 	 0.017290924583282633 
17.38 	 0.017559745315020085 
17.4 	 0.01778505179023394 
17.42 	 0.017954688694674942 
17.44 	 0.01804967206761459 
17.46 	 0.018055475159119948 
17.48 	 0.017957039051739693 
17.5 	 0.017739766542154554 
17.52 	 0.017397174418722273 
17.54 	 0.01691786659410048 
17.56 	 0.01630798611685524 
17.58 	 0.015562737505405764 
17.6 	 0.014702575625563685 
17.62 	 0.013731425995591037 
17.64 	 0.01268196789575797 
17.66 	 0.011566338360320606 
17.68 	 0.010423545215430584 
17.7 	 0.009270438232378928 
17.72 	 0.008144419903213032 
17.74 	 0.007061727850025532 
17.76 	 0.006051049113185423 
17.78 	 0.00512307112901857 
17.8 	 0.004293918809386794 
17.82 	 0.0035661717426460704 
17.84 	 0.002943595648466287 
17.86 	 0.002421144721028825 
17.88 	 0.0019934894850990336 
17.9 	 0.0016506549762057546 
17.92 	 0.0013826488773251158 
17.94 	 0.0011779205634976867 
17.96 	 0.0010257051884978543 
17.98 	 0.0009155543535858649 
18.0 	 0.0008383821672185921 
18.02 	 0.000786251578665728 
18.04 	 0.0007527074152963008 
18.06 	 0.0007325633987492636 
18.08 	 0.0007218805556245767 
18.1 	 0.0007177395219070913 
18.12 	 0.0007180826499864017 
18.14 	 0.0007215140822494568 
18.16 	 0.0007271251750086092 
18.18 	 0.0007343526338517155 
18.2 	 0.0007428379798850031 
18.22 	 0.0007523494601672225 
18.24 	 0.0007626845077944727 
18.26 	 0.0007736442372617147 
18.28 	 0.0007849688098034156 
18.3 	 0.0007963471427199195 
18.32 	 0.0008073725143316365 
18.34 	 0.0008175720879186333 
18.36 	 0.0008263772328163098 
18.38 	 0.0008331631859892186 
18.4 	 0.000837238522951356 
18.42 	 0.0008378896471677359 
18.44 	 0.0008343998102398402 
18.46 	 0.0008260919317183936 
18.48 	 0.0008123844844231825 
18.5 	 0.0007928189000103234 
18.52 	 0.0007671472424130066 
18.54 	 0.000735322541053881 
18.56 	 0.0006975980449086095 
18.58 	 0.000654459632177937 
18.6 	 0.0006067093564079317 
18.62 	 0.0005553347397229859 
18.64 	 0.0005015575734074549 
18.66 	 0.00044666074446010417 
18.68 	 0.00039200340970374975 
18.7 	 0.00033884708984151067 
18.72 	 0.00028835720707335737 
18.74 	 0.00024147198530249608 
18.76 	 0.00019891500887072593 
18.78 	 0.00016113095689026965 
18.8 	 0.00012832222627122875 
18.82 	 0.0001004470326719993 
18.84 	 7.72751243195629e-05 
18.86 	 5.84230026650675e-05 
18.88 	 4.341214650863102e-05 
18.9 	 3.171197123381435e-05 
18.92 	 2.2784488217460787e-05 
18.94 	 1.6115218313626648e-05 
18.96 	 1.1237130553877356e-05 
18.98 	 7.743558708423076e-06 
19.0 	 5.293835441038761e-06 
19.02 	 3.6121641108141058e-06 
19.04 	 2.4823966037242985e-06 
19.06 	 1.7401053893978436e-06 
19.08 	 1.2637467392334936e-06 
19.1 	 9.658780500624906e-07 
19.12 	 7.852501944455741e-07 
19.14 	 6.798425149631734e-07 
19.16 	 6.216213668470428e-07 
19.18 	 5.92262580812192e-07 
19.2 	 5.798543291273496e-07 
19.22 	 5.769270861925465e-07 
19.24 	 5.788482606278369e-07 
19.26 	 5.82623969451259e-07 
19.28 	 5.865173519855187e-07 
19.3 	 5.893969667424591e-07 
19.32 	 5.906200761379723e-07 
19.34 	 5.899147455935945e-07 
19.36 	 5.871794958080045e-07 
19.38 	 5.824810351637621e-07 
19.4 	 5.759159041099365e-07 
19.42 	 5.677616182870362e-07 
19.44 	 5.583960390851418e-07 
19.46 	 5.480609813810286e-07 
19.48 	 5.373206654817698e-07 
19.5 	 5.264139691786675e-07 
19.52 	 5.15868645105176e-07 
19.54 	 5.058719276418673e-07 
19.56 	 4.969040155569632e-07 
19.58 	 4.890782663904521e-07 
19.6 	 4.826228243321671e-07 
19.62 	 4.775932583372994e-07 
19.64 	 4.7385926890843646e-07 
19.66 	 4.7133388083978623e-07 
19.68 	 4.6974123317444664e-07 
19.7 	 4.686764613484309e-07 
19.72 	 4.6772796260474646e-07 
19.74 	 4.6653962744633164e-07 
19.76 	 4.644527249189824e-07 
19.78 	 4.612144094867158e-07 
19.8 	 4.5631384842939856e-07 
19.82 	 4.4951150205726494e-07 
19.84 	 4.407822924181533e-07 
19.86 	 4.300088891538404e-07 
19.88 	 4.172325134277344e-07 
19.9 	 4.027450606745356e-07 
19.92 	 3.869283846795197e-07 
19.94 	 3.7006217057072053e-07 
19.96 	 3.525471140241915e-07 
19.98 	 3.348619498944913e-07 
20.0 	 3.173282658911773e-07 
20.02 	 3.003425057343598e-07 
20.04 	 2.8419839028657454e-07 
20.06 	 2.690474701712696e-07 
20.08 	 2.5528433470445596e-07 
20.1 	 2.430305843099965e-07 
20.12 	 2.3228611451566064e-07 
20.14 	 2.2326892709391858e-07 
20.16 	 2.1606683731079102e-07 
20.18 	 2.1073424255447017e-07 
20.2 	 2.072815260774427e-07 
20.22 	 2.0553341841896955e-07 
20.24 	 2.0553341841896955e-07 
20.26 	 2.0714758000460035e-07 
20.28 	 2.099425018370952e-07 
20.3 	 2.137420816388883e-07 
20.32 	 2.18239702520919e-07 
20.34 	 2.2302015940987714e-07 
20.36 	 2.2770027503276059e-07 
20.38 	 2.3192737126757771e-07 
20.4 	 2.3525436824332094e-07 
20.42 	 2.374854303972308e-07 
20.44 	 2.385349660155493e-07 
20.46 	 2.381856346599129e-07 
20.48 	 2.3619633144359824e-07 
20.5 	 2.3300194399225546e-07 
20.52 	 2.285519488182361e-07 
20.54 	 2.2302015940987714e-07 
20.56 	 2.1658006092531433e-07 
20.58 	 2.09413011708188e-07 
20.6 	 2.0185436582779982e-07 
20.62 	 1.9414446086876664e-07 
20.64 	 1.862645149230957e-07 
20.66 	 1.7881393432617188e-07 
20.68 	 1.7136335372924805e-07 
20.7 	 1.6441998251314394e-07 
20.72 	 1.5787497237635472e-07 
20.74 	 1.5177986612516165e-07 
20.76 	 1.4619094781837301e-07 
20.78 	 1.4116835088652682e-07 
20.8 	 1.3657139822709083e-07 
20.82 	 1.3244441773467643e-07 
20.84 	 1.288325821294679e-07 
20.86 	 1.255594160136038e-07 
20.88 	 1.2265203619863339e-07 
20.9 	 1.2013700229374393e-07 
20.92 	 1.1780402288468105e-07 
20.94 	 1.156641147752108e-07 
20.96 	 1.1372817696983924e-07 
20.98 	 1.1175870895385742e-07 
21.0 	 1.1000650420958847e-07 
21.02 	 1.0822593455265425e-07 
21.04 	 1.0667607980427409e-07 
21.06 	 1.0510337337602589e-07 
21.08 	 1.0350677363164577e-07 
21.1 	 1.021572142899192e-07 
21.12 	 1.005138275268081e-07 
21.14 	 9.912352782227151e-08 
21.16 	 9.771344846937061e-08 
21.18 	 9.628272044152085e-08 
21.2 	 9.483040914951157e-08 
21.22 	 9.30577218293905e-08 
21.24 	 9.125060374972142e-08 
21.26 	 8.940696716308594e-08 
21.28 	 8.78410497497886e-08 
21.3 	 8.592428710066376e-08 
21.32 	 8.429369702178807e-08 
21.34 	 8.263093610412939e-08 
21.36 	 8.093402155637902e-08 
21.38 	 7.920075813483186e-08 
21.4 	 7.81423485405856e-08 
21.42 	 7.706940496555419e-08 
21.44 	 7.598131170262075e-08 
21.46 	 7.561513457515999e-08 
21.48 	 7.524717553229688e-08 
21.5 	 7.561513457515999e-08 
21.52 	 7.598131170262075e-08 
21.54 	 7.706940496555419e-08 
21.56 	 7.849673742691232e-08 
21.58 	 8.024520884654677e-08 
21.6 	 8.229435248067425e-08 
21.62 	 8.462232866585662e-08 
21.64 	 8.72068100476237e-08 
21.66 	 8.971687092477304e-08 
21.68 	 9.215859231988326e-08 
21.7 	 9.394824663488933e-08 
21.72 	 9.570444061357624e-08 
21.74 	 9.685754776000977e-08 
21.76 	 9.714368589524402e-08 
21.78 	 9.685754776000977e-08 
21.8 	 9.599401598218922e-08 
21.82 	 9.394824663488933e-08 
21.84 	 9.15542671639063e-08 
21.86 	 8.84707427549207e-08 
21.88 	 8.494968899333014e-08 
21.9 	 8.127623881873275e-08 
21.92 	 7.706940496555419e-08 
21.94 	 7.337970883992392e-08 
21.96 	 6.989264130329236e-08 
21.98 	 6.705522537231445e-08 
22.0 	 6.495265578539184e-08 
22.02 	 6.495265578539184e-08 
22.04 	 6.705522537231445e-08 
22.06 	 7.223605897152915e-08 
22.08 	 8.195638656616211e-08 
22.1 	 9.856191691251809e-08 
22.12 	 1.2467205919833117e-07 
22.14 	 1.6391277313232422e-07 
22.16 	 2.2101993820356318e-07 
22.18 	 3.029190205075759e-07 
22.2 	 4.1842821485099113e-07 
22.22 	 5.788003089845763e-07 
22.24 	 7.986035414997364e-07 
22.26 	 1.0960713183670496e-06 
22.28 	 1.4937996040949073e-06 
22.3 	 2.0192448016739124e-06 
22.32 	 2.705094354446003e-06 
22.34 	 3.589571893582108e-06 
22.36 	 4.716352874009724e-06 
22.38 	 6.13431688825201e-06 
22.4 	 7.896912516496244e-06 
22.42 	 1.0061175319288386e-05 
22.44 	 1.2686378616837503e-05 
22.46 	 1.583248026230717e-05 
22.48 	 1.955809621318536e-05 
22.5 	 2.3918522198147903e-05 
22.52 	 2.8963085376817704e-05 
22.54 	 3.473287270559241e-05 
22.56 	 4.1257330209342185e-05 
22.58 	 4.855173518543895e-05 
22.6 	 5.661285021180714e-05 
22.62 	 6.541647568473437e-05 
22.64 	 7.491242495083562e-05 
22.66 	 8.502333818010694e-05 
22.68 	 9.564030062559468e-05 
22.7 	 0.00010662518499463256 
22.72 	 0.00011780915525854889 
22.74 	 0.0001290010268239137 
22.76 	 0.00013999058543116575 
22.78 	 0.00015056378560786903 
22.8 	 0.00016051063648270567 
22.82 	 0.00016964464033819115 
22.84 	 0.00017781179108038763 
22.86 	 0.00018490824687182757 
22.88 	 0.0001908848022875603 
22.9 	 0.00019575585389498243 
22.92 	 0.00019959444770611717 
22.94 	 0.0002025284670123156 
22.96 	 0.0002047252629788533 
22.98 	 0.0002063766473743735 
23.0 	 0.00020767737249755607 
23.02 	 0.00020880605693468526 
23.04 	 0.00020990555359707847 
23.06 	 0.00021106936740242403 
23.08 	 0.00021233211802788163 
23.1 	 0.00021366894946794245 
23.12 	 0.0002150006068650183 
23.14 	 0.00021620774786918943 
23.16 	 0.00021714934083380509 
23.18 	 0.0002176873342236777 
23.2 	 0.00021771186231861776 
23.22 	 0.00021716738465022773 
23.24 	 0.00021607573877282835 
23.26 	 0.00021455428639801863 
23.28 	 0.0002128286186913317 
23.3 	 0.00021123595974721849 
23.32 	 0.00021022200612528694 
23.34 	 0.00021032693098007804 
23.36 	 0.00021216380450834798 
23.38 	 0.00021638857807082962 
23.4 	 0.00022366048647341896 
23.42 	 0.0002346018100126471 
23.44 	 0.0002497446195357853 
23.46 	 0.00026949223982652976 
23.48 	 0.0002940619450928254 
23.5 	 0.00032346710609038065 
23.52 	 0.0003574693429043772 
23.54 	 0.00039560360164708384 
23.56 	 0.0004371511096548968 
23.58 	 0.00048122272209723954 
23.6 	 0.0005267533081837785 
23.62 	 0.0005726397191367768 
23.64 	 0.0006177418320969494 
23.66 	 0.0006610476524153964 
23.68 	 0.000701655668443622 
23.7 	 0.0007389249943787179 
23.72 	 0.0007724167279397657 
23.74 	 0.0008019930390689398 
23.76 	 0.0008277127728704329 
23.78 	 0.0008498689437716706 
23.8 	 0.0008688569825684119 
23.82 	 0.0008851706561686734 
23.84 	 0.0008992766528655399 
23.86 	 0.0009116060141949981 
23.88 	 0.000922466909207454 
23.9 	 0.00093206266793094 
23.92 	 0.0009404566859568289 
23.94 	 0.0009476246165695131 
23.96 	 0.0009534621170849342 
23.98 	 0.0009578536852283848 
24.0 	 0.0009606987491061942 
24.02 	 0.0009619683511926923 
24.04 	 0.0009617252480159658 
24.06 	 0.0009601472823856869 
24.08 	 0.0009575299303482628 
24.1 	 0.000954274716035427 
24.12 	 0.0009508779428058847 
24.14 	 0.0009479006508531767 
24.16 	 0.0009459548150586114 
24.18 	 0.0009456777383043499 
24.2 	 0.000947722435755288 
24.22 	 0.0009527523950341813 
24.24 	 0.000961429379877204 
24.26 	 0.0009744311041493135 
24.28 	 0.0009924154241995622 
24.3 	 0.0010160544168508385 
24.32 	 0.001045947654497923 
24.34 	 0.0010826701544482886 
24.36 	 0.0011266142835342952 
24.38 	 0.001178067597843277 
24.4 	 0.001236981063039053 
24.42 	 0.0013031171135742493 
24.44 	 0.0013757618112451907 
24.46 	 0.0014539958646563186 
24.48 	 0.0015363775298325379 
24.5 	 0.0016213724042772075 
24.52 	 0.0017070256943078962 
24.54 	 0.0017915371862813674 
24.56 	 0.0018729218537444196 
24.58 	 0.0019496545432292546 
24.6 	 0.002020302055936861 
24.62 	 0.0020841237516317068 
24.64 	 0.0021406595072180194 
24.66 	 0.002190186607063801 
24.68 	 0.0022332676023870306 
24.7 	 0.0022710294684431366 
24.72 	 0.002304701559126538 
24.74 	 0.0023357656227186003 
24.76 	 0.0023655293424273824 
24.78 	 0.002395249025904345 
24.8 	 0.002425776316908547 
24.82 	 0.0024577515957756985 
24.84 	 0.0024913317543583968 
24.86 	 0.0025264995554040645 
24.88 	 0.0025628449289208342 
24.9 	 0.0025999691072192467 
24.92 	 0.002637271219190678 
24.94 	 0.002674383694500474 
24.96 	 0.0027109196966392654 
24.98 	 0.0027468755735526613 
25.0 	 0.0027823150218381286 
25.02 	 0.0028177069857880234 
25.04 	 0.002853542506713624 
25.06 	 0.0028906200744316123 
25.08 	 0.0029295999466011236 
25.1 	 0.0029712832637142934 
25.12 	 0.0030161082614748183 
25.14 	 0.0030644844871987394 
25.16 	 0.003116236055985708 
25.18 	 0.003171046490214378 
25.2 	 0.0032278653502991646 
25.22 	 0.0032854935290019755 
25.24 	 0.0033419928102512604 
25.26 	 0.003395395779563158 
25.28 	 0.003443184036179625 
25.3 	 0.0034830431108463776 
25.32 	 0.003512487472643796 
25.34 	 0.00352951322061242 
25.36 	 0.0035324336246615523 
25.38 	 0.0035202448969981126 
25.4 	 0.003492698165044884 
25.42 	 0.0034502264471632962 
25.44 	 0.0033942375966760853 
25.46 	 0.003326563954998889 
25.48 	 0.003249935547375243 
25.5 	 0.0031670625712652317 
25.52 	 0.00308124079002308 
25.54 	 0.002995282221706155 
25.56 	 0.002912201461066891 
25.58 	 0.002834218509643993 
25.6 	 0.0027634656941827027 
25.62 	 0.0027012108122690987 
25.64 	 0.0026485154810466788 
25.66 	 0.0026057254227590584 
25.68 	 0.0025730146257133685 
25.7 	 0.0025501153233555636 
25.72 	 0.002536699568791643 
25.74 	 0.002532290073590552 
25.76 	 0.002536451303519642 
25.78 	 0.002548823531260015 
25.8 	 0.0025691113003930652 
25.82 	 0.0025972045324019863 
25.84 	 0.0026329652847637422 
25.86 	 0.0026764340854895556 
25.88 	 0.002727431119431937 
25.9 	 0.0027858818108119966 
25.92 	 0.0028512637440105764 
25.94 	 0.002923104400265884 
25.96 	 0.003000313051170472 
25.98 	 0.0030818900510750573 
26.0 	 0.0031661806828164633 
26.02 	 0.0032517894249393603 
26.04 	 0.0033367850703875496 
26.06 	 0.00341975266165495 
26.08 	 0.003498972856877389 
26.1 	 0.0035734967206026286 
26.12 	 0.0036423191936577593 
26.14 	 0.0037053536140626477 
26.16 	 0.0037626160959521623 
26.18 	 0.0038150186989133646 
26.2 	 0.0038635745978331023 
26.22 	 0.003910009131780912 
26.24 	 0.003955982911397609 
26.26 	 0.0040036062174258185 
26.28 	 0.004054658013797381 
26.3 	 0.004111144974543014 
26.32 	 0.004174468725295438 
26.34 	 0.004246176217953396 
26.36 	 0.004326998451519963 
26.38 	 0.004417901350038108 
26.4 	 0.004518896049548869 
26.42 	 0.004630447549147954 
26.44 	 0.004751952972001088 
26.46 	 0.004883529852019706 
26.48 	 0.005024083311310894 
26.5 	 0.0051734892208652235 
26.52 	 0.005330218878318371 
26.54 	 0.00549394014412064 
26.56 	 0.005662720745031367 
26.58 	 0.005836063553449292 
26.6 	 0.006011746823358318 
26.62 	 0.006189268181154069 
26.64 	 0.006366391102275915 
26.66 	 0.0065429050273612815 
26.68 	 0.006716934306358138 
26.7 	 0.006888867256139951 
26.72 	 0.007057459067213634 
26.74 	 0.007223785857096801 
26.76 	 0.0073871560531931155 
26.78 	 0.007549024618866245 
26.8 	 0.00770873816837376 
26.82 	 0.007867462274338632 
26.84 	 0.008023831705484602 
26.86 	 0.008178011544701816 
26.88 	 0.008327391265138083 
26.9 	 0.008470830449848758 
26.92 	 0.008604596670936568 
26.94 	 0.008726629004561302 
26.96 	 0.008832955614212143 
26.98 	 0.008921550771408616 
27.0 	 0.008989474730997028 
27.02 	 0.009035775682702729 
27.04 	 0.00905956848904957 
27.06 	 0.009061555506218844 
27.08 	 0.009043187517741077 
27.1 	 0.009006704339804533 
27.12 	 0.008955389431683277 
27.14 	 0.00889239081772845 
27.16 	 0.008821907683195025 
27.18 	 0.008747274848780302 
27.2 	 0.008672754931185443 
27.22 	 0.00860140280661371 
27.24 	 0.008537034412604512 
27.26 	 0.008482297776250466 
27.28 	 0.008440371907656386 
27.3 	 0.00841356008748378 
27.32 	 0.00840432283634627 
27.34 	 0.008414640153973082 
27.36 	 0.008446067947536747 
27.38 	 0.008500094544120582 
27.4 	 0.008577006468429287 
27.42 	 0.00867745722556517 
27.44 	 0.008800028683485176 
27.46 	 0.008944187432871245 
27.48 	 0.009106536080512033 
27.5 	 0.00928521362345058 
27.52 	 0.009474957685955418 
27.54 	 0.009672802376175547 
27.56 	 0.00987222784269667 
27.58 	 0.010069757509779656 
27.6 	 0.010258642721061147 
27.62 	 0.010435729312142705 
27.64 	 0.010595260947794175 
27.66 	 0.010735252807262017 
27.68 	 0.010852025527822018 
27.7 	 0.010945361157046009 
27.72 	 0.011014258434025606 
27.74 	 0.01106038211334648 
27.76 	 0.011085285996519024 
27.78 	 0.011092053439409855 
27.8 	 0.01108395098969339 
27.82 	 0.011064564107636584 
27.84 	 0.011037613840335154 
27.86 	 0.011006158405697795 
27.88 	 0.010973184747530866 
27.9 	 0.01094047889222341 
27.92 	 0.010909603342695777 
27.94 	 0.01088086134853822 
27.96 	 0.010854365672256339 
27.98 	 0.01082925002231853 
28.0 	 0.01080468101941353 
28.02 	 0.0107792329860653 
28.04 	 0.010751840866495376 
28.06 	 0.010721130505066614 
28.08 	 0.010686410385408211 
28.1 	 0.010646749374425177 
28.12 	 0.01060213716612598 
28.14 	 0.01055218696992175 
28.16 	 0.010497564792033356 
28.18 	 0.010438307035929037 
28.2 	 0.010375552510869898 
28.22 	 0.010309553276996742 
28.24 	 0.010241670342719292 
28.26 	 0.010172197456197296 
28.28 	 0.010102526233217326 
28.3 	 0.010032905305644626 
28.32 	 0.009964655744092672 
28.34 	 0.009897974320179066 
28.36 	 0.009834082411219533 
28.38 	 0.009773167539727214 
28.4 	 0.009716363395880102 
28.42 	 0.00966391218424366 
28.44 	 0.009616885674913983 
28.46 	 0.009575643813069988 
28.48 	 0.009541212488457391 
28.5 	 0.009514114520436682 
28.52 	 0.009495320111796544 
28.54 	 0.009485532690616959 
28.56 	 0.009485620434607288 
28.58 	 0.009496443164178909 
28.6 	 0.009518656892580232 
28.62 	 0.009553166259729707 
28.64 	 0.009600183326498373 
28.66 	 0.009660390925610182 
28.68 	 0.00973316214450664 
28.7 	 0.009818522688647791 
28.72 	 0.009914522618900537 
28.74 	 0.010020056521656545 
28.76 	 0.010131520184421943 
28.78 	 0.010246430358295616 
28.8 	 0.01035966687026092 
28.82 	 0.010467604836008034 
28.84 	 0.010564399680548635 
28.86 	 0.010646060951118875 
28.88 	 0.010707343936086714 
28.9 	 0.010744987483139417 
28.92 	 0.010755783709581038 
28.94 	 0.010738208613232832 
28.96 	 0.010692107404641247 
28.98 	 0.01061821979691037 
29.0 	 0.010519642751504086 
29.02 	 0.010399220326589884 
29.04 	 0.010262600010571067 
29.06 	 0.010113953015132685 
29.08 	 0.009960142555918207 
29.1 	 0.00980558546900851 
29.12 	 0.009656892766089182 
29.14 	 0.009517771431588912 
29.16 	 0.009393491413669644 
29.18 	 0.009286567875751358 
29.2 	 0.009200498966545748 
29.22 	 0.009136675769755192 
29.24 	 0.009096958641739317 
29.26 	 0.009081985925352419 
29.28 	 0.009092287679942456 
29.3 	 0.009128014651261831 
29.32 	 0.009188433065897585 
29.34 	 0.009273081732952214 
29.36 	 0.009379655765686109 
29.38 	 0.009506629339118578 
29.4 	 0.00964970891825991 
29.42 	 0.009805899936185023 
29.44 	 0.009968877377670651 
29.46 	 0.010134247901374004 
29.48 	 0.010294344875526646 
29.5 	 0.010444084225785742 
29.52 	 0.010575838635974034 
29.54 	 0.010684959242355149 
29.56 	 0.010765485529566493 
29.58 	 0.010814287941713567 
29.6 	 0.010828356434642309 
29.62 	 0.01080670803284688 
29.64 	 0.010749806630680475 
29.66 	 0.010658822299693364 
29.68 	 0.010537376910093607 
29.7 	 0.01038827288052767 
29.72 	 0.010217335755078345 
29.74 	 0.010028172286329119 
29.76 	 0.00982754071123723 
29.78 	 0.009618945966157023 
29.8 	 0.009408819504613307 
29.82 	 0.009199791365740704 
29.84 	 0.008997012528525193 
29.86 	 0.00880179321946801 
29.88 	 0.008617572388529808 
29.9 	 0.008444347269639092 
29.92 	 0.008283986376745102 
29.94 	 0.008135590739924661 
29.96 	 0.008000000296273948 
29.98 	 0.007876018036805835 
30.0 	 0.0077640684978258 
30.02 	 0.007663136925213194 
30.04 	 0.0075736169252715105 
30.06 	 0.00749485222649545 
30.08 	 0.0074272627323592475 
30.1 	 0.007370456699690021 
30.12 	 0.0073247435728722365 
30.14 	 0.00728983808739649 
30.16 	 0.007265853420597586 
30.18 	 0.007252620547647139 
30.2 	 0.007250218493948424 
30.22 	 0.007258907626170849 
30.24 	 0.007279204145794201 
30.26 	 0.0073124174332607934 
30.28 	 0.00736019768298105 
30.3 	 0.007425703702051816 
30.32 	 0.007512408936573864 
30.34 	 0.0076260269372807905 
30.36 	 0.0077721295086781855 
30.38 	 0.007959159746152774 
30.4 	 0.008194120993436088 
30.42 	 0.008487368170117856 
30.44 	 0.00884532517306612 
30.46 	 0.009278285715684564 
30.48 	 0.009788851392014963 
30.5 	 0.010384595130893322 
30.52 	 0.01106070209288356 
30.54 	 0.011819777403512909 
30.56 	 0.012647107578151382 
30.58 	 0.013539718887519502 
30.6 	 0.014473015084043485 
30.62 	 0.015440057839595393 
30.64 	 0.01640939690770753 
30.66 	 0.017373458112339552 
30.68 	 0.018299201960534285 
30.7 	 0.019182061538514206 
30.72 	 0.019993119444025917 
30.74 	 0.020733256828302724 
30.76 	 0.021381905014204623 
30.78 	 0.02194581338970368 
30.8 	 0.02241437762714811 
30.82 	 0.022798836904818407 
30.84 	 0.023097665663017672 
30.86 	 0.023324393847301214 
30.88 	 0.023484218630473654 
30.9 	 0.02359102851030093 
30.92 	 0.023654112139008938 
30.94 	 0.023686684622321354 
30.96 	 0.023699941157098385 
30.98 	 0.02370629211352799 
31.0 	 0.023717177394184646 
31.02 	 0.023744533365778 
31.04 	 0.023798577842090714 
31.06 	 0.02389103652763085 
31.08 	 0.024029277870497735 
31.1 	 0.02422468643714266 
31.12 	 0.02447990540121599 
31.14 	 0.024805482169651203 
31.16 	 0.025197511456444596 
31.18 	 0.025665209491538384 
31.2 	 0.02619695434648004 
31.22 	 0.026800643414277105 
31.24 	 0.027457019690763192 
31.26 	 0.028173474535336192 
31.28 	 0.0289246153778928 
31.3 	 0.029718719310448068 
31.32 	 0.030526660194670097 
31.34 	 0.031358830232270984 
31.36 	 0.03218466142791125 
31.38 	 0.03301687225059508 
31.4 	 0.03382476382570275 
31.42 	 0.03462220953731011 
31.44 	 0.03537867640056684 
31.46 	 0.03610713484261622 
31.48 	 0.03677746760482619 
31.5 	 0.037399938634155284 
31.52 	 0.0379463594157961 
31.54 	 0.03842378077880131 
31.56 	 0.038809246407170574 
31.58 	 0.03910754837511979 
31.6 	 0.03930506154242034 
31.62 	 0.03940581032030981 
31.64 	 0.03940826543300243 
31.66 	 0.039316331645210874 
31.68 	 0.03914021333968322 
31.7 	 0.03888280609081932 
31.72 	 0.03856264780343758 
31.74 	 0.03817999280378447 
31.76 	 0.037757498980755574 
31.78 	 0.03729233877251826 
31.8 	 0.03680904757975355 
31.82 	 0.036304009276817664 
31.84 	 0.03580433103788201 
31.86 	 0.03531016265681448 
31.88 	 0.034852762286128956 
31.9 	 0.03444014173607426 
31.92 	 0.034106376180806544 
31.94 	 0.03386775511932236 
31.96 	 0.033754446906851636 
31.98 	 0.033786677692387274 
32.0 	 0.033979962679408046 
32.02 	 0.03435182709713651 
32.04 	 0.034893366242318716 
32.06 	 0.03561509801914069 
32.08 	 0.03648050698519362 
32.1 	 0.037494582869151596 
32.12 	 0.03859905818523132 
32.14 	 0.039800312285826284 
32.16 	 0.041030780454762245 
32.18 	 0.042306651399554515 
32.2 	 0.043563999789820916 
32.22 	 0.04483395515512635 
32.24 	 0.04606344579840532 
32.26 	 0.047297839739842036 
32.28 	 0.04849380540962521 
32.3 	 0.0497054735976814 
32.32 	 0.05089213718036974 
32.34 	 0.05210999894220111 
32.36 	 0.053313094194432246 
32.38 	 0.054555171241913024 
32.4 	 0.055780723626561494 
32.42 	 0.05703959973593414 
32.44 	 0.05826702585440779 
32.46 	 0.05950879925605453 
32.48 	 0.06069378545869359 
32.5 	 0.06186219518841996 
32.52 	 0.06293997073700276 
32.54 	 0.06395753783791969 
32.56 	 0.06484198500850268 
32.58 	 0.06560823805568915 
32.6 	 0.06619150392195627 
32.62 	 0.06658675257468538 
32.64 	 0.06674915363565305 
32.66 	 0.06665313451441511 
32.68 	 0.06628928337282818 
32.7 	 0.06561570059166259 
32.72 	 0.06467207615026938 
32.74 	 0.0634079487191883 
32.76 	 0.06191679867152982 
32.78 	 0.06014800040257006 
32.8 	 0.05823977994606754 
32.82 	 0.0561471380678884 
32.84 	 0.05403148575198359 
32.86 	 0.0518548051590649 
32.88 	 0.049774716819584806 
32.9 	 0.04775778516548268 
32.92 	 0.04593458563254394 
32.94 	 0.044272761250182036 
32.96 	 0.04286262887107242 
32.98 	 0.04167103500051531 
33.0 	 0.04074597544187826 
33.02 	 0.04005442179435966 
33.04 	 0.03960812928268608 
33.06 	 0.039377277476697725 
33.08 	 0.039347248909101525 
33.1 	 0.039495109535905036 
33.12 	 0.03978993564520198 
33.14 	 0.04021841471034955 
33.16 	 0.04074139639659883 
33.18 	 0.04135595653331655 
33.2 	 0.042019843322768015 
33.22 	 0.04273898164448673 
33.24 	 0.04347029347371879 
33.26 	 0.044225176820548884 
33.28 	 0.0449603435925111 
33.3 	 0.0456886855128383 
33.32 	 0.04636759187376798 
33.34 	 0.04700838160082037 
33.36 	 0.047571927933276276 
33.38 	 0.04806680652264315 
33.4 	 0.04846227525359471 
33.42 	 0.04876475971366999 
33.44 	 0.048957227838971946 
33.46 	 0.04904522213397005 
33.48 	 0.049028593007765575 
33.5 	 0.0489126944211297 
33.52 	 0.04871345373859661 
33.54 	 0.04843558251039481 
33.56 	 0.04810639982767541 
33.58 	 0.04772873773413744 
33.6 	 0.04733462805797014 
33.62 	 0.04692392180733598 
33.64 	 0.046527146786643096 
33.66 	 0.04614099280734203 
33.68 	 0.04579040667639824 
33.7 	 0.045469797893208 
33.72 	 0.0451968484005463 
33.74 	 0.04496504148629787 
33.76 	 0.04478458849726687 
33.78 	 0.0446488907593189 
33.8 	 0.04456072751699336 
33.82 	 0.044512954864536644 
33.84 	 0.04450062544493455 
33.86 	 0.04451426584323948 
33.88 	 0.044541278017148224 
33.9 	 0.04456782948561683 
33.92 	 0.04457591880427309 
33.94 	 0.0445469309109746 
33.96 	 0.044463573709834905 
33.98 	 0.044305241187915234 
34.0 	 0.04406510452068132 
34.02 	 0.04372660795003243 
34.04 	 0.04330340024736079 
34.06 	 0.04278990175008234 
34.08 	 0.04222471003207292 
34.1 	 0.04161685038953342 
34.12 	 0.04102369395652988 
34.14 	 0.04046552226501112 
34.16 	 0.04000119525960007 
34.18 	 0.03965172806119799 
34.2 	 0.039455009848011126 
34.22 	 0.039419575634162735 
34.24 	 0.03954469646935062 
34.26 	 0.039817329448239444 
34.28 	 0.040194198700185445 
34.3 	 0.0406403727082144 
34.32 	 0.04108314152402087 
34.34 	 0.041473905913429324 
34.36 	 0.04173685445546537 
34.38 	 0.041822257156115476 
34.4 	 0.04168124826200773 
34.42 	 0.04127477094012475 
34.44 	 0.04060317088270908 
34.46 	 0.03964559263430686 
34.48 	 0.038457460810260066 
34.5 	 0.03703780641870413 
34.52 	 0.035484906376311486 
34.54 	 0.03381359061336763 
34.56 	 0.03214058982933876 
34.58 	 0.03048828492794899 
34.6 	 0.028965345013916538 
34.62 	 0.027592274788564942 
34.64 	 0.02644983570227823 
34.66 	 0.025549460197576465 
34.68 	 0.02493473055918613 
34.7 	 0.024605451303346463 
34.72 	 0.02456834204486514 
34.74 	 0.02481407866880403 
34.76 	 0.025318849817083582 
34.78 	 0.026070132776255344 
34.8 	 0.02702204089970428 
34.82 	 0.028165328169053 
34.84 	 0.02943957994438423 
34.86 	 0.030842932960965797 
34.88 	 0.032305436820779077 
34.9 	 0.033832664532420446 
34.92 	 0.035347749080858866 
34.94 	 0.036860007759660404 
34.96 	 0.03828801334485821 
34.98 	 0.03963948677208543 
35.0 	 0.040833628972652664 
35.02 	 0.041872322149349966 
35.04 	 0.04268545501835145 
35.06 	 0.043267900989887115 
35.08 	 0.0435741334415662 
35.1 	 0.04359425015875337 
35.12 	 0.04332053732498497 
35.14 	 0.042742675188969306 
35.16 	 0.04189730883858057 
35.18 	 0.04077799306634873 
35.2 	 0.03946146459613067 
35.22 	 0.037947248503412384 
35.24 	 0.036337473706584106 
35.26 	 0.03463642738514844 
35.28 	 0.03295138927960654 
35.3 	 0.03128738854051247 
35.32 	 0.02973781384644904 
35.34 	 0.028303471109616517 
35.36 	 0.027051227387385024 
35.38 	 0.025973998383985796 
35.4 	 0.025107723613563244 
35.42 	 0.024436543189769778 
35.44 	 0.023968062421154318 
35.46 	 0.02367969413296283 
35.48 	 0.023557637848522925 
35.5 	 0.02357657021030377 
35.52 	 0.02370989058216887 
35.54 	 0.023933975962356566 
35.56 	 0.024217704473225028 
35.58 	 0.024542683300365783 
35.6 	 0.02487991526210913 
35.62 	 0.02521806241541226 
35.64 	 0.025534549165691017 
35.66 	 0.025825085341718537 
35.68 	 0.026075308020006054 
35.7 	 0.026286566221525802 
35.72 	 0.026452373930881873 
35.74 	 0.026577633281639704 
35.76 	 0.026662032693323047 
35.78 	 0.02671198374084819 
35.8 	 0.02673114813367252 
35.82 	 0.026725960521021483 
35.84 	 0.026702083828464264 
35.86 	 0.0266653115163369 
35.88 	 0.026622017830090054 
35.9 	 0.026577564168225033 
35.92 	 0.026538543566445943 
35.94 	 0.02651081304242248 
35.96 	 0.026501233760518685 
35.98 	 0.026517434658651584 
36.0 	 0.02656658509201533 
36.02 	 0.026659226709216048 
36.04 	 0.02680228319486139 
36.06 	 0.027009862612869077 
36.08 	 0.027287208321898297 
36.1 	 0.027652156194923675 
36.12 	 0.028106087655682437 
36.14 	 0.02867052512932555 
36.16 	 0.02934038846809438 
36.18 	 0.030140906567925473 
36.2 	 0.031057675805702206 
36.22 	 0.032119640759787245 
36.24 	 0.03329981998912791 
36.26 	 0.034630468799040345 
36.28 	 0.03606832234106458 
36.3 	 0.03764773227543973 
36.32 	 0.03930563183493996 
36.34 	 0.041076436708881135 
36.36 	 0.04287565779614297 
36.38 	 0.04473536836421075 
36.4 	 0.04655235119042739 
36.42 	 0.048354128577813585 
36.44 	 0.05002769064676341 
36.46 	 0.05159427653648881 
36.48 	 0.05294619478654002 
36.5 	 0.054097008955268304 
36.52 	 0.054962724242969156 
36.54 	 0.055547912136658606 
36.56 	 0.05580879350618288 
36.58 	 0.05573972399479063 
36.6 	 0.055346550103350906 
36.62 	 0.0546127251968988 
36.64 	 0.053593128397191624 
36.66 	 0.05226080528430272 
36.68 	 0.05070985002582869 
36.7 	 0.048904997868744325 
36.72 	 0.0469642847113684 
36.74 	 0.04484769854356384 
36.76 	 0.042681151778560966 
36.78 	 0.04042416504249101 
36.8 	 0.038197206607739065 
36.82 	 0.03596326112619553 
36.84 	 0.03382835246880403 
36.86 	 0.03176162879659656 
36.88 	 0.029849954045762978 
36.9 	 0.028069795803902384 
36.92 	 0.026487551979564136 
36.94 	 0.025086905418213328 
36.96 	 0.02391471975675792 
36.98 	 0.0229610888397248 
37.0 	 0.0222552551076376 
37.02 	 0.021792683858987083 
37.04 	 0.021586682188559775 
37.06 	 0.021637048094067003 
37.08 	 0.021941707388347987 
37.1 	 0.022503901321485654 
37.12 	 0.02330531900781023 
37.14 	 0.024352152318075592 
37.16 	 0.025608107022348312 
37.18 	 0.027082553250771746 
37.2 	 0.02871974319308912 
37.22 	 0.03053331653015301 
37.24 	 0.03244826572327076 
37.26 	 0.0344841646459934 
37.28 	 0.03654969055783498 
37.3 	 0.038671889449972296 
37.32 	 0.0407492069834202 
37.34 	 0.04281682638778703 
37.36 	 0.044771722123113374 
37.38 	 0.04665669382850421 
37.4 	 0.04837743193678856 
37.42 	 0.049982991396530466 
37.44 	 0.0513975002478639 
37.46 	 0.05267479410741312 
37.48 	 0.053764319604956944 
37.5 	 0.05472353668165644 
37.52 	 0.055528733730315846 
37.54 	 0.05623973106542597 
37.56 	 0.056853992640291486 
37.58 	 0.05743121327718312 
37.6 	 0.05797733312266175 
37.62 	 0.0585474402578442 
37.64 	 0.05913941855596565 
37.66 	 0.05979796174145407 
37.68 	 0.06049847779215451 
37.7 	 0.0612703600735546 
37.72 	 0.062060785128051 
37.74 	 0.06288212197707138 
37.76 	 0.06366022176246415 
37.78 	 0.06439260578074266 
37.8 	 0.06500233917340355 
37.82 	 0.06547681619550239 
37.84 	 0.0657601596708397 
37.86 	 0.06583448631664075 
37.88 	 0.06568491455843234 
37.9 	 0.06529126436431412 
37.92 	 0.06468779981766186 
37.94 	 0.06385239212522636 
37.96 	 0.06286206174224837 
37.98 	 0.06169085637076254 
38.0 	 0.06044107799910193 
38.02 	 0.05907994863808921 
38.04 	 0.05771389227143787 
38.06 	 0.056300479401360175 
38.08 	 0.05493294194699083 
38.1 	 0.05355778691704682 
38.12 	 0.05224638720328962 
38.14 	 0.05093522179759056 
38.16 	 0.04967498793219868 
38.18 	 0.04839619224012095 
38.2 	 0.04713787744143534 
38.22 	 0.04583127093929187 
38.24 	 0.04451615637966484 
38.26 	 0.043132099936981305 
38.28 	 0.04172974204529839 
38.3 	 0.040262839513852816 
38.32 	 0.03879602052729487 
38.34 	 0.037298911691239243 
38.36 	 0.03584486587767927 
38.38 	 0.03441627551008632 
38.4 	 0.03308430706262196 
38.42 	 0.03183799074748798 
38.44 	 0.03073497300694021 
38.46 	 0.02976486296791075 
38.48 	 0.028964582099504997 
38.5 	 0.028320815516085947 
38.52 	 0.02784832008109143 
38.54 	 0.027530510676750268 
38.56 	 0.027363119336993705 
38.58 	 0.027328077532418785 
38.6 	 0.027407534768514312 
38.62 	 0.02758444791386698 
38.64 	 0.027833407954579358 
38.66 	 0.028140831241119862 
38.68 	 0.02847966086873112 
38.7 	 0.02884205351940677 
38.72 	 0.02920484222840621 
38.74 	 0.029568133627584408 
38.76 	 0.029917176441825205 
38.78 	 0.030261853940002987 
38.8 	 0.030598076326559795 
38.82 	 0.030946195312044896 
38.84 	 0.03131142436251147 
38.86 	 0.03172347417337436 
38.88 	 0.03219152260948013 
38.9 	 0.03275187986986575 
38.92 	 0.03340960042806252 
38.94 	 0.03420448395733334 
38.96 	 0.0351291471619457 
38.98 	 0.03622533237980195 
39.0 	 0.03746719550917853 
39.02 	 0.03889970560949512 
39.04 	 0.04047580925740834 
39.06 	 0.0422472798066547 
39.08 	 0.044145135837795765 
39.1 	 0.046231389421969485 
39.12 	 0.04841385973218015 
39.14 	 0.05076501089746819 
39.16 	 0.05316603509135282 
39.18 	 0.05569499157699326 
39.2 	 0.05820268585139811 
39.22 	 0.06076339907583134 
39.24 	 0.06319932064635153 
39.26 	 0.06556967619337255 
39.28 	 0.06768266780159911 
39.3 	 0.06957256698859263 
39.32 	 0.07106474250570897 
39.34 	 0.07216281527136707 
39.36 	 0.07275214322256024 
39.38 	 0.07280619047913764 
39.4 	 0.07231051176967489 
39.42 	 0.07121567782844523 
39.44 	 0.0696266439052087 
39.46 	 0.06748293275526003 
39.48 	 0.06499465303632203 
39.5 	 0.06210138710591043 
39.52 	 0.059073064118552496 
39.54 	 0.055854172589104856 
39.56 	 0.052715714812235165 
39.58 	 0.0496045583858567 
39.6 	 0.04674367248673987 
39.62 	 0.04407688202520584 
39.64 	 0.0417547578637818 
39.66 	 0.039715755676068554 
39.68 	 0.038039216968455164 
39.7 	 0.0366615296820038 
39.72 	 0.03560784794040075 
39.74 	 0.03481933212171367 
39.76 	 0.03428798377483216 
39.78 	 0.03396594067529239 
39.8 	 0.0338288804486196 
39.82 	 0.033842423889395803 
39.84 	 0.033975720851986635 
39.86 	 0.03420631384097857 
39.88 	 0.03450103631003192 
39.9 	 0.0348456442865528 
39.92 	 0.03520671068891728 
39.94 	 0.035574940537653206 
39.96 	 0.03591950772856052 
39.98 	 0.036234848221453377 
40.0 	 0.03649721658185455 
40.02 	 0.036705471721892105 
40.04 	 0.036847522161782914 
40.06 	 0.03692779875905002 
40.08 	 0.03694795704312864 
40.1 	 0.03691796818160211 
40.12 	 0.03685110377672823 
40.14 	 0.03676091105492082 
40.16 	 0.036666267942434036 
40.18 	 0.0365809639137478 
40.2 	 0.036521929047372864 
40.22 	 0.0365000060934674 
40.24 	 0.0365241254193979 
40.26 	 0.036600707148156865 
40.28 	 0.03672830217125016 
40.3 	 0.03690984703148934 
40.32 	 0.03713508215227267 
40.34 	 0.03740620471190215 
40.36 	 0.03770802755782358 
40.38 	 0.03804489986045845 
40.4 	 0.038400276663116156 
40.42 	 0.03878184755947006 
40.44 	 0.039172812649607855 
40.46 	 0.03958269299525335 
40.48 	 0.039992730914234095 
40.5 	 0.04041061428050623 
40.52 	 0.04081300684870808 
40.54 	 0.04120185399094629 
40.56 	 0.04154882534878179 
40.58 	 0.04184819922632868 
40.6 	 0.04207078730531794 
40.62 	 0.04220447025989116 
40.64 	 0.042227627709601236 
40.66 	 0.04212564682989429 
40.68 	 0.041893959724384915 
40.7 	 0.0415199977278715 
40.72 	 0.04102216886443903 
40.74 	 0.04039284895056054 
40.76 	 0.039672482042872145 
40.78 	 0.03885842459063855 
40.8 	 0.03800544537118748 
40.82 	 0.03711355616217386 
40.84 	 0.03624077350400749 
40.86 	 0.03538689372722493 
40.88 	 0.034603217123233394 
40.9 	 0.03388772091125199 
40.92 	 0.03327897007452203 
40.94 	 0.03277331649418125 
40.96 	 0.0323944815102047 
40.98 	 0.032138195313026176 
41.0 	 0.03201315925685292 
41.02 	 0.03201476783992451 
41.04 	 0.0321366061344823 
41.06 	 0.03237259629810028 
41.08 	 0.03270107248065388 
41.1 	 0.03311268493090285 
41.12 	 0.03357203103182723 
41.14 	 0.03406568953473989 
41.16 	 0.03454974520066235 
41.18 	 0.03500818944490536 
41.2 	 0.03539803277539435 
41.22 	 0.03570435344185554 
41.24 	 0.0358966008081683 
41.26 	 0.03596530531735349 
41.28 	 0.03590178002552505 
41.3 	 0.035705005325612785 
41.32 	 0.03539141537296743 
41.34 	 0.03496854006946382 
41.36 	 0.03447333189229928 
41.38 	 0.033918784152152506 
41.4 	 0.033351549398457 
41.42 	 0.0327848173277068 
41.44 	 0.03226190025288345 
41.46 	 0.0317905027253925 
41.48 	 0.031399638575389806 
41.5 	 0.03108723344016078 
41.52 	 0.030862154047854362 
41.54 	 0.030710955414823736 
41.56 	 0.030622918389525664 
41.58 	 0.030574928217644404 
41.6 	 0.030543393579737885 
41.62 	 0.03050026419332115 
41.64 	 0.030420168587542564 
41.66 	 0.030276685673615234 
41.68 	 0.03005479841773206 
41.7 	 0.029736084465501852 
41.72 	 0.029324767419600887 
41.74 	 0.02881430973956542 
41.76 	 0.028230222509950737 
41.78 	 0.027577665673397787 
41.8 	 0.02689771493509027 
41.82 	 0.02620300127231491 
41.84 	 0.025539167006901935 
41.86 	 0.02491991365501266 
41.88 	 0.02438379892530802 
41.9 	 0.023939808473797373 
41.92 	 0.023611298555217056 
41.94 	 0.023399521782100592 
41.96 	 0.023309837629336253 
41.98 	 0.023335956418557142 
42.0 	 0.023467005273750147 
42.02 	 0.02369142291860603 
42.04 	 0.02398643699019847 
42.06 	 0.024337957112948644 
42.08 	 0.024716494315219804 
42.1 	 0.025107615455779497 
42.12 	 0.025480370820324002 
42.14 	 0.025821483140548843 
42.16 	 0.026103721736771997 
42.18 	 0.02631612782850753 
42.2 	 0.026440035685785363 
42.22 	 0.02646785870071812 
42.24 	 0.026393212489359847 
42.26 	 0.02621264814187641 
42.28 	 0.025933564203959595 
42.3 	 0.025556717483565076 
42.32 	 0.025101899694830575 
42.34 	 0.024573185194219152 
42.36 	 0.02399875366551845 
42.38 	 0.023384271909679354 
42.4 	 0.022760847874600993 
42.42 	 0.022133592299599786 
42.44 	 0.021531079500993523 
42.46 	 0.020955752471205524 
42.48 	 0.020429327057844244 
42.5 	 0.019949872953793156 
42.52 	 0.019529703071036037 
42.54 	 0.01916156379829048 
42.56 	 0.018847938471156955 
42.58 	 0.01857647366086422 
42.6 	 0.018341691793460894 
42.62 	 0.018127870002923985 
42.64 	 0.01792554957127948 
42.66 	 0.017718736567669688 
42.68 	 0.017499153225605482 
42.7 	 0.017254109605372075 
42.72 	 0.01698113091994004 
42.74 	 0.016673448122222292 
42.76 	 0.016336593787032828 
42.78 	 0.015970130206990465 
42.8 	 0.015586420757022998 
42.82 	 0.015189314510384926 
42.84 	 0.014794112558124939 
42.86 	 0.014405473216426235 
42.88 	 0.014037015237484688 
42.9 	 0.013691020260013427 
42.92 	 0.013376205470273803 
42.94 	 0.01309096170040884 
42.96 	 0.012838354410357562 
42.98 	 0.012613322529998399 
43.0 	 0.012414637023363345 
43.02 	 0.012235413321529174 
43.04 	 0.012072364464081223 
43.06 	 0.011918489706007488 
43.08 	 0.011770380846901962 
43.1 	 0.01162197329237561 
43.12 	 0.011470832043188097 
43.14 	 0.011312126043326765 
43.16 	 0.011144737553069176 
43.18 	 0.010964916942067813 
43.2 	 0.010772811575269745 
43.22 	 0.01056548804135975 
43.24 	 0.010344191093901353 
43.26 	 0.010106602839870311 
43.28 	 0.009854911561128629 
43.3 	 0.009587342229978835 
43.32 	 0.009306951945739916 
43.34 	 0.009012599669591745 
43.36 	 0.008708246069632629 
43.38 	 0.008393607023847866 
43.4 	 0.008073594413577358 
43.42 	 0.007748934687684475 
43.44 	 0.007425285644610635 
43.46 	 0.007104148306335446 
43.48 	 0.0067912141779099934 
43.5 	 0.006487966168386905 
43.52 	 0.006198981060771733 
43.54 	 0.0059246312449264685 
43.56 	 0.005667309712744264 
43.58 	 0.005425513637592539 
43.6 	 0.005199137699874433 
43.62 	 0.004984935697993859 
43.64 	 0.00478106421538635 
43.66 	 0.0045836038465995555 
43.68 	 0.004390468801821553 
43.7 	 0.004198502492775604 
43.72 	 0.004006800762167046 
43.74 	 0.00381397250045349 
43.76 	 0.0036209169452876724 
43.78 	 0.003428094980852862 
43.8 	 0.003237837797984756 
43.82 	 0.003051734519869809 
43.84 	 0.002872574983133141 
43.86 	 0.002702072601995403 
43.88 	 0.002542524253696048 
43.9 	 0.0023950272181523786 
43.92 	 0.0022608871207964254 
43.94 	 0.0021403440057319143 
43.96 	 0.0020337156219024095 
43.98 	 0.001940533517732772 
44.0 	 0.0018604045580064247 
44.02 	 0.0017924280642046672 
44.04 	 0.001735791456405968 
44.06 	 0.0016893754628688029 
44.08 	 0.0016521408168874087 
44.1 	 0.0016228771999612637 
44.12 	 0.0016004545462570542 
44.14 	 0.0015836915077287136 
44.16 	 0.0015715258500677268 
44.18 	 0.001562965915012385 
44.2 	 0.001557197538746171 
44.22 	 0.0015535652944236248 
44.24 	 0.0015516103667068903 
44.26 	 0.001551038286602647 
44.28 	 0.001551691571583699 
44.3 	 0.0015534999400000718 
44.32 	 0.0015564196781538983 
44.34 	 0.001560400058906442 
44.36 	 0.0015653343989656687 
44.38 	 0.0015710776266508932 
44.4 	 0.0015774317745660975 
44.42 	 0.0015842126979746592 
44.44 	 0.0015912518692308378 
44.46 	 0.0015984719233031264 
44.48 	 0.0016058651534664365 
44.5 	 0.0016135371726905651 
44.52 	 0.0016216407572563077 
44.54 	 0.0016303858985131307 
44.56 	 0.001639946470872382 
44.58 	 0.001650475110145694 
44.6 	 0.0016620204285388007 
44.62 	 0.0016745876200747077 
44.64 	 0.0016880859998644917 
44.66 	 0.001702440104847863 
44.68 	 0.001717549646965127 
44.7 	 0.0017334176153572258 
44.72 	 0.001750083865660576 
44.74 	 0.0017677332884326648 
44.76 	 0.0017865786465504586 
44.78 	 0.0018069454822552317 
44.8 	 0.0018291131055987282 
44.82 	 0.0018534106175270705 
44.84 	 0.0018800431839477395 
44.86 	 0.0019092399271554222 
44.88 	 0.0019410773406947233 
44.9 	 0.0019756907789097717 
44.92 	 0.0020130726818708305 
44.94 	 0.0020533252144909046 
44.96 	 0.002096391322340382 
44.98 	 0.00214232105767433 
45.0 	 0.0021909089366093145 
45.02 	 0.0022419752636982015 
45.04 	 0.0022949236544082784 
45.06 	 0.0023490716565126623 
45.08 	 0.0024031796304122294 
45.1 	 0.002455866306888255 
45.12 	 0.002505176535162903 
45.14 	 0.002549076354522167 
45.16 	 0.002585126625275219 
45.18 	 0.0026109888540018556 
45.2 	 0.002624266018359676 
45.22 	 0.002622896956246514 
45.24 	 0.0026052135292830847 
45.26 	 0.002570082822790461 
45.28 	 0.002517198556540588 
45.3 	 0.0024468595098601402 
45.32 	 0.002360461217087881 
45.34 	 0.002259877200458049 
45.36 	 0.0021480682259656116 
45.38 	 0.0020281430066366665 
45.4 	 0.0019039895113089095 
45.42 	 0.0017791923718069992 
45.44 	 0.001657622677028566 
45.46 	 0.0015424294077488539 
45.48 	 0.0014365723450005523 
45.5 	 0.001342058880523302 
45.52 	 0.0012604290319965237 
45.54 	 0.0011923013241591268 
45.56 	 0.0011378066542520192 
45.58 	 0.0010963982191537667 
45.6 	 0.0010672063437499055 
45.62 	 0.0010490111960411652 
45.64 	 0.00104048592306894 
45.66 	 0.001040238637455504 
45.68 	 0.0010469332625292322 
45.7 	 0.001059349701151226 
45.72 	 0.0010764002224196397 
45.74 	 0.001097194738076172 
45.76 	 0.0011209829326087523 
45.78 	 0.0011472263040273021 
45.8 	 0.0011754892687316667 
45.82 	 0.0012055177329417363 
45.84 	 0.0012370892182616226 
45.86 	 0.0012700950775812174 
45.88 	 0.0013043536142179595 
45.9 	 0.0013396979319206632 
45.92 	 0.001375761111990067 
45.94 	 0.0014120814806695512 
45.96 	 0.0014478821294940727 
45.98 	 0.0014822120429542934 
46.0 	 0.0015137576617283712 
46.02 	 0.0015410327192455031 
46.04 	 0.0015622685655563827 
46.06 	 0.0015756408359280769 
46.08 	 0.0015792778978514267 
46.1 	 0.0015714715194588046 
46.12 	 0.001550814804945423 
46.14 	 0.001516307041732469 
46.16 	 0.0014675928692773933 
46.18 	 0.0014048697657183214 
46.2 	 0.00132916951997731 
46.22 	 0.0012420288800025772 
46.24 	 0.0011457517006667872 
46.26 	 0.0010428918710429628 
46.28 	 0.0009364621563035353 
46.3 	 0.0008293548399587504 
46.32 	 0.0007245028994375276 
46.34 	 0.0006243817428378829 
46.36 	 0.0005311534489051162 
46.38 	 0.00044634446981323817 
46.4 	 0.0003709999120018266 
46.42 	 0.000305551070488569 
46.44 	 0.0002499823606158505 
46.46 	 0.00020383633735793382 
46.48 	 0.0001663726718991615 
46.5 	 0.00013663445018969982 
46.52 	 0.00011357289252045089 
46.54 	 9.611384552315367e-05 
46.56 	 8.323381091749286e-05 
46.58 	 7.399761101731872e-05 
46.6 	 6.758893556905292e-05 
46.62 	 6.331772940835798e-05 
46.64 	 6.0620184692870006e-05 
46.66 	 5.9047766727370266e-05 
46.68 	 5.825341917568113e-05 
46.7 	 5.7974985594761604e-05 
46.72 	 5.8019468902523676e-05 
46.74 	 5.824854047081487e-05 
46.76 	 5.85662450372096e-05 
46.78 	 5.8908997749010466e-05 
46.8 	 5.9237555825332357e-05 
46.82 	 5.9530873299337814e-05 
46.84 	 5.9781189786590444e-05 
46.86 	 5.999026457387123e-05 
46.88 	 6.0166212271141345e-05 
46.9 	 6.03209344375423e-05 
46.92 	 6.0467798107526996e-05 
46.94 	 6.0619639378806556e-05 
46.96 	 6.078689635570525e-05 
46.98 	 6.0976010892095935e-05 
47.0 	 6.11879873901016e-05 
47.02 	 6.1417313238885e-05 
47.04 	 6.165114814767498e-05 
47.06 	 6.186905108588875e-05 
47.08 	 6.204313199265781e-05 
47.1 	 6.213889811496812e-05 
47.12 	 6.211665443922896e-05 
47.14 	 6.193359061409435e-05 
47.16 	 6.154642465815544e-05 
47.18 	 6.091441645564108e-05 
47.2 	 6.0002729405434915e-05 
47.22 	 5.878550726269994e-05 
47.24 	 5.724890769751308e-05 
47.26 	 5.53930169137053e-05 
47.28 	 5.323334932962087e-05 
47.3 	 5.080054179386396e-05 
47.32 	 4.813955906599652e-05 
47.34 	 4.530689790727099e-05 
47.36 	 4.236768447348665e-05 
47.38 	 3.939121116057627e-05 
47.4 	 3.64470903870431e-05 
47.42 	 3.360071259928146e-05 
47.44 	 3.091006147296511e-05 
47.46 	 2.842268380006255e-05 
47.48 	 2.6174396517585642e-05 
47.5 	 2.418861943837012e-05 
47.52 	 2.2477302691938346e-05 
47.54 	 2.104245649518811e-05 
47.56 	 1.9878787124924943e-05 
47.58 	 1.897661269155044e-05 
47.6 	 1.832531148007711e-05 
47.62 	 1.791675648369073e-05 
47.64 	 1.7748848410560213e-05 
47.66 	 1.7828856405105804e-05 
47.68 	 1.817655986721533e-05 
47.7 	 1.8827009790365585e-05 
47.72 	 1.983271083314626e-05 
47.74 	 2.1265012974925036e-05 
47.76 	 2.3214202614772994e-05 
47.78 	 2.578821278070959e-05 
47.8 	 2.910907417980644e-05 
47.82 	 3.330752702554499e-05 
47.84 	 3.85147003018914e-05 
47.86 	 4.485241722222138e-05 
47.88 	 5.242062731015033e-05 
47.9 	 6.128564233113465e-05 
47.92 	 7.146635551749336e-05 
47.94 	 8.292525692021484e-05 
47.96 	 9.555824714646193e-05 
47.98 	 0.00010919426775330241 
48.0 	 0.00012359300242067913 
48.02 	 0.00013845692289840913 
48.04 	 0.00015343798273101592 
48.06 	 0.00016816120245714318 
48.08 	 0.0001822371336916934 
48.1 	 0.00019529107193086334 
48.12 	 0.00020697522395311533 
48.14 	 0.00021699510877126003 
48.16 	 0.00022511582645712676 
48.18 	 0.00023117862063201783 
48.2 	 0.00023509903196946758 
48.22 	 0.00023687087998307553 
48.24 	 0.00023655809472816804 
48.26 	 0.00023428785017848917 
48.28 	 0.00023024008566610257 
48.3 	 0.0002246339543764414 
48.32 	 0.00021771868981312783 
48.34 	 0.00020975753835501937 
48.36 	 0.00020102178374534622 
48.38 	 0.00019177510788145262 
48.4 	 0.00018227093961476113 
48.42 	 0.0001727390556147274 
48.44 	 0.00016338580771191276 
48.46 	 0.00015438413603747377 
48.48 	 0.00014587629353109377 
48.5 	 0.00013796789287606962 
48.52 	 0.00013073273826377815 
48.54 	 0.00012421073007806114 
48.56 	 0.0001184140876086523 
48.58 	 0.0001133281273645027 
48.6 	 0.00010891787094579427 
48.62 	 0.00010513039467343737 
48.64 	 0.0001019009698043303 
48.66 	 9.915596642911785e-05 
48.68 	 9.681814996046856e-05 
48.7 	 9.480960095774764e-05 
48.72 	 9.305611418370684e-05 
48.74 	 9.148974839040758e-05 
48.76 	 9.005214720201621e-05 
48.78 	 8.8696133533047e-05 
48.8 	 8.738746343860694e-05 
48.82 	 8.610476532494143e-05 
48.84 	 8.483930782201299e-05 
48.86 	 8.359303903453115e-05 
48.88 	 8.237661179190732e-05 
48.9 	 8.120620726702912e-05 
48.92 	 8.010095290775576e-05 
48.94 	 7.907998196414294e-05 
48.96 	 7.816078263261583e-05 
48.98 	 7.735791160077905e-05 
49.0 	 7.668329712405954e-05 
49.02 	 7.614710760605982e-05 
49.04 	 7.575983581016987e-05 
49.06 	 7.553455895663171e-05 
49.08 	 7.548949512429375e-05 
49.1 	 7.565004565859387e-05 
49.12 	 7.605011998011045e-05 
49.14 	 7.673243863118008e-05 
49.16 	 7.774743684556828e-05 
49.18 	 7.915123972776839e-05 
49.2 	 8.100207012119716e-05 
49.22 	 8.335653332684468e-05 
49.24 	 8.626454417179867e-05 
49.26 	 8.976547533132952e-05 
49.28 	 9.388315990587467e-05 
49.3 	 9.862364971840688e-05 
49.32 	 0.00010397162478572234 
49.34 	 0.00010989093768562147 
49.36 	 0.00011632289030371388 
49.38 	 0.00012318967570250112 
49.4 	 0.00013039392033169407 
49.42 	 0.00013782406750264 
49.44 	 0.00014535391038540294 
49.46 	 0.0001528485174908245 
49.48 	 0.0001601627115499952 
49.5 	 0.0001671466240111191 
49.52 	 0.0001736432609627746 
49.54 	 0.0001794939263626361 
49.56 	 0.00018453646227967286 
49.58 	 0.00018861168399865133 
49.6 	 0.00019156450385733 
49.62 	 0.00019325222295593102 
49.64 	 0.0001935498050815062 
49.66 	 0.00019235920658230112 
49.68 	 0.00018961787077345868 
49.7 	 0.0001853062047550381 
49.72 	 0.00017945617461490398 
49.74 	 0.00017215303756152356 
49.76 	 0.0001635401247913147 
49.78 	 0.0001538119794248541 
49.8 	 0.00014321264813577054 
49.82 	 0.00013202022414277495 
49.84 	 0.00012053873089484339 
49.86 	 0.00010907743227539374 
49.88 	 9.793936043213181e-05 
49.9 	 8.74009883475021e-05 
49.92 	 7.770215326797026e-05 
49.94 	 6.903167861234452e-05 
49.96 	 6.152296479945773e-05 
49.98 	 5.524885542853361e-05 
50.0 	 5.022472964471737e-05 
50.02 	 4.641241452381468e-05 
50.04 	 4.3729459448145566e-05 
50.06 	 4.2058889108307624e-05 
50.08 	 4.126109605218082e-05 
50.1 	 4.118499267941689e-05 
50.12 	 4.1678650414429675e-05 
50.14 	 4.259821875907584e-05 
50.16 	 4.38148633919232e-05 
50.18 	 4.521983061267316e-05 
50.2 	 4.6727243294713526e-05 
50.22 	 4.827556481022122e-05 
50.24 	 4.9827177509909274e-05 
50.26 	 5.1367306988010646e-05 
50.28 	 5.2901499549577384e-05 
50.3 	 5.445286380211909e-05 
50.32 	 5.605806295038567e-05 
50.34 	 5.776327696751531e-05 
50.36 	 5.961904174932471e-05 
50.38 	 6.167541925453981e-05 
50.4 	 6.397638853223171e-05 
50.42 	 6.655536422354759e-05 
50.44 	 6.943047348880482e-05 
50.46 	 7.26020215840562e-05 
50.48 	 7.605009005303539e-05 
50.5 	 7.973518274241064e-05 
50.52 	 8.359881121399277e-05 
50.54 	 8.756745728975772e-05 
50.56 	 9.155570079549446e-05 
50.58 	 9.54725171519773e-05 
50.6 	 9.922571714610967e-05 
50.62 	 0.00010272897947387184 
50.64 	 0.00010590608860985486 
50.66 	 0.00010869689773406717 
50.68 	 0.00011105982688981736 
50.7 	 0.00011297502739933886 
50.72 	 0.00011444388458075 
50.74 	 0.00011548832195021165 
50.76 	 0.00011614706412418846 
50.78 	 0.00011647157502051469 
50.8 	 0.00011652051893351023 
50.82 	 0.00011635460700838983 
50.84 	 0.0001160319077417456 
50.86 	 0.00011560438979571308 
50.88 	 0.00011511614880266718 
50.9 	 0.00011460289348736704 
50.92 	 0.00011409293549854831 
50.94 	 0.00011360845287355547 
50.96 	 0.00011316716202010302 
50.98 	 0.000112783175537056 
51.0 	 0.00011246750323927393 
51.02 	 0.00011222763008561086 
51.04 	 0.00011206704362389753 
51.06 	 0.00011198474134822474 
51.08 	 0.00011197550106657659 
51.1 	 0.00011203095733809107 
51.12 	 0.00011214155643930801 
51.14 	 0.00011229905542197433 
51.16 	 0.00011249889615271938 
51.18 	 0.00011274202335579748 
51.2 	 0.00011303536524608189 
51.22 	 0.00011339110012242901 
51.24 	 0.00011382441691326236 
51.26 	 0.00011435075322240737 
51.28 	 0.00011498258234982542 
51.3 	 0.0001157272201711035 
51.32 	 0.00011658533389805463 
51.34 	 0.00011755148832222078 
51.36 	 0.00011861541390716401 
51.38 	 0.00011976501221190491 
51.4 	 0.0001209889033218893 
51.42 	 0.00012227965510898958 
51.44 	 0.00012363526555683719 
51.46 	 0.00012506070408765282 
51.48 	 0.00012656730822295373 
51.5 	 0.00012817260501336552 
51.52 	 0.00012989837469832525 
51.54 	 0.0001317699441152942 
51.56 	 0.00013381397653561413 
51.58 	 0.00013605789727003917 
51.6 	 0.0001385273020201615 
51.62 	 0.00014124491100717977 
51.64 	 0.00014422655678736078 
51.66 	 0.00014747887553986908 
51.68 	 0.0001509934972589669 
51.7 	 0.00015474406239797866 
51.72 	 0.00015868004824160802 
51.74 	 0.0001627253726021318 
51.76 	 0.00016677457295853593 
51.78 	 0.0001706955637941422 
51.8 	 0.00017433047181614095 
51.82 	 0.00017750359442176956 
51.84 	 0.0001800273757547831 
51.86 	 0.00018171421707980376 
51.88 	 0.00018238607177593883 
51.9 	 0.00018188685823428453 
51.92 	 0.00018009293888050752 
51.94 	 0.00017692226921712552 
51.96 	 0.00017234285766701233 
51.98 	 0.00016637548525825675 
52.0 	 0.0001590978860028973 
52.02 	 0.00015063954311666464 
52.04 	 0.00014118056633570308 
52.06 	 0.00013093928007246636 
52.08 	 0.00012016642209162775 
52.1 	 0.00010912843806987422 
52.12 	 9.80993114443268e-05 
52.14 	 8.734390247304983e-05 
52.16 	 7.71107297375703e-05 
52.18 	 6.761961749900247e-05 
52.2 	 5.905836828949058e-05 
52.22 	 5.157718541601657e-05 
52.24 	 4.529030715879489e-05 
52.26 	 4.027680366110944e-05 
52.28 	 3.6585713959573004e-05 
52.3 	 3.424022754795613e-05 
52.32 	 3.324308379985879e-05 
52.34 	 3.358023209843991e-05 
52.36 	 3.522337132303453e-05 
52.38 	 3.813058586285308e-05 
52.4 	 4.224504033651465e-05 
52.42 	 4.7493125681159626e-05 
52.44 	 5.3781346039829046e-05 
52.46 	 6.0995438881417694e-05 
52.48 	 6.899941700830706e-05 
52.5 	 7.76399472424232e-05 
52.52 	 8.675076759168105e-05 
52.54 	 9.616437245607249e-05 
52.56 	 0.00010572165127954082 
52.58 	 0.00011528864370774357 
52.6 	 0.00012476713748394376 
52.62 	 0.0001341105618824101 
52.64 	 0.0001433290548356418 
52.66 	 0.00015249787703201805 
52.68 	 0.0001617515297490837 
52.7 	 0.00017128087911673048 
52.72 	 0.00018131448520733738 
52.74 	 0.00019210528624461946 
52.76 	 0.00020390135142179435 
52.78 	 0.00021692737831415895 
52.8 	 0.00023135015861915892 
52.82 	 0.0002472632691349641 
52.84 	 0.0002646544834163054 
52.86 	 0.0002834036915113699 
52.88 	 0.0003032602623846639 
52.9 	 0.0003238634319527576 
52.92 	 0.00034473603379191214 
52.94 	 0.00036533131360342344 
52.96 	 0.0003850439693090591 
52.98 	 0.00040327696232560765 
53.0 	 0.00041946227088064013 
53.02 	 0.00043312955562272137 
53.04 	 0.00044392204108631303 
53.06 	 0.00045164347122218107 
53.08 	 0.00045625496779650647 
53.1 	 0.0004578835158867533 
53.12 	 0.0004567954404898973 
53.14 	 0.0004533668371762145 
53.16 	 0.0004480433892529129 
53.18 	 0.00044129068774800736 
53.2 	 0.0004335592240287477 
53.22 	 0.00042523930077741404 
53.24 	 0.00041664779831692404 
53.26 	 0.0004080047892724911 
53.28 	 0.0003994467947008306 
53.3 	 0.000391026692035713 
53.32 	 0.00038274497085660395 
53.34 	 0.0003745617932984957 
53.36 	 0.0003664314569187782 
53.38 	 0.0003583123727723035 
53.4 	 0.0003501928239150878 
53.42 	 0.0003420903429951064 
53.44 	 0.0003340648887983923 
53.46 	 0.00032620762502478054 
53.48 	 0.00031864468120686965 
53.5 	 0.0003115207927522175 
53.52 	 0.00030499913353844487 
53.54 	 0.0002992455802573098 
53.56 	 0.0002944280677701685 
53.58 	 0.0002907042537712529 
53.6 	 0.000288220531821214 
53.62 	 0.00028710308263640096 
53.64 	 0.0002874551020872499 
53.66 	 0.0002893508288298234 
53.68 	 0.00029283044123046726 
53.7 	 0.0002978980884808044 
53.72 	 0.0003045155297464922 
53.74 	 0.0003126061219274859 
53.76 	 0.0003220483949278085 
53.78 	 0.000332686823574878 
53.8 	 0.00034432492936298 
53.82 	 0.00035674147596826306 
53.84 	 0.0003696814819219718 
53.86 	 0.0003828756815179274 
53.88 	 0.00039602912443411243 
53.9 	 0.0004088432974883698 
53.92 	 0.0004210051135731867 
53.94 	 0.0004322128618995731 
53.96 	 0.0004421700094890987 
53.98 	 0.0004506148379906008 
54.0 	 0.00045732086623767837 
54.02 	 0.00046212509303645823 
54.04 	 0.0004649312826994557 
54.06 	 0.00046572709339795716 
54.08 	 0.00046458292649625564 
54.1 	 0.0004616493410116574 
54.12 	 0.0004571469033338846 
54.14 	 0.0004513436617959043 
54.16 	 0.00044453937463828804 
54.18 	 0.00043703332860509406 
54.2 	 0.0004291130572362929 
54.22 	 0.00042102726747218934 
54.24 	 0.00041298828326017485 
54.26 	 0.0004051592302928744 
54.28 	 0.000397670674847663 
54.3 	 0.0003906196659590545 
54.32 	 0.00038409117248641077 
54.34 	 0.00037815835360980585 
54.36 	 0.0003728966470428476 
54.38 	 0.00036837622316375273 
54.4 	 0.00036466333975847427 
54.42 	 0.000361805472137718 
54.44 	 0.0003598251699846756 
54.46 	 0.0003587073108418065 
54.48 	 0.0003583963133369399 
54.5 	 0.0003587955346160252 
54.52 	 0.00035977481158765455 
54.54 	 0.000361183683481384 
54.56 	 0.00036286637786607615 
54.58 	 0.00036468023277227757 
54.6 	 0.0003665077274653272 
54.62 	 0.0003682676043417127 
54.64 	 0.00036991445973429544 
54.66 	 0.0003714356236994279 
54.68 	 0.0003728373090909386 
54.7 	 0.00037413084391553367 
54.72 	 0.0003753138235931564 
54.74 	 0.0003763568711566891 
54.76 	 0.0003771918350759283 
54.78 	 0.00037770969475464216 
54.8 	 0.0003777635598920313 
54.82 	 0.0003771805790131541 
54.84 	 0.00037577880481367535 
54.86 	 0.0003733865687027348 
54.88 	 0.00036986493104728383 
54.9 	 0.0003651228075393781 
54.92 	 0.000359134729174813 
54.94 	 0.0003519416370989974 
54.96 	 0.00034365737082772235 
54.98 	 0.0003344520047331663 
55.0 	 0.00032454722383913224 
55.02 	 0.00031418732427383506 
55.04 	 0.0003036296980886287 
55.06 	 0.00029311391736848734 
55.08 	 0.0002828558954724184 
55.1 	 0.0002730253135875704 
55.12 	 0.0002637495526677691 
55.14 	 0.00025510443546268596 
55.16 	 0.00024712813115188373 
55.18 	 0.00023982284257659256 
55.2 	 0.00023317299861762682 
55.22 	 0.0002271503448632162 
55.24 	 0.0002217284596499996 
55.26 	 0.00021688362798659094 
55.28 	 0.00021260045892287723 
55.3 	 0.000208865643428014 
55.32 	 0.00020566534217448786 
55.34 	 0.0002029750676483334 
55.36 	 0.00020075463218534748 
55.38 	 0.00019894080872592807 
55.4 	 0.00019744669734340656 
55.42 	 0.000196162406470706 
55.44 	 0.00019496224814747048 
55.46 	 0.0001937136008131609 
55.48 	 0.00019228982215833325 
55.5 	 0.00019058211207029766 
55.52 	 0.0001885119687609181 
55.54 	 0.00018603861939117572 
55.56 	 0.00018316463273592332 
55.58 	 0.00017993362638523677 
55.6 	 0.0001764262722450081 
55.62 	 0.00017274821231973836 
55.64 	 0.00016901894666277055 
55.66 	 0.00016535514897570764 
55.68 	 0.0001618587810464143 
55.7 	 0.00015860334944107118 
55.72 	 0.00015562789640207223 
55.74 	 0.00015293195400999647 
55.76 	 0.00015047874956146363 
55.78 	 0.000148199854869471 
55.8 	 0.00014600599382124957 
55.82 	 0.00014379739529236062 
55.84 	 0.00014147682650107206 
55.86 	 0.00013895917222118482 
55.88 	 0.00013618072161677928 
55.9 	 0.00013310266764097244 
55.92 	 0.0001297133508741278 
55.94 	 0.00012602424882845122 
55.96 	 0.00012206606576799347 
55.98 	 0.00011787998622873715 
56.0 	 0.00011351170168575939 
56.02 	 0.00010900282143458471 
56.04 	 0.00010438742321817909 
56.06 	 9.968755696407745e-05 
56.08 	 9.49146826691018e-05 
56.1 	 9.007012738571391e-05 
56.12 	 8.515048968420978e-05 
56.14 	 8.015085245390514e-05 
56.16 	 7.507102411691304e-05 
56.18 	 6.99181284086647e-05 
56.2 	 6.471057308525919e-05 
56.22 	 5.9477703979518776e-05 
56.24 	 5.426020709879137e-05 
56.26 	 4.9106718497798144e-05 
56.28 	 4.4071492943957584e-05 
56.3 	 3.92096174543245e-05 
56.32 	 3.457392454467735e-05 
56.34 	 3.0210857631688188e-05 
56.36 	 2.6158390045790658e-05 
56.38 	 2.2443823831866565e-05 
56.4 	 1.908346778543588e-05 
56.42 	 1.6082502345408915e-05 
56.44 	 1.343614659659617e-05 
56.46 	 1.113093800736032e-05 
56.48 	 9.14662782174269e-06 
56.5 	 7.457960467379683e-06 
56.52 	 6.036575164330183e-06 
56.54 	 4.852604954161047e-06 
56.56 	 3.8761068229658475e-06 
56.58 	 3.0781629881084816e-06 
56.6 	 2.431721586398926e-06 
56.62 	 1.9121447348456728e-06 
56.64 	 1.4974740282014548e-06 
56.66 	 1.1686254073018458e-06 
56.68 	 9.091845538638788e-07 
56.7 	 7.054877617219577e-07 
56.72 	 5.460823238434999e-07 
56.74 	 4.2166600217911665e-07 
56.76 	 3.248487317054218e-07 
56.78 	 2.495666477746401e-07 
56.8 	 1.911186477300623e-07 
56.82 	 1.4581073664710615e-07 
56.84 	 1.1076084336130698e-07 
56.86 	 8.363255977870393e-08 
56.88 	 6.27797080068019e-08 
56.9 	 4.712160915387242e-08 
56.92 	 3.494632065164618e-08 
56.94 	 2.5809568279517847e-08 
56.96 	 1.8250120749944284e-08 
56.98 	 1.2904784139758924e-08 
57.0 	 1.0536712127723509e-08 
57.02 	 7.450580596923828e-09 
57.04 	 0.0 
57.06 	 0.0 
57.08 	 0.0 
57.1 	 0.0 
57.12 	 0.0 
57.14 	 0.0 
57.16 	 0.0 
57.18 	 0.0 
57.2 	 0.0 
57.22 	 0.0 
57.24 	 0.0 
57.26 	 0.0 
57.28 	 0.0 
57.3 	 0.0 
57.32 	 0.0 
57.34 	 0.0 
57.36 	 0.0 
57.38 	 0.0 
57.4 	 0.0 
57.42 	 0.0 
57.44 	 0.0 
57.46 	 0.0 
57.48 	 0.0 
57.5 	 0.0 
57.52 	 0.0 
57.54 	 0.0 
57.56 	 0.0 
57.58 	 0.0 
57.6 	 0.0 
57.62 	 0.0 
57.64 	 0.0 
57.66 	 0.0 
57.68 	 0.0 
57.7 	 0.0 
57.72 	 0.0 
57.74 	 0.0 
57.76 	 0.0 
57.78 	 0.0 
57.8 	 0.0 
57.82 	 0.0 
57.84 	 0.0 
57.86 	 0.0 
57.88 	 0.0 
57.9 	 0.0 
57.92 	 0.0 
57.94 	 0.0 
57.96 	 0.0 
57.98 	 0.0 
58.0 	 0.0 
58.02 	 0.0 
58.04 	 0.0 
58.06 	 0.0 
58.08 	 0.0 
58.1 	 0.0 
58.12 	 0.0 
58.14 	 0.0 
58.16 	 0.0 
58.18 	 0.0 
58.2 	 0.0 
58.22 	 0.0 
58.24 	 0.0 
58.26 	 0.0 
58.28 	 0.0 
58.3 	 0.0 
58.32 	 0.0 
58.34 	 0.0 
58.36 	 0.0 
58.38 	 0.0 
58.4 	 0.0 
58.42 	 0.0 
58.44 	 0.0 
58.46 	 0.0 
58.48 	 0.0 
58.5 	 0.0 
58.52 	 0.0 
58.54 	 0.0 
58.56 	 0.0 
58.58 	 0.0 
58.6 	 0.0 
58.62 	 0.0 
58.64 	 0.0 
58.66 	 0.0 
58.68 	 0.0 
58.7 	 0.0 
58.72 	 0.0 
58.74 	 0.0 
58.76 	 0.0 
58.78 	 0.0 
58.8 	 0.0 
58.82 	 0.0 
58.84 	 0.0 
58.86 	 0.0 
58.88 	 0.0 
58.9 	 0.0 
58.92 	 0.0 
58.94 	 0.0 
58.96 	 0.0 
58.98 	 0.0 
59.0 	 0.0 
59.02 	 0.0 
59.04 	 0.0 
59.06 	 0.0 
59.08 	 0.0 
59.1 	 0.0 
59.12 	 0.0 
59.14 	 0.0 
59.16 	 0.0 
59.18 	 0.0 
59.2 	 0.0 
59.22 	 0.0 
59.24 	 0.0 
59.26 	 0.0 
59.28 	 0.0 
59.3 	 0.0 
59.32 	 0.0 
59.34 	 0.0 
59.36 	 0.0 
59.38 	 0.0 
59.4 	 0.0 
59.42 	 0.0 
59.44 	 0.0 
59.46 	 0.0 
59.48 	 0.0 
59.5 	 0.0 
59.52 	 0.0 
59.54 	 0.0 
59.56 	 0.0 
59.58 	 0.0 
59.6 	 0.0 
59.62 	 0.0 
59.64 	 0.0 
59.66 	 0.0 
59.68 	 0.0 
59.7 	 0.0 
59.72 	 0.0 
59.74 	 0.0 
59.76 	 0.0 
59.78 	 0.0 
59.8 	 0.0 
59.82 	 0.0 
59.84 	 0.0 
59.86 	 0.0 
59.88 	 0.0 
59.9 	 0.0 
59.92 	 0.0 
59.94 	 0.0 
59.96 	 0.0 
59.98 	 0.0 
