0.0 	 0.003752305662025604 
0.02 	 0.0034887652609962815 
0.04 	 0.0033854145427496462 
0.06 	 0.0032773587233269866 
0.08 	 0.0032201506760044067 
0.1 	 0.003155354320512098 
0.12 	 0.0031142166207218545 
0.14 	 0.0030716474861180797 
0.16 	 0.003042577489799864 
0.18 	 0.003016104953954614 
0.2 	 0.002998149552214457 
0.22 	 0.0029835054688167302 
0.24 	 0.0029750183626331287 
0.26 	 0.002967734226820722 
0.28 	 0.0029658191198294465 
0.3 	 0.0029614096991210886 
0.32 	 0.002962440424727473 
0.34 	 0.002957157454304905 
0.36 	 0.00295764746425866 
0.38 	 0.002949172965030686 
0.4 	 0.002946606606328027 
0.42 	 0.0029344089596401663 
0.44 	 0.002927811959147869 
0.46 	 0.002913069404310554 
0.48 	 0.00290318213057053 
0.5 	 0.0028882868590323807 
0.52 	 0.0028772732010193557 
0.54 	 0.0028650212506997038 
0.56 	 0.0028557561979448433 
0.58 	 0.002848422018778482 
0.6 	 0.0028435472336084022 
0.62 	 0.0028421050839028956 
0.64 	 0.0028431481941539973 
0.66 	 0.0028468838575174075 
0.68 	 0.0028537257144461395 
0.7 	 0.002860365211336348 
0.72 	 0.0028712090475752506 
0.74 	 0.0028775224340908544 
0.76 	 0.002889348841290107 
0.78 	 0.0028920424039721175 
0.8 	 0.00290140660186919 
0.82 	 0.00289804322653907 
0.84 	 0.002902006421633279 
0.86 	 0.0028916935035156743 
0.88 	 0.002888650547902405 
0.9 	 0.002872291393028519 
0.92 	 0.002862448851187499 
0.94 	 0.0028424587322892943 
0.96 	 0.002827764928940069 
0.98 	 0.0028073033034999475 
1.0 	 0.0027907833779671665 
1.02 	 0.002772728661192692 
1.04 	 0.0027574205100984518 
1.06 	 0.002743452727502411 
1.08 	 0.002731358192625335 
1.1 	 0.002721523897346308 
1.12 	 0.002713026251013976 
1.14 	 0.00270597872055607 
1.16 	 0.002699970710743355 
1.18 	 0.0026937662943655595 
1.2 	 0.0026883910574912666 
1.22 	 0.0026814545577671565 
1.24 	 0.0026750822290425185 
1.26 	 0.0026668920721670533 
1.28 	 0.0026588766571632697 
1.3 	 0.0026500882777513004 
1.32 	 0.0026409861063268142 
1.34 	 0.002632999203260157 
1.36 	 0.002624202930550679 
1.38 	 0.0026184349425598125 
1.4 	 0.0026114582479764797 
1.42 	 0.0026086981615562393 
1.44 	 0.00260449654498615 
1.46 	 0.0026046339109078867 
1.48 	 0.002603283356826282 
1.5 	 0.002605483207270604 
1.52 	 0.0026063068198089226 
1.54 	 0.0026094643640618307 
1.56 	 0.0026114524065062403 
1.58 	 0.0026146514989479983 
1.6 	 0.0026169079380295203 
1.62 	 0.00261966856633197 
1.64 	 0.0026216712740802913 
1.66 	 0.0026239314538848762 
1.68 	 0.0026255411575346406 
1.7 	 0.0026274639598994447 
1.72 	 0.002628756449762974 
1.74 	 0.002630512571361181 
1.76 	 0.002631573968245189 
1.78 	 0.0026332213190746892 
1.8 	 0.0026340282823959097 
1.82 	 0.0026355319270225963 
1.84 	 0.0026359684026844203 
1.86 	 0.0026373236405018803 
1.88 	 0.0026373059381718162 
1.9 	 0.002638678189316414 
1.92 	 0.0026383056657390456 
1.94 	 0.002640098578362801 
1.96 	 0.002639737592210417 
1.98 	 0.00264254253577176 
2.0 	 0.0026427889510767764 
2.02 	 0.0026472342094087313 
2.04 	 0.0026487666267652156 
2.06 	 0.0026553395469877954 
2.08 	 0.0026587356793346777 
2.1 	 0.0026676639653651873 
2.12 	 0.0026732694593910745 
2.14 	 0.0026845099812372666 
2.16 	 0.002692411737115741 
2.18 	 0.002705731658396017 
2.2 	 0.0027158233610949513 
2.22 	 0.002730912373577298 
2.24 	 0.0027429938057645163 
2.26 	 0.002759545994533063 
2.28 	 0.002773397142394607 
2.3 	 0.002791138194712037 
2.32 	 0.002806544493305516 
2.34 	 0.002825220804210881 
2.36 	 0.002841964008554003 
2.38 	 0.00286132638884501 
2.4 	 0.0028791703368336603 
2.42 	 0.002898974461618515 
2.44 	 0.002917665623017212 
2.46 	 0.002937692744501666 
2.48 	 0.002956979754462768 
2.5 	 0.0029770720572091553 
2.52 	 0.0029967418374988427 
2.54 	 0.0030168481253357478 
2.56 	 0.0030367780375319085 
2.58 	 0.003057005654411443 
2.6 	 0.0030772296649208297 
2.62 	 0.0030978897894735576 
2.64 	 0.0031186650600402615 
2.66 	 0.003140287077414905 
2.68 	 0.003162133537649832 
2.7 	 0.0031854245240810933 
2.72 	 0.003209109382669578 
2.74 	 0.0032348530429934697 
2.76 	 0.003261311074959783 
2.78 	 0.003290224950033929 
2.8 	 0.0033204305943703746 
2.82 	 0.0033530096057476457 
2.84 	 0.0033878251643679248 
2.86 	 0.0034241840030761403 
2.88 	 0.003464189585094105 
2.9 	 0.003503893618351315 
2.92 	 0.0035491786268096806 
2.94 	 0.0035910587110420016 
2.96 	 0.0036409608075020244 
2.98 	 0.003682962634063016 
3.0 	 0.003735801670662726 
3.02 	 0.0037749976840196963 
3.04 	 0.003827943263099277 
3.06 	 0.003860860940836535 
3.08 	 0.003910120902190933 
3.1 	 0.003933449299317017 
3.12 	 0.003974903358812552 
3.14 	 0.003986445064622407 
3.16 	 0.004016666903739376 
3.18 	 0.004016215643391768 
3.2 	 0.00403360242374378 
3.22 	 0.004023374894597243 
3.24 	 0.004028953879773404 
3.26 	 0.0040133305800932675 
3.28 	 0.004010842945289538 
3.3 	 0.003995415647759511 
3.32 	 0.003990519830401622 
3.34 	 0.003980699410262907 
3.36 	 0.003979501907983234 
3.38 	 0.003979114632223334 
3.4 	 0.003986533431213758 
3.42 	 0.00399685626675614 
3.44 	 0.004015380468150322 
3.46 	 0.004034917552967659 
3.48 	 0.004064132833280046 
3.5 	 0.004089176099293515 
3.52 	 0.0041261203619155865 
3.54 	 0.004151876860281772 
3.56 	 0.0041920306977727894 
3.58 	 0.004213928495503299 
3.6 	 0.0042524931493810045 
3.62 	 0.004267239078004156 
3.64 	 0.004300298107793052 
3.66 	 0.004306362147622201 
3.68 	 0.004331559210133147 
3.7 	 0.004328982942749079 
3.72 	 0.004345512062747093 
3.74 	 0.004335221061317954 
3.76 	 0.0043432228967674865 
3.78 	 0.0043262511040350615 
3.8 	 0.0043260241890644546 
3.82 	 0.0043030957920660185 
3.84 	 0.004294651320808901 
3.86 	 0.004266345546328515 
3.88 	 0.004249618804687936 
3.9 	 0.00421696702618108 
3.92 	 0.004192551528288635 
3.94 	 0.004157625674778322 
3.96 	 0.004127519322546304 
3.98 	 0.004093565169484947 
4.0 	 0.004061379576512501 
4.02 	 0.004032325519079871 
4.04 	 0.004002738803234133 
4.06 	 0.0039822791119110195 
4.08 	 0.003959973189796897 
4.1 	 0.003950644645292741 
4.12 	 0.0039392293465226515 
4.14 	 0.003941840778294605 
4.16 	 0.003943164377016144 
4.18 	 0.003956677598445432 
4.2 	 0.003970598014889235 
4.22 	 0.003992329101624329 
4.24 	 0.004016779254285641 
4.26 	 0.004042770342486798 
4.28 	 0.004073975700429171 
4.3 	 0.004099533702980387 
4.32 	 0.0041324369874509255 
4.34 	 0.004152934838698093 
4.36 	 0.004182005204708521 
4.38 	 0.0041939416280813895 
4.4 	 0.004214428182399544 
4.42 	 0.004216502037873987 
4.44 	 0.004225880497391408 
4.46 	 0.00421965390004103 
4.48 	 0.004218719586137578 
4.5 	 0.004208473361859327 
4.52 	 0.004201483609351909 
4.54 	 0.004193122389306703 
4.56 	 0.004186697795421263 
4.58 	 0.00418594555831958 
4.6 	 0.0041869940828801215 
4.62 	 0.004197473355443959 
4.64 	 0.004210891278821461 
4.66 	 0.004232806608432027 
4.68 	 0.004259822730547619 
4.7 	 0.004289758743803383 
4.72 	 0.004327472467507874 
4.74 	 0.004359365142298806 
4.76 	 0.004401531803434533 
4.78 	 0.004428433339911484 
4.8 	 0.0044671654432584616 
4.82 	 0.004483203666083244 
4.84 	 0.004511084486069736 
4.86 	 0.00451304450881432 
4.88 	 0.0045251114573023965 
4.9 	 0.0045132446049402425 
4.92 	 0.004508318840926028 
4.94 	 0.0044862120193948744 
4.96 	 0.004467166824722738 
4.98 	 0.004440742464696337 
5.0 	 0.004413596079333524 
5.02 	 0.004389549627549049 
5.04 	 0.0043616997076464945 
5.06 	 0.004345871289587953 
5.08 	 0.004324143999447617 
5.1 	 0.004320353769475146 
5.12 	 0.004309581138162573 
5.14 	 0.0043192563661671535 
5.16 	 0.004321778896546979 
5.18 	 0.004344340476409838 
5.2 	 0.004360364570266992 
5.22 	 0.004394026412607911 
5.24 	 0.004422424910283566 
5.26 	 0.004464962246969998 
5.28 	 0.004504034029574808 
5.3 	 0.004553211889940634 
5.32 	 0.004601078042411021 
5.34 	 0.004654687638182281 
5.36 	 0.004709272018113901 
5.38 	 0.004764960110611532 
5.4 	 0.004823752931721223 
5.42 	 0.004878943659683853 
5.44 	 0.004938879632384181 
5.46 	 0.0049910341033034865 
5.48 	 0.0050487766681687075 
5.5 	 0.005096036544672376 
5.52 	 0.0051487539149693805 
5.54 	 0.005190764826221238 
5.56 	 0.005237192254698946 
5.58 	 0.005275729204926235 
5.6 	 0.005317071354575051 
5.62 	 0.005356090807282217 
5.64 	 0.005396272867422469 
5.66 	 0.005441217826256183 
5.68 	 0.005486222255147908 
5.7 	 0.00554273933619263 
5.72 	 0.005599196162908388 
5.74 	 0.005671733548047383 
5.76 	 0.00574533051099356 
5.78 	 0.0058361817109775635 
5.8 	 0.005930557395058663 
5.82 	 0.006039696163423217 
5.84 	 0.006156190192591568 
5.86 	 0.006281816064834333 
5.88 	 0.006419965427759711 
5.9 	 0.006559322217824733 
5.92 	 0.006717626926558977 
5.94 	 0.0068675971633301814 
5.96 	 0.007044034635259597 
5.98 	 0.007201264671871006 
6.0 	 0.007393295702113167 
6.02 	 0.007553983769521551 
6.04 	 0.007758185751004277 
6.06 	 0.007917924374099272 
6.08 	 0.008129679910681033 
6.1 	 0.008283723044557075 
6.12 	 0.008497411511351206 
6.14 	 0.008641445971463563 
6.16 	 0.008851305124475446 
6.18 	 0.008982430699765788 
6.2 	 0.009183820951578813 
6.22 	 0.009301230049922796 
6.24 	 0.009491697370085102 
6.26 	 0.009596636823529174 
6.28 	 0.00977616214195376 
6.3 	 0.009871116666701402 
6.32 	 0.010041330794239765 
6.34 	 0.010128799267731267 
6.36 	 0.010291545596708486 
6.38 	 0.010373036373858653 
6.4 	 0.010529089311828627 
6.42 	 0.010604856745865289 
6.44 	 0.010753528592533092 
6.46 	 0.010823147593388177 
6.48 	 0.010962972131055857 
6.5 	 0.011026378983853937 
6.52 	 0.01115642996764736 
6.54 	 0.011214854755355072 
6.56 	 0.01133596137779484 
6.58 	 0.011392332972876066 
6.6 	 0.011507634551478983 
6.62 	 0.011566396417434238 
6.64 	 0.011681147209022353 
6.66 	 0.011747737550854731 
6.68 	 0.011868697330978334 
6.7 	 0.011949059254624115 
6.72 	 0.012083951371788573 
6.74 	 0.012184335120606102 
6.76 	 0.012341707537888155 
6.78 	 0.01246880749251869 
6.8 	 0.012658342198053354 
6.82 	 0.012819598417263076 
6.84 	 0.01305264114634489 
6.86 	 0.013256403349149728 
6.88 	 0.013546310327653235 
6.9 	 0.01380153583778318 
6.92 	 0.014163375880795175 
6.94 	 0.014478626706340687 
6.96 	 0.014927851687975658 
6.98 	 0.01530959452827957 
7.0 	 0.015859541583897345 
7.02 	 0.016310131265469652 
7.04 	 0.01696867425751757 
7.06 	 0.017484783467652098 
7.08 	 0.01825101892406528 
7.1 	 0.01882337601429751 
7.12 	 0.019685630384213018 
7.14 	 0.02030049369894942 
7.16 	 0.0212368070433119 
7.18 	 0.021878765349138497 
7.2 	 0.02286013421839416 
7.22 	 0.02351508352160106 
7.24 	 0.024510296454760265 
7.26 	 0.025167182167910595 
7.28 	 0.02614670807123922 
7.3 	 0.026796772446966724 
7.32 	 0.027732961196618333 
7.34 	 0.028365725589890763 
7.36 	 0.02922846209559715 
7.38 	 0.029824839633191588 
7.4 	 0.030575286750472087 
7.42 	 0.031100296849604466 
7.44 	 0.03168819898952214 
7.46 	 0.032088078330539165 
7.48 	 0.03245776663829642 
7.5 	 0.03266721653244124 
7.52 	 0.032773500888983176 
7.54 	 0.03273626241786078 
7.56 	 0.03256582223249939 
7.58 	 0.03226433264741117 
7.6 	 0.03185358566229342 
7.62 	 0.03133325240410075 
7.64 	 0.03077164889921487 
7.66 	 0.030140300765358112 
7.68 	 0.029550825319038066 
7.7 	 0.028944138457818614 
7.72 	 0.028443685615700327 
7.74 	 0.027971192614257075 
7.76 	 0.027628662464357683 
7.78 	 0.027331149119810768 
7.8 	 0.02714568531029789 
7.82 	 0.026984809343986435 
7.84 	 0.02689286285861665 
7.86 	 0.026769983612672802 
7.88 	 0.026671933717302757 
7.9 	 0.02646097748819914 
7.92 	 0.026252233700722525 
7.94 	 0.025835019796114644 
7.96 	 0.0254321618846032 
7.98 	 0.02473097718757443 
8.0 	 0.024090867413706515 
8.02 	 0.02309413307893527 
8.04 	 0.022226666319163306 
8.06 	 0.021000837016469806 
8.08 	 0.019973439362067205 
8.1 	 0.018653352306748135 
8.12 	 0.01758201789893767 
8.14 	 0.016338110139967072 
8.16 	 0.01536273534393323 
8.18 	 0.014356558746988289 
8.2 	 0.013608495303788028 
8.22 	 0.01295715785007198 
8.24 	 0.01253380624188546 
8.26 	 0.012298017521975076 
8.28 	 0.01225375221547598 
8.3 	 0.012447788750621677 
8.32 	 0.012798699345117175 
8.34 	 0.013409525423926724 
8.36 	 0.014143390626167386 
8.38 	 0.01514665793034414 
8.4 	 0.016231679732213594 
8.42 	 0.017598372983987164 
8.44 	 0.018989122608721522 
8.46 	 0.020681783539714945 
8.48 	 0.022324025877807064 
8.5 	 0.024284501713071182 
8.52 	 0.02612077337392625 
8.54 	 0.02825346100231725 
8.56 	 0.030228882787392643 
8.58 	 0.03238488834256275 
8.6 	 0.03444891345553426 
8.62 	 0.03641671021871171 
8.64 	 0.03851332196922901 
8.66 	 0.04002001740243426 
8.68 	 0.04205902181118021 
8.7 	 0.04278495401545149 
8.72 	 0.044594742958409116 
8.74 	 0.044207871922213905 
8.76 	 0.045493259742330074 
8.78 	 0.043725327012349116 
8.8 	 0.044098713015631584 
8.82 	 0.04089953783097772 
8.84 	 0.04007634102857355 
8.86 	 0.035809956314392204 
8.88 	 0.03390156021760945 
8.9 	 0.029333270943711225 
8.92 	 0.026872281627795543 
8.94 	 0.022768650581057752 
8.96 	 0.020339856311644984 
8.98 	 0.017084931752054278 
9.0 	 0.015021852080464235 
9.02 	 0.01262478765948171 
9.04 	 0.011010749154126222 
9.06 	 0.009306989320989384 
9.08 	 0.00809509697121727 
9.1 	 0.006894726259346142 
9.12 	 0.0059984786054899895 
9.14 	 0.005145466226788907 
9.16 	 0.004481620375848957 
9.18 	 0.0038641785968372036 
9.2 	 0.0033668961819455904 
9.22 	 0.0029102170739638386 
9.24 	 0.0025321179094092102 
9.26 	 0.002187662698473642 
9.28 	 0.001896190050671189 
9.3 	 0.001632520216106444 
9.32 	 0.0014055613373617996 
9.34 	 0.0012018710511059439 
9.36 	 0.0010241957797573061 
9.38 	 0.0008662743761846651 
9.4 	 0.0007271478137894319 
9.42 	 0.0006050775384903262 
9.44 	 0.0004968628160017735 
9.46 	 0.00040375267392173185 
9.48 	 0.0003211430693763004 
9.5 	 0.0002523496023436882 
9.52 	 0.00019187368447715498 
9.54 	 0.0001443543395176714 
9.56 	 0.00010389202900774819 
9.58 	 7.553712402882712e-05 
9.6 	 5.372594562827492e-05 
9.62 	 4.2690520058394155e-05 
9.64 	 3.825495335876813e-05 
9.66 	 4.242036271854361e-05 
9.68 	 5.357965557363953e-05 
9.7 	 7.028812314549462e-05 
9.72 	 9.444555164271345e-05 
9.74 	 0.00012058205526493991 
9.76 	 0.00015444492254929098 
9.78 	 0.00018683575405048088 
9.8 	 0.00022696871857869833 
9.82 	 0.00026296778823089187 
9.84 	 0.00030659862381696943 
9.86 	 0.0003446650117646755 
9.88 	 0.0003904358726611038 
9.9 	 0.00043049087953714077 
9.92 	 0.00047886022399966935 
9.94 	 0.0005222735588771154 
9.96 	 0.0005754245243634476 
9.98 	 0.0006246109494915453 
10.0 	 0.0006859191504686392 
10.02 	 0.0007436689852695274 
10.04 	 0.000816913430824845 
10.06 	 0.0008856588531276201 
10.08 	 0.0009741800557110713 
10.1 	 0.0010553896798446347 
10.12 	 0.0011613529121035121 
10.14 	 0.001255184374717427 
10.16 	 0.001379065349680278 
10.18 	 0.001484337272709205 
10.2 	 0.0016247454179790096 
10.22 	 0.0017392388634514151 
10.24 	 0.0018932041880643604 
10.26 	 0.002014266550257011 
10.28 	 0.002178076066705713 
10.3 	 0.0023034580673819676 
10.32 	 0.002473975269589894 
10.34 	 0.00260275485389455 
10.36 	 0.0027788903705378825 
10.38 	 0.00291221633526697 
10.4 	 0.0030959578185969982 
10.42 	 0.0032372505019252996 
10.44 	 0.0034336210755630523 
10.46 	 0.0035879447678364568 
10.48 	 0.0038035925560431284 
10.5 	 0.0039762352376976244 
10.52 	 0.004216944186906573 
10.54 	 0.004411620487801015 
10.56 	 0.004679502333360651 
10.58 	 0.004896697722897694 
10.6 	 0.00518786665902828 
10.62 	 0.005423553217832237 
10.64 	 0.00572676525091318 
10.66 	 0.00597134829717956 
10.68 	 0.006267784554487272 
10.7 	 0.0065051432520420545 
10.72 	 0.006769530685457312 
10.74 	 0.006976596036574295 
10.76 	 0.007180095308782246 
10.78 	 0.007328295196641942 
10.8 	 0.007443596961236324 
10.82 	 0.007503912643156169 
10.84 	 0.007512335022164442 
10.86 	 0.007464598347789913 
10.88 	 0.0073636382598433695 
10.9 	 0.007207570313707254 
10.92 	 0.007015847231399316 
10.94 	 0.006777669468887641 
10.96 	 0.0065335845550426284 
10.98 	 0.006261602642166892 
11.0 	 0.006013767253890483 
11.02 	 0.005762120234036524 
11.04 	 0.005554090815032669 
11.06 	 0.005362684539640609 
11.08 	 0.0052189569398885804 
11.1 	 0.005100891533800968 
11.12 	 0.005021141102270069 
11.14 	 0.004963269056100411 
11.16 	 0.004927270592154357 
11.18 	 0.00490157404290282 
11.2 	 0.004882161523178332 
11.22 	 0.004862043378448039 
11.24 	 0.004840505140989621 
11.26 	 0.00481569544452598 
11.28 	 0.0047929919579867445 
11.3 	 0.004776699976279763 
11.32 	 0.004774976949141459 
11.34 	 0.004798922831351942 
11.36 	 0.00485186428177344 
11.38 	 0.0049511237488003975 
11.4 	 0.005087592637515183 
11.42 	 0.005283557449730841 
11.44 	 0.0055125790058595915 
11.46 	 0.005801948602807704 
11.48 	 0.006105533238931877 
11.5 	 0.006457235661112106 
11.52 	 0.00679282572187887 
11.54 	 0.007150855832951209 
11.56 	 0.0074611173141190725 
11.58 	 0.007752444191256737 
11.6 	 0.007978341971039684 
11.62 	 0.008127102232780101 
11.64 	 0.008220607912053583 
11.66 	 0.008168493677528482 
11.68 	 0.008103017174815381 
11.7 	 0.007830863829077753 
11.72 	 0.007608560272115995 
11.74 	 0.007148872805599955 
11.76 	 0.006802642807826443 
11.78 	 0.006232760062181013 
11.8 	 0.005819206776881303 
11.82 	 0.00523452272347145 
11.84 	 0.004817520452771224 
11.86 	 0.004298663069515835 
11.88 	 0.003930618194924231 
11.9 	 0.003522849078608085 
11.92 	 0.0032330861049052586 
11.94 	 0.002944868887466284 
11.96 	 0.002738625090816033 
11.98 	 0.0025527766525872426 
12.0 	 0.002417620063689861 
12.02 	 0.0023051161507398133 
12.04 	 0.0022198460619618555 
12.06 	 0.0021506861804169927 
12.08 	 0.0020933385102920353 
12.1 	 0.002043355933790634 
12.12 	 0.001996826004532412 
12.14 	 0.0019511188679233132 
12.16 	 0.001906108448929483 
12.18 	 0.001859862365218164 
12.2 	 0.0018154743725642003 
12.22 	 0.00177274358829864 
12.24 	 0.0017353159394777238 
12.26 	 0.0017063591971093217 
12.28 	 0.0016871919212818852 
12.3 	 0.0016851445880024171 
12.32 	 0.0016977649681391663 
12.34 	 0.0017355691138982766 
12.36 	 0.0017932024088251868 
12.38 	 0.0018816642701976664 
12.4 	 0.001995588137485543 
12.42 	 0.0021430886017083303 
12.44 	 0.002322330542554208 
12.46 	 0.0025360760407875716 
12.48 	 0.002788269590588675 
12.5 	 0.0030761919501618865 
12.52 	 0.003408476163828914 
12.54 	 0.0037802380983742306 
12.56 	 0.004198483049071738 
12.58 	 0.004663810110280424 
12.6 	 0.0051689559027180134 
12.62 	 0.005731912704226564 
12.64 	 0.006314006139580762 
12.66 	 0.00696303605158115 
12.68 	 0.007595679824186208 
12.7 	 0.00829154958981755 
12.72 	 0.008930211835986378 
12.74 	 0.00959745183636576 
12.76 	 0.010183310791340484 
12.78 	 0.010713550891994496 
12.8 	 0.011181504643537513 
12.82 	 0.011455616429784023 
12.84 	 0.01174428467735651 
12.86 	 0.01167196735822321 
12.88 	 0.011736450153935929 
12.9 	 0.011298696647972485 
12.92 	 0.011127601651997764 
12.94 	 0.010396543671575218 
12.96 	 0.010025695918222347 
12.98 	 0.009141042395440953 
13.0 	 0.00864733894311229 
13.02 	 0.007758160378000447 
13.04 	 0.007230274991718472 
13.06 	 0.006441616062624024 
13.08 	 0.005948297163579422 
13.1 	 0.005303885022183353 
13.12 	 0.004880283426138273 
13.14 	 0.004377045908138436 
13.16 	 0.00402957457608708 
13.18 	 0.0036418406397564574 
13.2 	 0.0033607318949432255 
13.22 	 0.0030589953403390453 
13.24 	 0.0028297079429129494 
13.26 	 0.0025903195023767207 
13.28 	 0.0024004118625532986 
13.3 	 0.0022082151795766547 
13.32 	 0.002049865389090607 
13.34 	 0.0018969038232667156 
13.36 	 0.0017666046234062157 
13.38 	 0.00164941847769907 
13.4 	 0.001546409698701728 
13.42 	 0.0014634263320563046 
13.44 	 0.001387913811861977 
13.46 	 0.0013375194639469916 
13.48 	 0.0012891797400971653 
13.5 	 0.0012685117356426739 
13.52 	 0.0012454574161541998 
13.54 	 0.0012497954184645626 
13.56 	 0.0012480814292869697 
13.58 	 0.0012707721960503332 
13.6 	 0.001284501007184429 
13.62 	 0.0013174123188103499 
13.64 	 0.0013394091781084912 
13.66 	 0.0013738680201301028 
13.68 	 0.001396746683232505 
13.7 	 0.0014247927351295606 
13.72 	 0.0014421196166719214 
13.74 	 0.0014577805540887982 
13.76 	 0.0014650424876898552 
13.78 	 0.0014652859427961404 
13.8 	 0.0014604511232588875 
13.82 	 0.001445522992849469 
13.84 	 0.001429095398172916 
13.86 	 0.0014021223868426155 
13.88 	 0.0013767068741277614 
13.9 	 0.001342697512355288 
13.92 	 0.0013122272141230077 
13.94 	 0.00127685403788703 
13.96 	 0.0012457559280093853 
13.98 	 0.001214391234091538 
14.0 	 0.0011869953501031875 
14.02 	 0.001164315006942344 
14.04 	 0.0011446823952527628 
14.06 	 0.0011348202984068783 
14.08 	 0.0011269126951856951 
14.1 	 0.001133837327513228 
14.12 	 0.0011417167186658732 
14.14 	 0.0011693839084974684 
14.16 	 0.001197059173886332 
14.18 	 0.0012490118137071537 
14.2 	 0.0012996984681964035 
14.22 	 0.0013780382367570643 
14.24 	 0.0014529024508696485 
14.26 	 0.0015568154422781987 
14.28 	 0.0016535987218295458 
14.3 	 0.0017778240895303995 
14.32 	 0.0018899458774133434 
14.34 	 0.0020237750098396215 
14.36 	 0.0021404782181502994 
14.38 	 0.002268042153651099 
14.4 	 0.0023758460119418716 
14.42 	 0.002478360120654211 
14.44 	 0.0025635998688020283 
14.46 	 0.0026235694795961216 
14.48 	 0.0026753333056741976 
14.5 	 0.002681518689438623 
14.52 	 0.002694050135799322 
14.54 	 0.0026449803059919387 
14.56 	 0.0026187080979783407 
14.58 	 0.002522785796951034 
14.6 	 0.002463583718992546 
14.62 	 0.0023356202513131973 
14.64 	 0.002252607944964294 
14.66 	 0.0021087514324539987 
14.68 	 0.002011625584149716 
14.7 	 0.001865348189787575 
14.72 	 0.0017624143278484842 
14.74 	 0.0016230563795429183 
14.76 	 0.0015206198142399391 
14.78 	 0.0013941730843326785 
14.8 	 0.0012971095504688299 
14.82 	 0.00118787282110711 
14.84 	 0.0011006286264253872 
14.86 	 0.0010124703061748133 
14.88 	 0.0009397320656416847 
14.9 	 0.0008764391422360382 
14.92 	 0.0008231097924011258 
14.94 	 0.0007880028119358608 
14.96 	 0.0007585645717815333 
14.98 	 0.0007538306137539786 
15.0 	 0.0007514123961791198 
15.02 	 0.0007774808707885966 
15.04 	 0.0008029509512727252 
15.06 	 0.0008579824860759052 
15.08 	 0.0009092833282078015 
15.1 	 0.0009887147342109747 
15.12 	 0.0010605774104051535 
15.14 	 0.0011567533856450796 
15.16 	 0.0012409095730071807 
15.18 	 0.0013430540843794596 
15.2 	 0.0014290415065796474 
15.22 	 0.0015239925074277123 
15.24 	 0.001600549724574523 
15.26 	 0.001674595200991157 
15.28 	 0.0017314693442864364 
15.3 	 0.0017731877025111927 
15.32 	 0.0018030209792604698 
15.34 	 0.0018063905871902937 
15.36 	 0.0018062814014362574 
15.38 	 0.001772861815294383 
15.4 	 0.0017452110612566482 
15.42 	 0.0016843095190752207 
15.44 	 0.0016366421272015945 
15.46 	 0.0015631547912348122 
15.48 	 0.0015067870197453433 
15.5 	 0.0014374525592614408 
15.52 	 0.001385185054843375 
15.54 	 0.0013346453727506797 
15.56 	 0.0012980114677544653 
15.58 	 0.0012759447407903613 
15.6 	 0.0012627647383211952 
15.62 	 0.0012726619613125274 
15.64 	 0.0012856257774668434 
15.66 	 0.0013250980963973626 
15.68 	 0.0013617846411791074 
15.7 	 0.0014239521949158695 
15.72 	 0.0014781547427038576 
15.74 	 0.0015535729498251487 
15.76 	 0.0016172589349172566 
15.78 	 0.001695793028596009 
15.8 	 0.0017608252677323469 
15.82 	 0.001832968109920494 
15.84 	 0.0018920437083523982 
15.86 	 0.0019495790193710684 
15.88 	 0.0019965101432364287 
15.9 	 0.00203301746950561 
15.92 	 0.0020630091012162786 
15.94 	 0.002074955080076457 
15.96 	 0.0020855243893106454 
15.98 	 0.002074153987380442 
16.0 	 0.002066741001024118 
16.02 	 0.0020399056722261197 
16.04 	 0.0020214052391437217 
16.06 	 0.0019937606315297914 
16.08 	 0.0019767335107174705 
16.1 	 0.0019672435235692583 
16.12 	 0.0019678748602224845 
16.14 	 0.001995019608855656 
16.16 	 0.0020289319914416483 
16.18 	 0.002105159932154288 
16.2 	 0.0021823780873787228 
16.22 	 0.0023093693406043094 
16.24 	 0.0024303657070907964 
16.26 	 0.0025962249020605624 
16.28 	 0.0027506523773611013 
16.3 	 0.0029301328594935807 
16.32 	 0.003098711388066099 
16.34 	 0.0032576140608955115 
16.36 	 0.0034163783405617423 
16.38 	 0.003520173453277302 
16.4 	 0.003645723433000476 
16.42 	 0.003670019801098023 
16.44 	 0.003744612443031431 
16.46 	 0.003682977869386133 
16.48 	 0.003698458146603891 
16.5 	 0.003563531885482147 
16.52 	 0.003522869044620904 
16.54 	 0.0033402526040918275 
16.56 	 0.003255771673379206 
16.58 	 0.003054385729911626 
16.6 	 0.002943308567462698 
16.62 	 0.0027472527315047053 
16.64 	 0.002626655309020516 
16.66 	 0.002451381276621091 
16.68 	 0.002334623078736209 
16.7 	 0.0021870665258860327 
16.72 	 0.0020824318550105372 
16.74 	 0.00196318115300274 
16.76 	 0.0018742403471970917 
16.78 	 0.0017800455023042354 
16.8 	 0.0017068386613807332 
16.82 	 0.0016326563748706847 
16.84 	 0.0015730328167849017 
16.86 	 0.0015134833205461573 
16.88 	 0.0014642978839917397 
16.9 	 0.0014146494594187977 
16.92 	 0.0013727231038271487 
16.94 	 0.001329480290707501 
16.96 	 0.0012922695449768338 
16.98 	 0.0012533635145802677 
17.0 	 0.0012192821801912926 
17.02 	 0.0011838870536111513 
17.04 	 0.0011522804912589312 
17.06 	 0.0011203871232191988 
17.08 	 0.0010912637808933444 
17.1 	 0.0010632200617443238 
17.12 	 0.0010369174427632378 
17.14 	 0.0010131120546730925 
17.16 	 0.0009900543574259523 
17.18 	 0.0009708002145209686 
17.2 	 0.0009514062944994596 
17.22 	 0.0009369575350683796 
17.24 	 0.0009216522211336767 
17.26 	 0.0009122371254044555 
17.28 	 0.0009014711668514133 
17.3 	 0.0008972520972294747 
17.32 	 0.0008914572270471604 
17.34 	 0.0008923952210019273 
17.36 	 0.0008918553366550568 
17.38 	 0.0008975135043897989 
17.4 	 0.000902179560665298 
17.42 	 0.0009115283389873133 
17.44 	 0.0009208277959135967 
17.46 	 0.0009321274305367278 
17.48 	 0.0009448280346278948 
17.5 	 0.0009556702584724324 
17.52 	 0.000969862710864484 
17.54 	 0.0009774408970182774 
17.56 	 0.000990698620315011 
17.58 	 0.0009923137747819006 
17.6 	 0.00100205155801004 
17.62 	 0.0009957453365274723 
17.64 	 0.00099972472898874 
17.66 	 0.0009848168268136565 
17.68 	 0.0009816591148917098 
17.7 	 0.00095895038312623 
17.72 	 0.0009484703197047173 
17.74 	 0.0009200020788367657 
17.76 	 0.0009032159871533233 
17.78 	 0.0008716832210273234 
17.8 	 0.000850474518089493 
17.82 	 0.000818539518935622 
17.84 	 0.0007951169308563712 
17.86 	 0.0007648737865936775 
17.88 	 0.0007412383378698742 
17.9 	 0.0007139630982497065 
17.92 	 0.0006915624677123704 
17.94 	 0.0006677408904711849 
17.96 	 0.0006473722230083824 
17.98 	 0.000626903453299402 
18.0 	 0.000608811899959178 
18.02 	 0.0005912655610642515 
18.04 	 0.0005753340620331302 
18.06 	 0.000560170311480224 
18.08 	 0.0005461081928205532 
18.1 	 0.0005328204961262354 
18.12 	 0.0005203008309294984 
18.14 	 0.0005084821934095076 
18.16 	 0.0004972177615184505 
18.18 	 0.00048657218131067606 
18.2 	 0.00047634269127535026 
18.22 	 0.0004666672853674034 
18.24 	 0.0004573171720030642 
18.26 	 0.00044847460862878905 
18.28 	 0.00043989789723882053 
18.3 	 0.0004317903230807181 
18.32 	 0.0004239128631521758 
18.34 	 0.0004164614227938034 
18.36 	 0.00040922496424350657 
18.38 	 0.0004023548733351833 
18.4 	 0.0003957037815892376 
18.42 	 0.0003893338510208855 
18.44 	 0.0003832042284992287 
18.46 	 0.00037724084175255155 
18.48 	 0.00037155286293894023 
18.5 	 0.00036589000503769103 
18.52 	 0.00036054584828394405 
18.54 	 0.0003550729630100801 
18.56 	 0.0003499629044077678 
18.58 	 0.00034458005432650286 
18.6 	 0.0003395969220534297 
18.62 	 0.0003342327975060687 
18.64 	 0.0003292908362771011 
18.66 	 0.00032391626831048515 
18.68 	 0.0003189671495991774 
18.7 	 0.0003135975677206768 
18.72 	 0.00030863649800376663 
18.74 	 0.00030332152020578823 
18.76 	 0.0002983806543239093 
18.78 	 0.00029318501804093827 
18.8 	 0.00028831728528724534 
18.82 	 0.00028330091328636434 
18.84 	 0.00027856130899291776 
18.86 	 0.0002737655425331457 
18.88 	 0.00026919682217399526 
18.9 	 0.0002646398335236849 
18.92 	 0.00026026611920086 
18.94 	 0.00025594609584291 
18.96 	 0.00025177377944534876 
18.98 	 0.0002476760272291508 
19.0 	 0.00024369885166671335 
19.02 	 0.00023980303941349723 
19.04 	 0.00023600801286428283 
19.06 	 0.0002322933748065047 
19.08 	 0.0002286654061770949 
19.1 	 0.00022511345157201772 
19.12 	 0.0002216380710352446 
19.14 	 0.00021823339560329247 
19.16 	 0.00021489788090814035 
19.18 	 0.00021162794298136957 
19.2 	 0.00020842148568421122 
19.22 	 0.0002052760190384284 
19.24 	 0.0002021894728565995 
19.26 	 0.00019915990132431992 
19.28 	 0.0001961854356280288 
19.3 	 0.000193264419705202 
19.32 	 0.00019039521672833663 
19.34 	 0.00018757633959905407 
19.36 	 0.0001848063683926724 
19.38 	 0.00018208392700552655 
19.4 	 0.00017940778410507183 
19.42 	 0.00017677664876218464 
19.44 	 0.0001741894460362433 
19.46 	 0.00017164496207902437 
19.48 	 0.00016914224537679164 
19.5 	 0.0001666801606912408 
19.52 	 0.00016425784832010767 
19.54 	 0.00016187425718223572 
19.56 	 0.00015952859135387075 
19.58 	 0.00015721988894883915 
19.6 	 0.00015494739576527318 
19.62 	 0.00015271023983511156 
19.64 	 0.00015050769484581131 
19.66 	 0.00014833897242236027 
19.68 	 0.00014620336999584922 
19.7 	 0.00014410016853161432 
19.72 	 0.00014202869455852635 
19.74 	 0.0001399882778702089 
19.76 	 0.00013797828645072238 
19.78 	 0.0001359980763131626 
19.8 	 0.00013404707157687711 
19.82 	 0.00013212463523803514 
19.84 	 0.00013023025891456465 
19.86 	 0.00012836330144764827 
19.88 	 0.00012652332540809887 
19.9 	 0.0001247096844678585 
19.92 	 0.00012292200598790315 
19.94 	 0.00012115964615217431 
19.96 	 0.00011942228310703205 
19.98 	 0.00011770928798246624 
20.0 	 0.00011602037205009992 
20.02 	 0.00011435493418009786 
20.04 	 0.00011271270191080257 
20.06 	 0.00011109311207468054 
20.08 	 0.00010949589523455793 
20.1 	 0.00010792053302408559 
20.12 	 0.00010636674997928155 
20.14 	 0.0001048340765582177 
20.16 	 0.00010332222558067983 
20.18 	 0.00010183077813838452 
20.2 	 0.00010035943219307765 
20.22 	 9.890781882240645e-05 
20.24 	 9.747562063214026e-05 
20.26 	 9.606251464222497e-05 
20.28 	 9.466817106893843e-05 
20.3 	 9.329230473246826e-05 
20.32 	 9.19345804591014e-05 
20.34 	 9.059473912484123e-05 
20.36 	 8.927245054915869e-05 
20.38 	 8.79674683040804e-05 
20.4 	 8.667947885782298e-05 
20.42 	 8.54082363871544e-05 
20.44 	 8.415345402248243e-05 
20.46 	 8.291487836284536e-05 
20.48 	 8.169225503033885e-05 
20.5 	 8.048532012125085e-05 
20.52 	 7.929385225333479e-05 
20.54 	 7.811757899749896e-05 
20.56 	 7.695630774645172e-05 
20.58 	 7.580976273930485e-05 
20.6 	 7.467777308709371e-05 
20.62 	 7.356006595243871e-05 
20.64 	 7.245648452368453e-05 
20.66 	 7.136676443281675e-05 
20.68 	 7.029075646707254e-05 
20.7 	 6.922820861962485e-05 
20.72 	 6.817897478851303e-05 
20.74 	 6.714281740511327e-05 
20.76 	 6.611959098744753e-05 
20.78 	 6.51090729643849e-05 
20.8 	 6.411111754788265e-05 
20.82 	 6.312551663463491e-05 
20.84 	 6.215212425563979e-05 
20.86 	 6.119074555198625e-05 
20.88 	 6.024123512391963e-05 
20.9 	 5.93034097786736e-05 
20.92 	 5.83771257284028e-05 
20.94 	 5.746220981007252e-05 
20.96 	 5.655852090784328e-05 
20.98 	 5.566589442656492e-05 
21.0 	 5.4784192790337496e-05 
21.02 	 5.391325880617616e-05 
21.04 	 5.305295901203656e-05 
21.06 	 5.220314273961812e-05 
21.08 	 5.136368094397357e-05 
21.1 	 5.0534428796075505e-05 
21.12 	 4.971526180682219e-05 
21.14 	 4.890604038764417e-05 
21.16 	 4.8106644687563035e-05 
21.18 	 4.731693980020604e-05 
21.2 	 4.653681057973341e-05 
21.22 	 4.576612631961787e-05 
21.24 	 4.500477658741616e-05 
21.26 	 4.425263455964121e-05 
21.28 	 4.350959437088063e-05 
21.3 	 4.27755330221109e-05 
21.32 	 4.205034882157541e-05 
21.34 	 4.133392284460277e-05 
21.36 	 4.062615689053754e-05 
21.38 	 3.992693665269405e-05 
21.4 	 3.92361664786537e-05 
21.42 	 3.855373743814291e-05 
21.44 	 3.787955531956162e-05 
21.46 	 3.7213517406805894e-05 
21.48 	 3.655552980811908e-05 
21.5 	 3.590549674693684e-05 
21.52 	 3.526332371510202e-05 
21.54 	 3.462892224028929e-05 
21.56 	 3.4002196685754866e-05 
21.58 	 3.338306560769561e-05 
21.6 	 3.277143240205322e-05 
21.62 	 3.216722151084677e-05 
21.64 	 3.157033637461774e-05 
21.66 	 3.098070527308175e-05 
21.68 	 3.039823353438014e-05 
21.7 	 2.982285058904469e-05 
21.72 	 2.9254466009474717e-05 
21.74 	 2.8693007620092706e-05 
21.76 	 2.813839150801715e-05 
21.78 	 2.7590541761427296e-05 
21.8 	 2.70493824613665e-05 
21.82 	 2.651483300000498e-05 
21.84 	 2.5986825600268795e-05 
21.86 	 2.5465275333415946e-05 
21.88 	 2.4950121209584592e-05 
21.9 	 2.444127545988869e-05 
21.92 	 2.3938681200399745e-05 
21.94 	 2.3442250034229215e-05 
21.96 	 2.295192540622647e-05 
21.98 	 2.2467621148782044e-05 
22.0 	 2.19892759662897e-05 
22.02 	 2.1516810128859588e-05 
22.04 	 2.105015006636638e-05 
22.06 	 2.058923007883863e-05 
22.08 	 2.0133951604577508e-05 
22.1 	 1.968427796164499e-05 
22.12 	 1.9240062777765962e-05 
22.14 	 1.8801327682875776e-05 
22.16 	 1.836783760880455e-05 
22.18 	 1.7939727117785428e-05 
22.2 	 1.751660149615588e-05 
22.22 	 1.7098804440032763e-05 
22.24 	 1.6685663858541398e-05 
22.26 	 1.627789182634511e-05 
22.28 	 1.5874353562541438e-05 
22.3 	 1.5476375661998547e-05 
22.32 	 1.508208626884172e-05 
22.34 	 1.4693778868276686e-05 
22.36 	 1.430846601861876e-05 
22.38 	 1.3929871126606902e-05 
22.4 	 1.3553409930746783e-05 
22.42 	 1.3184788849181387e-05 
22.44 	 1.2817270039083926e-05 
22.46 	 1.2459135965468833e-05 
22.48 	 1.2100919521054269e-05 
22.5 	 1.1754036672110066e-05 
22.52 	 1.1405777603528831e-05 
22.54 	 1.1071121947145573e-05 
22.56 	 1.0733761314132362e-05 
22.58 	 1.0412440664554207e-05 
22.6 	 1.0087155279764473e-05 
22.62 	 9.780279496797278e-06 
22.64 	 9.468373509050428e-06 
22.66 	 9.176858156545375e-06 
22.68 	 8.87957024435679e-06 
22.7 	 8.603871152240721e-06 
22.72 	 8.322087118227584e-06 
22.74 	 8.06191290688121e-06 
22.76 	 7.795829898704488e-06 
22.78 	 7.549945893648665e-06 
22.8 	 7.298809464559973e-06 
22.82 	 7.06507642868741e-06 
22.84 	 6.827147445253773e-06 
22.86 	 6.602880757743411e-06 
22.88 	 6.3757328506318656e-06 
22.9 	 6.158323464736119e-06 
22.92 	 5.939427001510337e-06 
22.94 	 5.727007582655289e-06 
22.96 	 5.51439664606952e-06 
22.98 	 5.306268195113607e-06 
23.0 	 5.099011732703088e-06 
23.02 	 4.895626966614474e-06 
23.04 	 4.693890175545687e-06 
23.06 	 4.49638790427732e-06 
23.08 	 4.301050161086489e-06 
23.1 	 4.110546018423963e-06 
23.12 	 3.922547088043669e-06 
23.14 	 3.7395009274993293e-06 
23.16 	 3.559214013202777e-06 
23.18 	 3.3831593480062994e-06 
23.2 	 3.210075958261458e-06 
23.22 	 3.039835395393179e-06 
23.24 	 2.87270531627813e-06 
23.26 	 2.7070093028984438e-06 
23.28 	 2.544386262701378e-06 
23.3 	 2.382654606884813e-06 
23.32 	 2.22364658146819e-06 
23.34 	 2.0666401305829627e-06 
23.36 	 1.9116021915894672e-06 
23.38 	 1.7617018223420699e-06 
23.4 	 1.612627647100184e-06 
23.42 	 1.473606021484265e-06 
23.44 	 1.334036191478944e-06 
23.46 	 1.2103180461717494e-06 
23.48 	 1.0846818973348949e-06 
23.5 	 9.802322905561167e-07 
23.52 	 8.727032288409449e-07 
23.54 	 7.898334879279934e-07 
23.56 	 7.030077911084091e-07 
23.58 	 6.415021769321752e-07 
23.6 	 5.75412193888965e-07 
23.62 	 5.323696317865646e-07 
23.64 	 4.843346291514173e-07 
23.66 	 4.5491198170999384e-07 
23.68 	 4.204014547476047e-07 
23.7 	 3.992561687575431e-07 
23.72 	 3.7341728010418733e-07 
23.74 	 3.562591648431604e-07 
23.76 	 3.3538311380881894e-07 
23.78 	 3.1993535045438173e-07 
23.8 	 3.0219267445109417e-07 
23.82 	 2.8817644539388694e-07 
23.84 	 2.7340705275784145e-07 
23.86 	 2.617281253872401e-07 
23.88 	 2.5060935644842775e-07 
23.9 	 2.4234912988980437e-07 
23.92 	 2.355474221156696e-07 
23.94 	 2.313689985015059e-07 
23.96 	 2.2917709507800172e-07 
23.98 	 2.2939561133914563e-07 
24.0 	 2.3197923383940662e-07 
24.02 	 2.3709911698023268e-07 
24.04 	 2.4508376261631415e-07 
24.06 	 2.5636120337086376e-07 
24.08 	 2.713288610185004e-07 
24.1 	 2.909900323711315e-07 
24.12 	 3.1559884576134443e-07 
24.14 	 3.466303215790896e-07 
24.16 	 3.8436615451541194e-07 
24.18 	 4.3006088695382396e-07 
24.2 	 4.848363823207735e-07 
24.22 	 5.483370898323104e-07 
24.24 	 6.241309783238881e-07 
24.26 	 7.08054753744432e-07 
24.28 	 8.08578715392753e-07 
24.3 	 9.14599112074342e-07 
24.32 	 1.0427722884920474e-06 
24.34 	 1.1709866718310233e-06 
24.36 	 1.3279866525614684e-06 
24.38 	 1.4760993592393769e-06 
24.4 	 1.660037128200962e-06 
24.42 	 1.8227300019118268e-06 
24.44 	 2.027467794686456e-06 
24.46 	 2.1965393320182917e-06 
24.48 	 2.4115418638882416e-06 
24.5 	 2.5772415278236464e-06 
24.52 	 2.7892543028337178e-06 
24.54 	 2.9427196217012985e-06 
24.56 	 3.139300510093232e-06 
24.58 	 3.275359218258272e-06 
24.6 	 3.4490934223093955e-06 
24.62 	 3.5682440987080192e-06 
24.64 	 3.719604703481136e-06 
24.66 	 3.828041596315335e-06 
24.68 	 3.965147513398899e-06 
24.7 	 4.072438941132077e-06 
24.72 	 4.207516706885247e-06 
24.74 	 4.322785785219381e-06 
24.76 	 4.46701872924475e-06 
24.78 	 4.595467603224056e-06 
24.8 	 4.754820440923553e-06 
24.82 	 4.896368808374398e-06 
24.84 	 5.070343759924415e-06 
24.86 	 5.2209456908125305e-06 
24.88 	 5.40456932818662e-06 
24.9 	 5.5592614477116295e-06 
24.92 	 5.746950770825141e-06 
24.94 	 5.9028585612325865e-06 
24.96 	 6.092012824976323e-06 
24.98 	 6.249762585793758e-06 
25.0 	 6.442261312179697e-06 
25.02 	 6.60517882249358e-06 
25.04 	 6.806115399514643e-06 
25.06 	 6.977643373513649e-06 
25.08 	 7.191896393490172e-06 
25.1 	 7.372373023591806e-06 
25.12 	 7.6004221837525115e-06 
25.14 	 7.784559501157504e-06 
25.16 	 8.019139640324173e-06 
25.18 	 8.19529477272228e-06 
25.2 	 8.420259806323354e-06 
25.22 	 8.57208713250839e-06 
25.24 	 8.764436679926908e-06 
25.26 	 8.874895159860267e-06 
25.28 	 9.010252136449931e-06 
25.3 	 9.06726125988342e-06 
25.32 	 9.127950994435153e-06 
25.34 	 9.130231625088119e-06 
25.36 	 9.113548629836679e-06 
25.38 	 9.074506118395777e-06 
25.4 	 8.997569100245865e-06 
25.42 	 8.944997329823608e-06 
25.44 	 8.84311643349703e-06 
25.46 	 8.813695931036428e-06 
25.48 	 8.731959114434752e-06 
25.5 	 8.761969989829001e-06 
25.52 	 8.743372175346257e-06 
25.54 	 8.859359425826671e-06 
25.56 	 8.934627073555792e-06 
25.58 	 9.148035123376524e-06 
25.6 	 9.330993410422754e-06 
25.62 	 9.63857385924979e-06 
25.64 	 9.927695048926539e-06 
25.66 	 1.0316448504463373e-05 
25.68 	 1.0700478335782693e-05 
25.7 	 1.115411042778923e-05 
25.72 	 1.1618686681541208e-05 
25.74 	 1.2122682411456687e-05 
25.76 	 1.265533336530849e-05 
25.78 	 1.3199017347894045e-05 
25.8 	 1.3791019066487706e-05 
25.82 	 1.4366457351029021e-05 
25.84 	 1.501130140510046e-05 
25.86 	 1.5610201401665623e-05 
25.88 	 1.629977922018402e-05 
25.9 	 1.691042750709058e-05 
25.92 	 1.7631171405034325e-05 
25.94 	 1.8237535527818517e-05 
25.96 	 1.8969066557914956e-05 
25.98 	 1.955322897389925e-05 
26.0 	 2.027114459153859e-05 
26.02 	 2.0818569393804915e-05 
26.04 	 2.1501106612452264e-05 
26.06 	 2.200669647626303e-05 
26.08 	 2.264295423727064e-05 
26.1 	 2.3115201706978233e-05 
26.12 	 2.371139353051554e-05 
26.14 	 2.417244794293376e-05 
26.16 	 2.4753015691629943e-05 
26.18 	 2.5233988271052894e-05 
26.2 	 2.5836414527210586e-05 
26.22 	 2.6369214039387618e-05 
26.24 	 2.7034188751147462e-05 
26.26 	 2.7642805476585062e-05 
26.28 	 2.8403550075002216e-05 
26.3 	 2.9098072965501535e-05 
26.32 	 2.9972846317476115e-05 
26.34 	 3.074818758787948e-05 
26.36 	 3.173815318066541e-05 
26.38 	 3.257709473610551e-05 
26.4 	 3.366893944919228e-05 
26.42 	 3.4547161342919554e-05 
26.44 	 3.5717795464280725e-05 
26.46 	 3.660824821990711e-05 
26.48 	 3.7828775131015964e-05 
26.5 	 3.870418096791902e-05 
26.52 	 3.994206297000979e-05 
26.54 	 4.0776289132713774e-05 
26.56 	 4.199692025797502e-05 
26.58 	 4.276691238123808e-05 
26.6 	 4.393681053118971e-05 
26.62 	 4.462593996482061e-05 
26.64 	 4.571845279462824e-05 
26.66 	 4.6320092410210123e-05 
26.68 	 4.7321525207855325e-05 
26.7 	 4.783995996677805e-05 
26.72 	 4.8751543583601886e-05 
26.74 	 4.91975071157648e-05 
26.76 	 5.002908504283935e-05 
26.78 	 5.0409920029462586e-05 
26.8 	 5.1165613818459015e-05 
26.82 	 5.147423346721745e-05 
26.84 	 5.213671717518694e-05 
26.86 	 5.234642154597875e-05 
26.88 	 5.287035929518097e-05 
26.9 	 5.294119526678685e-05 
26.92 	 5.326377576922582e-05 
26.94 	 5.316017245228292e-05 
26.96 	 5.3227419098938087e-05 
26.98 	 5.293967919034314e-05 
27.0 	 5.273657326166427e-05 
27.02 	 5.229533149900079e-05 
27.04 	 5.18635070947705e-05 
27.06 	 5.133919777851789e-05 
27.08 	 5.07723292254656e-05 
27.1 	 5.025963316505602e-05 
27.12 	 4.9679792066645673e-05 
27.14 	 4.927500581590999e-05 
27.16 	 4.880344518850995e-05 
27.18 	 4.858534183089007e-05 
27.2 	 4.832127056432785e-05 
27.22 	 4.8341824547779044e-05 
27.24 	 4.835446939667432e-05 
27.26 	 4.863863583512008e-05 
27.28 	 4.8968815942227184e-05 
27.3 	 4.951786080643409e-05 
27.32 	 5.018137091046273e-05 
27.34 	 5.097449833946552e-05 
27.36 	 5.196151368655339e-05 
27.38 	 5.29542710920018e-05 
27.4 	 5.422396605064819e-05 
27.42 	 5.534600224918646e-05 
27.44 	 5.682033978249367e-05 
27.46 	 5.797698845710215e-05 
27.48 	 5.953988549681185e-05 
27.5 	 6.062084531308953e-05 
27.52 	 6.212774887247095e-05 
27.54 	 6.302285029400612e-05 
27.56 	 6.432185335908076e-05 
27.58 	 6.49406681259938e-05 
27.6 	 6.590147334338182e-05 
27.62 	 6.619186359406676e-05 
27.64 	 6.673500115426417e-05 
27.66 	 6.669556775943846e-05 
27.68 	 6.681244345083813e-05 
27.7 	 6.649450279567379e-05 
27.72 	 6.62499509895103e-05 
27.74 	 6.574635100186031e-05 
27.76 	 6.526020749340597e-05 
27.78 	 6.468200034701921e-05 
27.8 	 6.409422004417822e-05 
27.82 	 6.354160805627466e-05 
27.84 	 6.29731460456791e-05 
27.86 	 6.251111897770426e-05 
27.88 	 6.203523083483338e-05 
27.9 	 6.168321398788126e-05 
27.92 	 6.131684602892746e-05 
27.94 	 6.105519412925212e-05 
27.96 	 6.0770667479111366e-05 
27.98 	 6.0559043620408996e-05 
28.0 	 6.030791277829203e-05 
28.02 	 6.0106313362594245e-05 
28.04 	 5.9844080900151024e-05 
28.06 	 5.962818534815443e-05 
28.08 	 5.9330824373891094e-05 
28.1 	 5.9097680763633345e-05 
28.12 	 5.8766350597673756e-05 
28.14 	 5.853122683655769e-05 
28.16 	 5.818712572455551e-05 
28.18 	 5.7975503789442746e-05 
28.2 	 5.7650096218641255e-05 
28.22 	 5.748940164609597e-05 
28.24 	 5.721533658312699e-05 
28.26 	 5.712944502265699e-05 
28.28 	 5.693513648957129e-05 
28.3 	 5.6942323733627075e-05 
28.32 	 5.685035747222803e-05 
28.34 	 5.696366310505303e-05 
28.36 	 5.699160368476283e-05 
28.38 	 5.722017002495992e-05 
28.4 	 5.7382216400001434e-05 
28.42 	 5.773254116128291e-05 
28.44 	 5.8040956880509866e-05 
28.46 	 5.8517430855707336e-05 
28.48 	 5.8983072656404216e-05 
28.5 	 5.95874731464604e-05 
28.52 	 6.0219041314812296e-05 
28.54 	 6.0948887741164515e-05 
28.56 	 6.175070170787572e-05 
28.58 	 6.259637977256795e-05 
28.6 	 6.356422121503495e-05 
28.62 	 6.450455484950692e-05 
28.64 	 6.561871611660394e-05 
28.66 	 6.661504481013756e-05 
28.68 	 6.783060337495738e-05 
28.7 	 6.882129311145718e-05 
28.72 	 7.005879770780081e-05 
28.74 	 7.095866167844455e-05 
28.76 	 7.210222756541764e-05 
28.78 	 7.281190696847345e-05 
28.8 	 7.372231322361126e-05 
28.82 	 7.414930785821377e-05 
28.84 	 7.469443121175683e-05 
28.86 	 7.478135984756531e-05 
28.88 	 7.487685830304495e-05 
28.9 	 7.462729667637318e-05 
28.92 	 7.427240018461202e-05 
28.94 	 7.376342078971838e-05 
28.96 	 7.305560043842e-05 
28.98 	 7.242975420854308e-05 
29.0 	 7.154959278081447e-05 
29.02 	 7.098633723207969e-05 
29.04 	 7.015654022620547e-05 
29.06 	 6.983146763291106e-05 
29.08 	 6.926505884854042e-05 
29.1 	 6.931105659543243e-05 
29.12 	 6.916773667720402e-05 
29.14 	 6.965180252368432e-05 
29.16 	 7.001637597465167e-05 
29.18 	 7.093820740794742e-05 
29.2 	 7.182356253440996e-05 
29.22 	 7.313090148956175e-05 
29.24 	 7.449614019538582e-05 
29.26 	 7.610411995599476e-05 
29.28 	 7.787253361541751e-05 
29.3 	 7.967529406805695e-05 
29.32 	 8.174060318379291e-05 
29.34 	 8.36125278221913e-05 
29.36 	 8.583322436314513e-05 
29.38 	 8.762760182220643e-05 
29.4 	 8.982105142158642e-05 
29.42 	 9.137789765937861e-05 
29.44 	 9.33297212795819e-05 
29.46 	 9.449896911357432e-05 
29.48 	 9.599572093326439e-05 
29.5 	 9.667124409011436e-05 
29.52 	 9.754984829248458e-05 
29.54 	 9.770151834291281e-05 
29.56 	 9.78966517869355e-05 
29.58 	 9.758683308104441e-05 
29.6 	 9.715560652298232e-05 
29.62 	 9.653272460090466e-05 
29.64 	 9.56458842006852e-05 
29.66 	 9.49167155363763e-05 
29.68 	 9.38204249226084e-05 
29.7 	 9.320983126053818e-05 
29.72 	 9.217263144050771e-05 
29.74 	 9.188214996583681e-05 
29.76 	 9.114368818778347e-05 
29.78 	 9.131935585114404e-05 
29.8 	 9.105354778969094e-05 
29.82 	 9.177045210103698e-05 
29.84 	 9.207025111930888e-05 
29.86 	 9.33370387209e-05 
29.88 	 9.422224325082911e-05 
29.9 	 9.60027050129328e-05 
29.92 	 9.744563197955076e-05 
29.94 	 9.968799217476514e-05 
29.96 	 0.00010164572857600138 
29.98 	 0.00010430738634096821 
30.0 	 0.0001067474952902886 
30.02 	 0.00010980664398981987 
30.04 	 0.00011271813968049279 
30.06 	 0.00011617222280788926 
30.08 	 0.00011956308032090057 
30.1 	 0.00012342180322821552 
30.12 	 0.00012731219418856676 
30.14 	 0.0001315947324793975 
30.16 	 0.00013601659076239824 
30.18 	 0.0001407581530187147 
30.2 	 0.00014576656870758173 
30.22 	 0.00015103225342497548 
30.24 	 0.00015672656182757732 
30.26 	 0.0001626244792558009 
30.28 	 0.00016917029450316126 
30.3 	 0.00017585242885908165 
30.32 	 0.00018349084853766948 
30.34 	 0.00019112897334185342 
30.36 	 0.00020015586559118985 
30.38 	 0.00020888330290476313 
30.4 	 0.00021958362779216282 
30.42 	 0.00022940649505617054 
30.44 	 0.0002419419636724366 
30.46 	 0.0002526458919542862 
30.48 	 0.0002669194143901496 
30.5 	 0.0002780173844496913 
30.52 	 0.00029356374227408085 
30.54 	 0.0003043278044623936 
30.56 	 0.0003202894370273778 
30.58 	 0.00032987570075940415 
30.6 	 0.00034510408499478253 
30.62 	 0.00035273498116498823 
30.64 	 0.000366013786104453 
30.66 	 0.0003711554570135928 
30.68 	 0.00038148631335961533 
30.7 	 0.000383965701342038 
30.72 	 0.00039081717957717985 
30.74 	 0.0003908503302971553 
30.76 	 0.0003942748682401063 
30.78 	 0.00039240737581931577 
30.8 	 0.00039298832297434593 
30.82 	 0.0003899739951400497 
30.84 	 0.00038864486433158233 
30.86 	 0.0003853057685524513 
30.88 	 0.00038313355748496186 
30.9 	 0.00038024456042456923 
30.92 	 0.0003782595155582995 
30.94 	 0.00037647965143226527 
30.96 	 0.0003755827715839235 
30.98 	 0.0003754267767657585 
31.0 	 0.0003763557322066848 
31.02 	 0.0003781812944579828 
31.04 	 0.00038149418466486425 
31.06 	 0.0003854831687463607 
31.08 	 0.0003915291166440359 
31.1 	 0.00039765865018121486 
31.12 	 0.0004065298624340067 
31.14 	 0.0004145487657011838 
31.16 	 0.00042603442700460685 
31.18 	 0.0004354699450278247 
31.2 	 0.0004490463128905599 
31.22 	 0.00045925872336019194 
31.24 	 0.000474143884594974 
31.26 	 0.0004844242714778252 
31.28 	 0.0004996982969561065 
31.3 	 0.0005093790606866046 
31.32 	 0.0005241312338945172 
31.34 	 0.0005326654992350055 
31.36 	 0.0005461043284163884 
31.38 	 0.000553080593466685 
31.4 	 0.0005645556932798968 
31.42 	 0.000569647785684335 
31.44 	 0.0005785896052634032 
31.46 	 0.0005814843747534293 
31.48 	 0.0005873348487443374 
31.5 	 0.0005877042207134037 
31.52 	 0.0005899342272480198 
31.54 	 0.0005875005466336072 
31.56 	 0.0005857562652089468 
31.58 	 0.0005804400908279726 
31.6 	 0.0005747550949405714 
31.62 	 0.0005668247315302432 
31.64 	 0.0005577550654844671 
31.66 	 0.0005478697664824738 
31.68 	 0.0005364329993717289 
31.7 	 0.0005255275275144253 
31.72 	 0.0005129608061761523 
31.74 	 0.0005020390493158011 
31.76 	 0.0004895408317127504 
31.78 	 0.00047953588646560926 
31.8 	 0.000468187601241865 
31.82 	 0.00046000446210431637 
31.84 	 0.0004509291967375175 
31.86 	 0.0004456174371471499 
31.88 	 0.0004402146951552442 
31.9 	 0.0004390558157730965 
31.92 	 0.00043903148638830994 
31.94 	 0.00044333155289813216 
31.96 	 0.00045034397598434664 
31.98 	 0.00046093881023396985 
32.0 	 0.00047595714038416474 
32.02 	 0.0004927065103436121 
32.04 	 0.0005154240821559791 
32.06 	 0.000537045395196156 
32.08 	 0.0005657228674500824 
32.1 	 0.00059011435722781 
32.12 	 0.0006220249029663295 
32.14 	 0.0006469350932449992 
32.16 	 0.0006792647435708372 
32.18 	 0.000702998090866301 
32.2 	 0.0007337816325947319 
32.22 	 0.0007556363819991383 
32.24 	 0.0007842510053920788 
32.26 	 0.0008045116740582284 
32.28 	 0.0008314919232780049 
32.3 	 0.0008510087654262602 
32.32 	 0.0008773540584338422 
32.34 	 0.0008969546588830978 
32.36 	 0.000923374213200052 
32.38 	 0.0009434167344751028 
32.4 	 0.0009698988159022148 
32.42 	 0.0009901274764916386 
32.44 	 0.0010159161986782244 
32.46 	 0.0010355418612031603 
32.48 	 0.0010593190936321808 
32.5 	 0.0010771144309942554 
32.52 	 0.0010971263827609413 
32.54 	 0.001111386183388724 
32.56 	 0.001125436858772831 
32.58 	 0.0011338522437839796 
32.6 	 0.0011393361609602442 
32.62 	 0.0011390204619240835 
32.64 	 0.0011332611550858261 
32.66 	 0.00112119818532962 
32.68 	 0.0011021938973084663 
32.7 	 0.0010761861993298372 
32.72 	 0.0010435401656188285 
32.74 	 0.0010033749009550434 
32.76 	 0.0009589453212723935 
32.78 	 0.00090718305487037 
32.8 	 0.0008550366828927395 
32.82 	 0.0007968517378867369 
32.84 	 0.0007424488732692796 
32.86 	 0.0006844174917292126 
32.88 	 0.0006333622440251667 
32.9 	 0.0005817203502859521 
32.92 	 0.0005385920180410596 
32.94 	 0.0004977726702656349 
32.96 	 0.00046542151899617626 
32.98 	 0.0004374219514046823 
33.0 	 0.0004168248835583261 
33.02 	 0.0004014224497358106 
33.04 	 0.00039196949583276817 
33.06 	 0.0003874327634263327 
33.08 	 0.00038743952865149427 
33.1 	 0.00039133085731633555 
33.12 	 0.0003985958171828445 
33.14 	 0.00040840944120564145 
33.16 	 0.00042068380948380695 
33.18 	 0.00043422482456558246 
33.2 	 0.00044950682977237675 
33.22 	 0.0004650129319122132 
33.24 	 0.00048163023473037385 
33.26 	 0.0004976906091061517 
33.28 	 0.0005142099450344755 
33.3 	 0.0005295817136132314 
33.32 	 0.0005446641573212875 
33.34 	 0.0005581213977820252 
33.36 	 0.00057047028387032 
33.38 	 0.000580805238943642 
33.4 	 0.000589290729123247 
33.42 	 0.0005955008282454463 
33.44 	 0.0005994157638484223 
33.46 	 0.0006009882559471637 
33.48 	 0.0006002826408627661 
33.5 	 0.0005974086112368232 
33.52 	 0.0005927473537041922 
33.54 	 0.0005863226431439291 
33.56 	 0.0005789154750118487 
33.58 	 0.000570307969637053 
33.6 	 0.0005615907033820566 
33.62 	 0.0005522852829805894 
33.64 	 0.000543596952660049 
33.66 	 0.0005348791367841021 
33.68 	 0.0005272518306805763 
33.7 	 0.0005200376221477848 
33.72 	 0.0005141324794383925 
33.74 	 0.0005089480669052097 
33.76 	 0.0005050888771525 
33.78 	 0.0005021206474916547 
33.8 	 0.000500335642282216 
33.82 	 0.0004994506308515329 
33.84 	 0.0004994501065911474 
33.86 	 0.0005001352726216976 
33.88 	 0.0005012235778437536 
33.9 	 0.0005024864195021014 
33.92 	 0.0005035014780250846 
33.94 	 0.0005038682647716997 
33.96 	 0.0005033014132641483 
33.98 	 0.0005010793287973452 
34.0 	 0.000497485926719627 
34.02 	 0.0004913602769501042 
34.04 	 0.0004840034278715249 
34.06 	 0.00047380876711467337 
34.08 	 0.00046325927730919074 
34.1 	 0.0004505059656136676 
34.12 	 0.0004388158851260053 
34.14 	 0.00042651201901365115 
34.16 	 0.0004167177758251047 
34.18 	 0.0004083641913028795 
34.2 	 0.00040340811614745554 
34.22 	 0.0004015697266490289 
34.24 	 0.0004030457485877474 
34.26 	 0.0004081694521307792 
34.28 	 0.00041542693442916907 
34.3 	 0.0004253945001721302 
34.32 	 0.0004354414618958447 
34.34 	 0.0004459889805400564 
34.36 	 0.0004543450744783103 
34.38 	 0.00046024378218770246 
34.4 	 0.00046246369558196955 
34.42 	 0.00045918439223617964 
34.44 	 0.00045240733946270707 
34.46 	 0.0004377419585202838 
34.48 	 0.0004215967082066439 
34.5 	 0.00039654686236647045 
34.52 	 0.000373110776623475 
34.54 	 0.0003415826554324742 
34.56 	 0.0003145868434623945 
34.58 	 0.0002820386318618294 
34.6 	 0.00025578459568547865 
34.62 	 0.00022751911974386142 
34.64 	 0.0002059191912356583 
34.66 	 0.0001857843138339585 
34.68 	 0.00017172100462730896 
34.7 	 0.00016159763635924238 
34.72 	 0.00015662297460724393 
34.74 	 0.00015661345546153058 
34.76 	 0.000160943459161177 
34.78 	 0.00016992702214829028 
34.8 	 0.0001826662745428522 
34.82 	 0.00019889454528653847 
34.84 	 0.0002183882016840564 
34.86 	 0.00023991530187564834 
34.88 	 0.000264084330976611 
34.9 	 0.0002889462803864995 
34.92 	 0.0003154796890196194 
34.94 	 0.00034163331193135427 
34.96 	 0.0003680192941201887 
34.98 	 0.0003931451507229039 
35.0 	 0.00041666623888539985 
35.02 	 0.0004380292155256582 
35.04 	 0.00045591270154295344 
35.06 	 0.0004705026131062166 
35.08 	 0.00048033079829773066 
35.1 	 0.00048540494986131893 
35.12 	 0.0004856894374196001 
35.14 	 0.0004796022938698406 
35.16 	 0.00047025867050195353 
35.18 	 0.0004532090915299803 
35.2 	 0.000435673600720495 
35.22 	 0.00040993235454712354 
35.24 	 0.00038684470725776506 
35.26 	 0.00035625686021275313 
35.28 	 0.0003308500683209147 
35.3 	 0.0002998046763887377 
35.32 	 0.0002752401557458351 
35.34 	 0.00024757027864122 
35.36 	 0.00022640644547388382 
35.38 	 0.0002046456822514567 
35.4 	 0.00018851945149151077 
35.42 	 0.0001736807135742547 
35.44 	 0.00016320403707347595 
35.46 	 0.0001549856967756011 
35.48 	 0.00014983075140825367 
35.5 	 0.00014704130312006292 
35.52 	 0.00014617586178595872 
35.54 	 0.00014719366648345466 
35.56 	 0.0001492086590073452 
35.58 	 0.00015237208188249846 
35.6 	 0.00015582284121174464 
35.62 	 0.0001597095332821544 
35.64 	 0.00016339054534424127 
35.66 	 0.000166976342089623 
35.68 	 0.00017007595468009293 
35.7 	 0.00017277970403064186 
35.72 	 0.00017490610585297649 
35.74 	 0.00017654203432924286 
35.76 	 0.00017765287223460162 
35.78 	 0.00017832675249697196 
35.8 	 0.00017861447218133197 
35.82 	 0.00017860579951233728 
35.84 	 0.00017838738391498133 
35.86 	 0.00017805387661853802 
35.88 	 0.0001776974825370527 
35.9 	 0.00017742407199163837 
35.92 	 0.00017732589537039693 
35.94 	 0.00017752181507653555 
35.96 	 0.00017812715277412507 
35.98 	 0.0001792546637888675 
36.0 	 0.00018109926268903754 
36.02 	 0.00018370300413136302 
36.04 	 0.00018744168690366006 
36.06 	 0.00019214896297056852 
36.08 	 0.000198546151901294 
36.1 	 0.0002060279962088283 
36.12 	 0.00021590571288016754 
36.14 	 0.0002268125359409977 
36.16 	 0.00024096894814983405 
36.18 	 0.0002558626873929856 
36.2 	 0.00027497261015272523 
36.22 	 0.00029426263860301774 
36.24 	 0.00031875281176318244 
36.26 	 0.0003426193945349192 
36.28 	 0.0003724976040022073 
36.3 	 0.00040077616269184945 
36.32 	 0.0004354095649112839 
36.34 	 0.0004674232026991123 
36.36 	 0.0005053143097483868 
36.38 	 0.0005396786145507131 
36.4 	 0.0005783521112410652 
36.42 	 0.0006128253761100552 
36.44 	 0.000648963753614631 
36.46 	 0.0006804592816590344 
36.48 	 0.0007103622854695844 
36.5 	 0.0007352404653922743 
36.52 	 0.0007555344091839551 
36.54 	 0.0007702077059042798 
36.56 	 0.0007785742313564521 
36.58 	 0.0007802946615129855 
36.6 	 0.000775940168085167 
36.62 	 0.000763492863002304 
36.64 	 0.0007471941080808355 
36.66 	 0.0007212186884285377 
36.68 	 0.0006949863311680504 
36.7 	 0.0006578170367100145 
36.72 	 0.000624375185401664 
36.74 	 0.0005795128853180775 
36.76 	 0.0005418103379196185 
36.78 	 0.000493261153560553 
36.8 	 0.0004541367068053694 
36.82 	 0.0004058244158473756 
36.84 	 0.00036783702810474963 
36.86 	 0.0003231909217929376 
36.88 	 0.0002885637197431452 
36.9 	 0.00025029290243000084 
36.92 	 0.00022091444267447716 
36.94 	 0.000190937525458627 
36.96 	 0.0001683833066346062 
36.98 	 0.00014787014041279603 
37.0 	 0.00013342258467709419 
37.02 	 0.00012289914932566145 
37.04 	 0.00011754644467015172 
37.06 	 0.00011701342582614676 
37.08 	 0.00012140602898071289 
37.1 	 0.00013043366186494987 
37.12 	 0.00014478601349026285 
37.14 	 0.00016257065729628588 
37.16 	 0.00018652078581136349 
37.18 	 0.00021190991633211338 
37.2 	 0.0002443830112444328 
37.22 	 0.0002758855336649398 
37.24 	 0.00031503080652487195 
37.26 	 0.00035083191388086987 
37.28 	 0.0003940978577490848 
37.3 	 0.00043210136061616014 
37.32 	 0.000476479417850149 
37.34 	 0.0005144082027857929 
37.36 	 0.0005568241308294296 
37.38 	 0.0005924133499296767 
37.4 	 0.00063020347384132 
37.42 	 0.0006615086755037596 
37.44 	 0.0006928975235663531 
37.46 	 0.0007186991494752238 
37.48 	 0.0007431855484897886 
37.5 	 0.0007633969430719189 
37.52 	 0.0007819407438038847 
37.54 	 0.0007978407733473402 
37.56 	 0.0008127316017136347 
37.58 	 0.0008268118347081636 
37.6 	 0.0008411383308090273 
37.62 	 0.0008564554871734542 
37.64 	 0.0008732141278514688 
37.66 	 0.0008923653627888812 
37.68 	 0.0009134260708420365 
37.7 	 0.0009374874460997798 
37.72 	 0.0009627785867456913 
37.74 	 0.0009906190459881916 
37.76 	 0.001017904817361158 
37.78 	 0.0010461846692319827 
37.8 	 0.0010716263366204102 
37.82 	 0.0010955798095710278 
37.84 	 0.00111493667217839 
37.86 	 0.0011297648725110089 
37.88 	 0.0011397648950297377 
37.9 	 0.0011421711901519335 
37.92 	 0.001141482372893319 
37.94 	 0.0011307235341686077 
37.96 	 0.001120171416265463 
37.98 	 0.0010981604900499912 
38.0 	 0.0010802140555935644 
38.02 	 0.0010506615901098798 
38.04 	 0.001028495479308557 
38.06 	 0.00099552082400466 
38.08 	 0.0009720288007438912 
38.1 	 0.0009388348871897582 
38.12 	 0.0009158818957675812 
38.14 	 0.0008839493958444147 
38.16 	 0.0008620313444032898 
38.18 	 0.000831029649385668 
38.2 	 0.0008094084083363816 
38.22 	 0.0007777842850454576 
38.24 	 0.0007550478918680016 
38.26 	 0.0007210540917916438 
38.28 	 0.0006959033007016092 
38.3 	 0.0006586616133898199 
38.32 	 0.0006306116354517279 
38.34 	 0.0005907514560504287 
38.36 	 0.0005604631721692448 
38.38 	 0.0005200534958637995 
38.4 	 0.0004891880180979248 
38.42 	 0.00045104823942420535 
38.44 	 0.00042176357967668927 
38.46 	 0.00038855226387070915 
38.48 	 0.0003628919140302786 
38.5 	 0.0003364063328281822 
38.52 	 0.000315813685735128 
38.54 	 0.00029671005033908793 
38.56 	 0.0002817888008957913 
38.58 	 0.00026967247396546664 
38.6 	 0.00026018947262670375 
38.62 	 0.000253902687696312 
38.64 	 0.00024896172872236426 
38.66 	 0.00024692604826096647 
38.68 	 0.00024524125892825345 
38.7 	 0.0002458007040572447 
38.72 	 0.00024602878398350043 
38.74 	 0.0002477945885660586 
38.76 	 0.0002488953579424846 
38.78 	 0.000251077946602429 
38.8 	 0.000252644815812951 
38.82 	 0.00025529996084087454 
38.84 	 0.0002577658744474372 
38.86 	 0.0002618475121430503 
38.88 	 0.0002664761395152294 
38.9 	 0.0002736351790840799 
38.92 	 0.0002822740497514982 
38.94 	 0.0002944620675696726 
38.96 	 0.0003091379056594175 
38.98 	 0.0003281855332505508 
39.0 	 0.0003507018944220784 
39.02 	 0.00037805497869145184 
39.04 	 0.0004097485966215795 
39.06 	 0.0004464401897440926 
39.08 	 0.0004881420800740488 
39.1 	 0.0005349117344135659 
39.12 	 0.0005869870474560918 
39.14 	 0.000644318817888305 
39.16 	 0.000706543063890382 
39.18 	 0.0007743611752689515 
39.2 	 0.000845456892045263 
39.22 	 0.0009223457402268549 
39.24 	 0.0009992754665389284 
39.26 	 0.0010813788111714163 
39.28 	 0.001158817941347342 
39.3 	 0.0012389479862092954 
39.32 	 0.00130948729001253 
39.34 	 0.0013772555758960897 
39.36 	 0.0014326249948376222 
39.38 	 0.0014762811454881377 
39.4 	 0.0015093284936382341 
39.42 	 0.0015192050206264615 
39.44 	 0.0015258712280932511 
39.46 	 0.001498124099252765 
39.48 	 0.0014785966173699206 
39.5 	 0.0014172141360196322 
39.52 	 0.0013758361868381284 
39.54 	 0.001291564245398534 
39.56 	 0.0012356202563699355 
39.58 	 0.0011422927429286468 
39.6 	 0.001080170888865409 
39.62 	 0.0009904687274203726 
39.64 	 0.0009298239651705331 
39.66 	 0.0008524612200543817 
39.68 	 0.0007989087198445544 
39.7 	 0.0007379590205442583 
39.72 	 0.0006945805005555711 
39.74 	 0.0006503973127412649 
39.76 	 0.0006180170923686677 
39.78 	 0.0005887501806642532 
39.8 	 0.0005666589379969623 
39.82 	 0.0005495831327359501 
39.84 	 0.0005362912443572646 
39.86 	 0.0005285911378183324 
39.88 	 0.000522319587209629 
39.9 	 0.0005213441770625355 
39.92 	 0.0005202077855626196 
39.94 	 0.0005234347071216466 
39.96 	 0.0005254745410922257 
39.98 	 0.0005304778987534236 
40.0 	 0.0005337455057547656 
40.02 	 0.0005383547629503774 
40.04 	 0.0005411441502804324 
40.06 	 0.0005437834172275217 
40.08 	 0.0005449461017931435 
40.1 	 0.0005449703272174481 
40.12 	 0.0005441510471441896 
40.14 	 0.0005419546251551504 
40.16 	 0.0005396060704009154 
40.18 	 0.0005363945925418679 
40.2 	 0.0005335395304593691 
40.22 	 0.0005308447619566187 
40.24 	 0.0005286788466571045 
40.26 	 0.0005278333798466271 
40.28 	 0.0005273363711069258 
40.3 	 0.0005291318878634522 
40.32 	 0.0005308471846506466 
40.34 	 0.0005354925363819995 
40.36 	 0.0005395476626735529 
40.38 	 0.0005468866162704357 
40.4 	 0.0005531978669247277 
40.42 	 0.0005630138938447787 
40.44 	 0.0005715129810164701 
40.46 	 0.0005837016619476334 
40.48 	 0.0005944071336408937 
40.5 	 0.0006088716203791338 
40.52 	 0.0006217247855537786 
40.54 	 0.0006380235790092505 
40.56 	 0.0006525700279083497 
40.58 	 0.0006695281608936074 
40.6 	 0.0006846543783631009 
40.62 	 0.0007002270019752957 
40.64 	 0.0007141665762981136 
40.66 	 0.0007257524391269512 
40.68 	 0.0007364383701144827 
40.7 	 0.0007416028966230904 
40.72 	 0.0007472413745703338 
40.74 	 0.0007445480135106199 
40.76 	 0.0007441579065026608 
40.78 	 0.0007337004811318985 
40.8 	 0.0007273866736131608 
40.82 	 0.0007107683635697007 
40.84 	 0.0006996483786046096 
40.86 	 0.0006794719776476212 
40.88 	 0.0006653474966530658 
40.9 	 0.0006445301146435124 
40.92 	 0.0006294875172886087 
40.94 	 0.0006107212890012595 
40.96 	 0.0005968189436272812 
40.98 	 0.0005823054078439169 
41.0 	 0.0005713916996619679 
41.02 	 0.000562759046990643 
41.04 	 0.000556347278887828 
41.06 	 0.0005545697311836166 
41.08 	 0.0005536616829679016 
41.1 	 0.0005588722169091474 
41.12 	 0.0005637010101216039 
41.14 	 0.0005749495191809554 
41.16 	 0.0005847462434223305 
41.18 	 0.0005998923386751547 
41.2 	 0.0006128594866071113 
41.22 	 0.0006288098294284443 
41.24 	 0.0006424295840542746 
41.26 	 0.000655797439699127 
41.28 	 0.0006674371102370588 
41.3 	 0.0006754661853534521 
41.32 	 0.0006830796632035666 
41.34 	 0.0006844757219440696 
41.36 	 0.0006871471660212298 
41.38 	 0.000682451307377498 
41.4 	 0.0006806009798044943 
41.42 	 0.000671944480717741 
41.44 	 0.0006671481330439166 
41.46 	 0.0006575091389725392 
41.48 	 0.0006519981001647605 
41.5 	 0.0006442534755242744 
41.52 	 0.0006402364485579933 
41.54 	 0.0006363066859974656 
41.56 	 0.0006352946768524529 
41.58 	 0.0006355925481558336 
41.6 	 0.0006379207436156307 
41.62 	 0.0006412311136062175 
41.64 	 0.00064593971149477 
41.66 	 0.0006497898024162872 
41.68 	 0.0006549286161260435 
41.7 	 0.0006563960979790034 
41.72 	 0.0006596683217929404 
41.74 	 0.000656396666801747 
41.76 	 0.0006559200197006976 
41.78 	 0.00064696083733569 
41.8 	 0.000641875794046511 
41.82 	 0.000628006540896294 
41.84 	 0.0006187288427344245 
41.86 	 0.0006021396407372975 
41.88 	 0.0005902004670433543 
41.9 	 0.0005737522065655327 
41.92 	 0.0005613255758124708 
41.94 	 0.0005477391217194779 
41.96 	 0.0005370561107874013 
41.98 	 0.0005283239711743715 
42.0 	 0.0005211758850917686 
42.02 	 0.0005182954737937486 
42.04 	 0.0005157417477599231 
42.06 	 0.000518705745480732 
42.08 	 0.0005209897666545056 
42.1 	 0.0005289140498213281 
42.12 	 0.0005355232393979179 
42.14 	 0.0005468326382157995 
42.16 	 0.0005566412142132663 
42.18 	 0.000569302722451569 
42.2 	 0.0005807711994071431 
42.22 	 0.0005925975523934535 
42.24 	 0.000604022537392198 
42.26 	 0.0006130401251399277 
42.28 	 0.0006228339982667452 
42.3 	 0.0006276461804600147 
42.32 	 0.000634599632970211 
42.34 	 0.0006346384858314608 
42.36 	 0.0006381091472336103 
42.38 	 0.0006336938434551519 
42.4 	 0.000633681104766459 
42.42 	 0.0006258735335415085 
42.44 	 0.0006229701920316373 
42.46 	 0.0006132857154998639 
42.48 	 0.0006085222884172535 
42.5 	 0.0005985777913580774 
42.52 	 0.0005931875716735129 
42.54 	 0.0005843565899340072 
42.56 	 0.0005794968318035113 
42.58 	 0.0005726257723473332 
42.6 	 0.0005691053816550592 
42.62 	 0.0005643459660034845 
42.64 	 0.0005624309085204941 
42.66 	 0.0005592478694004996 
42.68 	 0.0005586192020102985 
42.7 	 0.0005560045447975197 
42.72 	 0.0005559056602547341 
42.74 	 0.0005527551620710494 
42.76 	 0.0005522885272293179 
42.78 	 0.000547805716239579 
42.8 	 0.0005462657197573517 
42.82 	 0.0005402229379855203 
42.84 	 0.0005373291495918485 
42.86 	 0.0005300789459984357 
42.88 	 0.0005260217979325224 
42.9 	 0.0005182819735967451 
42.92 	 0.0005135852685260667 
42.94 	 0.0005061289564073752 
42.96 	 0.0005014175757035022 
42.98 	 0.0004948191018270797 
43.0 	 0.0004906082412826368 
43.02 	 0.0004851310121842655 
43.04 	 0.00048171519649076676 
43.06 	 0.00047733704733048457 
43.08 	 0.00047478736009268885 
43.1 	 0.0004712997591402375 
43.12 	 0.0004695255835283409 
43.14 	 0.0004666377791820515 
43.16 	 0.00046546005315886225 
43.18 	 0.0004628704868496822 
43.2 	 0.0004620756212053381 
43.22 	 0.0004595073435075664 
43.24 	 0.00045887678105154 
43.26 	 0.00045608980838953404 
43.28 	 0.0004554125286489538 
43.3 	 0.0004522059638177168 
43.32 	 0.0004512823257415055 
43.34 	 0.0004474960748099568 
43.36 	 0.000446141555802827 
43.38 	 0.0004416673972930208 
43.4 	 0.0004397267613441168 
43.42 	 0.0004345343265545123 
43.44 	 0.0004319130046127149 
43.46 	 0.0004260814167085147 
43.48 	 0.00042278583405224666 
43.5 	 0.00041651476727675276 
43.52 	 0.00041267544151309387 
43.54 	 0.00040624919302008117 
43.56 	 0.00040209806278328626 
43.58 	 0.00039580156034283803 
43.6 	 0.00039159801396958764 
43.62 	 0.00038561923141375233 
43.64 	 0.00038155485100638053 
43.66 	 0.0003759253057043622 
43.68 	 0.0003720573722451962 
43.7 	 0.00036666459370723355 
43.72 	 0.00036291442045938344 
43.74 	 0.000357578225274395 
43.76 	 0.0003537915086099759 
43.78 	 0.0003483596580980374 
43.8 	 0.0003443911714653435 
43.82 	 0.0003388045099714419 
43.84 	 0.0003345819806696052 
43.86 	 0.0003288847034506086 
43.88 	 0.0003244270480539037 
43.9 	 0.00031873226352368097 
43.92 	 0.00031412707373476784 
43.94 	 0.00030856740677190326 
43.96 	 0.00030393131492567035 
43.98 	 0.00029862106670256404 
44.0 	 0.0002940662013203073 
44.02 	 0.0002890848097154706 
44.04 	 0.0002847012890944958 
44.06 	 0.0002800924970840127 
44.08 	 0.000275943546764714 
44.1 	 0.0002717198617051872 
44.12 	 0.00026784150489977764 
44.14 	 0.0002639883244412588 
44.16 	 0.00026038959540891095 
44.18 	 0.00025687035501559486 
44.2 	 0.00025353597967452314 
44.22 	 0.0002503017305103965 
44.24 	 0.00024720052629679157 
44.26 	 0.00024420318415773894 
44.28 	 0.00024130094663187614 
44.3 	 0.0002385040951623923 
44.32 	 0.0002357744873999154 
44.34 	 0.00023315543381825912 
44.36 	 0.00023058248289758616 
44.38 	 0.0002281254896759247 
44.4 	 0.0002256976210343313 
44.42 	 0.00022338532768113902 
44.44 	 0.00022108778171150482 
44.46 	 0.00021889879506496607 
44.48 	 0.00021671201458569174 
44.5 	 0.00021462627235779855 
44.52 	 0.00021253154764061747 
44.54 	 0.00021053744655805172 
44.56 	 0.00020852388546439444 
44.58 	 0.00020661967885930043 
44.6 	 0.0002046854240771388 
44.62 	 0.00020287325980040393 
44.64 	 0.00020101967019393044 
44.66 	 0.0001992978823114312 
44.68 	 0.00019752223879997523 
44.7 	 0.00019588310868280738 
44.72 	 0.00019417669369994694 
44.74 	 0.00019261162466264057 
44.76 	 0.0001909648355964579 
44.78 	 0.00018947210798636805 
44.8 	 0.00018788188708641215 
44.82 	 0.00018647034458216895 
44.84 	 0.00018494372174971739 
44.86 	 0.00018363025785620308 
44.88 	 0.00018218227490968526 
44.9 	 0.00018098708917802967 
44.92 	 0.00017963710969984615 
44.94 	 0.0001785823164647893 
44.96 	 0.00017735397692495664 
44.98 	 0.0001764667263525184 
45.0 	 0.00017539228074317203 
45.02 	 0.00017470739331736885 
45.04 	 0.0001738312355765224 
45.06 	 0.000173386361185936 
45.08 	 0.00017276069339982236 
45.1 	 0.0001725811970292329 
45.12 	 0.00017225090423816884 
45.14 	 0.0001723287690326575 
45.16 	 0.00017230935599507475 
45.18 	 0.00017258532736589533 
45.2 	 0.0001728425556815549 
45.22 	 0.00017320093883108756 
45.24 	 0.00017364128728726802 
45.26 	 0.00017392295137236638 
45.28 	 0.00017440094044654332 
45.3 	 0.00017443399722745316 
45.32 	 0.00017477732864808537 
45.34 	 0.00017441807987608269 
45.36 	 0.0001744653895106348 
45.38 	 0.0001736364015143994 
45.4 	 0.00017327651036282607 
45.42 	 0.0001719873374884432 
45.44 	 0.00017118606216036058 
45.46 	 0.0001695277809534289 
45.48 	 0.00016833169606729796 
45.5 	 0.00016644749502237703 
45.52 	 0.00016496349602392003 
45.54 	 0.00016300806208015836 
45.56 	 0.00016136838868888593 
45.58 	 0.0001594723775306577 
45.6 	 0.00015780020196372056 
45.62 	 0.00015605098245950654 
45.64 	 0.00015443853476104592 
45.66 	 0.00015287881751070297 
45.68 	 0.00015138143261236186 
45.7 	 0.0001500197720718625 
45.72 	 0.00014866166425381798 
45.74 	 0.00014748688525750438 
45.76 	 0.00014627202064437385 
45.78 	 0.00014526625830323038 
45.8 	 0.00014418961064306755 
45.82 	 0.00014333810562426898 
45.84 	 0.00014239535242378684 
45.86 	 0.00014169270606889827 
45.88 	 0.00014088757227482748 
45.9 	 0.0001403398334359057 
45.92 	 0.00013968782749980397 
45.94 	 0.00013930914630880164 
45.96 	 0.00013883578686591094 
45.98 	 0.00013863884083617378 
46.0 	 0.00013837096066784138 
46.02 	 0.00013835241080713137 
46.04 	 0.00013830329610297162 
46.06 	 0.00013842867399138477 
46.08 	 0.00013858121866310033 
46.1 	 0.00013877632832044672 
46.12 	 0.00013907141663493602 
46.14 	 0.0001392272082422201 
46.16 	 0.0001395647637225487 
46.18 	 0.00013955807220017612 
46.2 	 0.00013981409661858755 
46.22 	 0.00013953885499215084 
46.24 	 0.00013959451518151628 
46.26 	 0.00013899146146001648 
46.28 	 0.00013876372897232852 
46.3 	 0.00013783597637415427 
46.32 	 0.00013729762411209695 
46.34 	 0.00013610583964607104 
46.36 	 0.00013528718657544427 
46.38 	 0.00013392771023310748 
46.4 	 0.0001329009136555839 
46.42 	 0.00013147716398644334 
46.44 	 0.00013033125088828847 
46.46 	 0.00012892969532967102 
46.48 	 0.0001277469429264873 
46.5 	 0.00012642445262498573 
46.52 	 0.0001252656721926341 
46.54 	 0.0001240487763870004 
46.56 	 0.00012294935448954738 
46.58 	 0.00012184134083755705 
46.6 	 0.00012081520015388931 
46.62 	 0.00011980574677469187 
46.64 	 0.00011885265833431934 
46.66 	 0.00011792607201850095 
46.68 	 0.00011703862702462794 
46.7 	 0.00011617907821712481 
46.72 	 0.00011534755964261599 
46.74 	 0.00011454151500474156 
46.76 	 0.00011375653694148859 
46.78 	 0.00011299337512150697 
46.8 	 0.00011224694568414789 
46.82 	 0.00011151872212706558 
46.84 	 0.00011080447293611143 
46.86 	 0.00011010544146730762 
46.88 	 0.00010941853014615372 
46.9 	 0.00010874468019325554 
46.92 	 0.00010808160676846013 
46.94 	 0.00010743026678923489 
46.96 	 0.00010678867255732142 
46.98 	 0.00010615814957733076 
47.0 	 0.00010553659024599573 
47.02 	 0.000104925806510665 
47.04 	 0.00010432347351451376 
47.06 	 0.00010373158287623679 
47.08 	 0.0001031479593712306 
47.1 	 0.00010257396088832894 
47.12 	 0.00010200843057937149 
47.14 	 0.00010145083700018997 
47.16 	 0.00010090230774850199 
47.18 	 0.00010035895794059537 
47.2 	 9.982560171837347e-05 
47.22 	 9.929370511840835e-05 
47.24 	 9.877292341059973e-05 
47.26 	 9.824937154613765e-05 
47.28 	 9.773804614395653e-05 
47.3 	 9.721992724402462e-05 
47.32 	 9.671491341305068e-05 
47.34 	 9.620006377410605e-05 
47.36 	 9.569876902267225e-05 
47.38 	 9.518615111306407e-05 
47.4 	 9.468698384522433e-05 
47.42 	 9.417673585469516e-05 
47.44 	 9.3679249010276e-05 
47.46 	 9.317238588759982e-05 
47.48 	 9.26770681114767e-05 
47.5 	 9.217495896010512e-05 
47.52 	 9.168277126513663e-05 
47.54 	 9.118659446331037e-05 
47.56 	 9.06984355640264e-05 
47.58 	 9.020879064270712e-05 
47.6 	 8.972506583919385e-05 
47.62 	 8.92418345728638e-05 
47.64 	 8.876223201663765e-05 
47.66 	 8.828469797150729e-05 
47.68 	 8.780820672419486e-05 
47.7 	 8.73354083095776e-05 
47.72 	 8.686058833060225e-05 
47.74 	 8.639188387210502e-05 
47.76 	 8.591740546478982e-05 
47.78 	 8.54532128192249e-05 
47.8 	 8.497866134097151e-05 
47.82 	 8.452124762784576e-05 
47.84 	 8.404808275695017e-05 
47.86 	 8.360213446392508e-05 
47.88 	 8.313451443929797e-05 
47.9 	 8.270711161129079e-05 
47.92 	 8.225214778248318e-05 
47.94 	 8.185183153194836e-05 
47.96 	 8.141887814985268e-05 
47.98 	 8.105380378519919e-05 
48.0 	 8.065269413235062e-05 
48.02 	 8.032831002274213e-05 
48.04 	 7.996693243883234e-05 
48.06 	 7.968397713533363e-05 
48.08 	 7.936598811614145e-05 
48.1 	 7.911960780189016e-05 
48.12 	 7.884313604606027e-05 
48.14 	 7.862352313768181e-05 
48.16 	 7.838134868413753e-05 
48.18 	 7.817568435852325e-05 
48.2 	 7.795677315775812e-05 
48.22 	 7.775176460130867e-05 
48.24 	 7.754354127714808e-05 
48.26 	 7.732773243014544e-05 
48.28 	 7.71183304937684e-05 
48.3 	 7.688362738575899e-05 
48.32 	 7.666356385628219e-05 
48.34 	 7.64058249102322e-05 
48.36 	 7.616889740954615e-05 
48.38 	 7.588774525055784e-05 
48.4 	 7.56312199697505e-05 
48.42 	 7.532933696703033e-05 
48.44 	 7.50536009920203e-05 
48.46 	 7.473574417265658e-05 
48.48 	 7.444359594508567e-05 
48.5 	 7.411552107049786e-05 
48.52 	 7.38112620787365e-05 
48.54 	 7.347872613293577e-05 
48.56 	 7.316722397863302e-05 
48.58 	 7.283520931735998e-05 
48.6 	 7.252109155811571e-05 
48.62 	 7.219333022747264e-05 
48.64 	 7.188041053496581e-05 
48.66 	 7.155920256949481e-05 
48.68 	 7.125015989706867e-05 
48.7 	 7.093642557088052e-05 
48.72 	 7.063270549062952e-05 
48.74 	 7.032621115723723e-05 
48.76 	 7.002811676149549e-05 
48.78 	 6.972783496866195e-05 
48.8 	 6.943478866393558e-05 
48.82 	 6.91393457193777e-05 
48.84 	 6.885028414516362e-05 
48.86 	 6.855840281082124e-05 
48.88 	 6.82722093763571e-05 
48.9 	 6.798301759376232e-05 
48.92 	 6.76988510738356e-05 
48.94 	 6.741195737079871e-05 
48.96 	 6.712936023236825e-05 
48.98 	 6.684470100971074e-05 
49.0 	 6.65634763974259e-05 
49.02 	 6.628106181314438e-05 
49.04 	 6.60010355111763e-05 
49.06 	 6.572077789706468e-05 
49.08 	 6.544162865316213e-05 
49.1 	 6.516338815531011e-05 
49.12 	 6.488469100039126e-05 
49.14 	 6.460854463412707e-05 
49.16 	 6.43300495124562e-05 
49.18 	 6.405665730099212e-05 
49.2 	 6.377869068991929e-05 
49.22 	 6.350956880128995e-05 
49.24 	 6.323337175078663e-05 
49.26 	 6.297091656324006e-05 
49.28 	 6.26987525337312e-05 
49.3 	 6.244596767371323e-05 
49.32 	 6.218093149697499e-05 
49.34 	 6.194093571712185e-05 
49.36 	 6.168652010072363e-05 
49.38 	 6.146199768957515e-05 
49.4 	 6.122156582740722e-05 
49.42 	 6.10143238821728e-05 
49.44 	 6.079065044689838e-05 
49.46 	 6.0601366593512983e-05 
49.48 	 6.0396335105659044e-05 
49.5 	 6.022445867991476e-05 
49.52 	 6.003888198025156e-05 
49.54 	 5.988256942310052e-05 
49.56 	 5.971601374410755e-05 
49.58 	 5.95720042604978e-05 
49.6 	 5.942252182631854e-05 
49.62 	 5.928599430779469e-05 
49.64 	 5.9149810324395955e-05 
49.66 	 5.9014419349434634e-05 
49.68 	 5.888578830204652e-05 
49.7 	 5.8744127351911845e-05 
49.72 	 5.86156388489336e-05 
49.74 	 5.846024872701351e-05 
49.76 	 5.832374494660946e-05 
49.78 	 5.814851963377064e-05 
49.8 	 5.799652109113342e-05 
49.82 	 5.779810503113214e-05 
49.84 	 5.7625363709965104e-05 
49.86 	 5.7404036381447315e-05 
49.88 	 5.720869786233726e-05 
49.9 	 5.696837440849467e-05 
49.92 	 5.675231871068013e-05 
49.94 	 5.649961003723797e-05 
49.96 	 5.626782800748921e-05 
49.98 	 5.601045703601282e-05 
50.0 	 5.5769678020993504e-05 
50.02 	 5.551477634857249e-05 
50.04 	 5.527182635816342e-05 
50.06 	 5.502463586599552e-05 
50.08 	 5.478505344952264e-05 
50.1 	 5.4548345281867287e-05 
50.12 	 5.4315609423363456e-05 
50.14 	 5.408982925713303e-05 
50.16 	 5.386526967855051e-05 
50.18 	 5.36491777689252e-05 
50.2 	 5.343239705937447e-05 
50.22 	 5.322389111232549e-05 
50.24 	 5.301343247545786e-05 
50.26 	 5.2810310935491666e-05 
50.28 	 5.260435205089102e-05 
50.3 	 5.24049017036493e-05 
50.32 	 5.2201857577602224e-05 
50.34 	 5.2005233814177696e-05 
50.36 	 5.180421642327842e-05 
50.38 	 5.161059613853619e-05 
50.4 	 5.141167921371301e-05 
50.42 	 5.122215303173908e-05 
50.44 	 5.102637575192026e-05 
50.46 	 5.084257541589115e-05 
50.48 	 5.0651654020383166e-05 
50.5 	 5.047519514915372e-05 
50.52 	 5.029100478153844e-05 
50.54 	 5.0122909147409265e-05 
50.56 	 4.99468914850451e-05 
50.58 	 4.978717199082311e-05 
50.6 	 4.9619854544290494e-05 
50.62 	 4.946739042412251e-05 
50.64 	 4.930816253358783e-05 
50.66 	 4.916090205040323e-05 
50.68 	 4.900811561365291e-05 
50.7 	 4.886355213953751e-05 
50.72 	 4.871492555197965e-05 
50.74 	 4.857070428892881e-05 
50.76 	 4.842390569713565e-05 
50.78 	 4.827834869181466e-05 
50.8 	 4.81315441880402e-05 
50.82 	 4.798389014992245e-05 
50.84 	 4.783603730675368e-05 
50.86 	 4.768632594280053e-05 
50.88 	 4.753712457008439e-05 
50.9 	 4.73858538936296e-05 
50.92 	 4.7235468723447104e-05 
50.94 	 4.7083265220846644e-05 
50.96 	 4.6932048230803314e-05 
50.98 	 4.677951108478435e-05 
51.0 	 4.6627872555733246e-05 
51.02 	 4.647555878914081e-05 
51.04 	 4.632394806195041e-05 
51.06 	 4.617235038525986e-05 
51.08 	 4.602120600191157e-05 
51.1 	 4.5870650048760005e-05 
51.12 	 4.5720265171512883e-05 
51.14 	 4.557081764214855e-05 
51.16 	 4.542122922620997e-05 
51.18 	 4.527276026381957e-05 
51.2 	 4.5123808200222155e-05 
51.22 	 4.497621518009278e-05 
51.24 	 4.482776940076783e-05 
51.26 	 4.468118931306129e-05 
51.28 	 4.453336324589676e-05 
51.3 	 4.438818179259862e-05 
51.32 	 4.42413401282077e-05 
51.34 	 4.4097982704392234e-05 
51.36 	 4.3952532804170916e-05 
51.38 	 4.3811220079105626e-05 
51.4 	 4.366736885152799e-05 
51.42 	 4.3528042980878785e-05 
51.44 	 4.3385718209953294e-05 
51.46 	 4.3248186518451566e-05 
51.48 	 4.31071660440808e-05 
51.5 	 4.297133980149467e-05 
51.52 	 4.283147551975994e-05 
51.54 	 4.269755883594877e-05 
51.56 	 4.2558969282650184e-05 
51.58 	 4.242755822173245e-05 
51.6 	 4.229076378239048e-05 
51.62 	 4.21628996119531e-05 
51.64 	 4.202894177792232e-05 
51.66 	 4.190612583936745e-05 
51.68 	 4.177665970672732e-05 
51.7 	 4.166073680460684e-05 
51.72 	 4.1537979275302564e-05 
51.74 	 4.143076894154545e-05 
51.76 	 4.131715992483091e-05 
51.78 	 4.121982564800977e-05 
51.8 	 4.111737546272435e-05 
51.82 	 4.1029700424939345e-05 
51.84 	 4.093918144718338e-05 
51.86 	 4.0859033804224525e-05 
51.88 	 4.0779300119092335e-05 
51.9 	 4.070254438151073e-05 
51.92 	 4.063025488238943e-05 
51.94 	 4.05512200974343e-05 
51.96 	 4.04811147905757e-05 
51.98 	 4.039354268143137e-05 
52.0 	 4.0319246299797165e-05 
52.02 	 4.021748520591403e-05 
52.04 	 4.0132649721703774e-05 
52.06 	 4.001277486660106e-05 
52.08 	 3.9912263586900347e-05 
52.1 	 3.9772812089661405e-05 
52.12 	 3.9653601594551025e-05 
52.14 	 3.949571930540942e-05 
52.16 	 3.9357272697981054e-05 
52.18 	 3.918425973690698e-05 
52.2 	 3.902829937967072e-05 
52.22 	 3.884475005961781e-05 
52.24 	 3.867457449388637e-05 
52.26 	 3.848544330407824e-05 
52.28 	 3.830509473915065e-05 
52.3 	 3.8115008192931505e-05 
52.32 	 3.7928614749570565e-05 
52.34 	 3.774158274125106e-05 
52.36 	 3.7553052010139506e-05 
52.38 	 3.7372492625365224e-05 
52.4 	 3.718549341091809e-05 
52.42 	 3.7014306267059966e-05 
52.44 	 3.6832282322084306e-05 
52.46 	 3.667270284357874e-05 
52.48 	 3.6498644252124964e-05 
52.5 	 3.635180594631122e-05 
52.52 	 3.618769447812698e-05 
52.54 	 3.605311290409529e-05 
52.56 	 3.589925557999792e-05 
52.58 	 3.577463996915336e-05 
52.6 	 3.562931743306684e-05 
52.62 	 3.551106230913694e-05 
52.64 	 3.537088429031214e-05 
52.66 	 3.525529215588522e-05 
52.68 	 3.511636273508331e-05 
52.7 	 3.500126366258434e-05 
52.72 	 3.486087107008789e-05 
52.74 	 3.474705056107076e-05 
52.76 	 3.460531460654646e-05 
52.78 	 3.449715167579239e-05 
52.8 	 3.4357997615590096e-05 
52.82 	 3.4262917850757676e-05 
52.84 	 3.413388397310145e-05 
52.86 	 3.4060557082993026e-05 
52.88 	 3.3951232586595465e-05 
52.9 	 3.390684284888723e-05 
52.92 	 3.382615659407913e-05 
52.94 	 3.3813512649629564e-05 
52.96 	 3.376661106440065e-05 
52.98 	 3.3782190509660716e-05 
53.0 	 3.376806061751573e-05 
53.02 	 3.380201940349351e-05 
53.04 	 3.381299981905353e-05 
53.06 	 3.38515083339351e-05 
53.08 	 3.387517509906178e-05 
53.1 	 3.390434965807231e-05 
53.12 	 3.392716586766519e-05 
53.14 	 3.3936958480462806e-05 
53.16 	 3.394814617404009e-05 
53.18 	 3.39344887937718e-05 
53.2 	 3.392844020033124e-05 
53.22 	 3.3892849884955496e-05 
53.24 	 3.386918907680855e-05 
53.26 	 3.381637269411699e-05 
53.28 	 3.3778024879105247e-05 
53.3 	 3.3712933412361975e-05 
53.32 	 3.3663479386423494e-05 
53.34 	 3.358925236001484e-05 
53.36 	 3.3530930822484865e-05 
53.38 	 3.344839777083056e-05 
53.4 	 3.338146129251565e-05 
53.42 	 3.3289934951112664e-05 
53.44 	 3.321321043165005e-05 
53.46 	 3.3111782511411396e-05 
53.48 	 3.302377333105215e-05 
53.5 	 3.2912381021621595e-05 
53.52 	 3.2812258145762345e-05 
53.54 	 3.269220082203053e-05 
53.56 	 3.25803727259739e-05 
53.58 	 3.2454354323296965e-05 
53.6 	 3.2332649106172886e-05 
53.62 	 3.220456816910079e-05 
53.64 	 3.20761889696182e-05 
53.66 	 3.195081176818326e-05 
53.68 	 3.182015031408718e-05 
53.7 	 3.1702667443682255e-05 
53.72 	 3.1574950485192444e-05 
53.74 	 3.1470397788187686e-05 
53.76 	 3.1351145601421685e-05 
53.78 	 3.1263765722022426e-05 
53.8 	 3.1158148097726826e-05 
53.82 	 3.1090839820801107e-05 
53.84 	 3.1003079743010224e-05 
53.86 	 3.0957019140294664e-05 
53.88 	 3.088991867554865e-05 
53.9 	 3.08643008708328e-05 
53.92 	 3.081882730409441e-05 
53.94 	 3.081065145886331e-05 
53.96 	 3.0785513688174196e-05 
53.98 	 3.078950423175176e-05 
54.0 	 3.0780846190738194e-05 
54.02 	 3.07898161828427e-05 
54.04 	 3.079138158544597e-05 
54.06 	 3.079731232393046e-05 
54.08 	 3.08013982272806e-05 
54.1 	 3.0797114393925644e-05 
54.12 	 3.079621990209261e-05 
54.14 	 3.077702754620299e-05 
54.16 	 3.0765572981836193e-05 
54.18 	 3.0730053124356956e-05 
54.2 	 3.0705347467754315e-05 
54.22 	 3.065491017967902e-05 
54.24 	 3.061693060407247e-05 
54.26 	 3.0554492310858684e-05 
54.28 	 3.050478218818562e-05 
54.3 	 3.0433454561225766e-05 
54.32 	 3.0373979611923384e-05 
54.34 	 3.0296522049661983e-05 
54.36 	 3.022921409070866e-05 
54.38 	 3.0148309187438246e-05 
54.4 	 3.0075363236084243e-05 
54.42 	 2.9994096671950716e-05 
54.44 	 2.9918426797075434e-05 
54.46 	 2.9840245178232713e-05 
54.48 	 2.976539683685762e-05 
54.5 	 2.9693347268045464e-05 
54.52 	 2.9622682395568883e-05 
54.54 	 2.9558438249818587e-05 
54.56 	 2.949409901532303e-05 
54.58 	 2.9437550105878987e-05 
54.6 	 2.937997980788592e-05 
54.62 	 2.9329782806104335e-05 
54.64 	 2.9278209292855118e-05 
54.66 	 2.9232967599985803e-05 
54.68 	 2.918653923451889e-05 
54.7 	 2.914578911790119e-05 
54.72 	 2.9104558511294905e-05 
54.74 	 2.9068854320937697e-05 
54.76 	 2.9033896465465996e-05 
54.78 	 2.900390921980032e-05 
54.8 	 2.8976450196423162e-05 
54.82 	 2.8951662487443638e-05 
54.84 	 2.8931752840402612e-05 
54.86 	 2.8909601966644328e-05 
54.88 	 2.8895162437160843e-05 
54.9 	 2.8871215025109458e-05 
54.92 	 2.8858061364578445e-05 
54.94 	 2.8827204849853142e-05 
54.96 	 2.8810102702034818e-05 
54.98 	 2.8768183174664137e-05 
55.0 	 2.8742436747099664e-05 
55.02 	 2.868755737918316e-05 
55.04 	 2.865038460593533e-05 
55.06 	 2.8583286464744806e-05 
55.08 	 2.85343792648769e-05 
55.1 	 2.8457815504276486e-05 
55.12 	 2.8398924444042114e-05 
55.14 	 2.8316438527472576e-05 
55.16 	 2.825031562575062e-05 
55.18 	 2.8165081468313272e-05 
55.2 	 2.809439737441573e-05 
55.22 	 2.800865162091611e-05 
55.24 	 2.7935422781488193e-05 
55.26 	 2.7850606328222767e-05 
55.28 	 2.7776285355494147e-05 
55.3 	 2.7693571712920194e-05 
55.32 	 2.7619518224654423e-05 
55.34 	 2.754021275912143e-05 
55.36 	 2.7468050237871153e-05 
55.38 	 2.7393504372005956e-05 
55.4 	 2.732500325209942e-05 
55.42 	 2.7256075259347194e-05 
55.44 	 2.719257410328137e-05 
55.46 	 2.7129017062626743e-05 
55.48 	 2.7070746150277662e-05 
55.5 	 2.701098962322984e-05 
55.52 	 2.6956767128758765e-05 
55.54 	 2.6898337538291533e-05 
55.56 	 2.684590963731889e-05 
55.58 	 2.6786352016781732e-05 
55.6 	 2.6733276337116434e-05 
55.62 	 2.6671132491260295e-05 
55.64 	 2.6615785547542256e-05 
55.66 	 2.6551131160857234e-05 
55.68 	 2.6493338162303778e-05 
55.7 	 2.642760918195576e-05 
55.72 	 2.6368590217665505e-05 
55.74 	 2.6303801269906157e-05 
55.76 	 2.62454858681668e-05 
55.78 	 2.6183249389416615e-05 
55.8 	 2.612732974588752e-05 
55.82 	 2.606815990076441e-05 
55.84 	 2.6015359120842873e-05 
55.86 	 2.5958561373129112e-05 
55.88 	 2.5908440864874944e-05 
55.9 	 2.5852562096419488e-05 
55.92 	 2.5803882858358848e-05 
55.94 	 2.5747415397455805e-05 
55.96 	 2.5698783122199226e-05 
55.98 	 2.5640728704250423e-05 
56.0 	 2.5591145922928156e-05 
56.02 	 2.553118199836317e-05 
56.04 	 2.5480242297626356e-05 
56.06 	 2.5418492637450374e-05 
56.08 	 2.5366194618843276e-05 
56.1 	 2.5302825869759085e-05 
56.12 	 2.5249202665681473e-05 
56.14 	 2.5184125983292224e-05 
56.16 	 2.5128955661617194e-05 
56.18 	 2.506179801211673e-05 
56.2 	 2.5004562710486337e-05 
56.22 	 2.4934882698667772e-05 
56.24 	 2.487496703693599e-05 
56.26 	 2.4802552406520663e-05 
56.28 	 2.4739535874211366e-05 
56.3 	 2.4664604720465776e-05 
56.32 	 2.4598479021736374e-05 
56.34 	 2.452169404916132e-05 
56.36 	 2.4452910598704007e-05 
56.38 	 2.4375228869847315e-05 
56.4 	 2.4304585294268207e-05 
56.42 	 2.4227035464006193e-05 
56.44 	 2.4155478534771686e-05 
56.46 	 2.407896156183226e-05 
56.48 	 2.400739442957888e-05 
56.5 	 2.3932563958796692e-05 
56.52 	 2.3861714593356263e-05 
56.54 	 2.3788945513879976e-05 
56.56 	 2.37193118565767e-05 
56.58 	 2.364873417364676e-05 
56.6 	 2.358059183686527e-05 
56.62 	 2.351215719599634e-05 
56.64 	 2.344560376400455e-05 
56.66 	 2.337915699763229e-05 
56.68 	 2.3314168573960537e-05 
56.7 	 2.3249507406314014e-05 
56.72 	 2.3185990787656003e-05 
56.74 	 2.3122907118805703e-05 
56.76 	 2.306073945958328e-05 
56.78 	 2.2999042785015427e-05 
56.8 	 2.2938097146620663e-05 
56.82 	 2.2877624297224774e-05 
56.84 	 2.2817783289542154e-05 
56.86 	 2.275839955386372e-05 
56.88 	 2.2699560703507442e-05 
56.9 	 2.2641156629189066e-05 
56.92 	 2.258323295262515e-05 
56.94 	 2.25257197358768e-05 
56.96 	 2.246863809955218e-05 
56.98 	 2.2411943143272352e-05 
57.0 	 2.2355641979795792e-05 
57.02 	 2.2299705243373457e-05 
57.04 	 2.2244132387510506e-05 
57.06 	 2.2188903605209027e-05 
57.08 	 2.213401450639157e-05 
57.1 	 2.2079451119927038e-05 
57.12 	 2.2025207435257756e-05 
57.14 	 2.1971273043344252e-05 
57.16 	 2.1917641531155693e-05 
57.18 	 2.1864304697756795e-05 
57.2 	 2.1811256330451973e-05 
57.22 	 2.175848964863881e-05 
57.24 	 2.1705998889207165e-05 
57.26 	 2.1653778238701588e-05 
57.28 	 2.1601822447868255e-05 
57.3 	 2.15501264068165e-05 
57.32 	 2.1498685359865895e-05 
57.34 	 2.1447494741082296e-05 
57.36 	 2.1396550237439294e-05 
57.38 	 2.1345847723681396e-05 
57.4 	 2.129538327325415e-05 
57.42 	 2.1245153129437716e-05 
57.44 	 2.1195153700644083e-05 
57.46 	 2.1145381544737985e-05 
57.48 	 2.109583336092682e-05 
57.5 	 2.104650597926231e-05 
57.52 	 2.0997396352699233e-05 
57.54 	 2.0948501549050924e-05 
57.56 	 2.089981874403349e-05 
57.58 	 2.0851345214695745e-05 
57.6 	 2.080307833347773e-05 
57.62 	 2.075501556269246e-05 
57.64 	 2.0707154449463296e-05 
57.66 	 2.0659492621027185e-05 
57.68 	 2.061202778039843e-05 
57.7 	 2.05647577023361e-05 
57.72 	 2.0517680229610117e-05 
57.74 	 2.0470793269515555e-05 
57.76 	 2.0424094790638422e-05 
57.78 	 2.0377582819826022e-05 
57.8 	 2.033125543936896e-05 
57.82 	 2.0285110784356593e-05 
57.84 	 2.0239147040208518e-05 
57.86 	 2.019336244035543e-05 
57.88 	 2.014775526406716e-05 
57.9 	 2.010232383441054e-05 
57.92 	 2.005706651632799e-05 
57.94 	 2.0011981714835362e-05 
57.96 	 1.9967067873315465e-05 
57.98 	 1.9922323471917085e-05 
58.0 	 1.9877747026039033e-05 
58.02 	 1.9833337084901575e-05 
58.04 	 1.97890922301936e-05 
58.06 	 1.9745011074796297e-05 
58.08 	 1.9701092261568916e-05 
58.1 	 1.9657334462205932e-05 
58.12 	 1.9613736376147244e-05 
58.14 	 1.9570296729547374e-05 
58.16 	 1.9527014274296315e-05 
58.18 	 1.9483887787087076e-05 
58.2 	 1.944091606853407e-05 
58.22 	 1.9398097942327598e-05 
58.24 	 1.9355432254436936e-05 
58.26 	 1.9312917872343948e-05 
58.28 	 1.9270553684316274e-05 
58.3 	 1.922833859871544e-05 
58.32 	 1.918627154333361e-05 
58.34 	 1.9144351464762294e-05 
58.36 	 1.9102577327788733e-05 
58.38 	 1.906094811481987e-05 
58.4 	 1.9019462825330634e-05 
58.42 	 1.897812047533641e-05 
58.44 	 1.893692009688609e-05 
58.46 	 1.889586073758381e-05 
58.48 	 1.885494146012065e-05 
58.5 	 1.881416134183275e-05 
58.52 	 1.877351947427646e-05 
58.54 	 1.8733014962817388e-05 
58.56 	 1.8692646926241553e-05 
58.58 	 1.865241449637728e-05 
58.6 	 1.8612316817733168e-05 
58.62 	 1.857235304715234e-05 
58.64 	 1.853252235347719e-05 
58.66 	 1.8492823917228878e-05 
58.68 	 1.845325693029842e-05 
58.7 	 1.8413820595647583e-05 
58.72 	 1.8374514127027024e-05 
58.74 	 1.8335336748692912e-05 
58.76 	 1.829628769514929e-05 
58.78 	 1.825736621088645e-05 
58.8 	 1.821857155013615e-05 
58.82 	 1.8179902976633807e-05 
58.84 	 1.8141359763385886e-05 
58.86 	 1.8102941192452216e-05 
58.88 	 1.8064646554727758e-05 
58.9 	 1.8026475149737637e-05 
58.92 	 1.798842628543776e-05 
58.94 	 1.795049927802053e-05 
58.96 	 1.791269345172836e-05 
58.98 	 1.787500813867362e-05 
59.0 	 1.7837442678662565e-05 
59.02 	 1.7799996419028833e-05 
59.04 	 1.7762668714466607e-05 
59.06 	 1.772545892687519e-05 
59.08 	 1.7688366425203152e-05 
59.1 	 1.765139058530187e-05 
59.12 	 1.761453078978007e-05 
59.14 	 1.7577786427864817e-05 
59.16 	 1.7541156895266226e-05 
59.18 	 1.750464159404631e-05 
59.2 	 1.7468239932491433e-05 
59.22 	 1.7431951324989253e-05 
59.24 	 1.7395775191907893e-05 
59.26 	 1.7359710959481867e-05 
59.28 	 1.732375805969596e-05 
59.3 	 1.7287915930178608e-05 
59.32 	 1.7252184014092728e-05 
59.34 	 1.7216561760035546e-05 
59.36 	 1.7181048621933035e-05 
59.38 	 1.714564405894654e-05 
59.4 	 1.7110347535375858e-05 
59.42 	 1.7075158520567012e-05 
59.44 	 1.7040076488821576e-05 
59.46 	 1.7005100919309714e-05 
59.48 	 1.6970231295986092e-05 
59.5 	 1.693546710750399e-05 
59.52 	 1.690080784713772e-05 
59.54 	 1.6866253012701896e-05 
59.56 	 1.6831802106476184e-05 
59.58 	 1.6797454635129143e-05 
59.6 	 1.6763210109647124e-05 
59.62 	 1.672906804526263e-05 
59.64 	 1.6695027961385003e-05 
59.66 	 1.6661089381532834e-05 
59.68 	 1.6627251833269982e-05 
59.7 	 1.6593514848140173e-05 
59.72 	 1.655987796160334e-05 
59.74 	 1.6526340712977306e-05 
59.76 	 1.6492902645376705e-05 
59.78 	 1.6459563305654004e-05 
59.8 	 1.6426322244345464e-05 
59.82 	 1.6393179015613294e-05 
59.84 	 1.6360133177192262e-05 
59.86 	 1.632718429033792e-05 
59.88 	 1.62943319197734e-05 
59.9 	 1.6261575633640057e-05 
59.92 	 1.6228915003447062e-05 
59.94 	 1.6196349604024944e-05 
59.96 	 1.6163879013478424e-05 
59.98 	 1.6131502813136446e-05 
