0.0 	 1.130327211357154 
0.02 	 1.1253398233643552 
0.04 	 1.1233317009622614 
0.06 	 1.121209564211925 
0.08 	 1.1200757232556557 
0.1 	 1.1187871685439927 
0.12 	 1.1179695873408686 
0.14 	 1.1171220451721227 
0.16 	 1.1165465076202876 
0.18 	 1.1160221657681992 
0.2 	 1.1156694371594549 
0.22 	 1.115381714625708 
0.24 	 1.1152170928863365 
0.26 	 1.1150736946626951 
0.28 	 1.1150370955885032 
0.3 	 1.114945601114664 
0.32 	 1.1149626572071512 
0.34 	 1.1148466306019704 
0.36 	 1.1148468772814935 
0.38 	 1.1146603995564173 
0.4 	 1.114594586514585 
0.42 	 1.1143296453819855 
0.44 	 1.114181193886034 
0.46 	 1.1138656895069492 
0.48 	 1.1136533148511107 
0.5 	 1.1133397998696246 
0.52 	 1.1131102807630302 
0.54 	 1.1128579651504587 
0.56 	 1.1126706176296604 
0.58 	 1.1125254721383044 
0.6 	 1.112432657422389 
0.62 	 1.1124115405416661 
0.64 	 1.1124411737413706 
0.66 	 1.1125248700212473 
0.68 	 1.1126703407322307 
0.7 	 1.112807517487946 
0.72 	 1.113027917352924 
0.74 	 1.1131486342800387 
0.76 	 1.1133790165361097 
0.78 	 1.1134138707353767 
0.8 	 1.113582653309952 
0.82 	 1.1134823354404353 
0.84 	 1.1135312469895735 
0.86 	 1.1132810241765576 
0.88 	 1.113182046824022 
0.9 	 1.112806479772509 
0.92 	 1.112570299202182 
0.94 	 1.1121257710782453 
0.96 	 1.1117980371722709 
0.98 	 1.111354543497423 
1.0 	 1.1110001313786355 
1.02 	 1.1106182178515882 
1.04 	 1.110298637994294 
1.06 	 1.1100102143583293 
1.08 	 1.1097629387494479 
1.1 	 1.109563861377408 
1.12 	 1.1093921769319404 
1.14 	 1.1092496387234398 
1.16 	 1.1091271407722763 
1.18 	 1.1089981702034641 
1.2 	 1.108885250929308 
1.22 	 1.1087375443431486 
1.24 	 1.10860176854264 
1.26 	 1.1084273765454018 
1.28 	 1.1082582707821849 
1.3 	 1.1080745844585722 
1.32 	 1.1078866159351983 
1.34 	 1.1077254839319033 
1.36 	 1.1075490679288211 
1.38 	 1.1074404418112136 
1.4 	 1.107306573985135 
1.42 	 1.1072650738916998 
1.44 	 1.1071917028319358 
1.46 	 1.1072120628223034 
1.48 	 1.107198417077878 
1.5 	 1.1072605097681747 
1.52 	 1.107290657695806 
1.54 	 1.1073698964663294 
1.56 	 1.1074219679954567 
1.58 	 1.1074990477780378 
1.6 	 1.1075545002935154 
1.62 	 1.1076201494993716 
1.64 	 1.1076687937284961 
1.66 	 1.1077227559951481 
1.68 	 1.1077624532871533 
1.7 	 1.1078089434057419 
1.72 	 1.1078417790985717 
1.74 	 1.107884753603331 
1.76 	 1.1079127161233102 
1.78 	 1.1079534894838257 
1.8 	 1.1079761415011893 
1.82 	 1.10801408930083 
1.84 	 1.1080291494699894 
1.86 	 1.1080645125481436 
1.88 	 1.1080705995045117 
1.9 	 1.108107438880843 
1.92 	 1.1081071661823292 
1.94 	 1.1081545938008892 
1.96 	 1.1081561147272014 
1.98 	 1.10822692577387 
2.0 	 1.1082429070224764 
2.02 	 1.108350174964706 
2.04 	 1.1083945957252697 
2.06 	 1.1085479072583138 
2.08 	 1.10863226489893 
2.1 	 1.108835413694341 
2.12 	 1.1089661575636522 
2.14 	 1.1092171916497569 
2.16 	 1.109395362672613 
2.18 	 1.109688512541267 
2.2 	 1.1099112395640325 
2.22 	 1.1102393612634867 
2.24 	 1.110501967429955 
2.26 	 1.110858231987563 
2.28 	 1.1111557513131145 
2.3 	 1.1115341457379684 
2.32 	 1.1118618072303479 
2.34 	 1.112256855431109 
2.36 	 1.112609871281463 
2.38 	 1.1130162764518126 
2.4 	 1.1133895494386854 
2.42 	 1.1138022041393612 
2.44 	 1.1141903544270306 
2.46 	 1.1146047687981144 
2.48 	 1.1150025502248146 
2.5 	 1.1154155665793326 
2.52 	 1.1158186088318152 
2.54 	 1.1162293042662979 
2.56 	 1.1166351550967217 
2.58 	 1.117045837857672 
2.6 	 1.1174552463418732 
2.62 	 1.117872273856285 
2.64 	 1.118290423923258 
2.66 	 1.1187243522603727 
2.68 	 1.1191614957904812 
2.7 	 1.1196261060486523 
2.72 	 1.1200970656877998 
2.74 	 1.1206072089583556 
2.76 	 1.1211296216583653 
2.78 	 1.121698317094847 
2.8 	 1.122289983255489 
2.82 	 1.1229253591000774 
2.84 	 1.1236011943187376 
2.86 	 1.1243035167547086 
2.88 	 1.125072215727075 
2.9 	 1.1258307877323455 
2.92 	 1.1266908266336588 
2.94 	 1.127480663266967 
2.96 	 1.128415455275397 
2.98 	 1.1291947270512224 
3.0 	 1.130168020456025 
3.02 	 1.1308787519518133 
3.04 	 1.1318331409064717 
3.06 	 1.1324081539018218 
3.08 	 1.1332703421419175 
3.1 	 1.1336476539965903 
3.12 	 1.1343424343772635 
3.14 	 1.1344844002296872 
3.16 	 1.1349552045030948 
3.18 	 1.134865664085646 
3.2 	 1.1350950020967772 
3.22 	 1.1348263774042904 
3.24 	 1.134847461966829 
3.26 	 1.1344926846700758 
3.28 	 1.1343858680476413 
3.3 	 1.1340561138232603 
3.32 	 1.1339297115507867 
3.34 	 1.1337250315543208 
3.36 	 1.1336866418033185 
3.38 	 1.1336695140269684 
3.4 	 1.13379763763445 
3.42 	 1.133977980693325 
3.44 	 1.134303037086628 
3.46 	 1.1346386099919443 
3.48 	 1.1351383869586866 
3.5 	 1.1355492624737122 
3.52 	 1.1361588533795706 
3.54 	 1.1365507073449745 
3.56 	 1.1371828971038227 
3.58 	 1.1374717623814214 
3.6 	 1.1380411609107963 
3.62 	 1.1381720479063506 
3.64 	 1.1386151977108088 
3.66 	 1.1385689096536773 
3.68 	 1.1388537868584099 
3.7 	 1.1386406387243975 
3.72 	 1.1387630721773847 
3.74 	 1.138408009878538 
3.76 	 1.1383786565093288 
3.78 	 1.1379065948913194 
3.8 	 1.1377371287953109 
3.82 	 1.1371669926754948 
3.84 	 1.1368644395777279 
3.86 	 1.1362146766158066 
3.88 	 1.1357873003615389 
3.9 	 1.1350877940568598 
3.92 	 1.1345578720550045 
3.94 	 1.1338586007908946 
3.96 	 1.1332724038240458 
3.98 	 1.1326412000756958 
4.0 	 1.1320681058695905 
4.02 	 1.1315769711476185 
4.04 	 1.131096595148543 
4.06 	 1.1308030661096575 
4.08 	 1.130486460506269 
4.1 	 1.1304187134911714 
4.12 	 1.1303121270063132 
4.14 	 1.1304630036491303 
4.16 	 1.1305794334129335 
4.18 	 1.130908845770025 
4.2 	 1.1312271429954772 
4.22 	 1.1316690837065404 
4.24 	 1.132137426337198 
4.26 	 1.132608986387235 
4.28 	 1.1331509226279608 
4.3 	 1.133563994449879 
4.32 	 1.1340885570917034 
4.34 	 1.1343661166112184 
4.36 	 1.134784522645162 
4.38 	 1.1348804769999872 
4.4 	 1.135128624502985 
4.42 	 1.1350451583469972 
4.44 	 1.1351055023090395 
4.46 	 1.1348990248365203 
4.48 	 1.1348118980384074 
4.5 	 1.1345812233668329 
4.52 	 1.134437682095942 
4.54 	 1.1342953740130297 
4.56 	 1.1342109754516811 
4.58 	 1.1342469114842186 
4.6 	 1.1343246229435926 
4.62 	 1.1345751261034505 
4.64 	 1.1348708227148736 
4.66 	 1.1353047931452391 
4.68 	 1.1358077121841954 
4.7 	 1.1363343904504066 
4.72 	 1.1369686601828715 
4.74 	 1.1374637975775552 
4.76 	 1.1381095764018687 
4.78 	 1.1384513076879428 
4.8 	 1.1389784393427156 
4.82 	 1.1390821541877698 
4.84 	 1.1393864937618714 
4.86 	 1.1392288635912982 
4.88 	 1.1392610705936748 
4.9 	 1.1388864535371084 
4.92 	 1.1386649281513037 
4.94 	 1.1381724068411934 
4.96 	 1.1377765009127945 
4.98 	 1.1372919861179984 
5.0 	 1.136838115229688 
5.02 	 1.1364811550455656 
5.04 	 1.1360906384881937 
5.06 	 1.1359472154107657 
5.08 	 1.1357174118366575 
5.1 	 1.135826883844977 
5.12 	 1.1358147717830636 
5.14 	 1.1361726419206544 
5.16 	 1.1363937198025245 
5.18 	 1.1369654739640735 
5.2 	 1.1374042331840484 
5.22 	 1.1381421887148024 
5.24 	 1.1387667050690051 
5.26 	 1.139622674956891 
5.28 	 1.140396196971767 
5.3 	 1.1413265837321211 
5.32 	 1.1422123544440828 
5.34 	 1.1431768249682472 
5.36 	 1.1441367565179468 
5.38 	 1.1450949065973761 
5.4 	 1.1460861940727767 
5.42 	 1.1469973629883294 
5.44 	 1.1479722927945422 
5.46 	 1.1488016695280239 
5.48 	 1.1497142042410584 
5.5 	 1.1504443967233242 
5.52 	 1.1512631856117304 
5.54 	 1.15190634079878 
5.56 	 1.1526293812630746 
5.58 	 1.1532329960199565 
5.6 	 1.153896655704371 
5.62 	 1.1545379143839454 
5.64 	 1.1552142514845434 
5.66 	 1.1559827261818976 
5.68 	 1.1567639954900997 
5.7 	 1.1577384371889279 
5.72 	 1.1587139862252935 
5.74 	 1.1599423411604546 
5.76 	 1.1611771323352882 
5.78 	 1.1626675498564036 
5.8 	 1.1641906460649862 
5.82 	 1.165915640377324 
5.84 	 1.1677215484922985 
5.86 	 1.1696309321638112 
5.88 	 1.1716900532065873 
5.9 	 1.1737246770598455 
5.92 	 1.175995242347931 
5.94 	 1.1780948494605066 
5.96 	 1.1805296229930347 
5.98 	 1.1826331105668053 
6.0 	 1.1851788629873858 
6.02 	 1.187220754414764 
6.04 	 1.1898140611496917 
6.06 	 1.1917237032323211 
6.08 	 1.19428964440152 
6.1 	 1.1959978583697939 
6.12 	 1.1984567398483983 
6.14 	 1.1999092868989916 
6.16 	 1.2021911825711393 
6.18 	 1.2033627441152903 
6.2 	 1.2054236445135365 
6.22 	 1.206323937424969 
6.24 	 1.208154612699883 
6.26 	 1.2088216710393012 
6.28 	 1.21044333232109 
6.3 	 1.2109262432981847 
6.32 	 1.2123744466270736 
6.34 	 1.2127144099738845 
6.36 	 1.2140198552079748 
6.38 	 1.2142397873568591 
6.4 	 1.2154167339025606 
6.42 	 1.2155245065325488 
6.44 	 1.2165727622580162 
6.46 	 1.2165748911325123 
6.48 	 1.2174929579805933 
6.5 	 1.2174097902635397 
6.52 	 1.2182105620849757 
6.54 	 1.2180843532473609 
6.56 	 1.2188045856513106 
6.58 	 1.2186972870607218 
6.6 	 1.2193971165990234 
6.62 	 1.2193809145102044 
6.64 	 1.2201358815985555 
6.66 	 1.2202825884926467 
6.68 	 1.221173955004382 
6.7 	 1.2215482219006994 
6.72 	 1.2226566368636704 
6.74 	 1.2233143667160604 
6.76 	 1.224718614366877 
6.78 	 1.225708450310842 
6.8 	 1.2274874929207882 
6.82 	 1.2288513939321333 
6.84 	 1.2310857428615398 
6.86 	 1.2328546616081948 
6.88 	 1.2356226166918571 
6.9 	 1.2378047438438282 
6.92 	 1.2411700304810906 
6.94 	 1.243731654801585 
6.96 	 1.2477213883468814 
6.98 	 1.250564045150856 
7.0 	 1.255139887907169 
7.02 	 1.258081642959998 
7.04 	 1.263112104153181 
7.06 	 1.2658837203093234 
7.08 	 1.2711297644793005 
7.1 	 1.2733948641602508 
7.12 	 1.2785205349639752 
7.14 	 1.2799202573077526 
7.16 	 1.2845317259702058 
7.18 	 1.2847409828892713 
7.2 	 1.2884428655492774 
7.22 	 1.2872152398819663 
7.24 	 1.289660272899302 
7.26 	 1.286841277188863 
7.28 	 1.2877493195886627 
7.3 	 1.283255820816693 
7.32 	 1.2823961907731434 
7.34 	 1.2761844155723894 
7.36 	 1.273344608907219 
7.38 	 1.2654030095234396 
7.4 	 1.2603871500654995 
7.42 	 1.2507792938047115 
7.44 	 1.2434710779768239 
7.46 	 1.232419539646949 
7.48 	 1.2229043037169198 
7.5 	 1.2108694563256859 
7.52 	 1.199559361212538 
7.54 	 1.187250854546394 
7.56 	 1.1749274080455228 
7.58 	 1.1632022536984756 
7.6 	 1.1509047133311503 
7.62 	 1.1405521812242199 
7.64 	 1.1293053260880375 
7.66 	 1.1207854418337917 
7.68 	 1.1112584054734105 
7.7 	 1.104519267129624 
7.72 	 1.0967828277274838 
7.74 	 1.0912760811301525 
7.76 	 1.0848014954774567 
7.78 	 1.0797125436925181 
7.8 	 1.073619041529876 
7.82 	 1.0681971196790179 
7.84 	 1.061615297202254 
7.86 	 1.0554459400838538 
7.88 	 1.047833733009449 
7.9 	 1.0409621577328754 
7.92 	 1.032277438512961 
7.94 	 1.0251810017786318 
7.96 	 1.0158945013235998 
7.98 	 1.0093480539535515 
8.0 	 1.0003238672280967 
8.02 	 0.9952048301758978 
8.04 	 0.987489566243574 
8.06 	 0.9845613072233294 
8.08 	 0.9791299021409005 
8.1 	 0.9788442477712036 
8.12 	 0.9763627726481937 
8.14 	 0.9787324605132949 
8.16 	 0.9794056892401753 
8.18 	 0.9839901326450259 
8.2 	 0.9875383162327022 
8.22 	 0.9935427814593234 
8.24 	 0.9992937495278233 
8.26 	 1.0057281665444935 
8.28 	 1.012759300764849 
8.3 	 1.0185873860195993 
8.32 	 1.0258503099934972 
8.34 	 1.0300915987373291 
8.36 	 1.0364917213144067 
8.38 	 1.0382811925969406 
8.4 	 1.0427242282119948 
8.42 	 1.0413540211050958 
8.44 	 1.042788521226349 
8.46 	 1.0377518054905341 
8.48 	 1.0352322731614696 
8.5 	 1.0262749327297176 
8.52 	 1.019055376990005 
8.54 	 1.0062298865138204 
8.56 	 0.9938824377667553 
8.58 	 0.9775957422020312 
8.6 	 0.9601391229353333 
8.62 	 0.9411907729069222 
8.64 	 0.9192108389349424 
8.66 	 0.8988229102087444 
8.68 	 0.8735695208084044 
8.7 	 0.8534077513527902 
8.72 	 0.8268505318220567 
8.74 	 0.8090141863883423 
8.76 	 0.7838144467252044 
8.78 	 0.7707071456325787 
8.8 	 0.7499774083408877 
8.82 	 0.7438544521483441 
8.84 	 0.7304496030808155 
8.86 	 0.7324616905909646 
8.88 	 0.7277436048848374 
8.9 	 0.736970782102311 
8.92 	 0.7399603855246173 
8.94 	 0.7536922240936802 
8.96 	 0.7617731542371394 
8.98 	 0.7770313210401182 
9.0 	 0.7874839376536436 
9.02 	 0.8021931392352718 
9.04 	 0.8130923057650474 
9.06 	 0.8262522441023011 
9.08 	 0.8365521829384572 
9.1 	 0.8479142026319604 
9.12 	 0.8572025876528168 
9.14 	 0.8669098640470525 
9.16 	 0.8751386787185428 
9.18 	 0.88347669741371 
9.2 	 0.8907640316752903 
9.22 	 0.8980244597255631 
9.24 	 0.904535316380387 
9.26 	 0.9109606046386581 
9.28 	 0.9168496935128112 
9.3 	 0.9226243627191807 
9.32 	 0.9280186925939076 
9.34 	 0.9332809855480991 
9.36 	 0.9382824768587424 
9.38 	 0.9431395460207435 
9.4 	 0.9478334107711947 
9.42 	 0.9523714769843024 
9.44 	 0.9568319945987461 
9.46 	 0.9611189354041366 
9.48 	 0.9654091887602876 
9.5 	 0.9694910382901555 
9.52 	 0.9736570275314749 
9.54 	 0.9775523812217097 
9.56 	 0.9816148070197925 
9.58 	 0.9853121471279904 
9.6 	 0.9892607487952879 
9.62 	 0.9927229059527657 
9.64 	 0.9965179829992539 
9.66 	 0.9996952684963119 
9.68 	 1.0032786900300505 
9.7 	 1.0061284285789251 
9.72 	 1.009442677452541 
9.74 	 1.011949461246985 
9.76 	 1.0149595148779897 
9.78 	 1.017149124771509 
9.8 	 1.0198599366078775 
9.82 	 1.0218014239574387 
9.84 	 1.0242645877324958 
9.86 	 1.0260590364237367 
9.88 	 1.0283658150450585 
9.9 	 1.030125088298173 
9.92 	 1.0323878742160904 
9.94 	 1.034209993600297 
9.96 	 1.0365381370843372 
9.98 	 1.038486387475635 
10.0 	 1.0409634217477577 
10.02 	 1.0430540380894124 
10.04 	 1.045721615089146 
10.06 	 1.0479216637808653 
10.08 	 1.050772611835369 
10.1 	 1.0530072483851567 
10.12 	 1.0559879233172065 
10.14 	 1.0581552035048682 
10.16 	 1.0611763655355495 
10.18 	 1.0631674627966934 
10.2 	 1.0661225185133512 
10.22 	 1.067844429989992 
10.24 	 1.0706328468179034 
10.26 	 1.0720290425606351 
10.28 	 1.0745805422465289 
10.3 	 1.0756432770142217 
10.32 	 1.0779357495031838 
10.34 	 1.0787035817506987 
10.36 	 1.0807664526172691 
10.38 	 1.0813036081515448 
10.4 	 1.0832009346099458 
10.42 	 1.0835618084954037 
10.44 	 1.085356489245007 
10.46 	 1.0855463786442117 
10.48 	 1.0872560113799525 
10.5 	 1.0872034218964617 
10.52 	 1.088764064217148 
10.54 	 1.0883168582014804 
10.56 	 1.089568810647805 
10.58 	 1.0885171689788355 
10.6 	 1.0892181126775984 
10.62 	 1.087337904615452 
10.64 	 1.087199867672174 
10.66 	 1.0843063928333616 
10.68 	 1.0830498192507512 
10.7 	 1.0790537892065364 
10.72 	 1.0764735324644574 
10.74 	 1.0714329067989257 
10.76 	 1.0674707869029523 
10.78 	 1.0616287898741217 
10.8 	 1.056440116484633 
10.82 	 1.0502325515263267 
10.84 	 1.0442214650821924 
10.86 	 1.0382321764878923 
10.88 	 1.0320224164404428 
10.9 	 1.0268733695235812 
10.92 	 1.021190767751945 
10.94 	 1.017379294133901 
10.96 	 1.0128591531324025 
10.98 	 1.0105954179486796 
11.0 	 1.0075821887500258 
11.02 	 1.0067091668383656 
11.04 	 1.0051484944306364 
11.06 	 1.0052059414172672 
11.08 	 1.0046972727213817 
11.1 	 1.00511448834995 
11.12 	 1.005105404667833 
11.14 	 1.0054301151651064 
11.16 	 1.005457596539338 
11.18 	 1.0055110129599818 
11.2 	 1.0053791451914322 
11.22 	 1.00527054331786 
11.24 	 1.0050891667484625 
11.26 	 1.0050876180437436 
11.28 	 1.0051539624762802 
11.3 	 1.0054744066726513 
11.32 	 1.0060470362393157 
11.34 	 1.0066518730775131 
11.36 	 1.0077255415345734 
11.38 	 1.0082476296795135 
11.4 	 1.0094480488563995 
11.42 	 1.009283079342937 
11.44 	 1.0099375990120463 
11.46 	 1.008459954436593 
11.48 	 1.007805041968913 
11.5 	 1.0046026241731263 
11.52 	 1.0020339721099327 
11.54 	 0.9970708844301717 
11.56 	 0.9923495874964731 
11.58 	 0.9860183012122978 
11.6 	 0.9793827301914734 
11.62 	 0.972449249095013 
11.64 	 0.9646109360592489 
11.66 	 0.958070192265326 
11.68 	 0.9500865477522207 
11.7 	 0.9449466937348899 
11.72 	 0.9379801673792282 
11.74 	 0.9350099642543694 
11.76 	 0.9300226503764488 
11.78 	 0.9295352174439117 
11.8 	 0.927023979669538 
11.82 	 0.9287974997623708 
11.84 	 0.9286920260738711 
11.86 	 0.9320825775068191 
11.88 	 0.933852972856878 
11.9 	 0.938043262454719 
11.92 	 0.9409416132085008 
11.94 	 0.9451954684671131 
11.96 	 0.948501340326395 
11.98 	 0.9523231633698135 
12.0 	 0.9555057088863933 
12.02 	 0.9586835090002613 
12.04 	 0.9614631271048422 
12.06 	 0.9640270947162511 
12.08 	 0.966360103034227 
12.1 	 0.9684995847836221 
12.12 	 0.9705176994094332 
12.14 	 0.9724891783507731 
12.16 	 0.9744202304390973 
12.18 	 0.976466100392974 
12.2 	 0.9785552105985079 
12.22 	 0.9808438541618372 
12.24 	 0.9832881838196026 
12.26 	 0.9858799324749447 
12.28 	 0.9887850542925639 
12.3 	 0.9916247409301093 
12.32 	 0.9949864761962771 
12.34 	 0.9979198721557805 
12.36 	 1.0016312055358936 
12.38 	 1.0044377386826824 
12.4 	 1.0083142839644543 
12.42 	 1.0107421684046838 
12.44 	 1.0145517534523847 
12.46 	 1.0163385709018926 
12.48 	 1.0198158201000507 
12.5 	 1.0206843176922655 
12.52 	 1.023517235850307 
12.54 	 1.0231542857919103 
12.56 	 1.0249496233866502 
12.58 	 1.0229969853319072 
12.6 	 1.0232560702777425 
12.62 	 1.0193483231749103 
12.64 	 1.0174973034033559 
12.66 	 1.0113639794158944 
12.68 	 1.0068679815121724 
12.7 	 0.9984806655042116 
12.72 	 0.9910330369007241 
12.74 	 0.9807461016807668 
12.76 	 0.9704796960887621 
12.78 	 0.959102723466416 
12.8 	 0.9467389975703916 
12.82 	 0.9354884060531343 
12.84 	 0.9223324315087351 
12.86 	 0.912629981295199 
12.88 	 0.9003439093818323 
12.9 	 0.8934685037124145 
12.92 	 0.8836324399788179 
12.94 	 0.8803168683768684 
12.96 	 0.873927558305545 
12.98 	 0.874103206116345 
13.0 	 0.871284601765692 
13.02 	 0.8741683657211702 
13.04 	 0.8742835978141846 
13.06 	 0.8787697701895795 
13.08 	 0.8808280416775013 
13.1 	 0.8859163153967571 
13.12 	 0.888983884668385 
13.14 	 0.8940144648454698 
13.16 	 0.8974378713477347 
13.18 	 0.9021066542907371 
13.2 	 0.9055420901030085 
13.22 	 0.9097922990111181 
13.24 	 0.9131245147788902 
13.26 	 0.9170141445353647 
13.28 	 0.9202462234705944 
13.3 	 0.9238469713398555 
13.32 	 0.9270095289905117 
13.34 	 0.9303531419635757 
13.36 	 0.9334504995122394 
13.38 	 0.9365153447055664 
13.4 	 0.9395060770742375 
13.42 	 0.9422286591942967 
13.44 	 0.9450296131335789 
13.46 	 0.9473275419326714 
13.48 	 0.9498309249623561 
13.5 	 0.9516290144541841 
13.52 	 0.9537258807755795 
13.54 	 0.9549805623263513 
13.56 	 0.9565862414499169 
13.58 	 0.9573041266187038 
13.6 	 0.9583808464906824 
13.62 	 0.9586272119838318 
13.64 	 0.9591984768628224 
13.66 	 0.9590929450462646 
13.68 	 0.9592453740440183 
13.7 	 0.9589452563148143 
13.72 	 0.9588167538574849 
13.74 	 0.9584918284956162 
13.76 	 0.9582486495049156 
13.78 	 0.9580531851180301 
13.8 	 0.9578612667733007 
13.82 	 0.9579096820035491 
13.84 	 0.9579071142437874 
13.86 	 0.9582590200482727 
13.88 	 0.9585365745609297 
13.9 	 0.9591947441118412 
13.92 	 0.9597893164363303 
13.94 	 0.9607099636878814 
13.96 	 0.9616111896538796 
13.98 	 0.962720904827307 
14.0 	 0.9638855081915951 
14.02 	 0.965096183350326 
14.04 	 0.9664610285892934 
14.06 	 0.9676756974993407 
14.08 	 0.969161792742144 
14.1 	 0.9702703070329517 
14.12 	 0.9717759777980942 
14.14 	 0.9726466072020099 
14.16 	 0.9740355867406907 
14.18 	 0.9745128298814727 
14.2 	 0.9756079777547906 
14.22 	 0.9755256449078132 
14.24 	 0.9761187874131921 
14.26 	 0.9753312192381042 
14.28 	 0.9752142446499427 
14.3 	 0.9736401321793003 
14.32 	 0.9726541094079619 
14.34 	 0.9703201617769326 
14.36 	 0.9684106434650456 
14.38 	 0.9654788104075794 
14.4 	 0.9627391120898773 
14.42 	 0.9595025327412587 
14.44 	 0.9561851639728758 
14.46 	 0.9530252101291105 
14.48 	 0.9495077237940472 
14.5 	 0.9468175015044457 
14.52 	 0.9435246116178796 
14.54 	 0.9416204586332396 
14.56 	 0.9389257283351471 
14.58 	 0.9379796395038988 
14.6 	 0.93612535178592 
14.62 	 0.9361468334008543 
14.64 	 0.9352154539447829 
14.66 	 0.9360877189398726 
14.68 	 0.9360310410634346 
14.7 	 0.9375773975298033 
14.72 	 0.9382783027489761 
14.74 	 0.9403217574972568 
14.76 	 0.9416512810611123 
14.78 	 0.9440420388119503 
14.8 	 0.9458866149489343 
14.82 	 0.9484961424834593 
14.84 	 0.9507529967045132 
14.86 	 0.9534514008391901 
14.88 	 0.9560071350844038 
14.9 	 0.9586439425352049 
14.92 	 0.96135484768919 
14.94 	 0.9637550790263489 
14.96 	 0.9664406834795443 
14.98 	 0.9684171744271317 
15.0 	 0.9708689792554834 
15.02 	 0.9722452291335986 
15.04 	 0.9742467821458718 
15.06 	 0.9748837482877425 
15.08 	 0.9762374175074028 
15.1 	 0.9760597312602162 
15.12 	 0.9766169801665466 
15.14 	 0.9756353732677288 
15.16 	 0.9753276213023452 
15.18 	 0.9736535127037798 
15.2 	 0.9725185495082526 
15.22 	 0.9703650656397591 
15.24 	 0.9685609703695032 
15.26 	 0.966224587773007 
15.28 	 0.964022063551639 
15.3 	 0.9618422021470009 
15.32 	 0.959589460588933 
15.34 	 0.9578896374000503 
15.36 	 0.9559517257368679 
15.38 	 0.9549735751025776 
15.4 	 0.953658065186484 
15.42 	 0.9535056055045733 
15.44 	 0.9529945108762727 
15.46 	 0.9536068522384039 
15.48 	 0.9539158317100147 
15.5 	 0.9550797644112637 
15.52 	 0.9560581348413414 
15.54 	 0.9574592270829964 
15.56 	 0.9588309033248469 
15.58 	 0.9601283658755372 
15.6 	 0.9615606838578048 
15.62 	 0.9624634397394781 
15.64 	 0.9636430533792378 
15.66 	 0.963965211521118 
15.68 	 0.9646597531467473 
15.7 	 0.9643422598517091 
15.72 	 0.9644327856386038 
15.74 	 0.9635310937086294 
15.76 	 0.9630118530022765 
15.78 	 0.9616619839724496 
15.8 	 0.9606169849914912 
15.82 	 0.9589984986602909 
15.84 	 0.9575722741769663 
15.86 	 0.9558823073305928 
15.88 	 0.9542593001045363 
15.9 	 0.9526985361820325 
15.92 	 0.9510919879432431 
15.94 	 0.9498496923104455 
15.96 	 0.9484859681127599 
15.98 	 0.9477081012987606 
16.0 	 0.9467887609863279 
16.02 	 0.9465259310813338 
16.04 	 0.9461639227314095 
16.06 	 0.9463181711299442 
16.08 	 0.9464690338777236 
16.1 	 0.9467738729020969 
16.12 	 0.9471995417422242 
16.14 	 0.9472611300703194 
16.16 	 0.9475574720023003 
16.18 	 0.9469567157534993 
16.2 	 0.9466486247935845 
16.22 	 0.9450726322789444 
16.24 	 0.9437505038917399 
16.26 	 0.9411070706409781 
16.28 	 0.9385617616730246 
16.3 	 0.935036965295401 
16.32 	 0.931349430808088 
16.34 	 0.9273869371967483 
16.36 	 0.9229388857240571 
16.38 	 0.9191410996049004 
16.4 	 0.9145325645125081 
16.42 	 0.9115063217536366 
16.44 	 0.9073965608788108 
16.46 	 0.9055893313915707 
16.48 	 0.9025135168683232 
16.5 	 0.9021002552756553 
16.52 	 0.9003349648890479 
16.54 	 0.9012018227621327 
16.56 	 0.9007327823693947 
16.58 	 0.9025574096434773 
16.6 	 0.9031476175952674 
16.62 	 0.9055269050378171 
16.64 	 0.9068337948898091 
16.66 	 0.9093974389936775 
16.68 	 0.9110800758574159 
16.7 	 0.9135550162740771 
16.72 	 0.9153397015963349 
16.74 	 0.9175656716083276 
16.76 	 0.9192694903786683 
16.78 	 0.921184295326567 
16.8 	 0.9227112624174426 
16.82 	 0.9243240653179916 
16.84 	 0.9256481873677713 
16.86 	 0.927011024194793 
16.88 	 0.9281543715803017 
16.9 	 0.9293358904142586 
16.92 	 0.9303453611336874 
16.94 	 0.9314091095458733 
16.96 	 0.9323349448451151 
16.98 	 0.9333250190490096 
17.0 	 0.9342049452231201 
17.02 	 0.9351411113449376 
17.04 	 0.9359931703152645 
17.06 	 0.9368746659397075 
17.08 	 0.9376986361535652 
17.1 	 0.9385125943871286 
17.12 	 0.9392963951878759 
17.14 	 0.9400257600649383 
17.16 	 0.940751944439757 
17.18 	 0.9413796440387847 
17.2 	 0.9420287565256196 
17.22 	 0.942538207975851 
17.24 	 0.9430888988669532 
17.26 	 0.9434633023458917 
17.28 	 0.9438914167340364 
17.3 	 0.9441145505935371 
17.32 	 0.944393794182383 
17.34 	 0.9444536455954637 
17.36 	 0.9445592857103768 
17.38 	 0.9444541396408873 
17.4 	 0.9443696722223616 
17.42 	 0.9441151134767183 
17.44 	 0.9438406522588149 
17.46 	 0.943475325755196 
17.48 	 0.9430356140389233 
17.5 	 0.9426232148423849 
17.52 	 0.9420723743736237 
17.54 	 0.941697324448013 
17.56 	 0.941117052723288 
17.58 	 0.9408723981197894 
17.6 	 0.9403612802219325 
17.62 	 0.9403300892885976 
17.64 	 0.9399847251245075 
17.66 	 0.9402199962505381 
17.68 	 0.9401129494295155 
17.7 	 0.9406235118863171 
17.72 	 0.9407860855450663 
17.74 	 0.9415348091870654 
17.76 	 0.9419517036565394 
17.78 	 0.9428672716790136 
17.8 	 0.9434850955088805 
17.82 	 0.9444824306233676 
17.84 	 0.9452277991438649 
17.86 	 0.9462288495380904 
17.88 	 0.9470282761828842 
17.9 	 0.9479760695103547 
17.92 	 0.9487706979361419 
17.94 	 0.9496338919469239 
17.96 	 0.950385929805361 
17.98 	 0.9511554657190362 
18.0 	 0.9518471933928375 
18.02 	 0.9525289062023917 
18.04 	 0.9531573721436591 
18.06 	 0.953764268566692 
18.08 	 0.9543349316105233 
18.1 	 0.9548813649050046 
18.12 	 0.9554028362574735 
18.14 	 0.9559012075003459 
18.16 	 0.9563819095292996 
18.18 	 0.9568414885934403 
18.2 	 0.9572881022051479 
18.22 	 0.957715179898893 
18.24 	 0.9581323312924722 
18.26 	 0.9585309731476518 
18.28 	 0.9589215781906475 
18.3 	 0.9592944981610496 
18.32 	 0.9596603456478212 
18.34 	 0.9600096779749131 
18.36 	 0.9603520393762444 
18.38 	 0.9606799638109285 
18.4 	 0.9610001695636168 
18.42 	 0.9613094042200976 
18.44 	 0.9616093768870435 
18.46 	 0.9619035107195042 
18.48 	 0.9621861969815271 
18.5 	 0.9624697550579298 
18.52 	 0.9627393114498882 
18.54 	 0.9630174239601351 
18.56 	 0.9632789832418804 
18.58 	 0.9635566321516347 
18.6 	 0.9638155849656871 
18.62 	 0.9640966104794161 
18.64 	 0.9643575634590343 
18.66 	 0.9646438017337348 
18.68 	 0.9649095884522978 
18.7 	 0.9652005296006213 
18.72 	 0.9654716921723657 
18.74 	 0.9657648389479249 
18.76 	 0.9660398038778566 
18.78 	 0.9663315851170043 
18.8 	 0.966607432654315 
18.82 	 0.9668942823552041 
18.84 	 0.9671677541193295 
18.86 	 0.9674469471355839 
18.88 	 0.9677152942058016 
18.9 	 0.9679853139335742 
18.92 	 0.9682467451980467 
18.94 	 0.9685072049771036 
18.96 	 0.9687609223890583 
18.98 	 0.9690122255961379 
19.0 	 0.9692581927039421 
19.02 	 0.969501142161608 
19.04 	 0.9697397698891005 
19.06 	 0.9699752649143555 
19.08 	 0.9702071450071866 
19.1 	 0.9704360091817182 
19.12 	 0.9706617458170594 
19.14 	 0.9708846634236176 
19.16 	 0.9711047949442768 
19.18 	 0.9713223115367265 
19.2 	 0.9715372905494144 
19.22 	 0.9717498393157197 
19.24 	 0.9719600406208868 
19.26 	 0.9721679719971239 
19.28 	 0.9723737087307922 
19.3 	 0.9725773142051359 
19.32 	 0.9727788530190118 
19.34 	 0.9729783817053301 
19.36 	 0.9731759542771025 
19.38 	 0.9733716237679951 
19.4 	 0.9735654348111845 
19.42 	 0.9737574382466891 
19.44 	 0.973947670980794 
19.46 	 0.974136181810719 
19.48 	 0.974323001780568 
19.5 	 0.9745081771494085 
19.52 	 0.9746917350077805 
19.54 	 0.9748737183050785 
19.56 	 0.9750541519473293 
19.58 	 0.9752330748489028 
19.6 	 0.975410511155338 
19.62 	 0.9755864953610874 
19.64 	 0.9757610517242779 
19.66 	 0.975934210508244 
19.68 	 0.9761059962499732 
19.7 	 0.9762764358455444 
19.72 	 0.9764455535385732 
19.74 	 0.9766133742960076 
19.76 	 0.9767799209146031 
19.78 	 0.9769452181271883 
19.8 	 0.9771092859010222 
19.82 	 0.9772721502343183 
19.84 	 0.9774338271133776 
19.86 	 0.977594344683722 
19.88 	 0.9777537144361035 
19.9 	 0.9779119667110524 
19.92 	 0.9780691088118073 
19.94 	 0.97822517256248 
19.96 	 0.9783801621017417 
19.98 	 0.9785341095755065 
20.0 	 0.9786870173633969 
20.02 	 0.978838916695085 
20.04 	 0.978989809596196 
20.06 	 0.9791397253329267 
20.08 	 0.9792886667198256 
20.1 	 0.979436660290524 
20.12 	 0.9795837104568564 
20.14 	 0.9797298404908429 
20.16 	 0.9798750569311411 
20.18 	 0.9800193794548212 
20.2 	 0.9801628170376929 
20.22 	 0.980305385659776 
20.24 	 0.9804470968017446 
20.26 	 0.9805879629834464 
20.28 	 0.980727997919675 
20.3 	 0.9808672113375964 
20.32 	 0.9810056184999414 
20.34 	 0.9811432274139623 
20.36 	 0.9812800538306103 
20.38 	 0.9814161053315802 
20.4 	 0.9815513969196372 
20.42 	 0.9816859369735467 
20.44 	 0.9818197386312519 
20.46 	 0.9819528119298679 
20.48 	 0.9820851674249552 
20.5 	 0.9822168171415803 
20.52 	 0.9823477688831928 
20.54 	 0.982478036466897 
20.56 	 0.9826076252900446 
20.58 	 0.9827365503976601 
20.6 	 0.9828648154635605 
20.62 	 0.9829924360518555 
20.64 	 0.9831194148968954 
20.66 	 0.9832457674249206 
20.68 	 0.9833714961205571 
20.7 	 0.9834966157815739 
20.72 	 0.9836211291344324 
20.74 	 0.9837450500537197 
20.76 	 0.9838683817867647 
20.78 	 0.9839911371622863 
20.8 	 0.9841133200530212 
20.82 	 0.9842349422490997 
20.84 	 0.9843560082302385 
20.86 	 0.9844765288440087 
20.88 	 0.9845965090808257 
20.9 	 0.9847159589930415 
20.92 	 0.9848348839447885 
20.94 	 0.9849532933567131 
20.96 	 0.985071192821802 
20.98 	 0.9851885912790135 
21.0 	 0.9853054944243828 
21.02 	 0.9854219108344309 
21.04 	 0.9855378462163483 
21.06 	 0.9856533088716267 
21.08 	 0.9857683044598149 
21.1 	 0.9858828410740322 
21.12 	 0.9859969242882145 
21.14 	 0.9861105620463552 
21.16 	 0.9862237598060362 
21.18 	 0.9863365254199447 
21.2 	 0.9864488642004516 
21.22 	 0.9865607839599968 
21.24 	 0.986672289845152 
21.26 	 0.9867833896585789 
21.28 	 0.9868940883833073 
21.3 	 0.9870043938066411 
21.32 	 0.9871143107884758 
21.34 	 0.9872238470488975 
21.36 	 0.9873330074121992 
21.38 	 0.9874417994320972 
21.4 	 0.9875502280307151 
21.42 	 0.9876583004580952 
21.44 	 0.9877660219015554 
21.46 	 0.9878733991511358 
21.48 	 0.9879804378387499 
21.5 	 0.9880871441491413 
21.52 	 0.9881935243186243 
21.54 	 0.9882995838347793 
21.56 	 0.9884053296372687 
21.58 	 0.9885107665297849 
21.6 	 0.9886159021468468 
21.62 	 0.9887207407741253 
21.64 	 0.9888252905868242 
21.66 	 0.9889295556897296 
21.68 	 0.9890335444917738 
21.7 	 0.9891372613906781 
21.72 	 0.9892407146149756 
21.74 	 0.9893439093721607 
21.76 	 0.9894468532906295 
21.78 	 0.9895495528204292 
21.8 	 0.9896520146957505 
21.82 	 0.9897542468474627 
21.84 	 0.9898562550604331 
21.86 	 0.9899580487429182 
21.88 	 0.9900596329682585 
21.9 	 0.9901610184039938 
21.92 	 0.9902622099343563 
21.94 	 0.990363219113857 
21.96 	 0.9904640514254638 
21.98 	 0.9905647187924438 
22.0 	 0.9906652284180059 
22.02 	 0.9907655917727163 
22.04 	 0.990865819518752 
22.06 	 0.9909659210887594 
22.08 	 0.9910659136108185 
22.1 	 0.9911658011818893 
22.12 	 0.9912656128844134 
22.14 	 0.9913653407565696 
22.16 	 0.9914650358488941 
22.18 	 0.9915646651248935 
22.2 	 0.9916643193594248 
22.22 	 0.9917639166725422 
22.24 	 0.9918636177791202 
22.26 	 0.9919632511443892 
22.28 	 0.9920630963746935 
22.3 	 0.9921628267214232 
22.32 	 0.9922629155936482 
22.34 	 0.992362783142348 
22.36 	 0.992463203954042 
22.38 	 0.9925632101559957 
22.4 	 0.9926640204058172 
22.42 	 0.9927641082317866 
22.44 	 0.9928653113077534 
22.46 	 0.9929653481239177 
22.48 	 0.9930668702407051 
22.5 	 0.9931666373525347 
22.52 	 0.993268308702232 
22.54 	 0.9933675003506229 
22.56 	 0.9934690434068233 
22.58 	 0.993567277798262 
22.6 	 0.9936683062753336 
22.62 	 0.9937651539907407 
22.64 	 0.9938651901509196 
22.66 	 0.9939602289780403 
22.68 	 0.9940587522757959 
22.7 	 0.9941516552395577 
22.72 	 0.9942481936074207 
22.74 	 0.9943388420071588 
22.76 	 0.9944331005421071 
22.78 	 0.9945216884847341 
22.8 	 0.9946136811014715 
22.82 	 0.9947007579019659 
22.84 	 0.9947908825539865 
22.86 	 0.9948772852146932 
22.88 	 0.9949662854966207 
22.9 	 0.9950529541723107 
22.92 	 0.9951417503554795 
22.94 	 0.9952294801220455 
22.96 	 0.9953189165982539 
22.98 	 0.9954081451334461 
23.0 	 0.995498754288747 
23.02 	 0.9955894859237564 
23.04 	 0.9956813771240101 
23.06 	 0.9957732918021992 
23.08 	 0.9958662279739674 
23.1 	 0.9959589415816061 
23.12 	 0.9960525845541456 
23.14 	 0.9961459547464182 
23.16 	 0.9962401828869952 
23.18 	 0.9963345270815249 
23.2 	 0.9964296915254028 
23.22 	 0.996525813344041 
23.24 	 0.9966228179138736 
23.26 	 0.9967218089575537 
23.28 	 0.9968219612634784 
23.3 	 0.9969248232410224 
23.32 	 0.9970294796408786 
23.34 	 0.9971366679842958 
23.36 	 0.9972467551094711 
23.38 	 0.9973577705677555 
23.4 	 0.9974733028546131 
23.42 	 0.9975864614521341 
23.44 	 0.9977061954268176 
23.46 	 0.9978186949611175 
23.48 	 0.9979400673865935 
23.5 	 0.998048423704536 
23.52 	 0.9981678875407669 
23.54 	 0.9982687101599289 
23.56 	 0.9983824761152084 
23.58 	 0.9984733966574175 
23.6 	 0.9985784131905336 
23.62 	 0.998658841007901 
23.64 	 0.9987536774358431 
23.66 	 0.9988250418115304 
23.68 	 0.9989102966474255 
23.7 	 0.9989756078947919 
23.72 	 0.999053623487888 
23.74 	 0.9991164926137958 
23.76 	 0.9991904702229342 
23.78 	 0.9992540040834568 
23.8 	 0.9993269138243611 
23.82 	 0.9993929750401888 
23.84 	 0.9994667581756967 
23.86 	 0.9995358864750297 
23.88 	 0.9996112805492287 
23.9 	 0.999683221128969 
23.92 	 0.9997601975962862 
23.94 	 0.9998346797222956 
23.96 	 0.9999131726637543 
23.98 	 0.9999904996734 
24.0 	 1.000070999618624 
24.02 	 1.0001521772271647 
24.04 	 1.0002359048620093 
24.06 	 1.0003223240576082 
24.08 	 1.0004109722687848 
24.1 	 1.0005038915998739 
24.12 	 1.000599152139673 
24.14 	 1.0006992679552789 
24.16 	 1.0008024140954854 
24.18 	 1.0009096717872927 
24.2 	 1.0010213468557418 
24.22 	 1.0011349457116798 
24.24 	 1.0012551145144242 
24.26 	 1.0013735338346799 
24.28 	 1.0015014277193708 
24.3 	 1.0016223342329769 
24.32 	 1.001756249551919 
24.34 	 1.0018763171610041 
24.36 	 1.0020133028813878 
24.38 	 1.00212817492149 
24.4 	 1.0022638616981256 
24.42 	 1.0023685624577472 
24.44 	 1.002497483006252 
24.46 	 1.0025874323741246 
24.48 	 1.0027040374376852 
24.5 	 1.0027764665999364 
24.52 	 1.0028766659018127 
24.54 	 1.0029318626051529 
24.56 	 1.0030145081020323 
24.58 	 1.0030562015165134 
24.6 	 1.0031237633765484 
24.62 	 1.0031582484510884 
24.64 	 1.0032161938821658 
24.66 	 1.0032503966576864 
24.68 	 1.0033053886885486 
24.7 	 1.0033446571014797 
24.72 	 1.0034023153586593 
24.74 	 1.0034489205382753 
24.76 	 1.003512147670943 
24.78 	 1.0035651467511482 
24.8 	 1.0036337436592093 
24.82 	 1.0036901628924693 
24.84 	 1.0037617866174913 
24.86 	 1.0038184336512062 
24.88 	 1.003890285561213 
24.9 	 1.0039452580938644 
24.92 	 1.0040156003375067 
24.94 	 1.0040688225296772 
24.96 	 1.004137624997762 
24.98 	 1.0041903025433283 
25.0 	 1.0042588356643483 
25.02 	 1.004312232620092 
25.04 	 1.004381921761876 
25.06 	 1.0044360904548189 
25.08 	 1.0045072052279023 
25.1 	 1.0045602264223108 
25.12 	 1.0046309611168722 
25.14 	 1.0046790076318763 
25.16 	 1.0047453243861018 
25.18 	 1.004783589120965 
25.2 	 1.0048399611988887 
25.22 	 1.0048642536302799 
25.24 	 1.0049052120472806 
25.26 	 1.0049138196224006 
25.28 	 1.0049359614679063 
25.3 	 1.0049311900966005 
25.32 	 1.004935054040613 
25.34 	 1.0049237809717975 
25.36 	 1.0049148354435276 
25.38 	 1.0049075825920626 
25.4 	 1.004895697995812 
25.42 	 1.004904255562124 
25.44 	 1.0049015621539943 
25.46 	 1.0049358973075737 
25.48 	 1.0049536939458938 
25.5 	 1.0050193446434874 
25.52 	 1.0050652641779658 
25.54 	 1.005162264534095 
25.56 	 1.0052388108589292 
25.58 	 1.005362453368045 
25.6 	 1.005467325074739 
25.62 	 1.0056102073824764 
25.64 	 1.0057379789180965 
25.66 	 1.0058923313723054 
25.68 	 1.0060365840669834 
25.7 	 1.0061959904244713 
25.72 	 1.0063510320453333 
25.74 	 1.0065111102577509 
25.76 	 1.00667279393401 
25.78 	 1.0068308793874474 
25.8 	 1.0069964607329485 
25.82 	 1.0071506719131182 
25.84 	 1.0073179927422071 
25.86 	 1.0074662364022862 
25.88 	 1.0076327554753235 
25.9 	 1.0077722230915724 
25.92 	 1.0079344697357038 
25.94 	 1.0080619516543101 
25.96 	 1.0082157910471181 
25.98 	 1.008328734978346 
26.0 	 1.008470440245897 
26.02 	 1.0085682792272381 
26.04 	 1.0086959789464167 
26.06 	 1.0087810591779511 
26.08 	 1.0088958862165658 
26.1 	 1.0089734484328174 
26.12 	 1.0090797870029555 
26.14 	 1.0091568487402651 
26.16 	 1.0092614389086294 
26.18 	 1.0093449127319316 
26.2 	 1.0094550666267097 
26.22 	 1.009549805031291 
26.24 	 1.0096713876163153 
26.26 	 1.0097788910191428 
26.28 	 1.0099148208388589 
26.3 	 1.01003304384013 
26.32 	 1.0101828118778695 
26.34 	 1.010306999807534 
26.36 	 1.0104672159181696 
26.38 	 1.0105912675198037 
26.4 	 1.0107567931503245 
26.42 	 1.0108745189325326 
26.44 	 1.011039588918454 
26.46 	 1.0111454750880846 
26.48 	 1.0113044241994156 
26.5 	 1.0113939354692207 
26.52 	 1.0115415530902039 
26.54 	 1.011611303545602 
26.56 	 1.0117431305098126 
26.58 	 1.0117912046887867 
26.6 	 1.0119040353526376 
26.62 	 1.0119303982109762 
26.64 	 1.0120228952336205 
26.66 	 1.012029475255022 
26.68 	 1.0121024287665112 
26.7 	 1.012092419820159 
26.72 	 1.012148128610874 
26.74 	 1.0121244678303098 
26.76 	 1.012165148770325 
26.78 	 1.012128802235517 
26.8 	 1.012154670515416 
26.82 	 1.0121038358023662 
26.84 	 1.0121120572277316 
26.86 	 1.01204319639767 
26.88 	 1.0120287642105685 
26.9 	 1.0119394097248766 
26.92 	 1.0118980012116663 
26.94 	 1.0117900431223517 
26.96 	 1.0117215902323742 
26.98 	 1.0116031486058321 
27.0 	 1.0115141547075253 
27.02 	 1.01139875231818 
27.04 	 1.0113019361533084 
27.06 	 1.0112052099676738 
27.08 	 1.0111165714043118 
27.1 	 1.0110521460873594 
27.12 	 1.0109869682292953 
27.14 	 1.0109633988361446 
27.16 	 1.0109330526321878 
27.18 	 1.0109528391664886 
27.2 	 1.0109634353787043 
27.22 	 1.0110238043544741 
27.24 	 1.011076496291648 
27.26 	 1.011170858430647 
27.28 	 1.011262823564771 
27.3 	 1.0113819067283274 
27.32 	 1.0115070758127545 
27.34 	 1.0116393981577405 
27.36 	 1.0117886018354414 
27.38 	 1.011920646992868 
27.4 	 1.0120815214258518 
27.42 	 1.012198305527598 
27.44 	 1.0123556520753376 
27.46 	 1.0124422074110435 
27.48 	 1.0125793800007534 
27.5 	 1.012623152535428 
27.52 	 1.0127245431384235 
27.54 	 1.012718117550691 
27.56 	 1.0127722128908074 
27.58 	 1.0127154528421372 
27.6 	 1.012717553183271 
27.62 	 1.0126183070538262 
27.64 	 1.012571970865042 
27.66 	 1.0124448665640575 
27.68 	 1.0123614312681115 
27.7 	 1.0122248321188445 
27.72 	 1.0121208793391145 
27.74 	 1.0119926958738463 
27.76 	 1.0118860101587854 
27.78 	 1.0117796009168314 
27.8 	 1.011684830178114 
27.82 	 1.0116063838090792 
27.84 	 1.011531890959943 
27.86 	 1.011480214645397 
27.88 	 1.0114272162036892 
27.9 	 1.011395872382638 
27.92 	 1.0113599905361488 
27.94 	 1.0113407388582036 
27.96 	 1.0113150719852546 
27.98 	 1.0113011460075783 
28.0 	 1.0112794589788379 
28.02 	 1.0112675197248528 
28.04 	 1.0112463702399592 
28.06 	 1.0112367519033005 
28.08 	 1.0112160600158207 
28.1 	 1.011211686631793 
28.12 	 1.0111939885074095 
28.14 	 1.011198750908448 
28.16 	 1.0111878183569496 
28.18 	 1.0112051710924834 
28.2 	 1.0112047110410565 
28.22 	 1.0112369079248742 
28.24 	 1.0112497740332953 
28.26 	 1.011297748391902 
28.28 	 1.011325720706538 
28.3 	 1.0113893533273917 
28.32 	 1.011433288607048 
28.34 	 1.011511772114275 
28.36 	 1.0115718788825976 
28.38 	 1.0116639954414328 
28.4 	 1.0117400663687033 
28.42 	 1.0118443093988023 
28.44 	 1.0119358301803698 
28.46 	 1.0120503633652231 
28.48 	 1.0121564692457403 
28.5 	 1.0122789487132706 
28.52 	 1.0123982331868868 
28.54 	 1.0125255313443198 
28.56 	 1.012655720320343 
28.58 	 1.0127835747306912 
28.6 	 1.0129210562587552 
28.62 	 1.0130436805608414 
28.64 	 1.0131829047314354 
28.66 	 1.0132927423931337 
28.68 	 1.0134256959864567 
28.7 	 1.0135137381662964 
28.72 	 1.013630001469746 
28.74 	 1.0136871626952724 
28.76 	 1.013775165053626 
28.78 	 1.01379483622637 
28.8 	 1.0138445369336313 
28.82 	 1.0138256803499253 
28.84 	 1.0138320833588403 
28.86 	 1.0137815792105074 
28.88 	 1.0137477455319284 
28.9 	 1.0136806732554418 
28.92 	 1.0136187768256093 
28.94 	 1.0135560459223316 
28.96 	 1.0134856849364589 
28.98 	 1.0134495458069537 
29.0 	 1.0133936357033486 
29.02 	 1.0134025212906597 
29.04 	 1.0133820970355043 
29.06 	 1.0134465446163952 
29.08 	 1.0134762374473398 
29.1 	 1.013597203569177 
29.12 	 1.0136828511681275 
29.14 	 1.0138527392886836 
29.16 	 1.0139916506018651 
29.18 	 1.0141972323967259 
29.2 	 1.014380452810832 
29.22 	 1.0146061325118052 
29.24 	 1.0148212324754564 
29.26 	 1.015051224873873 
29.28 	 1.015284172775279 
29.3 	 1.0155031345327241 
29.32 	 1.0157387496019044 
29.34 	 1.015931629351158 
29.36 	 1.0161533551113417 
29.38 	 1.0163058577413742 
29.4 	 1.016496271698199 
29.42 	 1.0165968739219104 
29.44 	 1.016739926159346 
29.46 	 1.0167831215757805 
29.48 	 1.016867833072895 
29.5 	 1.0168571198959875 
29.52 	 1.016881255768055 
29.54 	 1.0168301477134916 
29.56 	 1.016802064601479 
29.58 	 1.0167322633531604 
29.6 	 1.0166699074039052 
29.62 	 1.0166071183036385 
29.64 	 1.016534455106106 
29.66 	 1.0165032953872077 
29.68 	 1.0164454509148395 
29.7 	 1.0164650311411896 
29.72 	 1.0164436534945867 
29.74 	 1.0165248921766605 
29.76 	 1.0165548622157412 
29.78 	 1.016699919839587 
29.8 	 1.0167879853465884 
29.82 	 1.0169916817087525 
29.84 	 1.017137109851117 
29.86 	 1.0173897812015193 
29.88 	 1.017586664789499 
29.9 	 1.0178775422713753 
29.92 	 1.0181179143005978 
29.94 	 1.0184379167849607 
29.96 	 1.018714540526303 
29.98 	 1.0190576401987315 
30.0 	 1.0193655515221527 
30.02 	 1.019728593920711 
30.04 	 1.0200651831026057 
30.06 	 1.0204468234005108 
30.08 	 1.020811040247867 
30.1 	 1.0212107827538155 
30.12 	 1.0216024107958561 
30.14 	 1.02202042418377 
30.16 	 1.022440105089796 
30.18 	 1.0228778088036798 
30.2 	 1.0233278649876125 
30.22 	 1.0237886978196336 
30.24 	 1.0242742198230381 
30.26 	 1.024763757083766 
30.28 	 1.0252931103146465 
30.3 	 1.0258177459410351 
30.32 	 1.0264015748044812 
30.34 	 1.0269652566051386 
30.36 	 1.0276132208406628 
30.38 	 1.028212352535313 
30.4 	 1.028927449949203 
30.42 	 1.0295451989766988 
30.44 	 1.0303168107273146 
30.46 	 1.0309193606075693 
30.48 	 1.031717731005989 
30.5 	 1.0322555321220297 
30.52 	 1.0330311834380097 
30.54 	 1.0334470098713437 
30.56 	 1.0341374928301952 
30.58 	 1.0343801380035094 
30.6 	 1.034923492504164 
30.62 	 1.034962695427457 
30.64 	 1.035313492154445 
30.66 	 1.0351502520428975 
30.68 	 1.0352922281945718 
30.7 	 1.034960205513979 
30.72 	 1.0349106157924077 
30.74 	 1.034468149025664 
30.76 	 1.0342725578150724 
30.78 	 1.0337888100851695 
30.8 	 1.033509140271269 
30.82 	 1.0330498411430196 
30.84 	 1.0327508051257122 
30.86 	 1.0323681251736683 
30.88 	 1.0321066423523448 
30.9 	 1.0318348666918356 
30.92 	 1.0316544805040966 
30.94 	 1.0315102601870136 
30.96 	 1.0314397682056966 
30.98 	 1.0314243652250445 
31.0 	 1.031478427555033 
31.02 	 1.0315798077465859 
31.04 	 1.0317595599854397 
31.06 	 1.0319536387092108 
31.08 	 1.0322466348403199 
31.1 	 1.0324983935386103 
31.12 	 1.0328785836738925 
31.14 	 1.0331444344578873 
31.16 	 1.0335736192769263 
31.18 	 1.033806025424838 
31.2 	 1.0342379481343198 
31.22 	 1.0343920468585122 
31.24 	 1.034779010845915 
31.26 	 1.034819445408778 
31.28 	 1.035119669077438 
31.3 	 1.0350250310771019 
31.32 	 1.0352079601580377 
31.34 	 1.0349710228415345 
31.36 	 1.0350184989172715 
31.38 	 1.034642690448521 
31.4 	 1.034546213266339 
31.42 	 1.0340411904798668 
31.44 	 1.0337981329943822 
31.46 	 1.03317801195197 
31.48 	 1.032790536803035 
31.5 	 1.0320763760276443 
31.52 	 1.0315548527352492 
31.54 	 1.030779390021035 
31.56 	 1.0301483057068326 
31.58 	 1.0293583211857669 
31.6 	 1.0286597613010202 
31.62 	 1.02791214796758 
31.64 	 1.02720252157995 
31.66 	 1.0265543133359767 
31.68 	 1.0258943933373033 
31.7 	 1.0253918763325238 
31.72 	 1.024835523514916 
31.74 	 1.024509097150654 
31.76 	 1.024097805252166 
31.78 	 1.0239653132670437 
31.8 	 1.0237315336028343 
31.82 	 1.0238055969643496 
31.84 	 1.023780081229878 
31.86 	 1.0240703255084262 
31.88 	 1.0242837032382517 
31.9 	 1.0247875558042407 
31.92 	 1.025259261886742 
31.94 	 1.0259444856817213 
31.96 	 1.0266622426452539 
31.98 	 1.027453728339818 
32.0 	 1.028356824761184 
32.02 	 1.0291412096525274 
32.04 	 1.0301222075444518 
32.06 	 1.0307740884011913 
32.08 	 1.0317037494194723 
32.1 	 1.0321228394333017 
32.12 	 1.03288831522335 
32.14 	 1.0330283959812545 
32.16 	 1.0335654927009708 
32.18 	 1.033439740937203 
32.2 	 1.0337427277821385 
32.22 	 1.0334034028317092 
32.24 	 1.0335085679659772 
32.26 	 1.0330132680881035 
32.28 	 1.0329670268547306 
32.3 	 1.032349871351763 
32.32 	 1.0321794756504998 
32.34 	 1.031440275457083 
32.36 	 1.0311407965418429 
32.38 	 1.0302528638180475 
32.4 	 1.0297920440202442 
32.42 	 1.028718867555259 
32.44 	 1.0280509657162014 
32.46 	 1.0267605224195082 
32.48 	 1.0258386487217814 
32.5 	 1.0243110761217935 
32.52 	 1.0230942936391454 
32.54 	 1.021326973637383 
32.56 	 1.019786647132737 
32.58 	 1.0178031650695787 
32.6 	 1.0159352789997864 
32.62 	 1.0137994462759656 
32.64 	 1.0116438923207536 
32.66 	 1.0094716707490121 
32.68 	 1.007130359683326 
32.7 	 1.0050881236273617 
32.72 	 1.0027285517200257 
32.74 	 1.0010098305518316 
32.76 	 0.998844258943256 
32.78 	 0.9976275668618634 
32.8 	 0.9958693646724829 
32.82 	 0.9952710754723325 
32.84 	 0.9940827045216669 
32.86 	 0.9941240552641327 
32.88 	 0.9935773533715319 
32.9 	 0.9941794983721207 
32.92 	 0.9942436996888641 
32.94 	 0.9952517401038969 
32.96 	 0.9958111914807662 
32.98 	 0.9970353886969711 
33.0 	 0.9979261059076419 
33.02 	 0.999183602501225 
33.04 	 1.0002329553739022 
33.06 	 1.001377331627462 
33.08 	 1.0024346043707117 
33.1 	 1.0033686189504387 
33.12 	 1.0043211552766564 
33.14 	 1.0049947221349 
33.16 	 1.0057702661719499 
33.18 	 1.00616916182131 
33.2 	 1.006728451141642 
33.22 	 1.0068602375603044 
33.24 	 1.0071855898814663 
33.26 	 1.0070687031714731 
33.28 	 1.0071546499090063 
33.3 	 1.0068144017314613 
33.32 	 1.0066647103673556 
33.34 	 1.0061360029372697 
33.36 	 1.0057674461619657 
33.38 	 1.0050998097901853 
33.4 	 1.0045484543133965 
33.42 	 1.003807247419929 
33.44 	 1.003130839837208 
33.46 	 1.00239068568625 
33.48 	 1.0016627437206287 
33.5 	 1.0009942694182867 
33.52 	 1.0002905772611417 
33.54 	 0.999745911074545 
33.56 	 0.9991288044259824 
33.58 	 0.998732177792084 
33.6 	 0.9982391981564341 
33.62 	 0.9979860673824973 
33.64 	 0.9976268124271012 
33.66 	 0.9974903959886834 
33.68 	 0.9972508918097991 
33.7 	 0.9971918282826625 
33.72 	 0.997042429385702 
33.74 	 0.9970170247088722 
33.76 	 0.996919403939587 
33.78 	 0.9968843495469301 
33.8 	 0.9967954234801671 
33.82 	 0.996710289065229 
33.84 	 0.996584440620724 
33.86 	 0.9964155980627599 
33.88 	 0.996209185509857 
33.9 	 0.9959383568762982 
33.92 	 0.9956202087321012 
33.94 	 0.9952570179487217 
33.96 	 0.9948245297072631 
33.98 	 0.9944168374191644 
34.0 	 0.993910857927422 
34.02 	 0.9935429235003849 
34.04 	 0.9930498472784425 
34.06 	 0.9928205448585743 
34.08 	 0.9924517465594056 
34.1 	 0.9924346377068889 
34.12 	 0.9922837419703135 
34.14 	 0.9924840502023187 
34.16 	 0.9925775381189729 
34.18 	 0.9929093357493337 
34.2 	 0.993175801487672 
34.22 	 0.9934776988712007 
34.24 	 0.9937565705215067 
34.26 	 0.993845896175169 
34.28 	 0.9939380412828285 
34.3 	 0.9936826983167848 
34.32 	 0.9934241692118979 
34.34 	 0.992801432559496 
34.36 	 0.9921302741269674 
34.38 	 0.9912477681527377 
34.4 	 0.9902370208224759 
34.42 	 0.9893076400995062 
34.44 	 0.988151779061084 
34.46 	 0.9874323272338528 
34.48 	 0.9863924802052498 
34.5 	 0.98610848107081 
34.52 	 0.9854370636839873 
34.54 	 0.9857199225566969 
34.56 	 0.9855920197817227 
34.58 	 0.9864484422234661 
34.6 	 0.9869223374007625 
34.62 	 0.988242152316999 
34.64 	 0.9892574495387662 
34.66 	 0.9908512100342727 
34.68 	 0.9922577607044297 
34.7 	 0.9939067630652052 
34.72 	 0.9955086348057149 
34.74 	 0.9970100063868891 
34.76 	 0.9986081846663478 
34.78 	 0.9998038837661662 
34.8 	 1.0012264525380594 
34.82 	 1.0020131196100395 
34.84 	 1.003128639206623 
34.86 	 1.0034523747988577 
34.88 	 1.0041689428886034 
34.9 	 1.0040137751486458 
34.92 	 1.0042714864224032 
34.94 	 1.0036512031035707 
34.96 	 1.0034175992935 
34.98 	 1.00237685920881 
35.0 	 1.0016518821648022 
35.02 	 1.0002752220824906 
35.04 	 0.999104832927827 
35.06 	 0.997525100907365 
35.08 	 0.9960148963972199 
35.1 	 0.9944102243159477 
35.12 	 0.992727014621476 
35.14 	 0.9912997287839759 
35.16 	 0.9896528869908371 
35.18 	 0.988592774059097 
35.2 	 0.9871966876982251 
35.22 	 0.9866399000722632 
35.24 	 0.9856688665403952 
35.26 	 0.9856674616268193 
35.28 	 0.9852190454769246 
35.3 	 0.9857324622398469 
35.32 	 0.9858119291405659 
35.34 	 0.986722640028102 
35.36 	 0.9872518890697025 
35.38 	 0.9883981604371288 
35.4 	 0.9892431790635441 
35.42 	 0.9904570429054439 
35.44 	 0.9914629818618503 
35.46 	 0.9926024204590013 
35.48 	 0.9936258515224171 
35.5 	 0.9945946910657761 
35.52 	 0.995526315124706 
35.54 	 0.9962803521160836 
35.56 	 0.9970556896206506 
35.58 	 0.9975972447757789 
35.6 	 0.9981961629065755 
35.62 	 0.9985611848116853 
35.64 	 0.9989992033692061 
35.66 	 0.9992415616056164 
35.68 	 0.9995568860360554 
35.7 	 0.9997339517939268 
35.72 	 0.9999741897317314 
35.74 	 1.0001364687133472 
35.76 	 1.0003480722694023 
35.78 	 1.000533934860083 
35.8 	 1.000755917416278 
35.82 	 1.0009909164111779 
35.84 	 1.0012528850089024 
35.86 	 1.0015521483568286 
35.88 	 1.001875581582459 
35.9 	 1.0022473360922184 
35.92 	 1.0026483819652392 
35.94 	 1.003096681261323 
35.96 	 1.0035885186301867 
35.98 	 1.004113762186089 
36.0 	 1.0047069222465406 
36.02 	 1.0053038382245176 
36.04 	 1.006003942667338 
36.06 	 1.0066580173306086 
36.08 	 1.0074617538195123 
36.1 	 1.0081458287614993 
36.12 	 1.009036771394499 
36.14 	 1.0097091493156938 
36.16 	 1.0106546689302112 
36.18 	 1.0112589688647393 
36.2 	 1.012208412965248 
36.22 	 1.0126747343258724 
36.24 	 1.013558484854157 
36.26 	 1.0138059841596399 
36.28 	 1.0145357476405399 
36.3 	 1.0144780811553562 
36.32 	 1.0149503748805222 
36.34 	 1.0145061442721202 
36.36 	 1.0146118563577755 
36.38 	 1.0137208730504883 
36.4 	 1.0133625076001986 
36.42 	 1.01200540772703 
36.44 	 1.0111200583246187 
36.46 	 1.0093352847932195 
36.48 	 1.0079171807458254 
36.5 	 1.0058080229766713 
36.52 	 1.0039222775472765 
36.54 	 1.0016489741943042 
36.56 	 0.9994298447163111 
36.58 	 0.9971870622723779 
36.6 	 0.9948194132503085 
36.62 	 0.9928051704287086 
36.64 	 0.9904943955192116 
36.66 	 0.9888796915108311 
36.68 	 0.9868195799394073 
36.7 	 0.9857269351450798 
36.72 	 0.9840745958604266 
36.74 	 0.9835692317949287 
36.76 	 0.9824318352837217 
36.78 	 0.9825240898761561 
36.8 	 0.9819568713821756 
36.82 	 0.982611432682376 
36.84 	 0.9826231395745052 
36.86 	 0.9837706123966551 
36.88 	 0.9843322466863859 
36.9 	 0.9858801935678098 
36.92 	 0.9869342281242415 
36.94 	 0.9887763881462265 
36.96 	 0.9902449312216328 
36.98 	 0.9922680866910901 
37.0 	 0.9940591114518402 
37.02 	 0.9961474894067752 
37.04 	 0.9981587083335174 
37.06 	 1.0001965116875464 
37.08 	 1.0023173365813287 
37.1 	 1.0041909398942122 
37.12 	 1.0063040881880618 
37.14 	 1.007905879637562 
37.16 	 1.0098907997439768 
37.18 	 1.011125981213862 
37.2 	 1.0128657330589073 
37.22 	 1.013661762045847 
37.24 	 1.015053422378793 
37.26 	 1.0153700806159685 
37.28 	 1.0163369723365578 
37.3 	 1.016174216086654 
37.32 	 1.0166771964296517 
37.34 	 1.0160782910613395 
37.36 	 1.0161233299641474 
37.38 	 1.0151718239655039 
37.4 	 1.0148117822623437 
37.42 	 1.0136218400855752 
37.44 	 1.012951007482084 
37.46 	 1.0116511374406403 
37.48 	 1.0107914359453425 
37.5 	 1.0095022846603146 
37.52 	 1.0085807948215835 
37.54 	 1.0073895581135774 
37.56 	 1.0065094729209139 
37.58 	 1.0054469325670814 
37.6 	 1.0046584913898395 
37.62 	 1.0036879200573896 
37.64 	 1.0029701275875658 
37.66 	 1.0019967711226438 
37.68 	 1.0012607176240704 
37.7 	 1.0001639231030939 
37.72 	 0.9992817446538166 
37.74 	 0.9979611125323898 
37.76 	 0.9968132165800883 
37.78 	 0.9952315600964176 
37.8 	 0.9937548963096706 
37.82 	 0.9919600911220243 
37.84 	 0.9901779267830252 
37.86 	 0.9882939723665638 
37.88 	 0.9863146048918817 
37.9 	 0.9845052249148384 
37.92 	 0.9824901252827545 
37.94 	 0.9809095738533437 
37.96 	 0.9790242845720211 
37.98 	 0.9777744900609998 
38.0 	 0.9761419580831971 
38.02 	 0.9752511388844414 
38.04 	 0.9739243606009734 
38.06 	 0.9733525008895534 
38.08 	 0.9723139251058284 
38.1 	 0.9719801994915901 
38.12 	 0.9711648506860591 
38.14 	 0.9709853762045767 
38.16 	 0.9703173755689658 
38.18 	 0.9702395820853799 
38.2 	 0.9696685765621933 
38.22 	 0.9696902298069612 
38.24 	 0.9692146528437853 
38.26 	 0.9693806757352776 
38.28 	 0.9690489954353158 
38.3 	 0.9694273727144519 
38.32 	 0.9693167579142374 
38.34 	 0.9699637550688375 
38.36 	 0.9701455425244498 
38.38 	 0.9710756803459025 
38.4 	 0.9715833357725561 
38.42 	 0.9727570960966976 
38.44 	 0.9735704577359517 
38.46 	 0.9749032790659584 
38.48 	 0.9759535880404225 
38.5 	 0.9773393177602999 
38.52 	 0.9785292457039166 
38.54 	 0.9798664210296584 
38.56 	 0.9810945194263141 
38.58 	 0.9823063312007636 
38.6 	 0.9834874075453423 
38.62 	 0.9845321741666876 
38.64 	 0.9856103223977316 
38.66 	 0.9864837716955701 
38.68 	 0.9874385809304314 
38.7 	 0.9881701035826739 
38.72 	 0.9890171297948815 
38.74 	 0.9896608041695305 
38.76 	 0.990446060994618 
38.78 	 0.9910663669141023 
38.8 	 0.9918539540263069 
38.82 	 0.9925073270737487 
38.84 	 0.9933609491797795 
38.86 	 0.9940771304413659 
38.88 	 0.9950395769238959 
38.9 	 0.995808819411806 
38.92 	 0.9968860532162173 
38.94 	 0.9976572863407629 
38.96 	 0.9988130510027278 
38.98 	 0.999503548264762 
39.0 	 1.0006657227239042 
39.02 	 1.0011769568841344 
39.04 	 1.002250647127055 
39.06 	 1.0024818782588136 
39.08 	 1.0033606570088973 
39.1 	 1.0032143298606115 
39.12 	 1.0037833481210163 
39.14 	 1.003163855470472 
39.16 	 1.0032963258005787 
39.18 	 1.0021114151345165 
39.2 	 1.0016685357078303 
39.22 	 0.999844521750883 
39.24 	 0.998691753036414 
39.26 	 0.9962066556553649 
39.28 	 0.9942524985372099 
39.3 	 0.9911781973874138 
39.32 	 0.9884274594572737 
39.34 	 0.9849606566701808 
39.36 	 0.9815602006470857 
39.38 	 0.9780198639038238 
39.4 	 0.9742696152769984 
39.42 	 0.971048449958019 
39.44 	 0.9673592864544449 
39.46 	 0.9648360267426739 
39.48 	 0.961638329382665 
39.5 	 0.9600789321048091 
39.52 	 0.9577122336002944 
39.54 	 0.9571999139110366 
39.56 	 0.9558291354416921 
39.58 	 0.9562544344337922 
39.6 	 0.9558478644786462 
39.62 	 0.9569610924907395 
39.64 	 0.9573331595867733 
39.66 	 0.958830689374815 
39.68 	 0.9597211172452924 
39.7 	 0.961325671559077 
39.72 	 0.9624765462950924 
39.74 	 0.963984208295433 
39.76 	 0.9651887620673919 
39.78 	 0.9664781787243693 
39.8 	 0.9675957195321789 
39.82 	 0.9686122161004493 
39.84 	 0.9695593818417335 
39.86 	 0.9702920187903387 
39.88 	 0.9710261728603153 
39.9 	 0.9714910092732408 
39.92 	 0.9719981389654634 
39.94 	 0.9722315188018165 
39.96 	 0.9725226064564606 
39.98 	 0.9725799386092299 
40.0 	 0.9726917310734866 
40.02 	 0.9726440716280453 
40.04 	 0.9726367618935202 
40.06 	 0.9725602970542204 
40.08 	 0.9725070900396008 
40.1 	 0.9724667193704775 
40.12 	 0.9724363017715149 
40.14 	 0.9724697184897899 
40.16 	 0.9725081241978916 
40.18 	 0.9726178723890094 
40.2 	 0.9727377005858286 
40.22 	 0.972895166795811 
40.24 	 0.973076826340859 
40.26 	 0.9732362245180904 
40.28 	 0.9734399483933545 
40.3 	 0.9735555084691836 
40.32 	 0.9737377162134008 
40.34 	 0.9737761040139618 
40.36 	 0.9739020015823725 
40.38 	 0.9738450285509769 
40.4 	 0.9738919300288837 
40.42 	 0.9737302773960462 
40.44 	 0.9736817435390781 
40.46 	 0.9734057885391671 
40.48 	 0.9732424447449205 
40.5 	 0.9728382588728663 
40.52 	 0.972533722719813 
40.54 	 0.9719893003745186 
40.56 	 0.9715169785177834 
40.58 	 0.9708369927248883 
40.6 	 0.9701865935464075 
40.62 	 0.9694074145624045 
40.64 	 0.9686028645002313 
40.66 	 0.9677975748969747 
40.68 	 0.9669052892891613 
40.7 	 0.9661727493404481 
40.72 	 0.9652931262485983 
40.74 	 0.9647335792223753 
40.76 	 0.9639772806457904 
40.78 	 0.9636645627388176 
40.8 	 0.9631234677722705 
40.82 	 0.9630858389251669 
40.84 	 0.9628111584752204 
40.86 	 0.9630277288460429 
40.88 	 0.9630229345796351 
40.9 	 0.963433988518953 
40.92 	 0.9636614535597289 
40.94 	 0.9641846207486258 
40.96 	 0.9645784328752619 
40.98 	 0.9651226335117298 
41.0 	 0.9655999622264226 
41.02 	 0.9660743822705602 
41.04 	 0.9665430101006991 
41.06 	 0.9668642243504335 
41.08 	 0.9672296109925766 
41.1 	 0.9673316891580318 
41.12 	 0.967508594198043 
41.14 	 0.9673574593142578 
41.16 	 0.967287468664122 
41.18 	 0.9668948553787632 
41.2 	 0.9665648959288916 
41.22 	 0.9659936315970611 
41.24 	 0.9654463590035541 
41.26 	 0.9648003956327853 
41.28 	 0.9641285355300797 
41.3 	 0.9635276326931851 
41.32 	 0.9628508241104766 
41.34 	 0.9623973859597722 
41.36 	 0.961828313790575 
41.38 	 0.9615782607021769 
41.4 	 0.961190153718252 
41.42 	 0.9611384573319057 
41.44 	 0.9609455029083814 
41.46 	 0.9610311164798024 
41.48 	 0.9609878624595554 
41.5 	 0.9611156953680896 
41.52 	 0.9611346169600191 
41.54 	 0.9612071517433919 
41.56 	 0.9611883900576328 
41.58 	 0.9611374839264243 
41.6 	 0.9610020641016997 
41.62 	 0.9608116787179767 
41.64 	 0.9605285962598777 
41.66 	 0.9602411671404557 
41.68 	 0.959839540336606 
41.7 	 0.9595428522788682 
41.72 	 0.9591039067916428 
41.74 	 0.9589017177787178 
41.76 	 0.9585320996943161 
41.78 	 0.9585084598409527 
41.8 	 0.9583041698937652 
41.82 	 0.9584948215811506 
41.84 	 0.9585096412535405 
41.86 	 0.9588911812882732 
41.88 	 0.9591213621674283 
41.9 	 0.9596207000024967 
41.92 	 0.9600096379699139 
41.94 	 0.9605273593062356 
41.96 	 0.9609849749094667 
41.98 	 0.9614218207423801 
42.0 	 0.9618487899005623 
42.02 	 0.9621263447786603 
42.04 	 0.962434769794606 
42.06 	 0.9625069111389524 
42.08 	 0.9626338372502435 
42.1 	 0.9624902193782356 
42.12 	 0.9624045828974997 
42.14 	 0.9620689419733461 
42.16 	 0.9617738283099648 
42.18 	 0.961298729850927 
42.2 	 0.96082972397242 
42.22 	 0.9602877984046776 
42.24 	 0.9597068490243058 
42.26 	 0.9591784448581863 
42.28 	 0.9585628113955903 
42.3 	 0.958121484403826 
42.32 	 0.9575490952647588 
42.34 	 0.9572480690821327 
42.36 	 0.9567825728708895 
42.38 	 0.9566456992409875 
42.4 	 0.9563250496298209 
42.42 	 0.9563444592022912 
42.44 	 0.9561756506988368 
42.46 	 0.9563161782363293 
42.48 	 0.9562767481345308 
42.5 	 0.9564856519777986 
42.52 	 0.9565310778786429 
42.54 	 0.9567509880668802 
42.56 	 0.9568264793323223 
42.58 	 0.9570092656555899 
42.6 	 0.9570639552661713 
42.62 	 0.957182608765756 
42.64 	 0.9571831340444065 
42.66 	 0.9572381232350223 
42.68 	 0.9571775057744212 
42.7 	 0.9571946465065635 
42.72 	 0.9570926825037007 
42.74 	 0.9571122231809761 
42.76 	 0.9570062983769978 
42.78 	 0.9570668977417057 
42.8 	 0.9569964668627892 
42.82 	 0.9571206716341026 
42.84 	 0.9571120414949938 
42.86 	 0.9572994612232552 
42.88 	 0.9573574632969759 
42.9 	 0.9575878844336785 
42.92 	 0.9576972242368406 
42.94 	 0.9579408140087265 
42.96 	 0.9580747949489361 
42.98 	 0.9583035878187547 
43.0 	 0.9584348211140254 
43.02 	 0.9586304105989487 
43.04 	 0.9587385878406042 
43.06 	 0.9588941991671065 
43.08 	 0.9589689318864074 
43.1 	 0.9590872556284213 
43.12 	 0.959126967563155 
43.14 	 0.9592164468787463 
43.16 	 0.959225604935304 
43.18 	 0.9592972406987013 
43.2 	 0.9592837534125059 
43.22 	 0.9593491331413204 
43.24 	 0.9593226157745884 
43.26 	 0.9593929487450408 
43.28 	 0.9593637831889118 
43.3 	 0.9594494986792865 
43.32 	 0.9594283980334919 
43.34 	 0.9595388885778612 
43.36 	 0.9595365926062915 
43.38 	 0.9596796167500702 
43.4 	 0.9597061592975209 
43.42 	 0.9598864882524967 
43.44 	 0.9599495257422791 
43.46 	 0.9601670245405518 
43.48 	 0.9602694134904013 
43.5 	 0.9605176959755222 
43.52 	 0.9606555826908829 
43.54 	 0.9609227718291397 
43.56 	 0.9610859081761255 
43.58 	 0.9613581232044669 
43.6 	 0.9615331711776534 
43.62 	 0.961799524900421 
43.64 	 0.9619751789449276 
43.66 	 0.9622317102664085 
43.68 	 0.9624030132107503 
43.7 	 0.9626533265489595 
43.72 	 0.962822827868731 
43.74 	 0.9630751417935196 
43.76 	 0.9632504326516379 
43.78 	 0.9635128507132606 
43.8 	 0.9637021243225228 
43.82 	 0.963978741530875 
43.84 	 0.9641868956032087 
43.86 	 0.9644764523179966 
43.88 	 0.9647034641626554 
43.9 	 0.9650005240948252 
43.92 	 0.9652422047549022 
43.94 	 0.9655395457510614 
43.96 	 0.9657895381116326 
43.98 	 0.9660802898252202 
44.0 	 0.9663319803687228 
44.02 	 0.9666107744765002 
44.04 	 0.966858425625215 
44.06 	 0.9671216835188841 
44.08 	 0.9673608654667831 
44.1 	 0.9676067294907594 
44.12 	 0.9678344701618948 
44.14 	 0.9680627043399186 
44.16 	 0.9682776004547681 
44.18 	 0.9684894036248557 
44.2 	 0.9686915834113129 
44.22 	 0.968889105096518 
44.24 	 0.9690798188345444 
44.26 	 0.9692653888420837 
44.28 	 0.9694462556624677 
44.3 	 0.9696216807303913 
44.32 	 0.9697939747788711 
44.34 	 0.9699603230002593 
44.36 	 0.9701247396658238 
44.38 	 0.9702826886492046 
44.4 	 0.9704396687013104 
44.42 	 0.9705900300122872 
44.44 	 0.970740249633948 
44.46 	 0.9708841537972902 
44.48 	 0.9710286699013067 
44.5 	 0.9711672493925949 
44.52 	 0.9713071531048915 
44.54 	 0.971441060937977 
44.56 	 0.971576987667318 
44.58 	 0.9717062474647766 
44.6 	 0.9718382338869834 
44.62 	 0.9719625843774713 
44.64 	 0.9720904191447163 
44.66 	 0.9722098285047808 
44.68 	 0.9723335617826511 
44.7 	 0.9724484224617496 
44.72 	 0.9725685491233276 
44.74 	 0.9726793685416255 
44.76 	 0.9727965118096449 
44.78 	 0.9729033784739747 
44.8 	 0.9730177575166188 
44.82 	 0.9731200380258417 
44.84 	 0.9732311638133562 
44.86 	 0.9733276225478666 
44.88 	 0.9734343935490063 
44.9 	 0.9735235016572017 
44.92 	 0.9736244514000152 
44.94 	 0.9737044926781148 
44.96 	 0.9737977990294208 
44.98 	 0.9738666491506863 
45.0 	 0.9739498005614016 
45.02 	 0.9740046971269705 
45.04 	 0.9740741607451058 
45.06 	 0.9741119729902884 
45.08 	 0.9741634052211083 
45.1 	 0.9741816624930838 
45.12 	 0.9742109595742182 
45.14 	 0.9742093974510192 
45.16 	 0.9742143866806436 
45.18 	 0.9741963795172871 
45.2 	 0.9741785419449721 
45.22 	 0.9741517254336254 
45.24 	 0.9741172211793873 
45.26 	 0.974092839539438 
45.28 	 0.9740522686014648 
45.3 	 0.9740431814093954 
45.32 	 0.9740098743353405 
45.34 	 0.9740276373256875 
45.36 	 0.9740147757092533 
45.38 	 0.9740666652818208 
45.4 	 0.9740840708230748 
45.42 	 0.9741711371252435 
45.44 	 0.9742228780435125 
45.46 	 0.974339843615807 
45.48 	 0.9744236001159841 
45.5 	 0.974560667786802 
45.52 	 0.974669056652629 
45.54 	 0.9748148307548442 
45.56 	 0.9749380036729262 
45.58 	 0.9750822977188591 
45.6 	 0.975210648065278 
45.62 	 0.9753462065477306 
45.64 	 0.9754722103753697 
45.66 	 0.9755950740858524 
45.68 	 0.9757139284225648 
45.7 	 0.9758228103174876 
45.72 	 0.9759321287448501 
45.74 	 0.9760273894146536 
45.76 	 0.976126439412114 
45.78 	 0.9762090930432604 
45.8 	 0.9762979429333306 
45.82 	 0.9763688672519646 
45.84 	 0.9764476068842571 
45.86 	 0.9765070017130287 
45.88 	 0.9765751116031137 
45.9 	 0.9766222715542746 
45.92 	 0.9766782552738545 
45.94 	 0.9767117756917256 
45.96 	 0.9767532330914886 
45.98 	 0.9767717378838654 
46.0 	 0.9767960309898814 
46.02 	 0.9767993492107013 
46.04 	 0.9768048414390943 
46.06 	 0.9767952989748763 
46.08 	 0.9767828520433486 
46.1 	 0.976766106888474 
46.12 	 0.9767402249579342 
46.14 	 0.9767250486006168 
46.16 	 0.9766939806532126 
46.18 	 0.9766907156882929 
46.2 	 0.9766651355077033 
46.22 	 0.9766831723964379 
46.24 	 0.9766736939239232 
46.26 	 0.9767188873789122 
46.28 	 0.9767333091463437 
46.3 	 0.9768064087829581 
46.32 	 0.9768478015820548 
46.34 	 0.9769445455747792 
46.36 	 0.9770109232593711 
46.38 	 0.9771236665452415 
46.4 	 0.9772092254573244 
46.42 	 0.9773293103574217 
46.44 	 0.977426545983794 
46.46 	 0.9775464364848189 
46.48 	 0.9776482119796941 
46.5 	 0.9777627267872481 
46.52 	 0.9778636168594506 
46.54 	 0.9779701348105185 
46.56 	 0.9780668522123502 
46.58 	 0.9781647932014815 
46.6 	 0.9782559136683154 
46.62 	 0.97834594645566 
46.64 	 0.9784313128130007 
46.66 	 0.9785146444158022 
46.68 	 0.978594771988007 
46.7 	 0.9786726784958737 
46.72 	 0.9787483258882689 
46.74 	 0.9788219225533111 
46.76 	 0.9788938505795424 
46.78 	 0.978964023022007 
46.8 	 0.9790328913679143 
46.82 	 0.979100305571962 
46.84 	 0.9791666446572431 
46.86 	 0.9792317819083164 
46.88 	 0.9792959956291241 
46.9 	 0.9793591885164546 
46.92 	 0.9794215661465826 
46.94 	 0.9794830304116277 
46.96 	 0.9795437612500895 
46.98 	 0.9796036258528054 
47.0 	 0.9796628173095897 
47.02 	 0.9797211561726302 
47.04 	 0.9797788578036453 
47.06 	 0.9798357248466737 
47.08 	 0.9798919597816514 
47.1 	 0.9799474255928717 
47.12 	 0.9800022277969561 
47.14 	 0.9800564123161953 
47.16 	 0.9801098637625735 
47.18 	 0.9801629560315123 
47.2 	 0.9802152136827237 
47.22 	 0.9802674694209036 
47.24 	 0.980318770717055 
47.26 	 0.9803704833315258 
47.28 	 0.9804211233057363 
47.3 	 0.9804725736312165 
47.32 	 0.9805228568499118 
47.34 	 0.9805742574429455 
47.36 	 0.9806244396559923 
47.38 	 0.9806758946238907 
47.4 	 0.9807261356936672 
47.42 	 0.9807776324702581 
47.44 	 0.9808279789302492 
47.46 	 0.9808794153506364 
47.48 	 0.9809298186307124 
47.5 	 0.9809810539182223 
47.52 	 0.9810314154872228 
47.54 	 0.9810823253145724 
47.56 	 0.9811325507423491 
47.58 	 0.9811830679280573 
47.6 	 0.9812331119436076 
47.62 	 0.9812832425576206 
47.64 	 0.9813331338563253 
47.66 	 0.98138294681265 
47.68 	 0.9814327882174915 
47.7 	 0.9814823799935225 
47.72 	 0.9815323219985768 
47.74 	 0.9815817578568949 
47.76 	 0.9816319427535948 
47.78 	 0.9816811776111447 
47.8 	 0.981731653611966 
47.82 	 0.9817804451155908 
47.84 	 0.9818310612571118 
47.86 	 0.9818789037374336 
47.88 	 0.9819292159967129 
47.9 	 0.9819753366181188 
47.92 	 0.9820245725769072 
47.94 	 0.9820680254799855 
47.96 	 0.9821151525481071 
47.98 	 0.9821550150423738 
48.0 	 0.9821989258397946 
48.02 	 0.9822345517901817 
48.04 	 0.9822743281208646 
48.06 	 0.9823055734213546 
48.08 	 0.9823407441325679 
48.1 	 0.9823680752941377 
48.12 	 0.9823987730273581 
48.14 	 0.9824232112327365 
48.16 	 0.9824501696512381 
48.18 	 0.982473089260167 
48.2 	 0.9824974873554879 
48.22 	 0.9825203428423136 
48.24 	 0.982543559853121 
48.26 	 0.982567630121897 
48.28 	 0.9825909944479434 
48.3 	 0.9826172074824528 
48.32 	 0.9826418033188856 
48.34 	 0.9826706607150604 
48.36 	 0.9826972183829379 
48.38 	 0.9827288056296661 
48.4 	 0.9827576709469298 
48.42 	 0.9827917267872834 
48.44 	 0.982822891960788 
48.46 	 0.9828589120884715 
48.48 	 0.9828920896598035 
48.5 	 0.9829294441933163 
48.52 	 0.9829641661659407 
48.54 	 0.9830022117942153 
48.56 	 0.9830379347601357 
48.58 	 0.9830761046320263 
48.6 	 0.9831123024202612 
48.62 	 0.9831501637088709 
48.64 	 0.9831863952635734 
48.66 	 0.983223673912429 
48.68 	 0.9832596231952249 
48.7 	 0.9832962017625076 
48.72 	 0.9833316924506231 
48.74 	 0.9833675873240633 
48.76 	 0.983402575391595 
48.78 	 0.9834378974230508 
48.8 	 0.9834724431399351 
48.82 	 0.9835073467637251 
48.84 	 0.9835415699658282 
48.86 	 0.9835762014333476 
48.88 	 0.9836102309753103 
48.9 	 0.9836446911198876 
48.92 	 0.9836786253814014 
48.94 	 0.9837129593444914 
48.96 	 0.9837468522493216 
48.98 	 0.9837810664686328 
49.0 	 0.9838149412341215 
49.02 	 0.9838490332790096 
49.04 	 0.9838829106538356 
49.06 	 0.9839168899697928 
49.08 	 0.9839508089998596 
49.1 	 0.983984691796629 
49.12 	 0.9840187050933011 
49.14 	 0.9840524817376268 
49.16 	 0.9840866216420456 
49.18 	 0.9841202111807371 
49.2 	 0.9841544397647258 
49.22 	 0.9841876546424141 
49.24 	 0.984221820197671 
49.26 	 0.9842543608677916 
49.28 	 0.9842881818702022 
49.3 	 0.9843196682280198 
49.32 	 0.9843527542536393 
49.34 	 0.9843827852911685 
49.36 	 0.9844146889799766 
49.38 	 0.984442911191772 
49.4 	 0.9844731935171542 
49.42 	 0.9844993575537591 
49.44 	 0.9845276462546647 
49.46 	 0.9845516408302825 
49.48 	 0.9845776705285911 
49.5 	 0.9845995375381771 
49.52 	 0.9846231750922396 
49.54 	 0.9846431205551107 
49.56 	 0.9846643904105788 
49.58 	 0.9846828032288932 
49.6 	 0.9847019250078861 
49.62 	 0.9847193987826122 
49.64 	 0.9847368316614051 
49.66 	 0.984754164566656 
49.68 	 0.9847706308614547 
49.7 	 0.9847887711254508 
49.72 	 0.984805221965038 
49.74 	 0.9848251419094076 
49.76 	 0.9848426420483347 
49.78 	 0.984865157196994 
49.8 	 0.9848847002318165 
49.82 	 0.9849102841489061 
49.84 	 0.9849325865563299 
49.86 	 0.9849612470408536 
49.88 	 0.9849865891905929 
49.9 	 0.9850178568568965 
49.92 	 0.9850460293383786 
49.94 	 0.9850790701723584 
49.96 	 0.9851094470531143 
49.98 	 0.9851432638735441 
50.0 	 0.9851749772394952 
50.02 	 0.9852086329421516 
50.04 	 0.9852407873240223 
50.06 	 0.9852735800655659 
50.08 	 0.9853054373471718 
50.1 	 0.9853369839364964 
50.12 	 0.9853680705093293 
50.14 	 0.9853982939404092 
50.16 	 0.9854284184910908 
50.18 	 0.9854574681415634 
50.2 	 0.9854866705468247 
50.22 	 0.9855148155006499 
50.24 	 0.9855432809488907 
50.26 	 0.9855708087487858 
50.28 	 0.9855987760431625 
50.3 	 0.9856259129339383 
50.32 	 0.9856535929331073 
50.34 	 0.9856804505513509 
50.36 	 0.9857079622922584 
50.38 	 0.9857345142749968 
50.4 	 0.9857618464334209 
50.42 	 0.9857879403482289 
50.44 	 0.9858149479105938 
50.46 	 0.9858403540608102 
50.48 	 0.985866795495748 
50.5 	 0.9858912824988473 
50.52 	 0.9859168898995135 
50.54 	 0.9859403049220253 
50.56 	 0.9859648663168602 
50.58 	 0.9859871945088581 
50.6 	 0.9860106225952215 
50.62 	 0.9860320073127599 
50.64 	 0.9860543737594094 
50.66 	 0.986075091313431 
50.68 	 0.986096615964661 
50.7 	 0.9861170113055553 
50.72 	 0.9861380079853173 
50.74 	 0.9861584103922253 
50.76 	 0.9861792056813136 
50.78 	 0.9861998539476827 
50.8 	 0.9862207088422152 
50.82 	 0.986241715163885 
50.84 	 0.9862627813135249 
50.86 	 0.9862841450833126 
50.88 	 0.986305469417393 
50.9 	 0.9863271240249414 
50.92 	 0.986348686645779 
50.94 	 0.9863705457170914 
50.96 	 0.9863922989460299 
50.98 	 0.9864142786185857 
51.0 	 0.986436165389111 
51.02 	 0.986458186604313 
51.04 	 0.9864801431731263 
51.06 	 0.9865021349403926 
51.08 	 0.9865240980089099 
51.1 	 0.98654601247741 
51.12 	 0.9865679389214669 
51.14 	 0.9865897653327182 
51.16 	 0.9866116490296095 
51.18 	 0.9866334054805957 
51.2 	 0.986655269509 
51.22 	 0.9866769707105918 
51.24 	 0.9866988343811687 
51.26 	 0.9867204601524356 
51.28 	 0.9867423070849242 
51.3 	 0.9867638000824099 
51.32 	 0.9867855760946336 
51.34 	 0.9868068719637447 
51.36 	 0.9868285153829517 
51.38 	 0.9868495791025124 
51.4 	 0.9868710571984795 
51.42 	 0.9868918949230189 
51.44 	 0.9869132165815754 
51.46 	 0.9869338551286866 
51.48 	 0.9869550523854348 
51.5 	 0.986975503808607 
51.52 	 0.9869965984442428 
51.54 	 0.987016831221524 
51.56 	 0.9870378052853922 
51.58 	 0.9870577284559233 
51.6 	 0.9870785029008772 
51.62 	 0.9870979568473057 
51.64 	 0.9871183721499489 
51.66 	 0.9871371249432892 
51.68 	 0.9871569252697844 
51.7 	 0.9871746887932775 
51.72 	 0.9871935277558028 
51.74 	 0.9872100125621296 
51.76 	 0.9872275032094642 
51.78 	 0.9872425147378986 
51.8 	 0.9872583293413281 
51.82 	 0.9872718807826913 
51.84 	 0.9872858774602689 
51.86 	 0.9872982761877922 
51.88 	 0.9873106089382826 
51.9 	 0.987322476272877 
51.92 	 0.9873336446844682 
51.94 	 0.9873458501403243 
51.96 	 0.9873566632605468 
51.98 	 0.9873701828172294 
52.0 	 0.9873816386736382 
52.02 	 0.9873973711906592 
52.04 	 0.9874104795428417 
52.06 	 0.9874290697638551 
52.08 	 0.9874446641190912 
52.1 	 0.9874663812592284 
52.12 	 0.9874849718217718 
52.14 	 0.9875096776201381 
52.16 	 0.9875313857590708 
52.18 	 0.9875585972111836 
52.2 	 0.9875831848557477 
52.22 	 0.9876122036767618 
52.24 	 0.9876391765010303 
52.26 	 0.9876692343000449 
52.28 	 0.987697971059737 
52.3 	 0.9877283390500181 
52.32 	 0.9877581954259532 
52.34 	 0.9877882324810172 
52.36 	 0.9878185902572059 
52.38 	 0.9878477411617709 
52.4 	 0.9878780115200161 
52.42 	 0.9879057968649251 
52.44 	 0.9879354182118665 
52.46 	 0.9879614592825096 
52.48 	 0.987989934370002 
52.5 	 0.988014026060502 
52.52 	 0.9880410136142254 
52.54 	 0.9880632119899663 
52.56 	 0.9880886397421066 
52.58 	 0.9881092983917036 
52.6 	 0.9881334280780799 
52.62 	 0.9881531241431036 
52.64 	 0.9881765018288297 
52.66 	 0.9881958401471158 
52.68 	 0.9882191106387327 
52.7 	 0.9882384573724337 
52.72 	 0.9882620854550371 
52.74 	 0.9882813262945971 
52.76 	 0.9883053164171564 
52.78 	 0.988323739337013 
52.8 	 0.9883474593867942 
52.82 	 0.9883638315049168 
52.84 	 0.9883860265059474 
52.86 	 0.98839888215126 
52.88 	 0.9884179182676773 
52.9 	 0.9884260084908928 
52.92 	 0.9884403188114538 
52.94 	 0.9884430978839844 
52.96 	 0.9884517140794671 
52.98 	 0.9884496813101958 
53.0 	 0.9884526592982952 
53.02 	 0.9884473818220053 
53.04 	 0.9884459210316839 
53.06 	 0.9884396693878946 
53.08 	 0.9884358262147259 
53.1 	 0.9884309326444263 
53.12 	 0.98842701429818 
53.14 	 0.9884252173042697 
53.16 	 0.9884231116907827 
53.18 	 0.9884251726859724 
53.2 	 0.9884259093124939 
53.22 	 0.9884316476859104 
53.24 	 0.9884353574961271 
53.26 	 0.9884440309568453 
53.28 	 0.9884502578760958 
53.3 	 0.9884610538254331 
53.32 	 0.9884692048023888 
53.34 	 0.9884815975104881 
53.36 	 0.9884912943166855 
53.38 	 0.9885051450945337 
53.4 	 0.9885163484844381 
53.42 	 0.9885317834231288 
53.44 	 0.9885447070650467 
53.46 	 0.9885619009107667 
53.48 	 0.9885768250420913 
53.5 	 0.9885958162438001 
53.52 	 0.9886129142533796 
53.54 	 0.9886335097891474 
53.56 	 0.9886527444009832 
53.58 	 0.9886745054220972 
53.6 	 0.9886955913950983 
53.62 	 0.9887178636313058 
53.64 	 0.9887402700803901 
53.66 	 0.9887622360716766 
53.68 	 0.9887852137050729 
53.7 	 0.9888059668118502 
53.72 	 0.9888286047999485 
53.74 	 0.9888472487708303 
53.76 	 0.98886856602486 
53.78 	 0.988884327389565 
53.8 	 0.9889033846088245 
53.82 	 0.9889157120508353 
53.84 	 0.9889317185771929 
53.86 	 0.9889403535725978 
53.88 	 0.9889527552589532 
53.9 	 0.9889577820275368 
53.92 	 0.988966340429731 
53.94 	 0.988968229104251 
53.96 	 0.9889731049147533 
53.98 	 0.9889727330160388 
54.0 	 0.9889745521585684 
54.02 	 0.9889731510902728 
54.04 	 0.9889729891456809 
54.06 	 0.9889719646199053 
54.08 	 0.9889711878499836 
54.1 	 0.9889718294235259 
54.12 	 0.9889718024574338 
54.14 	 0.9889749885260474 
54.16 	 0.9889767574804399 
54.18 	 0.9889827991963971 
54.2 	 0.9889869015417878 
54.22 	 0.9889956036388041 
54.24 	 0.989002091889896 
54.26 	 0.9890129759775719 
54.28 	 0.9890216078428204 
54.3 	 0.9890341446595984 
54.32 	 0.9890445901567063 
54.34 	 0.989058302944778 
54.36 	 0.9890702320858761 
54.38 	 0.9890846523322285 
54.4 	 0.9890976842852638 
54.42 	 0.9891122650701937 
54.44 	 0.9891258826235281 
54.46 	 0.9891400012494469 
54.48 	 0.9891535604596645 
54.5 	 0.9891666519464456 
54.52 	 0.9891795269025987 
54.54 	 0.9891912628434353 
54.56 	 0.9892030384099902 
54.58 	 0.9892134104251589 
54.6 	 0.9892239798660194 
54.62 	 0.9892332101459717 
54.64 	 0.9892426967030428 
54.66 	 0.9892510284098398 
54.68 	 0.9892595802008873 
54.7 	 0.9892670941456999 
54.72 	 0.9892746979106198 
54.74 	 0.9892812876751839 
54.76 	 0.9892877372550561 
54.78 	 0.9892932660124751 
54.8 	 0.9892983164423103 
54.82 	 0.9893028554598384 
54.84 	 0.9893064700000017 
54.86 	 0.9893104641424575 
54.88 	 0.9893130011911316 
54.9 	 0.9893172499697742 
54.92 	 0.9893194716422326 
54.94 	 0.9893249208736469 
54.96 	 0.9893278058893142 
54.98 	 0.989335248354392 
55.0 	 0.9893396963900364 
55.02 	 0.9893495245049171 
55.04 	 0.9893560915229828 
55.06 	 0.989368212860236 
55.08 	 0.9893769943775721 
55.1 	 0.9893909340213455 
55.12 	 0.9894016323484713 
55.14 	 0.9894167524008082 
55.16 	 0.9894288696075827 
55.18 	 0.9894445855539139 
55.2 	 0.9894576275237422 
55.22 	 0.9894735198599849 
55.24 	 0.9894871084776857 
55.26 	 0.9895029025520199 
55.28 	 0.9895167631537192 
55.3 	 0.9895322333653174 
55.32 	 0.9895461075046412 
55.34 	 0.9895610017009592 
55.36 	 0.9895745781343668 
55.38 	 0.9895886314535395 
55.4 	 0.9896015657687739 
55.42 	 0.9896146015323212 
55.44 	 0.9896266255124353 
55.46 	 0.9896386735216806 
55.48 	 0.9896497269692941 
55.5 	 0.9896610703482077 
55.52 	 0.9896713649479689 
55.54 	 0.9896824660870077 
55.56 	 0.9896924261991243 
55.58 	 0.9897037542248541 
55.6 	 0.9897138501606438 
55.62 	 0.989725692500623 
55.64 	 0.989736244948179 
55.66 	 0.9897485987233174 
55.68 	 0.9897596518968231 
55.7 	 0.9897722501508758 
55.72 	 0.989783575826776 
55.74 	 0.9897960329380271 
55.76 	 0.9898072588020721 
55.78 	 0.989819258905579 
55.8 	 0.9898300516369889 
55.82 	 0.9898414864501233 
55.84 	 0.9898516970090687 
55.86 	 0.9898626924534435 
55.88 	 0.9898723983754798 
55.9 	 0.9898832316926827 
55.92 	 0.9898926705303773 
55.94 	 0.9899036351447031 
55.96 	 0.9899130796976576 
55.98 	 0.9899243741174755 
56.0 	 0.98993402301977 
56.02 	 0.9899457155139813 
56.04 	 0.9899556526448615 
56.06 	 0.9899677235833261 
56.08 	 0.9899779526587383 
56.1 	 0.9899903726949267 
56.12 	 0.9900008897164401 
56.14 	 0.9900136791353314 
56.16 	 0.9900245303282831 
56.18 	 0.9900377660670995 
56.2 	 0.9900490571515136 
56.22 	 0.9900628310385211 
56.24 	 0.9900746885515657 
56.26 	 0.9900890481343415 
56.28 	 0.9901015610290492 
56.3 	 0.9901164683809234 
56.32 	 0.9901296436625884 
56.34 	 0.9901449709750395 
56.36 	 0.9901587229001444 
56.38 	 0.9901742812733273 
56.4 	 0.9901884530067695 
56.42 	 0.9902040365736602 
56.44 	 0.9902184392014277 
56.46 	 0.990233865379772 
56.48 	 0.9902483167082805 
56.5 	 0.9902634509859195 
56.52 	 0.9902778025034148 
56.54 	 0.9902925656461244 
56.56 	 0.9903067142416658 
56.58 	 0.9903210762226283 
56.6 	 0.9903349632684812 
56.62 	 0.9903489303568047 
56.64 	 0.9903625332399283 
56.66 	 0.9903761338091207 
56.68 	 0.9903894547844041 
56.7 	 0.990402727307474 
56.72 	 0.9904157830580657 
56.74 	 0.9904287677026269 
56.76 	 0.9904415813113501 
56.78 	 0.9904543150957741 
56.8 	 0.9904669108125519 
56.82 	 0.9904794255256079 
56.84 	 0.990491825928478 
56.86 	 0.990504147812434 
56.88 	 0.990516372651176 
56.9 	 0.9905285229848335 
56.92 	 0.9905405890120197 
56.94 	 0.990552585001409 
56.96 	 0.9905645062677081 
56.98 	 0.9905763619179783 
57.0 	 0.9905881502099776 
57.02 	 0.9905998770464172 
57.04 	 0.9906115423080035 
57.06 	 0.9906231499266739 
57.08 	 0.9906347006089592 
57.1 	 0.9906461970859917 
57.12 	 0.9906576404231222 
57.14 	 0.9906690326215853 
57.16 	 0.9906803748478135 
57.18 	 0.9906916686536587 
57.2 	 0.9907029151776403 
57.22 	 0.9907141156852475 
57.24 	 0.9907252712325135 
57.26 	 0.9907363828920346 
57.28 	 0.9907474516220147 
57.3 	 0.990758478356195 
57.32 	 0.990769463957751 
57.34 	 0.9907804092540108 
57.36 	 0.9907913150226715 
57.38 	 0.9908021820054342 
57.4 	 0.9908130109054083 
57.42 	 0.9908238023930545 
57.44 	 0.9908345571069733 
57.46 	 0.9908452756570669 
57.48 	 0.9908559586260922 
57.5 	 0.9908666065717436 
57.52 	 0.9908772200281994 
57.54 	 0.9908877995077031 
57.56 	 0.9908983455019216 
57.58 	 0.9909088584832308 
57.6 	 0.9909193389058756 
57.62 	 0.9909297872070459 
57.64 	 0.9909402038078641 
57.66 	 0.9909505891142988 
57.68 	 0.990960943518009 
57.7 	 0.9909712673971277 
57.72 	 0.9909815611169869 
57.74 	 0.990991825030794 
57.76 	 0.9910020594802588 
57.78 	 0.9910122647961803 
57.8 	 0.9910224412989922 
57.82 	 0.991032589299274 
57.84 	 0.991042709098228 
57.86 	 0.9910528009881273 
57.88 	 0.9910628652527343 
57.9 	 0.9910729021676946 
57.92 	 0.9910829120009067 
57.94 	 0.9910928950128689 
57.96 	 0.9911028514570074 
57.98 	 0.9911127815799836 
58.0 	 0.9911226856219854 
58.02 	 0.9911325638170005 
58.04 	 0.9911424163930765 
58.06 	 0.9911522435725644 
58.08 	 0.9911620455723511 
58.1 	 0.9911718226040781 
58.12 	 0.9911815748743492 
58.14 	 0.9911913025849274 
58.16 	 0.9912010059329213 
58.18 	 0.9912106851109629 
58.2 	 0.9912203403073753 
58.22 	 0.9912299717063333 
58.24 	 0.991239579488015 
58.26 	 0.991249163828747 
58.28 	 0.9912587249011422 
58.3 	 0.9912682628742312 
58.32 	 0.9912777779135874 
58.34 	 0.9912872701814466 
58.36 	 0.9912967398368209 
58.38 	 0.9913061870356075 
58.4 	 0.9913156119306926 
58.42 	 0.991325014672051 
58.44 	 0.9913343954068413 
58.46 	 0.9913437542794957 
58.48 	 0.9913530914318083 
58.5 	 0.9913624070030176 
58.52 	 0.9913717011298865 
58.54 	 0.991380973946779 
58.56 	 0.9913902255857332 
58.58 	 0.9913994561765315 
58.6 	 0.9914086658467686 
58.62 	 0.9914178547219158 
58.64 	 0.9914270229253835 
58.66 	 0.9914361705785809 
58.68 	 0.9914452978009731 
58.7 	 0.9914544047101371 
58.72 	 0.9914634914218137 
58.74 	 0.9914725580499602 
58.76 	 0.9914816047067979 
58.78 	 0.9914906315028609 
58.8 	 0.9914996385470406 
58.82 	 0.9915086259466301 
58.84 	 0.991517593807367 
58.86 	 0.9915265422334731 
58.88 	 0.9915354713276949 
58.9 	 0.991544381191341 
58.92 	 0.9915532719243187 
58.94 	 0.9915621436251697 
58.96 	 0.9915709963911039 
58.98 	 0.9915798303180327 
59.0 	 0.9915886455006007 
59.02 	 0.9915974420322163 
59.04 	 0.9916062200050823 
59.06 	 0.9916149795102233 
59.08 	 0.9916237206375149 
59.1 	 0.9916324434757099 
59.12 	 0.9916411481124644 
59.14 	 0.9916498346343633 
59.16 	 0.9916585031269445 
59.18 	 0.9916671536747226 
59.2 	 0.9916757863612119 
59.22 	 0.9916844012689485 
59.24 	 0.9916929984795121 
59.26 	 0.9917015780735461 
59.28 	 0.9917101401307788 
59.3 	 0.9917186847300424 
59.32 	 0.9917272119492923 
59.34 	 0.9917357218656248 
59.36 	 0.9917442145552965 
59.38 	 0.9917526900937405 
59.4 	 0.9917611485555834 
59.42 	 0.9917695900146621 
59.44 	 0.9917780145440397 
59.46 	 0.9917864222160205 
59.48 	 0.9917948131021654 
59.5 	 0.9918031872733067 
59.52 	 0.9918115447995618 
59.54 	 0.9918198857503473 
59.56 	 0.9918282101943924 
59.58 	 0.991836518199752 
59.6 	 0.9918448098338195 
59.62 	 0.9918530851633387 
59.64 	 0.9918613442544164 
59.66 	 0.991869587172534 
59.68 	 0.9918778139825586 
59.7 	 0.9918860247487541 
59.72 	 0.9918942195347927 
59.74 	 0.9919023984037647 
59.76 	 0.9919105614181889 
59.78 	 0.9919187086400231 
59.8 	 0.991926840130673 
59.82 	 0.9919349559510026 
59.84 	 0.9919430561613428 
59.86 	 0.9919511408215008 
59.88 	 0.9919592099907688 
59.9 	 0.9919672637279325 
59.92 	 0.9919753020912799 
59.94 	 0.9919833251386089 
59.96 	 0.9919913329272352 
59.98 	 0.9919993255140014 
