0.0 	 0.0 
0.02 	 1437.4921014322204 
0.04 	 3146.24903456311 
0.06 	 5143.559387536913 
0.08 	 7134.19624469589 
0.1 	 9220.934934142258 
0.12 	 11159.38603190277 
0.14 	 12949.87671489789 
0.16 	 14540.169307697459 
0.18 	 15719.597446471476 
0.2 	 16729.100545842743 
0.22 	 17121.322113784176 
0.24 	 17430.91005293826 
0.26 	 17063.14489979504 
0.28 	 16736.226945973216 
0.3 	 15876.057308009706 
0.32 	 15194.70207324299 
0.34 	 14257.230386344572 
0.36 	 13582.65279094044 
0.38 	 12870.021978846664 
0.4 	 12398.263080722945 
0.42 	 11960.021109376303 
0.44 	 11680.717013687721 
0.46 	 11418.506676486204 
0.48 	 11237.47664036496 
0.5 	 11039.110667366846 
0.52 	 10875.644401902087 
0.54 	 10676.241296026008 
0.56 	 10497.059547964536 
0.58 	 10285.415722040008 
0.6 	 10098.653101086784 
0.62 	 9895.957374182432 
0.64 	 9727.110138988417 
0.66 	 9558.35080246808 
0.68 	 9425.834587927875 
0.7 	 9299.5115310506 
0.72 	 9201.970692876603 
0.74 	 9105.35037522155 
0.76 	 9023.694017929156 
0.78 	 8931.320112323048 
0.8 	 8840.344989923045 
0.82 	 8727.93126584664 
0.84 	 8609.190186967791 
0.86 	 8464.58136872491 
0.88 	 8313.622701315579 
0.9 	 8139.763351822266 
0.92 	 7965.04745973564 
0.94 	 7774.840479402777 
0.96 	 7590.342134554017 
0.98 	 7397.502852907471 
1.0 	 7213.956206776108 
1.02 	 7025.3259183640685 
1.04 	 6844.875414708251 
1.06 	 6657.821289960732 
1.08 	 6474.154584346226 
1.1 	 6279.385491642272 
1.12 	 6082.30852336161 
1.14 	 5869.810397835346 
1.16 	 5651.382131777025 
1.18 	 5416.24893313981 
1.2 	 5175.468451124084 
1.22 	 4921.052855179816 
1.24 	 4665.242935361219 
1.26 	 4402.622184844567 
1.28 	 4145.3361624786 
1.3 	 3889.7817346241022 
1.32 	 3646.504069151241 
1.34 	 3412.726019302185 
1.36 	 3196.2712071355327 
1.38 	 2994.3209186907156 
1.4 	 2811.5551984050066 
1.42 	 2644.6116049881966 
1.44 	 2495.303925481788 
1.46 	 2359.671037777486 
1.48 	 2237.4431732689936 
1.5 	 2124.3874376789754 
1.52 	 2019.177257960587 
1.54 	 1917.855251506143 
1.56 	 1819.0492627632036 
1.58 	 1719.6421682399684 
1.6 	 1618.9860502449158 
1.62 	 1515.1944893024586 
1.64 	 1408.7153951691168 
1.66 	 1298.9802695329317 
1.68 	 1187.46281384941 
1.7 	 1074.6719693670402 
1.72 	 962.6879712341827 
1.74 	 852.6200953789371 
1.76 	 746.5837384941019 
1.78 	 645.746119740127 
1.8 	 551.7550692485237 
1.82 	 465.4065018060824 
1.84 	 387.6013673986675 
1.86 	 318.5587670011832 
1.88 	 258.416227528125 
1.9 	 206.84145301269413 
1.92 	 163.3901442207061 
1.94 	 127.35795194057938 
1.96 	 97.98426523859192 
1.98 	 74.41874687115322 
2.0 	 55.82987624228007 
2.02 	 41.40887989708795 
2.04 	 30.420111789294097 
2.06 	 22.206902033161356 
2.08 	 16.208030603309055 
2.1 	 11.955984695796925 
2.12 	 9.076095282293211 
2.14 	 7.2791973715575535 
2.16 	 6.354346146876731 
2.18 	 6.160359574087252 
2.2 	 6.618329745495213 
2.22 	 7.705099324804427 
2.24 	 9.44804831675846 
2.26 	 11.921311866452807 
2.28 	 15.242637349341797 
2.3 	 19.571409348047997 
2.32 	 25.10559086314557 
2.34 	 32.07977460391729 
2.36 	 40.75907639358185 
2.38 	 51.435679144545844 
2.4 	 64.41582972180376 
2.42 	 80.01508301539162 
2.44 	 98.53416898516751 
2.46 	 120.25691880477159 
2.48 	 145.41066449008278 
2.5 	 174.17671283604653 
2.52 	 206.63079113434142 
2.54 	 242.78259033512975 
2.56 	 282.4908452928961 
2.58 	 325.55268314964337 
2.6 	 371.58563829613684 
2.62 	 420.1854384582959 
2.64 	 470.76435492321167 
2.66 	 522.7859719688586 
2.68 	 575.5484683374449 
2.7 	 628.4897791890571 
2.72 	 680.9089937741622 
2.74 	 732.3217451264317 
2.76 	 782.1238202267517 
2.78 	 829.9704456745209 
2.8 	 875.4001004735904 
2.82 	 918.2133735237983 
2.84 	 958.0858122612605 
2.86 	 994.92793505231 
2.88 	 1028.5192188184196 
2.9 	 1058.835645395884 
2.92 	 1085.7326269203072 
2.94 	 1109.2284497575622 
2.96 	 1129.2555034212878 
2.98 	 1145.888807997506 
3.0 	 1159.175381137955 
3.02 	 1169.298873315359 
3.04 	 1176.4864303878253 
3.06 	 1181.1042398806676 
3.08 	 1183.6285130264048 
3.1 	 1184.6729307552023 
3.12 	 1184.9960883951985 
3.14 	 1185.4716382490963 
3.16 	 1187.0930146086062 
3.18 	 1190.9116840749996 
3.2 	 1197.9967384061506 
3.22 	 1209.3848935560559 
3.24 	 1225.9599122183995 
3.26 	 1248.4747168875358 
3.28 	 1277.330125619453 
3.3 	 1312.7362760874119 
3.32 	 1354.3848552786294 
3.34 	 1401.8050550373757 
3.36 	 1453.933627526971 
3.38 	 1509.6847955063495 
3.4 	 1567.4296000902593 
3.42 	 1625.743899281049 
3.44 	 1682.8180098877667 
3.46 	 1737.289058372982 
3.48 	 1787.6162110551875 
3.5 	 1832.8684405271465 
3.52 	 1872.114997725165 
3.54 	 1905.047424147287 
3.56 	 1931.4415304829392 
3.58 	 1951.5437505054676 
3.6 	 1965.656421780723 
3.62 	 1974.2900401675852 
3.64 	 1977.9118121531492 
3.66 	 1976.921856230233 
3.68 	 1971.5915803811276 
3.7 	 1961.9365975042067 
3.72 	 1947.8581105936003 
3.74 	 1928.9548724201488 
3.76 	 1904.8645916536839 
3.78 	 1875.0033850097632 
3.8 	 1839.0830658071977 
3.82 	 1796.7247683307216 
3.84 	 1748.105130581827 
3.86 	 1693.391213474214 
3.88 	 1633.4527005484858 
3.9 	 1569.1134917106326 
3.92 	 1501.8667645302583 
3.94 	 1433.0092865260467 
3.96 	 1364.3128378616757 
3.98 	 1297.1585789390729 
4.0 	 1233.1428117927962 
4.02 	 1173.330898787478 
4.04 	 1118.7939138695335 
4.06 	 1070.0569338224034 
4.08 	 1027.5685543755394 
4.1 	 991.3565467491269 
4.12 	 961.4290418140141 
4.14 	 937.6051476459683 
4.16 	 919.8443518875758 
4.18 	 908.2066111899862 
4.2 	 903.1072530099977 
4.22 	 905.3734287015226 
4.24 	 916.4145604039933 
4.26 	 938.361693649839 
4.28 	 974.1105897253877 
4.3 	 1027.5474966708346 
4.32 	 1103.3500356326617 
4.34 	 1207.3359927539818 
4.36 	 1345.7906919523175 
4.38 	 1526.0860176806584 
4.4 	 1755.1305240433023 
4.42 	 2040.6914771897546 
4.44 	 2388.2966692780233 
4.46 	 2804.234980707159 
4.48 	 3289.8239429884784 
4.5 	 3847.8198332001707 
4.52 	 4472.4343204686775 
4.54 	 5161.553506111433 
4.56 	 5900.507291321326 
4.58 	 6682.512075833197 
4.6 	 7484.486737487094 
4.62 	 8296.929810752361 
4.64 	 9091.497594290046 
4.66 	 9859.042122969477 
4.68 	 10571.102513503758 
4.7 	 11221.869894555155 
4.72 	 11788.258990016719 
4.74 	 12269.544835971432 
4.76 	 12651.976757834049 
4.78 	 12939.893034135988 
4.8 	 13130.131003480483 
4.82 	 13230.613145459025 
4.84 	 13247.38899735152 
4.86 	 13189.915004702669 
4.88 	 13070.55478501994 
4.9 	 12898.629024069724 
4.92 	 12689.768298808023 
4.94 	 12452.423301093388 
4.96 	 12203.204978804819 
4.98 	 11949.891051080036 
5.0 	 11708.730107694211 
5.02 	 11487.542377536178 
5.04 	 11301.460107091156 
5.06 	 11159.036064336051 
5.08 	 11073.56290140903 
5.1 	 11054.531477526529 
5.12 	 11112.198537103382 
5.14 	 11256.462550966298 
5.16 	 11492.60438656223 
5.18 	 11829.721522210235 
5.2 	 12265.577432048945 
5.22 	 12807.030082593341 
5.24 	 13441.868081841738 
5.26 	 14173.805609472538 
5.28 	 14979.41219295662 
5.3 	 15859.640242587004 
5.32 	 16780.94093619254 
5.34 	 17743.470856943666 
5.36 	 18707.50453699344 
5.38 	 19675.56037960419 
5.4 	 20607.901830977607 
5.42 	 21512.843654897973 
5.44 	 22357.31056861871 
5.46 	 23158.12298712844 
5.48 	 23893.799162544114 
5.5 	 24590.95040020248 
5.52 	 25240.983338681177 
5.54 	 25879.94738902833 
5.56 	 26509.029454145373 
5.58 	 27172.055032401644 
5.6 	 27873.185970362127 
5.62 	 28661.966816172073 
5.64 	 29536.95708358856 
5.66 	 30552.39761625672 
5.68 	 31693.278386498856 
5.7 	 33020.127119093566 
5.72 	 34498.859949106794 
5.74 	 36201.64299894921 
5.76 	 38072.77827340504 
5.78 	 40205.507332687754 
5.8 	 42521.7013845478 
5.82 	 45148.833053904884 
5.84 	 47984.28793500647 
5.86 	 51206.11136867158 
5.88 	 54679.43382080417 
5.9 	 58652.188654383244 
5.92 	 62938.13768058322 
5.94 	 67877.74400910555 
5.96 	 73197.19273051416 
5.98 	 79356.53982354466 
6.0 	 85937.71170176931 
6.02 	 93553.6450955886 
6.04 	 101567.78388711979 
6.06 	 110786.66323122056 
6.08 	 120276.24848942831 
6.1 	 131081.99165705283 
6.12 	 141910.98327510367 
6.14 	 154086.82546048838 
6.16 	 165939.32150128076 
6.18 	 179084.92745521985 
6.2 	 191517.53005664752 
6.22 	 205116.8230607988 
6.24 	 217640.54604402182 
6.26 	 231145.57876792812 
6.28 	 243293.78877969712 
6.3 	 256176.86511785432 
6.32 	 267522.4738293014 
6.34 	 279268.28986231884 
6.36 	 289387.7135393707 
6.38 	 299444.93146858865 
6.4 	 307869.83296374255 
6.42 	 315627.47849262395 
6.44 	 321848.2611919108 
6.46 	 326709.5065384803 
6.48 	 330277.39296760125 
6.5 	 331856.7359797721 
6.52 	 332579.5344481461 
6.54 	 330967.31359396834 
6.56 	 329127.988887331 
6.58 	 325084.3030674574 
6.6 	 321551.3953420546 
6.62 	 316455.80657835526 
6.64 	 312541.1718851683 
6.66 	 308004.3085965839 
6.68 	 305034.98619254905 
6.7 	 302303.82198969054 
6.72 	 301105.1678829599 
6.74 	 300597.7705853786 
6.76 	 301204.0862974987 
6.78 	 302434.2667300384 
6.8 	 304170.8023509195 
6.82 	 306037.0300177575 
6.84 	 307856.3846579582 
6.86 	 309089.53065883566 
6.88 	 309960.8596730014 
6.9 	 309542.306982965 
6.92 	 308759.08281584264 
6.94 	 306202.0640725593 
6.96 	 303552.5079646312 
6.98 	 298995.7586476645 
7.0 	 294776.5873679527 
7.02 	 288877.9798996109 
7.04 	 283754.5013902919 
7.06 	 277427.46744711685 
7.08 	 272189.4475783059 
7.1 	 266296.5268194783 
7.12 	 261618.21987506122 
7.14 	 256765.01496353274 
7.16 	 253081.6693873845 
7.18 	 249586.35352423342 
7.2 	 247117.18975285612 
7.22 	 245111.90628285956 
7.24 	 243962.86613082828 
7.26 	 243519.00677495534 
7.28 	 243772.1196096314 
7.3 	 244966.7810134013 
7.32 	 246706.04537119693 
7.34 	 249612.80535496044 
7.36 	 252893.82095930522 
7.38 	 257529.93175558475 
7.4 	 262330.3312613677 
7.42 	 268602.5317779661 
7.44 	 274785.8654258862 
7.46 	 282458.9654539682 
7.48 	 289763.3849983052 
7.5 	 298453.1159494325 
7.52 	 306498.7847404116 
7.54 	 315679.3067093438 
7.56 	 323983.6779630928 
7.58 	 333001.3815818166 
7.6 	 340995.2128326682 
7.62 	 349086.2507761094 
7.64 	 356128.2155290785 
7.66 	 362441.90950857475 
7.68 	 367833.4635716036 
7.7 	 371467.7993602386 
7.72 	 374474.45596502325 
7.74 	 374535.36095183884 
7.76 	 374426.7652045698 
7.78 	 370127.69267991453 
7.8 	 366254.48895267147 
7.82 	 357071.3735744416 
7.84 	 348998.63158705266 
7.86 	 334883.3587164859 
7.88 	 322594.52765092615 
7.9 	 304220.96485510276 
7.92 	 288373.5385258007 
7.94 	 267314.6317281648 
7.96 	 249414.6877447546 
7.98 	 228004.40842851097 
8.0 	 210187.51816127598 
8.02 	 190818.3161737182 
8.04 	 175062.64814215532 
8.06 	 159225.63849750967 
8.08 	 146540.2464905347 
8.1 	 134447.8834134397 
8.12 	 124770.91721547881 
8.14 	 115770.70744062019 
8.16 	 108453.67486163852 
8.18 	 101647.70292503724 
8.2 	 95957.30029178898 
8.22 	 90589.97707573937 
8.24 	 85967.6972232198 
8.26 	 81547.42689909386 
8.28 	 77660.80702342266 
8.3 	 73927.22200042565 
8.32 	 70616.91012710337 
8.34 	 67455.88240133441 
8.36 	 64659.60654438695 
8.38 	 62027.07150720747 
8.4 	 59723.0286802241 
8.42 	 57600.47457295032 
8.44 	 55779.9379323015 
8.46 	 54157.59567702497 
8.48 	 52816.56916810362 
8.5 	 51688.236157201696 
8.52 	 50822.2529506425 
8.54 	 50176.76023841163 
8.56 	 49768.14786201721 
8.58 	 49571.55870405103 
8.6 	 49568.869406766076 
8.62 	 49742.332459802376 
8.64 	 50040.97891437425 
8.66 	 50446.132341581324 
8.68 	 50882.69083638751 
8.7 	 51326.196898271526 
8.72 	 51694.60409870989 
8.74 	 51956.0138767871 
8.76 	 52044.3431912181 
8.78 	 51920.87712851465 
8.8 	 51557.65446391026 
8.82 	 50911.077167924705 
8.84 	 50005.16195324955 
8.86 	 48794.043994004205 
8.88 	 47354.301323150314 
8.9 	 45640.66160079393 
8.92 	 43769.76255521747 
8.94 	 41699.51502611109 
8.96 	 39566.145949495425 
8.98 	 37332.53738252488 
9.0 	 35133.260918730186 
9.02 	 32936.861723854185 
9.04 	 30860.06241223201 
9.06 	 28876.789207781425 
9.08 	 27077.283857524508 
9.1 	 25440.05152291229 
9.12 	 24027.105797614913 
9.14 	 22820.68092127882 
9.16 	 21857.16359945753 
9.18 	 21121.781811271925 
9.2 	 20629.322512153183 
9.22 	 20367.19342208072 
9.24 	 20331.85646658949 
9.26 	 20511.797004472082 
9.28 	 20886.92960540641 
9.3 	 21445.633713837437 
9.32 	 22152.370899906844 
9.34 	 22994.840075074822 
9.36 	 23924.258055823626 
9.38 	 24928.410904708413 
9.4 	 25950.245201786096 
9.42 	 26979.931640123603 
9.44 	 27960.24373468954 
9.46 	 28886.97536067839 
9.48 	 29712.471210607502 
9.5 	 30441.227538297702 
9.52 	 31043.649864902003 
9.54 	 31534.690220772674 
9.56 	 31906.885067671126 
9.58 	 32185.134604111314 
9.6 	 32381.710656831725 
9.62 	 32528.190049801746 
9.64 	 32647.836797947697 
9.66 	 32773.17297579889 
9.68 	 32925.98042927985 
9.7 	 33133.1192836066 
9.72 	 33403.215800079546 
9.74 	 33752.80451969281 
9.76 	 34171.40413694346 
9.78 	 34665.470239780414 
9.8 	 35208.33670275324 
9.82 	 35802.88687171153 
9.84 	 36417.45804119988 
9.86 	 37062.57656347843 
9.88 	 37715.945233620405 
9.9 	 38407.37654046491 
9.92 	 39133.401910888286 
9.94 	 39949.94139536527 
9.96 	 40869.53957179837 
9.98 	 41972.723981963536 
10.0 	 43270.4408465207 
10.02 	 44858.64797121227 
10.04 	 46718.65258068088 
10.06 	 48950.04612837726 
10.08 	 51475.70185012387 
10.1 	 54391.02546890072 
10.12 	 57541.93610305347 
10.14 	 61019.479869814 
10.16 	 64592.918609987275 
10.18 	 68354.61220609426 
10.2 	 72019.75220829603 
10.22 	 75687.87363636681 
10.24 	 79061.7500007837 
10.26 	 82249.02163908075 
10.28 	 84990.45575903136 
10.3 	 87396.78890985662 
10.32 	 89290.82601978056 
10.34 	 90778.64547241919 
10.36 	 91788.19229042275 
10.38 	 92414.83339205959 
10.4 	 92686.13084770033 
10.42 	 92684.92996983144 
10.44 	 92506.99072960299 
10.46 	 92224.84885724899 
10.48 	 91956.57946637351 
10.5 	 91769.12395061151 
10.52 	 91756.84962950944 
10.54 	 91987.32613447076 
10.56 	 92496.22434652956 
10.58 	 93359.49316606624 
10.6 	 94535.2714145701 
10.62 	 96117.36578953936 
10.64 	 97983.328911294 
10.66 	 100255.34604052629 
10.68 	 102739.28754243547 
10.7 	 105595.40956722514 
10.72 	 108573.2286993269 
10.74 	 111877.53276030466 
10.76 	 115217.26445715288 
10.78 	 118843.10651721434 
10.8 	 122434.69108760555 
10.82 	 126284.25321403022 
10.84 	 130046.61784091136 
10.86 	 134046.11360725935 
10.88 	 137912.17295970971 
10.9 	 141987.7192582393 
10.92 	 145876.4105433948 
10.94 	 149922.94699014025 
10.96 	 153711.97853823614 
10.98 	 157569.85415722156 
11.0 	 161081.85758201033 
11.02 	 164532.37438983642 
11.04 	 167541.74521561258 
11.06 	 170326.23032046956 
11.08 	 172587.05255629306 
11.1 	 174446.93039356248 
11.12 	 175736.57388980803 
11.14 	 176466.2241060262 
11.16 	 176635.2437626921 
11.18 	 176135.38221846515 
11.2 	 175151.84622225328 
11.22 	 173468.98244339708 
11.24 	 171444.68075448493 
11.26 	 168783.5321995043 
11.28 	 165972.41216067178 
11.3 	 162674.80709288723 
11.32 	 159441.38722268192 
11.34 	 155935.75380227034 
11.36 	 152700.48702893214 
11.38 	 149434.87838890523 
11.4 	 146609.16949534725 
11.42 	 143982.7419056307 
11.44 	 141906.0312599202 
11.46 	 140210.08710065516 
11.48 	 139098.40637337434 
11.5 	 138474.58044708913 
11.52 	 138388.9060639009 
11.54 	 138811.9797867531 
11.56 	 139655.05902085695 
11.58 	 140947.78776241624 
11.6 	 142495.11652514065 
11.62 	 144377.33517412707 
11.64 	 146339.1754983308 
11.66 	 148502.8916276596 
11.68 	 150602.53506321323 
11.7 	 152792.91973263441 
11.72 	 154836.9773448089 
11.74 	 156911.2873314528 
11.76 	 158824.72010337966 
11.78 	 160761.80043405324 
11.8 	 162567.01576554473 
11.82 	 164413.19731718116 
11.84 	 166151.33907482508 
11.86 	 167914.75428041632 
11.88 	 169535.3428010108 
11.9 	 171071.06874186455 
11.92 	 172340.38585319225 
11.94 	 173285.71251619127 
11.96 	 173767.47524848348 
11.98 	 173575.50744541627 
12.0 	 172712.55391617728 
12.02 	 170794.3814317516 
12.04 	 168077.72901731802 
12.06 	 164014.00423459645 
12.08 	 159184.1201128498 
12.1 	 152925.5800177507 
12.12 	 146124.89185170337 
12.14 	 138087.04872080687 
12.16 	 129885.40353707732 
12.18 	 120874.05261835826 
12.2 	 112134.36349358127 
12.22 	 103119.81627058776 
12.24 	 94754.53399179365 
12.26 	 86602.13930059587 
12.28 	 79338.96185417386 
12.3 	 72625.80355831019 
12.32 	 66887.58589649567 
12.34 	 61865.08036624422 
12.36 	 57783.53355149825 
12.38 	 54450.614861037204 
12.4 	 51956.63772876815 
12.42 	 50166.03547914442 
12.44 	 49084.78266504946 
12.46 	 48624.044051040684 
12.48 	 48734.99299612374 
12.5 	 49365.61246577836 
12.52 	 50426.68276584114 
12.54 	 51895.473541562555 
12.56 	 53651.21353150446 
12.58 	 55697.03240807291 
12.6 	 57890.78859386391 
12.62 	 60261.422097454015 
12.64 	 62658.52997050753 
12.66 	 65137.18310490439 
12.68 	 67551.573132279 
12.7 	 69980.03308628172 
12.72 	 72289.04497352224 
12.74 	 74572.11003731038 
12.76 	 76707.98867585514 
12.78 	 78792.87224976016 
12.8 	 80712.61646426139 
12.82 	 82552.82509220603 
12.84 	 84202.86807195174 
12.86 	 85728.19625069048 
12.88 	 87026.30127428242 
12.9 	 88139.46781385095 
12.92 	 88987.40911604428 
12.94 	 89592.29945339536 
12.96 	 89913.81251831508 
12.98 	 89959.79714830293 
13.0 	 89741.42974612916 
13.02 	 89256.73991876194 
13.04 	 88566.29501132268 
13.06 	 87659.30869625931 
13.08 	 86629.97047853461 
13.1 	 85456.9916069908 
13.12 	 84246.21947618863 
13.14 	 82964.64235644619 
13.16 	 81711.56055464243 
13.18 	 80444.79902674483 
13.2 	 79249.08415982033 
13.22 	 78080.76227272295 
13.24 	 77012.07636195207 
13.26 	 76009.38006916878 
13.28 	 75139.24791876791 
13.3 	 74390.12650828413 
13.32 	 73827.10973117489 
13.34 	 73469.78859262404 
13.36 	 73377.38819930525 
13.38 	 73604.07503264019 
13.4 	 74187.89281101362 
13.42 	 75215.11178742026 
13.44 	 76678.35831465771 
13.46 	 78690.15222032907 
13.48 	 81170.29561434746 
13.5 	 84252.60863411898 
13.52 	 87761.47218493228 
13.54 	 91851.47932791914 
13.56 	 96242.08176310649 
13.58 	 101112.7405355228 
13.6 	 106087.93119380224 
13.62 	 111377.02067953855 
13.64 	 116540.82017968057 
13.66 	 121819.13348059653 
13.68 	 126756.9641174492 
13.7 	 131616.77456498175 
13.72 	 135980.5674895851 
13.74 	 140117.59754116883 
13.76 	 143689.86375923714 
13.78 	 146953.60033333418 
13.8 	 149672.40856972104 
13.82 	 152071.67319925208 
13.84 	 154013.75447199753 
13.86 	 155682.43267322684 
13.88 	 157017.53616463728 
13.9 	 158159.88783966086 
13.92 	 159097.43738581156 
13.94 	 159934.8518737243 
13.96 	 160679.44053154864 
13.98 	 161410.2749327494 
14.0 	 162129.76328516714 
14.02 	 162899.82835472203 
14.04 	 163699.1196252675 
14.06 	 164573.73651375805 
14.08 	 165466.9318736438 
14.1 	 166400.92214014105 
14.12 	 167284.16329838583 
14.14 	 168098.61079132234 
14.16 	 168737.43655526693 
14.18 	 169121.55869089442 
14.2 	 169170.8878979301 
14.22 	 168726.26228624716 
14.24 	 167794.114083318 
14.26 	 166125.641483 
14.28 	 163875.74132097655 
14.3 	 160713.5027986545 
14.32 	 156982.92200863824 
14.34 	 152298.99816503134 
14.36 	 147191.97901263053 
14.38 	 141265.862778214 
14.4 	 135182.2420847598 
14.42 	 128578.01308817526 
14.44 	 122152.40482064083 
14.46 	 115604.60192221409 
14.48 	 109570.40709855965 
14.5 	 103820.34077980375 
14.52 	 98851.68073493351 
14.54 	 94501.77412770061 
14.56 	 91097.15823468764 
14.58 	 88536.10008630363 
14.6 	 86979.33642358088 
14.62 	 86386.7196303596 
14.64 	 86775.4568591786 
14.66 	 88174.63924456763 
14.68 	 90477.32752161719 
14.7 	 93792.48142192847 
14.72 	 97894.04121764729 
14.74 	 102980.59487510187 
14.76 	 108697.2967077923 
14.78 	 115339.55598949062 
14.8 	 122408.1637854394 
14.82 	 130299.22680162016 
14.84 	 138361.38411186353 
14.86 	 147089.91654167918 
14.88 	 155694.67606152172 
14.9 	 164759.18793793803 
14.92 	 173396.72901143832 
14.94 	 182255.10888573114 
14.96 	 190420.14195782854 
14.98 	 198567.43367496817 
15.0 	 205838.68504276147 
15.02 	 212894.86562254094 
15.04 	 219010.3806104652 
15.06 	 224793.59355249946 
15.08 	 229699.09133233654 
15.1 	 234257.55605135427 
15.12 	 238105.50638627034 
15.14 	 241684.8811724879 
15.16 	 244768.98745177948 
15.18 	 247707.2725109588 
15.2 	 250337.00021481013 
15.22 	 252909.0301600057 
15.24 	 255260.0095249418 
15.26 	 257526.97955915224 
15.28 	 259528.08860388974 
15.3 	 261260.8208598444 
15.32 	 262575.2201421068 
15.34 	 263297.15508510784 
15.36 	 263417.9510042476 
15.38 	 262563.9011327535 
15.4 	 260995.31990761936 
15.42 	 258131.0653515054 
15.44 	 254589.3169880905 
15.46 	 249608.55391538117 
15.48 	 244166.79121439616 
15.5 	 237386.30524995405 
15.52 	 230506.0594988607 
15.54 	 222617.3295635378 
15.56 	 215050.36967700164 
15.58 	 206945.6857857747 
15.6 	 199544.0657694994 
15.62 	 192090.8794028605 
15.64 	 185602.58031482605 
15.66 	 179455.9096999955 
15.68 	 174380.48563818398 
15.7 	 169887.83724257234 
15.72 	 166422.6445468465 
15.74 	 163619.12120456313 
15.76 	 161678.29511626065 
15.78 	 160334.0878413032 
15.8 	 159602.48200941776 
15.82 	 159285.59957461982 
15.84 	 159280.0580974323 
15.86 	 159418.46955319555 
15.88 	 159549.8683324502 
15.9 	 159497.69760816806 
15.92 	 159141.78435045353 
15.94 	 158261.99125298488 
15.96 	 156848.38807768238 
15.98 	 154617.51358092818 
16.0 	 151735.28435543933 
16.02 	 147857.91822763206 
16.04 	 143357.80506819565 
16.06 	 137857.40719451013 
16.08 	 131913.93430381003 
16.1 	 125155.6489579802 
16.12 	 118249.88885954805 
16.14 	 110864.88617201436 
16.16 	 103672.67385337198 
16.18 	 96395.7558750705 
16.2 	 89612.1827887983 
16.22 	 83092.79843413785 
16.24 	 77262.44782540096 
16.26 	 71926.10840778219 
16.28 	 67346.30514661763 
16.3 	 63352.42484042564 
16.32 	 60073.28029523158 
16.34 	 57361.837312775366 
16.36 	 55256.9375018166 
16.38 	 53639.33588894184 
16.4 	 52497.6993683872 
16.42 	 51743.51390833445 
16.44 	 51341.75984752317 
16.46 	 51232.61651963487 
16.48 	 51370.090921500225 
16.5 	 51716.24173243321 
16.52 	 52217.658318306785 
16.54 	 52849.31629407976 
16.56 	 53550.775009533754 
16.58 	 54301.84442798146 
16.6 	 55037.26958146936 
16.62 	 55736.74104929891 
16.64 	 56337.068454334214 
16.66 	 56817.1033739383 
16.68 	 57127.316928550215 
16.7 	 57249.06269750849 
16.72 	 57159.87391757778 
16.74 	 56849.50208455636 
16.76 	 56332.74527456048 
16.78 	 55613.771169226 
16.8 	 54746.88640964022 
16.82 	 53754.52676193727 
16.84 	 52723.009092081986 
16.86 	 51693.79445414443 
16.88 	 50770.235850464196 
16.9 	 50011.3229124533 
16.92 	 49519.54861170653 
16.94 	 49369.473516663675 
16.96 	 49645.37104677469 
16.98 	 50436.3950600186 
17.0 	 51791.83313210312 
17.02 	 53815.97461699389 
17.04 	 56504.11875337874 
17.06 	 59977.95956468777 
17.08 	 64154.694160001156 
17.1 	 69177.9640307928 
17.12 	 74858.01930573523 
17.14 	 81367.59540051618 
17.16 	 88382.14905507964 
17.18 	 96111.45937455446 
17.2 	 104080.43948619442 
17.22 	 112539.02540919739 
17.24 	 120871.99162311238 
17.26 	 129358.93793539947 
17.28 	 137293.28144644483 
17.3 	 144952.46874307113 
17.32 	 151629.79021186056 
17.34 	 157547.0100177722 
17.36 	 162121.2461816714 
17.38 	 165455.03156229857 
17.4 	 167220.51947678666 
17.42 	 167350.26274725582 
17.44 	 165873.0354575301 
17.46 	 162538.56041312873 
17.48 	 157767.09433096825 
17.5 	 151163.60478200947 
17.52 	 143486.11445978496 
17.54 	 134273.14120380837 
17.56 	 124485.33630467503 
17.58 	 113680.7502637711 
17.6 	 102845.7108322284 
17.62 	 91615.82911205463 
17.64 	 80842.390855503 
17.66 	 70252.71869548156 
17.68 	 60466.92403066785 
17.7 	 51284.76526876192 
17.72 	 43078.37123768018 
17.74 	 35690.4346906099 
17.76 	 29287.825441843408 
17.78 	 23734.46514382942 
17.8 	 19059.644808982855 
17.82 	 15140.041999489671 
17.84 	 11931.516272008248 
17.86 	 9324.465096263832 
17.88 	 7248.002241220504 
17.9 	 5610.260046045361 
17.92 	 4340.989407464401 
17.94 	 3368.600812807696 
17.96 	 2635.8111652481266 
17.98 	 2090.854732589729 
18.0 	 1692.3281875751914 
18.02 	 1405.4089819233916 
18.04 	 1202.7598830175682 
18.06 	 1062.5152513820715 
18.08 	 967.9489204061695 
18.1 	 906.2130065967086 
18.12 	 867.7597214377255 
18.14 	 845.5179735209427 
18.16 	 834.3898028553285 
18.18 	 830.7310341568025 
18.2 	 831.9921306017695 
18.22 	 836.4116855415145 
18.24 	 842.7861770916555 
18.26 	 850.3042090218039 
18.28 	 858.4092599533832 
18.3 	 866.7209429755269 
18.32 	 874.9577024818569 
18.34 	 882.9080839694943 
18.36 	 890.3889625754925 
18.38 	 897.2425659766869 
18.4 	 903.3141553025115 
18.42 	 908.4596148814709 
18.44 	 912.5334447954054 
18.46 	 915.3983923332372 
18.48 	 916.9200561020008 
18.5 	 916.9746434484125 
18.52 	 915.4497068770106 
18.54 	 912.2481739205244 
18.56 	 907.2951397449798 
18.58 	 900.5360072843923 
18.6 	 891.9477543947675 
18.62 	 881.5282155860335 
18.64 	 869.3092880925458 
18.66 	 855.3355613087006 
18.68 	 839.678517459388 
18.7 	 822.406463765982 
18.72 	 803.6021672549209 
18.74 	 783.329786913221 
18.76 	 761.660180581151 
18.78 	 738.6405518437987 
18.8 	 714.3291240990314 
18.82 	 688.7686370655924 
18.84 	 662.0265385475518 
18.86 	 634.1681322485626 
18.88 	 605.2949048553182 
18.9 	 575.5124089049531 
18.92 	 544.9617106917202 
18.94 	 513.7822498543048 
18.96 	 482.13782360029984 
18.98 	 450.1807877316129 
19.0 	 418.07809912649503 
19.02 	 385.98381021511585 
19.04 	 354.06798801108863 
19.06 	 322.49831830028506 
19.08 	 291.4677071482042 
19.1 	 261.1787639486508 
19.12 	 231.86182766081842 
19.14 	 203.7551396174317 
19.16 	 177.10857018608112 
19.18 	 152.15848241406093 
19.2 	 129.1208299082725 
19.22 	 108.16724089139794 
19.24 	 89.41720920041375 
19.26 	 72.92409191636466 
19.28 	 58.67505817989181 
19.3 	 46.591070107865534 
19.32 	 36.536723732725065 
19.34 	 28.331171871264946 
19.36 	 21.763506095146415 
19.38 	 16.607270410697446 
19.4 	 12.63486672846317 
19.42 	 9.628958653952504 
19.44 	 7.39136126557968 
19.46 	 5.748483466847298 
19.48 	 4.553850780145609 
19.5 	 3.6882469145245858 
19.52 	 3.0578344605941634 
19.54 	 2.5912984587652836 
19.56 	 2.2362259627609418 
19.58 	 1.9555430301323837 
19.6 	 1.7239958642779318 
19.62 	 1.5253281233031621 
19.64 	 1.3492146141312547 
19.66 	 1.190294343656063 
19.68 	 1.0451981093143639 
19.7 	 0.9127831736203357 
19.72 	 0.7926616106808757 
19.74 	 0.684730587360102 
19.76 	 0.588743366525102 
19.78 	 0.504665248215143 
19.8 	 0.43215816056293793 
19.82 	 0.37035111076587074 
19.84 	 0.3182469345353379 
19.86 	 0.275377520298692 
19.88 	 0.24025401440620422 
19.9 	 0.21203810044873939 
19.92 	 0.18912640522118462 
19.94 	 0.17172404919413117 
19.96 	 0.15812158893699121 
19.98 	 0.14786500105798003 
20.0 	 0.140092056816805 
20.02 	 0.13440391184434522 
20.04 	 0.13108790995764544 
20.06 	 0.12767162713282998 
20.08 	 0.12689573301577278 
20.1 	 0.12611155859372367 
20.12 	 0.12623704273162786 
20.14 	 0.1263625268695321 
20.16 	 0.12740129370507866 
20.18 	 0.1284353656799855 
20.2 	 0.12856265543784473 
20.22 	 0.1295930436101488 
20.24 	 0.1297212266404259 
20.26 	 0.12984940967070305 
20.28 	 0.1299775927009801 
20.3 	 0.129199104227141 
20.32 	 0.1284124150836904 
20.34 	 0.12761736824857411 
20.36 	 0.12774285238647828 
20.38 	 0.12600154528206742 
20.4 	 0.12422846988118563 
20.42 	 0.12339001444101334 
20.44 	 0.12254213892537003 
20.46 	 0.12168464079633674 
20.48 	 0.119822911440445 
20.5 	 0.11893622696766179 
20.52 	 0.11701703093476933 
20.54 	 0.11609907058766394 
20.56 	 0.11621211739446789 
20.58 	 0.1142290436101062 
20.6 	 0.11327640184887387 
20.62 	 0.11122644057200219 
20.64 	 0.11023740603830662 
20.66 	 0.10923520989507438 
20.68 	 0.10708626065512379 
20.7 	 0.10604337749402529 
20.72 	 0.1049857362620123 
20.74 	 0.10272526497005866 
20.76 	 0.10040459018427651 
20.78 	 0.09926812735423662 
20.8 	 0.09684772504414739 
20.82 	 0.09435529262959957 
20.84 	 0.09178494742008178 
20.86 	 0.08772622498953321 
20.88 	 0.08493052009128599 
20.9 	 0.08049469338038656 
20.92 	 0.07741080635968325 
20.94 	 0.07248040560638917 
20.96 	 0.0690084652990623 
20.98 	 0.06533775903017128 
21.0 	 0.06143264502561878 
21.02 	 0.05499935862893626 
21.04 	 0.052707979502668846 
21.06 	 0.050302857605395164 
21.08 	 0.045034971304021384 
21.1 	 0.04216632634255231 
21.12 	 0.039075435715021756 
21.14 	 0.0357046085035222 
21.16 	 0.0357383876979437 
21.18 	 0.03199559874951839 
21.2 	 0.03202581177949905 
21.22 	 0.02776133182935365 
21.24 	 0.027787497080842202 
21.26 	 0.027813662332330756 
21.28 	 0.022731124035805864 
21.3 	 0.022752487874185382 
21.32 	 0.022773851712564897 
21.34 	 0.016118651494681835 
21.36 	 0.02281657938932393 
21.38 	 0.016148864524662493 
21.4 	 0.016163971039652822 
21.42 	 0.016179077554643154 
21.44 	 0.016194184069633483 
21.46 	 0.016209290584623816 
21.48 	 0.016224397099614145 
21.5 	 0.0 
21.52 	 0.0 
21.54 	 0.016269716644585132 
21.56 	 0.0 
21.58 	 0.0 
21.6 	 0.0 
21.62 	 0.01633014270454645 
21.64 	 0.01634524921953678 
21.66 	 0.02313703696501668 
21.68 	 0.023158400803396196 
21.7 	 0.028389297865078895 
21.72 	 0.043405336879632044 
21.74 	 0.06144093949795069 
21.76 	 0.08850996729819843 
21.78 	 0.13263216049079524 
21.8 	 0.201667731673171 
21.82 	 0.31009207530815414 
21.84 	 0.47782393969280834 
21.86 	 0.7341550366198442 
21.88 	 1.1223446928462335 
21.9 	 1.7016188337500644 
21.92 	 2.5541958482338107 
21.94 	 3.7904998196885775 
21.96 	 5.556307563161765 
21.98 	 8.039460760574087 
22.0 	 11.476159739169642 
22.02 	 16.156008181714796 
22.04 	 22.424014033126497 
22.06 	 30.678836073115775 
22.08 	 41.365129915394306 
22.1 	 54.959643807782946 
22.12 	 71.94866275351049 
22.14 	 92.7996899099778 
22.16 	 117.92352850255892 
22.18 	 147.63689590940677 
22.2 	 182.11713379182027 
22.22 	 221.37184979805127 
22.24 	 265.20244821262406 
22.26 	 313.20405131557 
22.28 	 364.75522925530913 
22.3 	 419.06737499005277 
22.32 	 475.2071802199611 
22.34 	 532.1964724496138 
22.36 	 589.0539013231704 
22.38 	 644.921371407796 
22.4 	 699.0934448505017 
22.42 	 751.1302515628951 
22.44 	 800.8404051719021 
22.46 	 848.3455175802688 
22.48 	 893.999434491457 
22.5 	 938.3956466651781 
22.52 	 982.2333484482676 
22.54 	 1026.2911089994345 
22.56 	 1071.2720950675262 
22.58 	 1117.786626733234 
22.6 	 1166.2129287347266 
22.62 	 1216.7284502166513 
22.64 	 1269.2089987611378 
22.66 	 1323.3284110697543 
22.68 	 1378.4978611505646 
22.7 	 1434.0275024158552 
22.72 	 1489.0901967422137 
22.74 	 1542.9179925045505 
22.76 	 1594.7666003135078 
22.78 	 1644.1105089818586 
22.8 	 1690.5870940267666 
22.82 	 1734.1593058323247 
22.84 	 1775.0288043831704 
22.86 	 1813.7525180092089 
22.88 	 1851.1270669659832 
22.9 	 1888.2673189694751 
22.92 	 1926.4713797833704 
22.94 	 1967.2844552109643 
22.96 	 2012.3478617864546 
22.98 	 2063.47314216313 
23.0 	 2122.4601615923307 
23.02 	 2191.1985979428387 
23.04 	 2271.4191579931494 
23.06 	 2364.836120511605 
23.08 	 2472.7865007311607 
23.1 	 2596.441740593909 
23.12 	 2736.3014123137373 
23.14 	 2892.5347531658454 
23.16 	 3064.324311565964 
23.18 	 3250.4293933737067 
23.2 	 3448.4048704116476 
23.22 	 3655.476330634689 
23.24 	 3867.673046760463 
23.26 	 4081.0444368827984 
23.28 	 4290.740256442057 
23.3 	 4492.488125120374 
23.32 	 4681.642087585146 
23.34 	 4854.728762661432 
23.36 	 5008.485363962349 
23.38 	 5141.229459095403 
23.4 	 5251.922364498043 
23.42 	 5341.159940713722 
23.44 	 5410.311566664885 
23.46 	 5462.050992558192 
23.48 	 5499.617598919986 
23.5 	 5526.952011240822 
23.52 	 5548.103248075788 
23.54 	 5567.144064723444 
23.56 	 5587.717248214005 
23.58 	 5612.945028113065 
23.6 	 5645.082329586467 
23.62 	 5685.599950204019 
23.64 	 5734.896663460225 
23.66 	 5792.650101182211 
23.68 	 5857.53540344394 
23.7 	 5927.836629161592 
23.72 	 6001.130473855271 
23.74 	 6075.06753711187 
23.76 	 6147.0038802690315 
23.78 	 6214.814860472414 
23.8 	 6276.48400534419 
23.82 	 6330.808291875709 
23.84 	 6376.970297848046 
23.86 	 6415.031640453813 
23.88 	 6445.517218722521 
23.9 	 6469.664541716373 
23.92 	 6489.042969874393 
23.94 	 6505.608247871081 
23.96 	 6521.367784636569 
23.98 	 6538.34803093653 
24.0 	 6558.297393353763 
24.02 	 6582.684653380517 
24.04 	 6612.409037465011 
24.06 	 6647.915775471356 
24.08 	 6688.876874348658 
24.1 	 6734.46424819522 
24.12 	 6782.993767624472 
24.14 	 6832.35916706739 
24.16 	 6879.6898958125985 
24.18 	 6921.911395850074 
24.2 	 6955.516243675363 
24.22 	 6977.153619824884 
24.24 	 6983.611078144375 
24.26 	 6972.251819719672 
24.28 	 6941.245903075961 
24.3 	 6889.624869121155 
24.32 	 6817.730108964499 
24.34 	 6726.712494879027 
24.36 	 6619.138022071082 
24.38 	 6497.935196491481 
24.4 	 6367.126380142791 
24.42 	 6230.427402142896 
24.44 	 6092.109193017579 
24.46 	 5955.551331128758 
24.48 	 5824.223260318828 
24.5 	 5700.428847797863 
24.52 	 5586.329430041111 
24.54 	 5482.960971232699 
24.56 	 5391.171189546995 
24.58 	 5310.875344175222 
24.6 	 5241.811933330431 
24.62 	 5182.9920630899405 
24.64 	 5133.275316286902 
24.66 	 5091.007414102071 
24.68 	 5054.49044150543 
24.7 	 5021.79807095573 
24.72 	 4991.197503985933 
24.74 	 4961.060376840258 
24.76 	 4930.221407660911 
24.78 	 4897.847250765423 
24.8 	 4863.684108205822 
24.82 	 4827.791245003802 
24.84 	 4790.682680530693 
24.86 	 4752.95651319983 
24.88 	 4715.414479427975 
24.9 	 4678.7071171652715 
24.92 	 4643.520800742569 
24.94 	 4610.326711298818 
24.96 	 4579.637290495612 
24.98 	 4551.8373108648975 
25.0 	 4527.418809682518 
25.02 	 4506.811656257545 
25.04 	 4490.508853451157 
25.06 	 4478.869290186762 
25.08 	 4472.141414683895 
25.1 	 4470.313862626104 
25.12 	 4473.128032241502 
25.14 	 4480.076330952292 
25.16 	 4490.470413151484 
25.18 	 4503.5925968728 
25.2 	 4518.782668239887 
25.22 	 4535.631807412971 
25.24 	 4553.98315601771 
25.26 	 4574.046199139263 
25.28 	 4596.250666611284 
25.3 	 4621.269320577653 
25.32 	 4649.772176692169 
25.34 	 4682.4639440849605 
25.36 	 4719.837174378096 
25.38 	 4762.337737513208 
25.4 	 4810.154563396353 
25.42 	 4863.525155247515 
25.44 	 4922.493064239993 
25.46 	 4987.273070514083 
25.48 	 5057.871725488073 
25.5 	 5134.449948811598 
25.52 	 5216.7768515396265 
25.54 	 5304.632358905849 
25.56 	 5397.173677302853 
25.58 	 5493.49111559318 
25.6 	 5592.000888737377 
25.62 	 5691.215017376009 
25.64 	 5789.2046383766 
25.66 	 5884.506307901377 
25.68 	 5975.6014064877 
25.7 	 6061.781605798762 
25.72 	 6142.559264312878 
25.74 	 6218.346220484213 
25.76 	 6289.77066060536 
25.78 	 6358.160208433891 
25.8 	 6424.826323428832 
25.82 	 6491.471005744338 
25.84 	 6559.52275918087 
25.86 	 6630.6099374671 
25.88 	 6705.964466935423 
25.9 	 6787.026579059216 
25.92 	 6874.827449820752 
25.94 	 6970.700232036346 
25.96 	 7075.498645170854 
25.98 	 7190.381143233778 
26.0 	 7315.768336637056 
26.02 	 7452.252715357628 
26.04 	 7599.311419787521 
26.06 	 7756.487776211201 
26.08 	 7921.965840628093 
26.1 	 8094.158070897289 
26.12 	 8270.237408606872 
26.14 	 8448.110988431587 
26.16 	 8624.902985374612 
26.18 	 8799.093440914707 
26.2 	 8968.847869856414 
26.22 	 9134.02179099385 
26.24 	 9294.245890107812 
26.26 	 9450.634058815804 
26.28 	 9603.666076154357 
26.3 	 9754.699399547791 
26.32 	 9903.836115474658 
26.34 	 10051.505940493224 
26.36 	 10196.526103140764 
26.38 	 10337.939328834662 
26.4 	 10473.349628325634 
26.42 	 10600.929670848645 
26.44 	 10717.965693482816 
26.46 	 10822.730175875166 
26.48 	 10913.150546195751 
26.5 	 10988.260161083082 
26.52 	 11047.041546005372 
26.54 	 11089.375932280074 
26.56 	 11115.25645738578 
26.58 	 11125.33266083993 
26.6 	 11120.666356836042 
26.62 	 11102.953617891844 
26.64 	 11074.780039225367 
26.66 	 11039.473711427638 
26.68 	 11001.567502022393 
26.7 	 10966.217433791611 
26.72 	 10939.494169975113 
26.74 	 10927.51441635186 
26.76 	 10936.308386233357 
26.78 	 10971.125896038546 
26.8 	 11035.819259100914 
26.82 	 11132.928754348108 
26.84 	 11262.599603226909 
26.86 	 11423.870159556844 
26.88 	 11613.070966031915 
26.9 	 11826.339991897381 
26.92 	 12057.371055866797 
26.94 	 12300.82571047388 
26.96 	 12549.37058345222 
26.98 	 12797.530055302544 
27.0 	 13038.189903289092 
27.02 	 13266.508465355952 
27.04 	 13476.312737892842 
27.06 	 13663.78233073477 
27.08 	 13824.24720279751 
27.1 	 13955.352027560153 
27.12 	 14054.636375195987 
27.14 	 14121.82670541594 
27.16 	 14157.344499281382 
27.18 	 14163.419677474792 
27.2 	 14143.47313657229 
27.22 	 14101.986769527117 
27.24 	 14044.606135896025 
27.26 	 13977.044262598338 
27.28 	 13905.70907288881 
27.3 	 13836.162377174809 
27.32 	 13774.033166578041 
27.34 	 13723.574623924238 
27.36 	 13688.573250330828 
27.38 	 13671.386950921255 
27.4 	 13673.553745020763 
27.42 	 13695.492162864131 
27.44 	 13736.594996449596 
27.46 	 13795.630499183957 
27.48 	 13870.255780802669 
27.5 	 13958.075502962973 
27.52 	 14055.656556486407 
27.54 	 14160.130018292768 
27.56 	 14267.871075894225 
27.58 	 14376.44657178411 
27.6 	 14483.121872701311 
27.62 	 14586.893142873812 
27.64 	 14686.913109383786 
27.66 	 14784.363762906622 
27.68 	 14880.789174769046 
27.7 	 14979.697611574957 
27.72 	 15084.688974681972 
27.74 	 15200.905739680078 
27.76 	 15332.776723851623 
27.78 	 15485.683786183698 
27.8 	 15663.124582283463 
27.82 	 15869.11668270196 
27.84 	 16104.59814902666 
27.86 	 16371.06774755628 
27.88 	 16666.07591199447 
27.9 	 16988.388327444118 
27.92 	 17332.47142545371 
27.94 	 17695.142107827873 
27.96 	 18069.040408733712 
27.98 	 18450.41779378205 
28.0 	 18831.724801411427 
28.02 	 19210.01068108136 
28.04 	 19578.907209650974 
28.06 	 19937.110139314544 
28.08 	 20280.148222889235 
28.1 	 20608.550757065663 
28.12 	 20919.794097405145 
28.14 	 21215.940366945393 
28.16 	 21496.044286534812 
28.18 	 21763.205957105965 
28.2 	 22017.55038042679 
28.22 	 22262.7536703223 
28.24 	 22499.54576485926 
28.26 	 22731.85302849529 
28.28 	 22960.656732298947 
28.3 	 23189.94799482194 
28.32 	 23420.695981886463 
28.34 	 23656.835618204284 
28.36 	 23899.055864216803 
28.38 	 24151.05912227863 
28.4 	 24412.891111170167 
28.42 	 24687.744072124187 
28.44 	 24974.62617084138 
28.46 	 25275.998181541076 
28.48 	 25589.679884123325 
28.5 	 25917.539765559315 
28.52 	 26256.58264760778 
28.54 	 26608.73264002276 
28.56 	 26971.00255689726 
28.58 	 27346.2240091479 
28.6 	 27732.106808212513 
28.62 	 28132.742256899026 
28.64 	 28546.307565825562 
28.66 	 28977.366641771885 
28.68 	 29423.036695523813 
28.7 	 29886.39840692657 
28.72 	 30361.163549536166 
28.74 	 30846.597870915204 
28.76 	 31331.127571448415 
28.78 	 31808.813041990437 
28.8 	 32262.879060485582 
28.82 	 32682.898813190364 
28.84 	 33049.800934439394 
28.86 	 33351.787719943386 
28.88 	 33572.72464353081 
28.9 	 33703.97921120077 
28.92 	 33737.97726732642 
28.94 	 33673.23868948549 
28.96 	 33514.17949684469 
28.98 	 33267.922422468204 
29.0 	 32950.295750376674 
29.02 	 32575.111718036365 
29.04 	 32165.140218918343 
29.06 	 31736.512709566992 
29.08 	 31312.61190619961 
29.1 	 30907.159003828707 
29.12 	 30538.65372536387 
29.14 	 30215.290456635023 
29.16 	 29947.797648654432 
29.18 	 29738.09675028127 
29.2 	 29589.004550199334 
29.22 	 29497.247994979447 
29.24 	 29459.330189353175 
29.26 	 29468.610704820978 
29.28 	 29517.475176909786 
29.3 	 29597.709471775 
29.32 	 29699.74437291589 
29.34 	 29815.300875977562 
29.36 	 29934.80115101557 
29.38 	 30051.119689986714 
29.4 	 30156.296690694602 
29.42 	 30245.227734717413 
29.44 	 30312.691305723343 
29.46 	 30356.011330502646 
29.48 	 30373.186404735257 
29.5 	 30363.926486529304 
29.52 	 30329.356525944284 
29.54 	 30271.23242232254 
29.56 	 30193.29938117069 
29.58 	 30098.831568153808 
29.6 	 29993.336881033138 
29.62 	 29880.830250026407 
29.64 	 29767.320057233977 
29.66 	 29656.43716196587 
29.68 	 29553.10065550662 
29.7 	 29459.236395726133 
29.72 	 29377.181545567295 
29.74 	 29306.127973749168 
29.76 	 29245.08505190432 
29.78 	 29190.320279746462 
29.8 	 29137.95960269645 
29.82 	 29082.174780851954 
29.84 	 29017.718398399084 
29.86 	 28938.15741998405 
29.88 	 28838.808339479518 
29.9 	 28714.146897447583 
29.92 	 28561.695841353936 
29.94 	 28377.894490633546 
29.96 	 28163.428897125283 
29.98 	 27917.194929070072 
30.0 	 27643.301843573052 
30.02 	 27343.140945327235 
30.04 	 27023.891017526006 
30.06 	 26689.032641773138 
30.08 	 26347.798907035358 
30.1 	 26004.765858611172 
30.12 	 25669.504603819005 
30.14 	 25346.122094643535 
30.16 	 25042.448987462394 
30.18 	 24760.49070042366 
30.2 	 24504.729135934147 
30.22 	 24274.2311251168 
30.24 	 24069.870233483427 
30.26 	 23888.332653774807 
30.28 	 23728.173914376894 
30.3 	 23585.39600249776 
30.32 	 23458.289966608783 
30.34 	 23343.965265592917 
30.36 	 23242.00356669217 
30.38 	 23151.464526856995 
30.4 	 23073.510727512312 
30.42 	 23008.829370467032 
30.44 	 22959.470206483522 
30.46 	 22926.952080735708 
30.48 	 22913.45417005562 
30.5 	 22920.891804960364 
30.52 	 22951.331467939628 
30.54 	 23007.12602526916 
30.56 	 23090.175603989435 
30.58 	 23203.11244951458 
30.6 	 23347.011199930046 
30.62 	 23523.771372436786 
30.64 	 23732.12611895344 
30.66 	 23971.609892430602 
30.68 	 24237.058132333696 
30.7 	 24524.511187598913 
30.72 	 24824.64121752008 
30.74 	 25130.45555289571 
30.76 	 25430.185047945906 
30.78 	 25715.9268350808 
30.8 	 25976.578804919987 
30.82 	 26206.05745342701 
30.84 	 26396.936069100546 
30.86 	 26546.912500564427 
30.88 	 26653.825923915505 
30.9 	 26719.587015966972 
30.92 	 26747.06650228531 
30.94 	 26741.411528779 
30.96 	 26708.89655990051 
30.98 	 26656.119190645564 
31.0 	 26590.45296349836 
31.02 	 26517.925295941262 
31.04 	 26444.65388684506 
31.06 	 26374.284224255833 
31.08 	 26309.840750178282 
31.1 	 26251.462849424563 
31.12 	 26198.370962962774 
31.14 	 26147.27811379291 
31.16 	 26094.467738521125 
31.18 	 26034.738009271005 
31.2 	 25963.7649984776 
31.22 	 25876.969002884027 
31.24 	 25772.350642462352 
31.26 	 25648.515650240537 
31.28 	 25508.045663684214 
31.3 	 25354.213867053233 
31.32 	 25194.729732129745 
31.34 	 25037.315598659887 
31.36 	 24893.40240628047 
31.38 	 24773.42908199114 
31.4 	 24689.83313789954 
31.42 	 24653.38811750038 
31.44 	 24674.67972132267 
31.46 	 24762.872105278486 
31.48 	 24924.790350148833 
31.5 	 25167.26133599594 
31.52 	 25492.901204008096 
31.54 	 25906.79814520286 
31.56 	 26408.090762957825 
31.58 	 27001.458872651303 
31.6 	 27683.56315055485 
31.62 	 28459.733508741083 
31.64 	 29324.344609797645 
31.66 	 30283.270623995544 
31.68 	 31327.35135108874 
31.7 	 32461.493989380135 
31.72 	 33670.62098346295 
31.74 	 34956.454085570156 
31.76 	 36295.807151790796 
31.78 	 37685.70335148666 
31.8 	 39094.62957671716 
31.82 	 40515.45583486305 
31.84 	 41911.27674882269 
31.86 	 43273.77417155789 
31.88 	 44566.38406145398 
31.9 	 45783.94763652342 
31.92 	 46896.83601831565 
31.94 	 47906.89847225039 
31.96 	 48796.41225116573 
31.98 	 49576.0451834032 
32.0 	 50241.724568055935 
32.02 	 50812.39870855699 
32.04 	 51296.13418744776 
32.06 	 51718.07145894695 
32.08 	 52094.704994380714 
32.1 	 52454.73464058628 
32.12 	 52818.26631055133 
32.14 	 53214.84937598363 
32.16 	 53662.88554694037 
32.18 	 54189.988851340524 
32.2 	 54807.47596439314 
32.22 	 55538.326725174265 
32.24 	 56382.139470937254 
32.26 	 57355.34016424112 
32.28 	 58443.14474122981 
32.3 	 59655.20952101557 
32.32 	 60962.7187391089 
32.34 	 62370.52155213397 
32.36 	 63839.2795098482 
32.38 	 65372.67595826687 
32.4 	 66926.36389211903 
32.42 	 68506.64034259511 
32.44 	 70069.400933448 
32.46 	 71625.3625452221 
32.48 	 73133.17795411366 
32.5 	 74606.16164782547 
32.52 	 76004.35831682196 
32.54 	 77338.31542329231 
32.56 	 78565.77112071266 
32.58 	 79688.07482350153 
32.6 	 80658.69428471122 
32.62 	 81466.19790945693 
32.64 	 82063.77780048485 
32.66 	 82429.40819595757 
32.68 	 82526.9773664494 
32.7 	 82331.45679497052 
32.72 	 81831.43737377222 
32.74 	 81007.9946691473 
32.76 	 79884.28591620503 
32.78 	 78452.99382490592 
32.8 	 76771.60453137245 
32.82 	 74843.26997227006 
32.84 	 72748.76677820999 
32.86 	 70494.94823448827 
32.88 	 68169.13517044517 
32.9 	 65773.74559404232 
32.92 	 63387.70971541462 
32.94 	 61004.09445216027 
32.96 	 58685.6670301331 
32.98 	 56416.548360403234 
33.0 	 54243.45301424808 
33.02 	 52146.163566580966 
33.04 	 50160.33834869787 
33.06 	 48267.397678106216 
33.08 	 46497.94480646915 
33.1 	 44839.99856802935 
33.12 	 43323.66719536578 
33.14 	 41946.689052211004 
33.16 	 40741.21484961989 
33.18 	 39716.25589612355 
33.2 	 38906.68452628304 
33.22 	 38332.90609118982 
33.24 	 38030.93052916445 
33.26 	 38030.48302849454 
33.28 	 38363.5801087264 
33.3 	 39063.76777693149 
33.32 	 40149.2284759602 
33.34 	 41648.07601000263 
33.36 	 43550.72637367685 
33.38 	 45868.668354017405 
33.4 	 48550.08850209638 
33.42 	 51580.646065752466 
33.44 	 54857.48060475088 
33.46 	 58337.61486878706 
33.48 	 61870.660359624366 
33.5 	 65391.152941115775 
33.52 	 68720.98266987245 
33.54 	 71786.49531768505 
33.56 	 74416.11192715488 
33.58 	 76546.4270729152 
33.6 	 78052.33490576387 
33.62 	 78897.55340904304 
33.64 	 79035.63223457677 
33.66 	 78467.17284594705 
33.68 	 77236.17901677397 
33.7 	 75379.09447598766 
33.72 	 73016.43497720188 
33.74 	 70208.33090331964 
33.76 	 67117.4549452728 
33.78 	 63808.22777898456 
33.8 	 60444.36168484039 
33.82 	 57075.00745310192 
33.84 	 53831.996025007276 
33.86 	 50736.70198771154 
33.88 	 47873.5270624045 
33.9 	 45234.471291042006 
33.92 	 42858.8513513729 
33.94 	 40717.53211933397 
33.96 	 38818.89553285193 
33.98 	 37126.036231346545 
34.0 	 35634.129536906825 
34.02 	 34311.54727528839 
34.04 	 33155.0718951434 
34.06 	 32147.45372806655 
34.08 	 31295.98946128663 
34.1 	 30602.070958853667 
34.12 	 30086.65842365917 
34.14 	 29770.31493843726 
34.16 	 29686.682495949815 
34.18 	 29873.837499395668 
34.2 	 30374.260337765714 
34.22 	 31240.443759701026 
34.24 	 32516.954222125547 
34.26 	 34266.00418466767 
34.28 	 36523.62592454116 
34.3 	 39355.38183090746 
34.32 	 42773.80664200208 
34.34 	 46840.99571644122 
34.36 	 51528.078372441916 
34.38 	 56889.20842322853 
34.4 	 62836.95252316183 
34.42 	 69418.53074831089 
34.44 	 76476.60521570311 
34.46 	 84059.34804051042 
34.48 	 91938.4473352826 
34.5 	 100175.82828258518 
34.52 	 108483.06460866239 
34.54 	 116948.30365294284 
34.56 	 125243.4522009543 
34.58 	 133488.53303771396 
34.6 	 141340.4288639972 
34.62 	 148945.35552054725 
34.64 	 155968.72984442924 
34.66 	 162566.14257514875 
34.68 	 168432.3384260379 
34.7 	 173709.85803384215 
34.72 	 178143.44283467875 
34.74 	 181843.03852562566 
34.76 	 184627.28307023473 
34.78 	 186563.89465686647 
34.8 	 187571.04093185443 
34.82 	 187676.20545721936 
34.84 	 186915.72967470158 
34.86 	 185286.19240018295 
34.88 	 182942.06458320707 
34.9 	 179858.5558025431 
34.92 	 176283.4625082265 
34.94 	 172175.34264434793 
34.96 	 167831.36644025097 
34.98 	 163193.61571616554 
35.0 	 158560.7606227877 
35.02 	 153858.62315370882 
35.04 	 149351.4644356343 
35.06 	 144953.76823001867 
35.08 	 140879.2407004429 
35.1 	 137041.6171038978 
35.12 	 133604.99812088656 
35.14 	 130495.45526842984 
35.16 	 127836.52784230944 
35.18 	 125577.43517580055 
35.2 	 123809.14056655315 
35.22 	 122509.17027733495 
35.24 	 121737.60237404951 
35.26 	 121499.27103956998 
35.28 	 121818.288905791 
35.3 	 122721.78282479726 
35.32 	 124189.0659949646 
35.34 	 126264.079717289 
35.36 	 128873.26453921283 
35.38 	 132074.7679919641 
35.4 	 135738.84985304123 
35.42 	 139939.68257143037 
35.44 	 144494.68419471965 
35.46 	 149499.26671974416 
35.48 	 154727.111312971 
35.5 	 160300.4281642169 
35.52 	 165961.18170435366 
35.54 	 171861.01038997926 
35.56 	 177722.1251851061 
35.58 	 183723.64233306155 
35.6 	 189578.39078848023 
35.62 	 195486.88326301108 
35.64 	 201161.28883395818 
35.66 	 206814.68672681658 
35.68 	 212165.85794448285 
35.7 	 217429.638951214 
35.72 	 222336.9637722629 
35.74 	 227091.602118979 
35.76 	 231440.78424982142 
35.78 	 235563.0712336569 
35.8 	 239227.55385414205 
35.82 	 242575.1637584018 
35.84 	 245408.8403216677 
35.86 	 247826.01951595544 
35.88 	 249684.96917893263 
35.9 	 251043.83064950455 
35.92 	 251842.8716132114 
35.94 	 252113.9673337224 
35.96 	 251898.27892735385 
35.98 	 251216.64989715102 
36.0 	 250206.80508434228 
36.02 	 248887.40071983106 
36.04 	 247457.94743617222 
36.06 	 245932.29073337035 
36.08 	 244514.69591624808 
36.1 	 243202.11506257037 
36.12 	 242145.38470442104 
36.14 	 241310.8228487261 
36.16 	 240759.77956991357 
36.18 	 240420.94629174448 
36.2 	 240266.41095989425 
36.22 	 240191.0853663963 
36.24 	 240113.85106043608 
36.26 	 239908.88513326077 
36.28 	 239499.7658110897 
36.3 	 238756.56008055244 
36.32 	 237665.13253159742 
36.34 	 236104.81472691003 
36.36 	 234158.87004100988 
36.38 	 231720.68654447302 
36.4 	 228970.9729017294 
36.42 	 225812.2837918781 
36.44 	 222491.510257939 
36.46 	 218910.68100900194 
36.48 	 215338.67201359305 
36.5 	 211671.59600276902 
36.52 	 208164.87969080836 
36.54 	 204715.07719324264 
36.56 	 201548.76155493318 
36.58 	 198580.72239691662 
36.6 	 196008.18083925673 
36.62 	 193784.57429594747 
36.64 	 192076.69773417426 
36.66 	 190888.27992106142 
36.68 	 190340.8867010723 
36.7 	 190485.5633476732 
36.72 	 191368.902744549 
36.74 	 193075.23989192196 
36.76 	 195542.57423523467 
36.78 	 198873.145173059 
36.8 	 202874.5824632419 
36.82 	 207658.39721051618 
36.84 	 212903.17156686162 
36.86 	 218728.25722908 
36.88 	 224709.61048850577 
36.9 	 230972.89856934434 
36.92 	 237036.9087933952 
36.94 	 243022.45267264405 
36.96 	 248446.63487513034 
36.98 	 253399.7645059547 
37.0 	 257456.2396086563 
37.02 	 260639.8195819735 
37.04 	 262642.5808056208 
37.06 	 263387.6092726335 
37.08 	 262745.5186526955 
37.1 	 260522.11345781924 
37.12 	 256821.46938030995 
37.14 	 251344.60017469735 
37.16 	 244462.0504267924 
37.18 	 235812.30322325492 
37.2 	 226022.16039973288 
37.22 	 214726.1718062564 
37.24 	 202740.3243608421 
37.26 	 189746.8058765517 
37.28 	 176634.74792888618 
37.3 	 163157.3918579547 
37.32 	 150144.26089074678 
37.34 	 137409.47803065827 
37.36 	 125616.11157697304 
37.38 	 114609.28125420917 
37.4 	 104835.18356339731 
37.42 	 96143.15012548961 
37.44 	 88772.81729497151 
37.46 	 82570.26074573022 
37.48 	 77620.74366411506 
37.5 	 73780.2418772316 
37.52 	 71045.5975726047 
37.54 	 69305.63303415474 
37.56 	 68523.99790952254 
37.58 	 68640.86211539558 
37.6 	 69616.6112252959 
37.62 	 71447.24881293067 
37.64 	 74090.97731424544 
37.66 	 77589.18293696124 
37.68 	 81876.21721912627 
37.7 	 87020.53644702691 
37.72 	 92900.9059480178 
37.74 	 99597.2623288341 
37.76 	 106905.58042354163 
37.78 	 114912.29387686968 
37.8 	 123319.35885698671 
37.82 	 132226.07115009078 
37.84 	 141250.0778947574 
37.86 	 150515.10686600168 
37.88 	 159583.39054840358 
37.9 	 168611.50279297036 
37.92 	 177148.08529055023 
37.94 	 185382.68901010236 
37.96 	 192896.9317439853 
37.98 	 199905.59972462966 
38.0 	 206065.8176515085 
38.02 	 211606.13512483175 
38.04 	 216288.82716358395 
38.06 	 220345.3366151741 
38.08 	 223652.37324514944 
38.1 	 226436.38070034495 
38.12 	 228674.27224535096 
38.14 	 230583.30319214042 
38.16 	 232206.29516726034 
38.18 	 233751.10329126814 
38.2 	 235280.96189614927 
38.22 	 236997.9718170074 
38.24 	 238938.7639688298 
38.26 	 241305.60559017077 
38.28 	 244066.37290340444 
38.3 	 247428.5205647735 
38.32 	 251257.27152196583 
38.34 	 255766.7742651994 
38.36 	 260698.46889336698 
38.38 	 266271.8764825193 
38.4 	 272104.6787708284 
38.42 	 278421.6645875925 
38.44 	 284746.6361683995 
38.46 	 291314.535631612 
38.48 	 297614.98986118776 
38.5 	 303902.0333005037 
38.52 	 309704.5550544495 
38.54 	 315301.72103702 
38.56 	 320319.4966512696 
38.58 	 325055.55187113787 
38.6 	 329247.5436034779 
38.62 	 333185.66757558455 
38.64 	 336684.03873450524 
38.66 	 339981.5583943801 
38.68 	 342907.1445319392 
38.7 	 345597.21577794873 
38.72 	 347851.26487267925 
38.74 	 349659.43978557637 
38.76 	 350805.5243308418 
38.78 	 351109.60850719194 
38.8 	 350425.0783831449 
38.82 	 348405.68840496603 
38.84 	 345107.2387974342 
38.86 	 340051.54542803176 
38.88 	 333621.741790604 
38.9 	 325270.468492631 
38.92 	 315760.9809146576 
38.94 	 304554.8659821195 
38.96 	 292734.7886881095 
38.98 	 279839.50032480236 
39.0 	 267104.40047355235 
39.02 	 254177.75974940494 
39.04 	 242232.61465581172 
39.06 	 231015.74952540977 
39.08 	 221450.89467402102 
39.1 	 213346.9289004484 
39.12 	 207271.91210783244 
39.14 	 203063.7988198269 
39.16 	 200915.89181208625 
39.18 	 200683.98592373857 
39.2 	 202228.9687079886 
39.22 	 205434.5063834563 
39.24 	 209902.94666666124 
39.26 	 215564.43688462448 
39.28 	 221851.66242681697 
39.3 	 228754.62937237596 
39.32 	 235635.13753330434 
39.34 	 242542.74755117527 
39.36 	 248871.48118708696 
39.38 	 254714.22545324918 
39.4 	 259590.35402302895 
39.42 	 263606.2083451901 
39.44 	 266469.558249001 
39.46 	 268262.0853085921 
39.48 	 268899.0049183448 
39.5 	 268399.22730877413 
39.52 	 266863.82074303646 
39.54 	 264221.538594767 
39.56 	 260717.4101307696 
39.58 	 256183.9021625083 
39.6 	 250971.88314143737 
39.62 	 244837.52712717486 
39.64 	 238214.53135862944 
39.66 	 230823.09848184875 
39.68 	 223164.20778544943 
39.7 	 214966.66891797396 
39.72 	 206773.14895947522 
39.74 	 198351.16642049668 
39.76 	 190238.9948149877 
39.78 	 182248.01407106436 
39.8 	 174852.8947698556 
39.82 	 167893.3273173722 
39.84 	 161729.03408203207 
39.86 	 156207.0422725927 
39.88 	 151548.39462366162 
39.9 	 147596.0138801616 
39.92 	 144441.94921661878 
39.94 	 141928.09845073585 
39.96 	 140051.1798627463 
39.98 	 138664.04685121682 
40.0 	 137709.47886418065 
40.02 	 137062.82059143687 
40.04 	 136648.8081302651 
40.06 	 136370.47089812794 
40.08 	 136159.26819961768 
40.1 	 135944.42710427067 
40.12 	 135678.1831854111 
40.14 	 135310.44600311038 
40.16 	 134819.9935900215 
40.18 	 134170.2878735524 
40.2 	 133366.19586604496 
40.22 	 132377.34487885598 
40.24 	 131230.1560009992 
40.26 	 129894.25363808907 
40.28 	 128412.20180052589 
40.3 	 126750.85287894041 
40.32 	 124965.95733334908 
40.34 	 123023.74176034238 
40.36 	 120993.60217239147 
40.38 	 118847.16293961134 
40.4 	 116668.74173499987 
40.42 	 114441.72931603903 
40.44 	 112263.31769086364 
40.46 	 110131.90091889756 
40.48 	 108150.23608974165 
40.5 	 106331.27068494682 
40.52 	 104772.96688027513 
40.54 	 103501.49893058818 
40.56 	 102601.1385406548 
40.58 	 102112.71294786129 
40.6 	 102102.06703167793 
40.62 	 102629.96117854251 
40.64 	 103741.23847829348 
40.66 	 105523.04503301233 
40.68 	 107992.84751326624 
40.7 	 111267.20763342537 
40.72 	 115319.89479300335 
40.74 	 120293.40332032842 
40.76 	 126089.5141717923 
40.78 	 132867.3271496163 
40.8 	 140420.98759409686 
40.82 	 148914.84367975895 
40.84 	 158003.5716619652 
40.86 	 167847.36667993522 
40.88 	 177948.82025011163 
40.9 	 188457.67579631365 
40.92 	 198746.5204772454 
40.94 	 208949.2312455773 
40.96 	 218374.84570377355 
40.98 	 227134.04123627665 
41.0 	 234580.31840859432 
41.02 	 240792.68734125455 
41.04 	 245298.61722806896 
41.06 	 248141.8105679685 
41.08 	 249138.65195140813 
41.1 	 248305.73899192328 
41.12 	 245806.8276790263 
41.14 	 241651.24385565 
41.16 	 236321.7161689183 
41.18 	 229839.39133912392 
41.2 	 222889.31834639216 
41.22 	 215504.65105496172 
41.24 	 208401.69628289263 
41.26 	 201598.68890451326 
41.28 	 195674.55384843683 
41.3 	 190591.08770407698 
41.32 	 186677.71010742857 
41.34 	 183809.94612086195 
41.36 	 182040.90910892296 
41.38 	 181162.21313999625 
41.4 	 181006.55171825227 
41.42 	 181316.93663989037 
41.44 	 181818.0134589317 
41.46 	 182255.7212907036 
41.48 	 182377.0109067112 
41.5 	 181977.121108181 
41.52 	 180932.81154926828 
41.54 	 179114.90152656613 
41.56 	 176582.35633149484 
41.58 	 173282.66793258692 
41.6 	 169442.23458057878 
41.62 	 165064.3376694147 
41.64 	 160474.74779386746 
41.66 	 155699.14789054912 
41.68 	 151074.42650218026 
41.7 	 146615.9469205463 
41.72 	 142598.37610147242 
41.74 	 139006.57866448333 
41.76 	 136015.04529922668 
41.78 	 133575.35653555027 
41.8 	 131759.56100120887 
41.82 	 130496.5873103087 
41.84 	 129776.27379884476 
41.86 	 129520.00240195182 
41.88 	 129662.79472193407 
41.9 	 130130.28190284787 
41.92 	 130827.64718351788 
41.94 	 131690.3429202163 
41.96 	 132613.87097669995 
41.98 	 133544.38016566416 
42.0 	 134384.62396846773 
42.02 	 135090.76142928886 
42.04 	 135588.08385181733 
42.06 	 135842.70225619417 
42.08 	 135815.47400967238 
42.1 	 135483.39842753598 
42.12 	 134851.17273058995 
42.14 	 133907.70852034166 
42.16 	 132702.4654102182 
42.18 	 131236.23074384403 
42.2 	 129595.89184999533 
42.22 	 127792.41038243927 
42.24 	 125936.02156579017 
42.26 	 124044.69453062941 
42.28 	 122234.50625100805 
42.3 	 120526.56336889775 
42.32 	 119025.5148348678 
42.34 	 117751.82417726555 
42.36 	 116784.28386275201 
42.38 	 116139.39191925377 
42.4 	 115859.54355559574 
42.42 	 115954.37310848874 
42.44 	 116423.38411511332 
42.46 	 117267.00049845164 
42.48 	 118439.90643095679 
42.5 	 119932.37355990733 
42.52 	 121658.37291829016 
42.54 	 123599.78553866906 
42.56 	 125641.39232695292 
42.58 	 127761.56559205242 
42.6 	 129833.98760452571 
42.62 	 131839.7684453641 
42.64 	 133661.85544852036 
42.66 	 135288.140393587 
42.68 	 136627.30932302136 
42.7 	 137672.8864194808 
42.72 	 138367.67040512172 
42.74 	 138704.71979352436 
42.76 	 138661.8550694113 
42.78 	 138224.49262603768 
42.8 	 137403.46848107237 
42.82 	 136173.1849330878 
42.84 	 134576.8876427516 
42.86 	 132580.79088233746 
42.88 	 130261.86266776669 
42.9 	 127585.65162839816 
42.92 	 124662.9086633374 
42.94 	 121466.84770952769 
42.96 	 118136.99978522518 
42.98 	 114659.60899442044 
43.0 	 111191.19503298163 
43.02 	 107731.07441880007 
43.04 	 104434.99373490684 
43.06 	 101309.19520860957 
43.08 	 98487.51620409913 
43.1 	 95971.75197655884 
43.12 	 93853.54472095969 
43.14 	 92117.43233786715 
43.16 	 90799.53303450742 
43.18 	 89859.38255114632 
43.2 	 89277.84226015177 
43.22 	 88993.0687949125 
43.24 	 88947.89126078768 
43.26 	 89075.59854022835 
43.28 	 89311.1862969036 
43.3 	 89606.59320551451 
43.32 	 89920.31463644047 
43.34 	 90242.30482973164 
43.36 	 90572.3563560509 
43.38 	 90943.37923690777 
43.4 	 91391.5332351313 
43.42 	 91980.15809095562 
43.44 	 92756.3982168214 
43.46 	 93790.41071905181 
43.48 	 95107.19723622392 
43.5 	 96761.05694995004 
43.52 	 98729.56204184279 
43.54 	 101039.76562750878 
43.56 	 103614.29900154546 
43.58 	 106455.84713441783 
43.6 	 109442.80534893098 
43.62 	 112565.89171583632 
43.64 	 115681.27578753169 
43.66 	 118781.53452308117 
43.68 	 121724.89807263692 
43.7 	 124514.85963097485 
43.72 	 127031.64017738972 
43.74 	 129292.32112655195 
43.76 	 131212.09469643864 
43.78 	 132820.0731342709 
43.8 	 134072.7405478769 
43.82 	 135008.57732695958 
43.84 	 135625.86500893167 
43.86 	 135970.20822125892 
43.88 	 136076.25659108564 
43.9 	 135994.08775055656 
43.92 	 135782.68968776162 
43.94 	 135491.69777766344 
43.96 	 135186.51730930086 
43.98 	 134908.58256566955 
44.0 	 134709.6590247236 
44.02 	 134614.52119420934 
44.04 	 134645.4691216762 
44.06 	 134805.47194434286 
44.08 	 135081.79945512506 
44.1 	 135456.81295717484 
44.12 	 135889.4345678323 
44.14 	 136348.39199882088 
44.16 	 136779.56072912554 
44.18 	 137146.6911783114 
44.2 	 137399.4804256612 
44.22 	 137502.45063630334 
44.24 	 137421.6780930074 
44.26 	 137123.76328120346 
44.28 	 136598.08107906024 
44.3 	 135812.641294765 
44.32 	 134783.96134591333 
44.34 	 133482.72435537179 
44.36 	 131955.84379162645 
44.38 	 130181.37110024411 
44.4 	 128238.19720764978 
44.42 	 126117.15668405363 
44.44 	 123924.6711783921 
44.46 	 121665.33512219704 
44.48 	 119458.84120392519 
44.5 	 117316.36866900948 
44.52 	 115347.69504080476 
44.54 	 113556.09743970516 
44.56 	 112016.00022223304 
44.58 	 110706.60582228683 
44.6 	 109649.20778486828 
44.62 	 108788.78060959351 
44.64 	 108092.00302445955 
44.66 	 107471.27769069541 
44.68 	 106856.63412496948 
44.7 	 106142.14755916577 
44.72 	 105254.06296788837 
44.74 	 104090.04653424372 
44.76 	 102608.84769352274 
44.78 	 100732.69576764264 
44.8 	 98478.37506555808 
44.82 	 95804.16964319593 
44.84 	 92789.32937226104 
44.86 	 89425.8162888604 
44.88 	 85837.81839089496 
44.9 	 82036.9317496361 
44.92 	 78162.24546563046 
44.94 	 74227.18630444445 
44.96 	 70357.62968182453 
44.98 	 66556.47908342817 
45.0 	 62921.293974961976 
45.02 	 59442.52732825994 
45.04 	 56189.34642667837 
45.06 	 53146.162209555085 
45.08 	 50362.09298865904 
45.1 	 47823.09372267989 
45.12 	 45565.450282516795 
45.14 	 43578.56362656953 
45.16 	 41886.11749065761 
45.18 	 40475.43995662349 
45.2 	 39351.97957858958 
45.22 	 38492.42796898016 
45.24 	 37878.95329865955 
45.26 	 37473.188403158376 
45.28 	 37236.35441831193 
45.3 	 37119.61192304712 
45.32 	 37075.16302119412 
45.34 	 37056.36748666141 
45.36 	 37023.71362719265 
45.38 	 36947.12767669796 
45.4 	 36809.63313097777 
45.42 	 36605.71324449328 
45.44 	 36344.4793306796 
45.46 	 36041.72268411635 
45.48 	 35723.46838877809 
45.5 	 35413.735220698596 
45.52 	 35138.63201309486 
45.54 	 34914.45937210079 
45.56 	 34752.12659903317 
45.58 	 34649.79031421291 
45.6 	 34597.28638420362 
45.62 	 34574.62228475178 
45.64 	 34556.30023169443 
45.66 	 34513.523439721714 
45.68 	 34418.73740257711 
45.7 	 34247.23894469607 
45.72 	 33982.786423070385 
45.74 	 33614.396142148726 
45.76 	 33144.06420403367 
45.78 	 32576.66595121154 
45.8 	 31930.453247484038 
45.82 	 31220.880948649035 
45.84 	 30473.79254869706 
45.86 	 29706.126669758472 
45.88 	 28941.024315706258 
45.9 	 28188.79486103777 
45.92 	 27462.86940549026 
45.94 	 26763.290318914 
45.96 	 26092.505312271576 
45.98 	 25441.898009800523 
46.0 	 24806.707354646303 
46.02 	 24174.699356958095 
46.04 	 23539.84437321443 
46.06 	 22891.675580144678 
46.08 	 22227.67009548596 
46.1 	 21542.169956173384 
46.12 	 20837.665440149893 
46.14 	 20113.00524866683 
46.16 	 19373.958206345065 
46.18 	 18621.258639020663 
46.2 	 17860.867753185288 
46.22 	 17092.719015905957 
46.24 	 16320.936381072357 
46.26 	 15543.851138922864 
46.28 	 14764.083940415774 
46.3 	 13979.813422715297 
46.32 	 13194.278998277512 
46.34 	 12407.883688149637 
46.36 	 11626.557960264252 
46.38 	 10854.35059611856 
46.4 	 10100.287410236242 
46.42 	 9371.506734431263 
46.44 	 8678.598206122413 
46.46 	 8029.685315563545 
46.48 	 7434.49270871744 
46.5 	 6899.7850592186915 
46.52 	 6432.453007396537 
46.54 	 6036.422846177904 
46.56 	 5714.93239353277 
46.58 	 5468.692623769227 
46.6 	 5297.405477981925 
46.62 	 5198.816459756906 
46.64 	 5169.508929398114 
46.66 	 5204.566186081925 
46.68 	 5297.739425961298 
46.7 	 5441.60532715333 
46.72 	 5627.263867993504 
46.74 	 5844.982304949255 
46.76 	 6083.589504395436 
46.78 	 6331.580621246383 
46.8 	 6576.363132485951 
46.82 	 6805.694079405656 
46.84 	 7006.944898488474 
46.86 	 7168.622056956289 
46.88 	 7279.850134586904 
46.9 	 7331.637049757901 
46.92 	 7316.77112400556 
46.94 	 7230.466555972989 
46.96 	 7070.779751784827 
46.98 	 6838.342415118829 
47.0 	 6537.241749095532 
47.02 	 6173.738980884903 
47.04 	 5757.411559654319 
47.06 	 5299.032014398832 
47.08 	 4811.726989403448 
47.1 	 4308.450778114045 
47.12 	 3802.9967121398645 
47.14 	 3307.6131700113183 
47.16 	 2833.8414953084302 
47.18 	 2390.7257060590637 
47.2 	 1985.5483340026576 
47.22 	 1622.8301655305934 
47.24 	 1305.036992131075 
47.26 	 1032.286136139886 
47.28 	 803.0290609682077 
47.3 	 614.2036048154926 
47.32 	 461.831137141316 
47.34 	 341.325525806635 
47.36 	 247.93150753379723 
47.38 	 176.98649825141112 
47.4 	 124.16818547876535 
47.42 	 85.62642160302399 
47.44 	 58.06462318621162 
47.46 	 38.752207929184955 
47.48 	 25.4995573621725 
47.5 	 16.602200115401576 
47.52 	 10.771572396752795 
47.54 	 7.060594050872589 
47.56 	 4.792765025736288 
47.58 	 3.4993372621044694 
47.6 	 2.865248536693296 
47.62 	 2.6868336628145015 
47.64 	 2.83815522171359 
47.66 	 3.2464873462553885 
47.68 	 3.8748045059692906 
47.7 	 4.708100690991092 
47.72 	 5.74550903503065 
47.74 	 6.994937109178188 
47.76 	 8.46902693900923 
47.78 	 10.184073394487854 
47.8 	 12.15930977743642 
47.82 	 14.417317503173694 
47.84 	 16.985424113891238 
47.86 	 19.897452672747924 
47.88 	 23.195468928162477 
47.9 	 26.93148814511086 
47.92 	 31.168468459507658 
47.94 	 35.98013817424303 
47.96 	 41.449387914095986 
47.98 	 47.664466885557594 
48.0 	 54.71301015121663 
48.02 	 62.67396439147895 
48.04 	 71.60721558321816 
48.06 	 81.54253184649491 
48.08 	 92.46755465955025 
48.1 	 104.3178127559118 
48.12 	 116.96813542654617 
48.14 	 130.22965745382027 
48.16 	 143.85023230689612 
48.18 	 157.52302979433472 
48.2 	 170.89873239219057 
48.22 	 183.60587259423633 
48.24 	 195.27208946767178 
48.26 	 205.55025218127673 
48.28 	 214.1408395326469 
48.3 	 220.81399283949332 
48.32 	 225.42351065314492 
48.34 	 227.9159745169735 
48.36 	 228.33051848974787 
48.38 	 226.7921017945879 
48.4 	 223.49799332964204 
48.42 	 218.6994859780514 
48.44 	 212.6819520541432 
48.46 	 205.74352949402504 
48.48 	 198.17721036163456 
48.5 	 190.2543383879835 
48.52 	 182.21436042969103 
48.54 	 174.25683151988736 
48.56 	 166.53973838789048 
48.58 	 159.1792014998002 
48.6 	 152.2537759772717 
48.62 	 145.80862071917485 
48.64 	 139.8621886942099 
48.66 	 134.41159845137418 
48.68 	 129.43902555783686 
48.7 	 124.91632062101485 
48.72 	 120.80989863109559 
48.74 	 117.08388179900507 
48.76 	 113.70329610208103 
48.78 	 110.63588009612586 
48.8 	 107.85379580522995 
48.82 	 105.33434835395778 
48.84 	 103.06059450111546 
48.86 	 101.02117194410083 
48.88 	 99.21012125001339 
48.9 	 97.62598490798847 
48.92 	 96.27097412851535 
48.94 	 95.14968504459678 
48.96 	 94.26778746099191 
48.98 	 93.6305382681154 
49.0 	 93.24144049444061 
49.02 	 93.100839292445 
49.04 	 93.20486288087864 
49.06 	 93.54450681714495 
49.08 	 94.10515382743385 
49.1 	 94.8664042718732 
49.12 	 95.80237541877125 
49.14 	 96.88240601745593 
49.16 	 98.07208672922589 
49.18 	 99.33478942799374 
49.2 	 100.63322492550198 
49.22 	 101.93137456099156 
49.24 	 103.19623513430525 
49.26 	 104.39967687961366 
49.28 	 105.51974558277482 
49.3 	 106.54186369248687 
49.32 	 107.45924584184513 
49.34 	 108.27295564051497 
49.36 	 108.99122173100334 
49.38 	 109.6282843440539 
49.4 	 110.20272495484637 
49.42 	 110.73555904619009 
49.44 	 111.24812509057543 
49.46 	 111.76007187218573 
49.48 	 112.28751448838507 
49.5 	 112.8414829984417 
49.52 	 113.42673906189644 
49.54 	 114.04097836316825 
49.56 	 114.67423681126927 
49.58 	 115.3086493844996 
49.6 	 115.91823127805695 
49.62 	 116.46886074810024 
49.64 	 116.91838265084274 
49.66 	 117.21698271965742 
49.68 	 117.30797509054861 
49.7 	 117.12925229191006 
49.72 	 116.6155522298858 
49.74 	 115.70166237483986 
49.76 	 114.32667288845965 
49.78 	 112.43893266433416 
49.8 	 110.00175448505595 
49.82 	 106.99893354489933 
49.84 	 103.44022402034946 
49.86 	 99.36551092159947 
49.88 	 94.84814363027613 
49.9 	 89.99617844649548 
49.92 	 84.95258605252384 
49.94 	 79.89349093829775 
49.96 	 75.02584549768709 
49.98 	 70.58384652619272 
50.0 	 66.82543675643389 
50.02 	 64.02816083378268 
50.04 	 62.484920403230085 
50.06 	 62.49877767918378 
50.08 	 64.37633236844715 
50.1 	 68.4189525047794 
50.12 	 74.91072727099375 
50.14 	 84.10346850465677 
50.16 	 96.19784239626749 
50.18 	 111.32300702217164 
50.2 	 129.5140599743484 
50.22 	 150.69303776207067 
50.24 	 174.6515756597908 
50.26 	 201.0444051503512 
50.28 	 229.38784876555638 
50.3 	 259.0756961076199 
50.32 	 289.3992334365279 
50.34 	 319.5867983892352 
50.36 	 348.8407522369964 
50.38 	 376.3900838006641 
50.4 	 401.5298085433161 
50.42 	 423.6680735048133 
50.44 	 442.35073662744304 
50.46 	 457.28593448663923 
50.48 	 468.34346923326154 
50.5 	 475.5504349163131 
50.52 	 479.0674793481072 
50.54 	 479.16241048406596 
50.56 	 476.176038546867 
50.58 	 470.4889802123785 
50.6 	 462.4927200600787 
50.62 	 452.5642165788861 
50.64 	 441.0524740205296 
50.66 	 428.267765228789 
50.68 	 414.4844836491895 
50.7 	 399.94238364438627 
50.72 	 384.8585720797045 
50.74 	 369.4325073607621 
50.76 	 353.85758546832255 
50.78 	 338.3220553757022 
50.8 	 323.01396239545613 
50.82 	 308.11514093496675 
50.84 	 293.79927941048015 
50.86 	 280.22175711789714 
50.88 	 267.5152311696977 
50.9 	 255.78080373376002 
50.92 	 245.08630961617197 
50.94 	 235.46299377182424 
50.96 	 226.90905681783147 
50.98 	 219.39238910189812 
51.0 	 212.85821769726476 
51.02 	 207.23534799850552 
51.04 	 202.4446992532688 
51.06 	 198.4055080944062 
51.08 	 195.04190155897473 
51.1 	 192.286843263934 
51.12 	 190.08569457266998 
51.14 	 188.3976991831797 
51.16 	 187.19718060246902 
51.18 	 186.47359649557055 
51.2 	 186.2316144954335 
51.22 	 186.49074210797932 
51.24 	 187.28491112170784 
51.26 	 188.66191038940042 
51.28 	 190.6823178256824 
51.3 	 193.41823795016558 
51.32 	 196.95095736357985 
51.34 	 201.36853716597093 
51.36 	 206.76187878458217 
51.38 	 213.22127396390778 
51.4 	 220.83125852233732 
51.42 	 229.66702679771046 
51.44 	 239.7890209889624 
51.46 	 251.2404203760568 
51.48 	 264.042428898573 
51.5 	 278.1936986412204 
51.52 	 293.6664389418051 
51.54 	 310.4076619835657 
51.56 	 328.33502396906147 
51.58 	 347.33854899959124 
51.6 	 367.2743816494171 
51.62 	 387.96543204110685 
51.64 	 409.19191553420166 
51.66 	 430.6909433136677 
51.68 	 452.1454996955396 
51.7 	 473.18619005465825 
51.72 	 493.3839498221802 
51.74 	 512.2599718614752 
51.76 	 529.2893983527624 
51.78 	 543.9248025853077 
51.8 	 555.6155548101219 
51.82 	 563.8445401403721 
51.84 	 568.1604885593936 
51.86 	 568.2186474404185 
51.88 	 563.81460573994 
51.9 	 554.9127607546321 
51.92 	 541.6658145206449 
51.94 	 524.4156664090934 
51.96 	 503.68693501300316 
51.98 	 480.15483177105256 
52.0 	 454.6126688558442 
52.02 	 427.91567813631997 
52.04 	 400.93516436076703 
52.06 	 374.4979399796418 
52.08 	 349.34613160443297 
52.1 	 326.092880069554 
52.12 	 305.2032977684978 
52.14 	 286.97833386806127 
52.16 	 271.5618293932671 
52.18 	 258.95168752860855 
52.2 	 249.02676528289078 
52.22 	 241.57463698888432 
52.24 	 236.32582358645783 
52.26 	 232.98429348783105 
52.28 	 231.25668473870553 
52.3 	 230.87468158621095 
52.32 	 231.61158348154277 
52.34 	 233.2914206823158 
52.36 	 235.79115654960927 
52.38 	 239.03711394835807 
52.4 	 242.995833608422 
52.42 	 247.6623038436771 
52.44 	 253.0452260442419 
52.46 	 259.15333305648346 
52.48 	 265.9814006379666 
52.5 	 273.50064933975597 
52.52 	 281.65052378170435 
52.54 	 290.3370429497978 
52.56 	 299.4325903821681 
52.58 	 308.78267932475603 
52.6 	 318.21259822996296 
52.62 	 327.539660054375 
52.64 	 336.58273600134487 
52.66 	 345.1751571490269 
52.68 	 353.17237613289154 
52.7 	 360.4610389680159 
52.72 	 366.9616271076805 
52.74 	 372.6315611277833 
52.76 	 377.4624986957047 
52.78 	 381.478250782776 
52.8 	 384.7286840801164 
52.82 	 387.2849039298167 
52.84 	 389.2324250044799 
52.86 	 390.665991858866 
52.88 	 391.683897799654 
52.9 	 392.3838638774111 
52.92 	 392.8591935887198 
52.94 	 393.19620888844145 
52.96 	 393.4722366134136 
52.98 	 393.7545641419192 
53.0 	 394.0999515125701 
53.02 	 394.55484335611686 
53.04 	 395.1558406223237 
53.06 	 395.930609185641 
53.08 	 396.89864287943885 
53.1 	 398.07229061530586 
53.12 	 399.4573072200114 
53.14 	 401.0538714584524 
53.16 	 402.8570917556665 
53.18 	 404.8584863263335 
53.2 	 407.04711145460243 
53.22 	 409.41219416687926 
53.24 	 411.9453489255114 
53.26 	 414.64438238775335 
53.28 	 417.5160372502305 
53.3 	 420.57985421265477 
53.32 	 423.8698969437809 
53.34 	 427.43689764376796 
53.36 	 431.347282592195 
53.38 	 435.68239231999354 
53.4 	 440.5341033856044 
53.42 	 446.0012691488763 
53.44 	 452.18254312697223 
53.46 	 459.17132605257234 
53.48 	 467.0469949151593 
53.5 	 475.86971120177355 
53.52 	 485.6708787889874 
53.54 	 496.4485310105266 
53.56 	 508.15718703992803 
53.58 	 520.7041175349345 
53.6 	 533.9389025668498 
53.62 	 547.651406330239 
53.64 	 561.5625860139237 
53.66 	 575.326313326594 
53.68 	 588.5247663756523 
53.7 	 600.6774661554787 
53.72 	 611.2457908571838 
53.74 	 619.65244084806 
53.76 	 625.2989274778855 
53.78 	 627.5960907068634 
53.8 	 625.9947688483925 
53.82 	 620.022666802174 
53.84 	 609.3221553451164 
53.86 	 593.6824519045466 
53.88 	 573.0723301316955 
53.9 	 547.6531128146557 
53.92 	 517.792335651255 
53.94 	 484.04653963803855 
53.96 	 447.14765177775604 
53.98 	 407.9553856163305 
54.0 	 367.41979263990027 
54.02 	 326.5163213243115 
54.04 	 286.1994163342713 
54.06 	 247.3413070326458 
54.08 	 210.69566898459536 
54.1 	 176.85901909207374 
54.12 	 146.25788388303596 
54.14 	 119.14076086334286 
54.16 	 95.59061871630516 
54.18 	 75.54253281342879 
54.2 	 58.8127354100313 
54.22 	 45.128946111613196 
54.24 	 34.163123769703155 
54.26 	 25.561025523018436 
54.28 	 18.968534304245594 
54.3 	 14.052253364542022 
54.32 	 10.51495255622691 
54.34 	 8.106035442079547 
54.36 	 6.627772781102895 
54.38 	 5.9380880991176115 
54.4 	 5.952055612211844 
54.42 	 6.641196925043103 
54.44 	 8.033555489463089 
54.46 	 10.213756789179994 
54.48 	 13.322419617592047 
54.5 	 17.556727189611873 
54.52 	 23.168811196182933 
54.54 	 30.463845447766314 
54.56 	 39.794201845184915 
54.58 	 51.550746384353715 
54.6 	 66.1489607600121 
54.62 	 84.01079511663451 
54.64 	 105.5411128890632 
54.66 	 131.10186153089055 
54.68 	 160.98224371621862 
54.7 	 195.37273002144653 
54.72 	 234.33758195651674 
54.74 	 277.8002777564161 
54.76 	 325.52808447994266 
54.78 	 377.13914875998233 
54.8 	 432.10385511972675 
54.82 	 489.7761780631677 
54.84 	 549.4073915312748 
54.86 	 610.194633575802 
54.88 	 671.2952401264 
54.9 	 731.8800546668765 
54.92 	 791.1371803802782 
54.94 	 848.3206336005624 
54.96 	 902.7409037554883 
54.98 	 953.8084063907337 
55.0 	 1001.0185929175328 
55.02 	 1043.9962658125405 
55.04 	 1082.4861050168481 
55.06 	 1116.4011628220526 
55.08 	 1145.8214248602212 
55.1 	 1171.038180653669 
55.12 	 1192.5486645082137 
55.14 	 1211.0767270043866 
55.16 	 1227.5424504608798 
55.18 	 1243.040398064019 
55.2 	 1258.7694183414394 
55.22 	 1275.9676642900565 
55.24 	 1295.8092785281792 
55.26 	 1319.3224806875935 
55.28 	 1347.2836641555446 
55.3 	 1380.1635284099896 
55.32 	 1418.0573685474903 
55.34 	 1460.6986481441056 
55.36 	 1507.4473208925922 
55.38 	 1557.3794761896906 
55.4 	 1609.3220090057869 
55.42 	 1661.9889907403635 
55.44 	 1714.0241752736533 
55.46 	 1764.1352031773413 
55.48 	 1811.1058725448986 
55.5 	 1853.8912575828774 
55.52 	 1891.5890838999976 
55.54 	 1923.4907361410965 
55.56 	 1949.0328149739962 
55.58 	 1967.8235029398163 
55.6 	 1979.6057624261744 
55.62 	 1984.2770359618553 
55.64 	 1981.878785637847 
55.66 	 1972.606883209485 
55.68 	 1956.8170258238656 
55.7 	 1935.0077598104224 
55.72 	 1907.8220819503047 
55.74 	 1875.992083993397 
55.76 	 1840.330619882549 
55.78 	 1801.6499569353248 
55.8 	 1760.7584064254688 
55.82 	 1718.3830812119716 
55.84 	 1675.193623274646 
55.86 	 1631.7547390334114 
55.88 	 1588.5850552744478 
55.9 	 1546.1416731470913 
55.92 	 1504.8978684315025 
55.94 	 1465.3377151391524 
55.96 	 1428.0207456916798 
55.98 	 1393.5576311120117 
56.0 	 1362.63492797724 
56.02 	 1335.9577791124889 
56.04 	 1314.2307855707709 
56.06 	 1298.080437265489 
56.08 	 1288.0140761320333 
56.1 	 1284.3550634657406 
56.12 	 1287.2133025221465 
56.14 	 1296.4653725026405 
56.16 	 1311.7586241389058 
56.18 	 1332.545868641851 
56.2 	 1358.1179244284683 
56.22 	 1387.6728834908638 
56.24 	 1420.3487880660682 
56.26 	 1455.2922779349185 
56.28 	 1491.661904191464 
56.3 	 1528.6716597197044 
56.32 	 1565.5580902909574 
56.34 	 1601.6022895383608 
56.36 	 1636.082896368144 
56.38 	 1668.3023070568331 
56.4 	 1697.5590902495621 
56.42 	 1723.2009335629311 
56.44 	 1744.6336229483322 
56.46 	 1761.3958847133501 
56.48 	 1773.1902247190314 
56.5 	 1779.9455542855678 
56.52 	 1781.8336073664075 
56.54 	 1779.2794118621475 
56.56 	 1772.9337873368845 
56.58 	 1763.6168500553017 
56.6 	 1752.2480427002445 
56.62 	 1739.7469991323035 
56.64 	 1726.9546895181875 
56.66 	 1714.541302818722 
56.68 	 1702.9620371471797 
56.7 	 1692.416029259509 
56.72 	 1682.8620467391352 
56.74 	 1674.0413332694948 
56.76 	 1665.545897575332 
56.78 	 1656.8829625374174 
56.8 	 1647.5631124741196 
56.82 	 1637.1653538402218 
56.84 	 1625.4071278737924 
56.86 	 1612.1735852796266 
56.88 	 1597.5450311363827 
56.9 	 1581.7748731908057 
56.92 	 1565.2721300520352 
56.94 	 1548.5372565806942 
56.96 	 1532.1174044895417 
56.98 	 1516.527742255827 
57.0 	 1502.2083222182794 
57.02 	 1489.4642991722146 
57.04 	 1478.4515625512922 
57.06 	 1469.159588320124 
57.08 	 1461.437602510592 
57.1 	 1455.0211724826547 
57.12 	 1449.5870125172576 
57.14 	 1444.7992500125079 
57.16 	 1440.3618958540048 
57.18 	 1436.0484371502894 
57.2 	 1431.7202068976278 
57.22 	 1427.31389986949 
57.24 	 1422.8152534564456 
57.26 	 1418.208455056338 
57.28 	 1413.425595762782 
57.3 	 1408.290668556428 
57.32 	 1402.4852477966738 
57.34 	 1395.5275132566544 
57.36 	 1386.7890962187769 
57.38 	 1375.529769793069 
57.4 	 1360.9721236780476 
57.42 	 1342.3773948368093 
57.44 	 1319.1510762988585 
57.46 	 1290.916622090728 
57.48 	 1257.6059913201225 
57.5 	 1219.4825962282273 
57.52 	 1177.1761212785007 
57.54 	 1131.6269075838159 
57.56 	 1084.0507379661208 
57.58 	 1035.8131111361258 
57.6 	 988.3440036775454 
57.62 	 942.9846897016685 
57.64 	 900.8987106760557 
57.66 	 862.9496931553824 
57.68 	 829.6595991063426 
57.7 	 801.1645102793289 
57.72 	 777.2499120865838 
57.74 	 757.395745617858 
57.76 	 740.8790594536114 
57.78 	 726.8757695263174 
57.8 	 714.5835775204639 
57.82 	 703.3192709286513 
57.84 	 692.6017191215695 
57.86 	 682.1882353569692 
57.88 	 672.0792088496719 
57.9 	 662.4746859955969 
57.92 	 653.7077497812214 
57.94 	 646.1514840378896 
57.96 	 640.1298713966755 
57.98 	 635.8350748864025 
58.0 	 633.2756785154892 
58.02 	 632.255444007669 
58.04 	 632.3917614433452 
58.06 	 633.1657333628908 
58.08 	 633.9965980140475 
58.1 	 634.3265630537055 
58.12 	 633.7009014240155 
58.14 	 631.8299654507649 
58.16 	 628.6229293622064 
58.18 	 624.1866757075803 
58.2 	 618.7936128775935 
58.22 	 612.8200910321063 
58.24 	 606.6726438143073 
58.26 	 600.7079174615167 
58.28 	 595.1680661554564 
58.3 	 590.1344732817571 
58.32 	 585.5153565881363 
58.34 	 581.061530940453 
58.36 	 576.4141167156241 
58.38 	 571.1692518782604 
58.4 	 564.9548416641754 
58.42 	 557.4996551409922 
58.44 	 548.6901828286626 
58.46 	 538.5973953657651 
58.48 	 527.4782947304554 
58.5 	 515.7409655469569 
58.52 	 503.8906319081647 
58.54 	 492.45233820085065 
58.56 	 481.89568141059414 
58.58 	 472.56019159501824 
58.6 	 464.6052913191799 
58.62 	 457.98095643000886 
58.64 	 452.4331554238009 
58.66 	 447.53427580998687 
58.68 	 442.74048405955443 
58.7 	 437.4609458806862 
58.72 	 431.1336989432801 
58.74 	 423.29180371811833 
58.76 	 413.61629584339346 
58.78 	 401.96280341618325 
58.8 	 388.36731809137297 
58.82 	 373.02314186563825 
58.84 	 356.24491255446753 
58.86 	 338.4149808679077 
58.88 	 319.9338755615202 
58.9 	 301.16919636300855 
58.92 	 282.4233891532329 
58.94 	 263.9105155494942 
58.96 	 245.75615891384504 
58.98 	 228.00611474889357 
59.0 	 210.65142517862347 
59.02 	 193.65383273057685 
59.04 	 176.97589089647357 
59.06 	 160.60217701608292 
59.08 	 144.55630200997638 
59.1 	 128.90506508075967 
59.12 	 113.7564000437978 
59.14 	 99.24722280478073 
59.16 	 85.52884910908162 
59.18 	 72.74869832402607 
59.2 	 61.03487263924966 
59.22 	 50.482719947023476 
59.24 	 41.14710400139155 
59.26 	 33.03926897564475 
59.28 	 26.128765977284427 
59.3 	 20.348936943209736 
59.32 	 15.605202671497766 
59.34 	 11.784351474813347 
59.36 	 8.763601091523793 
59.38 	 6.418900807132214 
59.4 	 4.631676497390467 
59.42 	 3.2935161061718286 
59.44 	 2.309010613875841 
59.46 	 1.596102840400203 
59.48 	 1.0894164109773503 
59.5 	 0.7343564043540831 
59.52 	 0.49042284630076977 
59.54 	 0.32429838988520043 
59.56 	 0.2110086795682482 
59.58 	 0.13500692446857693 
59.6 	 0.09003482934236527 
59.62 	 0.04503252118617296 
59.64 	 0.045047627701163294 
59.66 	 0.0 
59.68 	 0.0 
59.7 	 0.0 
59.72 	 0.0 
59.74 	 0.0 
59.76 	 0.0 
59.78 	 0.0 
59.8 	 0.0 
59.82 	 0.0 
59.84 	 0.0 
59.86 	 0.0 
59.88 	 0.0 
59.9 	 0.0 
59.92 	 0.0 
59.94 	 0.0 
59.96 	 0.0 
59.98 	 0.0 
