0.0 	 0.0 
0.02 	 997.2697877059157 
0.04 	 2010.4874543778176 
0.06 	 2984.1412978038015 
0.08 	 3866.3675812342244 
0.1 	 4613.935992348337 
0.12 	 5196.118647773729 
0.14 	 5596.961336497066 
0.16 	 5815.735579874743 
0.18 	 5865.633651967545 
0.2 	 5771.022507485936 
0.22 	 5563.75301587558 
0.24 	 5279.102846055543 
0.26 	 4951.911557236139 
0.28 	 4613.361678927076 
0.3 	 4288.700315073828 
0.32 	 3996.017949049839 
0.34 	 3746.0376746576167 
0.36 	 3542.743102819004 
0.38 	 3384.5988630632 
0.4 	 3266.094433338305 
0.42 	 3179.361480786524 
0.44 	 3115.663361533962 
0.46 	 3066.618130355865 
0.48 	 3025.0805021462756 
0.5 	 2985.664545822517 
0.52 	 2944.932499234315 
0.54 	 2901.304590295432 
0.56 	 2854.7612283266008 
0.58 	 2806.414727657713 
0.6 	 2758.025424561665 
0.62 	 2711.5288790940344 
0.64 	 2668.628514062921 
0.66 	 2630.492828153144 
0.68 	 2597.5793871087867 
0.7 	 2569.5904121718504 
0.72 	 2545.5484261184133 
0.74 	 2523.9666893226963 
0.76 	 2503.0795551576807 
0.78 	 2481.0934696015147 
0.8 	 2456.420517600014 
0.82 	 2427.86273250519 
0.84 	 2394.725602784971 
0.86 	 2356.85153491814 
0.88 	 2314.576442336569 
0.9 	 2268.623259492929 
0.92 	 2219.953631783717 
0.94 	 2169.6025772778594 
0.96 	 2118.5205338484852 
0.98 	 2067.443481402077 
1.0 	 2016.8057597628601 
1.02 	 1966.7029616587336 
1.04 	 1916.9050033608773 
1.06 	 1866.9131048639413 
1.08 	 1816.0496085541743 
1.1 	 1763.5666885054945 
1.12 	 1708.7591293129399 
1.14 	 1651.067326154989 
1.16 	 1590.1591385179756 
1.18 	 1525.982756582678 
1.2 	 1458.7867833523478 
1.22 	 1389.1077634510702 
1.24 	 1317.7289239932036 
1.26 	 1245.6165702532473 
1.28 	 1173.8421901005745 
1.3 	 1103.4988284723931 
1.32 	 1035.6198159111057 
1.34 	 971.1067084487535 
1.36 	 910.6716116939315 
1.38 	 854.7972068848086 
1.4 	 803.7160036895766 
1.42 	 757.4087650333597 
1.44 	 715.6207511161125 
1.46 	 677.8934161336928 
1.48 	 643.6084300565021 
1.5 	 612.040352216424 
1.52 	 582.41393296241 
1.54 	 553.9618685790708 
1.56 	 525.9789072282467 
1.58 	 497.8685298370912 
1.6 	 469.17902759704106 
1.62 	 439.6266573629452 
1.64 	 409.1046310003755 
1.66 	 377.6778999627104 
1.68 	 345.56491734879484 
1.7 	 313.1086665524637 
1.72 	 280.74011276233904 
1.74 	 248.93775983486978 
1.76 	 218.18712102161209 
1.78 	 188.94363102087473 
1.8 	 161.60188726232366 
1.82 	 136.473206502948 
1.84 	 113.7724471851563 
1.86 	 93.614018031665 
1.88 	 76.01609688909454 
1.9 	 60.91141773399284 
1.92 	 48.16260129736811 
1.94 	 37.57991198417913 
1.96 	 28.939484638749647 
1.98 	 22.000413166736013 
2.0 	 16.519548518809863 
2.02 	 12.263336529681313 
2.04 	 9.01647042514241 
2.06 	 6.587493090105237 
2.08 	 4.811737922165649 
2.1 	 3.5521421815810297 
2.12 	 2.6985161597888356 
2.14 	 2.1658268324130723 
2.16 	 1.8919802261483891 
2.18 	 1.8354849906498611 
2.2 	 1.973268658988696 
2.22 	 2.2988104663601776 
2.24 	 2.8206580151737493 
2.26 	 3.561313209123943 
2.28 	 4.556406778022221 
2.3 	 5.85403004558968 
2.32 	 7.514056671149846 
2.34 	 9.607265663679058 
2.36 	 12.2140706967172 
2.38 	 15.422671465729067 
2.4 	 19.32647331814343 
2.42 	 24.020674730561858 
2.44 	 29.59800051091658 
2.46 	 36.14366123789372 
2.48 	 43.72974114580233 
2.5 	 52.40934603048258 
2.52 	 62.21096197340352 
2.54 	 73.13356203359595 
2.56 	 85.14302755071414 
2.58 	 98.17040349497324 
2.6 	 112.11237380796442 
2.62 	 126.83412872601554 
2.64 	 142.17452525037157 
2.66 	 157.95315373816695 
2.68 	 173.97866707569125 
2.7 	 190.05755265802986 
2.72 	 206.00246833965176 
2.74 	 221.63933733580262 
2.76 	 236.81259334357765 
2.78 	 251.3882508759448 
2.8 	 265.25479505172143 
2.82 	 278.3221831604123 
2.84 	 290.51947878210166 
2.86 	 301.7917682124387 
2.88 	 312.0970318351915 
2.9 	 321.40357468542027 
2.92 	 329.68848940415114 
2.94 	 336.93746326425463 
2.96 	 343.1460749420233 
2.98 	 348.3225700755133 
3.0 	 352.49195846871504 
3.02 	 355.7011328174526 
3.04 	 358.02456105544 
3.06 	 359.5699509955343 
3.08 	 360.48313852956494 
3.1 	 360.9513343847477 
3.12 	 361.2038140305182 
3.14 	 361.5091872863005 
3.16 	 362.1685670609174 
3.18 	 363.504281832599 
3.2 	 365.844231514355 
3.22 	 369.5025325266598 
3.24 	 374.7576726001364 
3.26 	 381.8299196101859 
3.28 	 390.8601162256716 
3.3 	 401.89216529909044 
3.32 	 414.8614127879055 
3.34 	 429.59074173055933 
3.36 	 445.795519713684 
3.38 	 463.09765396425036 
3.4 	 481.04800170009275 
3.42 	 499.15538423978296 
3.44 	 516.9195963573372 
3.46 	 533.8652112968668 
3.48 	 549.5727503236444 
3.5 	 563.7039619917477 
3.52 	 576.0185353888995 
3.54 	 586.3804950490033 
3.56 	 594.7536888774467 
3.58 	 601.1870480104874 
3.6 	 605.7915173969313 
3.62 	 608.7115788216973 
3.64 	 610.0949839739912 
3.66 	 610.0645875572046 
3.68 	 608.6959683579445 
3.7 	 606.0038525757545 
3.72 	 601.9392696561229 
3.74 	 596.3979942245927 
3.76 	 589.2393245025003 
3.78 	 580.3128150772139 
3.8 	 569.4894238134468 
3.82 	 556.6928287479889 
3.84 	 541.9265453384767 
3.86 	 525.2929701769342 
3.88 	 507.001540828444 
3.9 	 487.3646853267126 
3.92 	 466.78191793595755 
3.94 	 445.71406178533084 
3.96 	 424.650894379572 
3.98 	 404.07632406393185 
4.0 	 384.4354104173816 
4.02 	 366.10714423376425 
4.04 	 349.386012738477 
4.06 	 334.4741815212056 
4.08 	 321.4848530139582 
4.1 	 310.45622984294636 
4.12 	 301.37468529272525 
4.14 	 294.20530446942064 
4.16 	 288.9278944269785 
4.18 	 285.57676584854073 
4.2 	 284.28289355679186 
4.22 	 285.3172698855228 
4.24 	 289.134189863273 
4.26 	 296.4127244178364 
4.28 	 308.09371768410824 
4.3 	 325.40837966843753 
4.32 	 349.89315980781106 
4.34 	 383.3844209628211 
4.36 	 427.9859030211612 
4.38 	 486.0024926473762 
4.4 	 559.8357373933549 
4.42 	 651.8400081282447 
4.44 	 764.1430957531812 
4.46 	 898.440866390266 
4.48 	 1055.781607408454 
4.5 	 1236.3608454546825 
4.52 	 1439.3505955969574 
4.54 	 1662.7872322993421 
4.56 	 1903.538853452379 
4.58 	 2157.3661003034476 
4.6 	 2419.080530431592 
4.62 	 2682.793086114286 
4.64 	 2942.233681664077 
4.66 	 3191.113330367729 
4.68 	 3423.4942135051624 
4.7 	 3634.1317712527875 
4.72 	 3818.7565743282066 
4.74 	 3974.2718355885027 
4.76 	 4098.853581519594 
4.78 	 4191.952855876117 
4.8 	 4254.210871218766 
4.82 	 4287.307018468742 
4.84 	 4293.764927514505 
4.86 	 4276.742934536138 
4.88 	 4239.8327016069925 
4.9 	 4186.88429864534 
4.92 	 4121.869078477798 
4.94 	 4048.784466346143 
4.96 	 3971.598427405292 
4.98 	 3894.2265511145447 
5.0 	 3820.531636592358 
5.02 	 3754.3342430744706 
5.04 	 3699.4225332852584 
5.06 	 3659.5505001397128 
5.08 	 3638.415064091771 
5.1 	 3639.6044932978675 
5.12 	 3666.513245173323 
5.14 	 3722.2218424503412 
5.16 	 3809.3448795024997 
5.18 	 3929.8555613028793 
5.2 	 4084.900821825346 
5.22 	 4274.626228979435 
5.24 	 4498.033526409442 
5.26 	 4752.89476769821 
5.28 	 5035.744822521609 
5.3 	 5341.968346769151 
5.32 	 5665.988524089807 
5.34 	 6001.554046001886 
5.36 	 6342.109395822856 
5.38 	 6681.2231961377565 
5.4 	 7013.04166256153 
5.42 	 7332.730122898296 
5.44 	 7636.865545775207 
5.46 	 7923.746894174155 
5.48 	 8193.597208296233 
5.5 	 8448.640687424613 
5.52 	 8693.048686841426 
5.54 	 8932.759579408246 
5.56 	 9175.188112209007 
5.58 	 9428.849589560245 
5.6 	 9702.932332228265 
5.62 	 10006.857752119717 
5.64 	 10349.87035833489 
5.66 	 10740.69945859043 
5.68 	 11187.329868482928 
5.7 	 11696.910644361831 
5.72 	 12275.819295662208 
5.74 	 12929.885175005567 
5.76 	 13664.761131990828 
5.78 	 14486.418348730325 
5.8 	 15401.7264807431 
5.82 	 16419.070165975627 
5.84 	 17548.943474150485 
5.86 	 18804.455593675586 
5.88 	 20201.674003180284 
5.9 	 21759.726524903086 
5.92 	 23500.58334502663 
5.94 	 25448.4479394528 
5.96 	 27628.706070075543 
5.98 	 30066.418060979726 
6.0 	 32784.39237548401 
6.02 	 35800.94489458275 
6.04 	 39127.5199309662 
6.06 	 42766.412768149916 
6.08 	 46708.87334697683 
6.1 	 50933.87111374317 
6.12 	 55407.75137996571 
6.14 	 60084.91236092925 
6.16 	 64909.489865145806 
6.18 	 69817.87605848997 
6.2 	 74741.75151227353 
6.22 	 79611.21032116761 
6.24 	 84357.53542269641 
6.26 	 88915.2505700675 
6.28 	 93223.23209599401 
6.3 	 97224.8814648783 
6.32 	 100867.59446278455 
6.34 	 104101.96123766602 
6.36 	 106881.24256450808 
6.38 	 109161.65635492832 
6.4 	 110903.8645871406 
6.42 	 112075.79437533226 
6.44 	 112656.60509055779 
6.46 	 112641.29174579881 
6.48 	 112045.16297624682 
6.5 	 110907.30841423773 
6.52 	 109292.20920959888 
6.54 	 107288.84877013932 
6.56 	 105007.01748333637 
6.58 	 102570.91785954553 
6.6 	 100110.59348460696 
6.62 	 97752.05481213021 
6.64 	 95607.19938538302 
6.66 	 93764.68946937726 
6.68 	 92282.850305389 
6.7 	 91185.40801246997 
6.72 	 90460.5389382793 
6.74 	 90063.30516318296 
6.76 	 89921.15934618481 
6.78 	 89941.86570329123 
6.8 	 90022.94040457989 
6.82 	 90061.58697518754 
6.84 	 89964.09774217097 
6.86 	 89653.80386973548 
6.88 	 89076.86469334757 
6.9 	 88205.4631258994 
6.92 	 87038.28301508796 
6.94 	 85598.44926003664 
6.96 	 83929.37668466303 
6.98 	 82089.16930923046 
7.0 	 80144.3174146322 
7.02 	 78163.44746712294 
7.04 	 76211.79462645906 
7.06 	 74346.90663446015 
7.08 	 72615.87834860479 
7.1 	 71054.19019198732 
7.12 	 69686.01353415285 
7.14 	 68525.67881449005 
7.16 	 67579.89664988563 
7.18 	 66850.28591813911 
7.2 	 66335.79248598083 
7.22 	 66034.66503241325 
7.24 	 65945.77108004203 
7.26 	 66069.16501951612 
7.28 	 66405.9398604383 
7.3 	 66957.48923755348 
7.32 	 67724.36582734353 
7.34 	 68704.9439833755 
7.36 	 69894.08197723307 
7.38 	 71281.94172123737 
7.4 	 72853.07297776491 
7.42 	 74585.81670487784 
7.44 	 76452.03804154895 
7.46 	 78417.16938351718 
7.48 	 80440.52951347415 
7.5 	 82475.88336963898 
7.52 	 84472.21377798698 
7.54 	 86374.68570630706 
7.56 	 88125.7908514816 
7.58 	 89666.66348267664 
7.6 	 90938.55770746438 
7.62 	 91884.47350249316 
7.64 	 92450.91568939181 
7.66 	 92589.76664225412 
7.68 	 92260.24756058684 
7.7 	 91430.930393697 
7.72 	 90081.73867302557 
7.74 	 88205.83892523029 
7.76 	 85811.27838168874 
7.78 	 82922.17887724262 
7.8 	 79579.26566950367 
7.82 	 75839.50956080193 
7.84 	 71774.70402387601 
7.86 	 67468.89059951612 
7.88 	 63014.678615495155 
7.9 	 58508.660285204845 
7.92 	 54046.271698855504 
7.94 	 49716.56358272319 
7.96 	 45597.39704349146 
7.98 	 41751.55414514247 
8.0 	 38224.151644595215 
8.02 	 35041.584601883544 
8.04 	 32212.032898224086 
8.06 	 29727.371584538112 
8.08 	 27566.16734476543 
8.1 	 25697.341843134123 
8.12 	 24084.049604541808 
8.14 	 22687.35124784963 
8.16 	 21469.348870650887 
8.18 	 20395.568443361284 
8.2 	 19436.50124738343 
8.22 	 18568.332113346743 
8.24 	 17772.97159413608 
8.26 	 17037.564563060427 
8.28 	 16353.668384009961 
8.3 	 15716.2845974764 
8.32 	 15122.897204320214 
8.34 	 14572.627461628286 
8.36 	 14065.568339189773 
8.38 	 13602.318334423691 
8.4 	 13183.6988581335 
8.42 	 12810.614346740378 
8.44 	 12484.000313705668 
8.46 	 12204.801150290492 
8.48 	 11973.925254122067 
8.5 	 11792.138152386711 
8.52 	 11659.872521168825 
8.54 	 11576.95494406416 
8.56 	 11542.270238356712 
8.58 	 11553.402429014732 
8.6 	 11606.30430883489 
8.62 	 11695.052789180405 
8.64 	 11811.743590207989 
8.66 	 11946.566144916133 
8.68 	 12088.07923911648 
8.7 	 12223.682611821538 
8.72 	 12340.253276056728 
8.74 	 12424.891903364656 
8.76 	 12465.70812988158 
8.78 	 12452.5668796608 
8.8 	 12377.72188718398 
8.82 	 12236.276752127846 
8.84 	 12026.435544197568 
8.86 	 11749.530450946135 
8.88 	 11409.839056618035 
8.9 	 11014.224801573313 
8.92 	 10571.648362900014 
8.94 	 10092.603993264009 
8.96 	 9588.533664222077 
8.98 	 9071.26479335758 
9.0 	 8552.506653545599 
9.02 	 8043.428571865656 
9.04 	 7554.33157640634 
9.06 	 7094.415371605168 
9.08 	 6671.634819747019 
9.1 	 6292.634361034982 
9.12 	 5962.744694387796 
9.14 	 5686.023330925276 
9.16 	 5465.319346175232 
9.18 	 5302.343077313457 
9.2 	 5197.724018323943 
9.22 	 5151.044987746871 
9.24 	 5160.84761621475 
9.26 	 5224.612624756618 
9.28 	 5338.72702494602 
9.3 	 5498.457729384658 
9.32 	 5697.955573219319 
9.34 	 5930.314234441454 
9.36 	 6187.704496514943 
9.38 	 6461.596056255661 
9.4 	 6743.06779003731 
9.42 	 7023.1947892396975 
9.44 	 7293.488527759152 
9.46 	 7546.357024097368 
9.48 	 7775.546092889449 
9.5 	 7976.521338517358 
9.52 	 8146.753336291899 
9.54 	 8285.874880162606 
9.56 	 8395.688424546614 
9.58 	 8480.01311614718 
9.6 	 8544.373484157757 
9.62 	 8595.5454814738 
9.64 	 8640.989679939858 
9.66 	 8688.215281369166 
9.68 	 8744.130979081845 
9.7 	 8814.447797098901 
9.72 	 8903.20266717573 
9.74 	 9012.467541364831 
9.76 	 9142.29578074055 
9.78 	 9290.935156771679 
9.8 	 9455.306483136574 
9.82 	 9631.711885935478 
9.84 	 9816.701719976512 
9.86 	 10007.999615376926 
9.88 	 10205.366350610258 
9.9 	 10411.279216990086 
9.92 	 10631.316205126088 
9.94 	 10874.163097367107 
9.96 	 11151.203250063556 
9.98 	 11475.699306075983 
10.0 	 11861.626888422386 
10.02 	 12322.265871698575 
10.04 	 12868.689235993848 
10.06 	 13508.308415789365 
10.08 	 14243.635088850706 
10.1 	 15071.40229559065 
10.12 	 15982.154502397327 
10.14 	 16960.370379326763 
10.16 	 17985.1286766534 
10.18 	 19031.27251973558 
10.2 	 20070.976794712897 
10.22 	 21075.58273626589 
10.24 	 22017.53791666509 
10.26 	 22872.271425335588 
10.28 	 23619.843825550324 
10.3 	 24246.237876837917 
10.32 	 24744.19529355283 
10.34 	 25113.551667133754 
10.36 	 25361.07005305268 
10.38 	 25499.81776540953 
10.4 	 25548.165910846674 
10.42 	 25528.514210186313 
10.44 	 25465.853883192907 
10.46 	 25386.279957319293 
10.48 	 25315.55390036669 
10.5 	 25277.80125027904 
10.52 	 25294.410083841452 
10.54 	 25383.177125635233 
10.56 	 25557.73034600753 
10.58 	 25827.24026759864 
10.6 	 26196.41642939079 
10.62 	 26665.769924051263 
10.64 	 27232.10738988698 
10.66 	 27889.206804332676 
10.68 	 28628.612196671966 
10.7 	 29440.474837487698 
10.72 	 30314.364521952946 
10.74 	 31239.977730341503 
10.76 	 32207.680279516 
10.78 	 33208.83995034668 
10.8 	 34235.92770591786 
10.82 	 35282.39183801708 
10.84 	 36342.33459026186 
10.86 	 37410.0424674623 
10.88 	 38479.4370397382 
10.9 	 39543.52093643471 
10.92 	 40593.89328929679 
10.94 	 41620.400570443955 
10.96 	 42610.97393860474 
10.98 	 43551.68487483699 
11.0 	 44427.029392587094 
11.02 	 45220.4297357254 
11.04 	 45914.923155797616 
11.06 	 46493.99144357451 
11.08 	 46942.473139412185 
11.1 	 47247.493060601446 
11.12 	 47399.34104252457 
11.14 	 47392.23368841058 
11.16 	 47224.899659687115 
11.18 	 46900.940792525755 
11.2 	 46428.93791871306 
11.22 	 45822.2907634208 
11.24 	 45098.80372006484 
11.26 	 44280.050724517656 
11.28 	 43390.56945254358 
11.3 	 42456.94460789148 
11.32 	 41506.84046059271 
11.34 	 40568.0344185305 
11.36 	 39667.488907156636 
11.38 	 38830.48254874217 
11.4 	 38079.808491835494 
11.42 	 37435.04176916209 
11.44 	 36911.88060397207 
11.46 	 36521.577624424724 
11.48 	 36270.492275756886 
11.5 	 36159.809936709215 
11.52 	 36185.48076008189 
11.54 	 36338.427848446445 
11.56 	 36605.058329981126 
11.58 	 36968.08340758437 
11.6 	 37407.618235655216 
11.62 	 37902.49482235548 
11.64 	 38431.68674545177 
11.66 	 38975.718368180584 
11.68 	 39517.91727001844 
11.7 	 40045.36918268339 
11.72 	 40549.45099158394 
11.74 	 41025.849387753355 
11.76 	 41474.019503467694 
11.78 	 41896.09692047087 
11.8 	 42295.34352113967 
11.82 	 42674.2762110761 
11.84 	 43032.688789150096 
11.86 	 43365.82089626013 
11.88 	 43662.943810919845 
11.9 	 43906.61287446299 
11.92 	 44072.77706696964 
11.94 	 44131.840670045836 
11.96 	 44050.65016704475 
11.98 	 43795.2480708123 
12.0 	 43334.11478884025 
12.02 	 42641.530886603505 
12.04 	 41700.652368672134 
12.06 	 40505.91050261085 
12.08 	 39064.424927337066 
12.1 	 37396.24355271755 
12.12 	 35533.37561132094 
12.14 	 33517.74060192322 
12.16 	 31398.290774760942 
12.18 	 29227.657555162747 
12.2 	 27058.710228708576 
12.22 	 24941.395682370592 
12.24 	 22920.15828491253 
12.26 	 21032.134226100647 
12.28 	 19306.1943994344 
12.3 	 17762.794308862347 
12.32 	 16414.49552942196 
12.34 	 15266.962316554198 
12.36 	 14320.213546433251 
12.38 	 13569.922156917852 
12.4 	 13008.594259014699 
12.42 	 12626.51750433243 
12.44 	 12412.431546994594 
12.46 	 12353.93194397021 
12.48 	 12437.664432374366 
12.5 	 12649.39423376974 
12.52 	 12974.043231735937 
12.54 	 13395.777923470469 
12.56 	 13898.206697358266 
12.58 	 14464.711556703252 
12.6 	 15078.902991733716 
12.62 	 15725.15340773586 
12.64 	 16389.139775277326 
12.66 	 17058.31410502584 
12.68 	 17722.223258119444 
12.7 	 18372.61755006637 
12.72 	 19003.318251137236 
12.74 	 19609.852808619846 
12.76 	 20188.90702720045 
12.78 	 20737.678297210223 
12.8 	 21253.23638372019 
12.82 	 21732.00313959049 
12.84 	 22169.447573640213 
12.86 	 22560.059459681095 
12.88 	 22897.618292342144 
12.9 	 23175.722987214605 
12.92 	 23388.500810864432 
12.94 	 23531.38061998218 
12.96 	 23601.802156669695 
12.98 	 23599.742568906284 
13.0 	 23527.971693340507 
13.02 	 23391.99306150013 
13.04 	 23199.679413373095 
13.06 	 22960.66019103374 
13.08 	 22685.55562372595 
13.1 	 22385.171921526548 
13.12 	 22069.772701376492 
13.14 	 21748.52464021787 
13.16 	 21429.18491491327 
13.18 	 21118.060287383123 
13.2 	 20820.228998085746 
13.22 	 20539.98229098759 
13.24 	 20281.4161304425 
13.26 	 20049.087388762484 
13.28 	 19848.642804255396 
13.3 	 19687.332550052794 
13.32 	 19574.331940421725 
13.34 	 19520.813059854037 
13.36 	 19539.731350858194 
13.38 	 19645.318862070853 
13.4 	 19852.3042657863 
13.42 	 20174.908019867264 
13.44 	 20625.68702955204 
13.46 	 21214.32451112506 
13.48 	 21946.475082853172 
13.5 	 22822.78023339811 
13.52 	 23838.163591856108 
13.54 	 24981.498048169047 
13.56 	 26235.708112983368 
13.58 	 27578.332725293894 
13.6 	 28982.5292657188 
13.62 	 30418.45342229508 
13.64 	 31854.907342565828 
13.66 	 33261.1160011826 
13.68 	 34608.474061345296 
13.7 	 35872.106200192735 
13.72 	 37032.103885792894 
13.74 	 38074.338928653844 
13.76 	 38990.80384176032 
13.78 	 39779.48391764773 
13.8 	 40443.8176774097 
13.82 	 40991.84309250597 
13.84 	 41435.15076318615 
13.86 	 41787.769154807815 
13.88 	 42065.09174839245 
13.9 	 42282.92567736484 
13.92 	 42456.70276771996 
13.94 	 42600.85472911394 
13.96 	 42728.32205758121 
13.98 	 42850.14674877179 
14.0 	 42975.09518887046 
14.02 	 43109.26945351056 
14.04 	 43255.68962687246 
14.06 	 43413.86134027175 
14.08 	 43579.37500031702 
14.1 	 43743.60954634249 
14.12 	 43893.628465031485 
14.14 	 44012.35546688897 
14.16 	 44079.10034881387 
14.18 	 44070.47335762327 
14.2 	 43961.68248050208 
14.22 	 43728.15813053119 
14.24 	 43347.400522756485 
14.26 	 42800.903844838555 
14.28 	 42075.9846608891 
14.3 	 41167.33477105083 
14.32 	 40078.133469521475 
14.34 	 38820.59032228941 
14.36 	 37415.84365204237 
14.38 	 35893.205543650016 
14.4 	 34288.813078158135 
14.42 	 32643.808574153165 
14.44 	 31002.22032925988 
14.46 	 29408.743068942502 
14.48 	 27906.62033890867 
14.5 	 26535.80928934467 
14.52 	 25331.565128137023 
14.54 	 24323.524390493832 
14.56 	 23535.301447162976 
14.58 	 22984.55033181717 
14.6 	 22683.392254770602 
14.62 	 22639.074447861596 
14.64 	 22854.711959210174 
14.66 	 23329.971407130735 
14.68 	 24061.58235726257 
14.7 	 25043.603350900245 
14.72 	 26267.419445103777 
14.74 	 27721.499351005044 
14.76 	 29390.98585451207 
14.78 	 31257.22705969915 
14.8 	 33297.373656060394 
14.82 	 35484.16666185063 
14.84 	 37786.021280648245 
14.86 	 40167.47850263423 
14.88 	 42590.05186539186 
14.9 	 45013.44862865189 
14.92 	 47397.09898041449 
14.94 	 49701.88930123493 
14.96 	 51891.96962673916 
14.98 	 53936.492620575766 
15.0 	 55811.140847877214 
15.02 	 57499.30884825692 
15.04 	 58992.82417913534 
15.06 	 60292.115837044184 
15.08 	 61405.76930662331 
15.1 	 62349.44618331686 
15.12 	 63144.19426930933 
15.14 	 63814.231227358294 
15.16 	 64384.34829164318 
15.18 	 64877.14334194859 
15.2 	 65310.34452625518 
15.22 	 65694.51448679468 
15.24 	 66031.4200788065 
15.26 	 66313.306494453 
15.28 	 66523.22805376553 
15.3 	 66636.4689109148 
15.32 	 66622.95137016915 
15.34 	 66450.398158295 
15.36 	 66087.9095559528 
15.38 	 65509.55497302735 
15.4 	 64697.57230745049 
15.42 	 63644.81864723021 
15.44 	 62356.21416544013 
15.46 	 60849.05102926625 
15.48 	 59152.17975969394 
15.5 	 57304.21513313348 
15.52 	 55351.004145494124 
15.54 	 53342.657783544746 
15.56 	 51330.46215820749 
15.58 	 49363.95639814832 
15.6 	 47488.4041920863 
15.62 	 45742.80636885162 
15.64 	 44158.51778633992 
15.66 	 42758.45592610562 
15.68 	 41556.83045614826 
15.7 	 40559.28779404859 
15.72 	 39763.35314198055 
15.74 	 39159.06161729727 
15.76 	 38729.694425341564 
15.78 	 38452.56868284577 
15.8 	 38299.863569977686 
15.82 	 38239.49485759464 
15.84 	 38236.06983016025 
15.86 	 38251.962230859564 
15.88 	 38248.54094464409 
15.9 	 38187.56737335856 
15.92 	 38032.74725309284 
15.94 	 37751.38701872718 
15.96 	 37316.068043288855 
15.98 	 36706.22029237748 
16.0 	 35909.456328579414 
16.02 	 34922.52248448913 
16.04 	 33751.73978082094 
16.06 	 32412.843353668002 
16.08 	 30930.182960807728 
16.1 	 29335.312421207153 
16.12 	 27665.063849655795 
16.14 	 25959.263242128116 
16.16 	 24258.28776090607 
16.18 	 22600.68462020617 
16.2 	 21021.063150762315 
16.22 	 19548.436298598688 
16.24 	 18205.130796164274 
16.26 	 17006.315328480356 
16.28 	 15960.1238611907 
16.3 	 15068.287464612857 
16.32 	 14327.141053638494 
16.34 	 13728.846694878219 
16.36 	 13262.673706755297 
16.38 	 12916.195029869476 
16.4 	 12676.293646853575 
16.42 	 12529.914977061786 
16.44 	 12464.543901867773 
16.46 	 12468.422401631155 
16.48 	 12530.551841737924 
16.5 	 12640.54124714442 
16.52 	 12788.370021173512 
16.54 	 12964.132385874302 
16.56 	 13157.823684281671 
16.58 	 13359.217625663481 
16.6 	 13557.869907493041 
16.62 	 13743.268067342378 
16.64 	 13905.130257520297 
16.66 	 14033.837482305293 
16.68 	 14120.965952966231 
16.7 	 14159.870659578313 
16.72 	 14146.260601034679 
16.74 	 14078.702790669651 
16.76 	 13958.997668079455 
16.78 	 13792.38280192953 
16.8 	 13587.542784394678 
16.82 	 13356.427372939641 
16.84 	 13113.90269824427 
16.86 	 12877.277325336367 
16.88 	 12665.752904067118 
16.9 	 12499.846800013156 
16.92 	 12400.822420237586 
16.94 	 12390.144887490069 
16.96 	 12488.959503886124 
16.98 	 12717.57265426812 
17.0 	 13094.903397309652 
17.02 	 13637.871598447951 
17.04 	 14360.695937887283 
17.06 	 15274.0915472026 
17.08 	 16384.37993049741 
17.1 	 17692.54970618331 
17.12 	 19193.331592671562 
17.14 	 20874.37109726765 
17.16 	 22715.594312177745 
17.18 	 24688.863841856615 
17.2 	 26758.01220382974 
17.22 	 28879.31943164123 
17.24 	 31002.47172185378 
17.26 	 33072.001542560305 
17.28 	 35029.17013712719 
17.3 	 36814.21461845121 
17.32 	 38368.84754454382 
17.34 	 39638.870168458794 
17.36 	 40576.743822221695 
17.38 	 41143.958511578334 
17.4 	 41313.044170939844 
17.42 	 41069.08768944443 
17.44 	 40410.64660212067 
17.46 	 39349.98654052736 
17.48 	 37912.612019450695 
17.5 	 36136.10636288702 
17.52 	 34068.343587735675 
17.54 	 31765.179496837165 
17.56 	 29287.76740645946 
17.58 	 26699.672134132652 
17.6 	 24063.97079938962 
17.62 	 21440.528313965737 
17.64 	 18883.618357042047 
17.66 	 16440.028259552873 
17.68 	 14147.741679392146 
17.7 	 12035.241071818004 
17.72 	 10121.41864598951 
17.74 	 8416.03581546543 
17.76 	 6920.632371532754 
17.78 	 5629.761401783175 
17.8 	 4532.415909033053 
17.82 	 3613.517535002162 
17.84 	 2855.3542614130893 
17.86 	 2238.8786905157212 
17.88 	 1744.8072386208592 
17.9 	 1354.4892829828354 
17.92 	 1050.5407557166268 
17.94 	 817.2567689402657 
17.96 	 640.8316549545402 
17.98 	 509.42241671007883 
18.0 	 413.09385679992397 
18.02 	 343.6818553865326 
18.04 	 294.6067832337837 
18.06 	 260.66313976192345 
18.08 	 237.80522652749625 
18.1 	 222.94273532601323 
18.12 	 213.7549927999001 
18.14 	 208.52846776895873 
18.16 	 206.01904588295494 
18.18 	 205.33842649138566 
18.2 	 205.8626528987874 
18.22 	 207.16007770120092 
18.24 	 208.93581839033544 
18.26 	 210.98982076647434 
18.28 	 213.18589162663554 
18.3 	 215.42939142373442 
18.32 	 217.6516268474163 
18.34 	 219.79931484568925 
18.36 	 221.82778741668406 
18.38 	 223.6968687845063 
18.4 	 225.36858839191422 
18.42 	 226.80610003995702 
18.44 	 227.9733613395031 
18.46 	 228.8352851457874 
18.48 	 229.35819867704444 
18.5 	 229.51052879097418 
18.52 	 229.26366909072624 
18.54 	 228.59297885886673 
18.56 	 227.47882674104528 
18.58 	 225.90754294441 
18.6 	 223.87210597946876 
18.62 	 221.37238558186638 
18.64 	 218.4148063608376 
18.66 	 215.0113877572981 
18.68 	 211.1782405883306 
18.7 	 206.93373107450074 
18.72 	 202.29662508637543 
18.74 	 197.28456605629964 
18.76 	 191.91319957402501 
18.78 	 186.19613615706137 
18.8 	 180.14576385446202 
18.82 	 173.7747259824878 
18.84 	 167.09771720638554 
18.86 	 160.13316939961874 
18.88 	 152.90442463061012 
18.9 	 145.44012540446613 
18.92 	 137.77376081587767 
18.94 	 129.94253704206426 
18.96 	 121.98592805605762 
18.98 	 113.94435289254294 
19.0 	 105.85838974234744 
19.02 	 97.76877983200903 
19.04 	 89.71723516652273 
19.06 	 81.74780755836937 
19.08 	 73.90837222332823 
19.1 	 66.25168478508138 
19.12 	 58.835514042650395 
19.14 	 51.72152611955773 
19.16 	 44.97285682586478 
19.18 	 38.6505948131203 
19.2 	 32.809640709247844 
19.22 	 27.494552436466762 
19.24 	 22.736005914829434 
19.26 	 18.548395914382663 
19.28 	 14.928904094774865 
19.3 	 11.858117993116682 
19.32 	 9.302048058629483 
19.34 	 7.215203954274598 
19.36 	 5.544283751751626 
19.38 	 4.232007848108588 
19.4 	 3.2206828544194757 
19.42 	 2.4551863549424175 
19.44 	 1.8851931895599128 
19.46 	 1.4665913593913311 
19.48 	 1.1621409568585837 
19.5 	 0.9415016751952907 
19.52 	 0.7807911017393383 
19.54 	 0.6618414976781809 
19.56 	 0.5713054235465831 
19.58 	 0.4997299239323878 
19.6 	 0.44068368818716896 
19.62 	 0.38998816713253864 
19.64 	 0.3450760039136307 
19.66 	 0.30447994959308766 
19.68 	 0.2674425461533839 
19.7 	 0.2336300749884062 
19.72 	 0.20293195194142305 
19.74 	 0.17532728137741058 
19.76 	 0.1508023262186084 
19.78 	 0.12930525965541925 
19.8 	 0.11072716296554205 
19.82 	 0.0949005456154684 
19.84 	 0.0816086106219254 
19.86 	 0.07060009951657782 
19.88 	 0.06160589485512837 
19.9 	 0.05435469715303345 
19.92 	 0.048586067001954523 
19.94 	 0.044059946276042296 
19.96 	 0.040562441986264734 
19.98 	 0.0379081639012825 
20.0 	 0.03593974811243655 
20.02 	 0.03452537917167913 
20.04 	 0.033555161250183096 
20.06 	 0.032937112222815736 
20.08 	 0.03259339832382273 
20.1 	 0.03245722745356842 
20.12 	 0.03247061033228588 
20.14 	 0.032583008879013324 
20.16 	 0.03275074122807362 
20.18 	 0.03293691496337814 
20.2 	 0.03311161823736328 
20.22 	 0.03325210850144399 
20.24 	 0.03334279035397155 
20.26 	 0.03337485291661069 
20.28 	 0.033345526608009414 
20.3 	 0.03325700313500719 
20.32 	 0.033115127715588555 
20.34 	 0.03292801029862741 
20.36 	 0.03270470967888851 
20.38 	 0.03245412326358491 
20.4 	 0.03218417278968434 
20.42 	 0.031901322493946616 
20.44 	 0.0316104120832107 
20.46 	 0.03131474228091965 
20.48 	 0.031016322891377988 
20.5 	 0.030716185456081024 
20.52 	 0.03041467365212766 
20.54 	 0.030111649862337726 
20.56 	 0.02980658868473423 
20.58 	 0.029498559789570094 
20.6 	 0.029186126974824648 
20.62 	 0.028867203736949804 
20.64 	 0.028538907773993937 
20.66 	 0.028197450256599504 
20.68 	 0.027838084986178378 
20.7 	 0.027455132403912643 
20.72 	 0.02704208699980555 
20.74 	 0.026591814616562213 
20.76 	 0.026096846436573787 
20.78 	 0.02554977537765134 
20.8 	 0.02494375442754988 
20.82 	 0.02427308299041047 
20.84 	 0.02353384731781228 
20.86 	 0.022724558338527694 
20.88 	 0.02184671066725506 
20.9 	 0.020905176742849477 
20.92 	 0.01990835490762464 
20.94 	 0.01886801164402899 
20.96 	 0.017798794070435907 
20.98 	 0.016717433489734406 
21.0 	 0.015641706274173436 
21.02 	 0.014589256169889563 
21.04 	 0.013576405155421252 
21.06 	 0.012617084128482003 
21.08 	 0.011721999375899825 
21.1 	 0.01089811895094561 
21.12 	 0.010148520371616496 
21.14 	 0.009472594542571287 
21.16 	 0.008866557675739658 
21.18 	 0.008324189338887041 
21.2 	 0.007837694754815962 
21.22 	 0.007398584873302644 
21.24 	 0.006998477878579091 
21.26 	 0.006629747896140134 
21.28 	 0.00628597641879746 
21.3 	 0.005962194324907075 
21.32 	 0.005654932335393138 
21.34 	 0.005362121232554364 
21.36 	 0.005082897479985381 
21.38 	 0.0048173741577661475 
21.4 	 0.004566432274836207 
21.42 	 0.0043315759856419654 
21.44 	 0.004114880551396742 
21.46 	 0.003919048202549013 
21.48 	 0.0037475788648567215 
21.5 	 0.0036050648832957268 
21.52 	 0.0034976372403457425 
21.54 	 0.003433633247464755 
21.56 	 0.003424634126350869 
21.58 	 0.0034871534633609475 
21.6 	 0.003645471702891101 
21.62 	 0.003936447758813406 
21.64 	 0.004417652466740351 
21.66 	 0.005180934341689373 
21.68 	 0.006374639223544256 
21.7 	 0.008239270902203152 
21.72 	 0.011163515103199535 
21.74 	 0.01577035729982165 
21.76 	 0.023046564538310967 
21.78 	 0.034533038959127606 
21.8 	 0.05259829163758333 
21.82 	 0.08082208830837599 
21.84 	 0.12452039547662201 
21.86 	 0.19144487483429243 
21.88 	 0.2926885947381673 
21.9 	 0.4438221083679072 
21.92 	 0.6662679911048862 
21.94 	 0.988894725155664 
21.96 	 1.4497704490697272 
21.98 	 2.0979630030959853 
22.0 	 2.9952069059462407 
22.02 	 4.217186088052295 
22.04 	 5.854113614989348 
22.06 	 8.010241191532858 
22.08 	 10.801920552224914 
22.1 	 14.353885659787275 
22.12 	 18.793545651682408 
22.14 	 24.24328196485059 
22.16 	 30.81102320328959 
22.18 	 38.57970376270786 
22.2 	 47.596552766347166 
22.22 	 57.863447577126465 
22.24 	 69.3297319826776 
22.26 	 81.8888792741549 
22.28 	 95.3801322229679 
22.3 	 109.59576895743174 
22.32 	 124.29396544558354 
22.34 	 139.21643782660004 
22.36 	 154.1092735597753 
22.38 	 168.7447370617534 
22.4 	 182.94148891370594 
22.42 	 196.58067350881683 
22.44 	 209.61573227830308 
22.46 	 222.07454190854108 
22.48 	 234.05344873414523 
22.5 	 245.70381832778043 
22.52 	 257.2126775901013 
22.54 	 268.77975036954797 
22.56 	 280.5935792231171 
22.58 	 292.80944982313343 
22.6 	 305.5315171457735 
22.62 	 318.80094920513164 
22.64 	 332.5911576922753 
22.66 	 346.8103836307895 
22.68 	 361.31114556276214 
22.7 	 375.9054107375576 
22.72 	 390.383864874897 
22.74 	 404.537361284501 
22.76 	 418.1785378722099 
22.78 	 431.16170055243157 
22.8 	 443.3993698016705 
22.82 	 454.87434196878996 
22.84 	 465.6466758182479 
22.86 	 475.8556041509786 
22.88 	 485.7169028396574 
22.9 	 495.5166375935467 
22.92 	 505.60238231838673 
22.94 	 516.3729276672929 
22.96 	 528.2671879796873 
22.98 	 541.7525343512854 
23.0 	 557.312239823094 
23.02 	 575.431254206198 
23.04 	 596.5792664035245 
23.06 	 621.1900701817509 
23.08 	 649.636682072585 
23.1 	 682.2024534204616 
23.12 	 719.0494792433258 
23.14 	 760.1867671906524 
23.16 	 805.4416696752018 
23.18 	 854.4387623690254 
23.2 	 906.5904619999745 
23.22 	 961.10308231496 
23.24 	 1017.0007137690674 
23.26 	 1073.1674031016728 
23.28 	 1128.4058565126404 
23.3 	 1181.5086374783496 
23.32 	 1231.3359450922844 
23.34 	 1276.892859121124 
23.36 	 1317.3986264411797 
23.38 	 1352.34118890244 
23.4 	 1381.5116074211267 
23.42 	 1405.0150901984875 
23.44 	 1423.257685907712 
23.46 	 1436.9100510337214 
23.48 	 1446.851783807533 
23.5 	 1454.101446762379 
23.52 	 1459.7384642948114 
23.54 	 1464.8235358839293 
23.56 	 1470.3240567938435 
23.58 	 1477.0503343603484 
23.6 	 1485.6072151103426 
23.62 	 1496.3642189121795 
23.64 	 1509.4455669526099 
23.66 	 1524.7397655314514 
23.68 	 1541.9268377953188 
23.7 	 1560.5200186588663 
23.72 	 1579.9178282701678 
23.74 	 1599.4619392395855 
23.76 	 1618.4961247639742 
23.78 	 1636.421764630217 
23.8 	 1652.7458400897813 
23.82 	 1667.1180305632463 
23.84 	 1679.3544162629346 
23.86 	 1689.446372246123 
23.88 	 1697.5544661497368 
23.9 	 1703.988452012609 
23.92 	 1709.1756447684159 
23.94 	 1713.6208952576198 
23.96 	 1717.8619102245095 
23.98 	 1722.423687464578 
24.0 	 1727.7753797370049 
24.02 	 1734.292095665322 
24.04 	 1742.2232169412623 
24.06 	 1751.6680173539046 
24.08 	 1762.5589248679928 
24.1 	 1774.6527697285917 
24.12 	 1787.5307429620946 
24.14 	 1800.6083229195597 
24.16 	 1813.156777851774 
24.18 	 1824.3376752863478 
24.2 	 1833.2508856653567 
24.22 	 1838.9948271169017 
24.24 	 1840.7353895593744 
24.26 	 1837.7775702356978 
24.28 	 1829.6319654641202 
24.3 	 1816.0675012549216 
24.32 	 1797.1425684798426 
24.34 	 1773.2091424229332 
24.36 	 1744.8881928202584 
24.38 	 1713.0190417843787 
24.4 	 1678.5893939100488 
24.42 	 1642.6556372803695 
24.44 	 1606.2640319960472 
24.46 	 1570.3823362045491 
24.48 	 1535.8485569435695 
24.5 	 1503.3395973540273 
24.52 	 1473.3586054363236 
24.54 	 1446.2367984671207 
24.56 	 1422.1441327376276 
24.58 	 1401.1036105216758 
24.6 	 1383.005921310369 
24.62 	 1367.6237255032577 
24.64 	 1354.6272402814545 
24.66 	 1343.6040295681182 
24.68 	 1334.085570230335 
24.7 	 1325.5813414809259 
24.72 	 1317.6184614572664 
24.74 	 1309.782207361494 
24.76 	 1301.751073963015 
24.78 	 1293.3200398127085 
24.8 	 1284.4075942214977 
24.82 	 1275.0454095001674 
24.84 	 1265.3534172481773 
24.86 	 1255.5063451682333 
24.88 	 1245.6995033327346 
24.9 	 1236.1212321310734 
24.92 	 1226.9370212065064 
24.94 	 1218.2865789613954 
24.96 	 1210.291187997016 
24.98 	 1203.065711992178 
25.0 	 1196.7285234291805 
25.02 	 1191.4037279199015 
25.04 	 1187.2130198331124 
25.06 	 1184.2583884473238 
25.08 	 1182.6004806714739 
25.1 	 1182.2395709072832 
25.12 	 1183.106078621802 
25.14 	 1185.0653528177443 
25.16 	 1187.937631697655 
25.18 	 1191.529801656656 
25.2 	 1195.672097000287 
25.22 	 1200.2512485955633 
25.24 	 1205.2323107978793 
25.26 	 1210.664280475505 
25.28 	 1216.6688405923549 
25.3 	 1223.4158951553436 
25.32 	 1231.092768530884 
25.34 	 1239.8751192820048 
25.36 	 1249.9064712594209 
25.38 	 1261.2901821725509 
25.4 	 1274.0936026772406 
25.42 	 1288.3603511192287 
25.44 	 1304.1241753290897 
25.46 	 1321.4175091533666 
25.48 	 1340.2696531572042 
25.5 	 1360.6929733428694 
25.52 	 1382.6596038050855 
25.54 	 1406.0746687115618 
25.56 	 1430.7539794533764 
25.58 	 1456.4139359177857 
25.6 	 1482.678987928287 
25.62 	 1509.1080970086307 
25.64 	 1535.237188944763 
25.66 	 1560.6307411619327 
25.68 	 1584.9333692711866 
25.7 	 1607.9121114037284 
25.72 	 1629.4820635575138 
25.74 	 1649.7115792378834 
25.76 	 1668.8075249506214 
25.78 	 1687.0850525528867 
25.8 	 1704.9290964226673 
25.82 	 1722.7557392783347 
25.84 	 1740.9805754826432 
25.86 	 1759.9985580121545 
25.88 	 1780.1762406008243 
25.9 	 1801.853719156862 
25.92 	 1825.3508322034834 
25.94 	 1850.9709894604443 
25.96 	 1878.9966898987927 
25.98 	 1909.6732521975712 
26.0 	 1943.1809662651317 
26.02 	 1979.5999111808694 
26.04 	 2018.8750529031763 
26.06 	 2060.7909959059452 
26.08 	 2104.9652887203542 
26.1 	 2150.8663370209756 
26.12 	 2197.8571956381006 
26.14 	 2245.2607551290066 
26.16 	 2292.4364152322983 
26.18 	 2338.854606072983 
26.2 	 2384.154554655779 
26.22 	 2428.1729911831612 
26.24 	 2470.936774081119 
26.26 	 2512.619647208213 
26.28 	 2553.470929000038 
26.3 	 2593.730080733171 
26.32 	 2633.5442778541606 
26.34 	 2672.9054559675324 
26.36 	 2711.618897432049 
26.38 	 2749.3082989403124 
26.4 	 2785.4541694216314 
26.42 	 2819.455381492705 
26.44 	 2850.699505286351 
26.46 	 2878.6272084029574 
26.48 	 2902.779486572926 
26.5 	 2922.8227242727926 
26.52 	 2938.5537394220773 
26.54 	 2949.892954545349 
26.56 	 2956.8769069331825 
26.58 	 2959.6605482810123 
26.6 	 2958.5353835515175 
26.62 	 2953.9627186597136 
26.64 	 2946.614106908684 
26.66 	 2937.405653026994 
26.68 	 2927.510863483157 
26.7 	 2918.339013370509 
26.72 	 2911.4721717648467 
26.74 	 2908.562660773462 
26.76 	 2911.2017012400656 
26.78 	 2920.7770760566996 
26.8 	 2938.3410403754137 
26.82 	 2964.5085714137317 
26.84 	 2999.400657177088 
26.86 	 3042.6389929828406 
26.88 	 3093.3891882098064 
26.9 	 3150.441539940079 
26.92 	 3212.3133691921844 
26.94 	 3277.3557833655877 
26.96 	 3343.850449507932 
26.98 	 3410.0875118794406 
27.0 	 3474.4225012934107 
27.02 	 3535.3161248213155 
27.04 	 3591.36466524121 
27.06 	 3641.3295247207325 
27.08 	 3684.172254456252 
27.1 	 3719.097073572491 
27.12 	 3745.5977904312685 
27.14 	 3763.501728635206 
27.16 	 3773.000975001115 
27.18 	 3774.661646236671 
27.2 	 3769.4048039924787 
27.22 	 3758.4573438448833 
27.24 	 3743.2764239102758 
27.26 	 3725.4554891686726 
27.28 	 3706.622668630788 
27.3 	 3688.342778397772 
27.32 	 3672.032468486273 
27.34 	 3658.8948406977747 
27.36 	 3649.8760736118206 
27.38 	 3645.64317190373 
27.4 	 3646.5796277289 
27.42 	 3652.7948650862068 
27.44 	 3664.143733698599 
27.46 	 3680.2535933648323 
27.48 	 3700.558082156044 
27.5 	 3724.3379085394713 
27.52 	 3750.7695302701095 
27.54 	 3778.9822086331874 
27.56 	 3808.1227324391193 
27.58 	 3837.42536627759 
27.6 	 3866.282680289678 
27.62 	 3894.3112808495316 
27.64 	 3921.4054567737217 
27.66 	 3947.7716629490465 
27.68 	 3973.9377317512776 
27.7 	 4000.732728910883 
27.72 	 4029.2362874958667 
27.74 	 4060.6997360141527 
27.76 	 4096.4449294297065 
27.78 	 4137.749867519258 
27.8 	 4185.732424037213 
27.82 	 4241.244394104933 
27.84 	 4304.787363902735 
27.86 	 4376.459628219949 
27.88 	 4455.939799459322 
27.9 	 4542.508364404969 
27.92 	 4635.103899178367 
27.94 	 4732.406634767629 
27.96 	 4832.939180559214 
27.98 	 4935.172874716507 
28.0 	 5037.628580573261 
28.02 	 5138.962630491333 
28.04 	 5238.031608045652 
28.06 	 5333.933153371215 
28.08 	 5426.023326741936 
28.1 	 5513.913721341835 
28.12 	 5597.453141824969 
28.14 	 5676.699195956397 
28.16 	 5751.884767254814 
28.18 	 5823.383389070206 
28.2 	 5891.676393276891 
28.22 	 5957.323633433099 
28.24 	 6020.9386956158005 
28.26 	 6083.168774353412 
28.28 	 6144.678703701866 
28.3 	 6206.137937072206 
28.32 	 6268.20863713611 
28.34 	 6331.532685632531 
28.36 	 6396.715635333814 
28.38 	 6464.306610456876 
28.4 	 6534.774900726906 
28.42 	 6608.486161264122 
28.44 	 6685.683117211039 
28.46 	 6766.476741536876 
28.48 	 6850.853396450751 
28.5 	 6938.701119426415 
28.52 	 7029.8543125660035 
28.54 	 7124.151289403275 
28.56 	 7221.49453777457 
28.58 	 7321.900354140301 
28.6 	 7425.523662436671 
28.62 	 7532.64585305371 
28.64 	 7643.618278238828 
28.66 	 7758.760965255082 
28.68 	 7878.224084941091 
28.7 	 8001.8274638991725 
28.72 	 8128.89969034413 
28.74 	 8258.142062336174 
28.76 	 8387.542994264259 
28.78 	 8514.365144377165 
28.8 	 8635.220499113933 
28.82 	 8746.238480253103 
28.84 	 8843.319877036363 
28.86 	 8922.45658943122 
28.88 	 8980.085709397063 
28.9 	 9013.43838290279 
28.92 	 9020.84094284757 
28.94 	 9001.929058931792 
28.96 	 8957.745160575529 
28.98 	 8890.704000052476 
29.0 	 8804.428685805211 
29.02 	 8703.47687301854 
29.04 	 8592.990987423062 
29.06 	 8478.314885770493 
29.08 	 8364.620867263926 
29.1 	 8256.585532736357 
29.12 	 8158.142128359754 
29.14 	 8072.323203880298 
29.16 	 8001.19354470732 
29.18 	 7945.861985402672 
29.2 	 7906.553594207136 
29.22 	 7882.721376430477 
29.24 	 7873.178468535989 
29.26 	 7876.2363351416125 
29.28 	 7889.839944388351 
29.3 	 7911.695668503316 
29.32 	 7939.390702763092 
29.34 	 7970.5038478380075 
29.36 	 8002.706985651125 
29.38 	 8033.855357447469 
29.4 	 8062.063754755105 
29.42 	 8085.765623797871 
29.44 	 8103.7530554008345 
29.46 	 8115.19738782529 
29.48 	 8119.652055224324 
29.5 	 8117.040664620971 
29.52 	 8107.633582313849 
29.54 	 8092.015462059732 
29.56 	 8071.044507627774 
29.58 	 8045.802522166484 
29.6 	 8017.533747737949 
29.62 	 7987.570756539576 
29.64 	 7957.2474358404 
29.66 	 7927.80212342969 
29.68 	 7900.277463609298 
29.7 	 7875.426579100151 
29.72 	 7853.636735097609 
29.74 	 7834.881161858006 
29.76 	 7818.70696457992 
29.78 	 7804.2625156499125 
29.8 	 7790.3622977982295 
29.82 	 7775.581994560948 
29.84 	 7758.372802048163 
29.86 	 7737.182223298519 
29.88 	 7710.569233480198 
29.9 	 7677.30431885717 
29.92 	 7636.448665920287 
29.94 	 7587.410639187379 
29.96 	 7529.980628039667 
29.98 	 7464.346704287873 
30.0 	 7391.0931918804035 
30.02 	 7311.182663508709 
30.04 	 7225.919944087377 
30.06 	 7136.895486640858 
30.08 	 7045.905890275461 
30.1 	 6954.8517690163635 
30.12 	 6865.617400074901 
30.14 	 6779.941655795659 
30.16 	 6699.29426455258 
30.18 	 6624.773962725176 
30.2 	 6557.044439441805 
30.22 	 6496.319703279071 
30.24 	 6442.403111444168 
30.26 	 6394.77518906492 
30.28 	 6352.716524025922 
30.3 	 6315.445560378531 
30.32 	 6282.248693140199 
30.34 	 6252.5824266288555 
30.36 	 6226.1340546512865 
30.38 	 6202.836786245112 
30.4 	 6182.84515067392 
30.42 	 6166.484383129221 
30.44 	 6154.191334463612 
30.46 	 6146.463336643718 
30.48 	 6143.82579890325 
30.5 	 6146.820770634125 
30.52 	 6156.009770251623 
30.54 	 6171.977477204821 
30.56 	 6195.320466644033 
30.58 	 6226.607914938206 
30.6 	 6266.308562685837 
30.62 	 6314.688320240111 
30.64 	 6371.693048221133 
30.66 	 6436.838455705908 
30.68 	 6509.131607470884 
30.7 	 6587.045334161425 
30.72 	 6668.558487288603 
30.74 	 6751.263374792215 
30.76 	 6832.52954116299 
30.78 	 6909.703075135254 
30.8 	 6980.314947519111 
30.82 	 7042.271456874122 
30.84 	 7094.004324067059 
30.86 	 7134.565841923076 
30.88 	 7163.6636432231035 
30.9 	 7181.637991664221 
30.92 	 7189.390486034105 
30.94 	 7188.2760674663205 
30.96 	 7179.970548323901 
30.98 	 7166.324544531631 
31.0 	 7149.21294687124 
31.02 	 7130.387947584724 
31.04 	 7111.343618986276 
31.06 	 7093.200909787567 
31.08 	 7076.622916860323 
31.1 	 7061.770400087945 
31.12 	 7048.305876659834 
31.14 	 7035.450870674119 
31.16 	 7022.095251596255 
31.18 	 7006.950915221521 
31.2 	 6988.73556857907 
31.22 	 6966.367365629775 
31.24 	 6939.148639924294 
31.26 	 6906.917543107847 
31.28 	 6870.149990143071 
31.3 	 6830.000360437283 
31.32 	 6788.276950355047 
31.34 	 6747.356080435965 
31.36 	 6710.045921432896 
31.38 	 6679.416600087889 
31.4 	 6658.616355660122 
31.42 	 6650.6941546705575 
31.44 	 6658.447275581889 
31.46 	 6684.308276180426 
31.48 	 6730.280009813842 
31.5 	 6797.920672746179 
31.52 	 6888.374033298393 
31.54 	 7002.43380908285 
31.56 	 7140.62635480577 
31.58 	 7303.293014053498 
31.6 	 7490.65312033262 
31.62 	 7702.830937407056 
31.64 	 7939.834775681279 
31.66 	 8201.483764172182 
31.68 	 8487.2865923943 
31.7 	 8796.285891504513 
31.72 	 9126.890418103281 
31.74 	 9476.723300994303 
31.76 	 9842.51687641272 
31.78 	 10220.082065121556 
31.8 	 10604.372584389304 
31.82 	 10989.652267314748 
31.84 	 11369.75911322373 
31.86 	 11738.444917535682 
31.88 	 12089.757217294387 
31.9 	 12418.423283371692 
31.92 	 12720.19546652267 
31.94 	 12992.123438485269 
31.96 	 13232.730355432024 
31.98 	 13442.084136761361 
32.0 	 13621.768807338169 
32.02 	 13774.771394565507 
32.04 	 13905.305417647776 
32.06 	 14018.592213520618 
32.08 	 14120.617314185012 
32.1 	 14217.87294834381 
32.12 	 14317.091934508007 
32.14 	 14424.974785765511 
32.16 	 14547.91179156401 
32.18 	 14691.705006552047 
32.2 	 14861.300248841657 
32.22 	 15060.544595540781 
32.24 	 15291.988651921967 
32.26 	 15556.7537193441 
32.28 	 15854.481283439549 
32.3 	 16183.376114910065 
32.32 	 16540.34540986936 
32.34 	 16921.22581140478 
32.36 	 17321.079019638753 
32.38 	 17734.526287010754 
32.4 	 18156.08381961331 
32.42 	 18580.45653169624 
32.44 	 19002.74833340773 
32.46 	 19418.55448509289 
32.48 	 19823.916046246002 
32.5 	 20215.137284556706 
32.52 	 20588.491636951905 
32.54 	 20939.86639157582 
32.56 	 21264.415647760932 
32.58 	 21556.30031549131 
32.6 	 21808.58926690038 
32.62 	 22013.376072247196 
32.64 	 22162.133044602226 
32.66 	 22246.28371146813 
32.68 	 22257.933720848123 
32.7 	 22190.66671584655 
32.72 	 22040.292959296978 
32.74 	 21805.438835440797 
32.76 	 21487.885404263918 
32.78 	 21092.600558358045 
32.8 	 20627.45537196399 
32.82 	 20102.6624271048 
32.84 	 19530.013706525053 
32.86 	 18922.021240293812 
32.88 	 18291.07131013105 
32.9 	 17648.69252109237 
32.92 	 17005.01273934835 
32.94 	 16368.445567334802 
32.96 	 15745.610612912755 
32.98 	 15141.459873668875 
33.0 	 14559.560029706923 
33.02 	 14002.469807332436 
33.04 	 13472.152687037344 
33.06 	 12970.375653143465 
33.08 	 12499.060511695918 
33.1 	 12060.571148204426 
33.12 	 11657.934047460247 
33.14 	 11294.997757158068 
33.16 	 10976.538658090192 
33.18 	 10708.315966777995 
33.2 	 10497.070283562995 
33.22 	 10350.450058934513 
33.24 	 10276.84226034146 
33.26 	 10285.080199601087 
33.28 	 10384.005064474719 
33.3 	 10581.869139230008 
33.32 	 10885.587525574 
33.34 	 11299.86944981827 
33.36 	 11826.286743244666 
33.38 	 12462.361705163803 
33.4 	 13200.774894509159 
33.42 	 14028.801424357425 
33.44 	 14928.07910994927 
33.46 	 15874.792055585844 
33.48 	 16840.319689507523 
33.5 	 17792.356696647763 
33.52 	 18696.458451166985 
33.54 	 19517.91545231386 
33.56 	 20223.81554934806 
33.58 	 20785.120736102548 
33.6 	 21178.57111678984 
33.62 	 21388.235363572185 
33.64 	 21406.55503432036 
33.66 	 21234.777029372137 
33.68 	 20882.729042079045 
33.7 	 20367.959787148455 
33.72 	 19714.330649737403 
33.74 	 18950.199902034234 
33.76 	 18106.377918166636 
33.78 	 17214.04751263297 
33.8 	 16302.836410134787 
33.82 	 15399.20095617009 
33.84 	 14525.236322977864 
33.86 	 13697.975362565989 
33.88 	 12929.183334403346 
33.9 	 12225.605955978075 
33.92 	 11589.589118131847 
33.94 	 11019.963636923878 
33.96 	 10513.078754213178 
33.98 	 10063.87278337283 
34.0 	 9666.885640574807 
34.02 	 9317.14218777095 
34.04 	 9010.863021424606 
34.06 	 8745.98635143533 
34.08 	 8522.507324786351 
34.1 	 8342.65697558289 
34.12 	 8210.95063109226 
34.14 	 8134.1351700196155 
34.16 	 8121.057435918727 
34.18 	 8182.464843835968 
34.2 	 8330.73691341033 
34.22 	 8579.536350874749 
34.24 	 8943.36315026092 
34.26 	 9436.996782152444 
34.28 	 10074.820366104846 
34.3 	 10870.035838292026 
34.32 	 11833.798303012276 
34.34 	 12974.317837916502 
34.36 	 14295.994416250714 
34.38 	 15798.662843397664 
34.4 	 17477.026861405004 
34.42 	 19320.35314268936 
34.44 	 21312.47650685065 
34.46 	 23432.138730917482 
34.48 	 25653.64783592468 
34.5 	 27947.80726501352 
34.52 	 30283.03050851127 
34.54 	 32626.53237459401 
34.56 	 34945.47845128382 
34.58 	 37207.982725651564 
34.6 	 39383.87030196924 
34.62 	 41445.1646127296 
34.64 	 43366.30979102839 
34.66 	 45124.18957620057 
34.68 	 46698.04379014191 
34.7 	 48069.40274586012 
34.72 	 49222.15311235866 
34.74 	 50142.81522152862 
34.76 	 50821.05701938564 
34.78 	 51250.40458170346 
34.8 	 51429.047267486996 
34.82 	 51360.591218926675 
34.84 	 51054.598873545896 
34.86 	 50526.76936635164 
34.88 	 49798.66284713033 
34.9 	 48896.94164976139 
34.92 	 47852.17898050699 
34.94 	 46697.35583631821 
34.96 	 45466.21568160461 
34.98 	 44191.66535119547 
35.0 	 42904.39757073206 
35.02 	 41631.86976756359 
35.04 	 40397.71487220407 
35.06 	 39221.59449307412 
35.08 	 38119.44485687381 
35.1 	 37104.020342207186 
35.12 	 36185.61341737641 
35.14 	 35372.82418470661 
35.16 	 34673.26483040528 
35.18 	 34094.10913488756 
35.2 	 33642.42910676361 
35.22 	 33325.29453162424 
35.24 	 33149.642752753745 
35.26 	 33121.95269905947 
35.28 	 33247.77757337731 
35.3 	 33531.203954238124 
35.32 	 33974.31091436605 
35.34 	 34576.70085005844 
35.36 	 35335.16405487984 
35.38 	 36243.52225913389 
35.4 	 37292.673927230106 
35.42 	 38470.838688025884 
35.44 	 39763.973421168914 
35.46 	 41156.31215897185 
35.48 	 42630.969548090616 
35.5 	 44170.54524724005 
35.52 	 45757.67437726353 
35.54 	 47375.48480813144 
35.56 	 49007.9416510245 
35.58 	 50640.0779550694 
35.6 	 52258.123886092064 
35.62 	 53849.551952218375 
35.64 	 55403.053142477314 
35.66 	 56908.45094064177 
35.68 	 58356.551896410034 
35.7 	 59738.92819110236 
35.72 	 61047.63358830187 
35.74 	 62274.87055928017 
35.76 	 63412.650595122235 
35.78 	 64452.515417273804 
35.8 	 65385.40527175001 
35.82 	 66201.76299712546 
35.84 	 66891.94301086446 
35.86 	 67446.95164934214 
35.88 	 67859.4844559681 
35.9 	 68125.15778228031 
35.92 	 68243.77081456147 
35.94 	 68220.3945575364 
35.96 	 68066.07775810237 
35.98 	 67797.9912362469 
36.0 	 67438.89871354842 
36.02 	 67015.93361752841 
36.04 	 66558.76189489795 
36.06 	 66097.30323822571 
36.08 	 65659.2519421869 
36.1 	 65267.6734507054 
36.12 	 64938.94965969709 
36.14 	 64681.30775392885 
36.16 	 64494.101274235814 
36.18 	 64367.928448766106 
36.2 	 64285.58233035295 
36.22 	 64223.73969988764 
36.24 	 64155.21909049341 
36.26 	 64051.57914469776 
36.28 	 63885.79213310289 
36.3 	 63634.71812891659 
36.32 	 63281.125945979504 
36.34 	 62815.05802502289 
36.36 	 62234.414869000924 
36.38 	 61544.73266807941 
36.4 	 60758.23308556695 
36.42 	 59892.32113519837 
36.44 	 58967.77925801113 
36.46 	 58006.93934060096 
36.48 	 57032.10175134778 
36.5 	 56064.4121318372 
36.52 	 55123.31227487318 
36.54 	 54226.56804621033 
36.56 	 53390.76620729146 
36.58 	 52632.08413026159 
36.6 	 51967.08801315029 
36.62 	 51413.31449809798 
36.64 	 50989.436234747554 
36.66 	 50714.893708381736 
36.68 	 50608.97700013203 
36.7 	 50689.44278502087 
36.72 	 50970.83569179846 
36.74 	 51462.73547144755 
36.76 	 52168.16508410809 
36.78 	 53082.369821998145 
36.8 	 54192.12046343171 
36.82 	 55475.615609411565 
36.84 	 56902.973872401344 
36.86 	 58437.2298270349 
36.88 	 60035.69097067856 
36.9 	 61651.48489316357 
36.92 	 63235.12978590954 
36.94 	 64735.99501837379 
36.96 	 66103.57412736742 
36.98 	 67288.55846572387 
37.0 	 68243.7621386744 
37.02 	 68924.99436942888 
37.04 	 69291.99376555724 
37.06 	 69309.52497284024 
37.08 	 68948.69320029662 
37.1 	 68188.46383861925 
37.12 	 67017.29583948101 
37.14 	 65434.72449273205 
37.16 	 63452.67738853226 
37.18 	 61096.28909345157 
37.2 	 58404.00204265408 
37.22 	 55426.80277136479 
37.24 	 52226.53600770401 
37.26 	 48873.35051138571 
37.28 	 45442.44259168104 
37.3 	 42010.358349948954 
37.32 	 38651.179019717245 
37.34 	 35432.935764657035 
37.36 	 32414.578116050736 
37.38 	 29643.757932079723 
37.4 	 27155.598160957234 
37.42 	 24972.506359780968 
37.44 	 23104.98171649815 
37.46 	 21553.26499532736 
37.48 	 20309.604161249114 
37.5 	 19360.861187010843 
37.52 	 18691.170202514928 
37.54 	 18284.372432181084 
37.56 	 18125.995120237512 
37.58 	 18204.60381703711 
37.6 	 18512.4328915713 
37.62 	 19045.280369452903 
37.64 	 19801.73246712898 
37.66 	 20781.852954586993 
37.68 	 21985.525752248148 
37.7 	 23410.670204831953 
37.72 	 25051.55363937008 
37.74 	 26897.404487209453 
37.76 	 28931.48443788596 
37.78 	 31130.71641314962 
37.8 	 33465.89598819104 
37.82 	 35902.44777605518 
37.84 	 38401.63482094532 
37.86 	 40922.09484516044 
37.88 	 43421.56455822289 
37.9 	 45858.65984795005 
37.92 	 48194.59954407861 
37.94 	 50394.78583193202 
37.96 	 52430.17811322204 
37.98 	 54278.414543335 
38.0 	 55924.64563189153 
38.02 	 57362.04963898672 
38.04 	 58592.0046091426 
38.06 	 59623.90143112454 
38.08 	 60474.599064799506 
38.1 	 61167.54660652541 
38.12 	 61731.62339073813 
38.14 	 62199.771776845824 
38.16 	 62607.51124023193 
38.18 	 62991.42236013629 
38.2 	 63387.674451198465 
38.22 	 63830.644548087075 
38.24 	 64351.64572282651 
38.26 	 64977.75879659921 
38.28 	 65730.75220454785 
38.3 	 66626.08534437348 
38.32 	 67672.02074505079 
38.34 	 68868.91290386912 
38.36 	 70208.78423796465 
38.38 	 71675.32607636972 
38.4 	 73244.46088056204 
38.42 	 74885.56206455224 
38.44 	 76563.34953915131 
38.46 	 78240.37200428944 
38.48 	 79879.86953709181 
38.5 	 81448.70613234419 
38.52 	 82919.99586200486 
38.54 	 84275.03727764449 
38.56 	 85504.22763363953 
38.58 	 86606.74789132665 
38.6 	 87588.9752487176 
38.62 	 88461.76654152725 
38.64 	 89236.93304604915 
38.66 	 89923.36583386213 
38.68 	 90523.34806994688 
38.7 	 91029.59374142812 
38.72 	 91423.48011708571 
38.74 	 91674.8037096993 
38.76 	 91743.2054154736 
38.78 	 91581.20418673121 
38.8 	 91138.57643453467 
38.82 	 90367.64545488551 
38.84 	 89228.92257019982 
38.86 	 87696.48422940652 
38.88 	 85762.48417314093 
38.9 	 83440.2855624064 
38.92 	 80765.84467503463 
38.94 	 77797.16757626251 
38.96 	 74611.87033254521 
38.98 	 71303.0751458556 
39.0 	 67974.04327687957 
39.02 	 64732.059588968375 
39.04 	 61682.13004873015 
39.06 	 58921.03018417313 
39.08 	 56532.157909926296 
39.1 	 54581.51612531262 
39.12 	 53115.00261512051 
39.14 	 52157.04155450955 
39.16 	 51710.4730089205 
39.18 	 51757.53721234184 
39.2 	 52261.75244254272 
39.22 	 53170.48302491926 
39.24 	 54418.01460846767 
39.26 	 55928.98173351912 
39.28 	 57622.01375317957 
39.3 	 59413.47053441144 
39.32 	 61221.127597432715 
39.34 	 62967.64747311233 
39.36 	 64583.65162904453 
39.38 	 66010.1990354477 
39.4 	 67200.49514778076 
39.42 	 68120.70514485335 
39.44 	 68749.8262689082 
39.46 	 69078.67641739173 
39.48 	 69108.16338930304 
39.5 	 68847.09158984334 
39.52 	 68309.82152676531 
39.54 	 67514.1081693456 
39.56 	 66479.4017850343 
39.58 	 65225.804068465244 
39.6 	 63773.74791866475 
39.62 	 62144.33307251714 
39.64 	 60360.12700228875 
39.66 	 58446.15411715876 
39.68 	 56430.76275685607 
39.7 	 54346.08497135805 
39.72 	 52227.88338858173 
39.74 	 50114.696882075354 
39.76 	 48046.32936682043 
39.78 	 46061.84851703703 
39.8 	 44197.350879797246 
39.82 	 42483.79132878891 
39.84 	 40945.16269032205 
39.86 	 39597.25096998021 
39.88 	 38447.097205384656 
39.9 	 37493.18838039413 
39.92 	 36726.29794334687 
39.94 	 36130.818854258636 
39.96 	 35686.38966927628 
39.98 	 35369.60960402496 
40.0 	 35155.66651775382 
40.02 	 35019.751208402275 
40.04 	 34938.188577372355 
40.06 	 34889.26827652594 
40.08 	 34853.79534367888 
40.1 	 34815.40142889196 
40.12 	 34760.66130569747 
40.14 	 34679.05322898727 
40.16 	 34562.79271381046 
40.18 	 34406.563832694126 
40.2 	 34207.1735141717 
40.22 	 33963.16204787493 
40.24 	 33674.41315430836 
40.26 	 33341.813889946185 
40.28 	 32967.01307976201 
40.3 	 32552.314086544146 
40.32 	 32100.714363954463 
40.34 	 31616.07486607949 
40.36 	 31103.373931705464 
40.38 	 30568.980137311744 
40.4 	 30020.872535625833 
40.42 	 29468.746982186894 
40.44 	 28923.972063649635 
40.46 	 28399.391883878947 
40.48 	 27909.007683119962 
40.5 	 27467.59763591443 
40.52 	 27090.347530646934 
40.54 	 26792.56093566674 
40.56 	 26589.4964167675 
40.58 	 26496.34564051059 
40.6 	 26528.32672508581 
40.62 	 26700.83006207568 
40.64 	 27029.526542123123 
40.66 	 27530.336188633555 
40.68 	 28219.161251305628 
40.7 	 29111.311316721432 
40.72 	 30220.585690332344 
40.74 	 31558.025008781573 
40.76 	 33130.393670802885 
40.78 	 34938.50120519319 
40.8 	 36975.508874897925 
40.82 	 39225.39356627999 
40.84 	 41661.751539640885 
40.86 	 44247.11837050945 
40.88 	 46932.95800479474 
40.9 	 49660.4340467397 
40.92 	 52362.022171735494 
40.94 	 54963.95718066673 
40.96 	 57389.436265239194 
40.98 	 59562.42723705613 
41.0 	 61411.863211497104 
41.02 	 62875.950080899514 
41.04 	 63906.27604895647 
41.06 	 64471.39831172363 
41.08 	 64559.59374738556 
41.1 	 64180.49932925499 
41.12 	 63365.43294933933 
41.14 	 62166.27342782713 
41.16 	 60652.88467743324 
41.18 	 58909.18631417528 
41.2 	 57028.09259537317 
41.22 	 55105.652924197246 
41.24 	 53234.81874524743 
41.26 	 51499.32192611819 
41.28 	 49968.16863933638 
41.3 	 48691.22357704238 
41.32 	 47696.280295536504 
41.34 	 46987.88904938766 
41.36 	 46548.05457249482 
41.38 	 46338.739437773474 
41.4 	 46305.9339961936 
41.42 	 46384.90229420124 
41.44 	 46506.10319540139 
41.46 	 46601.23033779351 
41.48 	 46608.81952047536 
41.5 	 46478.93574102314 
41.52 	 46176.56520102124 
41.54 	 45683.48527506859 
41.56 	 44998.54938214264 
41.58 	 44136.48464572812 
41.6 	 43125.44031428141 
41.62 	 42003.629630785945 
41.64 	 40815.46751368342 
41.66 	 39607.61711202633 
41.68 	 38425.32215467067 
41.7 	 37309.32685897395 
41.72 	 36293.58346029303 
41.74 	 35403.83450009787 
41.76 	 34657.04879464268 
41.78 	 34061.60057344996 
41.8 	 33618.020680024 
41.82 	 33320.12155639825 
41.84 	 33156.30273224226 
41.86 	 33110.87436167097 
41.88 	 33165.28325792034 
41.9 	 33299.17795255727 
41.92 	 33491.29666054458 
41.94 	 33720.19749551909 
41.96 	 33964.87028697858 
41.98 	 34205.27394278114 
42.0 	 34422.835388558335 
42.02 	 34600.93032422751 
42.04 	 34725.34745597066 
42.06 	 34784.72099626572 
42.08 	 34770.90431432144 
42.1 	 34679.25235667605 
42.12 	 34508.782048894995 
42.14 	 34262.18734598947 
42.16 	 33945.6971409024 
42.18 	 33568.77771096227 
42.2 	 33143.69461822912 
42.22 	 32684.960099976426 
42.24 	 32208.699593683777 
42.26 	 31731.974346333955 
42.28 	 31272.095929362436 
42.3 	 30845.963443558794 
42.32 	 30469.44637883018 
42.34 	 30156.82710199397 
42.36 	 29920.308675592576 
42.38 	 29769.58803993373 
42.4 	 29711.492986661073 
42.42 	 29749.68443766155 
42.44 	 29884.432729094413 
42.46 	 30112.485935277356 
42.48 	 30427.05663916239 
42.5 	 30817.957312577528 
42.52 	 31271.910387198703 
42.54 	 31773.045484596372 
42.56 	 32303.573869026055 
42.58 	 32844.602501876914 
42.6 	 33377.02294259219 
42.62 	 33882.39063712011 
42.64 	 34343.70396842335 
42.66 	 34746.00327223801 
42.68 	 35076.73731821387 
42.7 	 35325.88370767094 
42.72 	 35485.85208272925 
42.74 	 35551.23546784376 
42.76 	 35518.49713273964 
42.78 	 35385.68318643252 
42.8 	 35152.234588550906 
42.82 	 34818.941055657764 
42.84 	 34388.04145378107 
42.86 	 33863.43972573277 
42.88 	 33250.97972505177 
42.9 	 32558.710634875035 
42.92 	 31797.076926531456 
42.94 	 30978.979530658064 
42.96 	 30119.672674187805 
42.98 	 29236.478535393526 
43.0 	 28348.316339503708 
43.02 	 27475.05345275932 
43.04 	 26636.695634853422 
43.06 	 25852.44524272698 
43.08 	 25139.672520364 
43.1 	 24512.866475932387 
43.12 	 23982.65531202224 
43.14 	 23555.00603491882 
43.16 	 23230.721258311587 
43.18 	 23005.341481323278 
43.2 	 22869.529336939107 
43.22 	 22809.959251655866 
43.24 	 22810.667766513347 
43.26 	 22854.747215622843 
43.28 	 22926.20194060497 
43.3 	 23011.74491526904 
43.32 	 23102.303507803244 
43.34 	 23194.030395850667 
43.36 	 23288.676747562782 
43.38 	 23393.270438910477 
43.4 	 23519.138170382976 
43.42 	 23680.40069603103 
43.44 	 23892.13998319796 
43.46 	 24168.475067870942 
43.48 	 24520.784786218574 
43.5 	 24956.282240235185 
43.52 	 25477.085493071394 
43.54 	 26079.85331837346 
43.56 	 26755.97711225175 
43.58 	 27492.25256651461 
43.6 	 28271.906554871784 
43.62 	 29075.830709024678 
43.64 	 29883.873523148424 
43.66 	 30676.06362841177 
43.68 	 31433.671401518215 
43.7 	 32140.05631981062 
43.72 	 32781.28574233645 
43.74 	 33346.54094248891 
43.76 	 33828.344509899376 
43.78 	 34222.64866848526 
43.8 	 34528.81816987841 
43.82 	 34749.52775662964 
43.84 	 34890.57746716192 
43.86 	 34960.61425202521 
43.88 	 34970.73982518863 
43.9 	 34933.985310940574 
43.92 	 34864.64402790093 
43.94 	 34777.47340880834 
43.96 	 34686.80217860396 
43.98 	 34605.604435634654 
44.0 	 34544.62234557642 
44.02 	 34511.62829312918 
44.04 	 34510.91173699197 
44.06 	 34543.054651698985 
44.08 	 34605.024693408115 
44.1 	 34690.57276070922 
44.12 	 34790.87942281868 
44.14 	 34895.36137737157 
44.16 	 34992.53188560554 
44.18 	 35070.81192082855 
44.2 	 35119.21098007015 
44.22 	 35127.83300181932 
44.24 	 35088.20499905887 
44.26 	 34993.46386024373 
44.28 	 34838.46139518289 
44.3 	 34619.853548515915 
44.32 	 34336.22591655896 
44.34 	 33988.27826996765 
44.36 	 33579.053424212616 
44.38 	 33114.15995985392 
44.4 	 32601.912828269455 
44.42 	 32053.307032940287 
44.44 	 31481.749779063768 
44.46 	 30902.504140456487 
44.48 	 30331.837502474755 
44.5 	 29785.913904433186 
44.52 	 29279.513497308628 
44.54 	 28824.697953593222 
44.56 	 28429.562677036825 
44.58 	 28097.221864086667 
44.6 	 27825.159671363173 
44.62 	 27605.05066496593 
44.64 	 27423.107903022403 
44.66 	 27260.961693798872 
44.68 	 27097.01210730679 
44.7 	 26908.140736757676 
44.72 	 26671.619586516405 
44.74 	 26367.024442802664 
44.76 	 25977.952181168373 
44.78 	 25493.35894121626 
44.8 	 24908.37812968795 
44.82 	 24224.53911931883 
44.84 	 23449.381184392038 
44.86 	 22595.532224752853 
44.88 	 21679.387055328858 
44.9 	 20719.56552948423 
44.92 	 19735.34950754424 
44.94 	 18745.28690722715 
44.96 	 17766.112848152443 
44.98 	 16812.078863640574 
45.0 	 15894.711392465411 
45.02 	 15022.952066251204 
45.04 	 14203.576058453582 
45.06 	 13441.74991972199 
45.08 	 12741.581877467026 
45.1 	 12106.53574668259 
45.12 	 11539.619957297715 
45.14 	 11043.317635054984 
45.16 	 10619.281956577624 
45.18 	 10267.872674917695 
45.2 	 9987.645873752152 
45.22 	 9774.923715421062 
45.24 	 9623.562053921381 
45.26 	 9525.003114815916 
45.28 	 9468.653361544757 
45.3 	 9442.571133626247 
45.32 	 9434.393940353557 
45.34 	 9432.39058342891 
45.36 	 9426.49616901413 
45.38 	 9409.183379925318 
45.4 	 9376.042323931024 
45.42 	 9325.981165818797 
45.44 	 9261.01435735784 
45.46 	 9185.665815750446 
45.48 	 9106.07101554294 
45.5 	 9028.905455826245 
45.52 	 8960.29043562165 
45.54 	 8904.82710052417 
45.56 	 8864.886924423987 
45.58 	 8840.245560156965 
45.6 	 8828.094579319639 
45.62 	 8823.410705143922 
45.64 	 8819.613260769256 
45.66 	 8809.404682544524 
45.68 	 8785.670484529825 
45.7 	 8742.315369073645 
45.72 	 8674.929677275124 
45.74 	 8581.211089165949 
45.76 	 8461.104907768586 
45.78 	 8316.66632796164 
45.8 	 8151.684115595827 
45.82 	 7971.132570441777 
45.84 	 7780.5346500051455 
45.86 	 7585.322706377224 
45.88 	 7390.275259043206 
45.9 	 7199.0908931638 
45.92 	 7014.137004271021 
45.94 	 6836.38536379515 
45.96 	 6665.521854802562 
45.98 	 6500.197141595814 
46.0 	 6338.370571471115 
46.02 	 6177.69241605165 
46.04 	 6015.8699010228465 
46.06 	 5850.969798425898 
46.08 	 5681.623412496579 
46.1 	 5507.116722917506 
46.12 	 5327.36692579194 
46.14 	 5142.804020163554 
46.16 	 4954.18983660234 
46.18 	 4762.414826754538 
46.2 	 4568.313714142375 
46.22 	 4372.534633708505 
46.24 	 4175.483892274875 
46.26 	 3977.3523929385783 
46.28 	 3778.2132612357655 
46.3 	 3578.1665524707723 
46.32 	 3377.4987347401357 
46.34 	 3176.8233327647135 
46.36 	 2977.17456362521 
46.38 	 2780.036430471515 
46.4 	 2587.3029754908334 
46.42 	 2401.1782702936334 
46.44 	 2224.0346149247102 
46.46 	 2058.2526050325564 
46.48 	 1906.0666997808885 
46.5 	 1769.435367683208 
46.52 	 1649.9473913885893 
46.54 	 1548.7674887105181 
46.56 	 1466.616978460652 
46.58 	 1403.780192533182 
46.6 	 1360.1253573103031 
46.62 	 1335.1295972543514 
46.64 	 1327.9007855106909 
46.66 	 1337.1930736395884 
46.68 	 1361.4169462472146 
46.7 	 1398.6476843617183 
46.72 	 1446.6377099051422 
46.74 	 1502.838386074943 
46.76 	 1564.4357780062103 
46.78 	 1628.4031343225665 
46.8 	 1691.5709372622757 
46.82 	 1750.7136493539826 
46.84 	 1802.6509054879248 
46.86 	 1844.3598053504193 
46.88 	 1873.0939779998596 
46.9 	 1886.5040439714596 
46.92 	 1882.7529301992552 
46.94 	 1860.618318526351 
46.96 	 1819.5736259440844 
46.98 	 1759.8387246651625 
47.0 	 1682.3924967037626 
47.02 	 1588.9415147842492 
47.04 	 1481.84262787718 
47.06 	 1363.9816846180634 
47.08 	 1238.6154632222726 
47.1 	 1109.188341048192 
47.12 	 979.1385678488145 
47.14 	 851.7105917903109 
47.16 	 729.7893985608574 
47.18 	 615.7702908194382 
47.2 	 511.4733409878444 
47.22 	 418.1065536261065 
47.24 	 336.2763759187495 
47.26 	 266.0393854504866 
47.28 	 206.98539782328243 
47.3 	 158.34025167953916 
47.32 	 119.07622801227335 
47.34 	 88.01925180538791 
47.36 	 63.94431061075774 
47.38 	 45.65340575002057 
47.4 	 32.0333253155657 
47.42 	 22.09317588994411 
47.44 	 14.983650992899637 
47.46 	 10.001322008743436 
47.48 	 6.581824369404096 
47.5 	 4.28579347813167 
47.52 	 2.780953733867845 
47.54 	 1.8230659941837224 
47.56 	 1.2376596257491732 
47.58 	 0.9037403209917767 
47.6 	 0.7400522697298243 
47.62 	 0.6940174824750935 
47.64 	 0.733176502555729 
47.66 	 0.8387919404192464 
47.68 	 1.0012171590546253 
47.7 	 1.2166431953693162 
47.72 	 1.4848876386876397 
47.74 	 1.8079563119098798 
47.76 	 2.1891759405426487 
47.78 	 2.632753586577984 
47.8 	 3.143661421195934 
47.82 	 3.727771853914665 
47.84 	 4.392178906106449 
47.86 	 5.145639370598492 
47.88 	 5.999055258889905 
47.9 	 6.965901803446987 
47.92 	 8.062488201568474 
47.94 	 9.30792731553415 
47.96 	 10.72369177289997 
47.98 	 12.332652795260978 
48.0 	 14.157538393470945 
48.02 	 16.218810198253436 
48.04 	 18.532040075163057 
48.06 	 21.104961080491762 
48.08 	 23.93445995145657 
48.1 	 27.003854412138494 
48.12 	 30.280841078728468 
48.14 	 33.7164935320746 
48.16 	 37.245625584057905 
48.18 	 40.788711108785726 
48.2 	 44.255379142466474 
48.22 	 47.54930230559356 
48.24 	 50.57409747916778 
48.26 	 53.239693281337814 
48.28 	 55.46851981227602 
48.3 	 57.20086375315511 
48.32 	 58.398813260704564 
48.34 	 59.04838249065967 
48.36 	 59.1596297465094 
48.38 	 58.764830024839114 
48.4 	 57.914992223286994 
48.42 	 56.67518784946424 
48.44 	 55.11925722887742 
48.46 	 53.32447183553094 
48.48 	 51.366664364140085 
48.5 	 49.31621162103747 
48.52 	 47.23509713056677 
48.54 	 45.1751198120307 
48.56 	 43.177176975537456 
48.58 	 41.271450517002464 
48.6 	 39.47827085028724 
48.62 	 37.80942095666312 
48.64 	 36.269663623686775 
48.66 	 34.85831606552484 
48.68 	 33.57074536884589 
48.7 	 32.39970574122499 
48.72 	 31.336478068470043 
48.74 	 30.371801105715683 
48.76 	 29.496601844232977 
48.78 	 28.702542051792022 
48.8 	 27.982401215991647 
48.82 	 27.330315611817163 
48.84 	 26.74189099668437 
48.86 	 26.214203964120173 
48.88 	 25.745705185404375 
48.9 	 25.33603712434 
48.92 	 24.98577945590878 
48.94 	 24.69613718954313 
48.96 	 24.468588984489706 
48.98 	 24.304515776208518 
49.0 	 24.204831980850678 
49.02 	 24.169642648112188 
49.04 	 24.197949601219637 
49.06 	 24.287427674234408 
49.08 	 24.434288689609986 
49.1 	 24.633246030354478 
49.12 	 24.87758684101386 
49.14 	 25.15935232808149 
49.16 	 25.469619578664435 
49.18 	 25.798871023194103 
49.2 	 26.13743043981519 
49.22 	 26.475937679742678 
49.24 	 26.805828717543182 
49.26 	 27.119784002356013 
49.28 	 27.412107277622834 
49.3 	 27.678999805822965 
49.32 	 27.918701698759314 
49.34 	 28.13148267801686 
49.36 	 28.319478250950414 
49.38 	 28.486382470695677 
49.4 	 28.63702310970563 
49.42 	 28.776856956261316 
49.44 	 28.911429994462917 
49.46 	 29.04584806638667 
49.48 	 29.18429790212119 
49.5 	 29.32964705847038 
49.52 	 29.483136475430836 
49.54 	 29.644164105498692 
49.56 	 29.810145821212387 
49.58 	 29.976433627325797 
49.6 	 30.136273048265718 
49.62 	 30.280791652644886 
49.64 	 30.39902719815313 
49.66 	 30.478023097764268 
49.68 	 30.503035772567443 
49.7 	 30.457907627193695 
49.72 	 30.32565649491927 
49.74 	 30.089315293992108 
49.76 	 29.73302525148928 
49.78 	 29.243346672999923 
49.8 	 28.61070996422221 
49.82 	 27.830895040644094 
49.84 	 26.906407620415955 
49.86 	 25.847622013997995 
49.88 	 24.673583636656563 
49.9 	 23.412407297088183 
49.92 	 22.101261239782602 
49.94 	 20.78598032749255 
49.96 	 19.520391854479122 
49.98 	 18.365453179915907 
50.0 	 17.38828507900177 
50.02 	 16.661138534029348 
50.04 	 16.26026342026932 
50.06 	 16.264570120520307 
50.08 	 16.75390945614874 
50.1 	 17.806763793886137 
50.12 	 19.49716103092105 
50.14 	 21.890703869264776 
50.16 	 25.039748189869428 
50.18 	 28.977951431685444 
50.2 	 33.7146162887272 
50.22 	 39.229438471071575 
50.24 	 45.468387911135125 
50.26 	 52.34147365372843 
50.28 	 59.72304040036923 
50.3 	 67.45501676199979 
50.32 	 75.35320360271012 
50.34 	 83.21630033135845 
50.36 	 90.83697879733656 
50.38 	 98.01399499711668 
50.4 	 104.56413667415325 
50.42 	 110.33277860856249 
50.44 	 115.20196697880229 
50.46 	 119.09525862544956 
50.48 	 121.97895222123292 
50.5 	 123.85980042283808 
50.52 	 124.77971420851709 
50.54 	 124.80829996403357 
50.56 	 124.0342622609739 
50.58 	 122.55674135554499 
50.6 	 120.47754096682861 
50.62 	 117.8949682058421 
50.64 	 114.89969869505973 
50.66 	 111.57274819667879 
50.68 	 107.98532824025023 
50.7 	 104.20012916793826 
50.72 	 100.2734372539935 
50.74 	 96.25746350082055 
50.76 	 92.20233342736087 
50.78 	 88.15733772802041 
50.8 	 84.17124067759859 
50.82 	 80.29164958943915 
50.84 	 76.56362930774709 
50.86 	 73.02787303875424 
50.88 	 69.71879898155268 
50.9 	 66.66292897953825 
50.92 	 63.87783133356186 
50.94 	 61.37179519680523 
50.96 	 59.144273742742016 
50.98 	 57.18701241961258 
51.0 	 55.485687046181916 
51.02 	 54.021826199639726 
51.04 	 52.77478600365606 
51.06 	 51.723577278900564 
51.08 	 50.84840314413262 
51.1 	 50.13183465020835 
51.12 	 49.559618308135214 
51.14 	 49.12116090768251 
51.16 	 48.8097670626325 
51.18 	 48.62271200738574 
51.2 	 48.56121956134287 
51.22 	 48.63038943262554 
51.24 	 48.83908720832054 
51.26 	 49.199782233955865 
51.28 	 49.72829914861192 
51.3 	 50.44344155235995 
51.32 	 51.36645176050344 
51.34 	 52.520286966533284 
51.36 	 53.928715699643675 
51.38 	 55.61526454506608 
51.4 	 57.60206882285529 
51.42 	 59.90869785931468 
51.44 	 62.55103210379672 
51.46 	 65.54026336354111 
51.48 	 68.88207014921117 
51.5 	 72.57598877492114 
51.52 	 76.61496095271518 
51.54 	 80.98499616076283 
51.56 	 85.66485035056046 
51.58 	 90.62560140535771 
51.6 	 95.83000594631955 
51.62 	 101.23155911595094 
51.64 	 106.77325153224598 
51.66 	 112.38612125163849 
51.68 	 117.98782041733529 
51.7 	 123.48153536091138 
51.72 	 128.75568875674398 
51.74 	 133.68488543914563 
51.76 	 138.1325170044387 
51.78 	 141.9553027355026 
51.8 	 145.0098201665872 
51.82 	 147.1607905946078 
51.84 	 148.290572875151 
51.86 	 148.30903434132156 
51.88 	 147.16276488805403 
51.9 	 144.84252562496425 
51.92 	 141.38790545981962 
51.94 	 136.88840047711773 
51.96 	 131.48050666235224 
51.98 	 125.3408756114875 
52.0 	 118.67605746299928 
52.02 	 111.70977256352424 
52.04 	 104.66894905529263 
52.06 	 97.76989384787224 
52.08 	 91.20591368725786 
52.1 	 85.13748575192012 
52.12 	 79.68573388948923 
52.14 	 74.92955481796724 
52.16 	 70.90632139437514 
52.18 	 67.61572441399316 
52.2 	 65.02604231021992 
52.22 	 63.081971576139075 
52.24 	 61.713111391854035 
52.26 	 60.842258689855264 
52.28 	 60.39280877851686 
52.3 	 60.29474155722396 
52.32 	 60.48887576669892 
52.34 	 60.929270523550045 
52.36 	 61.58382853215078 
52.38 	 62.43329953752203 
52.4 	 63.468991692206096 
52.42 	 64.68957175618884 
52.44 	 66.0973732255543 
52.46 	 67.69463594053776 
52.48 	 69.48007307547435 
52.5 	 71.44610390573983 
52.52 	 73.57700697729665 
52.54 	 75.8481439975747 
52.56 	 78.22628826378772 
52.58 	 80.67097362637082 
52.6 	 83.13667344145966 
52.62 	 85.57553641078978 
52.64 	 87.94035834103765 
52.66 	 90.18746212299108 
52.68 	 92.27919306807097 
52.7 	 94.18580688630671 
52.72 	 95.8866208662471 
52.74 	 97.37039934898874 
52.76 	 98.63503603553293 
52.78 	 99.68666465040472 
52.8 	 100.53836828158867 
52.82 	 101.20866546539577 
52.84 	 101.71993318793099 
52.86 	 102.09689294126767 
52.88 	 102.36524641580715 
52.9 	 102.55051115798335 
52.92 	 102.67707869408717 
52.94 	 102.76749915549397 
52.96 	 102.84198503571943 
52.98 	 102.91811866834215 
53.0 	 103.01074024157104 
53.02 	 103.13198458126887 
53.04 	 103.29142685896893 
53.06 	 103.49629283244546 
53.08 	 103.75169147510964 
53.1 	 104.06083880280309 
53.12 	 104.425260706689 
53.14 	 104.84498608810162 
53.16 	 105.31876375102836 
53.18 	 105.84435075210247 
53.2 	 106.41892076105208 
53.22 	 107.03962584041277 
53.24 	 107.70431527431133 
53.26 	 108.41237607525643 
53.28 	 109.1656199961237 
53.3 	 109.96911073579317 
53.32 	 110.83181064280213 
53.34 	 111.76693309199486 
53.36 	 112.79191436270077 
53.38 	 113.92796175255906 
53.4 	 115.19918353997359 
53.42 	 116.6313506347551 
53.44 	 118.25037019232218 
53.46 	 120.08056291146902 
53.48 	 122.14282826979941 
53.5 	 124.45276079022307 
53.52 	 127.01875436788735 
53.54 	 129.84011063605797 
53.56 	 132.90515977085346 
53.58 	 136.18941305602135 
53.6 	 139.65379662857268 
53.62 	 143.2430616005496 
53.64 	 146.88452042271516 
53.66 	 150.48731398614873 
53.68 	 153.9424583630148 
53.7 	 157.12394342407163 
53.72 	 159.89114687374905 
53.74 	 162.09277641702005 
53.76 	 163.5724524497603 
53.78 	 164.17589198994037 
53.8 	 163.7594583327782 
53.82 	 162.19961796554364 
53.84 	 159.40262587689642 
53.86 	 155.31358049707435 
53.88 	 149.92389071795532 
53.9 	 143.27621450009326 
53.92 	 135.4660811858092 
53.94 	 126.63969516949797 
53.96 	 116.98780889989668 
53.98 	 106.73599715325338 
54.0 	 96.13209607253718 
54.02 	 85.43192092295996 
54.04 	 74.8845881632072 
54.06 	 64.71880533274353 
54.08 	 55.13135130958945 
54.1 	 46.27867516812331 
54.12 	 38.2721445199674 
54.14 	 31.1770385395275 
54.16 	 25.014973058599416 
54.18 	 19.769120776592974 
54.2 	 15.391384974167256 
54.22 	 11.81061288661906 
54.24 	 8.940985386312102 
54.26 	 6.689865797991977 
54.28 	 4.9645956547255965 
54.3 	 3.6779502502767953 
54.32 	 2.75217803767472 
54.34 	 2.121720524952145 
54.36 	 1.7348294233677226 
54.38 	 1.5543616200042891 
54.4 	 1.558044078945243 
54.42 	 1.7384688612812504 
54.44 	 2.1030140418489265 
54.46 	 2.67380056080351 
54.48 	 3.487698560543523 
54.5 	 4.596299632271442 
54.52 	 6.065683896043527 
54.54 	 7.975743927232211 
54.56 	 10.418792773837897 
54.58 	 13.497191678018682 
54.6 	 17.319792830540585 
54.62 	 21.997106030718147 
54.64 	 27.63525936256156 
54.66 	 34.3290163415196 
54.68 	 42.154308595612164 
54.7 	 51.16090982418718 
54.72 	 61.36597757850545 
54.74 	 72.74919416711016 
54.76 	 85.25013024773315 
54.78 	 98.76823798566231 
54.8 	 113.16558131279953 
54.82 	 128.2720755294705 
54.84 	 143.89269687885968 
54.86 	 159.81589562402485 
54.88 	 175.82235209140816 
54.9 	 191.69327808105294 
54.92 	 207.21767759703772 
54.94 	 222.19829922703042 
54.96 	 236.45636907924572 
54.98 	 249.83550581946437 
55.0 	 262.2054097912789 
55.02 	 273.46593000460183 
55.04 	 283.5519256963712 
55.06 	 292.43897673387926 
55.08 	 300.1495253766013 
55.1 	 306.7585490582028 
55.12 	 312.39748253098526 
55.14 	 317.25493285520463 
55.16 	 321.57283708277834 
55.18 	 325.63712619285286 
55.2 	 329.7626466254822 
55.22 	 334.2729597782875 
55.24 	 339.47654908665953 
55.26 	 345.6417469706327 
55.28 	 352.9731875791074 
55.3 	 361.5926711283653 
55.32 	 371.526934448335 
55.34 	 382.7039898813863 
55.36 	 394.95854103774764 
55.38 	 408.0457034089273 
55.4 	 421.6610842192781 
55.42 	 435.46443466461386 
55.44 	 449.1037454945928 
55.46 	 462.23688025457 
55.48 	 474.548575354548 
55.5 	 485.7617155491975 
55.52 	 495.64297378248483 
55.54 	 504.003922495833 
55.56 	 510.69936071730416 
55.58 	 515.6247373529411 
55.6 	 518.7141935225759 
55.62 	 519.9400263101564 
55.64 	 519.3135103323348 
55.66 	 516.8862469970657 
55.68 	 512.7507517568943 
55.7 	 507.0389543086288 
55.72 	 499.9176756708936 
55.74 	 491.58084762175423 
55.76 	 482.2390646105293 
55.78 	 472.1077907984539 
55.8 	 461.39599941870273 
55.82 	 450.2970849999528 
55.84 	 438.98354296266973 
55.86 	 427.6062304045524 
55.88 	 416.29815139893515 
55.9 	 405.18182927966734 
55.92 	 394.3786125004578 
55.94 	 384.017847469846 
55.96 	 374.2438186261174 
55.98 	 365.21870987257 
56.0 	 357.1205210492385 
56.02 	 350.1357610819734 
56.04 	 344.4476822616754 
56.06 	 340.22165249918515 
56.08 	 337.5898341506992 
56.1 	 336.6375397297553 
56.12 	 337.3934191034046 
56.14 	 339.82502656362686 
56.16 	 343.8404208244501 
56.18 	 349.29542803611986 
56.2 	 356.00524128042724 
56.22 	 363.75832899168677 
56.24 	 372.3303244593761 
56.26 	 381.49573675372017 
56.28 	 391.03593165765903 
56.3 	 400.7427561805457 
56.32 	 410.41822633921106 
56.34 	 419.8716372397561 
56.36 	 428.9160762201306 
56.38 	 437.3664775828732 
56.4 	 445.04100405321464 
56.42 	 451.7667407405089 
56.44 	 457.38960792274895 
56.46 	 461.78727131498107 
56.48 	 464.882900590274 
56.5 	 466.6571086947397 
56.52 	 467.15542169805656 
56.54 	 466.48919554694834 
56.56 	 464.82891130896934 
56.58 	 462.3900505795604 
56.6 	 459.41303273581264 
56.62 	 456.1397412654158 
56.64 	 452.7897837603351 
56.66 	 449.5397137637287 
56.68 	 446.5079921686252 
56.7 	 443.74758027581447 
56.72 	 441.24690800250755 
56.74 	 438.93875504815304 
56.76 	 436.71551749770754 
56.78 	 434.4485603990331 
56.8 	 432.00896475982086 
56.82 	 429.28697976346456 
56.84 	 426.2078405782486 
56.86 	 422.7422202352313 
56.88 	 418.9103442068138 
56.9 	 414.77960472588154 
56.92 	 410.45628023517935 
56.94 	 406.0726249434133 
56.96 	 401.7710926835874 
56.98 	 397.68775863652405 
57.0 	 393.9370716681645 
57.02 	 390.59988987876557 
57.04 	 387.71632182858184 
57.06 	 385.28424367262335 
57.08 	 383.2635525878484 
57.1 	 381.58535157061664 
57.12 	 380.16447040535877 
57.14 	 378.91315104998944 
57.16 	 377.75348222167094 
57.18 	 376.6263291212057 
57.2 	 375.49507186319636 
57.22 	 374.3433641214302 
57.24 	 373.16720632361375 
57.26 	 371.9627058493876 
57.28 	 370.7117727166335 
57.3 	 369.36850740468003 
57.32 	 367.8490769416915 
57.34 	 366.0274300771822 
57.36 	 363.73834296437326 
57.38 	 360.78815546678754 
57.4 	 356.9723402385375 
57.42 	 352.0979359200733 
57.44 	 346.00804143181864 
57.46 	 338.6051299208882 
57.48 	 329.8699542563492 
57.5 	 319.8732714308205 
57.52 	 308.7784437316335 
57.54 	 296.83406984025464 
57.56 	 284.3570222865233 
57.58 	 271.70747158535136 
57.6 	 259.25851819115275 
57.62 	 247.3638033066781 
57.64 	 236.32682803811767 
57.66 	 226.37561520812807 
57.68 	 217.64578597124918 
57.7 	 210.17413785261672 
57.72 	 203.90350554442713 
57.74 	 198.69821905927498 
57.76 	 194.36804316853082 
57.78 	 190.69729847525684 
57.8 	 187.47511954234355 
57.82 	 184.5226365366249 
57.84 	 181.7133274652651 
57.86 	 178.98383105016387 
57.88 	 176.3339879484825 
57.9 	 173.81656193440202 
57.92 	 171.51871009195324 
57.94 	 169.53855215195475 
57.96 	 167.96091558369713 
57.98 	 166.83637911015768 
58.0 	 166.16709415418697 
58.02 	 165.90164276285944 
58.04 	 165.93960439589668 
58.06 	 166.14482858055305 
58.08 	 166.3649357643024 
58.1 	 166.4535468660991 
58.12 	 166.29134287275025 
58.14 	 165.80233778876473 
58.16 	 164.96264974002133 
58.18 	 163.8004074871394 
58.2 	 162.38698936494322 
58.22 	 160.82128448490968 
58.24 	 159.20983583981555 
58.26 	 157.6463779451206 
58.28 	 156.19431812315636 
58.3 	 154.875139122226 
58.32 	 153.66463346525495 
58.34 	 152.497509575659 
58.36 	 151.27947463870612 
58.38 	 149.9046415615524 
58.4 	 148.27523300600959 
58.42 	 146.32020073644586 
58.44 	 144.00959057204406 
58.46 	 141.36221505847607 
58.48 	 138.44531700519067 
58.5 	 135.36622668407662 
58.52 	 132.25731552311137 
58.54 	 129.25661949057394 
58.56 	 126.48717770655001 
58.58 	 124.03830561747931 
58.6 	 121.95167935863905 
58.62 	 120.21431452546763 
58.64 	 118.75941581187229 
58.66 	 117.47483903911065 
58.68 	 116.21774587766893 
58.7 	 114.83312911792692 
58.72 	 113.17338056864145 
58.74 	 111.11603321518334 
58.76 	 108.5772235345091 
58.78 	 105.51920267259193 
58.8 	 101.9512316414224 
58.82 	 97.92424900874596 
58.84 	 93.52062302456937 
58.86 	 88.8409481944329 
58.88 	 83.99012898582556 
58.9 	 79.06488951538104 
58.92 	 74.14440537217847 
58.94 	 69.28507569364525 
58.96 	 64.51967685965329 
58.98 	 59.860405934588925 
59.0 	 55.3047534713317 
59.02 	 50.84282121238106 
59.04 	 46.464648111425745 
59.06 	 42.166303688720625 
59.08 	 37.953885333455055 
59.1 	 33.845025901568974 
59.12 	 29.867985641692663 
59.14 	 26.058787782138104 
59.16 	 22.45710653469899 
59.18 	 19.101709040643364 
59.2 	 16.02619945047803 
59.22 	 13.25564850567193 
59.24 	 10.80446366731382 
59.26 	 8.675613022025923 
59.28 	 6.861103326135758 
59.3 	 5.3434572679821555 
59.32 	 4.097849914388869 
59.34 	 3.0945471801392364 
59.36 	 2.3013268996498217 
59.38 	 1.6856366204759343 
59.4 	 1.2163314362750226 
59.42 	 0.864922633011539 
59.44 	 0.6063412611033347 
59.46 	 0.41927333257612553 
59.48 	 0.28615373635803804 
59.5 	 0.192916595294297 
59.52 	 0.12859533939484505 
59.54 	 0.08485168136113988 
59.56 	 0.0554940118098833 
59.58 	 0.03602647839707731 
59.6 	 0.02325284825106266 
59.62 	 0.014945587741573759 
59.64 	 0.009580827800077851 
59.66 	 0.006133730089845986 
59.68 	 0.0039255663768705444 
59.7 	 0.0025127789919088318 
59.72 	 0.0016086515336903074 
59.74 	 0.001029363539238376 
59.76 	 0.0006576713187470889 
59.78 	 0.00041894679495089646 
59.8 	 0.0002656439158073697 
59.82 	 0.00016737039611221328 
59.84 	 0.00010460634797415476 
59.86 	 6.475197368622098e-05 
59.88 	 3.964165949727588e-05 
59.9 	 2.3973143283784366e-05 
59.92 	 1.4306228175787663e-05 
59.94 	 8.417468759816676e-06 
59.96 	 4.879677760303554e-06 
59.98 	 2.785539144440348e-06 
