0.0 	 0.28592613860915894 
0.02 	 0.3691400346056038 
0.04 	 0.4181538950761406 
0.06 	 0.47619221215472657 
0.08 	 0.513856824888112 
0.1 	 0.5568195369463905 
0.12 	 0.5897789320640657 
0.14 	 0.6199946922408469 
0.16 	 0.6477303817949159 
0.18 	 0.6621095497748664 
0.2 	 0.6798511488469607 
0.22 	 0.6735661365823191 
0.24 	 0.6742453723332221 
0.26 	 0.6454896702027233 
0.28 	 0.6259365685480132 
0.3 	 0.5816688585520722 
0.32 	 0.5487904105923892 
0.34 	 0.5028655488793246 
0.36 	 0.46907898091439965 
0.38 	 0.431898448529803 
0.4 	 0.4048243963088706 
0.42 	 0.3782432390740822 
0.44 	 0.35843875731996483 
0.46 	 0.33937146402703156 
0.48 	 0.3243007476387585 
0.5 	 0.30919658807464023 
0.52 	 0.29646391344509393 
0.54 	 0.283166454475542 
0.56 	 0.27156435872079393 
0.58 	 0.25938508848046454 
0.6 	 0.24874356853173257 
0.62 	 0.23784983975892915 
0.64 	 0.22846591481487635 
0.66 	 0.21917698022986057 
0.68 	 0.2112643669309039 
0.7 	 0.20359419284617067 
0.72 	 0.1970127626671092 
0.74 	 0.1905862749219328 
0.76 	 0.18489342422028612 
0.78 	 0.17913861546864077 
0.8 	 0.17381783973685683 
0.82 	 0.16823138274689217 
0.84 	 0.16291444553526566 
0.86 	 0.15723914844454256 
0.88 	 0.15181034039730168 
0.9 	 0.14606050572735596 
0.92 	 0.14062178575037307 
0.94 	 0.13497903469445074 
0.96 	 0.12972214522672532 
0.98 	 0.12437872475954874 
1.0 	 0.11944512130908035 
1.02 	 0.11448259859476072 
1.04 	 0.10988388282348807 
1.06 	 0.1052398291437253 
1.08 	 0.10086582465357173 
1.1 	 0.09638473633691805 
1.12 	 0.09207568361852723 
1.14 	 0.08760036887742888 
1.16 	 0.0832349949578506 
1.18 	 0.07868776348519327 
1.2 	 0.07424447634421878 
1.22 	 0.069664618908203 
1.24 	 0.06523433632329409 
1.26 	 0.060763332132293214 
1.28 	 0.056515622118461964 
1.3 	 0.05234340963392155 
1.32 	 0.04846521090114853 
1.34 	 0.044763610025586334 
1.36 	 0.041397339602442615 
1.38 	 0.038267112287401435 
1.4 	 0.03547069409891253 
1.42 	 0.03291841427396597 
1.44 	 0.030657190762622095 
1.46 	 0.028603822480567757 
1.48 	 0.026770885154840808 
1.5 	 0.02508306038520611 
1.52 	 0.02353627072563606 
1.54 	 0.02206685385878911 
1.56 	 0.020668967642485127 
1.58 	 0.019294344531209474 
1.6 	 0.017945046973231814 
1.62 	 0.016590066956990376 
1.64 	 0.015242925244731125 
1.66 	 0.013888896916322965 
1.68 	 0.01255099757317547 
1.7 	 0.01122699045852209 
1.72 	 0.009943834314296617 
1.74 	 0.008706163215477012 
1.76 	 0.00753841708365944 
1.78 	 0.006446324690990243 
1.8 	 0.005446906001565366 
1.82 	 0.004542719465011569 
1.84 	 0.003741400617349714 
1.86 	 0.0030405260497966286 
1.88 	 0.0024392766579595065 
1.9 	 0.0019307624683214506 
1.92 	 0.0015084471951199445 
1.94 	 0.0011628786226610202 
1.96 	 0.000884965452018055 
1.98 	 0.000664851739737817 
2.0 	 0.0004934415953483806 
2.02 	 0.00036208839312328907 
2.04 	 0.0002631997598000842 
2.06 	 0.00019013011298840262 
2.08 	 0.00013733475879587091 
2.1 	 0.00010026802019882494 
2.12 	 7.53441248295063e-05 
2.14 	 5.9820275198409505e-05 
2.16 	 5.170039296461603e-05 
2.18 	 4.9628155445909034e-05 
2.2 	 5.279707863341324e-05 
2.22 	 6.0872176439712954e-05 
2.24 	 7.392623422590104e-05 
2.26 	 9.239198469672019e-05 
2.28 	 0.00011701916512761125 
2.3 	 0.0001488475497137829 
2.32 	 0.00018916518407604234 
2.34 	 0.00023949026433670877 
2.36 	 0.00030150200671950455 
2.38 	 0.0003770279587826068 
2.4 	 0.0004679107717218784 
2.42 	 0.0005760204129287482 
2.44 	 0.00070300930068508 
2.46 	 0.0008504100974277392 
2.48 	 0.001019215686290638 
2.5 	 0.001210181800844243 
2.52 	 0.0014231453437945356 
2.54 	 0.0016577129320634444 
2.56 	 0.0019122019979383941 
2.58 	 0.002184931248252889 
2.6 	 0.002472642601222515 
2.62 	 0.002772582927812441 
2.64 	 0.003080261460971999 
2.66 	 0.0033924095903524413 
2.68 	 0.0037039731654779483 
2.7 	 0.004011884125282275 
2.72 	 0.004311291140485529 
2.74 	 0.004599931452593717 
2.76 	 0.004873745636746496 
2.78 	 0.005131554545227983 
2.8 	 0.005370335316846147 
2.82 	 0.00558990174938872 
2.84 	 0.005788189490675918 
2.86 	 0.005965681140648228 
2.88 	 0.006121040206693914 
2.9 	 0.006255075440506394 
2.92 	 0.006366995296512858 
2.94 	 0.006457749811028971 
2.96 	 0.006527085824610739 
2.98 	 0.00657614436021254 
3.0 	 0.006605403374251228 
3.02 	 0.006616458136278132 
3.04 	 0.006610839088711666 
3.06 	 0.006590971632185236 
3.08 	 0.006559739244804518 
3.1 	 0.006520711717570341 
3.12 	 0.006478192561461585 
3.14 	 0.006436922368802968 
3.16 	 0.006402236239612303 
3.18 	 0.0063795840613256605 
3.2 	 0.006374369816881401 
3.22 	 0.006391758927218089 
3.24 	 0.006435798040590945 
3.26 	 0.0065100601899572815 
3.28 	 0.006615735328076129 
3.3 	 0.006753647865913013 
3.32 	 0.006921129700817164 
3.34 	 0.007115787433612951 
3.36 	 0.007331105035914461 
3.38 	 0.007562021036613925 
3.4 	 0.007799376418674539 
3.42 	 0.008036925701594859 
3.44 	 0.008264964280858945 
3.46 	 0.008477966120438808 
3.48 	 0.008667952082423748 
3.5 	 0.00883170184107682 
3.52 	 0.00896455865869129 
3.54 	 0.009066244700288325 
3.56 	 0.009135751913230404 
3.58 	 0.009175189553712642 
3.6 	 0.00918619861826365 
3.62 	 0.009171795442704404 
3.64 	 0.009134480931070183 
3.66 	 0.009076455468673887 
3.68 	 0.00899939798678647 
3.7 	 0.008903534339365977 
3.72 	 0.00878898243948099 
3.74 	 0.008653958926130408 
3.76 	 0.008497581210180887 
3.78 	 0.00831716856518691 
3.8 	 0.00811237626863127 
3.82 	 0.00788133003890533 
3.84 	 0.007625884195598197 
3.86 	 0.007346395442991471 
3.88 	 0.00704775622313828 
3.9 	 0.006732959214844004 
3.92 	 0.006409433127842205 
3.94 	 0.006081980210979678 
3.96 	 0.005758918994427854 
3.98 	 0.00544523398151721 
4.0 	 0.0051481314149048355 
4.02 	 0.004871173379827125 
4.04 	 0.004619020685238817 
4.06 	 0.0043929890289168775 
4.08 	 0.004194904940881427 
4.1 	 0.0040241210459600815 
4.12 	 0.0038805072106781135 
4.14 	 0.003762689647157011 
4.16 	 0.0036702477598123335 
4.18 	 0.0036028731539731154 
4.2 	 0.003561847315664536 
4.22 	 0.003549905806754624 
4.24 	 0.003571995444748351 
4.26 	 0.003635788277003639 
4.28 	 0.0037514923209771974 
4.3 	 0.003933160950671433 
4.32 	 0.0041968916231948025 
4.34 	 0.004563445755930216 
4.36 	 0.005053433627310058 
4.38 	 0.005692650857100882 
4.4 	 0.006501630332816548 
4.42 	 0.007507061558387169 
4.44 	 0.008721036347106359 
4.46 	 0.01016537632102315 
4.48 	 0.011832708631170379 
4.5 	 0.013735082194806634 
4.52 	 0.015835207814445158 
4.54 	 0.01813436471266786 
4.56 	 0.020559981266465955 
4.58 	 0.023106961716502523 
4.6 	 0.025670942511574507 
4.62 	 0.028248635810770986 
4.64 	 0.030717098052306224 
4.66 	 0.033082821535986684 
4.68 	 0.03522419667473118 
4.7 	 0.03716139343206894 
4.72 	 0.03879476861905002 
4.74 	 0.040156535555433116 
4.76 	 0.041183932369964774 
4.78 	 0.041915391791118015 
4.8 	 0.04233022159357793 
4.82 	 0.042465951315519994 
4.84 	 0.04233948043788197 
4.86 	 0.041981850974472025 
4.88 	 0.041436956584994175 
4.9 	 0.04072703241293187 
4.92 	 0.039910946640281185 
4.94 	 0.03900332978689845 
4.96 	 0.03806799835609128 
4.98 	 0.0371156948355764 
5.0 	 0.03620821265031883 
5.02 	 0.03535696221542737 
5.04 	 0.03461694740804418 
5.06 	 0.034003985948323504 
5.08 	 0.03356205730886641 
5.1 	 0.03331316674174486 
5.12 	 0.03328501768027586 
5.14 	 0.03350528507372241 
5.16 	 0.03397840115718694 
5.18 	 0.03473557139762608 
5.2 	 0.03574990676161509 
5.22 	 0.03705405283982769 
5.24 	 0.03858306523577994 
5.26 	 0.04037098292955863 
5.28 	 0.042312849770925094 
5.3 	 0.04444714195734619 
5.32 	 0.046634692533382364 
5.34 	 0.04892371884645633 
5.36 	 0.05115506065848898 
5.38 	 0.053391984448844985 
5.4 	 0.055475301353102795 
5.42 	 0.05748657884004359 
5.44 	 0.0592867781229509 
5.46 	 0.060976429125877994 
5.48 	 0.062450417763531045 
5.5 	 0.06382720771692038 
5.52 	 0.0650376462591891 
5.54 	 0.06621667141018964 
5.56 	 0.06731940738987766 
5.58 	 0.06849634997102626 
5.6 	 0.06970382371822169 
5.62 	 0.07110868278350485 
5.64 	 0.07263993285760151 
5.66 	 0.07448542741506624 
5.68 	 0.0765200888584047 
5.7 	 0.07896394928422848 
5.72 	 0.08161805347849663 
5.74 	 0.08475411123186329 
5.76 	 0.08808712399323732 
5.78 	 0.09196820760617755 
5.8 	 0.09601713397670493 
5.82 	 0.10069927951926057 
5.84 	 0.1055239814846146 
5.86 	 0.11111265307662219 
5.88 	 0.11683138943005075 
5.9 	 0.12350819176731073 
5.92 	 0.13030375845872685 
5.94 	 0.1383155697330874 
5.96 	 0.14639981223357248 
5.98 	 0.15600245787805742 
6.0 	 0.16554253752970138 
6.02 	 0.17691045158947868 
6.04 	 0.18794308463458922 
6.06 	 0.20107957385538083 
6.08 	 0.2134562137378657 
6.1 	 0.22814860937898157 
6.12 	 0.2415458564844643 
6.14 	 0.25739153136452453 
6.16 	 0.2713856160262947 
6.18 	 0.2878774479674353 
6.2 	 0.3020454143649551 
6.22 	 0.3186753433400265 
6.24 	 0.3326753796992043 
6.26 	 0.3490089846981227 
6.28 	 0.3626085513813639 
6.3 	 0.3782984805749682 
6.32 	 0.3913434630636394 
6.34 	 0.4060754434443926 
6.36 	 0.4184138703340015 
6.38 	 0.43181000048942964 
6.4 	 0.4431983804512516 
6.42 	 0.4547306839926814 
6.44 	 0.46476119772445773 
6.46 	 0.4737427380270946 
6.48 	 0.4818380657023232 
6.5 	 0.487552846223477 
6.52 	 0.4930834291615089 
6.54 	 0.4950815325906529 
6.56 	 0.497643148737801 
6.58 	 0.4961338068781834 
6.6 	 0.49591975022591167 
6.62 	 0.49203113895886547 
6.64 	 0.490042915157112 
6.66 	 0.4856287862325544 
6.68 	 0.4834202674463781 
6.7 	 0.48034680860200446 
6.72 	 0.4793466290275108 
6.74 	 0.47868760605296523 
6.76 	 0.47958504661881474 
6.78 	 0.4812738121363383 
6.8 	 0.48387022112036715 
6.82 	 0.48691501046727886 
6.84 	 0.490374370668719 
6.86 	 0.49334163867059017 
6.88 	 0.4965528259181101 
6.9 	 0.49803869938349554 
6.92 	 0.49992973718516115 
6.94 	 0.4989277535125365 
6.96 	 0.4987275940637448 
6.98 	 0.4948807656362849 
7.0 	 0.49233003784789287 
7.02 	 0.4860149694706016 
7.04 	 0.48144656196424035 
7.06 	 0.4736175534215144 
7.08 	 0.46781851637906474 
7.1 	 0.4596467706433024 
7.12 	 0.4535482929974786 
7.14 	 0.4460480618442647 
7.16 	 0.4404342415255996 
7.18 	 0.4342790185756784 
7.2 	 0.4296734563261006 
7.22 	 0.42523882210735353 
7.24 	 0.42196124784884786 
7.26 	 0.41947024055830257 
7.28 	 0.4177435366169253 
7.3 	 0.41737325532179387 
7.32 	 0.41738095926484625 
7.34 	 0.4192761574294141 
7.36 	 0.4211527379360868 
7.38 	 0.42537878689020014 
7.4 	 0.42917348024329666 
7.42 	 0.43566887113509917 
7.44 	 0.4413276176537496 
7.46 	 0.44989103586071616 
7.48 	 0.45727052531925244 
7.5 	 0.46757912212563285 
7.52 	 0.4764786457207755 
7.54 	 0.48811428858517564 
7.56 	 0.49830311046762676 
7.58 	 0.5107653359533827 
7.6 	 0.5219893285864026 
7.62 	 0.5346834340180247 
7.64 	 0.5466415187688864 
7.66 	 0.5588371219060038 
7.68 	 0.5711199885140594 
7.7 	 0.5818801332011406 
7.72 	 0.5938643184572591 
7.74 	 0.6019559314413486 
7.76 	 0.6126557826416514 
7.78 	 0.6164798756404057 
7.8 	 0.6243960096974663 
7.82 	 0.6220304438454891 
7.84 	 0.6251179296212106 
7.86 	 0.6146366928468336 
7.88 	 0.6106337528025764 
7.9 	 0.5908637900095364 
7.92 	 0.578208765127413 
7.94 	 0.5497941331609522 
7.96 	 0.528890176425774 
7.98 	 0.49489863741956247 
8.0 	 0.46866515301967043 
8.02 	 0.43375730000686613 
8.04 	 0.40649118273361634 
8.06 	 0.3748708379739977 
8.08 	 0.3501415513060876 
8.1 	 0.32395126589726886 
8.12 	 0.3033589188160563 
8.14 	 0.28263391680249295 
8.16 	 0.2660683906575397 
8.18 	 0.24970988298772423 
8.2 	 0.23628614710844895 
8.22 	 0.22302307810857236 
8.24 	 0.21182959338069834 
8.26 	 0.20071117063010163 
8.28 	 0.1911270941360554 
8.3 	 0.18160888607743306 
8.32 	 0.17331611520252185 
8.34 	 0.1651494470751817 
8.36 	 0.15802370411567312 
8.38 	 0.15111268508883025 
8.4 	 0.14511575510867203 
8.42 	 0.13942088814910272 
8.44 	 0.13454018580428087 
8.46 	 0.13003757286083586 
8.48 	 0.1262648742825745 
8.5 	 0.1229326567330959 
8.52 	 0.12025196170741251 
8.54 	 0.11805198135875856 
8.56 	 0.11641376489401423 
8.58 	 0.11525549920892185 
8.6 	 0.11453712478640195 
8.62 	 0.11423542185321202 
8.64 	 0.11420746989544477 
8.66 	 0.11445924155254386 
8.68 	 0.11478165542071563 
8.7 	 0.11518185545364105 
8.72 	 0.11544077342072355 
8.74 	 0.1155398629679876 
8.76 	 0.11531661359084391 
8.78 	 0.11470324291078797 
8.8 	 0.11365416109920798 
8.82 	 0.11203774795066053 
8.84 	 0.10996181460836064 
8.86 	 0.10723122124273049 
8.88 	 0.10410835641215486 
8.9 	 0.10035118248032929 
8.92 	 0.0963426134920147 
8.94 	 0.09182123870479086 
8.96 	 0.08723293021897716 
8.98 	 0.08232571411586291 
9.0 	 0.0775454189287193 
9.02 	 0.07267093089960282 
9.04 	 0.06809632131809915 
9.06 	 0.06364154910326882 
9.08 	 0.05961795287043076 
9.1 	 0.05588701653135449 
9.12 	 0.052667697982005775 
9.14 	 0.04985795657114246 
9.16 	 0.047590061079508 
9.18 	 0.04579187806045101 
9.2 	 0.0445215472320117 
9.22 	 0.04373086356164716 
9.24 	 0.04341626515348203 
9.26 	 0.043548684300225626 
9.28 	 0.044072141346333464 
9.3 	 0.04497331758246914 
9.32 	 0.04615128821962373 
9.34 	 0.04760674297497298 
9.36 	 0.049203339711791465 
9.38 	 0.050955458793991555 
9.4 	 0.052706335911548066 
9.42 	 0.0544841140819178 
9.44 	 0.05613245931271222 
9.46 	 0.05769253521166946 
9.48 	 0.05903165083211472 
9.5 	 0.060202071803968374 
9.52 	 0.061114053743442504 
9.54 	 0.061828450849251135 
9.56 	 0.06230726278332765 
9.58 	 0.0626172754854734 
9.6 	 0.06276637299874804 
9.62 	 0.06282384509569564 
9.64 	 0.06282343998560039 
9.66 	 0.06283172590429907 
9.68 	 0.06288013901723771 
9.7 	 0.06302612876567536 
9.72 	 0.06327273979942688 
9.74 	 0.0636641164933817 
9.76 	 0.06416168582273085 
9.78 	 0.06479869331630247 
9.8 	 0.06550066011147879 
9.82 	 0.06630089753730344 
9.84 	 0.06711107943674512 
9.86 	 0.06798182500965354 
9.88 	 0.06883778305002627 
9.9 	 0.06976490898070431 
9.92 	 0.07071593312518673 
9.94 	 0.07182467935416754 
9.96 	 0.073061287069504 
9.98 	 0.07461021645306155 
10.0 	 0.07641873292545884 
10.02 	 0.07871599187096098 
10.04 	 0.08136709574960103 
10.06 	 0.08463888994017407 
10.08 	 0.08825796630136754 
10.1 	 0.09252971578975108 
10.12 	 0.09701247255841229 
10.14 	 0.10205920713306228 
10.16 	 0.10707217760456283 
10.18 	 0.11245712853607083 
10.2 	 0.11751647567344767 
10.22 	 0.1226947479594889 
10.24 	 0.12728387478426262 
10.26 	 0.13172937466836027 
10.28 	 0.13541371415442785 
10.3 	 0.13873367805704054 
10.32 	 0.141247716732885 
10.34 	 0.14326349965184682 
10.36 	 0.14456015085866855 
10.38 	 0.14534244054946385 
10.4 	 0.14560012673439557 
10.42 	 0.14545158025366084 
10.44 	 0.14503559740234997 
10.46 	 0.1444212617719039 
10.48 	 0.14380254997013336 
10.5 	 0.1432422559580914 
10.52 	 0.14289083476469333 
10.54 	 0.14284301282844866 
10.56 	 0.14312690103307743 
10.58 	 0.14389928404007202 
10.6 	 0.14502101218784944 
10.62 	 0.14673384617458668 
10.64 	 0.14872175128848042 
10.66 	 0.15132765948296636 
10.68 	 0.15407622025144763 
10.7 	 0.15741963650584676 
10.72 	 0.16075541972996443 
10.74 	 0.1646436443942199 
10.76 	 0.1683888209616648 
10.78 	 0.17264857483966334 
10.8 	 0.17666116812549473 
10.82 	 0.18116495447377348 
10.84 	 0.18534776935017477 
10.86 	 0.19000767651494646 
10.88 	 0.19429033433430384 
10.9 	 0.19902855271664166 
10.92 	 0.20333554646922827 
10.94 	 0.2080476238884829 
10.96 	 0.21226788026648588 
10.98 	 0.21679489925715945 
11.0 	 0.22076494551721115 
11.02 	 0.2248852602536742 
11.04 	 0.2283912401086624 
11.06 	 0.2318347262692265 
11.08 	 0.2346322055912468 
11.1 	 0.23711406387238645 
11.12 	 0.23896147591744074 
11.14 	 0.24022979217033386 
11.16 	 0.2409308565815196 
11.18 	 0.2408205880078353 
11.2 	 0.24027028006813134 
11.22 	 0.23875385475702274 
11.24 	 0.23697965857769288 
11.26 	 0.23420130651159562 
11.28 	 0.23138800540297888 
11.3 	 0.22766864207069906 
11.32 	 0.2241546869958099 
11.34 	 0.21995966036982756 
11.36 	 0.21619876359313298 
11.38 	 0.21207076903018468 
11.4 	 0.20856200495505078 
11.42 	 0.2050311395659299 
11.44 	 0.20223040212530197 
11.46 	 0.1997196758012921 
11.48 	 0.1979527087731771 
11.5 	 0.196701022873291 
11.52 	 0.19610229561944814 
11.54 	 0.1961270419408938 
11.56 	 0.19662547146707463 
11.58 	 0.1977389496486684 
11.6 	 0.1990974698577136 
11.62 	 0.20097454872896373 
11.64 	 0.20287095458237311 
11.66 	 0.2051477097046028 
11.68 	 0.20727020140987268 
11.7 	 0.2096434621448283 
11.72 	 0.2117712618502704 
11.74 	 0.214068164861538 
11.76 	 0.21611173168158573 
11.78 	 0.21830333228457915 
11.8 	 0.22028656362718269 
11.82 	 0.222431815402586 
11.84 	 0.2244138532658714 
11.86 	 0.22654474188539875 
11.88 	 0.22850463768819818 
11.9 	 0.23049510278352536 
11.92 	 0.23222748953642683 
11.94 	 0.23370747297496106 
11.96 	 0.23478049414873828 
11.98 	 0.235144025328803 
12.0 	 0.23494633812159268 
12.02 	 0.2334664745210823 
12.04 	 0.23133824874606476 
12.06 	 0.22736604706313066 
12.08 	 0.22278885772991194 
12.1 	 0.21598801522047395 
12.12 	 0.20879269502286693 
12.14 	 0.1993361528243472 
12.16 	 0.18985873542434648 
12.18 	 0.17849197411082168 
12.2 	 0.16758349512384216 
12.22 	 0.1554820799464854 
12.24 	 0.14431621251625326 
12.26 	 0.13276608823500818 
12.28 	 0.12250864198259451 
12.3 	 0.112560366266506 
12.32 	 0.10407083182966803 
12.34 	 0.09633909596625911 
12.36 	 0.09004590067800544 
12.38 	 0.08471063552045166 
12.4 	 0.08066450022983529 
12.42 	 0.07759723491750613 
12.44 	 0.07560386393580759 
12.46 	 0.07450729606601925 
12.48 	 0.07424481454919638 
12.5 	 0.0747450555647611 
12.52 	 0.0758342093643111 
12.54 	 0.07752765065394408 
12.56 	 0.07957104427339533 
12.58 	 0.08205416421579116 
12.6 	 0.08466959784649657 
12.62 	 0.08757189998463026 
12.64 	 0.09042903372341858 
12.66 	 0.09344895246198535 
12.68 	 0.09630082176674204 
12.7 	 0.09923021016316455 
12.72 	 0.10192436700665372 
12.74 	 0.10464638242321433 
12.76 	 0.10710658248397925 
12.78 	 0.10956336525300722 
12.8 	 0.11174742032574328 
12.82 	 0.11389131890343825 
12.84 	 0.11574559423070414 
12.86 	 0.1174999987780896 
12.88 	 0.11893576662425588 
12.9 	 0.1201888930004566 
12.92 	 0.12109485706927449 
12.94 	 0.12173147059482764 
12.96 	 0.12201582693812767 
12.98 	 0.12196909415383929 
13.0 	 0.12160687594035455 
13.02 	 0.1208999611974087 
13.04 	 0.11995797451710194 
13.06 	 0.11871041314728442 
13.08 	 0.11733462494238941 
13.1 	 0.11572886201226655 
13.12 	 0.11410072168723064 
13.14 	 0.11232767015903505 
13.16 	 0.11061408201342775 
13.18 	 0.1088285545364476 
13.2 	 0.10715346885289735 
13.22 	 0.10546322004006359 
13.24 	 0.10391501758962776 
13.26 	 0.10240644647983325 
13.28 	 0.10107407989565144 
13.3 	 0.09985700549106016 
13.32 	 0.09887196929645 
13.34 	 0.09811578469886192 
13.36 	 0.09767308490393098 
13.38 	 0.0976096369161472 
13.4 	 0.097949181628298 
13.42 	 0.0988318500252501 
13.44 	 0.10017937881492069 
13.46 	 0.10220855972363041 
13.48 	 0.1046964569653822 
13.5 	 0.10794043766442883 
13.52 	 0.11154268662381936 
13.54 	 0.11588858626265623 
13.56 	 0.12040032177567297 
13.58 	 0.1255572043707856 
13.6 	 0.1306284768809845 
13.62 	 0.13618147617973933 
13.64 	 0.14139065530367687 
13.66 	 0.14688556320179924 
13.68 	 0.15182500609134772 
13.7 	 0.1568561355840541 
13.72 	 0.16120476167312756 
13.74 	 0.16548323000940124 
13.76 	 0.16905059592746574 
13.78 	 0.17243921781293906 
13.8 	 0.17517609747087243 
13.82 	 0.17768717528660002 
13.84 	 0.1796661804462011 
13.86 	 0.18142877884840125 
13.88 	 0.18280551774050977 
13.9 	 0.18401710251721373 
13.92 	 0.1849861005790604 
13.94 	 0.18586506974201744 
13.96 	 0.18662195292280004 
13.98 	 0.18737034481793086 
14.0 	 0.1880830551848702 
14.02 	 0.18885748376500827 
14.04 	 0.18964102779996353 
14.06 	 0.1905240057098584 
14.08 	 0.19141275991588577 
14.1 	 0.19238124632151488 
14.12 	 0.1933009084782476 
14.14 	 0.1942001142602616 
14.16 	 0.19495100197990575 
14.18 	 0.19548967595395017 
14.2 	 0.19575614154872814 
14.22 	 0.19553834891171998 
14.24 	 0.19493370471302546 
14.26 	 0.19353267125454526 
14.28 	 0.1916795535223095 
14.3 	 0.18874645862764175 
14.32 	 0.18538281957441868 
14.34 	 0.18076989093161902 
14.36 	 0.17585950878455162 
14.38 	 0.16972232698629242 
14.4 	 0.16353438793924782 
14.42 	 0.15636809536052185 
14.44 	 0.14948175333226044 
14.46 	 0.14205493615290363 
14.48 	 0.13526113831873696 
14.5 	 0.12845183618612693 
14.52 	 0.1225740114436711 
14.54 	 0.11716869866862105 
14.56 	 0.11287677583461438 
14.58 	 0.10941958420346688 
14.6 	 0.10711847365733336 
14.62 	 0.1058644796587824 
14.64 	 0.10568663058697629 
14.66 	 0.10664648807088466 
14.68 	 0.10851462116626993 
14.7 	 0.11153431293096755 
14.72 	 0.1152364004445286 
14.74 	 0.12006085803233954 
14.76 	 0.12530024587934785 
14.78 	 0.1316033901183542 
14.8 	 0.13802178005214652 
14.82 	 0.14541554677056578 
14.84 	 0.1526067884260964 
14.86 	 0.16065112505523263 
14.88 	 0.16818266214537073 
14.9 	 0.17641044464243633 
14.92 	 0.18385708383812518 
14.94 	 0.1918149186721671 
14.96 	 0.19879956182662753 
14.98 	 0.20609736425428937 
15.0 	 0.21233106097312995 
15.02 	 0.2186915667570239 
15.04 	 0.22400731810786448 
15.06 	 0.22930646983998648 
15.08 	 0.233681129268011 
15.1 	 0.237967031468649 
15.12 	 0.24152088409609868 
15.14 	 0.24499446654274853 
15.16 	 0.24795404070830218 
15.18 	 0.25089790771802173 
15.2 	 0.25351499709816894 
15.22 	 0.25617699962757223 
15.24 	 0.2586202124080075 
15.26 	 0.2610891562146772 
15.28 	 0.2633497872647922 
15.3 	 0.26547855579465396 
15.32 	 0.2673359807599654 
15.34 	 0.268752592061534 
15.36 	 0.26981882297117865 
15.38 	 0.27002759444895214 
15.4 	 0.26985714306674496 
15.42 	 0.26839781834276877 
15.44 	 0.2666302623918231 
15.46 	 0.2632471294552169 
15.48 	 0.2597450595664244 
15.5 	 0.2545145174509455 
15.52 	 0.24945603379324058 
15.54 	 0.24282455198547012 
15.56 	 0.23670901017999874 
15.58 	 0.2294138927820901 
15.6 	 0.22296076555414868 
15.62 	 0.21585164582759625 
15.64 	 0.20982054814679452 
15.66 	 0.20364946931405833 
15.68 	 0.198653471362241 
15.7 	 0.19391503384365208 
15.72 	 0.19029864810601888 
15.74 	 0.18716472057109254 
15.76 	 0.18497267621211336 
15.78 	 0.18331168555403582 
15.8 	 0.1823266554028763 
15.82 	 0.18176795681911745 
15.84 	 0.18157859733921855 
15.86 	 0.18158770436883764 
15.88 	 0.18166032951837913 
15.9 	 0.18161201365512827 
15.92 	 0.18135904762077504 
15.94 	 0.18061253525239862 
15.96 	 0.17946385671703716 
15.98 	 0.1774497266622068 
16.0 	 0.17493546177040675 
16.02 	 0.17125746413067214 
16.04 	 0.16710296387674672 
16.06 	 0.16164163023216307 
16.08 	 0.15585768594774854 
16.1 	 0.14884099856648186 
16.12 	 0.14177052875492577 
16.14 	 0.1337640489543652 
16.16 	 0.1260389613890272 
16.18 	 0.11782546483292179 
16.2 	 0.11021728939319626 
16.22 	 0.10259142797602007 
16.24 	 0.09580294780496075 
16.26 	 0.08936613217823039 
16.28 	 0.08385923225717835 
16.3 	 0.07890741461643769 
16.32 	 0.07484315841788673 
16.34 	 0.07138099494651358 
16.36 	 0.06867439677900576 
16.38 	 0.06651516708457415 
16.4 	 0.06494550270718645 
16.42 	 0.0638257544881821 
16.44 	 0.06313599410437495 
16.46 	 0.06279402103131354 
16.48 	 0.06274535360612693 
16.5 	 0.06295073739725617 
16.52 	 0.06333370623304635 
16.54 	 0.06388221130890798 
16.56 	 0.06450436379121166 
16.58 	 0.0652009650101089 
16.6 	 0.06587250667251707 
16.62 	 0.0665214472415564 
16.64 	 0.06705351297914221 
16.66 	 0.06746578836659312 
16.68 	 0.0676869640213768 
16.7 	 0.06770645992026698 
16.72 	 0.0674945318739533 
16.74 	 0.06703548223777 
16.76 	 0.06635414255505476 
16.78 	 0.06543627677229247 
16.8 	 0.0643626594360514 
16.82 	 0.06312923602113457 
16.84 	 0.061860039843327136 
16.86 	 0.06056968771150755 
16.88 	 0.05940138083577678 
16.9 	 0.058395035801968004 
16.92 	 0.05768336198369963 
16.94 	 0.05733634438298494 
16.96 	 0.05744594087968352 
16.98 	 0.05811670105026029 
17.0 	 0.0593699913414853 
17.02 	 0.061351777970825444 
17.04 	 0.0639810139067399 
17.06 	 0.06745739669283753 
17.08 	 0.07156168743160879 
17.1 	 0.0765673633077188 
17.12 	 0.08208008534569385 
17.14 	 0.08847331593133827 
17.16 	 0.09514921699006258 
17.18 	 0.10260469651335144 
17.2 	 0.11003346562313686 
17.22 	 0.1180600065365831 
17.24 	 0.12570382489342255 
17.26 	 0.13368293860842104 
17.28 	 0.14092658440179467 
17.3 	 0.1481627820264624 
17.32 	 0.15436346185113065 
17.34 	 0.16013892801017077 
17.36 	 0.16467017533148542 
17.38 	 0.16830353705018214 
17.4 	 0.17059834140433372 
17.42 	 0.1715140910453319 
17.44 	 0.17112010587097976 
17.46 	 0.1689358770367851 
17.48 	 0.16559395389831572 
17.5 	 0.160222524655597 
17.52 	 0.15396432618480313 
17.54 	 0.14570504333579073 
17.56 	 0.13693701038804212 
17.58 	 0.12650662048054231 
17.6 	 0.11602124191939052 
17.62 	 0.1044706927972993 
17.64 	 0.09333260720663675 
17.66 	 0.08183839161860919 
17.68 	 0.07115269212123251 
17.7 	 0.060747633222374954 
17.72 	 0.05139963905514387 
17.74 	 0.042758776825997574 
17.76 	 0.03524459187553573 
17.78 	 0.028613329012746963 
17.8 	 0.02302338738796902 
17.82 	 0.018288693572473848 
17.84 	 0.01441447687272741 
17.86 	 0.011250737407790371 
17.88 	 0.00873503755266861 
17.9 	 0.00674756304109854 
17.92 	 0.0052108131102985384 
17.94 	 0.004033754425697445 
17.96 	 0.003148869106471086 
17.98 	 0.002491392948606439 
18.0 	 0.0020114944370249375 
18.02 	 0.0016661537580929388 
18.04 	 0.001422347051842521 
18.06 	 0.0012533529953431884 
18.08 	 0.0011390300023552957 
18.1 	 0.0010638281194968512 
18.12 	 0.001016314083224913 
18.14 	 0.0009880041829857466 
18.16 	 0.0009728302879729375 
18.18 	 0.0009664554837674059 
18.2 	 0.0009658614559266567 
18.22 	 0.0009689686959892892 
18.24 	 0.0009743584025908688 
18.26 	 0.0009810815744889932 
18.28 	 0.0009884840310367474 
18.3 	 0.0009961270596983915 
18.32 	 0.0010036808752651614 
18.34 	 0.0010109067575971033 
18.36 	 0.001017592236507102 
18.38 	 0.001023563061603521 
18.4 	 0.0010286425770513591 
18.42 	 0.0010326739344392942 
18.44 	 0.001035494166543329 
18.46 	 0.0010369553653093969 
18.48 	 0.0010369102997020792 
18.5 	 0.0010352268377968898 
18.52 	 0.0010317856076148418 
18.54 	 0.0010264845060597373 
18.56 	 0.0010192491809657772 
18.58 	 0.0010100244459533977 
18.6 	 0.0009987963457953261 
18.62 	 0.0009855668843950936 
18.64 	 0.0009703849262752348 
18.66 	 0.0009533025694352841 
18.68 	 0.0009344134065335795 
18.7 	 0.0009137935957527461 
18.72 	 0.0008915492860027896 
18.74 	 0.0008677498860355919 
18.76 	 0.0008424881064396177 
18.78 	 0.0008158129355217455 
18.8 	 0.0007878028109846538 
18.82 	 0.0007585006216811958 
18.84 	 0.0007279944739752308 
18.86 	 0.000696351134932967 
18.88 	 0.0006636951247383082 
18.9 	 0.0006301363784093596 
18.92 	 0.0005958410843255475 
18.94 	 0.0005609551544070719 
18.96 	 0.0005256672672568405 
18.98 	 0.0004901363701236058 
19.0 	 0.0004545518610742428 
19.02 	 0.0004190736651538903 
19.04 	 0.0003838916657358364 
19.06 	 0.00034917983773494643 
19.08 	 0.0003151497187499099 
19.1 	 0.0002820121805935106 
19.12 	 0.0002500157694240423 
19.14 	 0.0002194085299947773 
19.16 	 0.0001904563138329037 
19.18 	 0.00016340355619764543 
19.2 	 0.00013847605754745856 
19.22 	 0.00011584734216080951 
19.24 	 9.563709287958651e-05 
19.26 	 7.789158124857896e-05 
19.28 	 6.258782068082091e-05 
19.3 	 4.96312989023623e-05 
19.32 	 3.8868835951189674e-05 
19.34 	 3.0099265235691786e-05 
19.36 	 2.309094208627589e-05 
19.38 	 1.7596798844486175e-05 
19.4 	 1.3369967950068273e-05 
19.42 	 1.017571021541122e-05 
19.44 	 7.800777324992761e-06 
19.46 	 6.058929275006085e-06 
19.48 	 4.793513358543368e-06 
19.5 	 3.877284970715336e-06 
19.52 	 3.2103795892509803e-06 
19.54 	 2.7170243763380313e-06 
19.56 	 2.341688520549086e-06 
19.58 	 2.0451275324092512e-06 
19.6 	 1.8006916025379415e-06 
19.62 	 1.5910873555159192e-06 
19.64 	 1.4056930715713918e-06 
19.66 	 1.2384269117390045e-06 
19.68 	 1.086127743641939e-06 
19.7 	 9.473720351545217e-07 
19.72 	 8.216489820757928e-07 
19.74 	 7.088135949728594e-07 
19.76 	 6.087511560247072e-07 
19.78 	 5.211942912496736e-07 
19.8 	 4.4564783773822957e-07 
19.82 	 3.813843881539567e-07 
19.84 	 3.27483285276273e-07 
19.86 	 2.828913977712309e-07 
19.88 	 2.464905487259818e-07 
19.9 	 2.171605349649452e-07 
19.92 	 1.9383116721065056e-07 
19.94 	 1.755197743023183e-07 
19.96 	 1.6135356105277992e-07 
19.98 	 1.5057805969979683e-07 
20.0 	 1.4255437318141828e-07 
20.02 	 1.3674850605218116e-07 
20.04 	 1.3271624992824735e-07 
20.06 	 1.3008670618510183e-07 
20.08 	 1.2854690620726533e-07 
20.1 	 1.2782915595866525e-07 
20.12 	 1.277019048994496e-07 
20.14 	 1.2796417707622582e-07 
20.16 	 1.2844301823798663e-07 
20.18 	 1.2899303431993076e-07 
20.2 	 1.2949694310942688e-07 
20.22 	 1.2986611351911406e-07 
20.24 	 1.300402784286923e-07 
20.26 	 1.2998592528527556e-07 
20.28 	 1.296932202836837e-07 
20.3 	 1.291716507426568e-07 
20.32 	 1.2844482052487383e-07 
20.34 	 1.2754497456221122e-07 
20.36 	 1.2650785082237404e-07 
20.38 	 1.2536836819144279e-07 
20.4 	 1.2415749181818742e-07 
20.42 	 1.2290040373039794e-07 
20.44 	 1.2161590011811173e-07 
20.46 	 1.2031676280822342e-07 
20.48 	 1.1901075212982538e-07 
20.5 	 1.1770183821213953e-07 
20.52 	 1.1639133811833562e-07 
20.54 	 1.1507872248850712e-07 
20.56 	 1.1376198515741828e-07 
20.58 	 1.124375870784109e-07 
20.6 	 1.1110008260869253e-07 
20.62 	 1.097415824549322e-07 
20.64 	 1.0835121769778241e-07 
20.66 	 1.0691473885761656e-07 
20.68 	 1.0541434577691587e-07 
20.7 	 1.0382880086282528e-07 
20.72 	 1.02133857379438e-07 
20.74 	 1.0030302238452295e-07 
20.76 	 9.830867901059795e-08 
20.78 	 9.612358414008078e-08 
20.8 	 9.372273876853099e-08 
20.82 	 9.108557289184101e-08 
20.84 	 8.819831776891309e-08 
20.86 	 8.505634877296184e-08 
20.88 	 8.166621741897993e-08 
20.9 	 7.804705073830942e-08 
20.92 	 7.423102451296554e-08 
20.94 	 7.026269228654617e-08 
20.96 	 6.61970951977198e-08 
20.98 	 6.20967368287105e-08 
21.0 	 5.80276827008761e-08 
21.02 	 5.405517406188813e-08 
21.04 	 5.023923407918307e-08 
21.06 	 4.663074836131712e-08 
21.08 	 4.326844654388253e-08 
21.1 	 4.0177084476832833e-08 
21.12 	 3.7366971320697044e-08 
21.14 	 3.4834809034899533e-08 
21.16 	 3.256565747605418e-08 
21.18 	 3.053571355166754e-08 
21.2 	 2.871552541344056e-08 
21.22 	 2.7073247300036192e-08 
21.24 	 2.557758352497296e-08 
21.26 	 2.4200152614938065e-08 
21.28 	 2.2917115093091617e-08 
21.3 	 2.1710026560938155e-08 
21.32 	 2.056598811031001e-08 
21.34 	 1.9477249773436772e-08 
21.36 	 1.844047390250578e-08 
21.38 	 1.7455878143965272e-08 
21.4 	 1.652645858997269e-08 
21.42 	 1.565744948780212e-08 
21.44 	 1.4856121849594874e-08 
21.46 	 1.413197252631038e-08 
21.48 	 1.3497325701331535e-08 
21.5 	 1.2968376014068266e-08 
21.52 	 1.2566768523037352e-08 
21.54 	 1.232196200064503e-08 
21.56 	 1.2274901036334832e-08 
21.58 	 1.248399181499008e-08 
21.6 	 1.3035132856913158e-08 
21.62 	 1.4058734902341533e-08 
21.64 	 1.5758468267882582e-08 
21.66 	 1.845915920088224e-08 
21.68 	 2.268513966819171e-08 
21.7 	 2.928581247193848e-08 
21.72 	 3.96326132538913e-08 
21.74 	 5.592128085541814e-08 
21.76 	 8.162555609747963e-08 
21.78 	 1.2216299249123202e-07 
21.8 	 1.8584970913577942e-07 
21.82 	 2.852371961298445e-07 
21.84 	 4.3893761744660947e-07 
21.86 	 6.74050843119844e-07 
21.88 	 1.0292989728474678e-06 
21.9 	 1.5589485786134605e-06 
21.92 	 2.3375393180487944e-06 
21.94 	 3.4653519589850886e-06 
21.96 	 5.074385965996994e-06 
21.98 	 7.3344774365198476e-06 
22.0 	 1.0458861327467522e-05 
22.02 	 1.4708443735131718e-05 
22.04 	 2.0393411059734427e-05 
22.06 	 2.7871443101025545e-05 
22.08 	 3.754026921320981e-05 
22.1 	 4.9825232079489623e-05 
22.12 	 6.51580732589909e-05 
22.14 	 8.395227828860025e-05 
22.16 	 0.00010656723504223331 
22.18 	 0.000133277371025705 
22.2 	 0.00016422782208114952 
22.22 	 0.00019941358457059355 
22.24 	 0.0002386393343727256 
22.26 	 0.00028153169790101434 
22.28 	 0.00032751607270382335 
22.3 	 0.00037588129495401537 
22.32 	 0.00042577655406136666 
22.34 	 0.0004763304284455886 
22.36 	 0.0005266543412494601 
22.38 	 0.0005759939911954851 
22.4 	 0.0006237121957446797 
22.42 	 0.0006694347002255229 
22.44 	 0.000712985087239645 
22.46 	 0.0007544912366316297 
22.48 	 0.000794260648158419 
22.5 	 0.0008328383084863088 
22.52 	 0.0008708337131450816 
22.54 	 0.0009089515899532339 
22.56 	 0.0009477983762304167 
22.58 	 0.00098792632160072 
22.6 	 0.0010296482436395965 
22.62 	 0.0010731337647973745 
22.64 	 0.001118248437265615 
22.66 	 0.0011647218349350313 
22.68 	 0.0012120099259117544 
22.7 	 0.001259529283206665 
22.72 	 0.0013065292587181067 
22.74 	 0.0013523652012331264 
22.76 	 0.0013963636726230858 
22.78 	 0.0014380972424551314 
22.8 	 0.0014772306535314713 
22.82 	 0.0015137639348671561 
22.84 	 0.0015478562994133724 
22.86 	 0.0015800218674338383 
22.88 	 0.0016109358399525344 
22.9 	 0.0016415908575479106 
22.92 	 0.0016730903765493203 
22.94 	 0.0017067927768649631 
22.96 	 0.0017440853631517385 
22.98 	 0.0017865507216141688 
23.0 	 0.0018356927875236107 
23.02 	 0.001893158869706318 
23.04 	 0.0019603655710646655 
23.06 	 0.0020388126409002323 
23.08 	 0.0021295433173403626 
23.1 	 0.0022336043443546344 
23.12 	 0.0023512804711116795 
23.14 	 0.002482787230488709 
23.16 	 0.0026272414093267203 
23.18 	 0.0027836987562737474 
23.2 	 0.002949852104779906 
23.22 	 0.0031235114828022884 
23.24 	 0.0033010510338185926 
23.26 	 0.0034793491463559643 
23.28 	 0.0036540348910038905 
23.3 	 0.0038217706328164368 
23.32 	 0.003978384282728328 
23.34 	 0.004121239762933919 
23.36 	 0.00424738009337562 
23.38 	 0.004355664478099173 
23.4 	 0.004445069059096738 
23.42 	 0.0045163187677429 
23.44 	 0.004570472867570629 
23.46 	 0.004609931403659192 
23.48 	 0.004637366921352551 
23.5 	 0.0046561744371503835 
23.52 	 0.004669724132485588 
23.54 	 0.0046814734302359625 
23.56 	 0.004694445033066694 
23.58 	 0.004711280015360531 
23.6 	 0.00473381393495708 
23.62 	 0.0047633135868400695 
23.64 	 0.004800031256453025 
23.66 	 0.004843763022080733 
23.68 	 0.004893297004451835 
23.7 	 0.004947302295831419 
23.72 	 0.00500364064741881 
23.74 	 0.005060483416469793 
23.76 	 0.0051155145473286 
23.78 	 0.005167104926770421 
23.8 	 0.005213478875008263 
23.82 	 0.005253762951506574 
23.84 	 0.005287201604433705 
23.86 	 0.00531394195033706 
23.88 	 0.005334364198204955 
23.9 	 0.005349553320651091 
23.92 	 0.005360768940661385 
23.94 	 0.005369659019347215 
23.96 	 0.005377848281048888 
23.98 	 0.0053870266659755825 
24.0 	 0.005398596603674271 
24.02 	 0.005413790233418912 
24.04 	 0.005433294416782099 
24.06 	 0.005457517323746276 
24.08 	 0.005486120584876093 
24.1 	 0.00551849488538414 
24.12 	 0.005553181675190177 
24.14 	 0.005588552346876776 
24.16 	 0.00562218659176147 
24.18 	 0.005651679439463311 
24.2 	 0.005674121978045308 
24.22 	 0.005686873517544161 
24.24 	 0.0056873186840875455 
24.26 	 0.005673354461848284 
24.28 	 0.005643557429224328 
24.3 	 0.0055971072757909825 
24.32 	 0.005534412820990306 
24.34 	 0.005456287690435709 
24.36 	 0.0053650009480426045 
24.38 	 0.0052627314487274125 
24.4 	 0.005152960164144332 
24.42 	 0.005038456251923464 
24.44 	 0.0049229058391354295 
24.46 	 0.004808792926099216 
24.48 	 0.004699135237609888 
24.5 	 0.0045955625834811055 
24.52 	 0.004500000471012356 
24.54 	 0.004413087880120293 
24.56 	 0.004335649896188857 
24.58 	 0.004267462356550829 
24.6 	 0.004208419591508369 
24.62 	 0.004157610824700853 
24.64 	 0.004114195482767439 
24.66 	 0.004076765149966058 
24.68 	 0.004044015147540147 
24.7 	 0.004014347113546743 
24.72 	 0.003986422194865034 
24.74 	 0.003958896428763914 
24.76 	 0.003930885078419916 
24.78 	 0.0039016827842108495 
24.8 	 0.003871134496262918 
24.82 	 0.0038392421010891692 
24.84 	 0.003806462916647485 
24.86 	 0.0037732217995872855 
24.88 	 0.0037402026585320065 
24.9 	 0.003707869415090781 
24.92 	 0.0036768094257730896 
24.94 	 0.003647345919442439 
24.96 	 0.0036199210907794112 
24.98 	 0.003594793943703798 
25.0 	 0.003572380942614396 
25.02 	 0.0035529825176563203 
25.04 	 0.0035370044233340235 
25.06 	 0.0035246991851253903 
25.08 	 0.0035162679205825494 
25.1 	 0.003511682957046162 
25.12 	 0.003510736459260567 
25.14 	 0.003513024265727838 
25.16 	 0.003517994339024372 
25.18 	 0.00352508997129926 
25.2 	 0.003533777017633872 
25.22 	 0.0035437482853670696 
25.24 	 0.0035548593273453367 
25.26 	 0.003567289099247853 
25.28 	 0.003581344752913047 
25.3 	 0.003597568182981095 
25.32 	 0.0036164442104581972 
25.34 	 0.0036385438704379467 
25.36 	 0.003664201864064849 
25.38 	 0.0036937967758226323 
25.4 	 0.003727414003080051 
25.42 	 0.00376528262002846 
25.44 	 0.0038073605736922353 
25.46 	 0.0038538733309456613 
25.48 	 0.0039047342247797673 
25.5 	 0.003960143115388939 
25.52 	 0.004019814049117981 
25.54 	 0.004083672467409464 
25.56 	 0.004150948035858399 
25.58 	 0.0042210577764626115 
25.6 	 0.004292655287000333 
25.62 	 0.004364734099021495 
25.64 	 0.0044356850025134165 
25.66 	 0.004504532110232342 
25.68 	 0.004569988975138352 
25.7 	 0.004631655377200097 
25.72 	 0.004689043669512336 
25.74 	 0.004742594965146466 
25.76 	 0.004792680882796052 
25.78 	 0.004840422371026953 
25.8 	 0.004886712852700619 
25.82 	 0.004932944586987854 
25.84 	 0.004980093099948664 
25.86 	 0.005029490954043902 
25.88 	 0.005081948826155638 
25.9 	 0.005138663460297554 
25.92 	 0.005200268961693007 
25.94 	 0.005267897660840229 
25.96 	 0.005342016516768381 
25.98 	 0.005423652898453705 
26.0 	 0.005512907445299227 
26.02 	 0.005610419971210459 
26.04 	 0.005715539409297448 
26.06 	 0.0058281667916417115 
26.08 	 0.005946643555515134 
26.1 	 0.006070076565480191 
26.12 	 0.00619602527138171 
26.14 	 0.006323263687260584 
26.16 	 0.006449305150978549 
26.18 	 0.006573375801351458 
26.2 	 0.006693767600223478 
26.22 	 0.006810732443293464 
26.24 	 0.0069236592547534 
26.26 	 0.007033723446281982 
26.28 	 0.007140949462916419 
26.3 	 0.0072466837133255725 
26.32 	 0.00735067307625097 
26.34 	 0.007453577493388555 
26.36 	 0.007554199026290149 
26.38 	 0.007652177260744392 
26.4 	 0.007745436549464886 
26.42 	 0.00783296790644178 
26.44 	 0.007912498477429924 
26.46 	 0.007983060785957457 
26.48 	 0.008042910034611295 
26.5 	 0.008091578298652485 
26.52 	 0.008128166421115928 
26.54 	 0.008152749300978744 
26.56 	 0.008165245741769387 
26.58 	 0.00816620567688973 
26.6 	 0.008156402988116087 
26.62 	 0.00813706675161253 
26.64 	 0.00811014023988259 
26.66 	 0.008077971642235749 
26.68 	 0.00804394859382067 
26.7 	 0.008011710558091627 
26.72 	 0.00798574164989067 
26.74 	 0.007970388922832647 
26.76 	 0.007970027379854649 
26.78 	 0.007988442375318983 
26.8 	 0.008028297893673422 
26.82 	 0.008091538714520044 
26.84 	 0.008177985602425955 
26.86 	 0.008287212921228698 
26.88 	 0.008416131781798817 
26.9 	 0.008562398181937096 
26.92 	 0.008720905149585473 
26.94 	 0.00888839938963469 
26.96 	 0.009058972861502946 
26.98 	 0.00922937538866069 
27.0 	 0.009393856307592836 
27.02 	 0.009549648846558624 
27.04 	 0.00969173856502563 
27.06 	 0.009818037817533185 
27.08 	 0.00992472405841388 
27.1 	 0.01001062842146396 
27.12 	 0.010073663618461173 
27.14 	 0.010113960346977886 
27.16 	 0.010131660896964193 
27.18 	 0.010128470975737238 
27.2 	 0.010106831419914492 
27.22 	 0.010069862960502808 
27.24 	 0.010021710295316193 
27.26 	 0.009966240824135237 
27.28 	 0.009908200628841457 
27.3 	 0.009851298256674636 
27.32 	 0.009799719408187357 
27.34 	 0.009756265742608782 
27.36 	 0.009723752759456037 
27.38 	 0.009703715250560447 
27.4 	 0.009697277953052868 
27.42 	 0.009704711154549496 
27.44 	 0.009725513964597636 
27.46 	 0.00975890833529469 
27.48 	 0.00980307045123622 
27.5 	 0.009856509192861667 
27.52 	 0.009916560673591375 
27.54 	 0.00998148076796572 
27.56 	 0.010048431073955881 
27.58 	 0.010116014960084446 
27.6 	 0.010182008082075868 
27.62 	 0.010246017183526962 
27.64 	 0.010307145214284653 
27.66 	 0.010366503498977695 
27.68 	 0.010424867101295506 
27.7 	 0.010484948464528208 
27.72 	 0.010548928341278956 
27.74 	 0.010620668731540784 
27.76 	 0.010702849698067628 
27.78 	 0.010799569822647322 
27.8 	 0.010912727151725332 
27.82 	 0.01104561263022432 
27.84 	 0.011198167462045465 
27.86 	 0.011372137580053572 
27.88 	 0.011564918099221687 
27.9 	 0.011776599155134078 
27.92 	 0.012002258952865566 
27.94 	 0.012240870397094684 
27.96 	 0.012486110429671547 
27.98 	 0.012736740338765255 
28.0 	 0.012986225815618277 
28.02 	 0.013233973455380691 
28.04 	 0.013474242975218362 
28.06 	 0.013707579317424553 
28.08 	 0.013929579506480485 
28.1 	 0.014141981097717561 
28.12 	 0.014341787357887168 
28.14 	 0.014531678890015344 
28.16 	 0.014709826125424229 
28.18 	 0.014879502681427152 
28.2 	 0.015039692838951242 
28.22 	 0.015193961596685259 
28.24 	 0.015341767446345883 
28.26 	 0.015486775195136518 
28.28 	 0.015628643400740553 
28.3 	 0.01577105043301373 
28.32 	 0.015913636176855907 
28.34 	 0.016060055450665314 
28.36 	 0.01620970626015501 
28.38 	 0.016366147672153757 
28.4 	 0.01652825207219175 
28.42 	 0.016699340400229613 
28.44 	 0.01687746356550713 
28.46 	 0.01706559070149034 
28.48 	 0.017260831941919456 
28.5 	 0.017465915606610812 
28.52 	 0.017677255224250316 
28.54 	 0.017897771076539927 
28.56 	 0.018123729125701687 
28.58 	 0.018358803078370765 
28.6 	 0.018599564199139936 
28.62 	 0.018850681502615204 
28.64 	 0.01910886132915497 
28.66 	 0.019379280827322487 
28.68 	 0.019657749651029403 
28.7 	 0.01994870860617604 
28.72 	 0.020245529978969192 
28.74 	 0.02055039786261723 
28.76 	 0.020853090336843006 
28.78 	 0.02115253870073094 
28.8 	 0.02143516992650246 
28.82 	 0.021696895334604546 
28.84 	 0.02192298155396395 
28.86 	 0.02210796546021149 
28.88 	 0.022239703153644815 
28.9 	 0.022313872030579142 
28.92 	 0.022324865983815886 
28.94 	 0.022271786744900646 
28.96 	 0.022157935707989258 
28.98 	 0.02198676540740466 
29.0 	 0.02177003373076508 
29.02 	 0.02151460561201735 
29.04 	 0.02123749470800742 
29.06 	 0.020946633337334868 
29.08 	 0.020659736024813607 
29.1 	 0.02038322197339752 
29.12 	 0.02013147915323337 
29.14 	 0.019907747465131374 
29.16 	 0.019720871194308126 
29.18 	 0.019570617510360055 
29.2 	 0.019460034992812784 
29.22 	 0.019386168109252082 
29.24 	 0.01934731352782311 
29.26 	 0.019338925361835346 
29.28 	 0.0193560928448195 
29.3 	 0.019393717518222543 
29.32 	 0.019445259293426397 
29.34 	 0.019505872831625564 
29.36 	 0.019568839077777577 
29.38 	 0.019630162839147963 
29.4 	 0.019684172399838336 
29.42 	 0.01972810367352268 
29.44 	 0.019758193581435497 
29.46 	 0.019773034364982418 
29.48 	 0.01977116993972621 
29.5 	 0.019752446380074614 
29.52 	 0.019717685510969057 
29.54 	 0.01966776046593885 
29.56 	 0.019605422593152892 
29.58 	 0.019532284254021134 
29.6 	 0.019452408674459715 
29.62 	 0.01936774193783748 
29.64 	 0.019282756251067113 
29.66 	 0.01919912187281992 
29.68 	 0.019120605804662322 
29.7 	 0.019047856369128098 
29.72 	 0.01898290968905504 
29.74 	 0.018924792309050822 
29.76 	 0.018873310953592376 
29.78 	 0.018825745653400495 
29.8 	 0.01877999346112485 
29.82 	 0.018732050123334842 
29.84 	 0.01867894868179302 
29.86 	 0.018616240129658863 
29.88 	 0.018541429925589062 
29.9 	 0.018450468173824373 
29.92 	 0.018342468416956973 
29.94 	 0.018214359975552655 
29.96 	 0.018067525981301683 
29.98 	 0.01790015345139102 
30.0 	 0.01771606134783564 
30.02 	 0.017514749910421335 
30.04 	 0.017302196802637525 
30.06 	 0.01707904736304892 
30.08 	 0.01685269737227872 
30.1 	 0.01662443453682649 
30.12 	 0.01640186430735323 
30.14 	 0.016186059015044597 
30.16 	 0.0159834008737274 
30.18 	 0.01579381911734372 
30.2 	 0.015621372177724675 
30.22 	 0.015464370943000703 
30.24 	 0.015324355777005172 
30.26 	 0.015198369828893204 
30.28 	 0.015086269809274466 
30.3 	 0.014984859406498163 
30.32 	 0.014893653043471533 
30.34 	 0.014810290483510027 
30.36 	 0.014734966918525412 
30.38 	 0.014666651446415815 
30.4 	 0.014606424100123229 
30.42 	 0.014554371989592984 
30.44 	 0.014512020278223257 
30.46 	 0.014480088397711342 
30.48 	 0.014460050058135554 
30.5 	 0.014453007849362766 
30.52 	 0.014460203311205393 
30.54 	 0.014483175336402558 
30.56 	 0.014522868163347451 
30.58 	 0.014581191953112804 
30.6 	 0.01465835268957851 
30.62 	 0.014756040810055309 
30.64 	 0.014872763793004617 
30.66 	 0.01500900937617628 
30.68 	 0.015160636941043483 
30.7 	 0.015326228064404058 
30.72 	 0.015498897952096316 
30.74 	 0.015675541039125503 
30.76 	 0.015847711983958585 
30.78 	 0.0160117914001106 
30.8 	 0.016159835249977474 
30.82 	 0.0162892130575867 
30.84 	 0.016394465700635255 
30.86 	 0.0164749973137165 
30.88 	 0.016528895218054156 
30.9 	 0.016557777355935426 
30.92 	 0.016563150560283305 
30.94 	 0.016548259022342197 
30.96 	 0.016516981555655157 
30.98 	 0.016473183614419618 
31.0 	 0.01642160892538536 
31.02 	 0.01636563270445738 
31.04 	 0.016309314964743575 
31.06 	 0.016254549907626255 
31.08 	 0.01620350678269562 
31.1 	 0.01615598641760182 
31.12 	 0.016111798773058374 
31.14 	 0.01606871231830334 
31.16 	 0.01602472627394402 
31.18 	 0.015976449393887752 
31.2 	 0.015921544658279888 
31.22 	 0.01585692188350245 
31.24 	 0.015781747700068325 
31.26 	 0.015694719735877233 
31.28 	 0.01559789949056016 
31.3 	 0.015492660281733895 
31.32 	 0.015384249169409317 
31.34 	 0.0152766521487527 
31.36 	 0.01517734164977592 
31.38 	 0.015092002027844326 
31.4 	 0.015028530399748502 
31.42 	 0.01499303122035076 
31.44 	 0.01499192519390569 
31.46 	 0.015030718059123946 
31.48 	 0.015113047227946657 
31.5 	 0.015243512678889792 
31.52 	 0.015422579810611202 
31.54 	 0.015654411967318173 
31.56 	 0.0159366543760559 
31.58 	 0.016273929155014546 
31.6 	 0.016661584516279474 
31.62 	 0.017105436467038323 
31.64 	 0.01759857213859212 
31.66 	 0.018148060840243917 
31.68 	 0.018743910960726626 
31.7 	 0.0193936911065478 
31.72 	 0.02008288482396191 
31.74 	 0.02081837690248637 
31.76 	 0.021579896197017945 
31.78 	 0.02237278395496379 
31.8 	 0.023171097637899554 
31.82 	 0.023978777229975254 
31.84 	 0.024766297517984575 
31.86 	 0.025537467412023267 
31.88 	 0.02626300738681568 
31.9 	 0.026948423514471718 
31.92 	 0.0275690223471381 
31.94 	 0.028133486334694816 
31.96 	 0.02862500969959923 
31.98 	 0.029055945696946164 
32.0 	 0.029418612556499867 
32.02 	 0.029728550213258056 
32.04 	 0.02998629064082079 
32.06 	 0.030209591033639703 
32.08 	 0.030404737191403755 
32.1 	 0.03059073349551644 
32.12 	 0.030776293478120203 
32.14 	 0.03098082432626599 
32.16 	 0.031211726242352657 
32.18 	 0.03148796152152927 
32.2 	 0.031811839291230874 
32.22 	 0.032201017767809335 
32.24 	 0.03264949850813576 
32.26 	 0.03317308020206909 
32.28 	 0.033755608705173835 
32.3 	 0.034411219145119895 
32.32 	 0.03511377112679939 
32.34 	 0.035876874578117134 
32.36 	 0.036666649220478215 
32.38 	 0.037497937126721066 
32.4 	 0.03833270322335806 
32.42 	 0.0391885805394336 
32.44 	 0.040026918770938634 
32.46 	 0.04086846592875308 
32.48 	 0.041675988124271875 
32.5 	 0.04247167041885972 
32.52 	 0.0432195761055615 
32.54 	 0.043939722427010545 
32.56 	 0.04459613186280726 
32.58 	 0.04520232556021107 
32.6 	 0.0457220849219584 
32.62 	 0.04615928853283948 
32.64 	 0.046480783548111575 
32.66 	 0.046680366900514726 
32.68 	 0.04673520914994207 
32.7 	 0.04663143348489673 
32.72 	 0.04636530196967319 
32.74 	 0.04591912979244559 
32.76 	 0.0453142609785449 
32.78 	 0.04453244040655674 
32.8 	 0.04361972708247598 
32.82 	 0.042558365800152605 
32.84 	 0.04141188754076919 
32.86 	 0.040161857954966615 
32.88 	 0.0388781451646009 
32.9 	 0.03753959515459848 
32.92 	 0.036212036075045084 
32.94 	 0.03487057258422651 
32.96 	 0.03357092000502917 
32.98 	 0.032285505348809716 
33.0 	 0.031058914438386386 
33.02 	 0.02986369466451371 
33.04 	 0.028735664730133382 
33.06 	 0.027650776473251343 
33.08 	 0.026639411400216584 
33.1 	 0.025683586957995694 
33.12 	 0.024810900205201037 
33.14 	 0.024011108756348692 
33.16 	 0.023310484297650477 
33.18 	 0.0227073880226518 
33.2 	 0.022227023296898796 
33.22 	 0.021876485346552434 
33.24 	 0.021678685090587013 
33.26 	 0.021648447925004772 
33.28 	 0.021802949443887453 
33.3 	 0.02216201397803256 
33.32 	 0.022730834789373964 
33.34 	 0.02352977748143746 
33.36 	 0.024543577821467946 
33.38 	 0.02578813718432732 
33.4 	 0.02721942532186462 
33.42 	 0.028845336911938517 
33.44 	 0.030588806504038835 
33.46 	 0.03244920920221004 
33.48 	 0.034320127650289425 
33.5 	 0.03619486042427824 
33.52 	 0.037951261769635425 
33.54 	 0.03958031691095437 
33.56 	 0.04096620287333597 
33.58 	 0.04210085283619274 
33.6 	 0.04289988462227915 
33.62 	 0.04335822859202752 
33.64 	 0.043443271431526945 
33.66 	 0.04315407397981769 
33.68 	 0.042517894359650414 
33.7 	 0.04153822200962239 
33.72 	 0.040294504753660115 
33.74 	 0.038793312889258344 
33.76 	 0.03714532018065191 
33.78 	 0.03535642165543176 
33.8 	 0.03354210391611773 
33.82 	 0.031702268146029035 
33.84 	 0.02993481621314121 
33.86 	 0.028229384502951975 
33.88 	 0.02665444968307076 
33.9 	 0.025188764555252798 
33.92 	 0.0238711938443117 
33.94 	 0.022673262704570298 
33.96 	 0.02161213623675527 
33.98 	 0.02065837204739914 
34.0 	 0.019818134576532996 
34.02 	 0.019067279481984684 
34.04 	 0.018410143719795054 
34.06 	 0.017832248112133253 
34.08 	 0.017341699750653205 
34.1 	 0.016935653335731198 
34.12 	 0.016627971036710338 
34.14 	 0.016427576748401326 
34.16 	 0.016353357556128455 
34.18 	 0.016425116101218513 
34.2 	 0.016664025511835018 
34.22 	 0.017099286599612813 
34.24 	 0.017749564310619994 
34.26 	 0.018651474509811663 
34.28 	 0.01981378817598637 
34.3 	 0.021278380840861356 
34.32 	 0.023033985025567652 
34.34 	 0.02512654003363725 
34.36 	 0.027512878091361877 
34.38 	 0.03024449391664559 
34.4 	 0.03323519591196114 
34.42 	 0.03654738753336464 
34.44 	 0.040044685951730205 
34.46 	 0.04380888356021815 
34.48 	 0.047652939540861694 
34.5 	 0.05168660777119634 
34.52 	 0.055679470275335714 
34.54 	 0.059773690654101555 
34.56 	 0.06370929468474112 
34.58 	 0.06765777470092607 
34.6 	 0.07134706776034776 
34.62 	 0.0749664173800021 
34.64 	 0.07824980040664745 
34.66 	 0.08138604123726773 
34.68 	 0.08413254648023796 
34.7 	 0.08665700056201368 
34.72 	 0.0887574269594995 
34.74 	 0.0905619050712757 
34.76 	 0.0919268680965383 
34.78 	 0.09292868423037066 
34.8 	 0.09349911143094554 
34.82 	 0.09365929092609848 
34.84 	 0.09342749201337926 
34.86 	 0.09277444660152875 
34.88 	 0.09180420627159953 
34.9 	 0.09044767024775117 
34.92 	 0.08887872054409701 
34.94 	 0.08700104732914887 
34.96 	 0.08503005110226501 
34.98 	 0.08285390453907011 
35.0 	 0.08069734246833449 
35.02 	 0.07844284752787051 
35.04 	 0.07629809968826272 
35.06 	 0.07414857283128877 
35.08 	 0.0721699838840278 
35.1 	 0.07025907506960104 
35.12 	 0.06855572601113882 
35.14 	 0.06697545222390466 
35.16 	 0.06562467887792886 
35.18 	 0.06444323608004565 
35.2 	 0.06350723398411547 
35.22 	 0.06278344388463841 
35.24 	 0.06231806657440996 
35.26 	 0.06210459225079205 
35.28 	 0.062156319968895556 
35.3 	 0.06249153408873855 
35.32 	 0.0630857883812245 
35.34 	 0.06398024031228228 
35.36 	 0.06510855255449668 
35.38 	 0.06653426066006453 
35.4 	 0.06814797220319 
35.42 	 0.07003686758901027 
35.44 	 0.07205136496079546 
35.46 	 0.07430430351449298 
35.48 	 0.07661229960607421 
35.5 	 0.07911481415953618 
35.52 	 0.08160300848416487 
35.54 	 0.08424137569663676 
35.56 	 0.08680430656093434 
35.58 	 0.08947679770741457 
35.6 	 0.0920245857171552 
35.62 	 0.09464640664127864 
35.64 	 0.09710671070606235 
35.66 	 0.09961001335541723 
35.68 	 0.1019260863896802 
35.7 	 0.10425665336503251 
35.72 	 0.10638251399650384 
35.74 	 0.10849341293449019 
35.76 	 0.11038622682255674 
35.78 	 0.11222895727203151 
35.8 	 0.11384036109891327 
35.82 	 0.11535725343913093 
35.84 	 0.11662909926498212 
35.86 	 0.11775436789869272 
35.88 	 0.11862616142385678 
35.9 	 0.11930202973131794 
35.92 	 0.11973309844168877 
35.94 	 0.11993936383331316 
35.96 	 0.11993899055206254 
35.98 	 0.11972302583165167 
36.0 	 0.11937239164762367 
36.02 	 0.11886010719470491 
36.04 	 0.11830855962269511 
36.06 	 0.11768209755521128 
36.08 	 0.11711067678501355 
36.1 	 0.11655512478448483 
36.12 	 0.11611821236106523 
36.14 	 0.11575814106711986 
36.16 	 0.11552843989436948 
36.18 	 0.11538308069065438 
36.2 	 0.11532560770431613 
36.22 	 0.11530328400670853 
36.24 	 0.11529014133149336 
36.26 	 0.11522402590017046 
36.28 	 0.11508291996093287 
36.3 	 0.11479268727628827 
36.32 	 0.11436894040010924 
36.34 	 0.11372388933503647 
36.36 	 0.11293215817277262 
36.38 	 0.11189221791209861 
36.4 	 0.11073943649996307 
36.42 	 0.1093600978147691 
36.44 	 0.10793359303503083 
36.46 	 0.1063371627243951 
36.48 	 0.10476824753716975 
36.5 	 0.10310062777590834 
36.52 	 0.10152636918408589 
36.54 	 0.09992510397691311 
36.56 	 0.09846972055176108 
36.58 	 0.09705849329810598 
36.6 	 0.09583942519218029 
36.62 	 0.09474271070610826 
36.64 	 0.09388631013447885 
36.66 	 0.09324176902240487 
36.68 	 0.0928855682391265 
36.7 	 0.09283356067373805 
36.72 	 0.09310247438416365 
36.74 	 0.0937500160084641 
36.76 	 0.0947143454928284 
36.78 	 0.09609079787741948 
36.8 	 0.09772859152748979 
36.82 	 0.09975730498039048 
36.84 	 0.1019416042744312 
36.86 	 0.10444145808636454 
36.88 	 0.1069570061104717 
36.9 	 0.10966962103224574 
36.92 	 0.11224691090011994 
36.94 	 0.11487297897281168 
36.96 	 0.11722164494387899 
36.98 	 0.11945033993996598 
37.0 	 0.12128050187859607 
37.02 	 0.12280647506654417 
37.04 	 0.12383915850437249 
37.06 	 0.12437411047153119 
37.08 	 0.12435195699678289 
37.1 	 0.1236445346527763 
37.12 	 0.12235621889725376 
37.14 	 0.12023094519245454 
37.16 	 0.11755567069197594 
37.18 	 0.11396926851278175 
37.2 	 0.10993366431817453 
37.22 	 0.10503031713048196 
37.24 	 0.09985436165826388 
37.26 	 0.09398882505575128 
37.28 	 0.08808900145910553 
37.3 	 0.08178894805196714 
37.32 	 0.07571641351307307 
37.34 	 0.06957961106485944 
37.36 	 0.06390204271279983 
37.38 	 0.058461253373609634 
37.4 	 0.05363345155602299 
37.42 	 0.049246421168307145 
37.44 	 0.04552748911152458 
37.46 	 0.04233850087283085 
37.48 	 0.039788070342286166 
37.5 	 0.037767339343047754 
37.52 	 0.036308798558344874 
37.54 	 0.035336939177292845 
37.56 	 0.03484507048042196 
37.58 	 0.03479624763640097 
37.6 	 0.03516546258295458 
37.62 	 0.03595489930945258 
37.64 	 0.03712397269874568 
37.66 	 0.038709134019735796 
37.68 	 0.04064317399998621 
37.7 	 0.04299011314112188 
37.72 	 0.0456393130527678 
37.74 	 0.048678668427003226 
37.76 	 0.05194026805461747 
37.78 	 0.055537521262846425 
37.8 	 0.059240881868302606 
37.82 	 0.06319407628590176 
37.84 	 0.06711367922267335 
37.86 	 0.07117640505121628 
37.88 	 0.07506370724867048 
37.9 	 0.07898115812340574 
37.92 	 0.08260128535664504 
37.94 	 0.08614666536291483 
37.96 	 0.08930980337687534 
37.98 	 0.09231390001411924 
38.0 	 0.09489782674050855 
38.02 	 0.09726974218956477 
38.04 	 0.09923347655521596 
38.06 	 0.10097175931286524 
38.08 	 0.10235976870344968 
38.1 	 0.1035518817568458 
38.12 	 0.10448682465942137 
38.14 	 0.10529484354975681 
38.16 	 0.10595784923842994 
38.18 	 0.10659144319423174 
38.2 	 0.10719259618735268 
38.22 	 0.10787456176956053 
38.24 	 0.10861932288206096 
38.26 	 0.10955029540852039 
38.28 	 0.11060721007894868 
38.3 	 0.11193383301673729 
38.32 	 0.11340645111699738 
38.34 	 0.11519512316513693 
38.36 	 0.11710093528915211 
38.38 	 0.11932127261281372 
38.4 	 0.12158400408239037 
38.42 	 0.12411050281245635 
38.44 	 0.12657446812869827 
38.46 	 0.12921454603368937 
38.48 	 0.13168472817718077 
38.5 	 0.1342318432178171 
38.52 	 0.13653085021362515 
38.54 	 0.13882640686070535 
38.56 	 0.14084670121531137 
38.58 	 0.14282352801293985 
38.6 	 0.14454918695996158 
38.62 	 0.1462313543385766 
38.64 	 0.14771315576212388 
38.66 	 0.14916467940565825 
38.68 	 0.15045400843133513 
38.7 	 0.1516960651223981 
38.72 	 0.15276701713295762 
38.74 	 0.15370424982587685 
38.76 	 0.15440402431747305 
38.78 	 0.15480055436712659 
38.8 	 0.15485726011315126 
38.82 	 0.15438165760157246 
38.84 	 0.15347375774431485 
38.86 	 0.15180374590811602 
38.88 	 0.14967239185373435 
38.9 	 0.14662822335089765 
38.92 	 0.14319979462448298 
38.94 	 0.13886247390193268 
38.96 	 0.13434006331277676 
38.98 	 0.12910557928270291 
39.0 	 0.12398510999206219 
39.02 	 0.11851606825763743 
39.04 	 0.11349831085222743 
39.06 	 0.10857102889519003 
39.08 	 0.10438508033832095 
39.1 	 0.10068436690121109 
39.12 	 0.09789077314650914 
39.14 	 0.09583788291247643 
39.16 	 0.09469564622704336 
39.18 	 0.0943746167381833 
39.2 	 0.09481664910646552 
39.22 	 0.09600602504970313 
39.24 	 0.09770695908692104 
39.26 	 0.0999767959346419 
39.28 	 0.10246381071444921 
39.3 	 0.10528961881635222 
39.32 	 0.10805235072820504 
39.34 	 0.11091560403830818 
39.36 	 0.11349282588351209 
39.38 	 0.1159562918560771 
39.4 	 0.11799282905188664 
39.42 	 0.11974670012085953 
39.44 	 0.12101929454166277 
39.46 	 0.12189505579595808 
39.48 	 0.12230732249978794 
39.5 	 0.12225939736710573 
39.52 	 0.12181093124864599 
39.54 	 0.12087560731637623 
39.56 	 0.11961967419874917 
39.58 	 0.11787200936481473 
39.6 	 0.1158833145437567 
39.62 	 0.11341516495485765 
39.64 	 0.11078477268575794 
39.66 	 0.10771407800669897 
39.68 	 0.10457090395487359 
39.7 	 0.10106959301070863 
39.72 	 0.0976072082655305 
39.74 	 0.09391838787583297 
39.76 	 0.0903976968837733 
39.78 	 0.08681616740412443 
39.8 	 0.08352755173518099 
39.82 	 0.0803415296750753 
39.84 	 0.07753766105234734 
39.86 	 0.07495774938207607 
39.88 	 0.07279044797671905 
39.9 	 0.07090243572517119 
39.92 	 0.06939553718101393 
39.94 	 0.0681581419206275 
39.96 	 0.06722489900078371 
39.98 	 0.06650605068352114 
40.0 	 0.06599449910373976 
40.02 	 0.06562225289066269 
40.04 	 0.06536345046460787 
40.06 	 0.06516921483158325 
40.08 	 0.06501172459285427 
40.1 	 0.06485622231793217 
40.12 	 0.06468342069288908 
40.14 	 0.06446689821306882 
40.16 	 0.06420126407232128 
40.18 	 0.0638631240158273 
40.2 	 0.06346234812805998 
40.22 	 0.06297427167656088 
40.24 	 0.06242259419062055 
40.26 	 0.061778474693173865 
40.28 	 0.06107692424457071 
40.3 	 0.060284063126238824 
40.32 	 0.05944436215557418 
40.34 	 0.058520583904703986 
40.36 	 0.057566061867891295 
40.38 	 0.056543985670138665 
40.4 	 0.055516042006805814 
40.42 	 0.0544502343429713 
40.44 	 0.05341421696009173 
40.46 	 0.05238416087167103 
40.48 	 0.05142849735990508 
40.5 	 0.05053335895030809 
40.52 	 0.04976106295781897 
40.54 	 0.049108911286210075 
40.56 	 0.04862677990883979 
40.58 	 0.0483253193234809 
40.6 	 0.048237555063166036 
40.62 	 0.04839131862876613 
40.64 	 0.04879926690822468 
40.66 	 0.049511039051108874 
40.68 	 0.05051329733287471 
40.7 	 0.05188126847559532 
40.72 	 0.053564976163177784 
40.74 	 0.055667224094692505 
40.76 	 0.05808526612531752 
40.78 	 0.06095019942117435 
40.8 	 0.06408815973735237 
40.82 	 0.06765906537989236 
40.84 	 0.07140404462482325 
40.86 	 0.07551175630573838 
40.88 	 0.07963720619518025 
40.9 	 0.08399379626368092 
40.92 	 0.08816937088524174 
40.94 	 0.09238915840946327 
40.96 	 0.09621618376381134 
40.98 	 0.09986284431428497 
41.0 	 0.10292972043975603 
41.02 	 0.10558354084070927 
41.04 	 0.10753353278536532 
41.06 	 0.10887071141972801 
41.08 	 0.10947470193418452 
41.1 	 0.10934757162167061 
41.12 	 0.10857142487497179 
41.14 	 0.10707137689926136 
41.16 	 0.10511897466822814 
41.18 	 0.10259476976129704 
41.2 	 0.09989873893522606 
41.22 	 0.09690217875391793 
41.24 	 0.09403892338355058 
41.26 	 0.09119086342697957 
41.28 	 0.08872678714713893 
41.3 	 0.0865387625433967 
41.32 	 0.08486002334426494 
41.34 	 0.0835833694732182 
41.36 	 0.08278537347579336 
41.38 	 0.08235535741193258 
41.4 	 0.0822420523622239 
41.42 	 0.08233604886900565 
41.44 	 0.08252036536909622 
41.46 	 0.08269408672897295 
41.48 	 0.0827463060294692 
41.5 	 0.08258781199638385 
41.52 	 0.08217299662909493 
41.54 	 0.08142328982337024 
41.56 	 0.0803890555296537 
41.58 	 0.07900035826608937 
41.6 	 0.07739934333114712 
41.62 	 0.07552335322421541 
41.64 	 0.0735727974855828 
41.66 	 0.0714904464112843 
41.68 	 0.06948769931347365 
41.7 	 0.06750969624758442 
41.72 	 0.06573639578338314 
41.74 	 0.06411283852705033 
41.76 	 0.06276280459578022 
41.78 	 0.06163182132633971 
41.8 	 0.06078281711291498 
41.82 	 0.06016559789127871 
41.84 	 0.05979161681254224 
41.86 	 0.05961947066162185 
41.88 	 0.05962419974452885 
41.9 	 0.05977558437488639 
41.92 	 0.06002720700992407 
41.94 	 0.06035919363743892 
41.96 	 0.06071654149371163 
41.98 	 0.061086479200231705 
42.0 	 0.06141651952208896 
42.02 	 0.06169701595676054 
42.04 	 0.06188782079261308 
42.06 	 0.061979132252640685 
42.08 	 0.06195122753689403 
42.1 	 0.06179231373394135 
42.12 	 0.061508128841662346 
42.14 	 0.061084601749186916 
42.16 	 0.06055359921007398 
42.18 	 0.05989969635653328 
42.2 	 0.059176732387698994 
42.22 	 0.05836949894473753 
42.24 	 0.05754562584427055 
42.26 	 0.05669176418294988 
42.28 	 0.05587893505510248 
42.3 	 0.05509696625844197 
42.32 	 0.054409764597923314 
42.34 	 0.053811150313733944 
42.36 	 0.05334896880105369 
42.38 	 0.053021305054795846 
42.4 	 0.052853421725125374 
42.42 	 0.05284741219603857 
42.44 	 0.05300217078797573 
42.46 	 0.05332314721862497 
42.48 	 0.05378213832651554 
42.5 	 0.054387242522836284 
42.52 	 0.0550860999678325 
42.54 	 0.05588908811949589 
42.56 	 0.05672674531170201 
42.58 	 0.05761171336097576 
42.6 	 0.05846792974734508 
42.62 	 0.05930998202080722 
42.64 	 0.06006690213541149 
42.66 	 0.06075356623187102 
42.68 	 0.06131393881112623 
42.7 	 0.06175962403534181 
42.72 	 0.06205537105999551 
42.74 	 0.062204693114303385 
42.76 	 0.06219506479076095 
42.78 	 0.06201762186724649 
42.8 	 0.0616824847250781 
42.82 	 0.06116662863963461 
42.84 	 0.06050261333449232 
42.86 	 0.05965494413420772 
42.88 	 0.05867856681774584 
42.9 	 0.05753015698127071 
42.92 	 0.05628578524084743 
42.94 	 0.05490031299329019 
42.96 	 0.05346679472769706 
42.98 	 0.05194383282311164 
43.0 	 0.05043374496407232 
43.02 	 0.048902358585687485 
43.04 	 0.04745053444173886 
43.06 	 0.04605159633534647 
43.08 	 0.044792791208149337 
43.1 	 0.04365182989264329 
43.12 	 0.042691172947784975 
43.14 	 0.04188792967152913 
43.16 	 0.04127281943366519 
43.18 	 0.04081856336869816 
43.2 	 0.040524598223038055 
43.22 	 0.04035974295105812 
43.24 	 0.040301276859537424 
43.26 	 0.040319726019960034 
43.28 	 0.04038556986896088 
43.3 	 0.040479466865769406 
43.32 	 0.04058068683151807 
43.34 	 0.04068699861395753 
43.36 	 0.04079526327154314 
43.38 	 0.04092210989341879 
43.4 	 0.04107970761535628 
43.42 	 0.041298940232054805 
43.44 	 0.041595010235270305 
43.46 	 0.04200441249050021 
43.48 	 0.04252921566566907 
43.5 	 0.043203388750798336 
43.52 	 0.044003465102426795 
43.54 	 0.04495719821802162 
43.56 	 0.046011976760573094 
43.58 	 0.047190914249157535 
43.6 	 0.048417783123399546 
43.62 	 0.04971544081530942 
43.64 	 0.05099539030245009 
43.66 	 0.05228387462021028 
43.68 	 0.05349291538898342 
43.7 	 0.05465286808067267 
43.72 	 0.05568722106527807 
43.74 	 0.05662840250812821 
43.76 	 0.05741899976351723 
43.78 	 0.05809042646908535 
43.8 	 0.058608494183936294 
43.82 	 0.05900130274286911 
43.84 	 0.059258638733173996 
43.86 	 0.05940459524622164 
43.88 	 0.05945017336905064 
43.9 	 0.059415883954619296 
43.92 	 0.05932747451698741 
43.94 	 0.05920219491752471 
43.96 	 0.05907094227908459 
43.98 	 0.05894702249480977 
44.0 	 0.05885582053857493 
44.02 	 0.058805232887746965 
44.04 	 0.058806689992338325 
44.06 	 0.05886163053139586 
44.08 	 0.05896435733607389 
44.1 	 0.05911030097255194 
44.12 	 0.05927975257042199 
44.14 	 0.05946394570212595 
44.16 	 0.0596368275475731 
44.18 	 0.059787246955628245 
44.2 	 0.059891611371510514 
44.22 	 0.05993678605052743 
44.24 	 0.059908639990286575 
44.26 	 0.0597908743422273 
44.28 	 0.05958310736772482 
44.3 	 0.05926443950298995 
44.32 	 0.058850680261601125 
44.34 	 0.05831643541361271 
44.36 	 0.05769524567480693 
44.38 	 0.05695965990069533 
44.4 	 0.056161081558201154 
44.42 	 0.055273762699641585 
44.44 	 0.05436382764746335 
44.46 	 0.053410009571964324 
44.48 	 0.05248519075690752 
44.5 	 0.05157225596813272 
44.52 	 0.0507387056338061 
44.54 	 0.049967690169247264 
44.56 	 0.04930842203181318 
44.58 	 0.048738611621465255 
44.6 	 0.04828047330441011 
44.62 	 0.04790174792367216 
44.64 	 0.04759734308523339 
44.66 	 0.047324135106807046 
44.68 	 0.04705912236707292 
44.7 	 0.046751597772136055 
44.72 	 0.0463772143937739 
44.74 	 0.04588369861164842 
44.76 	 0.0452633779354559 
44.78 	 0.04446871238115092 
44.8 	 0.04352142130125514 
44.82 	 0.04238291051085777 
44.84 	 0.04110679683229315 
44.86 	 0.039664061183306176 
44.88 	 0.038131902339526194 
44.9 	 0.03648795513845528 
44.92 	 0.03481807904838055 
44.94 	 0.033101954504647355 
44.96 	 0.03141944791385364 
44.98 	 0.029748899701164032 
45.0 	 0.028155480365796938 
45.02 	 0.026616074720943992 
45.04 	 0.025179882814503105 
45.06 	 0.023825062771002454 
45.08 	 0.02258815597990254 
45.1 	 0.021451532994189927 
45.12 	 0.02044244753986319 
45.14 	 0.01954785808564656 
45.16 	 0.018786223284403134 
45.18 	 0.018146183115713335 
45.2 	 0.01763535589805943 
45.22 	 0.01723981333559618 
45.24 	 0.01695462812730066 
45.26 	 0.01676089583652384 
45.28 	 0.01664282259565525 
45.3 	 0.01657807293899827 
45.32 	 0.016545959241065836 
45.34 	 0.01652574199991576 
45.36 	 0.01650009387171411 
45.38 	 0.016455618497798565 
45.4 	 0.01638504857769879 
45.42 	 0.016285453273077073 
45.44 	 0.01616136766516345 
45.46 	 0.016018855292151805 
45.48 	 0.01587015980682732 
45.5 	 0.015724836056872152 
45.52 	 0.015595210649286661 
45.54 	 0.015487634403830611 
45.56 	 0.015407559676908935 
45.58 	 0.01535373802614965 
45.6 	 0.015322077720701663 
45.62 	 0.015303704113149382 
45.64 	 0.01528761673945757 
45.66 	 0.015261182347729536 
45.68 	 0.015212556131062349 
45.7 	 0.01513065136930884 
45.72 	 0.015008878127941907 
45.74 	 0.014841626427933984 
45.76 	 0.014630739996381845 
45.78 	 0.014376960197550373 
45.8 	 0.014089703129494088 
45.82 	 0.013773926681591397 
45.84 	 0.013442695386309635 
45.86 	 0.013101484124635202 
45.88 	 0.012762288940183816 
45.9 	 0.012427782764852133 
45.92 	 0.012105631027955375 
45.94 	 0.01179422093150111 
45.96 	 0.011496226746337289 
45.98 	 0.011206448788077122 
46.0 	 0.010924222063599057 
46.02 	 0.010642896261688567 
46.04 	 0.010361126867603914 
46.06 	 0.01007308892752558 
46.08 	 0.009778914492443957 
46.1 	 0.009474886903611751 
46.12 	 0.009163312511911385 
46.14 	 0.008842450235768429 
46.16 	 0.008516024513046462 
46.18 	 0.008183153666392946 
46.2 	 0.007847608179493903 
46.22 	 0.007508222932927966 
46.24 	 0.007167899313493763 
46.26 	 0.006824855290724402 
46.28 	 0.006481250419230346 
46.3 	 0.00613532426631559 
46.32 	 0.005789413457303711 
46.34 	 0.00544282363698648 
46.36 	 0.005098967561300109 
46.38 	 0.004758851861278508 
46.4 	 0.004427130423926521 
46.42 	 0.004106284738299193 
46.44 	 0.003801524430506549 
46.46 	 0.00351589438128939 
46.48 	 0.003254085865274035 
46.5 	 0.0030186753373763293 
46.52 	 0.002812974823308055 
46.54 	 0.0026384266077802286 
46.56 	 0.002496620263739418 
46.58 	 0.0023876781260197084 
46.6 	 0.0023115432816157642 
46.62 	 0.002267112372825785 
46.64 	 0.0022528919445783716 
46.66 	 0.0022666798090815636 
46.68 	 0.002305696712048743 
46.7 	 0.002366711560583222 
46.72 	 0.002445761117045941 
46.74 	 0.002538674984925337 
46.76 	 0.0026404927274076046 
46.78 	 0.002746335056212788 
46.8 	 0.002850634450548329 
46.82 	 0.002948233638330678 
46.84 	 0.003033579243409941 
46.86 	 0.003101845762923427 
46.88 	 0.0031482866701276705 
46.9 	 0.0031691210793076572 
46.92 	 0.0031612477278239477 
46.94 	 0.0031226261381932987 
46.96 	 0.003052496162840316 
46.98 	 0.002951060764685246 
47.0 	 0.002820221135103451 
47.02 	 0.0026625257913908437 
47.04 	 0.0024822834107028078 
47.06 	 0.002283942032121704 
47.08 	 0.0020733518757566254 
47.1 	 0.001855900156908932 
47.12 	 0.0016377056373058701 
47.14 	 0.0014238823784457446 
47.16 	 0.0012195367312189361 
47.18 	 0.0010284448141247798 
47.2 	 0.0008538271402339469 
47.22 	 0.0006975496292638231 
47.24 	 0.0005607131856904707 
47.26 	 0.00044331549020379147 
47.28 	 0.00034469942184778794 
47.3 	 0.0002635134104024862 
47.32 	 0.00019804118828217494 
47.34 	 0.00014628944616056872 
47.36 	 0.00010620589855034814 
47.38 	 7.577466962899297e-05 
47.4 	 5.313273455695685e-05 
47.42 	 3.662055267069849e-05 
47.44 	 2.4819618372955947e-05 
47.46 	 1.6555623205472474e-05 
47.48 	 1.0888007572767798e-05 
47.5 	 7.085142871224241e-06 
47.52 	 4.594403254364005e-06 
47.54 	 3.009937162823732e-06 
47.56 	 2.042105676729189e-06 
47.58 	 1.4901993759327375e-06 
47.6 	 1.2195194633444969e-06 
47.62 	 1.1429416288260449e-06 
47.64 	 1.206677143456226e-06 
47.66 	 1.3796446400306446e-06 
47.68 	 1.6457849855381448e-06 
47.7 	 1.998670791732547e-06 
47.72 	 2.4378447540463544e-06 
47.74 	 2.966443624272945e-06 
47.76 	 3.58976142957386e-06 
47.78 	 4.31452612733922e-06 
47.8 	 5.148699249183055e-06 
47.82 	 6.101703698598662e-06 
47.84 	 7.184931096057589e-06 
47.86 	 8.412476312113725e-06 
47.88 	 9.801892282557154e-06 
47.9 	 1.1374912784857398e-05 
47.92 	 1.3157820964194552e-05 
47.94 	 1.5181445849154348e-05 
47.96 	 1.7480348225074273e-05 
47.98 	 2.009134589566592e-05 
48.0 	 2.3050864391848346e-05 
48.02 	 2.639165716684787e-05 
48.04 	 3.0138325725105178e-05 
48.06 	 3.43028406658321e-05 
48.08 	 3.8879323756451944e-05 
48.1 	 4.384014596135637e-05 
48.12 	 4.913208276320107e-05 
48.14 	 5.4675466555895217e-05 
48.16 	 6.0364011810756264e-05 
48.18 	 6.606897308935128e-05 
48.2 	 7.1643762362381e-05 
48.22 	 7.693311210880498e-05 
48.24 	 8.178135682490341e-05 
48.26 	 8.604402475858177e-05 
48.28 	 8.95965243995869e-05 
48.3 	 9.234391507539317e-05 
48.32 	 9.422615267401842e-05 
48.34 	 9.522225210276414e-05 
48.36 	 9.534978043729519e-05 
48.38 	 9.466213891923643e-05 
48.4 	 9.324280189910837e-05 
48.42 	 9.119752965463603e-05 
48.44 	 8.864621594425941e-05 
48.46 	 8.571367124710323e-05 
48.48 	 8.25225284649725e-05 
48.5 	 7.918596763793485e-05 
48.52 	 7.580390744197885e-05 
48.54 	 7.245927758611957e-05 
48.56 	 6.921778332858903e-05 
48.58 	 6.612742291513287e-05 
48.6 	 6.322068618033211e-05 
48.62 	 6.051597995723407e-05 
48.64 	 5.802074183816973e-05 
48.66 	 5.573342123046841e-05 
48.68 	 5.364639347707296e-05 
48.7 	 5.17476705556972e-05 
48.72 	 5.0023119016491844e-05 
48.74 	 4.845761162564868e-05 
48.76 	 4.703649254414936e-05 
48.78 	 4.574618560870868e-05 
48.8 	 4.4575031516347027e-05 
48.82 	 4.351346077682929e-05 
48.84 	 4.255434633582764e-05 
48.86 	 4.1692841626929776e-05 
48.88 	 4.0926359749341306e-05 
48.9 	 4.0254156138880137e-05 
48.92 	 3.967702554188932e-05 
48.94 	 3.9196711984822196e-05 
48.96 	 3.881542513597579e-05 
48.98 	 3.853518763803473e-05 
49.0 	 3.835730005894535e-05 
49.02 	 3.828176452235665e-05 
49.04 	 3.8306844588384584e-05 
49.06 	 3.842870724980401e-05 
49.08 	 3.864120865720911e-05 
49.1 	 3.8935861036215945e-05 
49.12 	 3.930192390924084e-05 
49.14 	 3.972673413905291e-05 
49.16 	 4.01961061870193e-05 
49.18 	 4.069497626339234e-05 
49.2 	 4.120802765568618e-05 
49.22 	 4.172050828801244e-05 
49.24 	 4.221891341963582e-05 
49.26 	 4.269176088421877e-05 
49.28 	 4.313011017101956e-05 
49.3 	 4.352805629300594e-05 
49.32 	 4.388287917078294e-05 
49.34 	 4.4195081164714265e-05 
49.36 	 4.4468067286634186e-05 
49.38 	 4.470770459280912e-05 
49.4 	 4.4921606208755996e-05 
49.42 	 4.511837460188351e-05 
49.44 	 4.5306717989965574e-05 
49.46 	 4.549465388428782e-05 
49.48 	 4.568872939629368e-05 
49.5 	 4.5893430540283054e-05 
49.52 	 4.6110674051492794e-05 
49.54 	 4.633950961738785e-05 
49.56 	 4.657587372362162e-05 
49.58 	 4.681250725742329e-05 
49.6 	 4.7038858126487e-05 
49.62 	 4.724111007601771e-05 
49.64 	 4.7402197635217915e-05 
49.66 	 4.750199568694322e-05 
49.68 	 4.7517623714586115e-05 
49.7 	 4.742404920439408e-05 
49.72 	 4.7195007644198986e-05 
49.74 	 4.6804296159685386e-05 
49.76 	 4.622750959809504e-05 
49.78 	 4.5444010913021396e-05 
49.8 	 4.443926571430012e-05 
49.82 	 4.320700410326362e-05 
49.84 	 4.1751486727175945e-05 
49.86 	 4.0089072627495206e-05 
49.88 	 3.8249639093972594e-05 
49.9 	 3.627694164761272e-05 
49.92 	 3.422879400738661e-05 
49.94 	 3.2176193078633524e-05 
49.96 	 3.020248238478709e-05 
49.98 	 2.840176344023682e-05 
50.0 	 2.687757863431429e-05 
50.02 	 2.5741117037696835e-05 
50.04 	 2.5109586790881133e-05 
50.06 	 2.5104036229566312e-05 
50.08 	 2.5846739152367296e-05 
50.1 	 2.7457636957669475e-05 
50.12 	 3.0049512098450545e-05 
50.14 	 3.372204979236391e-05 
50.16 	 3.855417070403068e-05 
50.18 	 4.459612102615862e-05 
50.2 	 5.1860213466628314e-05 
50.22 	 6.031374685699687e-05 
50.24 	 6.987155309928483e-05 
50.26 	 8.03943556458481e-05 
50.28 	 9.16872073917488e-05 
50.3 	 0.00010350732333539979 
50.32 	 0.00011557053622635295 
50.34 	 0.00012756912153330733 
50.36 	 0.0001391843792159766 
50.38 	 0.0001501100658295673 
50.4 	 0.00016006548420102715 
50.42 	 0.00016881680662482788 
50.44 	 0.00017618419175920733 
50.46 	 0.00018205383036273224 
50.48 	 0.0001863754342517498 
50.5 	 0.0001891621220670691 
50.52 	 0.00019047950119980802 
50.54 	 0.00019043597289815394 
50.56 	 0.00018916862435129072 
50.58 	 0.00018683001946488955 
50.6 	 0.00018357704750777618 
50.62 	 0.00017956014516962997 
50.64 	 0.0001749189615525155 
50.66 	 0.00016977691714980945 
50.68 	 0.00016424372423581109 
50.7 	 0.00015841443810333123 
50.72 	 0.000152375772979193 
50.74 	 0.00014620652657911608 
50.76 	 0.0001399837490029242 
50.78 	 0.00013378156605574375 
50.8 	 0.00012767463355750695 
50.82 	 0.0001217343350562184 
50.84 	 0.00011602936785429334 
50.86 	 0.00011062048908748635 
50.88 	 0.00010555993342205103 
50.9 	 0.00010088691205640415 
50.92 	 9.662788959228986e-05 
50.94 	 9.279448821927739e-05 
50.96 	 8.938561671572086e-05 
50.98 	 8.638797054715783e-05 
51.0 	 8.377958935489911e-05 
51.02 	 8.153188068832126e-05 
51.04 	 7.961337100099391e-05 
51.06 	 7.799183382178437e-05 
51.08 	 7.663713616387108e-05 
51.1 	 7.5522569799632e-05 
51.12 	 7.46264155585029e-05 
51.14 	 7.39323746021488e-05 
51.16 	 7.34301402299804e-05 
51.18 	 7.311532153971748e-05 
51.2 	 7.298951875858348e-05 
51.22 	 7.306012687017228e-05 
51.24 	 7.334018272191346e-05 
51.26 	 7.384813308807671e-05 
51.28 	 7.460737222926267e-05 
51.3 	 7.564580206596726e-05 
51.32 	 7.699481076366058e-05 
51.34 	 7.868845650202285e-05 
51.36 	 8.076174614421611e-05 
51.38 	 8.324951817873138e-05 
51.4 	 8.618414692466566e-05 
51.42 	 8.959450115027712e-05 
51.44 	 9.350341131828677e-05 
51.46 	 9.792722730519268e-05 
51.48 	 0.00010287336613887238 
51.5 	 0.0001083408534530384 
51.52 	 0.00011431795990107902 
51.54 	 0.00012078370538397202 
51.56 	 0.00012770512105770765 
51.58 	 0.00013503924531665777 
51.6 	 0.00014272925201392798 
51.62 	 0.000150706367875927 
51.64 	 0.0001588844157339437 
51.66 	 0.0001671616750591373 
51.68 	 0.0001754144955616808 
51.7 	 0.0001835003019057617 
51.72 	 0.00019125242469675082 
51.74 	 0.0001984864323417808 
51.76 	 0.00020499916114629206 
51.78 	 0.00021058019410763958 
51.8 	 0.0002150171754002627 
51.82 	 0.00021811193414744353 
51.84 	 0.00021969138431045235 
51.86 	 0.00021962429397046258 
51.88 	 0.00021783369015974973 
51.9 	 0.00021430772204191902 
51.92 	 0.00020910769336299502 
51.94 	 0.00020236702684122432 
51.96 	 0.00019429042446600592 
51.98 	 0.00018513908741320164 
52.0 	 0.00017522070886084217 
52.02 	 0.00016486489911479095 
52.04 	 0.0001544084282054113 
52.06 	 0.00014416899339225693 
52.08 	 0.00013443255064666377 
52.1 	 0.00012543378719154756 
52.12 	 0.00011735116788330702 
52.14 	 0.00011029886877521314 
52.16 	 0.00010433127762191468 
52.18 	 9.944602791425668e-05 
52.2 	 9.559553843056013e-05 
52.22 	 9.269689980658285e-05 
52.24 	 9.064571946391963e-05 
52.26 	 8.932739618730264e-05 
52.28 	 8.862866588130361e-05 
52.3 	 8.84459601918081e-05 
52.32 	 8.869184899634181e-05 
52.34 	 8.929846154587229e-05 
52.36 	 9.021825901475185e-05 
52.38 	 9.14227140421482e-05 
52.4 	 9.289863679105472e-05 
52.42 	 9.464383817530424e-05 
52.44 	 9.666123719449895e-05 
52.46 	 9.895391925150833e-05 
52.48 	 0.0001015194543641978 
52.5 	 0.00010434663978263993 
52.52 	 0.00010741194088190408 
52.54 	 0.00011067938070026014 
52.56 	 0.00011409993926706966 
52.58 	 0.0001176147593767087 
52.6 	 0.0001211570387430731 
52.62 	 0.00012465740982930528 
52.64 	 0.0001280468416232567 
52.66 	 0.00013126228285382876 
52.68 	 0.00013424883120255384 
52.7 	 0.0001369638705315231 
52.72 	 0.00013937737391068463 
52.74 	 0.00014147368779728875 
52.76 	 0.0001432499025299613 
52.78 	 0.00014471554415515308 
52.8 	 0.0001458898026927814 
52.82 	 0.00014680005151592574 
52.84 	 0.00014747894297875697 
52.86 	 0.0001479626806303724 
52.88 	 0.00014828867025785538 
52.9 	 0.00014849410174240906 
52.92 	 0.00014861439471826416 
52.94 	 0.0001486822985202662 
52.96 	 0.0001487270925031412 
52.98 	 0.00014877423081644976 
53.0 	 0.00014884514090977207 
53.02 	 0.00014895733271491428 
53.04 	 0.00014912455855469026 
53.06 	 0.00014935720273644417 
53.08 	 0.0001496625187722041 
53.1 	 0.00015004509635087204 
53.12 	 0.00015050698511060524 
53.14 	 0.00015104819126558213 
53.16 	 0.00015166674057117454 
53.18 	 0.0001523593919764404 
53.2 	 0.0001531218926756293 
53.22 	 0.00015395016258101717 
53.24 	 0.00015484091457488116 
53.26 	 0.00015579330991529922 
53.28 	 0.0001568097416311277 
53.3 	 0.00015789753738705567 
53.32 	 0.00015906931642922258 
53.34 	 0.00016034408878930656 
53.36 	 0.00016174654545122042 
53.38 	 0.0001633071184465104 
53.4 	 0.0001650599252300636 
53.42 	 0.00016704188162192923 
53.44 	 0.00016928949975154016 
53.46 	 0.00017183757724233644 
53.48 	 0.00017471525730631561 
53.5 	 0.00017794485961398538 
53.52 	 0.0001815374576577386 
53.54 	 0.0001854921675705413 
53.56 	 0.0001897912675868337 
53.58 	 0.00019440008707737166 
53.6 	 0.00019926176361026026 
53.62 	 0.00020429804010599578 
53.64 	 0.00020940425654627175 
53.66 	 0.00021445180001960346 
53.68 	 0.00021928465595243547 
53.7 	 0.00022372461925664102 
53.72 	 0.00022757126470296626 
53.74 	 0.00023061086731173352 
53.76 	 0.0002326214883672623 
53.78 	 0.00023338548087255438 
53.8 	 0.00023270011298393318 
53.82 	 0.00023039150915860168 
53.84 	 0.00022632891386512879 
53.86 	 0.00022043564660097873 
53.88 	 0.00021270269341441424 
53.9 	 0.00020319121574364276 
53.92 	 0.00019204026552172474 
53.94 	 0.00017945700692424509 
53.96 	 0.00016571518657085692 
53.98 	 0.00015113353231207557 
54.0 	 0.00013606572869451566 
54.02 	 0.00012087248802045982 
54.04 	 0.00010590796666830579 
54.06 	 9.149386072401532e-05 
54.08 	 7.790888390196333e-05 
54.1 	 6.537215066567278e-05 
54.12 	 5.4040507571471945e-05 
54.14 	 4.4004126997531246e-05 
54.16 	 3.529242188436469e-05 
54.18 	 2.787978955678978e-05 
54.2 	 2.169707774862239e-05 
54.22 	 1.6642398028702765e-05 
54.24 	 1.2593582201336758e-05 
54.26 	 9.418913678891838e-06 
54.28 	 6.986942380353117e-06 
54.3 	 5.174024746302723e-06 
54.32 	 3.870069626359803e-06 
54.34 	 2.9822895068145006e-06 
54.36 	 2.4374621819608783e-06 
54.38 	 2.1829940951207615e-06 
54.4 	 2.1872559957934703e-06 
54.42 	 2.4395298369572153e-06 
54.44 	 2.949854310412899e-06 
54.46 	 3.7489233828295363e-06 
54.48 	 4.888046050896967e-06 
54.5 	 6.439074900472397e-06 
54.52 	 8.494016087814317e-06 
54.54 	 1.1164074935627307e-05 
54.56 	 1.4577605471978931e-05 
54.58 	 1.8876857510039772e-05 
54.6 	 2.4212802223013382e-05 
54.62 	 3.0738632034115544e-05 
54.64 	 3.860088548142625e-05 
54.66 	 4.7930377789492124e-05 
54.68 	 5.883081299741582e-05 
54.7 	 7.137008897155623e-05 
54.72 	 8.556928648881438e-05 
54.74 	 0.00010139890135795013 
54.76 	 0.00011877137061474997 
54.78 	 0.00013754635430358045 
54.8 	 0.00015752803984572274 
54.82 	 0.0001784808254464402 
54.84 	 0.00020012935652636652 
54.86 	 0.0002221822782054584 
54.88 	 0.00024433053762792836 
54.9 	 0.00026627467739743875 
54.92 	 0.0002877174597573111 
54.94 	 0.00030839097039533887 
54.96 	 0.0003280431272800739 
54.98 	 0.00034646377860039177 
55.0 	 0.00036346868957105416 
55.02 	 0.0003789260101430549 
55.04 	 0.0003927425654007649 
55.06 	 0.00040489103343460903 
55.08 	 0.00041540027579720074 
55.1 	 0.00042437953456134534 
55.12 	 0.0004320089733596778 
55.14 	 0.00043855352932550525 
55.16 	 0.0004443460736028695 
55.18 	 0.0004497844498132034 
55.2 	 0.0004553014067333047 
55.22 	 0.0004613454333301778 
55.24 	 0.0004683388898705887 
55.26 	 0.0004766534507857299 
55.28 	 0.00048656617981541025 
55.3 	 0.0004982471812598968 
55.32 	 0.0005117263479944929 
55.34 	 0.0005269084545297094 
55.36 	 0.0005435575367268301 
55.38 	 0.0005613428976552833 
55.4 	 0.0005798366734826679 
55.42 	 0.0005985797143979132 
55.44 	 0.0006170791506748312 
55.46 	 0.0006348752960886552 
55.48 	 0.0006515270800074271 
55.5 	 0.0006666648994479741 
55.52 	 0.0006799621739399991 
55.54 	 0.000691170356936788 
55.56 	 0.0007000862938997427 
55.58 	 0.0007065745729827505 
55.6 	 0.000710543672218696 
55.62 	 0.000711960732867331 
55.64 	 0.000710842828396476 
55.66 	 0.0007072624741745958 
55.68 	 0.0007013506103401445 
55.7 	 0.000693286396868566 
55.72 	 0.000683304462311805 
55.74 	 0.0006716658314283886 
55.76 	 0.0006586661871969218 
55.78 	 0.0006445937440780297 
55.8 	 0.0006297423516329738 
55.82 	 0.000614368685275786 
55.84 	 0.0005987165125576205 
55.86 	 0.0005829838269543547 
55.88 	 0.0005673597858185855 
55.9 	 0.0005520036616061332 
55.92 	 0.0005370876570875955 
55.94 	 0.0005227805664645141 
55.96 	 0.0005092844374861882 
55.98 	 0.0004968131543974358 
56.0 	 0.00048561287938156373 
56.02 	 0.0004759311102034584 
56.04 	 0.000468019036468456 
56.06 	 0.0004620961800917462 
56.08 	 0.00045834204282117546 
56.1 	 0.00045686856947690983 
56.12 	 0.000457712618091537 
56.14 	 0.000460827977759149 
56.16 	 0.00046608626625035233 
56.18 	 0.00047329187242991876 
56.2 	 0.00048218948757620375 
56.22 	 0.0004924945433637532 
56.24 	 0.0005038976612188031 
56.26 	 0.0005160975371920322 
56.28 	 0.0005287924930078323 
56.3 	 0.0005417064188577129 
56.32 	 0.0005545658607231147 
56.34 	 0.0005671194858779409 
56.36 	 0.0005791094886106897 
56.38 	 0.000590292762544839 
56.4 	 0.0006004195065875939 
56.42 	 0.0006092629749608605 
56.44 	 0.0006166124172662508 
56.46 	 0.0006223085050896369 
56.48 	 0.0006262464825524047 
56.5 	 0.0006284041841580131 
56.52 	 0.0006288434184632078 
56.54 	 0.0006277159700307263 
56.56 	 0.0006252530724688085 
56.58 	 0.0006217444455267791 
56.6 	 0.0006175158659005555 
56.62 	 0.0006128908251599747 
56.64 	 0.0006081668996430576 
56.66 	 0.0006035788576012543 
56.68 	 0.0005992878451541535 
56.7 	 0.0005953625636127324 
56.72 	 0.0005917891611954199 
56.74 	 0.0005884755266058399 
56.76 	 0.0005852789437927977 
56.78 	 0.0005820255195625353 
56.8 	 0.0005785443423505541 
56.82 	 0.0005746870970957633 
56.84 	 0.0005703559793730214 
56.86 	 0.000565510159028992 
56.88 	 0.0005601794195311394 
56.9 	 0.0005544517737591293 
56.92 	 0.000548472173328216 
56.94 	 0.000542414714839727 
56.96 	 0.0005364723310834386 
56.98 	 0.000530823825166128 
57.0 	 0.0005256240574693116 
57.02 	 0.0005209781389706081 
57.04 	 0.000516941010348896 
57.06 	 0.0005135075226076015 
57.08 	 0.0005106251491123545 
57.1 	 0.0005082004053975353 
57.12 	 0.0005061205152835142 
57.14 	 0.0005042675163800639 
57.16 	 0.0005025383328963063 
57.18 	 0.000500853513356281 
57.2 	 0.0004991650251647495 
57.22 	 0.000497450476996354 
57.24 	 0.0004957052754135797 
57.26 	 0.0004939236078888063 
57.28 	 0.0004920822524961415 
57.3 	 0.0004901196958863695 
57.32 	 0.00048792575475201734 
57.34 	 0.00048533275527536964 
57.36 	 0.00048212330160641903 
57.38 	 0.0004780402429551566 
57.4 	 0.0004728153378084511 
57.42 	 0.0004661922243125025 
57.44 	 0.00045796728393285475 
57.46 	 0.00044800984872296937 
57.48 	 0.00043629987979787005 
57.5 	 0.0004229281988518172 
57.52 	 0.0004081170099460592 
57.54 	 0.00039219089263351495 
57.56 	 0.00037557464998368373 
57.58 	 0.00035873906719191664 
57.6 	 0.00034218190971244984 
57.62 	 0.0003263646030991817 
57.64 	 0.00031169115410004285 
57.66 	 0.000298457137138072 
57.68 	 0.0002868432980316806 
57.7 	 0.0002768936376346032 
57.72 	 0.0002685336030778189 
57.74 	 0.0002615810503673683 
57.76 	 0.00025578579319222503 
57.78 	 0.00025086164805690844 
57.8 	 0.0002465315073437605 
57.82 	 0.00024255870656575987 
57.84 	 0.00023877743389407133 
57.86 	 0.0002351034663343978 
57.88 	 0.00023153717356403243 
57.9 	 0.0002281469613101557 
57.92 	 0.00022504760244878674 
57.94 	 0.00022236686518174828 
57.96 	 0.00022021599192949363 
57.98 	 0.00021866030498527816 
58.0 	 0.000217702275014439 
58.02 	 0.00021727376929192943 
58.04 	 0.00021724286433672706 
58.06 	 0.00021743098549988847 
58.08 	 0.00021763856234703174 
58.1 	 0.00021767421641630762 
58.12 	 0.0002173821658109711 
58.14 	 0.00021666341440947657 
58.16 	 0.00021548733224127108 
58.18 	 0.00021389090446837067 
58.2 	 0.0002119679937272175 
58.22 	 0.00020984761760420507 
58.24 	 0.00020766929518339976 
58.26 	 0.00020555492171117122 
58.28 	 0.0002035874329535226 
58.3 	 0.0002017943414966359 
58.32 	 0.00020014425755764673 
58.34 	 0.00019855176779727608 
58.36 	 0.0001968943851986068 
58.38 	 0.00019503415927218798 
58.4 	 0.0001928444622419657 
58.42 	 0.00019023291604832704 
58.44 	 0.00018716144526352452 
58.46 	 0.00018365446994066527 
58.48 	 0.0001798002883759295 
58.5 	 0.00017573799401232845 
58.52 	 0.0001716401641807403 
58.54 	 0.00016768529982759403 
58.56 	 0.0001640333589399699 
58.58 	 0.00016079930273539306 
58.6 	 0.00015803714865338998 
58.62 	 0.00015572922574853202 
58.64 	 0.00015378889037682834 
58.66 	 0.00015207035640536957 
58.68 	 0.00015038881089158223 
58.7 	 0.00014854351056836109 
58.72 	 0.00014634401506959314 
58.74 	 0.00014363212568175408 
58.76 	 0.00014030034784595267 
58.78 	 0.00013630016255848006 
58.8 	 0.00013164467400321393 
58.82 	 0.00012639977622025782 
58.84 	 0.00012067291275910143 
58.86 	 0.00011459373420776409 
58.88 	 0.00010829846302335417 
58.9 	 0.00010191140671149358 
58.92 	 9.553524597208526e-05 
58.94 	 8.924208950429345e-05 
58.96 	 8.307455240313815e-05 
58.98 	 7.704776093573572e-05 
59.0 	 7.11587556325555e-05 
59.02 	 6.539429681532746e-05 
59.04 	 5.974178503910452e-05 
59.06 	 5.419575420511518e-05 
59.08 	 4.876419672081554e-05 
59.1 	 4.346940398839804e-05 
59.12 	 3.8347724189442386e-05 
59.14 	 3.344503254491171e-05 
59.16 	 2.8812150494139175e-05 
59.18 	 2.44983910204379e-05 
59.2 	 2.0546597959147996e-05 
59.22 	 1.698844156529806e-05 
59.24 	 1.3842018293691224e-05 
59.26 	 1.1110647005788283e-05 
59.28 	 8.783679374613947e-06 
59.3 	 6.838293375031075e-06 
59.32 	 5.242332937531565e-06 
59.34 	 3.957387256946733e-06 
59.36 	 2.941933715384097e-06 
59.38 	 2.15407854781063e-06 
59.4 	 1.553791404576738e-06 
59.42 	 1.1044886012575978e-06 
59.44 	 7.740062387318372e-07 
59.46 	 5.350175070060042e-07 
59.48 	 3.6501754202596786e-07 
59.5 	 2.4599572068629795e-07 
59.52 	 1.63918123175555e-07 
59.54 	 1.0812000976714879e-07 
59.56 	 7.068638075327035e-08 
59.58 	 4.5872830438615334e-08 
59.6 	 2.959743640102419e-08 
59.62 	 1.9016704188915587e-08 
59.64 	 1.2186239340014406e-08 
59.66 	 7.798944765275375e-09 
59.68 	 4.9895125561442484e-09 
59.7 	 3.192675595444227e-09 
59.72 	 2.0431830429788973e-09 
59.74 	 1.3069499851511244e-09 
59.76 	 8.347262431131926e-10 
59.78 	 5.315438565691966e-10 
59.8 	 3.3691880872453825e-10 
59.82 	 2.1220189816203013e-10 
59.84 	 1.3257876899526708e-10 
59.86 	 8.203786646530606e-11 
59.88 	 5.020635128517595e-11 
59.9 	 3.035130597675045e-11 
59.92 	 1.810602843352093e-11 
59.94 	 1.0649403738461464e-11 
59.96 	 6.171357849014e-12 
59.98 	 3.521638217040701e-12 
