0.0 	 0.5899344453963853 
0.02 	 0.708975615224169 
0.04 	 0.775869948330636 
0.06 	 0.8456065434116701 
0.08 	 0.8796519936829222 
0.1 	 0.909558808895311 
0.12 	 0.9173073681134836 
0.14 	 0.9124171188612241 
0.16 	 0.8964071411346857 
0.18 	 0.8614394209025915 
0.2 	 0.8250844884517147 
0.22 	 0.7676627084184401 
0.24 	 0.716414961305775 
0.26 	 0.6473535852388786 
0.28 	 0.5895971176731343 
0.3 	 0.5220080855199546 
0.32 	 0.4683796714340308 
0.34 	 0.41363004501260137 
0.36 	 0.3721670543533893 
0.38 	 0.3340808013487818 
0.4 	 0.3057431128355008 
0.42 	 0.2808914257740251 
0.44 	 0.26186210385522046 
0.46 	 0.24485405755219933 
0.48 	 0.23093161424249728 
0.5 	 0.217780960858883 
0.52 	 0.2063039210151414 
0.54 	 0.19502058180947843 
0.56 	 0.18489938244450743 
0.58 	 0.1749241141161939 
0.6 	 0.1660229132887066 
0.62 	 0.15744249129355392 
0.64 	 0.149920038870813 
0.66 	 0.14285480634950123 
0.68 	 0.13673091754974304 
0.7 	 0.1310442362469213 
0.72 	 0.126067800588201 
0.74 	 0.12137263181937108 
0.76 	 0.11711879488593288 
0.78 	 0.11294756680909156 
0.8 	 0.1090021472427568 
0.82 	 0.10499129483525908 
0.84 	 0.10109713370327139 
0.86 	 0.09708739750239093 
0.88 	 0.09318874554849396 
0.9 	 0.08921237394220739 
0.92 	 0.08539970437326327 
0.94 	 0.08158671748100797 
0.96 	 0.0779912616453935 
0.98 	 0.07445860449281992 
1.0 	 0.0711589167662701 
1.02 	 0.06793946643438668 
1.04 	 0.06492142372122252 
1.06 	 0.0619558179662089 
1.08 	 0.05913098808630689 
1.1 	 0.056309320526557655 
1.12 	 0.0535681008890055 
1.14 	 0.05078962995549799 
1.16 	 0.04805654140040497 
1.18 	 0.04527645711552898 
1.2 	 0.042542621342094675 
1.22 	 0.039788175578018115 
1.24 	 0.037111491211006 
1.26 	 0.03446646153703524 
1.28 	 0.03194520005075264 
1.3 	 0.029514654730920836 
1.32 	 0.0272495037803363 
1.34 	 0.02512189823477082 
1.36 	 0.023182514546202123 
1.38 	 0.021403021350262605 
1.4 	 0.019809540663014887 
1.42 	 0.018370855524999473 
1.44 	 0.01709294064194928 
1.46 	 0.015942426854705892 
1.48 	 0.014912351271234593 
1.5 	 0.013970060673514494 
1.52 	 0.01310348104908908 
1.54 	 0.012284314651982816 
1.56 	 0.011502061596218836 
1.58 	 0.010735859665194577 
1.6 	 0.009981112503749797 
1.62 	 0.009225909589494201 
1.64 	 0.008472961626767701 
1.66 	 0.007718808976944121 
1.68 	 0.006972147452446899 
1.7 	 0.006235665736156207 
1.72 	 0.005520938701074993 
1.74 	 0.004833504672777716 
1.76 	 0.004184289120202718 
1.78 	 0.003578472051501214 
1.8 	 0.0030236370171184456 
1.82 	 0.0025224170013120003 
1.84 	 0.002077893594347612 
1.86 	 0.0016893998226965436 
1.88 	 0.0013558690884847913 
1.9 	 0.0010738405651241904 
1.92 	 0.0008394222066871563 
1.94 	 0.0006475602220794123 
1.96 	 0.0004931239498645406 
1.98 	 0.00037074302505219056 
2.0 	 0.0002753547015480841 
2.02 	 0.00020220781687919773 
2.04 	 0.00014709112344785696 
2.06 	 0.00010633508511848556 
2.08 	 7.686395724770244e-05 
2.1 	 5.615932542296246e-05 
2.12 	 4.222979880833074e-05 
2.14 	 3.3552551266430934e-05 
2.16 	 2.9018365364315824e-05 
2.18 	 2.787439149471143e-05 
2.2 	 2.9674372714142285e-05 
2.22 	 3.423584833616457e-05 
2.24 	 4.1605420334431946e-05 
2.26 	 5.203210992191563e-05 
2.28 	 6.594488220645239e-05 
2.3 	 8.393635221587965e-05 
2.32 	 0.00010674272581148345 
2.34 	 0.00013522944871636723 
2.36 	 0.00017036020659161072 
2.38 	 0.00021317847359139184 
2.4 	 0.000264750744610987 
2.42 	 0.00032614619857523967 
2.44 	 0.00039833902737798334 
2.46 	 0.00048220398143365473 
2.48 	 0.0005783628711279982 
2.5 	 0.0006872360106472951 
2.52 	 0.0008088170998995654 
2.54 	 0.0009428435857968638 
2.56 	 0.0010884794636283454 
2.58 	 0.001244679107766302 
2.6 	 0.0014097477140756786 
2.62 	 0.0015819601280474493 
2.64 	 0.0017589580082538476 
2.66 	 0.0019386442244989349 
2.68 	 0.002118375452493543 
2.7 	 0.002296097268696688 
2.72 	 0.00246931214997802 
2.74 	 0.002636375056169993 
2.76 	 0.0027952603073323383 
2.78 	 0.002944921066357327 
2.8 	 0.0030839291180512125 
2.82 	 0.0032118135967519287 
2.84 	 0.0033276825989126562 
2.86 	 0.003431479577729935 
2.88 	 0.0035227007373406214 
2.9 	 0.0036015245717027325 
2.92 	 0.003667717387578691 
2.94 	 0.0037215983138697848 
2.96 	 0.003763191607094405 
2.98 	 0.0037929929923601747 
3.0 	 0.0038113929028487834 
3.02 	 0.003819217705538825 
3.04 	 0.003817413152886808 
3.06 	 0.003807348479550212 
3.08 	 0.0037907097195307602 
3.1 	 0.0037695768187672573 
3.12 	 0.003746434546609153 
3.14 	 0.0037240658086065497 
3.16 	 0.0037055569611364465 
3.18 	 0.0036940967271901215 
3.2 	 0.003692848441574969 
3.22 	 0.0037047976677487206 
3.24 	 0.003732390590886519 
3.26 	 0.0037776174726200625 
3.28 	 0.0038413611351882444 
3.3 	 0.00392391303445381 
3.32 	 0.0040240172327331925 
3.34 	 0.0041399679757939 
3.36 	 0.004268360877898865 
3.38 	 0.0044058063815359235 
3.4 	 0.004547418807655568 
3.42 	 0.00468901750088005 
3.44 	 0.004825413506384882 
3.46 	 0.0049528116482038835 
3.48 	 0.005066999567625894 
3.5 	 0.00516557980767041 
3.52 	 0.005246210179015056 
3.54 	 0.005308335409936688 
3.56 	 0.005351646200153262 
3.58 	 0.005377136880572207 
3.6 	 0.005385932863224604 
3.62 	 0.005379701895363585 
3.64 	 0.0053599577602696565 
3.66 	 0.005328000344270217 
3.68 	 0.00528475627296989 
3.7 	 0.005230450196619341 
3.72 	 0.005164998561572518 
3.74 	 0.005087521904105187 
3.76 	 0.004997261670208654 
3.78 	 0.004892897106767554 
3.8 	 0.004773902837009003 
3.82 	 0.004639530334018428 
3.84 	 0.004490473624443304 
3.86 	 0.004327387877126232 
3.88 	 0.004152701018688277 
3.9 	 0.00396867537401336 
3.92 	 0.003779211229946259 
3.94 	 0.003587637953530632 
3.96 	 0.0033984008727137153 
3.98 	 0.0032148878470807645 
4.0 	 0.0030409495216669274 
4.02 	 0.0028790571201570176 
4.04 	 0.002731646876509704 
4.06 	 0.0025997804805953173 
4.08 	 0.0024843138994640715 
4.1 	 0.0023850739497432417 
4.12 	 0.0023018437881162507 
4.14 	 0.0022339603912548615 
4.16 	 0.0021811063499470556 
4.18 	 0.0021432074189384233 
4.2 	 0.0021210253862007627 
4.22 	 0.002116270218314677 
4.24 	 0.0021319742305034154 
4.26 	 0.0021727837176191505 
4.28 	 0.0022450205587666917 
4.3 	 0.002357161161695962 
4.32 	 0.0025193319437324456 
4.34 	 0.0027440640562331107 
4.36 	 0.0030447164785000077 
4.38 	 0.0034368511996455586 
4.4 	 0.003934708554517011 
4.42 	 0.004554187512060774 
4.44 	 0.005305925277818841 
4.46 	 0.006202051533954652 
4.48 	 0.007243533446560228 
4.5 	 0.008434474738011798 
4.52 	 0.009760259474296316 
4.54 	 0.011214512713572032 
4.56 	 0.012763810138843876 
4.58 	 0.014392296616943918 
4.6 	 0.016049444978152628 
4.62 	 0.017714596615265255 
4.64 	 0.019327392854706 
4.66 	 0.02086914382988511 
4.68 	 0.022280773211086662 
4.7 	 0.0235517508332474 
4.72 	 0.02463562002119963 
4.74 	 0.025533240567448993 
4.76 	 0.026218464867249918 
4.78 	 0.026702911503549677 
4.8 	 0.026982590886620368 
4.82 	 0.027076265230381757 
4.84 	 0.02699856951784047 
4.86 	 0.026770812632887598 
4.88 	 0.026419830470885856 
4.9 	 0.025965895143260132 
4.92 	 0.025441599776432205 
4.94 	 0.024864673066192368 
4.96 	 0.0242687862449951 
4.98 	 0.02366957335226929 
5.0 	 0.023099129722731673 
5.02 	 0.022572477880836436 
5.04 	 0.022118712652329682 
5.06 	 0.02175364270189253 
5.08 	 0.02150203138350998 
5.1 	 0.021380900444834396 
5.12 	 0.02140848120380158 
5.14 	 0.021602033667337008 
5.16 	 0.02196972304971315 
5.18 	 0.0225268562779493 
5.2 	 0.023267004917004893 
5.22 	 0.024201024615817787 
5.24 	 0.02530370808418414 
5.26 	 0.026580096591167408 
5.28 	 0.027984443554604017 
5.3 	 0.029517072960817698 
5.32 	 0.03111433356282301 
5.34 	 0.03277578840827405 
5.36 	 0.03442761172056812 
5.38 	 0.036074528328668455 
5.4 	 0.03764400685141726 
5.42 	 0.03915203688972189 
5.44 	 0.04053932253260323 
5.46 	 0.041837578485704206 
5.48 	 0.04300911213444259 
5.5 	 0.04410303237412924 
5.52 	 0.045104826767836566 
5.54 	 0.04607967964837545 
5.56 	 0.04702998745018816 
5.58 	 0.04803348676307666 
5.6 	 0.04909693852008505 
5.62 	 0.05030666182897798 
5.64 	 0.051658581274894255 
5.66 	 0.05324571864539745 
5.68 	 0.05503952236821534 
5.7 	 0.05714256249505898 
5.72 	 0.05949281812260152 
5.74 	 0.06221172099831858 
5.76 	 0.06520004762303233 
5.78 	 0.0686141258819985 
5.8 	 0.07231667777381869 
5.82 	 0.07652077710507806 
5.84 	 0.08104794994003782 
5.86 	 0.0861945897950141 
5.88 	 0.09172812361391201 
5.9 	 0.09805913048396994 
5.92 	 0.10486921284339434 
5.94 	 0.11271891024638545 
5.96 	 0.12114458102285679 
5.98 	 0.13089931257157375 
6.0 	 0.14128249693572778 
6.02 	 0.15329219710654915 
6.04 	 0.16587268122228402 
6.06 	 0.18033112194768156 
6.08 	 0.19513362887325025 
6.1 	 0.21196737578940503 
6.12 	 0.22872856948618311 
6.14 	 0.24754431868388463 
6.16 	 0.265720110636272 
6.18 	 0.2858422271290831 
6.2 	 0.30470015096440134 
6.22 	 0.32528701216301414 
6.24 	 0.3440416674904136 
6.26 	 0.3642227628585939 
6.28 	 0.3821441403604599 
6.3 	 0.40110232936440415 
6.32 	 0.4175408973682894 
6.34 	 0.4344984129142147 
6.36 	 0.4488268188858822 
6.38 	 0.46296921582314726 
6.4 	 0.4745073990688361 
6.42 	 0.4849484823055473 
6.44 	 0.49297072163962175 
6.46 	 0.4988673493105168 
6.48 	 0.5027587858334472 
6.5 	 0.5036085647371088 
6.52 	 0.5031572699763119 
6.54 	 0.49918690406087746 
6.56 	 0.49489925887457176 
6.58 	 0.48733312576157817 
6.6 	 0.48057623393713617 
6.62 	 0.4715317124810474 
6.64 	 0.46429604432700583 
6.66 	 0.4561822567751488 
6.68 	 0.45043177358930886 
6.7 	 0.44506624962294217 
6.72 	 0.4419821835027179 
6.74 	 0.4399280822479284 
6.76 	 0.4395112441697223 
6.78 	 0.44000451144234815 
6.8 	 0.44122939469517675 
6.82 	 0.44263467313137517 
6.84 	 0.44396413729653345 
6.86 	 0.44444293420587283 
6.88 	 0.4444001995249988 
6.9 	 0.44251373083034945 
6.92 	 0.4401183483223033 
6.94 	 0.43521561628673777 
6.96 	 0.4302099122553375 
6.98 	 0.42253766877597776 
7.0 	 0.4153849653944479 
7.02 	 0.405913179985913 
7.04 	 0.3975812798209391 
7.06 	 0.3876150070883706 
7.08 	 0.3792222871926043 
7.1 	 0.36996699339762734 
7.12 	 0.36244642413150163 
7.14 	 0.35472636162260135 
7.16 	 0.3486610991701348 
7.18 	 0.3428879463816948 
7.2 	 0.3385527039745535 
7.22 	 0.334875239143852 
7.24 	 0.33238467160857077 
7.26 	 0.33086594571672623 
7.28 	 0.3302999295041008 
7.3 	 0.33100927422639986 
7.32 	 0.33244862221761984 
7.34 	 0.33544909775735116 
7.36 	 0.3389348534476034 
7.38 	 0.344212928079647 
7.4 	 0.34968146638140674 
7.42 	 0.3570771200480953 
7.44 	 0.36431519111847593 
7.46 	 0.3734843112810488 
7.48 	 0.3821182105564181 
7.5 	 0.39252803552334725 
7.52 	 0.4020376659999506 
7.54 	 0.41298149776976645 
7.56 	 0.42272425031842636 
7.58 	 0.43334386897716326 
7.6 	 0.44257870789372594 
7.62 	 0.4518909036816354 
7.64 	 0.4597998780531311 
7.66 	 0.4667297313293084 
7.68 	 0.47243911062893484 
7.7 	 0.4758677514204648 
7.72 	 0.4784766237542423 
7.74 	 0.4773178689916088 
7.76 	 0.47594962767121146 
7.78 	 0.46927542281989 
7.8 	 0.4631740083197151 
7.82 	 0.45040593842420634 
7.84 	 0.4391000516421288 
7.86 	 0.4202685073046804 
7.88 	 0.40381886631294805 
7.9 	 0.3798550240527376 
7.92 	 0.35915841946104443 
7.94 	 0.33209172592417613 
7.96 	 0.3090756448490164 
7.98 	 0.28183581380065503 
8.0 	 0.2591628587947727 
8.02 	 0.234693746428419 
8.04 	 0.2147797199102424 
8.06 	 0.19486497407250472 
8.08 	 0.1788963104135688 
8.1 	 0.16372868640015836 
8.12 	 0.15156997019030236 
8.14 	 0.14029109629968645 
8.16 	 0.1311021881505814 
8.18 	 0.12257448911837086 
8.2 	 0.11543034540102362 
8.22 	 0.1087086641406313 
8.24 	 0.10291150008250287 
8.26 	 0.09738364852175586 
8.28 	 0.09251824570225288 
8.3 	 0.08785816354587205 
8.32 	 0.08372231170186635 
8.34 	 0.07978286061016165 
8.36 	 0.07629263360569198 
8.38 	 0.07301180502635649 
8.4 	 0.07013234560422095 
8.42 	 0.06747918006548213 
8.44 	 0.06519156498488717 
8.46 	 0.06314585374106184 
8.48 	 0.06143702275985108 
8.5 	 0.05998305945536986 
8.52 	 0.05883965876439782 
8.54 	 0.05795628946704593 
8.56 	 0.057350015645280715 
8.58 	 0.05699032239296414 
8.6 	 0.05685470217842269 
8.62 	 0.056921286447331784 
8.64 	 0.057130481081797524 
8.66 	 0.057460024870650675 
8.68 	 0.05782373914408938 
8.7 	 0.05819365832175136 
8.72 	 0.05847692880106972 
8.74 	 0.05863814434807421 
8.76 	 0.05860372916703189 
8.78 	 0.058331525115267936 
8.8 	 0.05779181129009149 
8.82 	 0.05693764856309344 
8.84 	 0.05579797011248307 
8.86 	 0.05432364697917317 
8.88 	 0.05260200452398326 
8.9 	 0.05058453375335604 
8.92 	 0.04840220681648463 
8.94 	 0.0460096905199902 
8.96 	 0.043558364596907144 
8.98 	 0.04100784985568439 
9.0 	 0.038506298960020884 
9.02 	 0.03601898793098885 
9.04 	 0.03367318499881284 
9.06 	 0.03143956523529663 
9.08 	 0.029415421511146456 
9.1 	 0.027576073057262375 
9.12 	 0.025987377139398134 
9.14 	 0.024628515187832205 
9.16 	 0.023537165227586972 
9.18 	 0.02269570603202714 
9.2 	 0.022118362167512548 
9.22 	 0.02178994296590131 
9.24 	 0.021705054999883445 
9.26 	 0.021849854531051177 
9.28 	 0.022201506947866226 
9.3 	 0.022746352351142425 
9.32 	 0.02344553399391884 
9.34 	 0.024285069126331008 
9.36 	 0.025212647749106035 
9.38 	 0.026214862436346745 
9.4 	 0.02723136673285979 
9.42 	 0.028251776957432397 
9.44 	 0.02921627107664022 
9.46 	 0.030120817958059057 
9.48 	 0.030916211050048208 
9.5 	 0.03160780830600093 
9.52 	 0.03216559984708188 
9.54 	 0.03260588715218684 
9.56 	 0.03292170677409476 
9.58 	 0.033139476790243205 
9.6 	 0.033272419392868104 
9.62 	 0.03335344159009667 
9.64 	 0.03340667127898177 
9.66 	 0.03346549017119208 
9.68 	 0.03355205964513803 
9.7 	 0.03369352247669057 
9.72 	 0.0338982939314247 
9.74 	 0.03418272916669881 
9.76 	 0.03453574538721451 
9.78 	 0.03496343292687378 
9.8 	 0.035438494171989056 
9.82 	 0.03596353595373039 
9.84 	 0.036506513379217884 
9.86 	 0.03707784799618941 
9.88 	 0.037655106357251944 
9.9 	 0.03826795682970586 
9.92 	 0.03891273512427086 
9.94 	 0.03964474136348798 
9.96 	 0.04047587382316441 
9.98 	 0.04148512861078514 
10.0 	 0.04268223441313917 
10.02 	 0.04416053082675351 
10.04 	 0.045899972219561894 
10.06 	 0.0479966527912038 
10.08 	 0.05037297158999306 
10.1 	 0.05312044443230981 
10.12 	 0.05608668666111318 
10.14 	 0.05935897228539466 
10.16 	 0.06271147667060831 
10.18 	 0.0662332204996588 
10.2 	 0.06964777996958417 
10.22 	 0.07305185280478223 
10.24 	 0.07615918592436549 
10.26 	 0.07907500110492285 
10.28 	 0.08155167213483534 
10.3 	 0.08369780687044284 
10.32 	 0.08534596043471307 
10.34 	 0.08660021819550581 
10.36 	 0.08739425572516789 
10.38 	 0.08782135996790208 
10.4 	 0.08790978957650908 
10.42 	 0.08773991996746923 
10.44 	 0.0874037128570957 
10.46 	 0.08697052553462341 
10.48 	 0.08655204875803187 
10.5 	 0.08621108552496438 
10.52 	 0.08603567712342661 
10.54 	 0.08608811746185235 
10.56 	 0.08640043200281745 
10.58 	 0.08704195649941245 
10.6 	 0.08797187266018974 
10.62 	 0.08927568064065887 
10.64 	 0.09083775429917947 
10.66 	 0.0927697021853804 
10.68 	 0.09489014795518207 
10.7 	 0.09734577075345842 
10.72 	 0.09990421099503859 
10.74 	 0.10275297993482418 
10.76 	 0.10562363639004166 
10.78 	 0.10874544166906289 
10.8 	 0.11182439600000603 
10.82 	 0.11512715334665709 
10.84 	 0.11833837638502265 
10.86 	 0.12175315628529833 
10.88 	 0.12503440527040216 
10.9 	 0.12849319025770503 
10.92 	 0.1317705191114641 
10.94 	 0.13517818630398185 
10.96 	 0.13834166087160912 
10.98 	 0.14155545813988785 
11.0 	 0.14444741386989624 
11.02 	 0.14727383547306477 
11.04 	 0.1496958595656294 
11.06 	 0.151908555644766 
11.08 	 0.15364706839826983 
11.1 	 0.15502301527605694 
11.12 	 0.1558881829090183 
11.14 	 0.1562543904374663 
11.16 	 0.1561237571661539 
11.18 	 0.15540344045895144 
11.2 	 0.15425971460164656 
11.22 	 0.15250525219327096 
11.24 	 0.15045739241151007 
11.26 	 0.14785891246423638 
11.28 	 0.1451385008741502 
11.3 	 0.14200305367402635 
11.32 	 0.1389346157234735 
11.34 	 0.13564021710050997 
11.36 	 0.13259218199160142 
11.38 	 0.12952856053182332 
11.4 	 0.1268563200865495 
11.42 	 0.12436556938783014 
11.44 	 0.12235751733102151 
11.46 	 0.12068421454133309 
11.48 	 0.11951876395309297 
11.5 	 0.11877582192119739 
11.52 	 0.11849625473968226 
11.54 	 0.11865251996145165 
11.56 	 0.11916663207883997 
11.58 	 0.12006198827882934 
11.6 	 0.12117075623220537 
11.62 	 0.12255999097881706 
11.64 	 0.12401192536559 
11.66 	 0.12562966063022413 
11.68 	 0.12718774465486346 
11.7 	 0.12881700422349746 
11.72 	 0.13031754795093636 
11.74 	 0.13183839743402145 
11.76 	 0.13321913323327753 
11.78 	 0.1346149820691729 
11.8 	 0.135895868313448 
11.82 	 0.13720660717335328 
11.84 	 0.13842290846038385 
11.86 	 0.1396561276922048 
11.88 	 0.14076660448683895 
11.9 	 0.1418030049046444 
11.92 	 0.14261546828966618 
11.94 	 0.14315754971060765 
11.96 	 0.14331549175343336 
11.98 	 0.14291817186259173 
12.0 	 0.14197062259525847 
12.02 	 0.14016027432392847 
12.04 	 0.1377017664005418 
12.06 	 0.1341496211583212 
12.08 	 0.12998362177751985 
12.1 	 0.12466673709032809 
12.12 	 0.11892616368950905 
12.14 	 0.11219928458192036 
12.16 	 0.10536165888182025 
12.18 	 0.09789074228200965 
12.2 	 0.09066396712881652 
12.22 	 0.08323898031240132 
12.24 	 0.07636149264873397 
12.26 	 0.06967772733671969 
12.28 	 0.06373000806066426 
12.3 	 0.058242722296068195 
12.32 	 0.05355384294635915 
12.34 	 0.04945227190761427 
12.36 	 0.04611491920747608 
12.38 	 0.04338483701697497 
12.4 	 0.041330930267521146 
12.42 	 0.03984226427939472 
12.44 	 0.03892085021971155 
12.46 	 0.03849362938435069 
12.48 	 0.03851963377294742 
12.5 	 0.038955639960981996 
12.52 	 0.03972939005943231 
12.54 	 0.04082138819266718 
12.56 	 0.04213526571542951 
12.58 	 0.043672418376658716 
12.6 	 0.045320505704249794 
12.62 	 0.04710162040667116 
12.64 	 0.048897758863349045 
12.66 	 0.050751758460417504 
12.68 	 0.05254991773377493 
12.7 	 0.054353341595190924 
12.72 	 0.056058465127874775 
12.74 	 0.05773814548659905 
12.76 	 0.059298778560820005 
12.78 	 0.06081516720303873 
12.8 	 0.06219955580222045 
12.82 	 0.06351842805496251 
12.84 	 0.06468710087011878 
12.86 	 0.06575647807588555 
12.88 	 0.06664851688483879 
12.9 	 0.0673963753553913 
12.92 	 0.06793942633943967 
12.94 	 0.06829552276318919 
12.96 	 0.06843483716095383 
12.98 	 0.06836433627751337 
13.0 	 0.06809346885557713 
13.02 	 0.06762166545672599 
13.04 	 0.06699566659108687 
13.06 	 0.06620803387551208 
13.08 	 0.06533054018608835 
13.1 	 0.06434756705571212 
13.12 	 0.0633391765353979 
13.14 	 0.06228070312058108 
13.16 	 0.06124680558274644 
13.18 	 0.06020580775847735 
13.2 	 0.05922105604296934 
13.22 	 0.05825972309756709 
13.24 	 0.05737552526103057 
13.26 	 0.056543084109769395 
13.28 	 0.0558116157496332 
13.3 	 0.05517209598103784 
13.32 	 0.05467231559488556 
13.34 	 0.05432613235292323 
13.36 	 0.05417658400518848 
13.38 	 0.05426272163378432 
13.4 	 0.05461149482581252 
13.42 	 0.05528514032165996 
13.44 	 0.05627679603375237 
13.46 	 0.057667503717525444 
13.48 	 0.059396801938314585 
13.5 	 0.06156096438512772 
13.52 	 0.06402993117442042 
13.54 	 0.0669149746397675 
13.56 	 0.07001017216770994 
13.58 	 0.07344494980885521 
13.6 	 0.07694544200712204 
13.62 	 0.0806629898622292 
13.64 	 0.08427902963850831 
13.66 	 0.08796717261585517 
13.68 	 0.09139902406645806 
13.7 	 0.09476468061910708 
13.72 	 0.09776391047802592 
13.74 	 0.10059161396101357 
13.76 	 0.10300623793547783 
13.78 	 0.10519299973793873 
13.8 	 0.10698391532340128 
13.82 	 0.10854157223912665 
13.84 	 0.10976888294094624 
13.86 	 0.11079807261216802 
13.88 	 0.11158723566527685 
13.9 	 0.11223734242083695 
13.92 	 0.11274045310436706 
13.94 	 0.11317126372145507 
13.96 	 0.11353524967963495 
13.98 	 0.11388848940828199 
14.0 	 0.11423272572789966 
14.02 	 0.11461156422007182 
14.04 	 0.11500985681061288 
14.06 	 0.11545986241105216 
14.08 	 0.11592160515522698 
14.1 	 0.11641057724757964 
14.12 	 0.11686271143111687 
14.14 	 0.11726557613803583 
14.16 	 0.11754496214827792 
14.18 	 0.11764638003333357 
14.2 	 0.11751494755399541 
14.22 	 0.1170412405294455 
14.24 	 0.11623115673834837 
14.26 	 0.11491400796019778 
14.28 	 0.11319892136639548 
14.3 	 0.1108593061446265 
14.32 	 0.10813473427562215 
14.34 	 0.10476198577921382 
14.36 	 0.10110800269093641 
14.38 	 0.09690231823274195 
14.4 	 0.09260042499048604 
14.42 	 0.08795434053842534 
14.44 	 0.08344314316805021 
14.46 	 0.07886106836937957 
14.48 	 0.07464153122783389 
14.5 	 0.07062692118212814 
14.52 	 0.06715421367966784 
14.54 	 0.06411082743177891 
14.56 	 0.06171621469905046 
14.58 	 0.059898878443921354 
14.6 	 0.05876504337273451 
14.62 	 0.058284816963159465 
14.64 	 0.05846711423656604 
14.66 	 0.05932879776838134 
14.68 	 0.06079523412563517 
14.7 	 0.06293706959820652 
14.72 	 0.06560006564738505 
14.74 	 0.0689149966645209 
14.76 	 0.07264207022281398 
14.78 	 0.07697676717907681 
14.8 	 0.0815839060693692 
14.82 	 0.08672602905908443 
14.84 	 0.09196801727351651 
14.86 	 0.09763823472564041 
14.88 	 0.10321115967440696 
14.9 	 0.10907348791854368 
14.92 	 0.11463781616763313 
14.94 	 0.1203330543672404 
14.96 	 0.12555589778751747 
14.98 	 0.13075311266470047 
15.0 	 0.13536038050317062 
15.02 	 0.13981413552777971 
15.04 	 0.1436391050048801 
15.06 	 0.14723626259520914 
15.08 	 0.15024975150196457 
15.1 	 0.1530285585909893 
15.12 	 0.1553364853387637 
15.14 	 0.15746333129803886 
15.16 	 0.1592623122524737 
15.18 	 0.16096179723161225 
15.2 	 0.16245657112410897 
15.22 	 0.16391002272566285 
15.24 	 0.16521658490066068 
15.26 	 0.16646541864855222 
15.28 	 0.1675393556140276 
15.3 	 0.1684374597058883 
15.32 	 0.1690638675268321 
15.34 	 0.16930767028011348 
15.36 	 0.16916479170731766 
15.38 	 0.16839706105932606 
15.4 	 0.16717365035355175 
15.42 	 0.16512458033363567 
15.44 	 0.1626479922675125 
15.46 	 0.15925966630479496 
15.48 	 0.155586340585824 
15.5 	 0.1510705427856093 
15.52 	 0.14650297920676247 
15.54 	 0.14130703411299814 
15.56 	 0.13632842820683252 
15.58 	 0.13102215868749686 
15.6 	 0.12617405051220432 
15.62 	 0.12130579320827914 
15.64 	 0.1170585358381093 
15.66 	 0.11303731518536242 
15.68 	 0.10970025856678278 
15.7 	 0.10673785277691107 
15.72 	 0.10442769786093498 
15.74 	 0.10253807370892846 
15.76 	 0.10119320113189648 
15.78 	 0.10022468345481877 
15.8 	 0.09964106956178945 
15.82 	 0.09931751901720076 
15.84 	 0.09918866725841916 
15.86 	 0.09914967141611665 
15.88 	 0.0991064177874477 
15.9 	 0.09894938988466377 
15.92 	 0.09860455706376893 
15.94 	 0.0979363998824716 
15.96 	 0.09693999647172363 
15.98 	 0.09544160560980408 
16.0 	 0.09354539797986519 
16.02 	 0.09104118507194017 
16.04 	 0.08816024851770453 
16.06 	 0.08467211185535416 
16.08 	 0.08092085365641154 
16.1 	 0.07667970037259456 
16.12 	 0.0723588290935093 
16.14 	 0.06775577416357836 
16.16 	 0.06328179216033826 
16.18 	 0.05876723026446447 
16.2 	 0.0545642095693794 
16.22 	 0.05053221816262442 
16.24 	 0.04692867206186176 
16.26 	 0.0436336806497216 
16.28 	 0.04080517079675879 
16.3 	 0.03833817758146872 
16.32 	 0.036309228369327554 
16.34 	 0.03462795368667646 
16.36 	 0.03331649751852195 
16.38 	 0.03230169570049603 
16.4 	 0.03157564641994503 
16.42 	 0.031084121107004176 
16.44 	 0.030805251904341503 
16.46 	 0.030702414621587387 
16.48 	 0.030747439368878735 
16.5 	 0.030917106310444663 
16.52 	 0.031179071355564955 
16.54 	 0.031518075738171204 
16.56 	 0.03189783849647508 
16.58 	 0.032306200324593755 
16.6 	 0.03270428200304309 
16.62 	 0.03308006688974159 
16.64 	 0.033396176617000214 
16.66 	 0.03364030453064225 
16.68 	 0.033783419631412966 
16.7 	 0.03381487109926038 
16.72 	 0.0337218052413271 
16.74 	 0.03349862941429844 
16.76 	 0.033154518782236034 
16.78 	 0.03269235572663683 
16.8 	 0.03214444782258075 
16.82 	 0.031524258357589 
16.84 	 0.030882605139067563 
16.86 	 0.030243821634669134 
16.88 	 0.029668293408291194 
16.9 	 0.029190226501928603 
16.92 	 0.028869026909966348 
16.94 	 0.02874755520428125 
16.96 	 0.02887411885098274 
16.98 	 0.029299632875347197 
17.0 	 0.030051640731337766 
17.02 	 0.031189433083040424 
17.04 	 0.03270893037210175 
17.06 	 0.03467915341846905 
17.08 	 0.03705069844824769 
17.1 	 0.03990501630165573 
17.12 	 0.043131086475845314 
17.14 	 0.0468270167795589 
17.16 	 0.050804607522058585 
17.18 	 0.05518332172035528 
17.2 	 0.05968930157583144 
17.22 	 0.0644652734903302 
17.24 	 0.06915828951324976 
17.26 	 0.07392842886833063 
17.28 	 0.07837208012812215 
17.3 	 0.08264856929438623 
17.32 	 0.08635599115616895 
17.34 	 0.08962246795563775 
17.36 	 0.09211832643704988 
17.38 	 0.09390441974497306 
17.4 	 0.09479733900901588 
17.42 	 0.0947619686865314 
17.44 	 0.09381777705411783 
17.46 	 0.09182649259545349 
17.48 	 0.08902886269041506 
17.5 	 0.08520498768499073 
17.52 	 0.08078516199287794 
17.54 	 0.0755118980455408 
17.56 	 0.0699277431616308 
17.58 	 0.06378578243019455 
17.6 	 0.05764071285061988 
17.62 	 0.05128855210578483 
17.64 	 0.04520603271021403 
17.66 	 0.039239933534633176 
17.68 	 0.03373583334267889 
17.7 	 0.02858057306245961 
17.72 	 0.02398012175257563 
17.74 	 0.01984513459378969 
17.76 	 0.01626672005860975 
17.78 	 0.013167505834446392 
17.8 	 0.010562108571079516 
17.82 	 0.008380601821602735 
17.84 	 0.0065971538856698 
17.86 	 0.005149894115687333 
17.88 	 0.0039985877509359025 
17.9 	 0.003091617720112878 
17.92 	 0.0023894973187811542 
17.94 	 0.001852178920204319 
17.96 	 0.0014476507102223841 
17.98 	 0.0011470702059390042 
18.0 	 0.0009274017473069203 
18.02 	 0.000769314228642348 
18.04 	 0.0006576551535708653 
18.06 	 0.0005803276368945218 
18.08 	 0.0005280923063415266 
18.1 	 0.0004938641972562071 
18.12 	 0.00047238611215391857 
18.14 	 0.0004597708023650486 
18.16 	 0.0004532198998381326 
18.18 	 0.00045073614174898633 
18.2 	 0.0004509243182129242 
18.22 	 0.0004528220284724978 
18.24 	 0.00045577279295383455 
18.26 	 0.00045933483473511094 
18.28 	 0.00046320584317939334 
18.3 	 0.0004671797691958962 
18.32 	 0.00047110467734652617 
18.34 	 0.00047486699841562486 
18.36 	 0.0004783688783772664 
18.38 	 0.00048152649516230376 
18.4 	 0.0004842580173500867 
18.42 	 0.000486487657733645 
18.44 	 0.0004881392174292509 
18.46 	 0.0004891412346538774 
18.48 	 0.0004894240789298794 
18.5 	 0.0004889240773856777 
18.52 	 0.00048758387481591907 
18.54 	 0.00048535454366678365 
18.56 	 0.00048219914868673404 
18.58 	 0.00047809169498580864 
18.6 	 0.00047302304448067613 
18.62 	 0.0004669951472936932 
18.64 	 0.0004600279707597546 
18.66 	 0.00045214810594775326 
18.68 	 0.0004433962309331265 
18.7 	 0.00043381117498489586 
18.72 	 0.00042343922068848876 
18.74 	 0.00041231665844814174 
18.76 	 0.00040048314618816344 
18.78 	 0.0003879657486650474 
18.8 	 0.0003747971973876453 
18.82 	 0.00036100196932159213 
18.84 	 0.00034661737391379036 
18.86 	 0.0003316794409559554 
18.88 	 0.0003162429517669312 
18.9 	 0.0003003645777871711 
18.92 	 0.0002841192661555319 
18.94 	 0.0002675808002725541 
18.96 	 0.00025083532439934363 
18.98 	 0.00023396267350909175 
19.0 	 0.00021704992674001866 
19.02 	 0.00020017710452283614 
19.04 	 0.0001834321877515805 
19.06 	 0.00016690155569114786 
19.08 	 0.0001506842639208924 
19.1 	 0.00013488396434441075 
19.12 	 0.0001196181809375275 
19.14 	 0.00010500801905487539 
19.16 	 9.118006531942632e-05 
19.18 	 7.825343169383148e-05 
19.2 	 6.633624842418335e-05 
19.22 	 5.5513447068153163e-05 
19.24 	 4.584287751100421e-05 
19.26 	 3.734827722356427e-05 
19.28 	 3.001942200675902e-05 
19.3 	 2.3812292205469838e-05 
19.32 	 1.8654272045431478e-05 
19.34 	 1.4449868530602009e-05 
19.36 	 1.1088666838031777e-05 
19.38 	 8.452794509354969e-06 
19.4 	 6.4242844517825925e-06 
19.42 	 4.890867789341424e-06 
19.44 	 3.7504553189362474e-06 
19.46 	 2.913843868839255e-06 
19.48 	 2.3059276125107927e-06 
19.5 	 1.8656973864901088e-06 
19.52 	 1.5452188026004903e-06 
19.54 	 1.3081233687442303e-06 
19.56 	 1.12772358080698e-06 
19.58 	 9.851684973278997e-07 
19.6 	 8.676328266306476e-07 
19.62 	 7.668670915771164e-07 
19.64 	 6.776342988551899e-07 
19.66 	 5.972094663188382e-07 
19.68 	 5.238770196213408e-07 
19.7 	 4.570431731064618e-07 
19.72 	 3.9649411128908605e-07 
19.74 	 3.4215934584155783e-07 
19.76 	 2.938968378799561e-07 
19.78 	 2.516708635397931e-07 
19.8 	 2.152947079658492e-07 
19.82 	 1.8431718463976653e-07 
19.84 	 1.5822619633075075e-07 
19.86 	 1.367744784853296e-07 
19.88 	 1.1920928955078125e-07 
19.9 	 1.0510337337602589e-07 
19.92 	 9.365234591049355e-08 
19.94 	 8.494968899333014e-08 
19.96 	 7.81423485405856e-08 
19.98 	 7.300048299977713e-08 
20.0 	 6.909384202581423e-08 
20.02 	 6.622220886733822e-08 
20.04 	 6.452392069879463e-08 
20.06 	 6.27797080068019e-08 
20.08 	 6.233602959916559e-08 
20.1 	 6.188917057900187e-08 
20.12 	 6.188917057900187e-08 
20.14 	 6.188917057900187e-08 
20.16 	 6.233602959916559e-08 
20.18 	 6.27797080068019e-08 
20.2 	 6.27797080068019e-08 
20.22 	 6.322027276634104e-08 
20.24 	 6.322027276634104e-08 
20.26 	 6.322027276634104e-08 
20.28 	 6.322027276634104e-08 
20.3 	 6.27797080068019e-08 
20.32 	 6.233602959916559e-08 
20.34 	 6.188917057900187e-08 
20.36 	 6.188917057900187e-08 
20.38 	 6.098563054108955e-08 
20.4 	 6.006850114687196e-08 
20.42 	 5.960464477539063e-08 
20.44 	 5.913715014751086e-08 
20.46 	 5.866593028613784e-08 
20.48 	 5.7711949142924205e-08 
20.5 	 5.7228995471213816e-08 
20.52 	 5.6250649953415616e-08 
20.54 	 5.5755039852469285e-08 
20.56 	 5.5755039852469285e-08 
20.58 	 5.475036224983286e-08 
20.6 	 5.4241045484546706e-08 
20.62 	 5.3207788084021586e-08 
20.64 	 5.268356063861754e-08 
20.66 	 5.21540641784668e-08 
20.68 	 5.10786071449596e-08 
20.7 	 5.053229617420784e-08 
20.72 	 4.998001405968792e-08 
20.74 	 4.8856724234685304e-08 
20.76 	 4.7706993203109864e-08 
20.78 	 4.712160915387242e-08 
20.8 	 4.59284633619262e-08 
20.82 	 4.470348358154297e-08 
20.84 	 4.344397704933063e-08 
20.86 	 4.148307712994532e-08 
20.88 	 4.012260442327338e-08 
20.9 	 3.7990655851310376e-08 
20.92 	 3.650024149988857e-08 
20.94 	 3.414284955677271e-08 
20.96 	 3.247632789269592e-08 
20.98 	 3.0719530773294423e-08 
21.0 	 2.8855974571462102e-08 
21.02 	 2.5809568279517847e-08 
21.04 	 2.47107803102985e-08 
21.06 	 2.356080457693621e-08 
21.08 	 2.1073424255447017e-08 
21.1 	 1.971238338250362e-08 
21.12 	 1.8250120749944284e-08 
21.14 	 1.666000468656264e-08 
21.16 	 1.666000468656264e-08 
21.18 	 1.4901161193847656e-08 
21.2 	 1.4901161193847656e-08 
21.22 	 1.2904784139758924e-08 
21.24 	 1.2904784139758924e-08 
21.26 	 1.2904784139758924e-08 
21.28 	 1.0536712127723509e-08 
21.3 	 1.0536712127723509e-08 
21.32 	 1.0536712127723509e-08 
21.34 	 7.450580596923828e-09 
21.36 	 1.0536712127723509e-08 
21.38 	 7.450580596923828e-09 
21.4 	 7.450580596923828e-09 
21.42 	 7.450580596923828e-09 
21.44 	 7.450580596923828e-09 
21.46 	 7.450580596923828e-09 
21.48 	 7.450580596923828e-09 
21.5 	 0.0 
21.52 	 0.0 
21.54 	 7.450580596923828e-09 
21.56 	 0.0 
21.58 	 0.0 
21.6 	 0.0 
21.62 	 7.450580596923828e-09 
21.64 	 7.450580596923828e-09 
21.66 	 1.0536712127723509e-08 
21.68 	 1.0536712127723509e-08 
21.7 	 1.2904784139758924e-08 
21.72 	 1.971238338250362e-08 
21.74 	 2.7877519926234643e-08 
21.76 	 4.012260442327338e-08 
21.78 	 6.006850114687196e-08 
21.8 	 9.125060374972142e-08 
21.82 	 1.401818373965232e-07 
21.84 	 2.1580976781189797e-07 
21.86 	 3.3127865307652516e-07 
21.88 	 5.059816493496193e-07 
21.9 	 7.664326469619951e-07 
21.92 	 1.149395444637182e-06 
21.94 	 1.7041808619148812e-06 
21.96 	 2.495799932278608e-06 
21.98 	 3.6079047085076043e-06 
22.0 	 5.145525450117514e-06 
22.02 	 7.237233362567033e-06 
22.04 	 1.0035929298435899e-05 
22.06 	 1.3717949429129314e-05 
22.08 	 1.8479539743244403e-05 
22.1 	 2.453055998855817e-05 
22.12 	 3.208436369105929e-05 
22.14 	 4.134516555162074e-05 
22.16 	 5.2491204239345274e-05 
22.18 	 6.565823295014913e-05 
22.2 	 8.091958726400984e-05 
22.22 	 9.827298917839021e-05 
22.24 	 0.00011762471191913527 
22.26 	 0.00013878995591350542 
22.28 	 0.00016148871064392058 
22.3 	 0.0001853680218504358 
22.32 	 0.00021001225131477464 
22.34 	 0.00023498743977195537 
22.36 	 0.00025985977867822084 
22.38 	 0.00028425133522615924 
22.4 	 0.0003078527506517909 
22.42 	 0.00033047261114198056 
22.44 	 0.0003520294125122744 
22.46 	 0.00037257940458405067 
22.48 	 0.00039228053952741407 
22.5 	 0.00041139526896585566 
22.52 	 0.00043023141178251964 
22.54 	 0.00044913043072102813 
22.56 	 0.00046839960895396775 
22.58 	 0.0004883045809375616 
22.6 	 0.000509008739810277 
22.62 	 0.000530587347211638 
22.64 	 0.0005529839760782254 
22.66 	 0.0005760544791667284 
22.68 	 0.0005995409795374616 
22.7 	 0.0006231426115572796 
22.72 	 0.0006464999628028163 
22.74 	 0.0006692805589477962 
22.76 	 0.0006911633493796683 
22.78 	 0.0007119231450295692 
22.8 	 0.0007314060173461904 
22.82 	 0.0007495993088213587 
22.84 	 0.0007665934993848017 
22.86 	 0.000782632050193707 
22.88 	 0.0007980609075147378 
22.9 	 0.000813361892602392 
22.92 	 0.0008290940049791462 
22.94 	 0.0008459205462745714 
22.96 	 0.0008645437980028675 
22.98 	 0.0008857366656382365 
23.0 	 0.0009102643581738537 
23.02 	 0.0009389279099971408 
23.04 	 0.0009724575141950646 
23.06 	 0.0010115738034742747 
23.08 	 0.0010568336756277997 
23.1 	 0.0011087213974029625 
23.12 	 0.0011674329091411687 
23.14 	 0.0012330226594036108 
23.16 	 0.0013051246685684683 
23.18 	 0.0013831941126322914 
23.2 	 0.0014661759509101433 
23.22 	 0.0015528788949357984 
23.24 	 0.0016416079890527121 
23.26 	 0.0017306826504206608 
23.28 	 0.001818046871704202 
23.3 	 0.001901896343839736 
23.32 	 0.0019802749300335803 
23.34 	 0.0020517287572463182 
23.36 	 0.0021148978578344815 
23.38 	 0.0021690936716992535 
23.4 	 0.002213901359411376 
23.42 	 0.002249595937766988 
23.44 	 0.0022767769983272497 
23.46 	 0.0022965905279169205 
23.48 	 0.0023104162328678244 
23.5 	 0.002319923468355618 
23.52 	 0.0023268213704903625 
23.54 	 0.0023328232134381295 
23.56 	 0.0023394564353753167 
23.58 	 0.0023480255310281534 
23.6 	 0.0023594680669614867 
23.62 	 0.0023743909709110474 
23.64 	 0.0023929518022971206 
23.66 	 0.0024150069374707203 
23.68 	 0.0024399956433370433 
23.7 	 0.0024671963095676693 
23.72 	 0.002495595599522785 
23.74 	 0.002524214298773366 
23.76 	 0.002551954211130235 
23.78 	 0.002577936241419185 
23.8 	 0.00260132908135605 
23.82 	 0.0026216410708637065 
23.84 	 0.002638541746307821 
23.86 	 0.002652065159436037 
23.88 	 0.0026624366148006295 
23.9 	 0.00267017477284179 
23.92 	 0.002675933407292872 
23.94 	 0.0026805233101181956 
23.96 	 0.002684773835723765 
23.98 	 0.0026895194044667266 
24.0 	 0.0026954773784167965 
24.02 	 0.002703247899476839 
24.04 	 0.0027131954132913394 
24.06 	 0.0027254970252533406 
24.08 	 0.002740012511528645 
24.1 	 0.0027563974271478248 
24.12 	 0.002773958383896765 
24.14 	 0.0027918317985845646 
24.16 	 0.0028088449046612643 
24.18 	 0.0028237455923398 
24.2 	 0.002835109452509948 
24.22 	 0.0028415805609837146 
24.24 	 0.0028418637772753465 
24.26 	 0.0028349022886708306 
24.28 	 0.0028199705607690312 
24.3 	 0.002796695148018248 
24.32 	 0.002765235101586984 
24.34 	 0.002726077001358146 
24.36 	 0.002680278853119222 
24.38 	 0.0026290418615203493 
24.4 	 0.002574005500407243 
24.42 	 0.002516680053718984 
24.44 	 0.002458794902465447 
24.46 	 0.0024017143130135882 
24.48 	 0.002346834304076359 
24.5 	 0.0022950770575279767 
24.52 	 0.0022473044083151134 
24.54 	 0.002203923028804862 
24.56 	 0.002165262661224095 
24.58 	 0.002131277774678922 
24.6 	 0.0021018521090514462 
24.62 	 0.002076578350573567 
24.64 	 0.0020549898490450193 
24.66 	 0.0020364159221660746 
24.68 	 0.0020201706211970647 
24.7 	 0.002005479001469311 
24.72 	 0.0019916458504543946 
24.74 	 0.001978019842751964 
24.76 	 0.001964136243225657 
24.78 	 0.001949663949429851 
24.8 	 0.0019345034388955598 
24.82 	 0.001918679928661372 
24.84 	 0.001902399139311838 
24.86 	 0.0018858994906793113 
24.88 	 0.001869499371424897 
24.9 	 0.0018534562504403554 
24.92 	 0.0018380409551566512 
24.94 	 0.0018234383328385622 
24.96 	 0.0018098489442365888 
24.98 	 0.0017974222940096653 
25.0 	 0.0017863497310484449 
25.02 	 0.0017767974828751907 
25.04 	 0.001768956116274083 
25.06 	 0.0017629628000388085 
25.08 	 0.0017589108286593185 
25.1 	 0.001756791095401666 
25.12 	 0.0017564974379093686 
25.14 	 0.0017578263363101324 
25.16 	 0.001760504053019657 
25.18 	 0.001764246227868956 
25.2 	 0.0017687918982152015 
25.22 	 0.0017739792546100739 
25.24 	 0.0017797454697155491 
25.26 	 0.0017861709727677517 
25.28 	 0.0017934218762972157 
25.3 	 0.001801758521963255 
25.32 	 0.0018114393588942496 
25.34 	 0.0018227355253542376 
25.36 	 0.001835834783186299 
25.38 	 0.0018509061593252024 
25.4 	 0.0018680183659501616 
25.42 	 0.0018872587475473397 
25.44 	 0.0019086391712947385 
25.46 	 0.0019322378069588264 
25.48 	 0.001958051967368731 
25.5 	 0.0019861386874279203 
25.52 	 0.0020164033802781197 
25.54 	 0.0020487559319931716 
25.56 	 0.002082866192316092 
25.58 	 0.0021183792467438342 
25.6 	 0.002154681551421998 
25.62 	 0.0021911983648673296 
25.64 	 0.0022271871247741015 
25.66 	 0.002262086497601857 
25.68 	 0.002295315704750042 
25.7 	 0.002326606777921862 
25.72 	 0.0023557772195070778 
25.74 	 0.002382989797114615 
25.76 	 0.0024084896171440587 
25.78 	 0.002432788647381293 
25.8 	 0.0024563910880510305 
25.82 	 0.0024799487761676376 
25.84 	 0.0025040071272223207 
25.86 	 0.002529186100364254 
25.88 	 0.0025559526415490906 
25.9 	 0.0025848515878254285 
25.92 	 0.002616270425315934 
25.94 	 0.0026507102762093108 
25.96 	 0.0026884885473459274 
25.98 	 0.0027300373695125003 
26.0 	 0.002775507615572058 
26.02 	 0.002825114853275685 
26.04 	 0.0028786514889411227 
26.06 	 0.00293593561842147 
26.08 	 0.0029962717879123612 
26.1 	 0.0030590529959689085 
26.12 	 0.0031232060043095964 
26.14 	 0.0031879379107564573 
26.16 	 0.00325216300995247 
26.18 	 0.003315309775625289 
26.2 	 0.0033766900101761537 
26.22 	 0.003436253401636526 
26.24 	 0.00349386527287033 
26.26 	 0.003549948494709082 
26.28 	 0.003604686639812245 
26.3 	 0.0036585919039908697 
26.32 	 0.0037117044453105624 
26.34 	 0.003764186994009403 
26.36 	 0.003815598384215579 
26.38 	 0.0038655831061849195 
26.4 	 0.003913249167938969 
26.42 	 0.003957919590456706 
26.44 	 0.003998588738737711 
26.46 	 0.004034621681084117 
26.48 	 0.004065256868921619 
26.5 	 0.004090146711098783 
26.52 	 0.004108925758449023 
26.54 	 0.004121563683389486 
26.56 	 0.004128071810280215 
26.58 	 0.004128705025744524 
26.6 	 0.0041238703334113246 
26.62 	 0.004114208538698614 
26.64 	 0.004100687888590004 
26.66 	 0.004084548444067574 
26.68 	 0.004067471974898881 
26.7 	 0.004051365430664015 
26.72 	 0.004038467703866419 
26.74 	 0.004031027973288345 
26.76 	 0.004031256811530066 
26.78 	 0.004041070738550577 
26.8 	 0.004061866185512685 
26.82 	 0.0040945528682840935 
26.84 	 0.004139157575214896 
26.86 	 0.004195300528951183 
26.88 	 0.004261609406131083 
26.9 	 0.00433664534916539 
26.92 	 0.0044180781874771325 
26.94 	 0.004503939005158324 
26.96 	 0.004591534830286297 
26.98 	 0.004678859882474339 
27.0 	 0.004763315684197538 
27.02 	 0.004843141084332622 
27.04 	 0.004916094475226867 
27.06 	 0.004980798464130901 
27.08 	 0.00503557023663469 
27.1 	 0.00507957447334204 
27.12 	 0.005111940090843009 
27.14 	 0.00513259340080207 
27.16 	 0.005141713352191742 
27.18 	 0.005140134679341475 
27.2 	 0.00512912156813267 
27.22 	 0.005110318975937579 
27.24 	 0.005085788412397837 
27.26 	 0.005057609750380587 
27.28 	 0.005028108028120804 
27.3 	 0.004999295752231236 
27.32 	 0.004973203792218239 
27.34 	 0.004951360693925524 
27.36 	 0.004935122281657081 
27.38 	 0.004925325744710084 
27.4 	 0.004922510667268104 
27.42 	 0.00492681233455843 
27.44 	 0.004937996907567894 
27.46 	 0.004955606884474139 
27.48 	 0.004978787245595891 
27.5 	 0.005006666645813311 
27.52 	 0.005038004302177941 
27.54 	 0.0050717651118327226 
27.56 	 0.00510664643446314 
27.58 	 0.00514177560693912 
27.6 	 0.0051761747500903 
27.62 	 0.005209486945115245 
27.64 	 0.005241412179845065 
27.66 	 0.005272374982400535 
27.68 	 0.005302927685238377 
27.7 	 0.005334320482147045 
27.72 	 0.005367832566751159 
27.74 	 0.005405287967338243 
27.76 	 0.005448251868802514 
27.78 	 0.005498623352668722 
27.8 	 0.005557627477910796 
27.82 	 0.0056266701255342265 
27.84 	 0.005706062027831686 
27.86 	 0.00579631154695506 
27.88 	 0.0058965286494506285 
27.9 	 0.00600625550683767 
27.92 	 0.006123516687462103 
27.94 	 0.0062471722364290695 
27.96 	 0.006374611895262806 
27.98 	 0.00650450604190963 
28.0 	 0.006634189832372761 
28.02 	 0.0067626249451979824 
28.04 	 0.006887573804348619 
28.06 	 0.007008585376075958 
28.08 	 0.007124097394511825 
28.1 	 0.007234307403747754 
28.12 	 0.007338341461160227 
28.14 	 0.00743693558196498 
28.16 	 0.007529770238581047 
28.18 	 0.007617942846125896 
28.2 	 0.0077015070481537195 
28.22 	 0.007781757597386388 
28.24 	 0.007858956497154942 
28.26 	 0.007934480711521436 
28.28 	 0.008008676060872301 
28.3 	 0.008082936480747276 
28.32 	 0.008157599400816657 
28.34 	 0.008234033564704238 
28.36 	 0.008312474856556826 
28.38 	 0.008394205880374001 
28.4 	 0.008479235565345949 
28.42 	 0.008568664915983348 
28.44 	 0.0086621406448138 
28.46 	 0.008760507110538787 
28.48 	 0.008862998889278093 
28.5 	 0.00897025399345164 
28.52 	 0.009081226475455182 
28.54 	 0.00919657353559355 
28.56 	 0.009315254268266309 
28.58 	 0.009438238973243904 
28.6 	 0.009564728741363887 
28.62 	 0.0096961263176953 
28.64 	 0.009831793623419974 
28.66 	 0.009973292503588131 
28.68 	 0.010119619265445343 
28.7 	 0.010271822631863842 
28.72 	 0.010427730595303185 
28.74 	 0.010587083413663686 
28.76 	 0.01074590433530892 
28.78 	 0.010902158726341307 
28.8 	 0.011050106383589968 
28.82 	 0.011186195872595573 
28.84 	 0.011303928938929071 
28.86 	 0.011399311406909085 
28.88 	 0.011466878908708546 
28.9 	 0.011503742774271287 
28.92 	 0.011507383303449406 
28.94 	 0.01147736488393186 
28.96 	 0.011415261390964784 
28.98 	 0.011323563652373225 
29.0 	 0.01120771673166369 
29.02 	 0.011072465416160093 
29.04 	 0.010925584083338616 
29.06 	 0.010772572371905088 
29.08 	 0.01062137444977444 
29.1 	 0.01047663766750947 
29.12 	 0.010344615279211055 
29.14 	 0.010228054953803764 
29.16 	 0.01013055402977598 
29.18 	 0.010052722847362552 
29.2 	 0.009995472529709358 
29.22 	 0.009957655901719707 
29.24 	 0.009938053414290646 
29.26 	 0.009934389112128203 
29.28 	 0.009944065151648014 
29.3 	 0.009964288865537548 
29.32 	 0.009991819318851975 
29.34 	 0.010023858180885551 
29.36 	 0.010057178380105827 
29.38 	 0.010089384976459672 
29.4 	 0.010117809630755089 
29.42 	 0.010140748624870431 
29.44 	 0.010156463635939372 
29.46 	 0.010164073349803507 
29.48 	 0.01016292458939406 
29.5 	 0.010152938185796871 
29.52 	 0.010134508002039687 
29.54 	 0.010108237522486808 
29.56 	 0.010075392422372044 
29.58 	 0.010037077875895471 
29.6 	 0.009995140451164192 
29.62 	 0.009950924540357044 
29.64 	 0.009906434319158372 
29.66 	 0.009862877861834117 
29.68 	 0.00982188812658228 
29.7 	 0.009784099550425416 
29.72 	 0.009750281374696015 
29.74 	 0.009720157550917324 
29.76 	 0.009693392283339864 
29.78 	 0.009668742484977571 
29.8 	 0.009644921550271572 
29.82 	 0.009619999906586317 
29.84 	 0.009592245154579536 
29.86 	 0.009559537874359626 
29.88 	 0.009520341879625365 
29.9 	 0.0094728477282723 
29.92 	 0.009416255357296687 
29.94 	 0.009349409894174088 
29.96 	 0.009272557748915304 
29.98 	 0.009185355665214863 
30.0 	 0.00908917547528229 
30.02 	 0.008984492282488104 
30.04 	 0.008873680326117473 
30.06 	 0.008757893977467571 
30.08 	 0.008640170943738078 
30.1 	 0.008522014699982766 
30.12 	 0.008406560571429597 
30.14 	 0.008295147280879302 
30.16 	 0.008190327866650022 
30.18 	 0.008092744672608287 
30.2 	 0.008003847221714712 
30.22 	 0.00792331367475827 
30.24 	 0.007851412387254723 
30.26 	 0.0077870460182145025 
30.28 	 0.007729729083695645 
30.3 	 0.00767814608484788 
30.32 	 0.007631729698410283 
30.34 	 0.007589529941662637 
30.36 	 0.007551402563670802 
30.38 	 0.007517034202170748 
30.4 	 0.007486794667529203 
30.42 	 0.007460898649823745 
30.44 	 0.007440001808027589 
30.46 	 0.007424586152434981 
30.48 	 0.007415346127463979 
30.5 	 0.007412889025002724 
30.52 	 0.0074178693973978235 
30.54 	 0.0074310325809988816 
30.56 	 0.007452975827236047 
30.58 	 0.007484530981439755 
30.6 	 0.0075260256116832175 
30.62 	 0.007578052160432804 
30.64 	 0.007640182162150284 
30.66 	 0.0077122460671784215 
30.68 	 0.007792563967321788 
30.7 	 0.007879847475404322 
30.72 	 0.007971087856315003 
30.74 	 0.008064033530996316 
30.76 	 0.00815490706413545 
30.78 	 0.008241179864004262 
30.8 	 0.008319305311781574 
30.82 	 0.00838735221913233 
30.84 	 0.008442964787226486 
30.86 	 0.008485431334103566 
30.88 	 0.008514087166067991 
30.9 	 0.008529569036481988 
30.92 	 0.00853281832486837 
30.94 	 0.008525499728227593 
30.96 	 0.008509632813234127 
30.98 	 0.008487334816498663 
31.0 	 0.008460964413851097 
31.02 	 0.008432446143288759 
31.04 	 0.0084037282727781 
31.06 	 0.008375968925270552 
31.08 	 0.00835012613726438 
31.1 	 0.008326240420237548 
31.12 	 0.008304060905183824 
31.14 	 0.008282543105284493 
31.16 	 0.00826050922472842 
31.18 	 0.008236314613361776 
31.2 	 0.008208596391408321 
31.22 	 0.008175914358236747 
31.24 	 0.008137646741074898 
31.26 	 0.00809336430121913 
31.28 	 0.008043892688392729 
31.3 	 0.007990273380082593 
31.32 	 0.007934942378052104 
31.34 	 0.007880333515917326 
31.36 	 0.007830040931993987 
31.38 	 0.007787337770143505 
31.4 	 0.007756116674782265 
31.42 	 0.007739737989168775 
31.44 	 0.007741494571756727 
31.46 	 0.007764225192188854 
31.48 	 0.007810028471268533 
31.5 	 0.007880998263404175 
31.52 	 0.007977905374118785 
31.54 	 0.008102291781738727 
31.56 	 0.008253836015156321 
31.58 	 0.008433948223929696 
31.6 	 0.008641531782193273 
31.62 	 0.008878197262566162 
31.64 	 0.009142135765029272 
31.66 	 0.009435125773565116 
31.68 	 0.009754260094976763 
31.7 	 0.010101016213594166 
31.72 	 0.010470653169120311 
31.74 	 0.010863662789591354 
31.76 	 0.011272799736890793 
31.78 	 0.011697109596800613 
31.8 	 0.012126788669659733 
31.82 	 0.012559616564285055 
31.84 	 0.012984154025488408 
31.86 	 0.013397841313834135 
31.88 	 0.013789385487325742 
31.9 	 0.014157233004822307 
31.92 	 0.014492272358893901 
31.94 	 0.014795136290929512 
31.96 	 0.015060415296393794 
31.98 	 0.015291470326626961 
32.0 	 0.015487110133540549 
32.02 	 0.015653238282644998 
32.04 	 0.0157923934748114 
32.06 	 0.01591236128070807 
32.08 	 0.01601824936066912 
32.1 	 0.016118903255938788 
32.12 	 0.016220507276561425 
32.14 	 0.016332128623828285 
32.16 	 0.016459392751199682 
32.18 	 0.01661073495816668 
32.2 	 0.016789577099068188 
32.22 	 0.017002903176970872 
32.24 	 0.01725052612417122 
32.26 	 0.017537404679460487 
32.28 	 0.017858948190106368 
32.3 	 0.018218041196060124 
32.32 	 0.018605819418884274 
32.34 	 0.0190237086864161 
32.36 	 0.019459661915691234 
32.38 	 0.01991476770827093 
32.4 	 0.020375489311162107 
32.42 	 0.02084373225682128 
32.44 	 0.02130607177287404 
32.46 	 0.021765775455994747 
32.48 	 0.02221029116761981 
32.5 	 0.022643688022229137 
32.52 	 0.023053867171440087 
32.54 	 0.02344406874713062 
32.56 	 0.023801526322641556 
32.58 	 0.02412670875458811 
32.6 	 0.024405595782368783 
32.62 	 0.02463481572464907 
32.64 	 0.024800314169326907 
32.66 	 0.024895555898789657 
32.68 	 0.02490977001455237 
32.7 	 0.02483555525650689 
32.72 	 0.02466963428900431 
32.74 	 0.024406473531433635 
32.76 	 0.02405322374105534 
32.78 	 0.023607847917680003 
32.8 	 0.023087802598395445 
32.82 	 0.022494171606200916 
32.84 	 0.02185135204506128 
32.86 	 0.02116149097980929 
32.88 	 0.020450870668080302 
32.9 	 0.019720253934709414 
32.92 	 0.01899332766704995 
32.94 	 0.018268008993581906 
32.96 	 0.017563079570840343 
32.98 	 0.016873752992372634 
33.0 	 0.01621396438824533 
33.02 	 0.015577620535310453 
33.04 	 0.014975324621604415 
33.06 	 0.014401471262054377 
33.08 	 0.013865134393836699 
33.1 	 0.01336267552872057 
33.12 	 0.012903000367658405 
33.14 	 0.012485358278654905 
33.16 	 0.012119237037562817 
33.18 	 0.011807222444925216 
33.2 	 0.011559577648265153 
33.22 	 0.011382245377144114 
33.24 	 0.011285784763331622 
33.26 	 0.01127886564517289 
33.28 	 0.011370816161742405 
33.3 	 0.011571395104060953 
33.32 	 0.011885789598534535 
33.34 	 0.012322112644437413 
33.36 	 0.012877311095976476 
33.38 	 0.013554566307016257 
33.4 	 0.014338356884815173 
33.42 	 0.015224258825742456 
33.44 	 0.016181747353491007 
33.46 	 0.017198024336278556 
33.48 	 0.01822867612738525 
33.5 	 0.019254401089917505 
33.52 	 0.020222794926443244 
33.54 	 0.021112298601125207 
33.56 	 0.021872622120094467 
33.58 	 0.02248537107341201 
33.6 	 0.02291408125053785 
33.62 	 0.023148436001776164 
33.64 	 0.02317516161059767 
33.66 	 0.022994804441323985 
33.68 	 0.022620621054267428 
33.7 	 0.022063623698757848 
33.72 	 0.021359391965401226 
33.74 	 0.020525767108891264 
33.76 	 0.019610509117970857 
33.78 	 0.018632574404077718 
33.8 	 0.017639851393589482 
33.82 	 0.016646701818546474 
33.84 	 0.015691553996675055 
33.86 	 0.014780567413030191 
33.88 	 0.013938237173884399 
33.9 	 0.013162113973370743 
33.92 	 0.012463514136798266 
33.94 	 0.01183383300612056 
33.96 	 0.011275383444688616 
33.98 	 0.010777326409327874 
34.0 	 0.010338155591883282 
34.02 	 0.009948596581161937 
34.04 	 0.00960762955234511 
34.06 	 0.009310173256735174 
34.08 	 0.009058263032852305 
34.1 	 0.008852221363688816 
34.12 	 0.008698027166111233 
34.14 	 0.008601530606795544 
34.16 	 0.008572344825954118 
34.18 	 0.00862134019760954 
34.2 	 0.008760631878308438 
34.22 	 0.009005192807514857 
34.24 	 0.009367677487949169 
34.26 	 0.009865791470723735 
34.28 	 0.010509665645151727 
34.3 	 0.011317899600441226 
34.32 	 0.012293808658788445 
34.34 	 0.0134549365595139 
34.36 	 0.014792671680162617 
34.38 	 0.016322243228969135 
34.4 	 0.018018245444470445 
34.42 	 0.019893920510101776 
34.44 	 0.0219038917962737 
34.46 	 0.024061714584299926 
34.48 	 0.026301815965926158 
34.5 	 0.028641758178010072 
34.52 	 0.030998950104804936 
34.54 	 0.033398535229382686 
34.56 	 0.03574679608500973 
34.58 	 0.03807805863293794 
34.6 	 0.04029453354730369 
34.62 	 0.042438080143170666 
34.64 	 0.044413549066662554 
34.66 	 0.046265511624172535 
34.68 	 0.04790735746612352 
34.7 	 0.04937996949711316 
34.72 	 0.05061112039959182 
34.74 	 0.05163244514545928 
34.76 	 0.052392839680047085 
34.78 	 0.052911959905385365 
34.8 	 0.0531670264245273 
34.82 	 0.05316627998425614 
34.84 	 0.052920450292943094 
34.86 	 0.05242899111479389 
34.88 	 0.05173600935663167 
34.9 	 0.050834844762982265 
34.92 	 0.049795851592287915 
34.94 	 0.0486075668415223 
34.96 	 0.04735409415162466 
34.98 	 0.04601921290270344 
35.0 	 0.044687236969739426 
35.02 	 0.04333726769969068 
35.04 	 0.04204372769355269 
35.06 	 0.04078246055372753 
35.08 	 0.03961350261538129 
35.1 	 0.03851245332606257 
35.12 	 0.037525287198652404 
35.14 	 0.03663105750049509 
35.16 	 0.03586426432206484 
35.18 	 0.03521045201029982 
35.2 	 0.03469491854317759 
35.22 	 0.03431113413406632 
35.24 	 0.03407569097561774 
35.26 	 0.033989689017015386 
35.28 	 0.03405961584449249 
35.3 	 0.03429278662077599 
35.32 	 0.0346831466871332 
35.34 	 0.035242694017342965 
35.36 	 0.035950621306756046 
35.38 	 0.036822888648639175 
35.4 	 0.03782306592716453 
35.42 	 0.03897159264249048 
35.44 	 0.0402173993588521 
35.46 	 0.04158686264491002 
35.48 	 0.0430168527776723 
35.5 	 0.04454122489436067 
35.52 	 0.04608816193509225 
35.54 	 0.04769971278442413 
35.56 	 0.049298711938606715 
35.58 	 0.0509348380645061 
35.6 	 0.05252845911626742 
35.62 	 0.05413517364179032 
35.64 	 0.05567529679556534 
35.66 	 0.05720788136321461 
35.68 	 0.058655194454565476 
35.7 	 0.06007673961737672 
35.72 	 0.06139825768071957 
35.74 	 0.06267615599901918 
35.76 	 0.06384078358207701 
35.78 	 0.06494155725028931 
35.8 	 0.06591496103251604 
35.82 	 0.06680001784347428 
35.84 	 0.06754263958182974 
35.86 	 0.06816986642179687 
35.88 	 0.0686429265893971 
35.9 	 0.06897805294859177 
35.92 	 0.06915907269119367 
35.94 	 0.06919499154893063 
35.96 	 0.0690973423885345 
35.98 	 0.06887206227791104 
36.0 	 0.06855710078190472 
36.02 	 0.068157716287956 
36.04 	 0.0677286549331498 
36.06 	 0.06727375347546254 
36.08 	 0.06684889983597196 
36.1 	 0.06645321125109624 
36.12 	 0.06612783143942864 
36.14 	 0.06586345050003027 
36.16 	 0.06567670286465192 
36.18 	 0.06554801832131077 
36.2 	 0.06546969493516928 
36.22 	 0.06541302982527568 
36.24 	 0.06535590773262485 
36.26 	 0.06526410092281179 
36.28 	 0.0651168886656899 
36.3 	 0.06487905489868212 
36.32 	 0.06454691032439624 
36.34 	 0.06408785663820107 
36.36 	 0.06352469168659074 
36.38 	 0.0628286804479379 
36.4 	 0.06204901227345976 
36.42 	 0.061159432705583106 
36.44 	 0.06022695446183416 
36.46 	 0.059225142516387524 
36.48 	 0.058226814014257035 
36.5 	 0.05720388787195375 
36.52 	 0.056225395332589634 
36.54 	 0.05526333796395995 
36.56 	 0.05437881928422186 
36.58 	 0.0535487345135184 
36.6 	 0.05282614746253863 
36.62 	 0.05219833977700127 
36.64 	 0.05171006007214432 
36.66 	 0.05136208328288564 
36.68 	 0.051186871648708165 
36.7 	 0.051197862441321185 
36.72 	 0.05140726761560477 
36.74 	 0.05183740564929691 
36.76 	 0.05247127922648829 
36.78 	 0.05333597566940216 
36.8 	 0.054379554719518 
36.82 	 0.055631598657634444 
36.84 	 0.05700570700280416 
36.86 	 0.0585336206330319 
36.88 	 0.06010167300623372 
36.9 	 0.06174339206446298 
36.92 	 0.06333009059050869 
36.94 	 0.06489411816661778 
36.96 	 0.0663066341649866 
36.98 	 0.06759197350652135 
37.0 	 0.06863687852069263 
37.02 	 0.06944806963591532 
37.04 	 0.06994392279491028 
37.06 	 0.07010447673717034 
37.08 	 0.06989585452285128 
37.1 	 0.06926702095217728 
37.12 	 0.06824631174287452 
37.14 	 0.06675495181279004 
37.16 	 0.06489206156269874 
37.18 	 0.06256232809043477 
37.2 	 0.05993270900991718 
37.22 	 0.05690683596869589 
37.24 	 0.05370148451477577 
37.26 	 0.050232807341316826 
37.28 	 0.046736487098672154 
37.3 	 0.04314731241087913 
37.32 	 0.03968468414712334 
37.34 	 0.03629929606355235 
37.36 	 0.03316609229579272 
37.38 	 0.030243797300332505 
37.4 	 0.02764975481414486 
37.42 	 0.025343721718648227 
37.44 	 0.023388371824649378 
37.46 	 0.021742611693679414 
37.48 	 0.020428385456886244 
37.5 	 0.01940727830056498 
37.52 	 0.018677991290673362 
37.54 	 0.018210844800742906 
37.56 	 0.017995873692642873 
37.58 	 0.0180169710419561 
37.6 	 0.018263367612076316 
37.62 	 0.0187336562006374 
37.64 	 0.01941652630508556 
37.66 	 0.020322479286530082 
37.68 	 0.021433974127949677 
37.7 	 0.022768595036044535 
37.72 	 0.024294283315597947 
37.74 	 0.02603162814687783 
37.76 	 0.027926995620076233 
37.78 	 0.03000270192200115 
37.8 	 0.03218068505815728 
37.82 	 0.03448668070429116 
37.84 	 0.036820814828376465 
37.86 	 0.039215278931446926 
37.88 	 0.0415559815128475 
37.9 	 0.043883758456063605 
37.92 	 0.04608121917169384 
37.94 	 0.04819785131465516 
37.96 	 0.05012506429908937 
37.98 	 0.05191894106407055 
38.0 	 0.05349068836460308 
38.02 	 0.054899952580695986 
38.04 	 0.05608534609018535 
38.06 	 0.05710720517826355 
38.08 	 0.057933850996586 
38.1 	 0.058624217065887683 
38.12 	 0.059172543884016306 
38.14 	 0.05963524315488261 
38.16 	 0.06002351856990562 
38.18 	 0.060391187870975443 
38.2 	 0.060754611890188485 
38.22 	 0.061165956771921395 
38.24 	 0.06163459632351233 
38.26 	 0.062212588544309284 
38.28 	 0.06289148431940317 
38.3 	 0.06372455496826196 
38.32 	 0.06467686573632035 
38.34 	 0.06580332584997796 
38.36 	 0.06703717566240769 
38.38 	 0.0684346665099623 
38.4 	 0.06989733407517322 
38.42 	 0.07148278951152097 
38.44 	 0.07306864437191259 
38.46 	 0.07471515502230963 
38.48 	 0.07629139652002279 
38.5 	 0.0778625643934065 
38.52 	 0.0793080261653454 
38.54 	 0.0806994282411841 
38.56 	 0.08194117266561546 
38.58 	 0.0831095998938902 
38.6 	 0.08413778324975207 
38.62 	 0.0851000604726846 
38.64 	 0.08594908095553559 
38.66 	 0.08674597591817979 
38.68 	 0.0874471973698388 
38.7 	 0.08808766475097966 
38.72 	 0.08861639224162739 
38.74 	 0.08903104435767599 
38.76 	 0.08927677265991478 
38.78 	 0.08930807668122526 
38.8 	 0.08908801457715734 
38.82 	 0.08852899474790071 
38.84 	 0.08764571220845828 
38.86 	 0.08631728732601918 
38.88 	 0.08464161005349101 
38.9 	 0.08248041940742167 
38.92 	 0.08002790680038714 
38.94 	 0.07714813332534441 
38.96 	 0.07411587082755046 
38.98 	 0.07081463298426914 
39.0 	 0.06755729665508978 
39.02 	 0.06425487888721082 
39.04 	 0.06120383486954837 
39.06 	 0.058339832352754945 
39.08 	 0.05589574010136116 
39.1 	 0.05382269811180799 
39.12 	 0.0522633729362399 
39.14 	 0.05117613836726359 
39.16 	 0.05060896236387299 
39.18 	 0.050524743030432875 
39.2 	 0.05088773569077028 
39.22 	 0.05166799754936805 
39.24 	 0.05276492964515296 
39.26 	 0.054160497557228446 
39.28 	 0.0557117800770536 
39.3 	 0.057416031058596204 
39.32 	 0.059112914163731 
39.34 	 0.060814867403425225 
39.36 	 0.06237001802393519 
39.38 	 0.06380185641315089 
39.4 	 0.06499024222803206 
39.42 	 0.06596215583080542 
39.44 	 0.0666448388946068 
39.46 	 0.06705914965577268 
39.48 	 0.06718431257396151 
39.5 	 0.06702548918262068 
39.52 	 0.06660833694301832 
39.54 	 0.06591547392639995 
39.56 	 0.06500841496371174 
39.58 	 0.06384573241146674 
39.6 	 0.06251521227574486 
39.62 	 0.0609564041748385 
39.64 	 0.05927757536558488 
39.66 	 0.05740931744110649 
39.68 	 0.05547645542385599 
39.7 	 0.05341170562615281 
39.72 	 0.05135003318903066 
39.74 	 0.049233728081185986 
39.76 	 0.04719641308137869 
39.78 	 0.045191197801644864 
39.8 	 0.04333567657412099 
39.82 	 0.04158991254448371 
39.84 	 0.040042804773629474 
39.86 	 0.03865619840483967 
39.88 	 0.0374845254672649 
39.9 	 0.03648863017373702 
39.92 	 0.03569099329018343 
39.94 	 0.03505227016579901 
39.96 	 0.03457141210400505 
39.98 	 0.03421187745359827 
40.0 	 0.033959373551568584 
40.02 	 0.03378301509936524 
40.04 	 0.03366414633807389 
40.06 	 0.03357880388044024 
40.08 	 0.033510069031372346 
40.1 	 0.03344050774886858 
40.12 	 0.03335837771696722 
40.14 	 0.03325138842450407 
40.16 	 0.03311436449144544 
40.18 	 0.03293838078681287 
40.2 	 0.03272468970119053 
40.22 	 0.03246589850300001 
40.24 	 0.03216855106120139 
40.26 	 0.031825262542343274 
40.28 	 0.03144652476704381 
40.3 	 0.031024277111388554 
40.32 	 0.030572223360825965 
40.34 	 0.030082149469616556 
40.36 	 0.029571072480146288 
40.38 	 0.029032091976166418 
40.4 	 0.028485836398989765 
40.42 	 0.02792826324227811 
40.44 	 0.02738309622321035 
40.46 	 0.026849925419223698 
40.48 	 0.026353772633872462 
40.5 	 0.025897736476773302 
40.52 	 0.025505605152567293 
40.54 	 0.02518365271657409 
40.56 	 0.024952269963945988 
40.58 	 0.02482124714236324 
40.6 	 0.02480643342491964 
40.62 	 0.02492241206417187 
40.64 	 0.0251798741898218 
40.66 	 0.0255997525517704 
40.68 	 0.026186042906175308 
40.7 	 0.026966749856140403 
40.72 	 0.027935232800360567 
40.74 	 0.029125716246391382 
40.76 	 0.03051410404996356 
40.78 	 0.03213858885876336 
40.8 	 0.033949054763405574 
40.82 	 0.035984942769331986 
40.84 	 0.03816251584384314 
40.86 	 0.040520238837719214 
40.88 	 0.04293782609797667 
40.9 	 0.045451304193670744 
40.92 	 0.04790929010689718 
40.94 	 0.05034412140956879 
40.96 	 0.052589433180373124 
40.98 	 0.05467214342414392 
41.0 	 0.05643695080175815 
41.02 	 0.057903319841725705 
41.04 	 0.05895811294103312 
41.06 	 0.059612430410168255 
41.08 	 0.059822767736338746 
41.1 	 0.05959375651833156 
41.12 	 0.05896532040085505 
41.14 	 0.05794027795935746 
41.16 	 0.05663489406386719 
41.18 	 0.055054642562450275 
41.2 	 0.053363937488832135 
41.22 	 0.05157087343330617 
41.24 	 0.04984693043823785 
41.26 	 0.04819636741494943 
41.28 	 0.04675741471786046 
41.3 	 0.045520640447232114 
41.32 	 0.04456439129372271 
41.34 	 0.0438585593689974 
41.36 	 0.04341544855428225 
41.38 	 0.04318500338379175 
41.4 	 0.043127052801643063 
41.42 	 0.043180145879637664 
41.44 	 0.04327857855996216 
41.46 	 0.0433618396779463 
41.48 	 0.04336977534792673 
41.5 	 0.04325382514126522 
41.52 	 0.04298488941072459 
41.54 	 0.042532513957117095 
41.56 	 0.04191095873517255 
41.58 	 0.041108011341532136 
41.6 	 0.040177616249372626 
41.62 	 0.03912073488920138 
41.64 	 0.03801472102586095 
41.66 	 0.03686572650881783 
41.68 	 0.03575354185072789 
41.7 	 0.034681748247821914 
41.72 	 0.03371522845721511 
41.74 	 0.03285025433392349 
41.76 	 0.032127896145512994 
41.78 	 0.0315365174714847 
41.8 	 0.031092932508370422 
41.82 	 0.030780165640830623 
41.84 	 0.03059563359025109 
41.86 	 0.030520626666835828 
41.88 	 0.030539683492826993 
41.9 	 0.030635161517214387 
41.92 	 0.030784640326000673 
41.94 	 0.030972861405696155 
41.96 	 0.03117520367168729 
41.98 	 0.03137899349933349 
42.0 	 0.03156138963585625 
42.02 	 0.03171213110271714 
42.04 	 0.03181373378980941 
42.06 	 0.03185832002957742 
42.08 	 0.03183679561101498 
42.1 	 0.031743865675261176 
42.12 	 0.03158073197948234 
42.14 	 0.03134489892726106 
42.16 	 0.031048041914524312 
42.18 	 0.030690431871678796 
42.2 	 0.030292464705024058 
42.22 	 0.02985675879135151 
42.24 	 0.02940911033091443 
42.26 	 0.02895373052069793 
42.28 	 0.028517711471343733 
42.3 	 0.028105947641371806 
42.32 	 0.027742796509585176 
42.34 	 0.027432956629739234 
42.36 	 0.02719470031441627 
42.38 	 0.02703176618015711 
42.4 	 0.02695391058709567 
42.42 	 0.026963253501980824 
42.44 	 0.02705955625726108 
42.46 	 0.027242794453795533 
42.48 	 0.027502322745694682 
42.5 	 0.02783577552148769 
42.52 	 0.02822309091384704 
42.54 	 0.02865999157465524 
42.56 	 0.029119703455714727 
42.58 	 0.029597184152716966 
42.6 	 0.030063159671770395 
42.62 	 0.030513274287019988 
42.64 	 0.0309204721075229 
42.66 	 0.03128201376998057 
42.68 	 0.031576859273490555 
42.7 	 0.03180360636748732 
42.72 	 0.031949142900988 
42.74 	 0.0320119808388017 
42.76 	 0.03198711975494796 
42.78 	 0.03187132001242612 
42.8 	 0.031667206458849885 
42.82 	 0.03136900612587007 
42.84 	 0.030986808255262056 
42.86 	 0.03051295478154747 
42.88 	 0.02996527958242432 
42.9 	 0.02933596444860071 
42.92 	 0.028650576766271998 
42.94 	 0.02790304166226271 
42.96 	 0.027125483707481687 
42.98 	 0.026314787786747448 
43.0 	 0.02550690525775912 
43.02 	 0.024701675480955573 
43.04 	 0.02393478932307542 
43.06 	 0.02320762330768541 
43.08 	 0.02255076696476152 
43.1 	 0.021964533285706276 
43.12 	 0.02146978792457254 
43.14 	 0.021062868192016602 
43.16 	 0.02075190668129881 
43.18 	 0.02052752637780973 
43.2 	 0.020385237015426137 
43.22 	 0.020310810174296947 
43.24 	 0.020291109660064702 
43.26 	 0.020310848227471482 
43.28 	 0.020355155885803528 
43.3 	 0.020413049861977756 
43.32 	 0.02047506063959415 
43.34 	 0.020538896132480677 
43.36 	 0.020604506627101452 
43.38 	 0.020679372990618176 
43.4 	 0.0207717009100763 
43.42 	 0.02089585564294862 
43.44 	 0.021062498465346073 
43.46 	 0.02128749419122192 
43.48 	 0.021576434277747285 
43.5 	 0.02194154341167071 
43.52 	 0.022377633184192322 
43.54 	 0.022890734711340184 
43.56 	 0.023463221949244405 
43.58 	 0.024095620863359982 
43.6 	 0.024760337167718 
43.62 	 0.025455227428663046 
43.64 	 0.02614773979011727 
43.66 	 0.02683620043926145 
43.68 	 0.02748859967844145 
43.7 	 0.028105775511709855 
43.72 	 0.028660751855509346 
43.74 	 0.02915746616104464 
43.76 	 0.029576881555325507 
43.78 	 0.029925663250054267 
43.8 	 0.030194107924010925 
43.82 	 0.030390987672135647 
43.84 	 0.03051601378258397 
43.86 	 0.030579540977784 
43.88 	 0.030589442458092413 
43.9 	 0.030557043655153986 
43.92 	 0.030495650562446776 
43.94 	 0.03041644538550328 
43.96 	 0.030334128547456367 
43.98 	 0.030257997389541172 
44.0 	 0.030199648429541676 
44.02 	 0.03016460893613948 
44.04 	 0.030157841908893333 
44.06 	 0.030179973571314272 
44.08 	 0.03022811586798039 
44.1 	 0.030298288076652347 
44.12 	 0.030381276312305316 
44.14 	 0.0304700746670144 
44.16 	 0.03055258539894873 
44.18 	 0.030620723608175287 
44.2 	 0.03066328276040524 
44.22 	 0.030672383596336974 
44.24 	 0.030640507621919614 
44.26 	 0.03056026675989999 
44.28 	 0.030429359633238503 
44.3 	 0.030240731766001915 
44.32 	 0.029998137492310662 
44.34 	 0.02969512788272039 
44.36 	 0.0293422165151742 
44.38 	 0.028934592488073906 
44.4 	 0.028489856427747595 
44.42 	 0.028006023155161736 
44.44 	 0.02750676719004608 
44.46 	 0.026993128683604505 
44.48 	 0.026491670566215687 
44.5 	 0.026004854454850592 
44.52 	 0.02555698344608532 
44.54 	 0.025148730845152973 
44.56 	 0.02479651831765238 
44.58 	 0.02449566863384664 
44.6 	 0.024250822132158224 
44.62 	 0.024049739117829774 
44.64 	 0.023884997795890456 
44.66 	 0.023737201700851574 
44.68 	 0.023590880601010045 
44.7 	 0.023422657828353132 
44.72 	 0.023216294337734426 
44.74 	 0.0229492792049439 
44.76 	 0.022612603067590692 
44.78 	 0.022189228069730938 
44.8 	 0.021682965894590765 
44.82 	 0.021084746585459703 
44.84 	 0.020412126858131697 
44.86 	 0.019663438791179967 
44.88 	 0.01886607904916824 
44.9 	 0.01802266020838351 
44.92 	 0.017163786613501836 
44.94 	 0.016292425993571884 
44.96 	 0.015436211627558849 
44.98 	 0.01459576004257503 
45.0 	 0.013792435392523285 
45.02 	 0.013024096404611753 
45.04 	 0.012305844572716688 
45.06 	 0.011634200609175175 
45.08 	 0.011019850175873135 
45.1 	 0.01045964518454546 
45.12 	 0.009961446392756552 
45.14 	 0.009522855262989682 
45.16 	 0.009148965714571166 
45.18 	 0.008836925186835504 
45.2 	 0.008587840625326271 
45.22 	 0.008396544123014774 
45.24 	 0.008259071012233922 
45.26 	 0.008166988117515027 
45.28 	 0.008111787475898335 
45.3 	 0.008082785465975954 
45.32 	 0.008069544017017918 
45.34 	 0.008061895335664475 
45.36 	 0.008051239744265764 
45.38 	 0.00803104420841201 
45.4 	 0.007997632849112238 
45.42 	 0.007949825028435695 
45.44 	 0.007889617629199852 
45.46 	 0.007820453464768036 
45.48 	 0.007747988877874472 
45.5 	 0.007677435313344331 
45.52 	 0.0076144479668736175 
45.54 	 0.007562547616434127 
45.56 	 0.007524081602084825 
45.58 	 0.007498633309674572 
45.6 	 0.007483986934084364 
45.62 	 0.0074758054382917955 
45.64 	 0.007468569548940302 
45.66 	 0.0074560569700608025 
45.68 	 0.007432324558535012 
45.7 	 0.007392055017116468 
45.72 	 0.0073317659232733905 
45.74 	 0.00724911484829783 
45.76 	 0.007144561394359406 
45.78 	 0.0070191847407284486 
45.8 	 0.006876943117142845 
45.82 	 0.006721185706617062 
45.84 	 0.006557491322280636 
45.86 	 0.006389513689606267 
45.88 	 0.006222233656663178 
45.9 	 0.006057865830446289 
45.92 	 0.005899291536703219 
45.94 	 0.005746512306276673 
45.96 	 0.005600045908330105 
45.98 	 0.005458035639052573 
46.0 	 0.0053194547434150825 
46.02 	 0.005181676480737424 
46.04 	 0.005043407954840421 
46.06 	 0.004902408262861749 
46.08 	 0.004758140903086776 
46.1 	 0.004609399488472245 
46.12 	 0.0044567224557312485 
46.14 	 0.004299868791729325 
46.16 	 0.0041400766820380375 
46.18 	 0.003977506796706626 
46.2 	 0.003813435507628883 
46.22 	 0.003647850564679284 
46.24 	 0.003481633666802823 
46.26 	 0.0033144298131235813 
46.28 	 0.0031467988455359166 
46.3 	 0.0029783532821719 
46.32 	 0.002809784026388969 
46.34 	 0.0026411770265351645 
46.36 	 0.002473794162949638 
46.38 	 0.0023084949437525027 
46.4 	 0.0021471954504578075 
46.42 	 0.0019914073799517065 
46.44 	 0.0018433728976676533 
46.46 	 0.0017048067130846613 
46.48 	 0.001577760384297105 
46.5 	 0.0014636540397765946 
46.52 	 0.0013639320756882879 
46.54 	 0.0012794081176664043 
46.56 	 0.0012107485351116087 
46.58 	 0.0011580834532421756 
46.6 	 0.0011213291866119795 
46.62 	 0.0010999882418054863 
46.64 	 0.0010933181928429118 
46.66 	 0.0011002607692732617 
46.68 	 0.0011194780244204179 
46.7 	 0.0011493862196621488 
46.72 	 0.0011880925504465852 
46.74 	 0.001233531713368556 
46.76 	 0.0012833385088322768 
46.78 	 0.0013350814154201934 
46.8 	 0.0013861038176623 
46.82 	 0.0014338272857679325 
46.84 	 0.001475596589014563 
46.86 	 0.0015089999544880333 
46.88 	 0.0015317597825437424 
46.9 	 0.0015419984645417143 
46.92 	 0.0015382158900769532 
46.94 	 0.0015194242839140525 
46.96 	 0.0014852345661964695 
46.98 	 0.0014357990368692012 
47.0 	 0.0013719949550128308 
47.02 	 0.0012951541634794717 
47.04 	 0.0012073016359562276 
47.06 	 0.0011107093997750712 
47.08 	 0.001008138848852005 
47.1 	 0.0009023105917313316 
47.12 	 0.0007961162614993177 
47.14 	 0.0006921193019173108 
47.16 	 0.0005927309236545367 
47.18 	 0.0004998361255779657 
47.2 	 0.00041494858852050094 
47.22 	 0.00033900251165674446 
47.24 	 0.00027250141391936533 
47.26 	 0.00021545779162947352 
47.28 	 0.00016753657053529268 
47.3 	 0.00012808758784081043 
47.32 	 9.627073797437247e-05 
47.34 	 7.112075217358951e-05 
47.36 	 5.163876584277826e-05 
47.38 	 3.684689586946977e-05 
47.4 	 2.583972097610357e-05 
47.42 	 1.7811564667735197e-05 
47.44 	 1.207321010122676e-05 
47.46 	 8.054239592789486e-06 
47.48 	 5.297582859184781e-06 
47.5 	 3.4476872395851117e-06 
47.52 	 2.2359315264645987e-06 
47.54 	 1.4650009010420852e-06 
47.56 	 9.940314340685557e-07 
47.58 	 7.254662120481942e-07 
47.6 	 5.93760323253178e-07 
47.62 	 5.565538822705477e-07 
47.64 	 5.876519988987147e-07 
47.66 	 6.719168050910916e-07 
47.68 	 8.016215357966879e-07 
47.7 	 9.736058845472117e-07 
47.72 	 1.187637504306356e-06 
47.74 	 1.4452974160470335e-06 
47.76 	 1.7491418181813546e-06 
47.78 	 2.1024767498586738e-06 
47.8 	 2.5092090952729497e-06 
47.82 	 2.973929834204049e-06 
47.84 	 3.5022008664768703e-06 
47.86 	 4.100913537685009e-06 
47.88 	 4.778645806978043e-06 
47.9 	 5.546010214278268e-06 
47.92 	 6.4158541109126395e-06 
47.94 	 7.403219462619225e-06 
47.96 	 8.525007583778155e-06 
47.98 	 9.79919326274117e-06 
48.0 	 1.1243595122504522e-05 
48.02 	 1.2874217370467448e-05 
48.04 	 1.470312382451067e-05 
48.06 	 1.673617668921468e-05 
48.08 	 1.8970585739561143e-05 
48.1 	 2.1392878418589733e-05 
48.12 	 2.3977161859566268e-05 
48.14 	 2.6684534986348395e-05 
48.16 	 2.9463200153880746e-05 
48.18 	 3.225025014366521e-05 
48.2 	 3.497418717419876e-05 
48.22 	 3.755910100041916e-05 
48.24 	 3.992902457800668e-05 
48.26 	 4.201327367799498e-05 
48.28 	 4.375100829480013e-05 
48.3 	 4.5095716014366844e-05 
48.32 	 4.6018039248711796e-05 
48.34 	 4.6507601913028e-05 
48.36 	 4.657292316459259e-05 
48.38 	 4.624000672610024e-05 
48.4 	 4.554955026393923e-05 
48.42 	 4.4553189903092666e-05 
48.44 	 4.330941624331701e-05 
48.46 	 4.187922177554541e-05 
48.48 	 4.03224513297104e-05 
48.5 	 3.869444812541441e-05 
48.52 	 3.704397953254015e-05 
48.54 	 3.541162592385319e-05 
48.56 	 3.38294569886878e-05 
48.58 	 3.2320988751844996e-05 
48.6 	 3.0902074106496984e-05 
48.62 	 2.958176441005024e-05 
48.64 	 2.83636802411318e-05 
48.66 	 2.724711144057235e-05 
48.68 	 2.6228321109312863e-05 
48.7 	 2.5301487192256143e-05 
48.72 	 2.4459696675662178e-05 
48.74 	 2.3695583876988536e-05 
48.76 	 2.3001978028852945e-05 
48.78 	 2.237226864894088e-05 
48.8 	 2.1800750218204055e-05 
48.82 	 2.1282765728601485e-05 
48.84 	 2.081482743994173e-05 
48.86 	 2.0394580026027213e-05 
48.88 	 2.002076232334268e-05 
48.9 	 1.9693023355174127e-05 
48.92 	 1.9411752467289525e-05 
48.94 	 1.917781906017053e-05 
48.96 	 1.899230742836638e-05 
48.98 	 1.8856216938770716e-05 
49.0 	 1.8770192261264673e-05 
49.02 	 1.8734241569185134e-05 
49.04 	 1.874752481497164e-05 
49.06 	 1.8808171341813e-05 
49.08 	 1.8913185479312004e-05 
49.1 	 1.9058414775643698e-05 
49.12 	 1.9238612451505998e-05 
49.14 	 1.9447581058716586e-05 
49.16 	 1.967838117228897e-05 
49.18 	 1.992363963189655e-05 
49.2 	 2.0175862730344686e-05 
49.22 	 2.0427823563761725e-05 
49.24 	 2.0672911045598e-05 
49.26 	 2.0905500706213847e-05 
49.28 	 2.112121332732895e-05 
49.3 	 2.1317152737370334e-05 
49.32 	 2.149198590932405e-05 
49.34 	 2.1645951146529688e-05 
49.36 	 2.1780718220506646e-05 
49.38 	 2.1899155061987117e-05 
49.4 	 2.2004991805612446e-05 
49.42 	 2.2102438367352247e-05 
49.44 	 2.2195762292569504e-05 
49.46 	 2.2288887240757115e-05 
49.48 	 2.238502607105803e-05 
49.5 	 2.2486373134258776e-05 
49.52 	 2.2593870611590682e-05 
49.54 	 2.2707052234617003e-05 
49.56 	 2.282392794144135e-05 
49.58 	 2.2940938971670992e-05 
49.6 	 2.3052917505451862e-05 
49.62 	 2.3153086495768308e-05 
49.64 	 2.323308348469666e-05 
49.66 	 2.328303813932849e-05 
49.68 	 2.3291731651693608e-05 
49.7 	 2.324688723448401e-05 
49.72 	 2.313562200125918e-05 
49.74 	 2.294508361514621e-05 
49.76 	 2.266329333662341e-05 
49.78 	 2.228012632355177e-05 
49.8 	 2.1788437949206463e-05 
49.82 	 2.1185150454876047e-05 
49.84 	 2.0472328683181183e-05 
49.86 	 1.965799510304167e-05 
49.88 	 1.8756777092409133e-05 
49.9 	 1.7790139324464103e-05 
49.92 	 1.6786411065393467e-05 
49.94 	 1.5780424683071605e-05 
49.96 	 1.4813043405855372e-05 
49.98 	 1.393044201530808e-05 
50.0 	 1.318340604162281e-05 
50.02 	 1.2626505334368494e-05 
50.04 	 1.2317249727527925e-05 
50.06 	 1.231505923701912e-05 
50.08 	 1.2679955724721128e-05 
50.1 	 1.3470835158297543e-05 
50.12 	 1.4743098865596475e-05 
50.14 	 1.6545709844481116e-05 
50.16 	 1.891749510971325e-05 
50.18 	 2.1883163168940548e-05 
50.2 	 2.544890071304632e-05 
50.22 	 2.959867745659535e-05 
50.24 	 3.4290885814364966e-05 
50.26 	 3.945711559497244e-05 
50.28 	 4.5001912021430984e-05 
50.3 	 5.08059428589923e-05 
50.32 	 5.672997219997516e-05 
50.34 	 6.262265070214176e-05 
50.36 	 6.832778143480822e-05 
50.38 	 7.369462899120519e-05 
50.4 	 7.858561966645295e-05 
50.42 	 8.288553086376044e-05 
50.44 	 8.650625352305181e-05 
50.46 	 8.939154095735177e-05 
50.48 	 9.151682593921295e-05 
50.5 	 9.288830366758417e-05 
50.52 	 9.35382359900111e-05 
50.54 	 9.35197484942277e-05 
50.56 	 9.290012517181984e-05 
50.58 	 9.175430661052163e-05 
50.6 	 9.015923352526566e-05 
50.62 	 8.818889440802689e-05 
50.64 	 8.591171571623469e-05 
50.66 	 8.338847441747721e-05 
50.68 	 8.067286818191646e-05 
50.7 	 7.781177065799912e-05 
50.72 	 7.48475770590994e-05 
50.74 	 7.181918482304496e-05 
50.76 	 6.876425198785537e-05 
50.78 	 6.571937745315856e-05 
50.8 	 6.272106293680105e-05 
50.82 	 5.9804547171665804e-05 
50.84 	 5.700343294125671e-05 
50.86 	 5.434771920416939e-05 
50.88 	 5.186295262025774e-05 
50.9 	 4.956852457065848e-05 
50.92 	 4.747735152183771e-05 
50.94 	 4.5595244366922774e-05 
50.96 	 4.392160865576955e-05 
50.98 	 4.2449986171193914e-05 
51.0 	 4.116954545475157e-05 
51.02 	 4.00662971108696e-05 
51.04 	 3.912474958299238e-05 
51.06 	 3.8329110529342316e-05 
51.08 	 3.7664556727980215e-05 
51.1 	 3.711799392832677e-05 
51.12 	 3.667874062802002e-05 
51.14 	 3.633880970756925e-05 
51.16 	 3.609313404654595e-05 
51.18 	 3.5939571293068254e-05 
51.2 	 3.5878912756704445e-05 
51.22 	 3.591480640718625e-05 
51.24 	 3.6053671295256946e-05 
51.26 	 3.630458299580483e-05 
51.28 	 3.667906298977648e-05 
51.3 	 3.71908311486938e-05 
51.32 	 3.785535081708504e-05 
51.34 	 3.868936284276737e-05 
51.36 	 3.971012750303436e-05 
51.38 	 4.0934761152036654e-05 
51.4 	 4.237924889636329e-05 
51.42 	 4.405775896670025e-05 
51.44 	 4.598160870954919e-05 
51.46 	 4.815878885066039e-05 
51.48 	 5.059306701176772e-05 
51.5 	 5.328388548797369e-05 
51.52 	 5.6225624689703216e-05 
51.54 	 5.9407851353596916e-05 
51.56 	 6.281453224393871e-05 
51.58 	 6.642437468100035e-05 
51.6 	 7.02096424508178e-05 
51.62 	 7.413629155523168e-05 
51.64 	 7.816217535661446e-05 
51.66 	 8.223698208857004e-05 
51.68 	 8.63001467747412e-05 
51.7 	 9.028120455550006e-05 
51.72 	 9.409841928582491e-05 
51.74 	 9.766069794170557e-05 
51.76 	 0.00010086831227141214 
51.78 	 0.00010361738874131738 
51.8 	 0.00010580360429872715 
51.82 	 0.00010732917658079452 
51.84 	 0.00010810900301866848 
51.86 	 0.00010807837252873534 
51.88 	 0.00010719935727857069 
51.9 	 0.00010546617144516131 
51.92 	 0.00010290881334713283 
51.94 	 9.959316606476855e-05 
51.96 	 9.561969857569243e-05 
51.98 	 9.111730270790188e-05 
52.0 	 8.623707493756935e-05 
52.02 	 8.114162062307865e-05 
52.04 	 7.599634173045982e-05 
52.06 	 7.095795588122911e-05 
52.08 	 6.616690028522613e-05 
52.1 	 6.173897570743612e-05 
52.12 	 5.776178978366948e-05 
52.14 	 5.429175864644234e-05 
52.16 	 5.135550092326603e-05 
52.18 	 4.895200646610305e-05 
52.2 	 4.705777090974358e-05 
52.22 	 4.563208311578702e-05 
52.24 	 4.462352135323816e-05 
52.26 	 4.397573082449895e-05 
52.28 	 4.3632946667243224e-05 
52.3 	 4.354421316812677e-05 
52.32 	 4.3666498379893126e-05 
52.34 	 4.396639692032463e-05 
52.36 	 4.4420526476057565e-05 
52.38 	 4.5014835696478645e-05 
52.4 	 4.5742865514404216e-05 
52.42 	 4.66035198057918e-05 
52.44 	 4.7598283574261045e-05 
52.46 	 4.872864547356732e-05 
52.48 	 4.9993468534520454e-05 
52.5 	 5.138719180549806e-05 
52.52 	 5.2898294797490544e-05 
52.54 	 5.450899910540323e-05 
52.56 	 5.6195240937989144e-05 
52.58 	 5.792795222204565e-05 
52.6 	 5.967431634469496e-05 
52.62 	 6.140007151133701e-05 
52.64 	 6.30712999924832e-05 
52.66 	 6.465684415228136e-05 
52.68 	 6.612973582034185e-05 
52.7 	 6.746888635014115e-05 
52.72 	 6.86595698033813e-05 
52.74 	 6.969399137371027e-05 
52.76 	 7.057076907516253e-05 
52.78 	 7.129453215267372e-05 
52.8 	 7.187477055033916e-05 
52.82 	 7.232492612801676e-05 
52.84 	 7.266111029877603e-05 
52.86 	 7.290113245570564e-05 
52.88 	 7.306343702139878e-05 
52.9 	 7.316633381875093e-05 
52.92 	 7.32272815781485e-05 
52.94 	 7.326241180927291e-05 
52.96 	 7.328615626860521e-05 
52.98 	 7.331105572754212e-05 
53.0 	 7.334767273859511e-05 
53.02 	 7.340463479515214e-05 
53.04 	 7.348872570872891e-05 
53.06 	 7.360505799704961e-05 
53.08 	 7.375721783029698e-05 
53.1 	 7.39474587072699e-05 
53.12 	 7.417680625127033e-05 
53.14 	 7.444524949030238e-05 
53.16 	 7.475183664588375e-05 
53.18 	 7.50949514431422e-05 
53.2 	 7.547252355955007e-05 
53.22 	 7.588251743090622e-05 
53.24 	 7.632334288487831e-05 
53.26 	 7.679455896830357e-05 
53.28 	 7.729737977549338e-05 
53.3 	 7.783538606451329e-05 
53.32 	 7.841483993284075e-05 
53.34 	 7.904507656516881e-05 
53.36 	 7.973831833827391e-05 
53.38 	 8.050952530823576e-05 
53.4 	 8.137558133697865e-05 
53.42 	 8.23546332759062e-05 
53.44 	 8.346476392311182e-05 
53.46 	 8.472305980995387e-05 
53.48 	 8.614399531361118e-05 
53.5 	 8.773848030897812e-05 
53.52 	 8.951210816002871e-05 
53.54 	 9.146431577578619e-05 
53.56 	 9.35865269704317e-05 
53.58 	 9.58614799248838e-05 
53.6 	 9.82613217264094e-05 
53.62 	 0.00010074725554353507 
53.64 	 0.00010326787083705644 
53.66 	 0.00010575950170915723 
53.68 	 0.00010814540296040565 
53.7 	 0.00011033743434333999 
53.72 	 0.00011223691069164798 
53.74 	 0.00011373819437031174 
53.76 	 0.00011473191711210075 
53.78 	 0.0001151105843474426 
53.8 	 0.00011477419492371215 
53.82 	 0.00011363698434609894 
53.84 	 0.00011163432356869118 
53.86 	 0.00010872857342488251 
53.88 	 0.00010491502282888931 
53.9 	 0.00010022420547520843 
53.92 	 9.472433410855622e-05 
53.94 	 8.8518083896875e-05 
53.96 	 8.174003891394212e-05 
53.98 	 7.454793491481983e-05 
54.0 	 6.71157758073743e-05 
54.02 	 5.96219453067237e-05 
54.04 	 5.2240729170760604e-05 
54.06 	 4.5131153820386006e-05 
54.08 	 3.8430386500935264e-05 
54.1 	 3.2246736855217646e-05 
54.12 	 2.6657371501485535e-05 
54.14 	 2.1706906951298102e-05 
54.16 	 1.7409746348137978e-05 
54.18 	 1.3753345970209111e-05 
54.2 	 1.070355190274783e-05 
54.22 	 8.210157814546276e-06 
54.24 	 6.21289079861883e-06 
54.26 	 4.6468035376036615e-06 
54.28 	 3.447067296029075e-06 
54.3 	 2.5527128747148383e-06 
54.32 	 1.9094284227793883e-06 
54.34 	 1.4714472272643625e-06 
54.36 	 1.2026631101358577e-06 
54.38 	 1.0771179418862582e-06 
54.4 	 1.079254597528073e-06 
54.42 	 1.2037703650367682e-06 
54.44 	 1.4556116004435662e-06 
54.46 	 1.849965809335272e-06 
54.48 	 2.4121362557501367e-06 
54.5 	 3.177626767811491e-06 
54.52 	 4.191830662084422e-06 
54.54 	 5.509667828850214e-06 
54.56 	 7.194510712169921e-06 
54.58 	 9.316595779085992e-06 
54.6 	 1.1950503670280143e-05 
54.62 	 1.5171873956183037e-05 
54.64 	 1.905315082761705e-05 
54.66 	 2.365892773505168e-05 
54.68 	 2.9040580745153542e-05 
54.7 	 3.5231606405513784e-05 
54.72 	 4.2242701302537066e-05 
54.74 	 5.005917746313715e-05 
54.76 	 5.863822964235459e-05 
54.78 	 6.79102634601388e-05 
54.8 	 7.777918878510601e-05 
54.82 	 8.812810942011748e-05 
54.84 	 9.882182695973227e-05 
54.86 	 0.00010971560628804072 
54.88 	 0.00012065776928947741 
54.9 	 0.00013149928581953659 
54.92 	 0.00014209444279795244 
54.94 	 0.0001523095735314935 
54.96 	 0.00016202134152119556 
54.98 	 0.00017112451766020722 
55.0 	 0.0001795292767951894 
55.02 	 0.00018716911462048674 
55.04 	 0.00019399910748409718 
55.06 	 0.00020000456110787394 
55.08 	 0.00020520069799815228 
55.1 	 0.00020964054641506354 
55.12 	 0.00021341391273935976 
55.14 	 0.00021665101272149885 
55.16 	 0.00021951696466669855 
55.18 	 0.00022220783796325383 
55.2 	 0.00022493805329657 
55.22 	 0.00022792874174859103 
55.24 	 0.00023138928398709773 
55.26 	 0.00023550270990262687 
55.28 	 0.00024040684909136238 
55.3 	 0.0002461848040197588 
55.32 	 0.0002528526189370705 
55.34 	 0.0002603618203410799 
55.36 	 0.00026859745266580645 
55.38 	 0.0002773941656398569 
55.4 	 0.0002865424782799409 
55.42 	 0.0002958131308170328 
55.44 	 0.00030496468318554407 
55.46 	 0.000313767406418682 
55.48 	 0.0003220054432311941 
55.5 	 0.0003294936885344294 
55.52 	 0.0003360726483851043 
55.54 	 0.0003416174529739219 
55.56 	 0.0003460291937865656 
55.58 	 0.0003492395561742769 
55.6 	 0.00035120423523715385 
55.62 	 0.0003519063864528485 
55.64 	 0.00035135472183319506 
55.66 	 0.00034958530534221665 
55.68 	 0.0003466624632028752 
55.7 	 0.0003426757267943601 
55.72 	 0.0003377400708880176 
55.74 	 0.00033198607198431905 
55.76 	 0.00032555840624693436 
55.78 	 0.0003186014386060854 
55.8 	 0.0003112586276862784 
55.82 	 0.0003036588777775688 
55.84 	 0.0002959207563379517 
55.86 	 0.0002881441309266558 
55.88 	 0.0002804205920484378 
55.9 	 0.0002728307423729294 
55.92 	 0.00026545792239808795 
55.94 	 0.0002583872575198242 
55.96 	 0.000251717052484691 
55.98 	 0.0002455544825285732 
56.0 	 0.00024001993656324713 
56.02 	 0.0002352369042645756 
56.04 	 0.00023132860365873928 
56.06 	 0.00022840433285352066 
56.08 	 0.0002265522767794308 
56.1 	 0.00022582814529791798 
56.12 	 0.00022625004990460776 
56.14 	 0.00022779508014940047 
56.16 	 0.00023040009603847553 
56.18 	 0.00023396789031488328 
56.2 	 0.00023837296158457126 
56.22 	 0.00024347371775332714 
56.24 	 0.0002491182358737164 
56.26 	 0.00025515631643498204 
56.28 	 0.00026144006109733253 
56.3 	 0.0002678314953782186 
56.32 	 0.0002741967907655189 
56.34 	 0.00028041010826052666 
56.36 	 0.0002863453578627536 
56.38 	 0.0002918807849990199 
56.4 	 0.00029689413836510986 
56.42 	 0.0003012719276054352 
56.44 	 0.0003049109771207691 
56.46 	 0.0003077314833640395 
56.48 	 0.0003096823594326113 
56.5 	 0.00031075211779748246 
56.52 	 0.00031097166542179747 
56.54 	 0.0003104160556223298 
56.56 	 0.0003091996136195644 
56.58 	 0.0003074660178906476 
56.6 	 0.00030537605411668726 
56.62 	 0.0003030903141062161 
56.64 	 0.0003007554632737339 
56.66 	 0.00029848822828036826 
56.68 	 0.00029636775601756004 
56.7 	 0.00029442853487498334 
56.72 	 0.00029266320247231336 
56.74 	 0.00029102659099371756 
56.76 	 0.0002894476614187626 
56.78 	 0.00028784074546029395 
56.8 	 0.00028612087924831213 
56.82 	 0.0002842150967543754 
56.84 	 0.0002820745587387942 
56.86 	 0.00027967958888562664 
56.88 	 0.00027704438199525986 
56.9 	 0.000274213121620239 
56.92 	 0.0002712568961027871 
56.94 	 0.00026826253396524205 
56.96 	 0.00026532482851923824 
56.98 	 0.00026253290322545835 
57.0 	 0.00025996275733087523 
57.02 	 0.00025766694711904436 
57.04 	 0.0002556721423483137 
57.06 	 0.0002539762071954792 
57.08 	 0.0002525527720729261 
57.1 	 0.0002513558697274357 
57.12 	 0.00025032943393721963 
57.14 	 0.00024941530410694173 
57.16 	 0.0002485622837082937 
57.18 	 0.00024773123311303067 
57.2 	 0.0002468982163383613 
57.22 	 0.0002460523223609245 
57.24 	 0.0002451911068298753 
57.26 	 0.00024431186179539106 
57.28 	 0.00024340291169978518 
57.3 	 0.0002424339884456533 
57.32 	 0.00024135035769744841 
57.34 	 0.00024006925310520832 
57.36 	 0.00023848282215785117 
57.38 	 0.00023646413343471668 
57.4 	 0.00023388004253620595 
57.42 	 0.00023060422969865246 
57.44 	 0.00022653532391315223 
57.46 	 0.00022160951230923616 
57.48 	 0.0002158160129578386 
57.5 	 0.00020920091935710668 
57.52 	 0.00020187307265309484 
57.54 	 0.0001939944184304173 
57.56 	 0.00018577387966524597 
57.58 	 0.00017744573697676638 
57.6 	 0.0001692549875004202 
57.62 	 0.00016143110309352113 
57.64 	 0.0001541728213368267 
57.66 	 0.00014762729676340804 
57.68 	 0.0001418830505273293 
57.7 	 0.0001369625131697694 
57.72 	 0.00013282816896153355 
57.74 	 0.00012939035622409415 
57.76 	 0.00012652488814889005 
57.78 	 0.00012409048474906192 
57.8 	 0.00012194977950529504 
57.82 	 0.00011998591193781992 
57.84 	 0.0001181166463449854 
57.86 	 0.0001163005110127427 
57.88 	 0.00011453751719582204 
57.9 	 0.00011286169048512496 
57.92 	 0.00011132966626491041 
57.94 	 0.0001100048117111781 
57.96 	 0.0001089420501301019 
57.98 	 0.00010817380274620689 
58.0 	 0.00010770122477235408 
58.02 	 0.00010749064770048645 
58.04 	 0.0001074767750400227 
58.06 	 0.00010757124579592196 
58.08 	 0.0001076753139114101 
58.1 	 0.00010769426898165661 
58.12 	 0.00010755102309450997 
58.14 	 0.0001071966018643653 
58.16 	 0.00010661581889864874 
58.18 	 0.00010582702892196865 
58.2 	 0.0001048766156780147 
58.22 	 0.00010382850975751796 
58.24 	 0.00010275166608717412 
58.26 	 0.00010170649841797493 
58.28 	 0.00010073395945214845 
58.3 	 9.984774409709134e-05 
58.32 	 9.903223977884353e-05 
58.34 	 9.824524182712643e-05 
58.36 	 9.742606275895333e-05 
58.38 	 9.650649788785318e-05 
58.4 	 9.542380161522743e-05 
58.42 	 9.413234485762637e-05 
58.44 	 9.261318273130828e-05 
58.46 	 9.087852394573476e-05 
58.48 	 8.897193918218729e-05 
58.5 	 8.696241455866775e-05 
58.52 	 8.493521560066166e-05 
58.54 	 8.297883105505301e-05 
58.56 	 8.117228901734343e-05 
58.58 	 7.957260818412867e-05 
58.6 	 7.82064121478097e-05 
58.62 	 7.706504429847218e-05 
58.64 	 7.61055429651306e-05 
58.66 	 7.525581628902973e-05 
58.68 	 7.44243340291981e-05 
58.7 	 7.351179258768352e-05 
58.72 	 7.242387370594423e-05 
58.74 	 7.108234452435179e-05 
58.76 	 6.943391934064534e-05 
58.78 	 6.745468390251162e-05 
58.8 	 6.515101359358775e-05 
58.82 	 6.255565593374707e-05 
58.84 	 5.972165491346327e-05 
58.86 	 5.671333010462866e-05 
58.88 	 5.3597959024380866e-05 
58.9 	 5.0437213142340324e-05 
58.92 	 4.7281772493099595e-05 
58.94 	 4.4167456535658364e-05 
58.96 	 4.111523363303048e-05 
58.98 	 3.813269965039961e-05 
59.0 	 3.521828607274175e-05 
59.02 	 3.236552964465817e-05 
59.04 	 2.9568111359767343e-05 
59.06 	 2.6823399142603254e-05 
59.08 	 2.413528157201252e-05 
59.1 	 2.1514850286708807e-05 
59.12 	 1.8980045150553595e-05 
59.14 	 1.6553615732662864e-05 
59.16 	 1.4260681800881968e-05 
59.18 	 1.2125679721585774e-05 
59.2 	 1.0169794159081997e-05 
59.22 	 8.408725393720494e-06 
59.24 	 6.851411482646282e-06 
59.26 	 5.499517764026089e-06 
59.28 	 4.347769693357477e-06 
59.3 	 3.384876746918439e-06 
59.32 	 2.594920743809729e-06 
59.34 	 1.9589076933748462e-06 
59.36 	 1.4562788268868617e-06 
59.38 	 1.066292361183659e-06 
59.4 	 7.691438998467807e-07 
59.42 	 5.467426719950835e-07 
59.44 	 3.831801077909407e-07 
59.46 	 2.6478403276081175e-07 
59.48 	 1.8066697795662494e-07 
59.5 	 1.21743490087749e-07 
59.52 	 8.127623881873275e-08 
59.54 	 5.3726900748371916e-08 
59.56 	 3.494632065164618e-08 
59.58 	 2.2351741790771484e-08 
59.6 	 1.4901161193847656e-08 
59.62 	 7.450580596923828e-09 
59.64 	 7.450580596923828e-09 
59.66 	 0.0 
59.68 	 0.0 
59.7 	 0.0 
59.72 	 0.0 
59.74 	 0.0 
59.76 	 0.0 
59.78 	 0.0 
59.8 	 0.0 
59.82 	 0.0 
59.84 	 0.0 
59.86 	 0.0 
59.88 	 0.0 
59.9 	 0.0 
59.92 	 0.0 
59.94 	 0.0 
59.96 	 0.0 
59.98 	 0.0 
