0.0 	 0.2728350727587326 
0.02 	 0.22928483143129358 
0.04 	 0.21167434578622044 
0.06 	 0.19539063898300316 
0.08 	 0.18555330902443173 
0.1 	 0.1761201520650606 
0.12 	 0.1674346327917929 
0.14 	 0.15861213380844202 
0.16 	 0.1496539196618433 
0.18 	 0.1388811700301284 
0.2 	 0.12909033034136858 
0.22 	 0.11551130386785546 
0.24 	 0.10456926408888467 
0.26 	 0.08907034115983682 
0.28 	 0.0774885528747514 
0.3 	 0.06277062287486011 
0.32 	 0.052434080394976476 
0.34 	 0.041413694360371255 
0.36 	 0.03408247900414068 
0.38 	 0.02739034305577054 
0.4 	 0.02300155930742988 
0.42 	 0.019303195194880697 
0.44 	 0.016769372408432955 
0.46 	 0.014624926946390563 
0.48 	 0.013019743041417078 
0.5 	 0.011587475186054281 
0.52 	 0.010419753867417711 
0.54 	 0.009339329179605015 
0.56 	 0.008420534007625444 
0.58 	 0.007578226730300991 
0.6 	 0.006858307378875321 
0.62 	 0.0062235719601606895 
0.64 	 0.0056844993942118845 
0.66 	 0.005229053619830223 
0.68 	 0.004839973173682399 
0.7 	 0.004518179060328074 
0.72 	 0.004232963313266296 
0.74 	 0.003993171347601166 
0.76 	 0.003765467743318446 
0.78 	 0.003566418278510829 
0.8 	 0.003363760375182823 
0.82 	 0.0031831605937820773 
0.84 	 0.002992077867103746 
0.86 	 0.0028253219535081604 
0.88 	 0.0026473028740128003 
0.9 	 0.0024997226710128436 
0.92 	 0.0023423501628927895 
0.94 	 0.002220246578453602 
0.96 	 0.0020890308370234917 
0.98 	 0.0019940059362724034 
1.0 	 0.001888590776321917 
1.02 	 0.001816844615122859 
1.04 	 0.0017319303035401566 
1.06 	 0.0016770923187439963 
1.08 	 0.001605948751843015 
1.1 	 0.0015626854619258613 
1.12 	 0.0015006298082321636 
1.14 	 0.0014668861159208497 
1.16 	 0.0014130118145411507 
1.18 	 0.0013901326695187652 
1.2 	 0.0013468843037276784 
1.22 	 0.0013380397843547089 
1.24 	 0.001309287844905955 
1.26 	 0.001317256654210288 
1.28 	 0.0013060387423733239 
1.3 	 0.001331462142927924 
1.32 	 0.0013384356880174325 
1.34 	 0.0013792200946504032 
1.36 	 0.0014023005386376523 
1.38 	 0.0014541938336390167 
1.4 	 0.001489229364432734 
1.42 	 0.001547095814105389 
1.44 	 0.0015890843391383924 
1.46 	 0.0016482638595058095 
1.48 	 0.0016926019837005403 
1.5 	 0.0017498951324601546 
1.52 	 0.0017933088974139582 
1.54 	 0.0018473838712506987 
1.56 	 0.0018883700326590203 
1.58 	 0.0019396014299801862 
1.6 	 0.001978350441064104 
1.62 	 0.0020282365834672256 
1.64 	 0.0020661270814816145 
1.66 	 0.0021165098184564826 
1.68 	 0.0021553669121179807 
1.7 	 0.0022077033632715666 
1.72 	 0.00224907062328356 
1.74 	 0.002303967730610523 
1.76 	 0.0023486168991111896 
1.78 	 0.0024057325109804835 
1.8 	 0.002453523832626757 
1.82 	 0.002511796097149871 
1.84 	 0.0025618570931264886 
1.86 	 0.002619911677021808 
1.88 	 0.002670995007464803 
1.9 	 0.002727548474304757 
1.92 	 0.0027784031222122638 
1.94 	 0.0028325319254799424 
1.96 	 0.0028821680999807455 
1.98 	 0.0029334020925975974 
2.0 	 0.0029812071352667865 
2.02 	 0.0030294820706212276 
2.04 	 0.0030752096655191742 
2.06 	 0.0031207469138563077 
2.08 	 0.003164433363490298 
2.1 	 0.0032076095752877616 
2.12 	 0.003249470208738843 
2.14 	 0.003290714161761279 
2.16 	 0.0033310543369097965 
2.18 	 0.0033707817625764536 
2.2 	 0.0034099354586462783 
2.22 	 0.003448515395419065 
2.24 	 0.003486808961362595 
2.26 	 0.003524548495007616 
2.28 	 0.0035622798512855076 
2.3 	 0.0035994148688261816 
2.32 	 0.003636837619202385 
2.34 	 0.0036735217646607266 
2.36 	 0.0037108266966307418 
2.38 	 0.0037471166003116346 
2.4 	 0.0037844080672288128 
2.42 	 0.0038202487971205085 
2.44 	 0.0038575193702069036 
2.46 	 0.003892738868071615 
2.48 	 0.003929851302120952 
2.5 	 0.0039641746571874685 
2.52 	 0.004000863610078423 
2.54 	 0.004033955105087323 
2.56 	 0.004069859260567222 
2.58 	 0.004101390881494415 
2.6 	 0.0041361171156450854 
2.62 	 0.004165848921819825 
2.64 	 0.004199055801064542 
2.66 	 0.004226903077634038 
2.68 	 0.004258378389921122 
2.7 	 0.004284440999433059 
2.72 	 0.0043141462266935455 
2.74 	 0.004338689877219794 
2.76 	 0.004366757442962002 
2.78 	 0.004390157998385266 
2.8 	 0.004416848718516129 
2.82 	 0.004439526351151584 
2.84 	 0.004465171754682419 
2.86 	 0.004487542166140292 
2.88 	 0.004512498935840636 
2.9 	 0.004534955167376133 
2.92 	 0.004559587123328152 
2.94 	 0.004582507586674423 
2.96 	 0.004607193624757081 
2.98 	 0.004630959810566859 
3.0 	 0.004656113422419721 
3.02 	 0.004681117364196617 
3.04 	 0.004707197909345889 
3.06 	 0.004733822513118763 
3.08 	 0.004761318762033968 
3.1 	 0.004789881682997701 
3.12 	 0.004819253875314507 
3.14 	 0.004849918813012784 
3.16 	 0.004881498878194195 
3.18 	 0.004914177006097019 
3.2 	 0.004948047952773627 
3.22 	 0.004982330391033229 
3.24 	 0.005018228054823906 
3.26 	 0.005053395617795471 
3.28 	 0.005090685382469254 
3.3 	 0.005125823873851848 
3.32 	 0.005163589889205668 
3.34 	 0.005197799019071392 
3.36 	 0.005235043604395214 
3.38 	 0.005267681225215943 
3.4 	 0.0053035824117736285 
3.42 	 0.005334457471976259 
3.44 	 0.005368596999279715 
3.46 	 0.005398033001243511 
3.48 	 0.005430506457657909 
3.5 	 0.005459243470894198 
3.52 	 0.005490604707228681 
3.54 	 0.00551957386812836 
3.56 	 0.005550633283919172 
3.58 	 0.005580693815605143 
3.6 	 0.005612254975089827 
3.62 	 0.00564400299624321 
3.64 	 0.00567665223994233 
3.66 	 0.005710380817062211 
3.68 	 0.005744422109564683 
3.7 	 0.005780243080278904 
3.72 	 0.005815802264738419 
3.74 	 0.0058538625387272395 
3.76 	 0.005891102095326379 
3.78 	 0.00593177858236355 
3.8 	 0.005971106648276548 
3.82 	 0.006015071905530074 
3.84 	 0.00605722898268763 
3.86 	 0.006105344327349149 
3.88 	 0.006151312354265886 
3.9 	 0.006204395994926121 
3.92 	 0.006255168512939413 
3.94 	 0.006313754999499709 
3.96 	 0.006370083104838747 
3.98 	 0.006434297530144013 
4.0 	 0.006496540048655282 
4.02 	 0.006566151072058835 
4.04 	 0.0066343019189602625 
4.06 	 0.006708927751075316 
4.08 	 0.006782805289709583 
4.1 	 0.0068621794288593226 
4.12 	 0.0069416950804600305 
4.14 	 0.007025886249091814 
4.16 	 0.007111293670228089 
4.18 	 0.007200807872991348 
4.2 	 0.007292859986896214 
4.22 	 0.007388594312774022 
4.24 	 0.007488567324596141 
4.26 	 0.007591603306578054 
4.28 	 0.007701155096376093 
4.3 	 0.007812375779127197 
4.32 	 0.007933194542509826 
4.34 	 0.008052720419019995 
4.36 	 0.008185927432999587 
4.38 	 0.008312435597330265 
4.4 	 0.008457780286360078 
4.42 	 0.008587903011906622 
4.44 	 0.008742935491789469 
4.46 	 0.008871059591292812 
4.48 	 0.009030617756972274 
4.5 	 0.00914940112078289 
4.52 	 0.009305787437166212 
4.54 	 0.009407490781076474 
4.56 	 0.009551553894562848 
4.58 	 0.009629916749274417 
4.6 	 0.009752923960730468 
4.62 	 0.00980499949928871 
4.64 	 0.009900825115576333 
4.66 	 0.009928127517921286 
4.68 	 0.009995057484462107 
4.7 	 0.010003606378934394 
4.72 	 0.010045100128175197 
4.74 	 0.010044343886911725 
4.76 	 0.010068439123350837 
4.78 	 0.010069428370244419 
4.8 	 0.010087012927645408 
4.82 	 0.010100434116284088 
4.84 	 0.010123071461285596 
4.86 	 0.010157740048492677 
4.88 	 0.010195840996154426 
4.9 	 0.010257985677507787 
4.92 	 0.010319809894077627 
4.94 	 0.010413090020002128 
4.96 	 0.010504567990974623 
4.98 	 0.010630477561431597 
5.0 	 0.010755487147063987 
5.02 	 0.010913749777412099 
5.04 	 0.011074414598613786 
5.06 	 0.011263129304012737 
5.08 	 0.011459861292980638 
5.1 	 0.011675387720437379 
5.12 	 0.011906625977970117 
5.14 	 0.012143397801233418 
5.16 	 0.012405207801191896 
5.18 	 0.012655787702907078 
5.2 	 0.012941642868956217 
5.22 	 0.013197337938299825 
5.24 	 0.013498463873151909 
5.26 	 0.013750657255727775 
5.28 	 0.014057213147299793 
5.3 	 0.014299256881517532 
5.32 	 0.014602345247644246 
5.34 	 0.01483153854267979 
5.36 	 0.015125662074222494 
5.38 	 0.015344684646998986 
5.4 	 0.01562996396084261 
5.42 	 0.015847222604304993 
5.44 	 0.016130597166805077 
5.46 	 0.016359221299717834 
5.48 	 0.016654056602371074 
5.5 	 0.01690965023576988 
5.52 	 0.017233650538664987 
5.54 	 0.01753130782077715 
5.56 	 0.017903254232791314 
5.58 	 0.01825469173560581 
5.6 	 0.018691054028866474 
5.62 	 0.019102840141744685 
5.64 	 0.019615480856577185 
5.66 	 0.020089068729870756 
5.68 	 0.020684919574639846 
5.7 	 0.021218515199082154 
5.72 	 0.02190136273611784 
5.74 	 0.02249287848503811 
5.76 	 0.023266583909301128 
5.78 	 0.02391645378144215 
5.8 	 0.024788394186081034 
5.82 	 0.025501067417687474 
5.84 	 0.02648445252145352 
5.86 	 0.027267827066773925 
5.88 	 0.028381731422674316 
5.9 	 0.02924442893908907 
5.92 	 0.030510791396632365 
5.94 	 0.03145794123107374 
5.96 	 0.03289547700881336 
5.98 	 0.03392452403538607 
6.0 	 0.03554054940234049 
6.02 	 0.03663911264920924 
6.04 	 0.03842146302259389 
6.06 	 0.039568656715212445 
6.08 	 0.041480576524407786 
6.1 	 0.04265124608181186 
6.12 	 0.044631815976245846 
6.14 	 0.04580116642500932 
6.16 	 0.04777238370845265 
6.18 	 0.048918392011914294 
6.2 	 0.05079747417453283 
6.22 	 0.051900245993184234 
6.24 	 0.05361253319531235 
6.26 	 0.054650986013312974 
6.28 	 0.05613684252524067 
6.3 	 0.05708228465870095 
6.32 	 0.058293434800650606 
6.34 	 0.05909898616450968 
6.36 	 0.05998635484884264 
6.38 	 0.06057432928180706 
6.4 	 0.061076805888705205 
6.42 	 0.061333065174127725 
6.44 	 0.06137898963589071 
6.46 	 0.06116865672066361 
6.48 	 0.060697354012922616 
6.5 	 0.05991303326366229 
6.52 	 0.05891546343272153 
6.54 	 0.05755209948096112 
6.56 	 0.0561191574915556 
6.58 	 0.05433983232825339 
6.6 	 0.052690364249436995 
6.62 	 0.05082252213698165 
6.64 	 0.0492691264582246 
6.66 	 0.047693388945347456 
6.68 	 0.04653081273504189 
6.7 	 0.04551366528236599 
6.72 	 0.044890822601788165 
6.74 	 0.04447892424493282 
6.76 	 0.04434798096178283 
6.78 	 0.044382631087538094 
6.8 	 0.04454696700668301 
6.82 	 0.0447520179972817 
6.84 	 0.04495792976507383 
6.86 	 0.0450348268839685 
6.88 	 0.04505166309448666 
6.9 	 0.04475669578883086 
6.92 	 0.04442741948903549 
6.94 	 0.04363011614836733 
6.96 	 0.0428973148414623 
6.98 	 0.0416129348951902 
7.0 	 0.04052507838598149 
7.02 	 0.03890478673390934 
7.04 	 0.037597703631612356 
7.06 	 0.035869852871899886 
7.08 	 0.03451997949224073 
7.1 	 0.0329064249778665 
7.12 	 0.03167301110037299 
7.14 	 0.030326626686693413 
7.16 	 0.029314853704655055 
7.18 	 0.028307565738111405 
7.2 	 0.027568439092836176 
7.22 	 0.026918783533359438 
7.24 	 0.0264724038636694 
7.26 	 0.0261806221173274 
7.28 	 0.02603896582542617 
7.3 	 0.026107282996096704 
7.32 	 0.026283340048900258 
7.34 	 0.026718621402501273 
7.36 	 0.02722338907162498 
7.38 	 0.02803080279236284 
7.4 	 0.028866528092368057 
7.42 	 0.030043047301056086 
7.44 	 0.031199606738300172 
7.46 	 0.03273070490753128 
7.48 	 0.034187080098185725 
7.5 	 0.036045211642071064 
7.52 	 0.03777437238769937 
7.54 	 0.03991653246805542 
7.56 	 0.041891080100210705 
7.58 	 0.044253920629930776 
7.6 	 0.04645029175869808 
7.62 	 0.048942829599069884 
7.64 	 0.05134206800662635 
7.66 	 0.053836840192882096 
7.68 	 0.05641937689490124 
7.7 	 0.05874325812493167 
7.72 	 0.061474306392952274 
7.74 	 0.06340097857507314 
7.76 	 0.06620309691447013 
7.78 	 0.06745085601270098 
7.8 	 0.07016311093770748 
7.82 	 0.07040491446005416 
7.84 	 0.07273890487288977 
7.86 	 0.07163901172069091 
7.88 	 0.07316791122225288 
7.9 	 0.07047305920865773 
7.92 	 0.0707249857354153 
7.94 	 0.06643545793378909 
7.96 	 0.06514448119444419 
7.98 	 0.0596970776906095 
8.0 	 0.05707973106216197 
8.02 	 0.051301673340734044 
8.04 	 0.04801702929512397 
8.06 	 0.04272993578701303 
8.08 	 0.03947299657450673 
8.1 	 0.03511331690858065 
8.12 	 0.03228662501644482 
8.14 	 0.028887568035220784 
8.16 	 0.02659144329394156 
8.18 	 0.02398025780432563 
8.2 	 0.022152113816864417 
8.22 	 0.020119181921472672 
8.24 	 0.018650630613708384 
8.26 	 0.017026148082839716 
8.28 	 0.015820432814090776 
8.3 	 0.014489317181165843 
8.32 	 0.01347756913772797 
8.34 	 0.012368418123992826 
8.36 	 0.011506668428350023 
8.38 	 0.010575652283631293 
8.4 	 0.00983654321786593 
8.42 	 0.009055112968913174 
8.44 	 0.008420952756687024 
8.46 	 0.007769040414711152 
8.48 	 0.007227900755864618 
8.5 	 0.006690877412311746 
8.52 	 0.006234833039394683 
8.54 	 0.005801810781142097 
8.56 	 0.005425740570428373 
8.58 	 0.005087648523727919 
8.6 	 0.004787546828076766 
8.62 	 0.004534681341453286 
8.64 	 0.0043054047483223334 
8.66 	 0.0041250990898940194 
8.68 	 0.003958264312433135 
8.7 	 0.003833629459090886 
8.72 	 0.003716603355274298 
8.74 	 0.003627020929788932 
8.76 	 0.003543566987058353 
8.78 	 0.003467005309559056 
8.8 	 0.0033994461400766824 
8.82 	 0.003315962763106164 
8.84 	 0.003248090853018198 
8.86 	 0.0031433373685754926 
8.88 	 0.003063059956809008 
8.9 	 0.002930508983909023 
8.92 	 0.0028314073829195704 
8.94 	 0.0026725225995294574 
8.96 	 0.0025539864588434006 
8.98 	 0.0023764350547667876 
9.0 	 0.002242555882989135 
9.02 	 0.0020573188338837258 
9.04 	 0.0019150822332300809 
9.06 	 0.0017335536057740233 
9.08 	 0.0015909519288581217 
9.1 	 0.0014228264508810958 
9.12 	 0.0012873580750685986 
9.14 	 0.0011395834115216605 
9.16 	 0.0010173387081695417 
9.18 	 0.0008939655675796226 
9.2 	 0.0007892510808439003 
9.22 	 0.0006917972745496566 
9.24 	 0.000607097501177852 
9.26 	 0.0005350482318386563 
9.28 	 0.00047110171631536073 
9.3 	 0.0004223201405185073 
9.32 	 0.00037818452636296563 
9.34 	 0.00034920185090216247 
9.36 	 0.0003223395002452314 
9.38 	 0.00030863870416228883 
9.4 	 0.0002951692286542119 
9.42 	 0.00029161602287432415 
9.44 	 0.00028687058550024746 
9.46 	 0.0002883749592885672 
9.48 	 0.00028774550576279563 
9.5 	 0.00029009212764119984 
9.52 	 0.0002899822064907299 
9.54 	 0.0002906108446017336 
9.56 	 0.00028917903427797274 
9.58 	 0.0002876097164780586 
9.6 	 0.00028502043815819325 
9.62 	 0.0002826780542410878 
9.64 	 0.0002807298745740777 
9.66 	 0.0002801464229140631 
9.68 	 0.00028137677034727367 
9.7 	 0.0002850512382382615 
9.72 	 0.000291642631469093 
9.74 	 0.0003010508754184025 
9.76 	 0.000314002927506354 
9.78 	 0.00032922915949131263 
9.8 	 0.0003482287236646217 
9.82 	 0.00036842755042583534 
9.84 	 0.00039259390514507364 
9.86 	 0.000417103178295781 
9.88 	 0.00044634406555666285 
9.9 	 0.0004758995959811087 
9.92 	 0.0005121755400490248 
9.94 	 0.0005494914223005284 
9.96 	 0.0005971501806503184 
9.98 	 0.0006463239957327183 
10.0 	 0.0007110287455486866 
10.02 	 0.0007758599002373199 
10.04 	 0.0008623424718846158 
10.06 	 0.0009443454852032558 
10.08 	 0.001053833337721902 
10.1 	 0.0011509002273347117 
10.12 	 0.0012792559901628469 
10.14 	 0.0013854387580034442 
10.16 	 0.0015228273409436984 
10.18 	 0.0016291127169181347 
10.2 	 0.0017615544077077246 
10.22 	 0.0018573402978342424 
10.24 	 0.0019699155993897263 
10.26 	 0.002045074684853718 
10.28 	 0.002125907543010496 
10.3 	 0.002173308708996638 
10.32 	 0.0022170238890036856 
10.34 	 0.002234948383668634 
10.36 	 0.0022443754312364973 
10.38 	 0.002237809289126159 
10.4 	 0.0022233384525844795 
10.42 	 0.0022032572898225094 
10.44 	 0.0021801458005401824 
10.46 	 0.0021607795149344235 
10.48 	 0.002145417212441275 
10.5 	 0.002140535708787564 
10.52 	 0.002146898712910809 
10.54 	 0.0021666172245366046 
10.56 	 0.002203853992588861 
10.58 	 0.0022530355145963955 
10.6 	 0.0023245883857155683 
10.62 	 0.0024030345567148522 
10.64 	 0.0025072020985920144 
10.66 	 0.002611105948613924 
10.68 	 0.0027426383048358865 
10.7 	 0.0028665265227863002 
10.72 	 0.003018682751677176 
10.74 	 0.003157187286077817 
10.76 	 0.0033236153235492653 
10.78 	 0.0034726348802496987 
10.8 	 0.0036484951035889142 
10.82 	 0.0038055111504147238 
10.84 	 0.0039875161301673595 
10.86 	 0.004151033985298551 
10.88 	 0.004336483097651367 
10.9 	 0.004504801114663497 
10.92 	 0.004690084415670028 
10.94 	 0.0048597954282512046 
10.96 	 0.005039039552639252 
10.98 	 0.005203754858550062 
11.0 	 0.005368206036302696 
11.02 	 0.005517951346002632 
11.04 	 0.00565640606148138 
11.06 	 0.005778028802095993 
11.08 	 0.005878281341870778 
11.1 	 0.0059570621000494 
11.12 	 0.006008066619532854 
11.14 	 0.006030491629448411 
11.16 	 0.00602477369351975 
11.18 	 0.005982027134668578 
11.2 	 0.005917799953152951 
11.22 	 0.005809039660134433 
11.24 	 0.005691474607151901 
11.26 	 0.005525662321299112 
11.28 	 0.0053668873811562046 
11.3 	 0.005162224769637971 
11.32 	 0.004979928450892779 
11.34 	 0.004760840520208619 
11.36 	 0.0045757594525676635 
11.38 	 0.004368365798015656 
11.4 	 0.004201218009468714 
11.42 	 0.00402868962297284 
11.44 	 0.0038971435273415047 
11.46 	 0.0037760934288926487 
11.48 	 0.0036922356008606133 
11.5 	 0.0036307219668361077 
11.52 	 0.003599405432772997 
11.54 	 0.0035966511088871573 
11.56 	 0.003615101780493882 
11.58 	 0.0036627653137119116 
11.6 	 0.0037217370630046012 
11.62 	 0.0038064473603956483 
11.64 	 0.003892906615916892 
11.66 	 0.003999700374682371 
11.68 	 0.004100523179136269 
11.7 	 0.004216646138407449 
11.72 	 0.00432230645359859 
11.74 	 0.004440451478211393 
11.76 	 0.004547399432635963 
11.78 	 0.004667062787319563 
11.8 	 0.004777649098813254 
11.82 	 0.0049034191743662515 
11.84 	 0.00502295394597538 
11.86 	 0.005159573654456897 
11.88 	 0.0052913101832830515 
11.9 	 0.005436937760935764 
11.92 	 0.005576940028448888 
11.94 	 0.005717300934397634 
11.96 	 0.005851568779212209 
11.98 	 0.005958038622234581 
12.0 	 0.0060635422253032785 
12.02 	 0.006097510511313262 
12.04 	 0.006147252716064076 
12.06 	 0.0060711689750304835 
12.08 	 0.006041854306778989 
12.1 	 0.005833951960751398 
12.12 	 0.005713849928696828 
12.14 	 0.005379887187479433 
12.16 	 0.005173983614411558 
12.18 	 0.004748673238279108 
12.2 	 0.004478434724600109 
12.22 	 0.004014285447595139 
12.24 	 0.0037114056773900387 
12.26 	 0.003261021998637124 
12.28 	 0.002958071479301844 
12.3 	 0.0025600015015633396 
12.32 	 0.0022827557293876154 
12.34 	 0.0019567558375443617 
12.36 	 0.001721074954565695 
12.38 	 0.001471319618380138 
12.4 	 0.0012840713879487212 
12.42 	 0.0011053091409910917 
12.44 	 0.0009670635110214361 
12.46 	 0.0008498436563100997 
12.48 	 0.0007573832830189322 
12.5 	 0.0006910670652631759 
12.52 	 0.0006389332767069565 
12.54 	 0.0006129318392495774 
12.56 	 0.0005942004910471564 
12.58 	 0.0005983880538493806 
12.6 	 0.0006052454761961052 
12.62 	 0.0006302759339434392 
12.64 	 0.0006547996581928539 
12.66 	 0.0006925974477297049 
12.68 	 0.0007277173249584298 
12.7 	 0.0007719947960709548 
12.72 	 0.0008122511446031023 
12.74 	 0.0008586856453340467 
12.76 	 0.0009003619298728947 
12.78 	 0.0009461576097700713 
12.8 	 0.0009866849640054183 
12.82 	 0.0010296177936736396 
12.84 	 0.0010666164477498208 
12.86 	 0.0011040694165104972 
12.88 	 0.0011346696689158607 
12.9 	 0.001163284744651104 
12.92 	 0.0011842270600601304 
12.94 	 0.001200489339797568 
12.96 	 0.0012089975585736306 
12.98 	 0.001210482945812179 
13.0 	 0.0012053698908057408 
13.02 	 0.0011919038102437796 
13.04 	 0.0011741898418430139 
13.06 	 0.001148153313939132 
13.08 	 0.0011207940805825745 
13.1 	 0.0010863504257161145 
13.12 	 0.001053246660981408 
13.14 	 0.0010149742279038183 
13.16 	 0.0009798599284179506 
13.18 	 0.0009416195513085382 
13.2 	 0.0009074389616243551 
13.22 	 0.0008720644897638207 
13.24 	 0.0008411125907693371 
13.26 	 0.0008109474036038729 
13.28 	 0.0007856132622020366 
13.3 	 0.0007634317063519706 
13.32 	 0.000747077415356915 
13.34 	 0.0007367561323220924 
13.36 	 0.0007341923011241477 
13.38 	 0.0007406520581032612 
13.4 	 0.0007578313926208763 
13.42 	 0.0007861568350622004 
13.44 	 0.0008290232636670825 
13.46 	 0.0008830937972227034 
13.48 	 0.0009558702231983288 
13.5 	 0.0010370570930316792 
13.52 	 0.0011405045086211492 
13.54 	 0.0012468838201856608 
13.56 	 0.0013771484621893505 
13.58 	 0.0015033863680878005 
13.6 	 0.0016519535984761363 
13.62 	 0.0017898156820387368 
13.64 	 0.0019448013453378253 
13.66 	 0.00208423284708399 
13.68 	 0.00223278549167564 
13.7 	 0.002363524959043543 
13.72 	 0.0024946273768351257 
13.74 	 0.00260813255710798 
13.76 	 0.0027148467223798993 
13.78 	 0.0028059928254441976 
13.8 	 0.0028864002981474693 
13.82 	 0.002954303297500242 
13.84 	 0.0030109887883457945 
13.86 	 0.0030586488349615866 
13.88 	 0.0030972071665764864 
13.9 	 0.0031302571037024485 
13.92 	 0.003157585798557861 
13.94 	 0.003182781349514392 
13.96 	 0.003205721468326067 
13.98 	 0.0032296542545012783 
14.0 	 0.003254070527481165 
14.02 	 0.0032821333714232724 
14.04 	 0.0033121527895460332 
14.06 	 0.003347481249756177 
14.08 	 0.0033845928489087142 
14.1 	 0.003426796979085998 
14.12 	 0.0034688326998112058 
14.14 	 0.0035127189207186708 
14.16 	 0.003553137317459766 
14.18 	 0.0035880278723801726 
14.2 	 0.00361612287162388 
14.22 	 0.003626582870370573 
14.24 	 0.003629087255481779 
14.26 	 0.003597714846324585 
14.28 	 0.003561799786673376 
14.3 	 0.003474077306796959 
14.32 	 0.003391137739919326 
14.34 	 0.0032411720244906552 
14.36 	 0.0031102563387819214 
14.38 	 0.00290503662253663 
14.4 	 0.002734569903436056 
14.42 	 0.0024941920968566474 
14.44 	 0.002301022529615605 
14.46 	 0.0020540000907979463 
14.48 	 0.0018598736306456622 
14.5 	 0.0016354950693903115 
14.52 	 0.0014623613136236693 
14.54 	 0.0012838291331554895 
14.56 	 0.00114993055651686 
14.58 	 0.0010311302605223983 
14.6 	 0.0009491433941233162 
14.62 	 0.0008952993088099119 
14.64 	 0.0008724979061383805 
14.66 	 0.0008829754099974957 
14.68 	 0.0009224507747510123 
14.7 	 0.0009936739743085065 
14.72 	 0.0010954851107178461 
14.74 	 0.0012227776145079636 
14.76 	 0.001384333055887944 
14.78 	 0.0015624496228049032 
14.8 	 0.0017780820872520574 
14.82 	 0.002000769694313415 
14.84 	 0.0022610295403204723 
14.86 	 0.002520149533462889 
14.88 	 0.002811584658262159 
14.9 	 0.0030963562789431075 
14.92 	 0.0034023828148941337 
14.94 	 0.0036993101005099766 
14.96 	 0.004002313265233205 
14.98 	 0.004296284147240545 
15.0 	 0.004580567063117812 
15.02 	 0.004857316699490827 
15.04 	 0.005112168603313068 
15.06 	 0.005361702631527814 
15.08 	 0.005583740896035717 
15.1 	 0.005803544589178998 
15.12 	 0.005997502089844722 
15.14 	 0.006193810614985223 
15.16 	 0.006371085709241086 
15.18 	 0.006556728942687412 
15.2 	 0.006731501228468546 
15.22 	 0.0069201634384116065 
15.24 	 0.007103838842496417 
15.26 	 0.007302462092046021 
15.28 	 0.007498263306287713 
15.3 	 0.0077006206386279735 
15.32 	 0.007900499477721847 
15.34 	 0.008084919760038882 
15.36 	 0.008270200630899751 
15.38 	 0.00840319037925041 
15.4 	 0.008548885772861902 
15.42 	 0.008594405533162892 
15.44 	 0.008675882404223947 
15.46 	 0.008607644670224155 
15.48 	 0.008607766659225446 
15.5 	 0.008419897722775873 
15.52 	 0.008334662566291047 
15.54 	 0.008045839590444576 
15.56 	 0.007886602010179454 
15.58 	 0.007535399766056871 
15.6 	 0.007326537268979473 
15.62 	 0.006960241831545762 
15.64 	 0.0067330224653138265 
15.66 	 0.006395445046867814 
15.68 	 0.0061807570148244 
15.7 	 0.005904024011412173 
15.72 	 0.005726769018597839 
15.74 	 0.005528585088117936 
15.76 	 0.005404919793664101 
15.78 	 0.005289642086762842 
15.8 	 0.005226525513773949 
15.82 	 0.005187504600610241 
15.84 	 0.005183369134517707 
15.86 	 0.005204936229066262 
15.88 	 0.005250639080280201 
15.9 	 0.005309525720282314 
15.92 	 0.005389389155459143 
15.94 	 0.005456401849192301 
15.96 	 0.005549635829431801 
15.98 	 0.005592749726785879 
16.0 	 0.005675718813243763 
16.02 	 0.005665256514475373 
16.04 	 0.005714894751920822 
16.06 	 0.005630141271480447 
16.08 	 0.005628300686913768 
16.1 	 0.005463295284903429 
16.12 	 0.005400971002472937 
16.14 	 0.005166490061568116 
16.16 	 0.005046154624581037 
16.18 	 0.004766193675365899 
16.2 	 0.004600764552854247 
16.22 	 0.004304794444676737 
16.24 	 0.004113360926754131 
16.26 	 0.0038280393347448565 
16.28 	 0.003630284531900008 
16.3 	 0.0033741175425613477 
16.32 	 0.003185859009792103 
16.34 	 0.002967995555416429 
16.36 	 0.0027992119014972347 
16.38 	 0.0026212929745760448 
16.4 	 0.002476491222993095 
16.42 	 0.002335646265749316 
16.44 	 0.0022155035249348015 
16.46 	 0.0021069850087349798 
16.48 	 0.002010120662223649 
16.5 	 0.0019288860738313318 
16.52 	 0.0018530629435745108 
16.54 	 0.0017942932837851447 
16.56 	 0.0017368787058817993 
16.58 	 0.0016957910131343808 
16.6 	 0.0016536751399573674 
16.62 	 0.0016250938366474473 
16.64 	 0.0015944153389699646 
16.66 	 0.0015725243383929194 
16.68 	 0.0015485486874859105 
16.7 	 0.0015271168485918528 
16.72 	 0.0015045009139169902 
16.74 	 0.0014776595417274557 
16.76 	 0.0014511479693077257 
16.78 	 0.0014145224291318432 
16.8 	 0.0013799111184258674 
16.82 	 0.00133168689469147 
16.84 	 0.001286753480501204 
16.86 	 0.001228250013286523 
16.88 	 0.0011733702334554218 
16.9 	 0.0011089421651651126 
16.92 	 0.0010472706427754274 
16.94 	 0.0009836894991052808 
16.96 	 0.000920969204525839 
16.98 	 0.0008666199877975928 
17.0 	 0.0008107644157535935 
17.02 	 0.0007749270819831955 
17.04 	 0.000735451388266885 
17.06 	 0.0007277337611785816 
17.08 	 0.0007149796484230667 
17.1 	 0.0007447888741459131 
17.12 	 0.0007688309122422062 
17.14 	 0.0008446848454650708 
17.16 	 0.0009139030368766589 
17.18 	 0.0010423728909951379 
17.2 	 0.0011618876501091181 
17.22 	 0.0013460265729789138 
17.24 	 0.0015163801784113663 
17.26 	 0.0017536836045372241 
17.28 	 0.001970164480172151 
17.3 	 0.0022504555823123005 
17.32 	 0.0025032381080685355 
17.34 	 0.002807272926683921 
17.36 	 0.003082194874896541 
17.38 	 0.003382008667919354 
17.4 	 0.003661588373338514 
17.42 	 0.003923426213275948 
17.44 	 0.004187877302058215 
17.46 	 0.004377862629844297 
17.48 	 0.0046063771618445005 
17.5 	 0.0046979526688100005 
17.52 	 0.004870944549182127 
17.54 	 0.0048518902221738915 
17.56 	 0.0049545431475122095 
17.58 	 0.004830700930379511 
17.6 	 0.004856890205383349 
17.62 	 0.00465048667691468 
17.64 	 0.004604979993773755 
17.66 	 0.0043478775460361165 
17.68 	 0.004245153896812958 
17.7 	 0.003970065425043752 
17.72 	 0.0038300983236350707 
17.74 	 0.0035635512392117883 
17.76 	 0.0034066417017408713 
17.78 	 0.0031657670997446313 
17.8 	 0.0030085714654642004 
17.82 	 0.0028014076176311412 
17.84 	 0.0026551232129643897 
17.86 	 0.0024828603810807 
17.88 	 0.0023533282043740203 
17.9 	 0.002212989205988851 
17.92 	 0.0021019027812351127 
17.94 	 0.001988591378873917 
17.96 	 0.0018950151198463287 
17.98 	 0.0018034457883755004 
18.0 	 0.0017251351079583556 
18.02 	 0.0016504909039814285 
18.04 	 0.0015848136518324507 
18.06 	 0.0015231078820829168 
18.08 	 0.001467573154079999 
18.1 	 0.001415703594343832 
18.12 	 0.0013681964322642193 
18.14 	 0.0013238432040969788 
18.16 	 0.0012826778053156092 
18.18 	 0.0012441455636648207 
18.2 	 0.0012080266418915049 
18.22 	 0.0011740873094548566 
18.24 	 0.0011420375381141013 
18.26 	 0.001111798291352691 
18.28 	 0.0010830830710710875 
18.3 	 0.0010558856272407287 
18.32 	 0.0010299486532185402 
18.34 	 0.001005296974117571 
18.36 	 0.0009817102264519748 
18.38 	 0.0009592207295742492 
18.4 	 0.00093764795025863 
18.42 	 0.0009170161531355023 
18.44 	 0.0008971871976315937 
18.46 	 0.0008781656376017157 
18.48 	 0.0008598587993817378 
18.5 	 0.0008422423291193596 
18.52 	 0.0008252721488442279 
18.54 	 0.0008088880224532387 
18.56 	 0.0007930968603808023 
18.58 	 0.000777798116543641 
18.6 	 0.0007630505074107493 
18.62 	 0.0007487117293734507 
18.64 	 0.0007348908759604192 
18.66 	 0.0007214054289259621 
18.68 	 0.0007084110502528545 
18.7 	 0.0006956887514151592 
18.72 	 0.0006834352637319183 
18.74 	 0.0006713996688799159 
18.76 	 0.0006598138782441192 
18.78 	 0.0006483991310164517 
18.8 	 0.0006374173896332905 
18.82 	 0.0006265653932434836 
18.84 	 0.0006161309976537583 
18.86 	 0.0006057898064691002 
18.88 	 0.0005958515461666952 
18.9 	 0.0005859751282834596 
18.92 	 0.0005764871358273271 
18.94 	 0.0005670356830383713 
18.96 	 0.0005579577728851337 
18.98 	 0.0005488974911174828 
19.0 	 0.0005401949621882479 
19.02 	 0.0005314970471124006 
19.04 	 0.0005231397130222601 
19.06 	 0.0005147792496457697 
19.08 	 0.0005067404731886022 
19.1 	 0.0004986962336686461 
19.12 	 0.0004909529347797845 
19.14 	 0.00048320820988577976 
19.16 	 0.00047574195232722073 
19.18 	 0.00046828544512799537 
19.2 	 0.00046108360383048056 
19.22 	 0.0004539091120342374 
19.24 	 0.00044696482452174694 
19.26 	 0.00044006923290822175 
19.28 	 0.0004333796117860209 
19.3 	 0.0004267599076350959 
19.32 	 0.0004203231542558922 
19.34 	 0.00041397380605617335 
19.36 	 0.0004077865015064389 
19.38 	 0.00040169823119181474 
19.4 	 0.00039575383254287794 
19.42 	 0.00038991395424710254 
19.44 	 0.0003842027468122352 
19.46 	 0.00037859650872002995 
19.48 	 0.0003731065719964834 
19.5 	 0.00036771870948988444 
19.52 	 0.00036243720668955475 
19.54 	 0.00035725313579208876 
19.56 	 0.00035216739558720087 
19.58 	 0.00034717385119297054 
19.6 	 0.0003422720234994729 
19.62 	 0.00033745722771465897 
19.64 	 0.00033272854397909703 
19.66 	 0.00032808209584929844 
19.68 	 0.00032351687139626844 
19.7 	 0.00031902952816230444 
19.72 	 0.0003146190425300819 
19.74 	 0.0003102824954007925 
19.76 	 0.0003060188405539772 
19.78 	 0.0003018255286036656 
19.8 	 0.0002977014693749895 
19.82 	 0.00029364444027509576 
19.84 	 0.0002896533022046847 
19.86 	 0.00028572611358602343 
19.88 	 0.0002818616989364702 
19.9 	 0.00027805835002528656 
19.92 	 0.0002743148770124899 
19.94 	 0.00027062976045611126 
19.96 	 0.0002670018191358244 
19.98 	 0.00026342968483513367 
20.0 	 0.000259912203490976 
20.02 	 0.0002564481287607896 
20.04 	 0.0002530363461178667 
20.06 	 0.0002496757090048508 
20.08 	 0.000246365149467255 
20.1 	 0.00024310360404410314 
20.12 	 0.0002398900548131232 
20.14 	 0.00023672350842635998 
20.16 	 0.00023360299840112606 
20.18 	 0.00023052759119626716 
20.2 	 0.00022749637191802968 
20.22 	 0.00022450845877499854 
20.24 	 0.0002215629875435461 
20.26 	 0.00021865912219209963 
20.28 	 0.0002157960471650793 
20.3 	 0.00021297296800212815 
20.32 	 0.00021018911485472778 
20.34 	 0.00020744373197672497 
20.36 	 0.00020473609167750753 
20.38 	 0.00020206547482438247 
20.4 	 0.00019943119224295498 
20.42 	 0.00019683255957909007 
20.44 	 0.00019426892285323693 
20.46 	 0.00019173963064711007 
20.48 	 0.0001892440613667296 
20.5 	 0.0001867815946245262 
20.52 	 0.00018435163888947062 
20.54 	 0.00018195360289790992 
20.56 	 0.00017958692321527075 
20.58 	 0.00017725103585336665 
20.6 	 0.00017494540375072076 
20.62 	 0.0001726694884066619 
20.64 	 0.00017042277761415437 
20.66 	 0.00016820475658978708 
20.68 	 0.00016601493668294258 
20.7 	 0.00016385282503253394 
20.72 	 0.0001617179554835373 
20.74 	 0.0001596098552696676 
20.76 	 0.00015752807988551418 
20.78 	 0.00015547217484240502 
20.8 	 0.00015344171657915244 
20.82 	 0.0001514362671779078 
20.84 	 0.0001494554233313756 
20.86 	 0.0001474987622501917 
20.88 	 0.00014556590003886267 
20.9 	 0.00014365642802909357 
20.92 	 0.00014176998057344122 
20.94 	 0.000139906162661985 
20.96 	 0.000138064625308932 
20.98 	 0.00013624498721095555 
21.0 	 0.00013444691407802072 
21.02 	 0.00013267003866613007 
21.04 	 0.00013091403924500014 
21.06 	 0.00012917856296814265 
21.08 	 0.00012746329866842012 
21.1 	 0.000125767907913691 
21.12 	 0.00012409208852565422 
21.14 	 0.0001224355160085268 
21.16 	 0.00012079789615647835 
21.18 	 0.00011917891745102993 
21.2 	 0.00011757829314276122 
21.22 	 0.0001159957234140254 
21.24 	 0.00011443092875008762 
21.26 	 0.00011288361965783435 
21.28 	 0.00011135352367736128 
21.3 	 0.00010984036033587779 
21.32 	 0.00010834386389105672 
21.34 	 0.00010686376172874448 
21.36 	 0.00010539979423220915 
21.38 	 0.00010395169559968172 
21.4 	 0.00010251921148384416 
21.42 	 0.00010110208188256721 
21.44 	 9.97000566203591e-05 
21.46 	 9.831288042629223e-05 
21.48 	 9.694030594997226e-05 
21.5 	 9.558208145575213e-05 
21.52 	 9.423796073887986e-05 
21.54 	 9.290769421740899e-05 
21.56 	 9.159103462490822e-05 
21.58 	 9.028773291646891e-05 
21.6 	 8.899753764892088e-05 
21.62 	 8.772019848439885e-05 
21.64 	 8.645545499819874e-05 
21.66 	 8.520305389455561e-05 
21.68 	 8.396271752448584e-05 
21.7 	 8.273418972077414e-05 
21.72 	 8.151715989810651e-05 
21.74 	 8.03113757674341e-05 
21.76 	 7.911646152358188e-05 
21.78 	 7.793219500647844e-05 
21.8 	 7.675806679033109e-05 
21.82 	 7.559396016195631e-05 
21.84 	 7.44390882861602e-05 
21.86 	 7.329362516136917e-05 
21.88 	 7.215621446342368e-05 
21.9 	 7.102772824870824e-05 
21.92 	 6.99056770424751e-05 
21.94 	 6.879244306589852e-05 
21.96 	 6.768338252247596e-05 
21.98 	 6.6583860453125e-05 
22.0 	 6.548535982303519e-05 
22.02 	 6.43986487382215e-05 
22.04 	 6.330867894224701e-05 
22.06 	 6.223519111086401e-05 
22.08 	 6.115288681157026e-05 
22.1 	 6.009511655286389e-05 
22.12 	 5.902173317812628e-05 
22.14 	 5.798481496262331e-05 
22.16 	 5.692455804895253e-05 
22.18 	 5.591616766820161e-05 
22.2 	 5.487638139989949e-05 
22.22 	 5.390558783911471e-05 
22.24 	 5.289580734899601e-05 
22.26 	 5.1970845909256865e-05 
22.28 	 5.100058927876279e-05 
22.3 	 5.0126134675594774e-05 
22.32 	 4.9201978668662155e-05 
22.34 	 4.837703991807071e-05 
22.36 	 4.7500147317758445e-05 
22.38 	 4.671775895101515e-05 
22.4 	 4.5883134980409616e-05 
22.42 	 4.51323561968067e-05 
22.44 	 4.4330464113850715e-05 
22.46 	 4.36000643036495e-05 
22.48 	 4.2820286092345066e-05 
22.5 	 4.210254594492947e-05 
22.52 	 4.13369949355601e-05 
22.54 	 4.0629910557784656e-05 
22.56 	 3.987589577777787e-05 
22.58 	 3.918285218474492e-05 
22.6 	 3.844297380009665e-05 
22.62 	 3.777017266519201e-05 
22.64 	 3.705016449592701e-05 
22.66 	 3.6403055385179025e-05 
22.68 	 3.570845152651454e-05 
22.7 	 3.508869623391843e-05 
22.72 	 3.442176041005077e-05 
22.74 	 3.382586720540812e-05 
22.76 	 3.318394277390609e-05 
22.78 	 3.260393866379802e-05 
22.8 	 3.1979692074572855e-05 
22.82 	 3.140541178181302e-05 
22.84 	 3.0788686204487794e-05 
22.86 	 3.0210741552947266e-05 
22.88 	 2.9591216088598348e-05 
22.9 	 2.9003651344043263e-05 
22.92 	 2.8373411072111606e-05 
22.94 	 2.7775435645556597e-05 
22.96 	 2.7130891095701574e-05 
22.98 	 2.6527648020124396e-05 
23.0 	 2.5870744095378742e-05 
23.02 	 2.5273423442778884e-05 
23.04 	 2.4612364365363013e-05 
23.06 	 2.4037849853244117e-05 
23.08 	 2.3387394427657868e-05 
23.1 	 2.2857153066998053e-05 
23.12 	 2.2238026421718965e-05 
23.14 	 2.1775568590712173e-05 
23.16 	 2.121216990372236e-05 
23.18 	 2.083861316925414e-05 
23.2 	 2.0354500218882515e-05 
23.22 	 2.0082712461522767e-05 
23.24 	 1.9694442497167466e-05 
23.26 	 1.9523506156314903e-05 
23.28 	 1.9234769516797227e-05 
23.3 	 1.9147263852159432e-05 
23.32 	 1.8945884586450468e-05 
23.34 	 1.8909973377207295e-05 
23.36 	 1.8769582562480938e-05 
23.38 	 1.8746066983451883e-05 
23.4 	 1.863234198461104e-05 
23.42 	 1.8584570716412735e-05 
23.44 	 1.8463974262169007e-05 
23.46 	 1.8367097598294876e-05 
23.48 	 1.8215113592586964e-05 
23.5 	 1.806142039274977e-05 
23.52 	 1.786766789540572e-05 
23.54 	 1.7666416566669624e-05 
23.56 	 1.7435298893518295e-05 
23.58 	 1.7207586528204768e-05 
23.6 	 1.6954668874235408e-05 
23.62 	 1.672550796446096e-05 
23.64 	 1.6471126290171007e-05 
23.66 	 1.6261508014180987e-05 
23.68 	 1.6023848288909567e-05 
23.7 	 1.5845170125780954e-05 
23.72 	 1.5635008146990873e-05 
23.74 	 1.5487182373221315e-05 
23.76 	 1.5305694765580587e-05 
23.78 	 1.5179002271258573e-05 
23.8 	 1.5018910281547201e-05 
23.82 	 1.4898596636375007e-05 
23.84 	 1.4747843026619593e-05 
23.86 	 1.4619770972188386e-05 
23.88 	 1.4466263848249908e-05 
23.9 	 1.4321750306395565e-05 
23.92 	 1.4157556709508139e-05 
23.94 	 1.3995924183002124e-05 
23.96 	 1.3819667000176405e-05 
23.98 	 1.3647960025120242e-05 
24.0 	 1.3464927942551504e-05 
24.02 	 1.3295288098007367e-05 
24.04 	 1.3115572309445429e-05 
24.06 	 1.2961375161272592e-05 
24.08 	 1.2796803444317425e-05 
24.1 	 1.2668601980090722e-05 
24.12 	 1.252922804890477e-05 
24.14 	 1.2431169549462811e-05 
24.16 	 1.2321900140193714e-05 
24.18 	 1.2249183385087517e-05 
24.2 	 1.2167208370633816e-05 
24.22 	 1.2105477744778345e-05 
24.24 	 1.2039486136491733e-05 
24.26 	 1.1967208635403442e-05 
24.28 	 1.189932499974049e-05 
24.3 	 1.1793344778012086e-05 
24.32 	 1.1703768883437292e-05 
24.34 	 1.1546415184175928e-05 
24.36 	 1.141922791637381e-05 
24.38 	 1.1203881065965954e-05 
24.4 	 1.1031543977771077e-05 
24.42 	 1.0763984075315153e-05 
24.44 	 1.0548620763728311e-05 
24.46 	 1.0243848261024275e-05 
24.48 	 9.99517696981546e-06 
24.5 	 9.671906564255763e-06 
24.52 	 9.403401117430711e-06 
24.54 	 9.079122377141678e-06 
24.56 	 8.804397169221538e-06 
24.58 	 8.492534662788025e-06 
24.6 	 8.222989834629673e-06 
24.62 	 7.931852494249005e-06 
24.64 	 7.67538629300037e-06 
24.66 	 7.4079465112337494e-06 
24.68 	 7.168228677026935e-06 
24.7 	 6.922473690859892e-06 
24.72 	 6.69887787938804e-06 
24.74 	 6.46922475575604e-06 
24.76 	 6.257933115168742e-06 
24.78 	 6.037824057190205e-06 
24.8 	 5.834043651284045e-06 
24.82 	 5.618682574668103e-06 
24.84 	 5.418903023001275e-06 
24.86 	 5.206610379067268e-06 
24.88 	 5.009630140986015e-06 
24.9 	 4.8012725033134284e-06 
24.92 	 4.607713529424046e-06 
24.94 	 4.405194240887427e-06 
24.96 	 4.216428049043721e-06 
24.98 	 4.021704966093778e-06 
25.0 	 3.839292643601134e-06 
25.02 	 3.654391689322577e-06 
25.04 	 3.4802028607454296e-06 
25.06 	 3.3074313265094287e-06 
25.08 	 3.1436898070578715e-06 
25.1 	 2.985145567988934e-06 
25.12 	 2.8338025598579816e-06 
25.14 	 2.6903466091797974e-06 
25.16 	 2.5521633352420557e-06 
25.18 	 2.4229339107725564e-06 
25.2 	 2.2972444622345857e-06 
25.22 	 2.180432488851176e-06 
25.24 	 2.0660005163160203e-06 
25.26 	 1.960353659112081e-06 
25.28 	 1.8566338271604513e-06 
25.3 	 1.762407793557114e-06 
25.32 	 1.6701260411976846e-06 
25.34 	 1.5887807069576263e-06 
25.36 	 1.5094822844410954e-06 
25.38 	 1.442652745596515e-06 
25.4 	 1.3778694934649143e-06 
25.42 	 1.3266709566847972e-06 
25.44 	 1.2775300298797013e-06 
25.46 	 1.24260269180469e-06 
25.48 	 1.2099462622731308e-06 
25.5 	 1.191672117078464e-06 
25.52 	 1.176037145062943e-06 
25.54 	 1.1742041764300204e-06 
25.56 	 1.1751997379569905e-06 
25.58 	 1.1881933842965524e-06 
25.6 	 1.2037038920284162e-06 
25.62 	 1.2281204129461208e-06 
25.64 	 1.2543124156716857e-06 
25.66 	 1.2857661533887358e-06 
25.68 	 1.3183768956289648e-06 
25.7 	 1.3532751579667793e-06 
25.72 	 1.389530597437181e-06 
25.74 	 1.4266794145910796e-06 
25.76 	 1.4665563644039324e-06 
25.78 	 1.507527817133045e-06 
25.8 	 1.5535897957964708e-06 
25.82 	 1.6017721537288375e-06 
25.84 	 1.6579546229365016e-06 
25.86 	 1.7171700881651932e-06 
25.88 	 1.7875585490258027e-06 
25.9 	 1.861184877418938e-06 
25.92 	 1.949456575147777e-06 
25.94 	 2.040186821596438e-06 
25.96 	 2.1494406321357376e-06 
25.98 	 2.259046273601081e-06 
26.0 	 2.391219655299148e-06 
26.02 	 2.5197560563794393e-06 
26.04 	 2.6743197383394978e-06 
26.06 	 2.81908031924339e-06 
26.08 	 2.9918210587632354e-06 
26.1 	 3.147121717650856e-06 
26.12 	 3.3304443286970554e-06 
26.14 	 3.4890937447866348e-06 
26.16 	 3.674507892857124e-06 
26.18 	 3.830547847208077e-06 
26.2 	 4.012165391362127e-06 
26.22 	 4.1631327814636745e-06 
26.24 	 4.3396580392216415e-06 
26.26 	 4.486530710664243e-06 
26.28 	 4.6599357488448075e-06 
26.3 	 4.804528225861072e-06 
26.32 	 4.976168377018284e-06 
26.34 	 5.117879637058087e-06 
26.36 	 5.2850408641443795e-06 
26.38 	 5.419537929612304e-06 
26.4 	 5.5751716770620994e-06 
26.42 	 5.696035963987777e-06 
26.44 	 5.831825619512339e-06 
26.46 	 5.9337944751013765e-06 
26.48 	 6.04408258387703e-06 
26.5 	 6.125516331399681e-06 
26.52 	 6.209447910764715e-06 
26.54 	 6.272895007541666e-06 
26.56 	 6.334438891577951e-06 
26.58 	 6.386252374688975e-06 
26.6 	 6.4339484804449464e-06 
26.62 	 6.484495624506355e-06 
26.64 	 6.532328817922037e-06 
26.66 	 6.596681066347938e-06 
26.68 	 6.664876424301959e-06 
26.7 	 6.7618503300106265e-06 
26.72 	 6.874705368843541e-06 
26.74 	 7.022386757206268e-06 
26.76 	 7.2018101672072626e-06 
26.78 	 7.410598613530795e-06 
26.8 	 7.667682125160736e-06 
26.82 	 7.934728303290444e-06 
26.84 	 8.263978654862255e-06 
26.86 	 8.5726216972545e-06 
26.88 	 8.952230295752261e-06 
26.9 	 9.276743228377875e-06 
26.92 	 9.674540501934513e-06 
26.94 	 9.98720496795513e-06 
26.96 	 1.0368786386943649e-05 
26.98 	 1.06457253308531e-05 
27.0 	 1.098101119332343e-05 
27.02 	 1.120524774684873e-05 
27.04 	 1.1472230037885973e-05 
27.06 	 1.1634915591395284e-05 
27.08 	 1.182192963922886e-05 
27.1 	 1.1923422871711029e-05 
27.12 	 1.2031428815021681e-05 
27.14 	 1.2082541030604675e-05 
27.16 	 1.2126795654565473e-05 
27.18 	 1.2148679010976926e-05 
27.2 	 1.21574950065449e-05 
27.22 	 1.217841129693056e-05 
27.24 	 1.2187620629865307e-05 
27.26 	 1.2236672250005863e-05 
27.28 	 1.2281230891710682e-05 
27.3 	 1.23814137657979e-05 
27.32 	 1.2487584605992072e-05 
27.34 	 1.2651108188658891e-05 
27.36 	 1.283209779056323e-05 
27.38 	 1.3059403290086437e-05 
27.4 	 1.3315061110725205e-05 
27.42 	 1.3596925894830198e-05 
27.44 	 1.3916284507453661e-05 
27.46 	 1.4237510599797087e-05 
27.48 	 1.460272410017453e-05 
27.5 	 1.4946345109611623e-05 
27.52 	 1.5337403849258646e-05 
27.54 	 1.5689050312138277e-05 
27.56 	 1.6089193995485415e-05 
27.58 	 1.6441303450808573e-05 
27.6 	 1.6842604631850042e-05 
27.62 	 1.7197556396506364e-05 
27.64 	 1.760509939257418e-05 
27.66 	 1.7975803072747204e-05 
27.68 	 1.8408281400241e-05 
27.7 	 1.8814999774353423e-05 
27.72 	 1.9300241687128496e-05 
27.74 	 1.9763750964340246e-05 
27.76 	 2.0329670483634506e-05 
27.78 	 2.0862777587739625e-05 
27.8 	 2.1526605473611478e-05 
27.82 	 2.2127422396579458e-05 
27.84 	 2.288742202245175e-05 
27.86 	 2.3537526292226815e-05 
27.88 	 2.437079915757542e-05 
27.9 	 2.5039340458206747e-05 
27.92 	 2.590689831251023e-05 
27.94 	 2.655897477425033e-05 
27.96 	 2.741614340222384e-05 
27.98 	 2.8021973442256264e-05 
28.0 	 2.8829963817431293e-05 
28.02 	 2.937143615530162e-05 
28.04 	 3.0105757809495023e-05 
28.06 	 3.057858579755469e-05 
28.08 	 3.123193908607258e-05 
28.1 	 3.1643781077911566e-05 
28.12 	 3.22238706595032e-05 
28.14 	 3.2590219868214386e-05 
28.16 	 3.3114822963292885e-05 
28.18 	 3.3454645928099726e-05 
28.2 	 3.3946405575246195e-05 
28.22 	 3.427874593980228e-05 
28.24 	 3.47611255744151e-05 
28.26 	 3.5102975018939356e-05 
28.28 	 3.559768560131962e-05 
28.3 	 3.596282984741042e-05 
28.32 	 3.6488301247274556e-05 
28.34 	 3.688655921080534e-05 
28.36 	 3.745664051473657e-05 
28.38 	 3.78929440774521e-05 
28.4 	 3.8515198949034025e-05 
28.42 	 3.898855730795967e-05 
28.44 	 3.9662595524268774e-05 
28.46 	 4.0165971578928665e-05 
28.48 	 4.088359539316886e-05 
28.5 	 4.1406026258862445e-05 
28.52 	 4.2154856018382626e-05 
28.54 	 4.2685756544850254e-05 
28.56 	 4.345541513214635e-05 
28.58 	 4.398847526174109e-05 
28.6 	 4.477487519073869e-05 
28.62 	 4.530753050404743e-05 
28.64 	 4.6109705801929056e-05 
28.66 	 4.663582787897662e-05 
28.68 	 4.744327181895872e-05 
28.7 	 4.7941182434747065e-05 
28.72 	 4.871638387358117e-05 
28.74 	 4.9138769255150244e-05 
28.76 	 4.980537214687105e-05 
28.78 	 5.0078970521270456e-05 
28.8 	 5.052667819841779e-05 
28.82 	 5.056650484896954e-05 
28.84 	 5.067789778699342e-05 
28.86 	 5.0414469066622406e-05 
28.88 	 5.010776140800413e-05 
28.9 	 4.951865632385155e-05 
28.92 	 4.878895956575367e-05 
28.94 	 4.792093219694043e-05 
28.96 	 4.685842701696738e-05 
28.98 	 4.5826803110633895e-05 
29.0 	 4.459904440812628e-05 
29.02 	 4.356006966683196e-05 
29.04 	 4.236435411066818e-05 
29.06 	 4.147056691559952e-05 
29.08 	 4.047839865669131e-05 
29.1 	 3.983715415330652e-05 
29.12 	 3.915470219356438e-05 
29.14 	 3.880719687461107e-05 
29.16 	 3.846339010325719e-05 
29.18 	 3.838827834179315e-05 
29.2 	 3.834663770170708e-05 
29.22 	 3.847966565595608e-05 
29.24 	 3.866164757531446e-05 
29.26 	 3.8919044816250155e-05 
29.28 	 3.922788600732872e-05 
29.3 	 3.952562080973522e-05 
29.32 	 3.9865613922078625e-05 
29.34 	 4.0132588252373504e-05 
29.36 	 4.042334398084587e-05 
29.38 	 4.060947935039371e-05 
29.4 	 4.079564099442324e-05 
29.42 	 4.087562773855353e-05 
29.44 	 4.093154106706216e-05 
29.46 	 4.090437440486021e-05 
29.48 	 4.083322462654699e-05 
29.5 	 4.0718081443964656e-05 
29.52 	 4.054644135435134e-05 
29.54 	 4.037624109365873e-05 
29.56 	 4.01459604730217e-05 
29.58 	 3.9959795819408285e-05 
29.6 	 3.9718488652091374e-05 
29.62 	 3.955323343770713e-05 
29.64 	 3.9343551841613576e-05 
29.66 	 3.92249384285944e-05 
29.68 	 3.907341983259252e-05 
29.7 	 3.900841804095093e-05 
29.72 	 3.891689859061303e-05 
29.74 	 3.889076921186888e-05 
29.76 	 3.883465257148696e-05 
29.78 	 3.881531311310141e-05 
29.8 	 3.875110512578452e-05 
29.82 	 3.8700150238273996e-05 
29.84 	 3.8580239007502435e-05 
29.86 	 3.846643233856245e-05 
29.88 	 3.825530746288401e-05 
29.9 	 3.806532861924364e-05 
29.92 	 3.7751174461996856e-05 
29.94 	 3.7494423811497876e-05 
29.96 	 3.709318023073483e-05 
29.98 	 3.6800542942507116e-05 
30.0 	 3.635313368465388e-05 
30.02 	 3.607126747159685e-05 
30.04 	 3.563594488225682e-05 
30.06 	 3.5418297138683726e-05 
30.08 	 3.5059208064139354e-05 
30.1 	 3.495445751278295e-05 
30.12 	 3.472739781006661e-05 
30.14 	 3.4767382206779336e-05 
30.16 	 3.470596592315371e-05 
30.18 	 3.489768334707941e-05 
30.2 	 3.500581171564576e-05 
30.22 	 3.5332419606272566e-05 
30.24 	 3.55880868147703e-05 
30.26 	 3.601975152126392e-05 
30.28 	 3.638953581973769e-05 
30.3 	 3.689872125810481e-05 
30.32 	 3.735536528487015e-05 
30.34 	 3.79279312584934e-05 
30.36 	 3.8461131442108625e-05 
30.38 	 3.9097688342020436e-05 
30.4 	 3.97132948291333e-05 
30.42 	 4.042240899532692e-05 
30.44 	 4.11337807288205e-05 
30.46 	 4.192371936708313e-05 
30.48 	 4.274338057084843e-05 
30.5 	 4.361770501745846e-05 
30.52 	 4.455385119151858e-05 
30.54 	 4.551019613169508e-05 
30.56 	 4.656519246698851e-05 
30.58 	 4.759262797014776e-05 
30.6 	 4.875762619383204e-05 
30.62 	 4.983057875390068e-05 
30.64 	 5.1075432399079346e-05 
30.66 	 5.214860623276083e-05 
30.68 	 5.34144548366517e-05 
30.7 	 5.44263011810005e-05 
30.72 	 5.5630736045847516e-05 
30.74 	 5.6518572158953845e-05 
30.76 	 5.757643415496787e-05 
30.78 	 5.8297736437800886e-05 
30.8 	 5.9149452061763686e-05 
30.82 	 5.969859600503197e-05 
30.84 	 6.033174499607168e-05 
30.86 	 6.074367524480301e-05 
30.88 	 6.119713696767608e-05 
30.9 	 6.153677980217538e-05 
30.92 	 6.18868409218507e-05 
30.94 	 6.222977049842567e-05 
30.96 	 6.25659109843933e-05 
30.98 	 6.297797221662919e-05 
31.0 	 6.337790455692082e-05 
31.02 	 6.38998392412501e-05 
31.04 	 6.441075794694791e-05 
31.06 	 6.505154314001283e-05 
31.08 	 6.568195051121943e-05 
31.1 	 6.642304190015052e-05 
31.12 	 6.714811832919493e-05 
31.14 	 6.79586986545418e-05 
31.16 	 6.87395562442525e-05 
31.18 	 6.959887327185205e-05 
31.2 	 7.04106569268004e-05 
31.22 	 7.132914145021383e-05 
31.24 	 7.218726579464563e-05 
31.26 	 7.321677693262982e-05 
31.28 	 7.418921239305768e-05 
31.3 	 7.541646013194354e-05 
31.32 	 7.661530177204486e-05 
31.34 	 7.813991934924635e-05 
31.36 	 7.969512562113433e-05 
31.38 	 8.160115551966642e-05 
31.4 	 8.362772062502736e-05 
31.42 	 8.596037792545734e-05 
31.44 	 8.853253011549389e-05 
31.46 	 9.128914941270343e-05 
31.48 	 9.443060108416897e-05 
31.5 	 9.75672087172404e-05 
31.52 	 0.0001012579679949381 
31.54 	 0.00010470505782596824 
31.56 	 0.00010889720667428181 
31.58 	 0.0001125742325232278 
31.6 	 0.00011720494787770132 
31.62 	 0.00012102480194439145 
31.64 	 0.00012601659906977042 
31.66 	 0.00012987806712156391 
31.68 	 0.00013512366433479915 
31.7 	 0.00013889836091339518 
31.72 	 0.00014423819775435614 
31.74 	 0.00014776432814345554 
31.76 	 0.0001529735885059446 
31.78 	 0.0001560680564896168 
31.8 	 0.000160871004838407 
31.82 	 0.0001633630228321367 
31.84 	 0.00016748207851975257 
31.86 	 0.00016925948891652332 
31.88 	 0.0001724877942887125 
31.9 	 0.00017353864250932652 
31.92 	 0.00017580831254336625 
31.94 	 0.00017624011317898255 
31.96 	 0.00017765611358376592 
31.98 	 0.00017768411308953424 
32.0 	 0.00017850954468741522 
32.02 	 0.00017841816857788628 
32.04 	 0.0001790199893794265 
32.06 	 0.00017911075641116652 
32.08 	 0.00017988855807087823 
32.1 	 0.00018042799175257697 
32.12 	 0.00018174517463689287 
32.14 	 0.00018292038888904013 
32.16 	 0.0001850458544795103 
32.18 	 0.00018693137327960768 
32.2 	 0.0001899941257866844 
32.22 	 0.00019253482481177613 
32.24 	 0.00019649700372281986 
32.26 	 0.0001995142173434095 
32.28 	 0.0002041723409222141 
32.3 	 0.00020739665555146244 
32.32 	 0.0002124179093137077 
32.34 	 0.00021554269363291924 
32.36 	 0.00022053174561348192 
32.38 	 0.00022327167493354713 
32.4 	 0.00022784861988557544 
32.42 	 0.0002299827124578256 
32.44 	 0.00023384170529161522 
32.46 	 0.00023522311166363708 
32.48 	 0.00023814274366700734 
32.5 	 0.00023866906127976818 
32.52 	 0.00024046650205425052 
32.54 	 0.00024002433118747957 
32.56 	 0.00024048176244011199 
32.58 	 0.00023890005712620135 
32.6 	 0.00023772261813869854 
32.62 	 0.00023477584420203095 
32.64 	 0.00023163667935298762 
32.66 	 0.00022711910963208373 
32.68 	 0.00022179824906936612 
32.7 	 0.0002156495759781849 
32.72 	 0.00020820356971491154 
32.74 	 0.00020062503383330192 
32.76 	 0.00019148379871204707 
32.78 	 0.00018297164478936454 
32.8 	 0.0001728877050458137 
32.82 	 0.00016414586024901935 
32.84 	 0.00015400833537892658 
32.86 	 0.00014577228734353846 
32.88 	 0.00013638060111529002 
32.9 	 0.00012924100040193913 
32.92 	 0.00012114899521962004 
32.94 	 0.00011545999453051616 
32.96 	 0.00010894560464242373 
32.98 	 0.00010484346663540543 
33.0 	 9.998341039341814e-05 
33.02 	 9.747651536652157e-05 
33.04 	 9.42625906004508e-05 
33.06 	 9.332992438526499e-05 
33.08 	 9.176801628146917e-05 
33.1 	 9.242211449381767e-05 
33.12 	 9.258656130744335e-05 
33.14 	 9.488999446212595e-05 
33.16 	 9.693496804797334e-05 
33.18 	 0.00010097937625762434 
33.2 	 0.00010511819578465974 
33.22 	 0.00011097534969427025 
33.24 	 0.00011743055048966577 
33.26 	 0.00012507875368869743 
33.28 	 0.0001339958655665482 
33.3 	 0.0001432286222294608 
33.32 	 0.00015455004664886765 
33.34 	 0.00016489091261561386 
33.36 	 0.00017820667286636861 
33.38 	 0.0001888701188834673 
33.4 	 0.000203290693530648 
33.42 	 0.0002132235129865253 
33.44 	 0.00022734202036132727 
33.46 	 0.00023535040141377307 
33.48 	 0.0002473630856085296 
33.5 	 0.0002523000005477746 
33.52 	 0.00026032172597717864 
33.54 	 0.0002613027174073798 
33.56 	 0.0002638394427222683 
33.58 	 0.00026046400549969653 
33.6 	 0.0002569033204063173 
33.62 	 0.0002494471127064523 
33.64 	 0.00024035854098690158 
33.66 	 0.00022985787238389402 
33.68 	 0.00021692940415344515 
33.7 	 0.000205057474692232 
33.72 	 0.00019065124502133432 
33.74 	 0.00017935438137520442 
33.76 	 0.00016585901672612865 
33.78 	 0.00015686554068282334 
33.8 	 0.0001461209464622618 
33.82 	 0.00014053871638571578 
33.84 	 0.00013354407237241788 
33.86 	 0.00013172314435280804 
33.88 	 0.00012867277052540686 
33.9 	 0.00013035526912695103 
33.92 	 0.00013090282402625428 
33.94 	 0.00013553836440371352 
33.96 	 0.00013913824135375685 
33.98 	 0.00014620148937265621 
34.0 	 0.00015240348521097175 
34.02 	 0.000161602150501081 
34.04 	 0.00017023401104668872 
34.06 	 0.00018157664050917982 
34.08 	 0.00019280490140579436 
34.1 	 0.00020655630444503192 
34.12 	 0.00022085297871530157 
34.14 	 0.00023742473449221889 
34.16 	 0.00025547855242960283 
34.18 	 0.00027529203226231094 
34.2 	 0.00029789042517880664 
34.22 	 0.00032123061566390336 
34.24 	 0.00034911738608402757 
34.26 	 0.0003759879241749261 
34.28 	 0.0004096912027326095 
34.3 	 0.0004396920936692274 
34.32 	 0.0004793276875184785 
34.34 	 0.0005115944208436018 
34.36 	 0.000556674531467262 
34.38 	 0.0005899163785162564 
34.4 	 0.0006392167249947723 
34.42 	 0.0006718602352241824 
34.44 	 0.0007234051851422762 
34.46 	 0.0007538019799803698 
34.48 	 0.0008050084456594653 
34.5 	 0.0008316374492600306 
34.52 	 0.0008796107564931407 
34.54 	 0.0009012133542177089 
34.56 	 0.0009431221129913468 
34.58 	 0.0009587428165299248 
34.6 	 0.0009921503410120559 
34.62 	 0.0010010911542261752 
34.64 	 0.0010241374936285767 
34.66 	 0.0010258639547618554 
34.68 	 0.0010372910663315486 
34.7 	 0.0010313590283283832 
34.72 	 0.0010304924315463803 
34.74 	 0.0010165857758566042 
34.76 	 0.0010034211019969367 
34.78 	 0.0009815612972492482 
34.8 	 0.0009569943112813757 
34.82 	 0.000927876368245319 
34.84 	 0.000893928788371868 
34.86 	 0.0008592004098463645 
34.88 	 0.0008189944968240452 
34.9 	 0.0007812444233462414 
34.92 	 0.000738584414385927 
34.94 	 0.0007009357701085131 
34.96 	 0.0006596070804133632 
34.98 	 0.0006250638160031966 
35.0 	 0.0005881589952020241 
35.02 	 0.0005590264786162908 
35.04 	 0.0005285890592906386 
35.06 	 0.0005062310512324871 
35.08 	 0.0004833058094189084 
35.1 	 0.00046826984000160473 
35.12 	 0.00045323087518889623 
35.14 	 0.00044556955064161346 
35.16 	 0.0004385030373228226 
35.18 	 0.00043807024800020136 
35.2 	 0.00043903010210084755 
35.22 	 0.0004456181327061594 
35.24 	 0.0004546816017916863 
35.26 	 0.00046799126251449946 
35.28 	 0.0004851452106367633 
35.3 	 0.0005046691566181546 
35.32 	 0.0005296192099216888 
35.34 	 0.000554542122149391 
35.36 	 0.0005865505638860522 
35.38 	 0.0006157389539583841 
35.4 	 0.0006535722539352453 
35.42 	 0.0006856686995698989 
35.44 	 0.000727684140445722 
35.46 	 0.000761267231421428 
35.48 	 0.0008056074651489616 
35.5 	 0.0008393533475582353 
35.52 	 0.000884173416063038 
35.54 	 0.0009169643431568287 
35.56 	 0.0009606120237511693 
35.58 	 0.0009915707766619461 
35.6 	 0.0010326790864134323 
35.62 	 0.0010611430883019904 
35.64 	 0.0010986412667354688 
35.66 	 0.0011241038510875982 
35.68 	 0.0011571706817914648 
35.7 	 0.0011792028284903903 
35.72 	 0.0012071711100377998 
35.74 	 0.001225317622979771 
35.76 	 0.001247534807669444 
35.78 	 0.0012611927228838114 
35.8 	 0.0012768902414850784 
35.82 	 0.0012852361035570734 
35.84 	 0.0012935311950255982 
35.86 	 0.0012956200204272484 
35.88 	 0.0012957763830317342 
35.9 	 0.0012909046228032812 
35.92 	 0.001282843196290686 
35.94 	 0.0012711089941922643 
35.96 	 0.0012559404815570565 
35.98 	 0.0012387209935866494 
36.0 	 0.0012189378941182332 
36.02 	 0.0011989140529087613 
36.04 	 0.0011779842978046722 
36.06 	 0.0011585222733006496 
36.08 	 0.0011399429917586992 
36.1 	 0.0011240191253370176 
36.12 	 0.0011102054155067193 
36.14 	 0.0010993586793091473 
36.16 	 0.001090844758308672 
36.18 	 0.0010846308155661143 
36.2 	 0.0010799153010600168 
36.22 	 0.0010760690167250233 
36.24 	 0.00107216634847788 
36.26 	 0.0010673812066873704 
36.28 	 0.0010608783784713575 
36.3 	 0.001051920971137867 
36.32 	 0.001040151021809992 
36.34 	 0.0010249326118781914 
36.36 	 0.0010068164354716102 
36.38 	 0.000985028101055965 
36.4 	 0.0009612644511111022 
36.42 	 0.000934323425503161 
36.44 	 0.000906915272448083 
36.46 	 0.0008772990255947993 
36.48 	 0.0008487424315783049 
36.5 	 0.0008191290445258458 
36.52 	 0.0007917370425064792 
36.54 	 0.0007644463515632697 
36.56 	 0.0007401272634883085 
36.58 	 0.0007170812157259899 
36.6 	 0.000697548459666487 
36.62 	 0.0006805631419549584 
36.64 	 0.0006676625558350718 
36.66 	 0.0006586681403166567 
36.68 	 0.0006544577681312848 
36.7 	 0.0006553563506341376 
36.72 	 0.0006617722236696785 
36.74 	 0.0006739584941981049 
36.76 	 0.0006921887005552838 
36.78 	 0.0007160071974700909 
36.8 	 0.0007458800102998726 
36.82 	 0.0007803024155520743 
36.84 	 0.0008199813482976159 
36.86 	 0.0008626083512701477 
36.88 	 0.0009087191870714572 
36.9 	 0.0009560199968278501 
36.92 	 0.0010041229780533736 
36.94 	 0.0010517415928189093 
36.96 	 0.0010969243378365515 
36.98 	 0.001139917091990446 
37.0 	 0.0011772991990296382 
37.02 	 0.0012102915481744202 
37.04 	 0.0012353860226278477 
37.06 	 0.0012528020616409544 
37.08 	 0.0012618502654310685 
37.1 	 0.0012584793268308368 
37.12 	 0.0012489149663370846 
37.14 	 0.0012209947617884318 
37.16 	 0.0011920449245356674 
37.18 	 0.001138690464464885 
37.2 	 0.0010918916260014347 
37.22 	 0.0010162383235793554 
37.24 	 0.0009555273669875491 
37.26 	 0.000864772397804258 
37.28 	 0.0007959390087998824 
37.3 	 0.0006998872182337796 
37.32 	 0.0006294877138456433 
37.34 	 0.0005380818594473962 
37.36 	 0.0004721944493580637 
37.38 	 0.00039316295776843494 
37.4 	 0.00033641567436187153 
37.42 	 0.00027404317286844874 
37.44 	 0.0002291754942991827 
37.46 	 0.0001844515592868057 
37.48 	 0.00015243858166715763 
37.5 	 0.00012412735026812394 
37.52 	 0.00010472022987385117 
37.54 	 9.065472104931656e-05 
37.56 	 8.308843958913257e-05 
37.58 	 8.116241433094337e-05 
37.6 	 8.475034102811996e-05 
37.62 	 9.33827593486565e-05 
37.64 	 0.00010777921032504774 
37.66 	 0.00012588501423524225 
37.68 	 0.0001509470834076939 
37.7 	 0.0001776100227629434 
37.72 	 0.00021296608194753576 
37.74 	 0.00024705756224767264 
37.76 	 0.0002916102147532296 
37.78 	 0.00033153643566030666 
37.8 	 0.00038314338947790133 
37.82 	 0.0004267860475382701 
37.84 	 0.00048227590258062493 
37.86 	 0.0005271002601688835 
37.88 	 0.0005826376853282203 
37.9 	 0.0006259160002962137 
37.92 	 0.0006776027326365697 
37.94 	 0.0007167192925793105 
37.96 	 0.0007612604865907171 
37.98 	 0.0007940805717895013 
38.0 	 0.0008293615707953929 
38.02 	 0.0008546281518282796 
38.04 	 0.0008800890133277029 
38.06 	 0.0008977587331241548 
38.08 	 0.0009144909294564342 
38.1 	 0.000925878651104816 
38.12 	 0.000936415973242705 
38.14 	 0.0009440468301677573 
38.16 	 0.0009519005288865525 
38.18 	 0.0009590812716768551 
38.2 	 0.0009681455368590855 
38.22 	 0.0009783855172353635 
38.24 	 0.000992349533748767 
38.26 	 0.001008787768248801 
38.28 	 0.001030620186076437 
38.3 	 0.0010555412469340452 
38.32 	 0.0010870339044322917 
38.34 	 0.0011214775330524185 
38.36 	 0.001162844446427243 
38.38 	 0.0012063235646897414 
38.4 	 0.0012559670134937358 
38.42 	 0.0013063985079690794 
38.44 	 0.0013610724103482838 
38.46 	 0.0014150970167820867 
38.48 	 0.0014706568635818034 
38.5 	 0.0015244627562342919 
38.52 	 0.0015771136607844727 
38.54 	 0.0016276243414801127 
38.56 	 0.0016751896691300037 
38.58 	 0.0017211203185289272 
38.6 	 0.0017636472791357465 
38.62 	 0.0018057522175639884 
38.64 	 0.001844984981803772 
38.66 	 0.001885087342155625 
38.68 	 0.001922911566021054 
38.7 	 0.001961962792095761 
38.72 	 0.0019985105951859155 
38.74 	 0.002034542868805675 
38.76 	 0.0020668895812761246 
38.78 	 0.0020939165798257355 
38.8 	 0.0021160851509946788 
38.82 	 0.0021247478698197013 
38.84 	 0.0021291922786676 
38.86 	 0.0021093704750811504 
38.88 	 0.00208947879783601 
38.9 	 0.0020342465666731385 
38.92 	 0.0019869459425772397 
38.94 	 0.0018963215568710728 
38.96 	 0.001823775891067513 
38.98 	 0.0017063105408146092 
39.0 	 0.001616031096798083 
39.02 	 0.0014870841785255004 
39.04 	 0.0013904046328822273 
39.06 	 0.0012677846203738936 
39.08 	 0.0011773035314511812 
39.1 	 0.0010764680836881134 
39.12 	 0.0010033855220073513 
39.14 	 0.0009343166025881172 
39.16 	 0.0008864352436047352 
39.18 	 0.000852877367996853 
39.2 	 0.0008336028828463107 
39.22 	 0.0008339686272197807 
39.24 	 0.0008422645621956619 
39.26 	 0.0008711128894205646 
39.28 	 0.0009021999208808835 
39.3 	 0.0009516124787285491 
39.32 	 0.0009981901335685466 
39.34 	 0.0010589513861236416 
39.36 	 0.0011127214187693964 
39.38 	 0.001175484618399222 
39.4 	 0.0012286900938921666 
39.42 	 0.0012851905814051422 
39.44 	 0.0013318073308059755 
39.46 	 0.001375876086095725 
39.48 	 0.00141213857731681 
39.5 	 0.00144012039209311 
39.52 	 0.0014642993541339202 
39.54 	 0.0014747098837878236 
39.56 	 0.0014863869766170523 
39.58 	 0.0014791136478396812 
39.6 	 0.001478418181905847 
39.62 	 0.0014540745162970627 
39.64 	 0.0014413084550012336 
39.66 	 0.0014011888935013715 
39.68 	 0.0013769808834505199 
39.7 	 0.0013235303047707155 
39.72 	 0.0012893003164481036 
39.74 	 0.00122653497550505 
39.76 	 0.0011848467657947098 
39.78 	 0.001118144795521356 
39.8 	 0.0010726023713783896 
39.82 	 0.0010077475687507557 
39.84 	 0.0009623876585111822 
39.86 	 0.0009043013502246491 
39.88 	 0.0008627393222516517 
39.9 	 0.0008145211015659967 
39.92 	 0.0007792322579812861 
39.94 	 0.0007418725120157309 
39.96 	 0.0007138835692770751 
39.98 	 0.0006865996365807903 
40.0 	 0.0006656267672805668 
40.02 	 0.0006465197200558326 
40.04 	 0.0006313863754914906 
40.06 	 0.0006181049346598164 
40.08 	 0.0006072159152628531 
40.1 	 0.0005974513128271643 
40.12 	 0.0005891733436170508 
40.14 	 0.0005809535907282919 
40.16 	 0.0005738565537009279 
40.18 	 0.0005656776446404206 
40.2 	 0.0005586472650080158 
40.22 	 0.0005494801751773594 
40.24 	 0.0005417247218907543 
40.26 	 0.0005309311224648157 
40.28 	 0.0005219147755283368 
40.3 	 0.0005091268684581481 
40.32 	 0.0004984860811806637 
40.34 	 0.00048352887193915765 
40.36 	 0.0004710365736865437 
40.38 	 0.0004539447464980865 
40.4 	 0.00043955236332133245 
40.42 	 0.0004206582534561897 
40.44 	 0.00040458363480708876 
40.46 	 0.00038458927679640005 
40.48 	 0.00036738121154133107 
40.5 	 0.00034733825011108683 
40.52 	 0.00032987015817414973 
40.54 	 0.00031107085984328684 
40.56 	 0.00029447893565175153 
40.58 	 0.00027833731686895694 
40.6 	 0.0002639660436165492 
40.62 	 0.00025197168720774414 
40.64 	 0.0002413782857042366 
40.66 	 0.0002351352347198471 
40.68 	 0.00023013787093319505 
40.7 	 0.00023141702484611828 
40.72 	 0.00023409652148117643 
40.74 	 0.00024479548876627817 
40.76 	 0.0002573318455929023 
40.78 	 0.00027926655861993977 
40.8 	 0.00030353610430769836 
40.82 	 0.00033804836574554835 
40.84 	 0.00037501126566416885 
40.86 	 0.00042242455266854696 
40.88 	 0.00047145523777113955 
40.9 	 0.0005304491482267475 
40.92 	 0.0005888530093719322 
40.94 	 0.0006558962851910731 
40.96 	 0.0007188647361127892 
40.98 	 0.0007879650431500977 
41.0 	 0.0008491186884833436 
41.02 	 0.0009122411422238061 
41.04 	 0.0009647188002544505 
41.06 	 0.0010131444386962563 
41.08 	 0.001050994472257882 
41.1 	 0.0010775249758830617 
41.12 	 0.0010970393136172118 
41.14 	 0.0010983927820948673 
41.16 	 0.0010990312436774518 
41.18 	 0.0010773596289390275 
41.2 	 0.001062005381029039 
41.22 	 0.0010246195460138503 
41.24 	 0.0009990360403761178 
41.26 	 0.000956246886918016 
41.28 	 0.0009277719867516792 
41.3 	 0.0008897479744920038 
41.32 	 0.0008654802075965741 
41.34 	 0.0008394350183968178 
41.36 	 0.0008243980786802703 
41.38 	 0.000813024725932641 
41.4 	 0.0008089156650337903 
41.42 	 0.0008102758623786916 
41.44 	 0.0008152714055027273 
41.46 	 0.0008239006096175247 
41.48 	 0.0008335954599745554 
41.5 	 0.0008424349452406601 
41.52 	 0.0008515064894129129 
41.54 	 0.0008541480076596834 
41.56 	 0.0008580731101549199 
41.58 	 0.0008506368563885893 
41.6 	 0.0008468689328518574 
41.62 	 0.0008288695460695319 
41.64 	 0.0008172054477467652 
41.66 	 0.0007911630365909668 
41.68 	 0.0007733685885481381 
41.7 	 0.0007435030278945641 
41.72 	 0.0007224824892469346 
41.74 	 0.0006931885079457073 
41.76 	 0.0006720523736390555 
41.78 	 0.000646773865618833 
41.8 	 0.000628103524540284 
41.82 	 0.0006088531244746985 
41.84 	 0.0005943148117615947 
41.86 	 0.0005817258970239535 
41.88 	 0.0005720157862397164 
41.9 	 0.0005656573169257367 
41.92 	 0.0005606484173038221 
41.94 	 0.0005593720852197676 
41.96 	 0.0005583247910402817 
41.98 	 0.000560541144484779 
42.0 	 0.0005623025010477301 
42.02 	 0.0005661942542201406 
42.04 	 0.0005693787790963116 
42.06 	 0.0005731039281558112 
42.08 	 0.0005762758961490426 
42.1 	 0.0005781934107807733 
42.12 	 0.0005800573288984728 
42.14 	 0.0005789593939544226 
42.16 	 0.0005785393346558948 
42.18 	 0.0005738363887834493 
42.2 	 0.0005706107649171219 
42.22 	 0.000562412679455375 
42.24 	 0.0005563767014647444 
42.26 	 0.0005454444447379622 
42.28 	 0.0005370912406800822 
42.3 	 0.0005246774204909777 
42.32 	 0.000514908794598815 
42.34 	 0.000502536384822716 
42.36 	 0.000492525671393949 
42.38 	 0.00048175694557033597 
42.4 	 0.00047278559247297236 
42.42 	 0.0004650125299399004 
42.44 	 0.00045829347989725835 
42.46 	 0.00045455704751540927 
42.48 	 0.0004510537049817423 
42.5 	 0.00045189369765134184 
42.52 	 0.0004521541593532308 
42.54 	 0.00045750866208636276 
42.56 	 0.0004615565937484109 
42.58 	 0.00047075148574203166 
42.6 	 0.0004780833153660805 
42.62 	 0.0004899458512054299 
42.64 	 0.0004996539579209064 
42.66 	 0.0005127352823977222 
42.68 	 0.0005237150330034933 
42.7 	 0.0005365417241577025 
42.72 	 0.0005476915328102641 
42.74 	 0.0005589437888653164 
42.76 	 0.0005692774794202817 
42.78 	 0.0005778449024620915 
42.8 	 0.000586502336085441 
42.82 	 0.0005914611607967832 
42.84 	 0.0005976735186345538 
42.86 	 0.0005982819367471341 
42.88 	 0.0006013680986545653 
42.9 	 0.0005971450985195099 
42.92 	 0.000596578362622718 
42.94 	 0.000587450102292973 
42.96 	 0.0005829789145272419 
42.98 	 0.0005694155210032809 
43.0 	 0.0005611884262229952 
43.02 	 0.0005442491710595231 
43.04 	 0.0005328898002437592 
43.06 	 0.0005141276687875409 
43.08 	 0.0005007130295954152 
43.1 	 0.0004819301770844323 
43.12 	 0.0004678377599356799 
43.14 	 0.00045072576753868026 
43.16 	 0.00043734767322913524 
43.18 	 0.0004230979044139079 
43.2 	 0.000411485662041308 
43.22 	 0.0004005022397299292 
43.24 	 0.00039107847891401874 
43.26 	 0.00038293254074149054 
43.28 	 0.00037542346412220616 
43.3 	 0.00036911864936618445 
43.32 	 0.0003627791990682111 
43.34 	 0.00035725875150887125 
43.36 	 0.00035131006580401054 
43.38 	 0.0003459914373391593 
43.4 	 0.000340065430025149 
43.42 	 0.0003351442888424503 
43.44 	 0.0003295200850130651 
43.46 	 0.0003258985585098092 
43.48 	 0.0003214255424727511 
43.5 	 0.00032032260530997684 
43.52 	 0.00031808394381746107 
43.54 	 0.0003205373049211876 
43.56 	 0.00032142580727928256 
43.58 	 0.00032790715996709524 
43.6 	 0.00033230425864101237 
43.62 	 0.0003425702871908357 
43.64 	 0.0003502396269000569 
43.66 	 0.0003634155732309938 
43.68 	 0.0003736031875671794 
43.7 	 0.00038841236118640634 
43.72 	 0.0004000615438832518 
43.74 	 0.0004150965426571717 
43.76 	 0.0004270761139496238 
43.78 	 0.00044104163955811066 
43.8 	 0.0004523319031506451 
43.82 	 0.0004642378046682366 
43.84 	 0.00047406919125669866 
43.86 	 0.0004833776539560137 
43.88 	 0.000491335667924707 
43.9 	 0.000498054654297442 
43.92 	 0.0005041483980103749 
43.94 	 0.00050883562940616 
43.96 	 0.0005135007079411053 
43.98 	 0.000517137337330489 
44.0 	 0.0005211386908848702 
44.02 	 0.0005248716578594792 
44.04 	 0.0005291035838912152 
44.06 	 0.0005339231272405952 
44.08 	 0.000539158963518284 
44.1 	 0.00054562560170871 
44.12 	 0.000552309470952376 
44.14 	 0.0005604321145307976 
44.16 	 0.0005685923302071235 
44.18 	 0.0005778853387258003 
44.2 	 0.000587183131945673 
44.22 	 0.0005968405770720452 
44.24 	 0.0006066954759264972 
44.26 	 0.0006157791962929505 
44.28 	 0.0006254908146503757 
44.3 	 0.000633066298150653 
44.32 	 0.0006418954023746127 
44.34 	 0.0006471309896739048 
44.36 	 0.0006543671935327102 
44.38 	 0.000656660342572954 
44.4 	 0.0006617298818057543 
44.42 	 0.0006608904000248545 
44.44 	 0.0006635219204050081 
44.46 	 0.0006599536766611883 
44.48 	 0.000660351867794414 
44.5 	 0.0006551112640859268 
44.52 	 0.0006540402476003505 
44.54 	 0.0006486714564998544 
44.56 	 0.0006473586745471701 
44.58 	 0.0006435029452712291 
44.6 	 0.0006433414311081072 
44.62 	 0.0006422292228432506 
44.64 	 0.0006443522775826068 
44.66 	 0.0006463547436115728 
44.68 	 0.000651235240721763 
44.7 	 0.0006556526888817332 
44.72 	 0.0006628936413391692 
44.74 	 0.0006680926391901761 
44.76 	 0.0006765078270383916 
44.78 	 0.0006803936442833419 
44.8 	 0.0006883549449762757 
44.82 	 0.0006890162907138592 
44.84 	 0.0006949304634649692 
44.86 	 0.0006911958142126658 
44.88 	 0.0006939251639818008 
44.9 	 0.0006856029475317014 
44.92 	 0.0006846806131583449 
44.94 	 0.0006724201402837362 
44.96 	 0.0006680107651109414 
44.98 	 0.0006529163299835151 
45.0 	 0.0006455903004586655 
45.02 	 0.0006288206371306903 
45.04 	 0.0006192874789496941 
45.06 	 0.0006018254401930636 
45.08 	 0.0005907650193569805 
45.1 	 0.000573399531429074 
45.12 	 0.0005614418035292651 
45.14 	 0.0005448675493670264 
45.16 	 0.0005326619732338336 
45.18 	 0.0005175520205833208 
45.2 	 0.0005058110053803127 
45.22 	 0.0004927693527983706 
45.24 	 0.00048220113406381444 
45.26 	 0.00047160834542073486 
45.28 	 0.00046274705282446985 
45.3 	 0.00045460072605641675 
45.32 	 0.0004476293573047372 
45.34 	 0.0004415005787345607 
45.36 	 0.0004361856190099304 
45.38 	 0.0004313537345262656 
45.4 	 0.0004271525459094068 
45.42 	 0.00042287650687417624 
45.44 	 0.0004191787533958987 
45.46 	 0.00041497561100982075 
45.48 	 0.0004113617139821029 
45.5 	 0.0004071499422520204 
45.52 	 0.00040353889159267127 
45.54 	 0.0003995782914100488 
45.56 	 0.0003961974966881347 
45.58 	 0.0003928701861953632 
45.6 	 0.00039007547332012206 
45.62 	 0.00038763230506050643 
45.64 	 0.0003856822667741406 
45.66 	 0.0003840839513966999 
45.68 	 0.00038298705002714193 
45.7 	 0.0003819070503161486 
45.72 	 0.00038140849659739484 
45.74 	 0.00038037658343794344 
45.76 	 0.00038007211908930484 
45.78 	 0.0003786710899220147 
45.8 	 0.00037817498412602915 
45.82 	 0.00037618957897926663 
45.84 	 0.00037527134487330444 
45.86 	 0.00037272774597925276 
45.88 	 0.00037136196368176217 
45.9 	 0.00036845945445141375 
45.92 	 0.00036678242192806097 
45.94 	 0.00036376876310741774 
45.96 	 0.0003619785743075877 
45.98 	 0.0003590355678445724 
46.0 	 0.00035729076557499914 
46.02 	 0.0003544776113011205 
46.04 	 0.00035283950683274925 
46.06 	 0.0003501052580076677 
46.08 	 0.0003485397050560265 
46.1 	 0.0003457817551583561 
46.12 	 0.0003442044374060383 
46.14 	 0.00034133236611060414 
46.16 	 0.00033966307279128296 
46.18 	 0.0003366327394819218 
46.2 	 0.0003348263688651709 
46.22 	 0.00033163306707783343 
46.24 	 0.00032967507022593935 
46.26 	 0.00032632183536158673 
46.28 	 0.0003242005966563137 
46.3 	 0.00032067121175447026 
46.32 	 0.0003183535155151768 
46.34 	 0.00031461169243655516 
46.36 	 0.0003120416342869338 
46.38 	 0.00030805598758165274 
46.4 	 0.0003051784048023359 
46.42 	 0.0003009543370482156 
46.44 	 0.0002977464844677356 
46.46 	 0.00029334375672005283 
46.48 	 0.00028983563227814695 
46.5 	 0.0002853630177516755 
46.52 	 0.000281637176539856 
46.54 	 0.00027723102375806747 
46.56 	 0.00027340658119240867 
46.58 	 0.00026920684374239737 
46.6 	 0.0002654191774028531 
46.62 	 0.000261552384778058 
46.64 	 0.00025793717147141185 
46.66 	 0.00025450726749014094 
46.68 	 0.0002511901617493969 
46.7 	 0.0002482726627951472 
46.72 	 0.00024536099944243075 
46.74 	 0.00024299626787775136 
46.76 	 0.00024056937618884092 
46.78 	 0.00023875453850148986 
46.8 	 0.00023685250139899872 
46.82 	 0.00023553480865125937 
46.84 	 0.00023414833972987715 
46.86 	 0.00023322373687660621 
46.88 	 0.00023228872891302107 
46.9 	 0.0002316086264749553 
46.92 	 0.0002310084363850891 
46.94 	 0.00023039617808985532 
46.96 	 0.00022997368820621962 
46.98 	 0.00022924999708718943 
47.0 	 0.00022882971538996922 
47.02 	 0.00022784311222128097 
47.04 	 0.00022726048662528815 
47.06 	 0.00022591516320365746 
47.08 	 0.00022504653042661034 
47.1 	 0.00022331876803965736 
47.12 	 0.00022210311070390768 
47.14 	 0.0002200400555211016 
47.16 	 0.00021848519771214205 
47.18 	 0.00021618612451499979 
47.2 	 0.00021435734394961462 
47.22 	 0.00021194428114630647 
47.24 	 0.00020994008126451965 
47.26 	 0.00020752816157208862 
47.28 	 0.0002054524666079171 
47.3 	 0.00020312899097955277 
47.32 	 0.00020106898308589038 
47.34 	 0.000198885243298371 
47.36 	 0.0001969000173942526 
47.38 	 0.00019487443138464024 
47.4 	 0.00019299437085981564 
47.42 	 0.00019112209676264995 
47.44 	 0.0001893552061086073 
47.46 	 0.00018761900371944848 
47.48 	 0.0001859595468812419 
47.5 	 0.00018433838764009608 
47.52 	 0.0001827744304499437 
47.54 	 0.00018124864827905634 
47.56 	 0.00017976705575653082 
47.58 	 0.00017832049045967115 
47.6 	 0.00017690945111288733 
47.62 	 0.00017552969879465528 
47.64 	 0.00017417954516052295 
47.66 	 0.00017285735278916401 
47.68 	 0.00017156049282740252 
47.7 	 0.00017028895618083847 
47.72 	 0.00016903947929443704 
47.74 	 0.00016781334302869033 
47.76 	 0.00016660658955673822 
47.78 	 0.00016542172743543943 
47.8 	 0.00016425392853103228 
47.82 	 0.00016310699198860074 
47.84 	 0.0001619750048452283 
47.86 	 0.0001608632137208466 
47.88 	 0.0001597643578721101 
47.9 	 0.00015868541668675925 
47.92 	 0.00015761741969520432 
47.94 	 0.00015656954345569406 
47.96 	 0.00015553059880229827 
47.98 	 0.00015451261044592432 
48.0 	 0.00015350152160025583 
48.02 	 0.00015251294395483855 
48.04 	 0.00015152927942550432 
48.06 	 0.00015057031138301797 
48.08 	 0.0001496144499605712 
48.1 	 0.00014868572388587826 
48.12 	 0.0001477586659025788 
48.14 	 0.00014686075659834993 
48.16 	 0.00014596364725326486 
48.18 	 0.00014509643185542896 
48.2 	 0.0001442298798959613 
48.22 	 0.00014339197390462815 
48.24 	 0.00014255539218709827 
48.26 	 0.00014174392452042932 
48.28 	 0.00014093517597541365 
48.3 	 0.00014014606196174976 
48.32 	 0.0001393616035073547 
48.34 	 0.00013859026068753575 
48.36 	 0.00013782576541570218 
48.38 	 0.00013706800767355768 
48.4 	 0.00013631922670652024 
48.42 	 0.00013557199369067962 
48.44 	 0.00013483552263055597 
48.46 	 0.00013409719960191276 
48.48 	 0.000133370891788399 
48.5 	 0.00013264118173149722 
48.52 	 0.00013192414058767202 
48.54 	 0.0001312036374433579 
48.56 	 0.00013049590158955486 
48.58 	 0.0001297855865820411 
48.6 	 0.00012908770225830948 
48.62 	 0.00012838853894514007 
48.64 	 0.00012770118469114882 
48.66 	 0.00012701388586535445 
48.68 	 0.00012633762897824627 
48.7 	 0.0001256625807669577 
48.72 	 0.0001249977672124537 
48.74 	 0.0001243350557782991 
48.76 	 0.00012368179608007444 
48.78 	 0.00012303128299931984 
48.8 	 0.00012238949208751842 
48.82 	 0.00012175090227361166 
48.84 	 0.00012112036259294233 
48.86 	 0.00012049336559277678 
48.88 	 0.00011987379501176014 
48.9 	 0.00011925807037830785 
48.92 	 0.00011864918387508592 
48.94 	 0.00011804446539236269 
48.96 	 0.00011744602260775364 
48.98 	 0.00011685211791547228 
49.0 	 0.00011626395015155593 
49.02 	 0.00011568073464138501 
49.04 	 0.00011510274722856003 
49.06 	 0.00011453013505602125 
49.08 	 0.00011396228523786018 
49.1 	 0.0001134001851449711 
49.12 	 0.00011284244103620817 
49.14 	 0.00011229070868090664 
49.16 	 0.0001117429997970355 
49.18 	 0.00011120139996291905 
49.2 	 0.0001106635728131388 
49.22 	 0.00011013176350206666 
49.24 	 0.00010960355581133314 
49.26 	 0.00010908110153941993 
49.28 	 0.00010856214510134727 
49.3 	 0.00010804855889396163 
49.32 	 0.00010753841355778378 
49.34 	 0.00010703321757608789 
49.36 	 0.00010653142865933988 
49.38 	 0.00010603421546756275 
49.4 	 0.00010554037756673373 
49.42 	 0.00010505085214881609 
49.44 	 0.00010456465883256604 
49.46 	 0.00010408264805072548 
49.48 	 0.00010360391230524207 
49.5 	 0.0001031293412094183 
49.52 	 0.00010265798370120833 
49.54 	 0.00010219082991961927 
49.56 	 0.00010172684398222063 
49.58 	 0.0001012670849268794 
49.6 	 0.00010081049084267752 
49.62 	 0.00010035805182755965 
49.64 	 9.990884637650261e-05 
49.66 	 9.946354758011944e-05 
49.68 	 9.902164476086686e-05 
49.7 	 9.858314234429308e-05 
49.72 	 9.81482992680433e-05 
49.74 	 9.771602710447792e-05 
49.76 	 9.728776192191996e-05 
49.78 	 9.686089906024996e-05 
49.8 	 9.643842883398785e-05 
49.82 	 9.60159273774475e-05 
49.84 	 9.559816542883184e-05 
49.86 	 9.517885991922989e-05 
49.88 	 9.476449936409183e-05 
49.9 	 9.434728505190711e-05 
49.92 	 9.393496090061727e-05 
49.94 	 9.351899660485816e-05 
49.96 	 9.310748595261009e-05 
49.98 	 9.269237296171232e-05 
50.0 	 9.228078799081938e-05 
50.02 	 9.186670506861779e-05 
50.04 	 9.145466265932228e-05 
50.06 	 9.104247389543352e-05 
50.08 	 9.063026257867788e-05 
50.1 	 9.022161977815529e-05 
50.12 	 8.981038716403607e-05 
50.14 	 8.940780063611449e-05 
50.16 	 8.899972897516026e-05 
50.18 	 8.860650518463372e-05 
50.2 	 8.820485541642176e-05 
50.22 	 8.782476404168558e-05 
50.24 	 8.743362196185741e-05 
50.26 	 8.707022318031427e-05 
50.28 	 8.669384761915449e-05 
50.3 	 8.634958529818593e-05 
50.32 	 8.599144437621344e-05 
50.34 	 8.566680420685744e-05 
50.36 	 8.532860091584075e-05 
50.38 	 8.502170754566133e-05 
50.4 	 8.470279445733418e-05 
50.42 	 8.440969051315787e-05 
50.44 	 8.41071584991245e-05 
50.46 	 8.38227140338383e-05 
50.48 	 8.353214942844574e-05 
50.5 	 8.32512562295253e-05 
50.52 	 8.29678569574683e-05 
50.54 	 8.268644425472246e-05 
50.56 	 8.240604559654718e-05 
50.58 	 8.212157708988794e-05 
50.6 	 8.184123344612603e-05 
50.62 	 8.155262428153579e-05 
50.64 	 8.127064992997861e-05 
50.66 	 8.097780735996794e-05 
50.68 	 8.069343831601422e-05 
50.7 	 8.03967432965398e-05 
50.72 	 8.010970771747916e-05 
50.74 	 7.98096851931927e-05 
50.76 	 7.951992143428431e-05 
50.78 	 7.92171686116253e-05 
50.8 	 7.892476992166788e-05 
50.82 	 7.862004395628284e-05 
50.84 	 7.83253484776917e-05 
50.86 	 7.801964830372585e-05 
50.88 	 7.772332272834404e-05 
50.9 	 7.741784939698932e-05 
50.92 	 7.712085477108797e-05 
50.94 	 7.681684442382374e-05 
50.96 	 7.652027374070421e-05 
50.98 	 7.621878649898436e-05 
51.0 	 7.592364972846185e-05 
51.02 	 7.56254162025422e-05 
51.04 	 7.53324697612975e-05 
51.06 	 7.503785046087046e-05 
51.08 	 7.474752785370001e-05 
51.1 	 7.445657469759845e-05 
51.12 	 7.416901423016967e-05 
51.14 	 7.388158291958544e-05 
51.16 	 7.359670955458786e-05 
51.18 	 7.331257272203079e-05 
51.2 	 7.303019018385629e-05 
51.22 	 7.274912853250193e-05 
51.24 	 7.246900127052187e-05 
51.26 	 7.219087612095702e-05 
51.28 	 7.191280380379651e-05 
51.3 	 7.163762216685216e-05 
51.32 	 7.136151569293617e-05 
51.34 	 7.108948922656354e-05 
51.36 	 7.081544739308847e-05 
51.38 	 7.054703265882436e-05 
51.4 	 7.027540483001155e-05 
51.42 	 7.001130744455078e-05 
51.44 	 6.974272254834072e-05 
51.46 	 6.948385689201611e-05 
51.48 	 6.921920803987132e-05 
51.5 	 6.896662189389949e-05 
51.52 	 6.870701438231571e-05 
51.54 	 6.846180236171579e-05 
51.56 	 6.820848880582917e-05 
51.58 	 6.797171682674551e-05 
51.6 	 6.772604223082746e-05 
51.62 	 6.749868127410161e-05 
51.64 	 6.726203471743705e-05 
51.66 	 6.704486522521685e-05 
51.68 	 6.681859258146748e-05 
51.7 	 6.661201909130736e-05 
51.72 	 6.639722374498472e-05 
51.74 	 6.620096696764873e-05 
51.76 	 6.599815194783138e-05 
51.78 	 6.58108737324515e-05 
51.8 	 6.561947415900936e-05 
51.82 	 6.543850244257557e-05 
51.84 	 6.525648378797097e-05 
51.86 	 6.507786036134976e-05 
51.88 	 6.490163082198834e-05 
51.9 	 6.472063246475024e-05 
51.92 	 6.454545689666697e-05 
51.94 	 6.435753949543019e-05 
51.96 	 6.417844122530675e-05 
51.98 	 6.398032260108595e-05 
52.0 	 6.379321160545925e-05 
52.02 	 6.358368497368391e-05 
52.04 	 6.338630219157604e-05 
52.06 	 6.316645097792636e-05 
52.08 	 6.295876922959827e-05 
52.1 	 6.27315051096548e-05 
52.12 	 6.251545829018452e-05 
52.14 	 6.22845898298732e-05 
52.16 	 6.206328536870728e-05 
52.18 	 6.183249201667671e-05 
52.2 	 6.160924645434608e-05 
52.22 	 6.138131241657621e-05 
52.24 	 6.115885933080164e-05 
52.26 	 6.0935357156415843e-05 
52.28 	 6.071544081410514e-05 
52.3 	 6.049685233884442e-05 
52.32 	 6.02802348984305e-05 
52.34 	 6.006635233114463e-05 
52.36 	 5.985311708709699e-05 
52.38 	 5.964351728270251e-05 
52.4 	 5.94334861369222e-05 
52.42 	 5.922790204366714e-05 
52.44 	 5.9020995956364e-05 
52.46 	 5.881948481926912e-05 
52.48 	 5.861591429582843e-05 
52.5 	 5.8418809390404826e-05 
52.52 	 5.821906067283939e-05 
52.54 	 5.8026768550950484e-05 
52.56 	 5.783142751316588e-05 
52.58 	 5.764417846200102e-05 
52.6 	 5.745368796351165e-05 
52.62 	 5.7271351296833556e-05 
52.64 	 5.7085812006847293e-05 
52.66 	 5.6907848671842744e-05 
52.68 	 5.67269426442185e-05 
52.7 	 5.655250189651098e-05 
52.72 	 5.6375556638387525e-05 
52.74 	 5.6203662480510076e-05 
52.76 	 5.602981204626011e-05 
52.78 	 5.585955838676225e-05 
52.8 	 5.568792782382676e-05 
52.82 	 5.5518617209970734e-05 
52.84 	 5.534846718858983e-05 
52.86 	 5.5179668388678905e-05 
52.88 	 5.5010471731862174e-05 
52.9 	 5.484200787843683e-05 
52.92 	 5.467346256691895e-05 
52.94 	 5.450535748168733e-05 
52.96 	 5.433735642807002e-05 
52.98 	 5.4169765226866915e-05 
53.0 	 5.4002344313196216e-05 
53.02 	 5.3835487024555323e-05 
53.04 	 5.366876900457926e-05 
53.06 	 5.350287878892036e-05 
53.08 	 5.3337025620200434e-05 
53.1 	 5.317231515505899e-05 
53.12 	 5.300749356468429e-05 
53.14 	 5.284413437863911e-05 
53.16 	 5.268049012474235e-05 
53.18 	 5.251859589881173e-05 
53.2 	 5.235622831269846e-05 
53.22 	 5.219583982998446e-05 
53.24 	 5.203477561405905e-05 
53.26 	 5.18758583835056e-05 
53.28 	 5.171603803582259e-05 
53.3 	 5.1558510993898274e-05 
53.32 	 5.1399809226540446e-05 
53.34 	 5.12436139347257e-05 
53.36 	 5.1085906354535894e-05 
53.38 	 5.093110402839695e-05 
53.4 	 5.077436966853725e-05 
53.42 	 5.062123424673028e-05 
53.44 	 5.0465663613462256e-05 
53.46 	 5.0314737593977005e-05 
53.48 	 5.016081326359966e-05 
53.5 	 5.001290852270943e-05 
53.52 	 4.986143893272483e-05 
53.54 	 4.971758194625261e-05 
53.56 	 4.9569683674986916e-05 
53.58 	 4.943100896301112e-05 
53.6 	 4.92880345689259e-05 
53.62 	 4.9155622100831786e-05 
53.64 	 4.9019020370533554e-05 
53.66 	 4.88936666464338e-05 
53.68 	 4.876475467271489e-05 
53.7 	 4.8646679527645804e-05 
53.72 	 4.852631846474267e-05 
53.74 	 4.841484653593477e-05 
53.76 	 4.8303053362576444e-05 
53.78 	 4.819636142844388e-05 
53.8 	 4.809195032141634e-05 
53.82 	 4.798701331415016e-05 
53.84 	 4.788741527728443e-05 
53.86 	 4.778027640585295e-05 
53.88 	 4.7681691277769185e-05 
53.9 	 4.756809527721829e-05 
53.92 	 4.7466049324723826e-05 
53.94 	 4.734232386457602e-05 
53.96 	 4.723254601748423e-05 
53.98 	 4.709646500517633e-05 
54.0 	 4.6975826055819095e-05 
54.02 	 4.682713789279201e-05 
54.04 	 4.6694322598251196e-05 
54.06 	 4.6534731663436515e-05 
54.08 	 4.6390397122455195e-05 
54.1 	 4.622300746772029e-05 
54.12 	 4.6069390790406595e-05 
54.14 	 4.5897838469564346e-05 
54.16 	 4.573799905265161e-05 
54.18 	 4.5565596596054814e-05 
54.2 	 4.5402594341937865e-05 
54.22 	 4.523175018782314e-05 
54.24 	 4.506802505238572e-05 
54.26 	 4.49000394593942e-05 
54.28 	 4.473711680405498e-05 
54.3 	 4.457229448987103e-05 
54.32 	 4.441078837853383e-05 
54.34 	 4.4248722032101284e-05 
54.36 	 4.4088518897969815e-05 
54.38 	 4.392840156896948e-05 
54.4 	 4.376889886740706e-05 
54.42 	 4.3609783464120954e-05 
54.44 	 4.345010568472193e-05 
54.46 	 4.329109949758045e-05 
54.48 	 4.3130276224814786e-05 
54.5 	 4.29707041386696e-05 
54.52 	 4.280783998528693e-05 
54.54 	 4.264741839774435e-05 
54.56 	 4.248189628528725e-05 
54.58 	 4.2320931826234624e-05 
54.6 	 4.215266527734378e-05 
54.62 	 4.199224050884726e-05 
54.64 	 4.182193574926708e-05 
54.66 	 4.1663993396676284e-05 
54.68 	 4.1493323515129525e-05 
54.7 	 4.134054691846501e-05 
54.72 	 4.1172117991860055e-05 
54.74 	 4.1027556150308226e-05 
54.76 	 4.0864592797316247e-05 
54.78 	 4.073108626550265e-05 
54.8 	 4.057687709639593e-05 
54.82 	 4.04564513142135e-05 
54.84 	 4.031371573682095e-05 
54.86 	 4.0207145154404755e-05 
54.88 	 4.007752985196522e-05 
54.9 	 3.998419976741457e-05 
54.92 	 3.9868041910635354e-05 
54.94 	 3.97860863383224e-05 
54.96 	 3.9682433072863626e-05 
54.98 	 3.9609011645037805e-05 
55.0 	 3.9515770934825524e-05 
55.02 	 3.9447356665689445e-05 
55.04 	 3.936146676629766e-05 
55.06 	 3.929414332257476e-05 
55.08 	 3.921178027178362e-05 
55.1 	 3.91416778876758e-05 
55.12 	 3.905865486704137e-05 
55.14 	 3.8982648252752964e-05 
55.16 	 3.889515292348273e-05 
55.18 	 3.8811756156993857e-05 
55.2 	 3.871737133995433e-05 
55.22 	 3.862750231280317e-05 
55.24 	 3.85261690568962e-05 
55.26 	 3.843332642999856e-05 
55.28 	 3.832775030977839e-05 
55.3 	 3.8237305980859824e-05 
55.32 	 3.813244939243863e-05 
55.34 	 3.805017679484493e-05 
55.36 	 3.795190312532788e-05 
55.38 	 3.788229664420796e-05 
55.4 	 3.779569475296413e-05 
55.42 	 3.7740786010642845e-05 
55.44 	 3.766888610159503e-05 
55.46 	 3.762799219143688e-05 
55.48 	 3.757133580467318e-05 
55.5 	 3.7541649268094094e-05 
55.52 	 3.749866357288839e-05 
55.54 	 3.747618566111081e-05 
55.56 	 3.744391161947402e-05 
55.58 	 3.7424221337245515e-05 
55.6 	 3.7398933971692774e-05 
55.62 	 3.7377623858782056e-05 
55.64 	 3.735520183617893e-05 
55.66 	 3.7328160884904844e-05 
55.68 	 3.730438162641977e-05 
55.7 	 3.7268159876051684e-05 
55.72 	 3.723912775818911e-05 
55.74 	 3.7191378635854255e-05 
55.76 	 3.715405250997349e-05 
55.78 	 3.709380068808284e-05 
55.8 	 3.704634927139083e-05 
55.82 	 3.697384415527959e-05 
55.84 	 3.6915579076214004e-05 
55.86 	 3.6831770868271275e-05 
55.88 	 3.67626859037188e-05 
55.9 	 3.6668657312677766e-05 
55.92 	 3.6588901375198124e-05 
55.94 	 3.6485644821542184e-05 
55.96 	 3.639532358274349e-05 
55.98 	 3.6284014422751025e-05 
56.0 	 3.6183488524148586e-05 
56.02 	 3.606604143623365e-05 
56.04 	 3.595652731055867e-05 
56.06 	 3.583599440714603e-05 
56.08 	 3.572003043632656e-05 
56.1 	 3.5600469215670575e-05 
56.12 	 3.548185839142885e-05 
56.14 	 3.536762709299934e-05 
56.16 	 3.5250785883994975e-05 
56.18 	 3.514559588332536e-05 
56.2 	 3.5034617774276454e-05 
56.22 	 3.494082972339685e-05 
56.24 	 3.4838745293159504e-05 
56.26 	 3.47572196716328e-05 
56.28 	 3.466577220063997e-05 
56.3 	 3.459619841046428e-05 
56.32 	 3.451607267925776e-05 
56.34 	 3.4457395158056815e-05 
56.36 	 3.43885319783474e-05 
56.38 	 3.433910797216824e-05 
56.4 	 3.428075246818471e-05 
56.42 	 3.4238202144414095e-05 
56.44 	 3.418865843694191e-05 
56.46 	 3.414973229941487e-05 
56.48 	 3.410615983455645e-05 
56.5 	 3.406703392209209e-05 
56.52 	 3.402570608840711e-05 
56.54 	 3.3982824985777474e-05 
56.56 	 3.39399819993619e-05 
56.58 	 3.38911165416727e-05 
56.6 	 3.3844089798209914e-05 
56.62 	 3.378901748072931e-05 
56.64 	 3.373703041089995e-05 
56.66 	 3.3677395707236275e-05 
56.68 	 3.362157070966809e-05 
56.7 	 3.3559944450304654e-05 
56.72 	 3.350248640924363e-05 
56.74 	 3.344109982012038e-05 
56.76 	 3.338408420379992e-05 
56.78 	 3.3323871882775984e-05 
56.8 	 3.326825183016614e-05 
56.82 	 3.320863146657595e-05 
56.84 	 3.3153912919220416e-05 
56.86 	 3.309332269157495e-05 
56.88 	 3.303798222727849e-05 
56.9 	 3.2974835543266425e-05 
56.92 	 3.2917199645935245e-05 
56.94 	 3.285076654637887e-05 
56.96 	 3.27898946219941e-05 
56.98 	 3.272070635844067e-05 
57.0 	 3.265686424412195e-05 
57.02 	 3.258649068511921e-05 
57.04 	 3.252102129344078e-05 
57.06 	 3.245137741280821e-05 
57.08 	 3.238607734042371e-05 
57.1 	 3.231864721364989e-05 
57.12 	 3.225501324872156e-05 
57.14 	 3.21904179153023e-05 
57.16 	 3.2129196517260307e-05 
57.18 	 3.2067326339702585e-05 
57.2 	 3.200861284245706e-05 
57.22 	 3.194918603456141e-05 
57.24 	 3.189296101933617e-05 
57.26 	 3.183607507603545e-05 
57.28 	 3.178275448715172e-05 
57.3 	 3.1728977416913694e-05 
57.32 	 3.1679511539465774e-05 
57.34 	 3.1629355440715474e-05 
57.36 	 3.158469191444052e-05 
57.38 	 3.153774176340497e-05 
57.4 	 3.149789889017569e-05 
57.42 	 3.1452152023300845e-05 
57.44 	 3.141545156709616e-05 
57.46 	 3.136737004535485e-05 
57.48 	 3.133035791073134e-05 
57.5 	 3.127577281140507e-05 
57.52 	 3.123402130015655e-05 
57.54 	 3.116956378379983e-05 
57.56 	 3.111909019314881e-05 
57.58 	 3.104351295765263e-05 
57.6 	 3.0982208379764164e-05 
57.62 	 3.089696371981858e-05 
57.64 	 3.0825372594227814e-05 
57.66 	 3.073413179890731e-05 
57.68 	 3.065519040153335e-05 
57.7 	 3.0562479578848737e-05 
57.72 	 3.0480300345014216e-05 
57.74 	 3.0389861219176902e-05 
57.76 	 3.030811972116505e-05 
57.78 	 3.0221757537336033e-05 
57.8 	 3.0142452665917452e-05 
57.82 	 3.005989817020052e-05 
57.84 	 2.9983068603191766e-05 
57.86 	 2.9902848703756585e-05 
57.88 	 2.9827310663519728e-05 
57.9 	 2.9748075378420215e-05 
57.92 	 2.967268094234543e-05 
57.94 	 2.9594199646941155e-05 
57.96 	 2.9518841184336573e-05 
57.98 	 2.944211605147352e-05 
58.0 	 2.9367896786008153e-05 
58.02 	 2.929440733297679e-05 
58.04 	 2.922294317589743e-05 
58.06 	 2.9153574869154975e-05 
58.08 	 2.9085941005479975e-05 
58.1 	 2.902031982468221e-05 
58.12 	 2.8956355041143043e-05 
58.14 	 2.8893009810389703e-05 
58.16 	 2.8831422766150537e-05 
58.18 	 2.8768637535237984e-05 
58.2 	 2.8707814498092935e-05 
58.22 	 2.8644588614702337e-05 
58.24 	 2.8583548898055162e-05 
58.26 	 2.8520038275982076e-05 
58.28 	 2.8458912356486476e-05 
58.3 	 2.8396091808691062e-05 
58.32 	 2.8335835211823316e-05 
58.34 	 2.8274640068997696e-05 
58.36 	 2.8216205137194316e-05 
58.38 	 2.8156738659966725e-05 
58.4 	 2.8100270685597874e-05 
58.42 	 2.8041601396765773e-05 
58.44 	 2.798619255972593e-05 
58.46 	 2.7926870575283897e-05 
58.48 	 2.7871032968441482e-05 
58.5 	 2.7809990675390576e-05 
58.52 	 2.7752548188468077e-05 
58.54 	 2.7689811846114832e-05 
58.56 	 2.7630651363330272e-05 
58.58 	 2.7567415581151837e-05 
58.6 	 2.750763203709825e-05 
58.62 	 2.744564574796711e-05 
58.64 	 2.7386990805669296e-05 
58.66 	 2.732761690486292e-05 
58.68 	 2.7271577371319012e-05 
58.7 	 2.7215067340356994e-05 
58.72 	 2.7162102507875738e-05 
58.74 	 2.710747637966864e-05 
58.76 	 2.7056821481294704e-05 
58.78 	 2.7002372665248063e-05 
58.8 	 2.6952463134065616e-05 
58.82 	 2.6896555306631354e-05 
58.84 	 2.6845774338405328e-05 
58.86 	 2.6787474596883572e-05 
58.88 	 2.673478649573198e-05 
58.9 	 2.6674035979058107e-05 
58.92 	 2.661919975382069e-05 
58.94 	 2.6556530510332344e-05 
58.96 	 2.64998765467128e-05 
58.98 	 2.643593382059715e-05 
59.0 	 2.637793355995645e-05 
59.02 	 2.6313114129811566e-05 
59.04 	 2.625403648780047e-05 
59.06 	 2.6188412688644218e-05 
59.08 	 2.6128238637713812e-05 
59.1 	 2.606172984152331e-05 
59.12 	 2.6000302619940657e-05 
59.14 	 2.5932922143158127e-05 
59.16 	 2.587017918993309e-05 
59.18 	 2.5802186796471447e-05 
59.2 	 2.5738313403590636e-05 
59.22 	 2.567020370020264e-05 
59.24 	 2.560563621741137e-05 
59.26 	 2.5538003848879645e-05 
59.28 	 2.54733126340693e-05 
59.3 	 2.5406689045651547e-05 
59.32 	 2.5342424977283178e-05 
59.34 	 2.5277167098983873e-05 
59.36 	 2.5213747076708545e-05 
59.38 	 2.5150007761581144e-05 
59.4 	 2.508767137681282e-05 
59.42 	 2.502543523495476e-05 
59.44 	 2.4964262837558488e-05 
59.46 	 2.4903410999351535e-05 
59.48 	 2.4843373192837113e-05 
59.5 	 2.4783745040702275e-05 
59.52 	 2.472475522039671e-05 
59.54 	 2.4666190810450266e-05 
59.56 	 2.460814469733662e-05 
59.58 	 2.4550505992551407e-05 
59.6 	 2.4493304419989532e-05 
59.62 	 2.443648109051347e-05 
59.64 	 2.438003943890004e-05 
59.66 	 2.4323946412151655e-05 
59.68 	 2.4268196065785683e-05 
59.7 	 2.421276819607559e-05 
59.72 	 2.4157654443895454e-05 
59.74 	 2.410284121159877e-05 
59.76 	 2.4048320242429818e-05 
59.78 	 2.3994081561480898e-05 
59.8 	 2.394011774656685e-05 
59.82 	 2.3886420984236066e-05 
59.84 	 2.383298478421755e-05 
59.86 	 2.377980273903435e-05 
59.88 	 2.3726869197319158e-05 
59.9 	 2.36741787372768e-05 
59.92 	 2.3621726416437466e-05 
59.94 	 2.3569507545868524e-05 
59.96 	 2.3517517771637396e-05 
59.98 	 2.3465752968960582e-05 
