0.0 	 3.060333018344318 
0.02 	 2.615460086473364 
0.04 	 2.4090686370224845 
0.06 	 2.1872404348316716 
0.08 	 2.043144066163802 
0.1 	 1.8864161657172516 
0.12 	 1.7554144117347572 
0.14 	 1.6293994843748183 
0.16 	 1.5079123236833034 
0.18 	 1.4067418774741522 
0.2 	 1.3005321068590672 
0.22 	 1.2250997360576195 
0.24 	 1.1417761385046181 
0.26 	 1.0940941658675856 
0.28 	 1.039204094183007 
0.3 	 1.018413021090439 
0.32 	 0.9914621578850032 
0.34 	 0.9905533587042212 
0.36 	 0.9833224706880586 
0.38 	 0.9914454345027791 
0.4 	 0.9931361525518505 
0.42 	 1.0021872278776975 
0.44 	 1.005592270207558 
0.46 	 1.0124912772273889 
0.48 	 1.014866778129936 
0.5 	 1.0196422564864194 
0.52 	 1.0208483877537884 
0.54 	 1.0245091604233552 
0.56 	 1.0252812860712133 
0.58 	 1.0286577499622962 
0.6 	 1.0296170197900099 
0.62 	 1.0329928604144074 
0.64 	 1.034296822143776 
0.66 	 1.0375166096092723 
0.68 	 1.0389386830546248 
0.7 	 1.041704805097997 
0.72 	 1.042897002551361 
0.74 	 1.0450278349955673 
0.76 	 1.045757996257889 
0.78 	 1.04729341244898 
0.8 	 1.0475491392818972 
0.82 	 1.0487059038116822 
0.84 	 1.0486591654375543 
0.86 	 1.0497059123356165 
0.88 	 1.049595884645788 
0.9 	 1.0507308976644805 
0.92 	 1.0507428347185406 
0.94 	 1.052033580467369 
0.96 	 1.0522337492473952 
0.98 	 1.0536331013969962 
1.0 	 1.0539778232895565 
1.02 	 1.055390538823098 
1.04 	 1.0557861114623188 
1.06 	 1.057140891646494 
1.08 	 1.057512585263184 
1.1 	 1.0588041706531381 
1.12 	 1.0591398378150778 
1.14 	 1.0604290373735963 
1.16 	 1.0607836489840057 
1.18 	 1.0621648156494008 
1.2 	 1.0626324059598249 
1.22 	 1.0641891100606191 
1.24 	 1.0648604972057294 
1.26 	 1.066630163072313 
1.28 	 1.0675564807899294 
1.3 	 1.0695166386536394 
1.32 	 1.070691983023007 
1.34 	 1.0727695362297187 
1.36 	 1.074135518266434 
1.38 	 1.0762313821962728 
1.4 	 1.0776975695386068 
1.42 	 1.0797154822893764 
1.44 	 1.0811859097673657 
1.46 	 1.0830558573391489 
1.48 	 1.084452693080199 
1.5 	 1.0861435646913211 
1.52 	 1.0874222411519594 
1.54 	 1.0889424973923625 
1.56 	 1.0900960586872255 
1.58 	 1.0914842943889045 
1.6 	 1.0925375833953823 
1.62 	 1.0938468941724957 
1.64 	 1.0948434800645557 
1.66 	 1.0961245874473295 
1.68 	 1.097110896825092 
1.7 	 1.0983988483835605 
1.72 	 1.0994103628944218 
1.74 	 1.1007181160873996 
1.76 	 1.1017713809440657 
1.78 	 1.10309103122651 
1.8 	 1.104182851406343 
1.82 	 1.1054926285836546 
1.84 	 1.10660518484824 
1.86 	 1.1078787337446259 
1.88 	 1.1089875894498231 
1.9 	 1.110202062007129 
1.92 	 1.111283793748906 
1.94 	 1.112424624142528 
1.96 	 1.1134618820253241 
1.98 	 1.114523899699504 
2.0 	 1.115507283595306 
2.02 	 1.1164931555027602 
2.04 	 1.1174205612166592 
2.06 	 1.1183380380615582 
2.08 	 1.119212674135263 
2.1 	 1.120071873680131 
2.12 	 1.120900042711755 
2.14 	 1.1217114343519763 
2.16 	 1.1225007353690903 
2.18 	 1.123273957880662 
2.2 	 1.1240321139856604 
2.22 	 1.1247754387950857 
2.24 	 1.1255096547652008 
2.26 	 1.1262298046484605 
2.28 	 1.1269464357471621 
2.3 	 1.1276485079457106 
2.32 	 1.1283528244188792 
2.34 	 1.1290401700441708 
2.36 	 1.1297360736399091 
2.38 	 1.1304101032161706 
2.4 	 1.1310997539229246 
2.42 	 1.1317597481461652 
2.44 	 1.1324431700283581 
2.46 	 1.133086257959305 
2.48 	 1.1337610924347385 
2.5 	 1.1343825888353958 
2.52 	 1.1350442162622596 
2.54 	 1.1356384478765766 
2.56 	 1.1362806534935284 
2.58 	 1.1368422317505174 
2.6 	 1.1374584189763544 
2.62 	 1.1379836795755318 
2.64 	 1.1385683748277458 
2.66 	 1.1390565286662653 
2.68 	 1.139606711543437 
2.7 	 1.1400602795683075 
2.72 	 1.1405760688912485 
2.74 	 1.1410004470982447 
2.76 	 1.1414849306263404 
2.78 	 1.1418873186915328 
2.8 	 1.1423457043292766 
2.82 	 1.142733897024468 
2.84 	 1.1431724482326446 
2.86 	 1.1435539708856952 
2.88 	 1.14397920142616 
2.9 	 1.1443610065187155 
2.92 	 1.1447793778235489 
2.94 	 1.1451679990920893 
2.96 	 1.1455860629177597 
2.98 	 1.145987920924303 
3.0 	 1.146412641535971 
3.02 	 1.1468341551445869 
3.04 	 1.1472730717815736 
3.06 	 1.1477203020571143 
3.08 	 1.1481812185568034 
3.1 	 1.1486589164212504 
3.12 	 1.149148917510102 
3.14 	 1.1496590759728365 
3.16 	 1.150182901088063 
3.18 	 1.150723219206302 
3.2 	 1.151281371526292 
3.22 	 1.151844310337993 
3.24 	 1.1524316188324635 
3.26 	 1.1530047749240298 
3.28 	 1.1536102425398127 
3.3 	 1.1541784329899945 
3.32 	 1.1547869163580506 
3.34 	 1.1553356991558712 
3.36 	 1.1559312897164458 
3.38 	 1.156450907612792 
3.4 	 1.1570210827501048 
3.42 	 1.1575094057086721 
3.44 	 1.1580484958818102 
3.46 	 1.1585117386329342 
3.48 	 1.1590223425287403 
3.5 	 1.1594731484533178 
3.52 	 1.1599648727915612 
3.54 	 1.1604184519160705 
3.56 	 1.1609044620258884 
3.58 	 1.1613743371972751 
3.6 	 1.1618671686994653 
3.62 	 1.1623622846294406 
3.64 	 1.1628707101682367 
3.66 	 1.1633950588533395 
3.68 	 1.1639233262408544 
3.7 	 1.1644780810543047 
3.72 	 1.1650277246000675 
3.74 	 1.1656146796279014 
3.76 	 1.1661878583885237 
3.78 	 1.1668123217171702 
3.8 	 1.1674148655334526 
3.82 	 1.168086416688651 
3.84 	 1.1687288880547497 
3.86 	 1.1694595059451776 
3.88 	 1.1701556058721703 
3.9 	 1.1709560687661325 
3.92 	 1.1717191260615254 
3.94 	 1.172595525343995 
3.96 	 1.1734348410669257 
3.98 	 1.1743869969578664 
4.0 	 1.175305882072716 
4.02 	 1.1763284419005136 
4.04 	 1.1773248773138016 
4.06 	 1.1784105330442167 
4.08 	 1.1794800830719347 
4.1 	 1.1806234409987082 
4.12 	 1.181763126012015 
4.14 	 1.1829636973389468 
4.16 	 1.184175382024661 
4.18 	 1.185438733702902 
4.2 	 1.186731031158226 
4.22 	 1.1880677765052927 
4.24 	 1.1894559699245164 
4.26 	 1.1908785538464564 
4.28 	 1.1923821874954046 
4.3 	 1.1938993847651251 
4.32 	 1.1955370528409077 
4.34 	 1.1971462647226339 
4.36 	 1.1989272903337764 
4.38 	 1.200605656157686 
4.4 	 1.2025194256809157 
4.42 	 1.2042164725091145 
4.44 	 1.2062222135944638 
4.46 	 1.207858325260822 
4.48 	 1.2098801082696267 
4.5 	 1.211354942428041 
4.52 	 1.2132869375427282 
4.54 	 1.2144989648644413 
4.56 	 1.216223234736461 
4.58 	 1.217096460772739 
4.6 	 1.2185102998796007 
4.62 	 1.219019531027357 
4.64 	 1.220064066089832 
4.66 	 1.220248851568574 
4.68 	 1.220928454348538 
4.7 	 1.2208894554754168 
4.72 	 1.2212742717791985 
4.74 	 1.2211528254062378 
4.76 	 1.2213634545542178 
4.78 	 1.221311945930198 
4.8 	 1.2214926425931272 
4.82 	 1.2216463882346849 
4.84 	 1.2219371725605366 
4.86 	 1.2223963689110497 
4.88 	 1.2229131078593187 
4.9 	 1.2237376136001359 
4.92 	 1.2245637593911127 
4.94 	 1.2257776098352824 
4.96 	 1.226965426743433 
4.98 	 1.2285650864430677 
5.0 	 1.230141036553181 
5.02 	 1.2321021338135163 
5.04 	 1.2340713864772597 
5.06 	 1.2363515140870436 
5.08 	 1.2386989394857015 
5.1 	 1.241237115627259 
5.12 	 1.2439249181339112 
5.14 	 1.246640477574862 
5.16 	 1.2496049526884085 
5.18 	 1.2523997402639175 
5.2 	 1.2555511777161263 
5.22 	 1.2583186056689397 
5.24 	 1.261548526910344 
5.26 	 1.2641908079175874 
5.28 	 1.267388741648635 
5.3 	 1.2698396404765544 
5.32 	 1.2729175766484597 
5.34 	 1.2751640061627512 
5.36 	 1.2780821555579014 
5.38 	 1.2801762666142136 
5.4 	 1.2829612627887688 
5.42 	 1.2850167300263058 
5.44 	 1.2877646118682362 
5.46 	 1.2899359308895988 
5.48 	 1.292796903341545 
5.5 	 1.2952465021124346 
5.52 	 1.2983947279600143 
5.54 	 1.3012572367593338 
5.56 	 1.3048543897584357 
5.58 	 1.30820897392017 
5.6 	 1.3123730148615258 
5.62 	 1.316232587842793 
5.64 	 1.3210220279057838 
5.66 	 1.3253426339644836 
5.68 	 1.3307613533151688 
5.7 	 1.3354675291871365 
5.72 	 1.3414875449905679 
5.74 	 1.346502885448241 
5.76 	 1.3530952714316442 
5.78 	 1.3583646714707835 
5.8 	 1.3655250604230398 
5.82 	 1.3710172865362353 
5.84 	 1.3787731651896389 
5.86 	 1.384458269957156 
5.88 	 1.3928496876695666 
5.9 	 1.3986534201122587 
5.92 	 1.407685561662015 
5.94 	 1.4134316192545995 
5.96 	 1.4230069542604196 
5.98 	 1.4283672051763932 
6.0 	 1.4382164608948103 
6.02 	 1.4426955004548627 
6.04 	 1.452336480303221 
6.06 	 1.45531244362255 
6.08 	 1.4640652067900406 
6.1 	 1.4648884512374607 
6.12 	 1.471957998623743 
6.14 	 1.4700795147868442 
6.16 	 1.4746867818688272 
6.18 	 1.4697670238601568 
6.2 	 1.471281046941822 
6.22 	 1.4632342115915282 
6.24 	 1.4612515259910785 
6.26 	 1.4502122435882074 
6.28 	 1.4445548475331313 
6.3 	 1.4307983053996307 
6.32 	 1.4214523096549287 
6.34 	 1.4053295798396583 
6.36 	 1.3923945260329302 
6.38 	 1.3743395733037853 
6.4 	 1.358064652090818 
6.42 	 1.3386835339832275 
6.44 	 1.3196124188845106 
6.46 	 1.299800656902859 
6.48 	 1.2789547122194205 
6.5 	 1.2599416419059635 
6.52 	 1.2388952428473918 
6.54 	 1.2221102369567602 
6.56 	 1.202802740400869 
6.58 	 1.1895128655333493 
6.6 	 1.1737363079021594 
6.62 	 1.1645381702550657 
6.64 	 1.1532521209263151 
6.66 	 1.147686913069875 
6.68 	 1.1405445342863507 
6.7 	 1.1371627088104965 
6.72 	 1.1326138369147198 
6.74 	 1.1295436724777443 
6.76 	 1.1254907750962049 
6.78 	 1.121170848465535 
6.8 	 1.115774861097106 
6.82 	 1.1094468932203356 
6.84 	 1.1016964891327239 
6.86 	 1.0935164666484654 
6.88 	 1.0834252858576772 
6.9 	 1.074277231184722 
6.92 	 1.062750883359674 
6.94 	 1.0538982528938377 
6.96 	 1.0423680086551854 
6.98 	 1.0350509653052546 
7.0 	 1.0249924094705156 
7.02 	 1.0200704555477107 
7.04 	 1.0125589815749025 
7.06 	 1.0103092929368973 
7.08 	 1.00577587050871 
7.1 	 1.0059238230106007 
7.12 	 1.0041961135822415 
7.14 	 1.0061399614864683 
7.16 	 1.0066945891650794 
7.18 	 1.0097720248449522 
7.2 	 1.012012477101797 
7.22 	 1.015660290780345 
7.24 	 1.0190702548206532 
7.26 	 1.0228380040009781 
7.28 	 1.0269842796856763 
7.3 	 1.0304641005783015 
7.32 	 1.0349182770993204 
7.34 	 1.0376766163367341 
7.36 	 1.0419409057185305 
7.38 	 1.0435006170314471 
7.4 	 1.0469845407846428 
7.42 	 1.0468562475996297 
7.44 	 1.0489036080426755 
7.46 	 1.0466384832765985 
7.48 	 1.0465797222883182 
7.5 	 1.0418177680036615 
7.52 	 1.0390250559946694 
7.54 	 1.031528585552385 
7.56 	 1.0254648950363352 
7.58 	 1.0151398487568593 
7.6 	 1.0054041684662987 
7.62 	 0.9923166738947354 
7.64 	 0.9786913165344177 
7.66 	 0.9630869127029108 
7.68 	 0.9455930698388882 
7.7 	 0.9279249833021459 
7.72 	 0.9068917747961716 
7.74 	 0.8878618787745525 
7.76 	 0.8640092412773981 
7.78 	 0.8446174053454376 
7.8 	 0.8191395073984382 
7.82 	 0.8007213035175688 
7.84 	 0.7753335691388656 
7.86 	 0.759540443533628 
7.88 	 0.7364200958647171 
7.9 	 0.725056609843052 
7.92 	 0.7065635594385002 
7.94 	 0.7011634562634788 
7.96 	 0.6892216766996597 
7.98 	 0.6903515489730657 
8.0 	 0.6856016194580876 
8.02 	 0.6923163359435591 
8.04 	 0.6936901724587949 
8.06 	 0.7038569677719642 
8.08 	 0.7091863568258999 
8.1 	 0.7205682693852649 
8.12 	 0.727707828421166 
8.14 	 0.7387985073459932 
8.16 	 0.7463035414529609 
8.18 	 0.7564481182653735 
8.2 	 0.7636264649687683 
8.22 	 0.7727404511526647 
8.24 	 0.7794094277230478 
8.26 	 0.7876588446093727 
8.28 	 0.7938787721061841 
8.3 	 0.8014683918078787 
8.32 	 0.8073599292797773 
8.34 	 0.8144397022681533 
8.36 	 0.8200968223624722 
8.38 	 0.8267468687829018 
8.4 	 0.832216557856157 
8.42 	 0.8384647271753036 
8.44 	 0.8437555563886049 
8.46 	 0.8495955596149052 
8.48 	 0.8546873128677476 
8.5 	 0.8600857412966559 
8.52 	 0.8649296606286608 
8.54 	 0.8698264863421472 
8.56 	 0.8743406318718518 
8.58 	 0.8786546822994307 
8.6 	 0.8827258432310698 
8.62 	 0.8863738648768003 
8.64 	 0.8898752243039729 
8.66 	 0.892803982217204 
8.68 	 0.8956289635425874 
8.7 	 0.8978501940129556 
8.72 	 0.8999528597689592 
8.74 	 0.9015663557192748 
8.76 	 0.902992875343663 
8.78 	 0.904185969841259 
8.8 	 0.9050831306524093 
8.82 	 0.9061037060915373 
8.84 	 0.9066986965997466 
8.86 	 0.9078092409910815 
8.88 	 0.9083662435606396 
8.9 	 0.9097936610054459 
8.92 	 0.9105617858441715 
8.94 	 0.9124585196368719 
8.96 	 0.9136278933760728 
8.98 	 0.9160543413834809 
9.0 	 0.9177319706203955 
9.02 	 0.9206613139438455 
9.04 	 0.9228691842315648 
9.06 	 0.92620817814076 
9.08 	 0.9288980911452198 
9.1 	 0.9325141112197662 
9.12 	 0.9355901816088417 
9.14 	 0.9393359421689366 
9.16 	 0.9426764162405915 
9.18 	 0.9464075015458187 
9.2 	 0.9498808938437923 
9.22 	 0.9534656612379566 
9.24 	 0.9569404272977401 
9.26 	 0.9602654143115404 
9.28 	 0.9636160255873222 
9.3 	 0.9665913585660155 
9.32 	 0.9697052481726091 
9.34 	 0.9722729749818042 
9.36 	 0.9750614543713991 
9.38 	 0.9772059703836163 
9.4 	 0.9796184625920042 
9.42 	 0.9813745030087192 
9.44 	 0.9834114325697405 
9.46 	 0.9848638092892801 
9.48 	 0.9865816371038578 
9.5 	 0.9878528828995349 
9.52 	 0.9893562285695334 
9.54 	 0.9905826190548175 
9.56 	 0.9920025912124872 
9.58 	 0.9933037974465275 
9.6 	 0.994766925741534 
9.62 	 0.9962181400604752 
9.64 	 0.9978148826153117 
9.66 	 0.9994313885887556 
9.68 	 1.001195387608502 
9.7 	 1.0029370788765055 
9.72 	 1.0048445510097943 
9.74 	 1.0066413151910258 
9.76 	 1.00863339861046 
9.78 	 1.0104230266151935 
9.8 	 1.0124439822289049 
9.82 	 1.014206380358827 
9.84 	 1.0162413645840662 
9.86 	 1.018011241353532 
9.88 	 1.0201041273138154 
9.9 	 1.0219516571603384 
9.92 	 1.0241895346166343 
9.94 	 1.026173032980909 
9.96 	 1.028638767804206 
9.98 	 1.030748962395479 
10.0 	 1.0334604016270186 
10.02 	 1.03558391636524 
10.04 	 1.0384483632209816 
10.06 	 1.0403722600721188 
10.08 	 1.043180508181743 
10.1 	 1.0446416016423834 
10.12 	 1.0471086708961925 
10.14 	 1.047870785142255 
10.16 	 1.0497105027826854 
10.18 	 1.0496412892858913 
10.2 	 1.0506493292766415 
10.22 	 1.049770075737606 
10.24 	 1.049888627568071 
10.26 	 1.0483817616563984 
10.28 	 1.0477261057459415 
10.3 	 1.0458990943730195 
10.32 	 1.044738010073397 
10.34 	 1.0429544469516405 
10.36 	 1.0416496168937963 
10.38 	 1.0402465723452121 
10.4 	 1.0391682672375364 
10.42 	 1.0383823906035636 
10.44 	 1.037826105995382 
10.46 	 1.0377482615747196 
10.48 	 1.037876138609777 
10.5 	 1.0384452653574734 
10.52 	 1.0392665822268712 
10.54 	 1.040300690688043 
10.56 	 1.0416916425938445 
10.58 	 1.042942628821854 
10.6 	 1.0446935460442377 
10.62 	 1.0459072399830374 
10.64 	 1.0477796575068004 
10.66 	 1.0487440839217133 
10.68 	 1.0505207800526104 
10.7 	 1.0510918603393775 
10.72 	 1.0526078809813335 
10.74 	 1.0527099720350215 
10.76 	 1.0538596780381073 
10.78 	 1.0534662123398801 
10.8 	 1.0541890780913417 
10.82 	 1.0532942662400115 
10.84 	 1.0535488131071926 
10.86 	 1.0521432559179973 
10.88 	 1.0518819671497865 
10.9 	 1.0499423521427051 
10.92 	 1.04909915895965 
10.94 	 1.0465959428864229 
10.96 	 1.0450923040184965 
10.98 	 1.0420120222238816 
11.0 	 1.0397802105654328 
11.02 	 1.036153794236277 
11.04 	 1.0331698602341062 
11.06 	 1.0290967301267286 
11.08 	 1.0254126152750618 
11.1 	 1.021071935387636 
11.12 	 1.0168363203207353 
11.14 	 1.012480078540156 
11.16 	 1.0079397747208316 
11.18 	 1.0038662414746038 
11.2 	 0.999343820333555 
11.22 	 0.9958544478442705 
11.24 	 0.9917036425109468 
11.26 	 0.989051577563506 
11.28 	 0.9855992072882989 
11.3 	 0.983941636011462 
11.32 	 0.9814304153978257 
11.34 	 0.9807970785518232 
11.36 	 0.9793438227337405 
11.38 	 0.9796291840759093 
11.4 	 0.9792070319450517 
11.42 	 0.9801866516505641 
11.44 	 0.980632358561819 
11.46 	 0.9819992859487293 
11.48 	 0.9830422805991795 
11.5 	 0.9844575242739914 
11.52 	 0.9857663119540316 
11.54 	 0.9869157668086241 
11.56 	 0.9881555907680057 
11.58 	 0.9888025395207363 
11.6 	 0.9896940927413634 
11.62 	 0.9897139166733968 
11.64 	 0.9900787596340598 
11.66 	 0.9894642781145614 
11.68 	 0.9892422736985202 
11.7 	 0.9880751420388261 
11.72 	 0.9873046797044721 
11.74 	 0.9856989580067689 
11.76 	 0.9844619396227776 
11.78 	 0.982497843423867 
11.8 	 0.9808464503713887 
11.82 	 0.9785215405554872 
11.84 	 0.9764174640623849 
11.86 	 0.9736427069621956 
11.88 	 0.970942845356115 
11.9 	 0.9675964543018644 
11.92 	 0.9641048271090815 
11.94 	 0.9601303249103155 
11.96 	 0.9557069258379948 
11.98 	 0.9512166612798871 
12.0 	 0.9459037012113597 
12.02 	 0.9412394250507599 
12.04 	 0.9353487695924827 
12.06 	 0.9310615002822296 
12.08 	 0.9251722454503979 
12.1 	 0.9219104648331671 
12.12 	 0.9167547429949444 
12.14 	 0.9150876400751524 
12.16 	 0.9113528596813332 
12.18 	 0.9115947779763736 
12.2 	 0.909723201768751 
12.22 	 0.9118418553506175 
12.24 	 0.9119237236932067 
12.26 	 0.915578584615901 
12.28 	 0.9173837922689065 
12.3 	 0.9220643640218672 
12.32 	 0.9251729359407551 
12.34 	 0.930353409993452 
12.36 	 0.9342998945152904 
12.38 	 0.9395404223787589 
12.4 	 0.9439092258483486 
12.42 	 0.948887456710204 
12.44 	 0.953346761519339 
12.46 	 0.9578445443396997 
12.48 	 0.9621412375487509 
12.5 	 0.966019960412464 
12.52 	 0.9699645063920642 
12.54 	 0.9731490466689846 
12.56 	 0.9766076417554844 
12.58 	 0.9790810009111196 
12.6 	 0.9819767002116562 
12.62 	 0.9837764368018331 
12.64 	 0.9860906911884495 
12.66 	 0.9872974955186408 
12.68 	 0.9890622759507853 
12.7 	 0.9897779917970855 
12.72 	 0.9910552259631012 
12.74 	 0.9913769193810307 
12.76 	 0.9922317373117144 
12.78 	 0.9922339951325896 
12.8 	 0.9927149175519481 
12.82 	 0.9924501931018032 
12.84 	 0.992587698381474 
12.86 	 0.9921045819876372 
12.88 	 0.9919292274450549 
12.9 	 0.9912969476007717 
12.92 	 0.9908655376017005 
12.94 	 0.9901879272966586 
12.96 	 0.9895999260229276 
12.98 	 0.9890077612340952 
13.0 	 0.9883992477973829 
13.02 	 0.9880231210003136 
13.04 	 0.9875393458557497 
13.06 	 0.9874775513333763 
13.08 	 0.9872386644383986 
13.1 	 0.9875378173408041 
13.12 	 0.9876165085355535 
13.14 	 0.9882746537328125 
13.16 	 0.988696619275633 
13.18 	 0.9896849268712482 
13.2 	 0.9904490767726194 
13.22 	 0.9917379261273546 
13.24 	 0.9928424662792837 
13.26 	 0.994416495810735 
13.28 	 0.99587510052056 
13.3 	 0.9977287380434094 
13.32 	 0.9995671705754816 
13.34 	 1.0016823326183715 
13.36 	 1.0039156871836799 
13.38 	 1.0062319996695994 
13.4 	 1.0088318583264082 
13.42 	 1.011223979582297 
13.44 	 1.014090044264172 
13.46 	 1.016365053744468 
13.48 	 1.0193153168719296 
13.5 	 1.021235947402869 
13.52 	 1.0240232036828616 
13.54 	 1.0253525696438932 
13.56 	 1.0277055068065377 
13.58 	 1.0282602016674738 
13.6 	 1.029938290186357 
13.62 	 1.0296329551801118 
13.64 	 1.0304790754142112 
13.66 	 1.029347970312375 
13.68 	 1.0293226359719196 
13.7 	 1.0275111293569072 
13.72 	 1.0266973436739502 
13.74 	 1.0244259964805604 
13.76 	 1.0230031179181536 
13.78 	 1.020515993575163 
13.8 	 1.0187117091106201 
13.82 	 1.016225346708582 
13.84 	 1.0142623790262018 
13.86 	 1.0119300185100875 
13.88 	 1.0099842090774565 
13.9 	 1.0078817538112799 
13.92 	 1.0060602277594846 
13.94 	 1.0041904847118581 
13.96 	 1.0025278108040416 
13.98 	 1.0008339706748932 
14.0 	 0.9992979587361754 
14.02 	 0.9976792461838402 
14.04 	 0.9961799538878255 
14.06 	 0.9945091583287392 
14.08 	 0.9929118294317155 
14.1 	 0.9910596378615676 
14.12 	 0.9892078551398941 
14.14 	 0.9870778106303637 
14.16 	 0.9848320565211574 
14.18 	 0.9824029190465672 
14.2 	 0.9796920368979909 
14.22 	 0.9770558751483789 
14.24 	 0.9739288654604276 
14.26 	 0.9713084588999078 
14.28 	 0.9679669305143146 
14.3 	 0.9656978975847983 
14.32 	 0.9624894553359058 
14.34 	 0.9609615039937056 
14.36 	 0.9583238557113686 
14.38 	 0.957890621676165 
14.4 	 0.9562549768214387 
14.42 	 0.9571390025539481 
14.44 	 0.9568231593876437 
14.46 	 0.9590521916772274 
14.48 	 0.9601848964969821 
14.5 	 0.9635866818509723 
14.52 	 0.9660928491316455 
14.54 	 0.970347838163497 
14.56 	 0.9739930039542855 
14.58 	 0.9787156330153317 
14.6 	 0.9831794996293522 
14.62 	 0.9879900853831858 
14.64 	 0.9929325433735384 
14.66 	 0.9974965829511975 
14.68 	 1.00259450922191 
14.7 	 1.0066295898408384 
14.72 	 1.0115842372152075 
14.74 	 1.0148508534287246 
14.76 	 1.0193804774197273 
14.78 	 1.0216757232764768 
14.8 	 1.0255114130393024 
14.82 	 1.0266766228051318 
14.84 	 1.0295730560214378 
14.86 	 1.0295147423318936 
14.88 	 1.0312769436495444 
14.9 	 1.0299912748723286 
14.92 	 1.03050893516379 
14.94 	 1.0280969913756148 
14.96 	 1.0273730572564914 
14.98 	 1.0240368391118704 
15.0 	 1.022197472762316 
15.02 	 1.018212298359735 
15.04 	 1.0154893882002682 
15.06 	 1.0111544475707739 
15.08 	 1.007838166910391 
15.1 	 1.0034133936236636 
15.12 	 0.9997810218737255 
15.14 	 0.9954259531832376 
15.16 	 0.9916646093534554 
15.18 	 0.9874016828993806 
15.2 	 0.9835531475980399 
15.22 	 0.9792772666913983 
15.24 	 0.9752338292621947 
15.26 	 0.9707755966528084 
15.28 	 0.9663397593915363 
15.3 	 0.9615648739848688 
15.32 	 0.9565573898229136 
15.34 	 0.9514639160972082 
15.36 	 0.945839722408845 
15.38 	 0.9406120417337597 
15.4 	 0.9345362810694349 
15.42 	 0.9295305782627821 
15.44 	 0.9233800041056717 
15.46 	 0.9190417628458447 
15.48 	 0.9133243969198606 
15.5 	 0.9100637362411931 
15.52 	 0.9052823623164538 
15.54 	 0.9033511115345466 
15.56 	 0.8998619380540258 
15.58 	 0.8992790677081421 
15.6 	 0.8972008171553136 
15.62 	 0.8977532010232663 
15.64 	 0.8969564959853433 
15.66 	 0.898266390857677 
15.68 	 0.8984324616872232 
15.7 	 0.9000547626754509 
15.72 	 0.9007649584006955 
15.74 	 0.9022754107869767 
15.76 	 0.9030946117467243 
15.78 	 0.9041498045593239 
15.8 	 0.9046872873604122 
15.82 	 0.9050582543525367 
15.84 	 0.9050086751364467 
15.86 	 0.9045987522483296 
15.88 	 0.9037729201191856 
15.9 	 0.9026273259118495 
15.92 	 0.9009783924184934 
15.94 	 0.8992846666218048 
15.96 	 0.8969262159777984 
15.98 	 0.8949976257530335 
16.0 	 0.8922019099856636 
16.02 	 0.89043438013723 
16.04 	 0.8875967895260479 
16.06 	 0.8863962822353514 
16.08 	 0.8839602118166213 
16.1 	 0.8836517928376315 
16.12 	 0.8820066046672465 
16.14 	 0.8827530943934536 
16.16 	 0.8821384361831538 
16.18 	 0.883902950180105 
16.2 	 0.8843588421611857 
16.22 	 0.8869303971672874 
16.24 	 0.8883134580356067 
16.26 	 0.8913834486365706 
16.28 	 0.8934358710713886 
16.3 	 0.8966884093740245 
16.32 	 0.8991229663441382 
16.34 	 0.9023019658924909 
16.36 	 0.9048678860116582 
16.38 	 0.907804023954034 
16.4 	 0.9103175616734709 
16.42 	 0.9129208107342158 
16.44 	 0.915264340530773 
16.46 	 0.9174995752856184 
16.48 	 0.9196038160993748 
16.5 	 0.9214666355954628 
16.52 	 0.9232912146945877 
16.54 	 0.9247939620579637 
16.56 	 0.9263160811307675 
16.58 	 0.9274859620993304 
16.6 	 0.9287000816104534 
16.62 	 0.9295855142790393 
16.64 	 0.9305114440177517 
16.66 	 0.9311898972949975 
16.68 	 0.9318831955129416 
16.7 	 0.9324634278283178 
16.72 	 0.9330207315025111 
16.74 	 0.9336344690274213 
16.76 	 0.9341878616195239 
16.78 	 0.9349703923593241 
16.8 	 0.9356693456318449 
16.82 	 0.9367337453113931 
16.84 	 0.9377189002183948 
16.86 	 0.9391317832305472 
16.88 	 0.9405085149472538 
16.9 	 0.9422740894007104 
16.92 	 0.9440928591156523 
16.94 	 0.9461473790742221 
16.96 	 0.9483931270993264 
16.98 	 0.9506071820287838 
17.0 	 0.9531953558310442 
17.02 	 0.9553803156253853 
17.04 	 0.9581561301099982 
17.06 	 0.9600737682302948 
17.08 	 0.9628141687829388 
17.1 	 0.9641920577676752 
17.12 	 0.9666136778608336 
17.14 	 0.967170006153789 
17.16 	 0.9689479494403255 
17.18 	 0.9684268779394171 
17.2 	 0.9692272851739648 
17.22 	 0.9674414843628069 
17.24 	 0.9669667562095077 
17.26 	 0.9638399867135827 
17.28 	 0.9618812633015585 
17.3 	 0.9574824557800473 
17.32 	 0.9539708893512645 
17.34 	 0.9485320359296041 
17.36 	 0.943578770777644 
17.38 	 0.9374907604461036 
17.4 	 0.9314049264026232 
17.42 	 0.9251870783432159 
17.44 	 0.9184613996836842 
17.46 	 0.9127021651811947 
17.48 	 0.9059582435349832 
17.5 	 0.9012287081753669 
17.52 	 0.8951216160162027 
17.54 	 0.8918731022761779 
17.56 	 0.8869700829244488 
17.58 	 0.8854415521871751 
17.6 	 0.8821085047266268 
17.62 	 0.8822788488602852 
17.64 	 0.8806168015682952 
17.66 	 0.8822269609758977 
17.68 	 0.8820844104416184 
17.7 	 0.8847230114699384 
17.72 	 0.8857741781445103 
17.74 	 0.8889895156564027 
17.76 	 0.8908396815258154 
17.78 	 0.8942345416992065 
17.8 	 0.8965114773865108 
17.82 	 0.8997958549289744 
17.84 	 0.9022050676814559 
17.86 	 0.9052062351127317 
17.88 	 0.90754890461613 
17.9 	 0.9101929821550827 
17.92 	 0.9123575724590111 
17.94 	 0.9146393435824971 
17.96 	 0.9165803967359598 
17.98 	 0.918533696870907 
18.0 	 0.9202483554196056 
18.02 	 0.921923278598714 
18.04 	 0.9234315520204862 
18.06 	 0.9248799210497713 
18.08 	 0.9262108351008607 
18.1 	 0.927478680917704 
18.12 	 0.9286620138160318 
18.14 	 0.9297868715417239 
18.16 	 0.9308491043556216 
18.18 	 0.9318600561956562 
18.2 	 0.9328230053948687 
18.22 	 0.9337419595338305 
18.24 	 0.9346228533618857 
18.26 	 0.9354661474959669 
18.28 	 0.9362783217404768 
18.3 	 0.9370582000156918 
18.32 	 0.9378119459393287 
18.34 	 0.9385377435995969 
18.36 	 0.9392410843993959 
18.38 	 0.9399201020612508 
18.4 	 0.9405794159195726 
18.42 	 0.941217529008122 
18.44 	 0.9418380108967485 
18.46 	 0.94244007978799 
18.48 	 0.9430260686863502 
18.5 	 0.9435962116704449 
18.52 	 0.9441514188549311 
18.54 	 0.9446931928487277 
18.56 	 0.9452208585467715 
18.58 	 0.945737372271822 
18.6 	 0.9462403639302238 
18.62 	 0.9467343378876018 
18.64 	 0.9472151978814898 
18.66 	 0.9476889904134975 
18.68 	 0.94814995024948 
18.7 	 0.9486055796151149 
18.72 	 0.9490485712188306 
18.74 	 0.9494877613788557 
18.76 	 0.9499144545401718 
18.78 	 0.9503387086162428 
18.8 	 0.9507505788399373 
18.82 	 0.9511612535281835 
18.84 	 0.9515596526228315 
18.86 	 0.9519579971044263 
18.88 	 0.9523441891817869 
18.9 	 0.952731336363699 
18.92 	 0.9531064872839912 
18.94 	 0.9534834235389856 
18.96 	 0.9538485705766891 
18.98 	 0.9542161249123926 
19.0 	 0.9545721669978106 
19.02 	 0.9549310346918339 
19.04 	 0.9552787560390543 
19.06 	 0.955629529718538 
19.08 	 0.955969627352601 
19.1 	 0.9563127940082532 
19.12 	 0.9566458667758999 
19.14 	 0.95698176012921 
19.16 	 0.9573082495894718 
19.18 	 0.957636995590053 
19.2 	 0.9579571183611079 
19.22 	 0.9582786309354072 
19.24 	 0.9585923614721669 
19.26 	 0.9589064167065655 
19.28 	 0.9592135509458835 
19.3 	 0.959519915272263 
19.32 	 0.9598201937003304 
19.34 	 0.9601187478655253 
19.36 	 0.9604119824449197 
19.38 	 0.9607027901074566 
19.4 	 0.9609889442274578 
19.42 	 0.9612722497410221 
19.44 	 0.9615514527362786 
19.46 	 0.9618276280059598 
19.48 	 0.9621001389991737 
19.5 	 0.9623696139654465 
19.52 	 0.9626357649354831 
19.54 	 0.9628989695866009 
19.56 	 0.9631591134161617 
19.58 	 0.963416443188336 
19.6 	 0.963670919188883 
19.62 	 0.9639227220855774 
19.64 	 0.9641718395919648 
19.66 	 0.9644184172624762 
19.68 	 0.964662451944779 
19.7 	 0.9649040669998805 
19.72 	 0.9651432638111481 
19.74 	 0.9653801483281889 
19.76 	 0.9656147267456109 
19.78 	 0.9658470895950549 
19.8 	 0.9660772488312948 
19.82 	 0.9663052811529454 
19.84 	 0.9665312044097316 
19.86 	 0.9667550833583926 
19.88 	 0.9669769409335484 
19.9 	 0.9671968320860634 
19.92 	 0.9674147834759441 
19.94 	 0.9676308423347861 
19.96 	 0.9678450375990585 
19.98 	 0.9680574105741859 
20.0 	 0.9682679912456278 
20.02 	 0.9684768163949189 
20.04 	 0.9686839161649091 
20.06 	 0.968889323855165 
20.08 	 0.9690930691788346 
20.1 	 0.9692951827258989 
20.12 	 0.9694956934045147 
20.14 	 0.9696946296855841 
20.16 	 0.9698920194243287 
20.18 	 0.9700878894333506 
20.2 	 0.970282266349769 
20.22 	 0.9704751756766311 
20.24 	 0.9706666427416242 
20.26 	 0.970856691978383 
20.28 	 0.9710453473914774 
20.3 	 0.9712326324865224 
20.32 	 0.9714185700038739 
20.34 	 0.9716031825885115 
20.36 	 0.9717864918262628 
20.38 	 0.9719685195288739 
20.4 	 0.9721492862563655 
20.42 	 0.9723288130054414 
20.44 	 0.9725071194298487 
20.46 	 0.9726842257380245 
20.48 	 0.9728601507730879 
20.5 	 0.9730349139941696 
20.52 	 0.9732085335052126 
20.54 	 0.9733810280627767 
20.56 	 0.9735524150862269 
20.58 	 0.9737227126795115 
20.6 	 0.9738919376218557 
20.62 	 0.9740601074172961 
20.64 	 0.9742272382409863 
20.66 	 0.9743933470553774 
20.68 	 0.9745584494572095 
20.7 	 0.9747225619344185 
20.72 	 0.974885699518412 
20.74 	 0.9750478782991128 
20.76 	 0.9752091127438092 
20.78 	 0.9753694186271731 
20.8 	 0.9755288098465617 
20.82 	 0.9756873019424983 
20.84 	 0.975844908238843 
20.86 	 0.9760016441086837 
20.88 	 0.9761575223142356 
20.9 	 0.9763125580985668 
20.92 	 0.9764667637038508 
20.94 	 0.9766201542403609 
20.96 	 0.9767727415112403 
20.98 	 0.9769245404514254 
21.0 	 0.9770755625437905 
21.02 	 0.977225822480772 
21.04 	 0.9773753315657576 
21.06 	 0.9775241041828412 
21.08 	 0.9776721515933589 
21.1 	 0.9778194878352574 
21.12 	 0.9779661242371648 
21.14 	 0.9781120744979092 
21.16 	 0.9782573500810942 
21.18 	 0.9784019643995434 
21.2 	 0.9785459290805945 
21.22 	 0.9786892573379815 
21.24 	 0.9788319609689836 
21.26 	 0.978974053090876 
21.28 	 0.979115545676405 
21.3 	 0.979256451849689 
21.32 	 0.9793967837823953 
21.34 	 0.9795365547030119 
21.36 	 0.9796757770339612 
21.38 	 0.9798144642024358 
21.4 	 0.9799526289647696 
21.42 	 0.9800902850462198 
21.44 	 0.9802274456517202 
21.46 	 0.9803641249186659 
21.48 	 0.9805003366502335 
21.5 	 0.9806360955336902 
21.52 	 0.9807714161665938 
21.54 	 0.980906313956108 
21.56 	 0.9810408045610218 
21.58 	 0.9811749043197459 
21.6 	 0.981308630335807 
21.62 	 0.9814420001349519 
21.64 	 0.9815750328583812 
21.66 	 0.9817077474878746 
21.68 	 0.9818401662092765 
21.7 	 0.9819723095805295 
21.72 	 0.982104204722466 
21.74 	 0.9822358732098435 
21.76 	 0.9823673509360722 
21.78 	 0.982498657812351 
21.8 	 0.9826298465985978 
21.82 	 0.9827609273169323 
21.84 	 0.9828919866561211 
21.86 	 0.9830230037197276 
21.88 	 0.9831541340780036 
21.9 	 0.9832852783023861 
21.92 	 0.9834167291481819 
21.94 	 0.9835482112265801 
21.96 	 0.9836802801849642 
21.98 	 0.9838123034614918 
22.0 	 0.9839453151818388 
22.02 	 0.9840780198400224 
22.04 	 0.9842122707847267 
22.06 	 0.98434564531723 
22.08 	 0.9844813054245882 
22.1 	 0.984615077061758 
22.12 	 0.9847520563465149 
22.14 	 0.9848855971514506 
22.16 	 0.9850234148374643 
22.18 	 0.9851557236284848 
22.2 	 0.9852934478098448 
22.22 	 0.9854232692535161 
22.24 	 0.9855596025425353 
22.26 	 0.9856857041213187 
22.28 	 0.9858192514441595 
22.3 	 0.9859407982675771 
22.32 	 0.9860704660549935 
22.34 	 0.9861873495483359 
22.36 	 0.986312729466761 
22.38 	 0.9864256785962142 
22.4 	 0.9865472287807393 
22.42 	 0.986657603035352 
22.44 	 0.9867765029639585 
22.46 	 0.9868858157263759 
22.48 	 0.987003521708915 
22.5 	 0.9871128895215223 
22.52 	 0.9872305744084089 
22.54 	 0.9873403396394509 
22.56 	 0.9874584671463266 
22.58 	 0.9875681629228831 
22.6 	 0.9876863833091191 
22.62 	 0.9877950472370491 
22.64 	 0.9879124482104116 
22.66 	 0.9880191377512781 
22.68 	 0.9881347298781431 
22.7 	 0.9882390206356798 
22.72 	 0.9883522525807653 
22.74 	 0.9884545284171634 
22.76 	 0.9885656364526274 
22.78 	 0.98866707749669 
22.8 	 0.9887771551703499 
22.82 	 0.9888794484198716 
22.84 	 0.988990235035584 
22.86 	 0.9890951255411305 
22.88 	 0.9892086096100686 
22.9 	 0.9893174420636728 
22.92 	 0.9894354166844771 
22.94 	 0.9895487768352886 
22.96 	 0.9896724514026194 
22.98 	 0.9897899337581028 
23.0 	 0.9899196280549266 
23.02 	 0.9900396931003805 
23.04 	 0.990174580115191 
23.06 	 0.9902944754402223 
23.08 	 0.990432356700783 
23.1 	 0.9905481615149467 
23.12 	 0.9906853551568305 
23.14 	 0.9907922968728126 
23.16 	 0.9909238217842673 
23.18 	 0.9910170063105279 
23.2 	 0.9911372473844249 
23.22 	 0.991212785895158 
23.24 	 0.9913166609443959 
23.26 	 0.9913729176339109 
23.28 	 0.9914572848401616 
23.3 	 0.9914957676062213 
23.32 	 0.991560574444135 
23.34 	 0.9915860064547196 
23.36 	 0.9916346620437709 
23.38 	 0.991654050108642 
23.4 	 0.9916927590357995 
23.42 	 0.9917136871386811 
23.44 	 0.9917498959303738 
23.46 	 0.9917786018353302 
23.48 	 0.991819066009219 
23.5 	 0.9918589451007784 
23.52 	 0.9919080593082286 
23.54 	 0.9919590658165458 
23.56 	 0.9920179783449588 
23.58 	 0.9920770612370429 
23.6 	 0.9921437967523512 
23.62 	 0.9922061571915268 
23.64 	 0.9922766255459876 
23.66 	 0.9923373374462224 
23.68 	 0.9924068355196228 
23.7 	 0.9924623030549845 
23.72 	 0.9925270056601149 
23.74 	 0.9925758430190742 
23.76 	 0.9926338434472011 
23.78 	 0.9926769852884328 
23.8 	 0.992728632056553 
23.82 	 0.992768726061601 
23.84 	 0.9928162298990916 
23.86 	 0.9928565595626336 
23.88 	 0.9929030532894046 
23.9 	 0.9929463555205303 
23.92 	 0.9929947381341079 
23.94 	 0.9930422883646579 
23.96 	 0.9930942289139959 
23.98 	 0.993145449473712 
24.0 	 0.9932008358786714 
24.02 	 0.9932534810582094 
24.04 	 0.993310411653372 
24.06 	 0.9933612017407193 
24.08 	 0.9934164445712528 
24.1 	 0.993461956908517 
24.12 	 0.9935117398805835 
24.14 	 0.99354940206987 
24.16 	 0.9935904226655269 
24.18 	 0.9936194698041529 
24.2 	 0.993649997710117 
24.22 	 0.9936721640780535 
24.24 	 0.993692972373792 
24.26 	 0.9937125711989968 
24.28 	 0.9937272761779662 
24.3 	 0.9937503909685051 
24.32 	 0.993764841984671 
24.34 	 0.9937977231083699 
24.36 	 0.993818480559417 
24.38 	 0.9938657313620463 
24.4 	 0.9938982046482328 
24.42 	 0.9939615624631561 
24.44 	 0.9940086353324862 
24.46 	 0.9940868548787251 
24.48 	 0.9941485447463725 
24.5 	 0.9942382544892299 
24.52 	 0.9943123251585851 
24.54 	 0.9944092483332867 
24.56 	 0.9944922269325127 
24.58 	 0.9945921929879831 
24.6 	 0.9946802753907474 
24.62 	 0.994779860044419 
24.64 	 0.9948695726994862 
24.66 	 0.9949665256720692 
24.68 	 0.9950552805570302 
24.7 	 0.9951488340352996 
24.72 	 0.9952354048225711 
24.74 	 0.9953262903348844 
24.76 	 0.9954109711413954 
24.78 	 0.9955009341406436 
24.8 	 0.9955851409227758 
24.82 	 0.9956760730497556 
24.84 	 0.9957615173867765 
24.86 	 0.9958546893309018 
24.88 	 0.9959426253737081 
24.9 	 0.9960384598890636 
24.92 	 0.9961294436444998 
24.94 	 0.996227804627668 
24.96 	 0.9963219303184502 
24.98 	 0.9964224859744606 
25.0 	 0.9965196644039579 
25.02 	 0.9966219485191656 
25.04 	 0.996721887737191 
25.06 	 0.9968251411717738 
25.08 	 0.996927152620304 
25.1 	 0.9970303462385917 
25.12 	 0.9971333878239084 
25.14 	 0.9972356350673789 
25.16 	 0.9973387714781121 
25.18 	 0.9974398472722374 
25.2 	 0.9975428074882718 
25.22 	 0.9976432667226091 
25.24 	 0.9977465797343691 
25.26 	 0.9978472940351005 
25.28 	 0.9979518358759083 
25.3 	 0.9980533139994837 
25.32 	 0.9981596445320969 
25.34 	 0.9982616902061053 
25.36 	 0.9983697222982963 
25.38 	 0.9984716198128277 
25.4 	 0.9985807850867722 
25.42 	 0.9986816869086835 
25.44 	 0.9987912624933777 
25.46 	 0.9988903340599796 
25.48 	 0.9989995095036642 
25.5 	 0.9990957671420042 
25.52 	 0.9992034296447881 
25.54 	 0.9992956470124236 
25.56 	 0.9994002885902042 
25.58 	 0.9994873480422175 
25.6 	 0.9995874681725749 
25.62 	 0.9996690744149324 
25.64 	 0.9997639719214777 
25.66 	 0.9998411945964161 
25.68 	 0.9999315923837233 
25.7 	 1.000006729445244 
25.72 	 1.0000947112585181 
25.74 	 1.0001704647245675 
25.76 	 1.0002587072909874 
25.78 	 1.0003371839499149 
25.8 	 1.0004279851844429 
25.82 	 1.0005101189348253 
25.84 	 1.0006048047252203 
25.86 	 1.0006903998560017 
25.88 	 1.0007893014455975 
25.9 	 1.0008773982266082 
25.92 	 1.0009801088189516 
25.94 	 1.0010692168131279 
25.96 	 1.0011746957549108 
25.98 	 1.0012627398168918 
26.0 	 1.001369143781448 
26.02 	 1.0014534183029198 
26.04 	 1.0015579921333642 
26.06 	 1.0016355666717245 
26.08 	 1.0017350618006138 
26.1 	 1.001803726007103 
26.12 	 1.0018954304321834 
26.14 	 1.001954675376958 
26.16 	 1.0020375153770558 
26.18 	 1.002088773775986 
26.2 	 1.0021636576623052 
26.22 	 1.0022094242852917 
26.24 	 1.002278412438041 
26.26 	 1.002320714774167 
26.28 	 1.0023854829870595 
26.3 	 1.0024247701433695 
26.32 	 1.0024854567224146 
26.34 	 1.0025207386229522 
26.36 	 1.0025760322561927 
26.38 	 1.0026061529770245 
26.4 	 1.0026545225549277 
26.42 	 1.0026795892682634 
26.44 	 1.0027206972481018 
26.46 	 1.0027426711075837 
26.48 	 1.0027780074661392 
26.5 	 1.0028002728769276 
26.52 	 1.0028328496520054 
26.54 	 1.0028594051259636 
26.56 	 1.0028931376177246 
26.58 	 1.002928099426662 
26.6 	 1.0029674946166953 
26.62 	 1.0030149029505122 
26.64 	 1.0030649519437063 
26.66 	 1.0031282434337583 
26.68 	 1.0031938223819732 
26.7 	 1.0032745367101932 
26.72 	 1.0033588919800587 
26.74 	 1.0034550846892438 
26.76 	 1.0035579364417604 
26.78 	 1.0036634622980078 
26.8 	 1.003779965867923 
26.82 	 1.0038855018269777 
26.84 	 1.0040069961792866 
26.86 	 1.0041025496772364 
26.88 	 1.0042188863633532 
26.9 	 1.0042965401595316 
26.92 	 1.0043987894061408 
26.94 	 1.004454402563029 
26.96 	 1.0045366888014033 
26.98 	 1.0045701462792906 
27.0 	 1.004630197624592 
27.02 	 1.004644745643841 
27.04 	 1.0046836300995972 
27.06 	 1.00468507147203 
27.08 	 1.0047067914814323 
27.1 	 1.0047028162495644 
27.12 	 1.0047139396733282 
27.14 	 1.0047132822448392 
27.16 	 1.0047222473844621 
27.18 	 1.004733322208979 
27.2 	 1.0047490665409344 
27.22 	 1.0047782472823632 
27.24 	 1.0048083516116784 
27.26 	 1.0048585682359392 
27.28 	 1.004907621218519 
27.3 	 1.004977936204293 
27.32 	 1.0050468108036201 
27.34 	 1.0051331142461963 
27.36 	 1.0052193411180932 
27.38 	 1.0053157452100487 
27.4 	 1.0054146311754604 
27.42 	 1.0055149718082104 
27.44 	 1.0056209424588325 
27.46 	 1.005720015156256 
27.48 	 1.0058278505368086 
27.5 	 1.0059222998373405 
27.52 	 1.0060281755890756 
27.54 	 1.0061170477521617 
27.56 	 1.006219343775243 
27.58 	 1.006304208366038 
27.6 	 1.0064039214808862 
27.62 	 1.0064883741256692 
27.64 	 1.0065888720483196 
27.66 	 1.0066773270680411 
27.68 	 1.0067832825787435 
27.7 	 1.00687925742969 
27.72 	 1.006994916371101 
27.74 	 1.007099343492279 
27.76 	 1.0072266562692629 
27.78 	 1.00733691207991 
27.8 	 1.0074742657475058 
27.82 	 1.0075844275725903 
27.84 	 1.0077265789123147 
27.86 	 1.007828933901385 
27.88 	 1.0079682691721195 
27.9 	 1.0080555326114278 
27.92 	 1.0081841890959715 
27.94 	 1.0082515571019715 
27.96 	 1.0083635587344526 
27.98 	 1.0084098217312836 
28.0 	 1.0085024250656762 
28.02 	 1.0085298454840288 
28.04 	 1.008603726043208 
28.06 	 1.0086169497684396 
28.08 	 1.0086754093732992 
28.1 	 1.008680013519549 
28.12 	 1.008727736415138 
28.14 	 1.0087289788461318 
28.16 	 1.0087708642366549 
28.18 	 1.0087729143250717 
28.2 	 1.0088132727993437 
28.22 	 1.008818910303434 
28.24 	 1.008861053105233 
28.26 	 1.008871672735013 
28.28 	 1.0089177785027494 
28.3 	 1.0089335197737574 
28.32 	 1.008984624947126 
28.34 	 1.009004498859024 
28.36 	 1.0090604905511327 
28.38 	 1.0090824846915052 
28.4 	 1.0091420886914113 
28.42 	 1.009163373507 
28.44 	 1.0092242880020172 
28.46 	 1.0092416837988794 
28.48 	 1.009301044085956 
28.5 	 1.0093117030013394 
28.52 	 1.009366821921193 
28.54 	 1.0093687279411498 
28.56 	 1.009417659830132 
28.58 	 1.0094094092004804 
28.6 	 1.0094507237863655 
28.62 	 1.0094304093004725 
28.64 	 1.0094619444373536 
28.66 	 1.0094257005875373 
28.68 	 1.009442853464852 
28.7 	 1.0093842010034704 
28.72 	 1.0093789760616918 
28.74 	 1.0092900210601905 
28.76 	 1.0092520402307708 
28.78 	 1.0091267283019183 
28.8 	 1.009046576156603 
28.82 	 1.0088849583986303 
28.84 	 1.008758920013746 
28.86 	 1.0085704213906814 
28.88 	 1.0084045460161597 
28.9 	 1.008208181857922 
28.92 	 1.0080193887913762 
28.94 	 1.007840018250183 
28.96 	 1.0076530256036065 
28.98 	 1.007514657239127 
29.0 	 1.0073555062830415 
29.02 	 1.0072743326488711 
29.04 	 1.0071631069489275 
29.06 	 1.0071432357484444 
29.08 	 1.0070890345765084 
29.1 	 1.0071225019546475 
29.12 	 1.0071224596117818 
29.14 	 1.0071929338464727 
29.16 	 1.0072349512259318 
29.18 	 1.0073229969090451 
29.2 	 1.007390302994795 
29.22 	 1.0074780161182901 
29.24 	 1.0075535314125432 
29.26 	 1.0076274245829864 
29.28 	 1.0076968198040785 
29.3 	 1.0077489911053865 
29.32 	 1.0078023451881932 
29.34 	 1.0078304623278318 
29.36 	 1.0078628556180145 
29.38 	 1.0078693813489823 
29.4 	 1.0078806847719157 
29.42 	 1.0078715617602356 
29.44 	 1.0078655554447935 
29.46 	 1.0078485679639408 
29.48 	 1.0078315860372793 
29.5 	 1.0078147076418038 
29.52 	 1.0077941154166128 
29.54 	 1.0077841018521418 
29.56 	 1.007766855089526 
29.58 	 1.0077681622482326 
29.6 	 1.0077595275792184 
29.62 	 1.0077735589557948 
29.64 	 1.0077760371775277 
29.66 	 1.0078008686052162 
29.68 	 1.0078135495294838 
29.7 	 1.0078444374653073 
29.72 	 1.0078631900221906 
29.74 	 1.0078940314041873 
29.76 	 1.0079127742399392 
29.78 	 1.007938214085194 
29.8 	 1.007951000160367 
29.82 	 1.00796842256216 
29.84 	 1.0079715726851013 
29.86 	 1.007982174783024 
29.88 	 1.0079756292372182 
29.9 	 1.007984234642766 
29.92 	 1.0079717216825113 
29.94 	 1.0079855843782601 
29.96 	 1.0079737714785855 
29.98 	 1.0080009140515807 
30.0 	 1.0079979847352494 
30.02 	 1.008045499385443 
30.04 	 1.0080594993205294 
30.06 	 1.0081320125794873 
30.08 	 1.0081691400757005 
30.1 	 1.0082676470540228 
30.12 	 1.0083307512370165 
30.14 	 1.0084522414644828 
30.16 	 1.008540071320395 
30.18 	 1.0086783958502845 
30.2 	 1.0087861760900143 
30.22 	 1.008934118492625 
30.24 	 1.0090554874403428 
30.26 	 1.0092072104235283 
30.28 	 1.0093366915716169 
30.3 	 1.0094893113286219 
30.32 	 1.009624023808759 
30.34 	 1.0097775219567338 
30.36 	 1.00991728496299 
30.38 	 1.010073056108015 
30.4 	 1.010219138952959 
30.42 	 1.0103783089323217 
30.44 	 1.0105319136547941 
30.46 	 1.0106944333887815 
30.48 	 1.0108558562866585 
30.5 	 1.0110204508843488 
30.52 	 1.011188954004677 
30.54 	 1.011353222804316 
30.56 	 1.0115269122661987 
30.58 	 1.0116870157696125 
30.6 	 1.011862232630477 
30.62 	 1.0120124872275502 
30.64 	 1.012183141858585 
30.66 	 1.0123164868563947 
30.68 	 1.0124743967374201 
30.7 	 1.0125843107514478 
30.72 	 1.0127211630964044 
30.74 	 1.0128044267836542 
30.76 	 1.012914759103925 
30.78 	 1.012973549481534 
30.8 	 1.013057199174516 
30.82 	 1.0130992048081384 
30.84 	 1.0131618535224987 
30.86 	 1.0131982556863546 
30.88 	 1.0132498093938946 
30.9 	 1.013292130767489 
30.92 	 1.0133438047089525 
30.94 	 1.0134009848881254 
30.96 	 1.0134623474629194 
30.98 	 1.0135389713468772 
31.0 	 1.0136158645003623 
31.02 	 1.0137118380887398 
31.04 	 1.013805582940228 
31.06 	 1.0139171770122093 
31.08 	 1.0140251737334658 
31.1 	 1.014147175717728 
31.12 	 1.0142648084446146 
31.14 	 1.014393248443928 
31.16 	 1.0145166407371435 
31.18 	 1.0146511807934013 
31.2 	 1.0147798625661428 
31.22 	 1.0149248096213548 
31.24 	 1.0150631470082565 
31.26 	 1.0152264791665877 
31.28 	 1.0153831088995693 
31.3 	 1.015573777808771 
31.32 	 1.015759166257246 
31.34 	 1.015983764167158 
31.36 	 1.016206888055883 
31.38 	 1.0164670577854487 
31.4 	 1.0167325793395288 
31.42 	 1.0170241487039906 
31.44 	 1.0173311500699134 
31.46 	 1.0176451286790174 
31.48 	 1.0179876769421425 
31.5 	 1.0183124067616924 
31.52 	 1.0186813604245937 
31.54 	 1.019004665965568 
31.56 	 1.0193896177889752 
31.58 	 1.0196999484783391 
31.6 	 1.0200902585670273 
31.62 	 1.0203764777859672 
31.64 	 1.0207609609692865 
31.66 	 1.021011311335525 
31.68 	 1.0213770402138889 
31.7 	 1.0215784758971094 
31.72 	 1.0219099121959339 
31.74 	 1.0220490285271855 
31.76 	 1.0223288364553964 
31.78 	 1.022394864848389 
31.8 	 1.0226070378125693 
31.82 	 1.0225960783683021 
31.84 	 1.0227306563749303 
31.86 	 1.0226492251370132 
31.88 	 1.0227066563086107 
31.9 	 1.022572535424184 
31.92 	 1.0225655170627024 
31.94 	 1.0224050466419583 
31.96 	 1.022356759552188 
31.98 	 1.0221994243328412 
32.0 	 1.0221387859793833 
32.02 	 1.0220110806292704 
32.04 	 1.0219668226966556 
32.06 	 1.0218872545041846 
32.08 	 1.021882594197595 
32.1 	 1.0218586751590018 
32.12 	 1.0219074688996652 
32.14 	 1.0219346555311803 
32.16 	 1.0220391661814028 
32.18 	 1.0221015326605265 
32.2 	 1.0222518566478147 
32.22 	 1.0223245427407501 
32.24 	 1.0225000009949097 
32.26 	 1.0225534496051822 
32.28 	 1.0227261547961286 
32.3 	 1.0227315505063368 
32.32 	 1.0228716676480765 
32.34 	 1.0228061883082593 
32.36 	 1.0228874910676724 
32.38 	 1.022737620224546 
32.4 	 1.0227414327158353 
32.42 	 1.0225030510191493 
32.44 	 1.022419005427409 
32.46 	 1.0220942999010783 
32.48 	 1.021917662864799 
32.5 	 1.0215106521277277 
32.52 	 1.0212379264964395 
32.54 	 1.020751671621454 
32.56 	 1.0203777425851803 
32.58 	 1.0198159313203716 
32.6 	 1.0193358240507218 
32.62 	 1.018708914787472 
32.64 	 1.0181246526792598 
32.66 	 1.0174572982213559 
32.68 	 1.0167865845181256 
32.7 	 1.016121059396261 
32.72 	 1.0154021643788862 
32.74 	 1.01479390802076 
32.76 	 1.0140823487780897 
32.78 	 1.0135881129043127 
32.8 	 1.012945175447569 
32.82 	 1.012608870391635 
32.84 	 1.0120869243190018 
32.86 	 1.0119299066555278 
32.88 	 1.0115614263644863 
32.9 	 1.0115814672421548 
32.92 	 1.011376370772881 
32.94 	 1.0115546603598489 
32.96 	 1.0115057678565174 
32.98 	 1.0118173907532784 
33.0 	 1.0119098538454916 
33.02 	 1.012332509859064 
33.04 	 1.0125522441964707 
33.06 	 1.0130702721339673 
33.08 	 1.013408434486604 
33.1 	 1.0140122148188917 
33.12 	 1.0144655058968381 
33.14 	 1.015148001421881 
33.16 	 1.015716103387597 
33.18 	 1.0164681584845134 
33.2 	 1.0171494839880613 
33.22 	 1.01795455635176 
33.24 	 1.0187406608415321 
33.26 	 1.019569282608509 
33.28 	 1.0204380963142714 
33.3 	 1.0212431548597638 
33.32 	 1.0221522090645812 
33.34 	 1.0228675103680747 
33.36 	 1.0237499733890172 
33.38 	 1.0242951622846126 
33.4 	 1.0250623938923231 
33.42 	 1.0253560350736497 
33.44 	 1.0259093106112267 
33.46 	 1.0258887745394305 
33.48 	 1.0261396803918423 
33.5 	 1.02578273114097 
33.52 	 1.0256776432990062 
33.54 	 1.0250182143544504 
33.56 	 1.0245591161322058 
33.58 	 1.0236901606861093 
33.6 	 1.022943525386729 
33.62 	 1.022003351726035 
33.64 	 1.0210917131007617 
33.66 	 1.0202358999462546 
33.68 	 1.0193125574807453 
33.7 	 1.0186793780296863 
33.72 	 1.0178934345106405 
33.74 	 1.0175741099729592 
33.76 	 1.0170375842508241 
33.78 	 1.0170615035664525 
33.8 	 1.0168298260380535 
33.82 	 1.0171689891117477 
33.84 	 1.0172404594766877 
33.86 	 1.017829534612535 
33.88 	 1.0181612638686042 
33.9 	 1.0189239650111486 
33.92 	 1.019455829159421 
33.94 	 1.0203275550604813 
33.96 	 1.0210044726299627 
33.98 	 1.0219448412019736 
34.0 	 1.0227307834423454 
34.02 	 1.0237250299933547 
34.04 	 1.0246069924569419 
34.06 	 1.0256592874737618 
34.08 	 1.0266433488041067 
34.1 	 1.0277665309271498 
34.12 	 1.0288697224821604 
34.14 	 1.030075025309023 
34.16 	 1.0313161435669673 
34.18 	 1.0326045522729022 
34.2 	 1.0339954083280738 
34.22 	 1.0353508061445698 
34.24 	 1.0368881420268188 
34.26 	 1.038272245746844 
34.28 	 1.0399305267128112 
34.3 	 1.0412805281505713 
34.32 	 1.0430068544189104 
34.34 	 1.0442375738186684 
34.36 	 1.0459509645568188 
34.38 	 1.0469630189034778 
34.4 	 1.048560131576352 
34.42 	 1.0492537845762913 
34.44 	 1.0506213397626565 
34.46 	 1.0509131205684883 
34.48 	 1.0519445916246182 
34.5 	 1.0517819154223607 
34.52 	 1.052393822903981 
34.54 	 1.0517630110954392 
34.56 	 1.051905831048453 
34.58 	 1.050831459317441 
34.6 	 1.05049233865031 
34.62 	 1.049029750818599 
34.64 	 1.048228187733031 
34.66 	 1.046454177218831 
34.68 	 1.0452354035731606 
34.7 	 1.043242238541754 
34.72 	 1.0416736231861832 
34.74 	 1.0395680782907504 
34.76 	 1.0377403808425636 
34.78 	 1.0356442549642335 
34.8 	 1.033673998670617 
34.82 	 1.0317196493110956 
34.84 	 1.0297455396766029 
34.86 	 1.028062163045294 
34.88 	 1.026230710947405 
34.9 	 1.0249236060770965 
34.92 	 1.0233661503792304 
34.94 	 1.0224974548761596 
34.96 	 1.0213076357126685 
34.98 	 1.0208880141806809 
35.0 	 1.0201099636560436 
35.02 	 1.0201052347721389 
35.04 	 1.0197370900927218 
35.06 	 1.0200856473145663 
35.08 	 1.020094642367361 
35.1 	 1.0207265146863738 
35.12 	 1.0210667533561515 
35.14 	 1.021916120735948 
35.16 	 1.0225408620410443 
35.18 	 1.0235490037172195 
35.2 	 1.024414079090963 
35.22 	 1.0255251122743172 
35.24 	 1.0265852262886828 
35.26 	 1.027739768461197 
35.28 	 1.0289423131654603 
35.3 	 1.030073923429996 
35.32 	 1.0313550457325897 
35.34 	 1.0323920139617229 
35.36 	 1.033677786894804 
35.38 	 1.034549898127904 
35.4 	 1.0357626842021306 
35.42 	 1.0364101830819696 
35.44 	 1.0374777852746537 
35.46 	 1.0378588468423857 
35.48 	 1.0387228702962652 
35.5 	 1.0388168358177208 
35.52 	 1.0394373698327144 
35.54 	 1.0392432397775782 
35.56 	 1.0395990312236836 
35.58 	 1.0391308067661105 
35.6 	 1.0392161401879707 
35.62 	 1.0384973035597878 
35.64 	 1.0383175401094056 
35.66 	 1.0373762222564784 
35.68 	 1.0369433400787866 
35.7 	 1.0358087688572895 
35.72 	 1.0351375541933865 
35.74 	 1.0338384039594575 
35.76 	 1.0329443298697925 
35.78 	 1.0315102908483833 
35.8 	 1.0304110846279082 
35.82 	 1.0288785744519717 
35.84 	 1.02760097932346 
35.86 	 1.0260211803081583 
35.88 	 1.0246111048275466 
35.9 	 1.0230547345869698 
35.92 	 1.0215844052149374 
35.94 	 1.0201363475678167 
35.96 	 1.0187002831716832 
35.98 	 1.0174411729279436 
36.0 	 1.0161369729034668 
36.02 	 1.0151169083799545 
36.04 	 1.0140158186038364 
36.06 	 1.0132324431975805 
36.08 	 1.0123527471150597 
36.1 	 1.0117464425405096 
36.12 	 1.011043789332567 
36.14 	 1.0105152991518422 
36.16 	 1.0098967156163263 
36.18 	 1.009341504234154 
36.2 	 1.0086986111189327 
36.22 	 1.008044275200375 
36.24 	 1.0072926866110297 
36.26 	 1.0065246387228188 
36.28 	 1.0056343342608878 
36.3 	 1.0048002008745842 
36.32 	 1.0038056312054595 
36.34 	 1.0029974374023352 
36.36 	 1.0019842581721843 
36.38 	 1.0013063828737951 
36.4 	 1.0003813986327228 
36.42 	 0.9999182225406339 
36.44 	 0.999176543423161 
36.46 	 0.9989733456850449 
36.48 	 0.9984774192582954 
36.5 	 0.9985402831226332 
36.52 	 0.9983176456784256 
36.54 	 0.9986267409267271 
36.56 	 0.9986813073192122 
36.58 	 0.9992045038784383 
36.6 	 0.9995282778086072 
36.62 	 1.0002240691227402 
36.64 	 1.0007980056980004 
36.66 	 1.0016065515245636 
36.68 	 1.0023891845171709 
36.7 	 1.0032203939121582 
36.72 	 1.0041331130765947 
36.74 	 1.0048637641013944 
36.76 	 1.005784954884082 
36.78 	 1.0062712455850078 
36.8 	 1.0070462283768316 
36.82 	 1.0071485555821285 
36.84 	 1.0076129365245996 
36.86 	 1.0072229882998767 
36.88 	 1.007230267839471 
36.9 	 1.0062906054925396 
36.92 	 1.0057344834844433 
36.94 	 1.004246506565755 
36.96 	 1.0030734252200626 
36.98 	 1.0010964448369564 
37.0 	 0.9993104765594959 
37.02 	 0.9969580272510709 
37.04 	 0.9946237424503038 
37.06 	 0.9920612437026518 
37.08 	 0.9893082332535992 
37.1 	 0.9867501829640609 
37.12 	 0.9837765702942627 
37.14 	 0.9814758556153699 
37.16 	 0.978541848230088 
37.18 	 0.9767631663088839 
37.2 	 0.9741649219916221 
37.22 	 0.973140948949017 
37.24 	 0.9711626830058049 
37.26 	 0.9710431764370883 
37.28 	 0.9698988087556805 
37.3 	 0.9707123016126556 
37.32 	 0.9704985959369254 
37.34 	 0.9721456755267965 
37.36 	 0.9728277028250966 
37.38 	 0.9751117076843213 
37.4 	 0.9765471460355003 
37.42 	 0.9792299461936324 
37.44 	 0.9812203075913134 
37.46 	 0.9840797929206364 
37.48 	 0.9864261147275785 
37.5 	 0.9892942801432857 
37.52 	 0.9918368101723747 
37.54 	 0.9946090937412718 
37.56 	 0.9972408659553897 
37.58 	 0.9998604822217652 
37.6 	 1.0025164781599962 
37.62 	 1.0049460828299006 
37.64 	 1.0075782098167736 
37.66 	 1.0097735501388203 
37.68 	 1.0123250594790396 
37.7 	 1.0142219193994348 
37.72 	 1.0166129027129902 
37.74 	 1.0181315007798375 
37.76 	 1.0202608996545217 
37.78 	 1.0213239652921158 
37.8 	 1.0230859024600782 
37.82 	 1.0236414583079991 
37.84 	 1.0249482045083873 
37.86 	 1.0249877332110096 
37.88 	 1.025790520695446 
37.9 	 1.0253569072840598 
37.92 	 1.0256585742697095 
37.94 	 1.0248429739857745 
37.96 	 1.02470042170928 
37.98 	 1.0236302121110255 
38.0 	 1.0231473547820176 
38.02 	 1.0219680238596627 
38.04 	 1.0212808127653863 
38.06 	 1.0201344836743897 
38.08 	 1.0193900456138056 
38.1 	 1.0183938278137723 
38.12 	 1.0177269943502183 
38.14 	 1.0169552353691858 
38.16 	 1.0164671607590552 
38.18 	 1.0159413737187024 
38.2 	 1.015684753667519 
38.22 	 1.0153727456880317 
38.24 	 1.0153457301627944 
38.26 	 1.0151686986997779 
38.28 	 1.0153167635655589 
38.3 	 1.0151622040519794 
38.32 	 1.01538655229267 
38.34 	 1.0151261210244178 
38.36 	 1.0152988020294649 
38.38 	 1.014811266392324 
38.4 	 1.0147981781359428 
38.42 	 1.0139953647991948 
38.44 	 1.0136854766077377 
38.46 	 1.0125340883520064 
38.48 	 1.011867034028635 
38.5 	 1.0103956909829335 
38.52 	 1.0093750846638256 
38.54 	 1.0076588268970708 
38.56 	 1.006340883286649 
38.58 	 1.0044655456347111 
38.6 	 1.0029234902409065 
38.62 	 1.0009449619657231 
38.64 	 0.9992243508980911 
38.66 	 0.9971444939546183 
38.68 	 0.9952334768597055 
38.7 	 0.9930091975134192 
38.72 	 0.9908434978121441 
38.74 	 0.9884293505193881 
38.76 	 0.9859352351829862 
38.78 	 0.9833418817590683 
38.8 	 0.9805008243600978 
38.82 	 0.9778418745107975 
38.84 	 0.9747482891743311 
38.86 	 0.9722508498128091 
38.88 	 0.9691341745499318 
38.9 	 0.96710148044165 
38.92 	 0.9642955852589359 
38.94 	 0.9630285099729842 
38.96 	 0.9608918087538206 
38.98 	 0.960594609794277 
39.0 	 0.959407175559935 
39.02 	 0.9601139486027802 
39.04 	 0.9599920737398445 
39.06 	 0.9615450669080008 
39.08 	 0.9624075598212118 
39.1 	 0.9644952673679494 
39.12 	 0.966090151691714 
39.14 	 0.9683254459171335 
39.16 	 0.9702979694926315 
39.18 	 0.9723033595806267 
39.2 	 0.9742748748644355 
39.22 	 0.9757489988775822 
39.24 	 0.9773836261384198 
39.26 	 0.9781392811108043 
39.28 	 0.9791892703074658 
39.3 	 0.9791651130795271 
39.32 	 0.9794948879054913 
39.34 	 0.9787461721749221 
39.36 	 0.9783367462100572 
39.38 	 0.9770094028037258 
39.4 	 0.9759438325711592 
39.42 	 0.9742365125663912 
39.44 	 0.9726686192594262 
39.46 	 0.9707907130307546 
39.48 	 0.9689046894176259 
39.5 	 0.967041782423859 
39.52 	 0.965015641368484 
39.54 	 0.9633125528955451 
39.56 	 0.9612978500694629 
39.58 	 0.9598613544769335 
39.6 	 0.9579829353214355 
39.62 	 0.9568953600354435 
39.64 	 0.9552626468095414 
39.66 	 0.9545915242457378 
39.68 	 0.9533058994647355 
39.7 	 0.9530990535867455 
39.72 	 0.9522460627564042 
39.74 	 0.9525137436291682 
39.76 	 0.952141672000677 
39.78 	 0.9528388576007836 
39.8 	 0.9529372728740945 
39.82 	 0.9539612468296368 
39.84 	 0.9544551153921063 
39.86 	 0.9556642247286632 
39.88 	 0.9564298394392952 
39.9 	 0.957676094807101 
39.92 	 0.9585719451423942 
39.94 	 0.9597327651167289 
39.96 	 0.9606313221289536 
39.98 	 0.9616284357256982 
40.0 	 0.9624372044394958 
40.02 	 0.9632395211642109 
40.04 	 0.9639076745477356 
40.06 	 0.9645226320963912 
40.08 	 0.965036566732712 
40.1 	 0.9654969357610897 
40.12 	 0.965870522990577 
40.14 	 0.9662217477083233 
40.16 	 0.966485685551227 
40.18 	 0.9667759808320154 
40.2 	 0.9669685042427666 
40.22 	 0.9672424595964423 
40.24 	 0.9674026940138072 
40.26 	 0.9676987626416105 
40.28 	 0.9678637168617173 
40.3 	 0.9682151602784579 
40.32 	 0.9684202859929416 
40.34 	 0.9688575344482069 
40.36 	 0.9691388345269888 
40.38 	 0.9696902578094834 
40.4 	 0.9700847961837471 
40.42 	 0.9707740526528037 
40.44 	 0.971316938447016 
40.46 	 0.9721578935009013 
40.48 	 0.9728767507278926 
40.5 	 0.973869073993393 
40.52 	 0.9747791604249083 
40.54 	 0.9759071262835922 
40.56 	 0.9770096060116896 
40.58 	 0.978243717109294 
40.6 	 0.9795265791387189 
40.62 	 0.9808249384024901 
40.64 	 0.9822632859952529 
40.66 	 0.9835696097041481 
40.68 	 0.9851219823477788 
40.7 	 0.9863600662603228 
40.72 	 0.9879604084533924 
40.74 	 0.9890287256048368 
40.76 	 0.9905776537994947 
40.78 	 0.9913499150314685 
40.8 	 0.9927114660744666 
40.82 	 0.993047955009838 
40.84 	 0.9940575355747032 
40.86 	 0.993828305095714 
40.88 	 0.9943143689023679 
40.9 	 0.9934307115333417 
40.92 	 0.9932481796234006 
40.94 	 0.9916949839253099 
40.96 	 0.9907640714165035 
40.98 	 0.9886237989846681 
41.0 	 0.986964664033484 
41.02 	 0.9844239439340756 
41.04 	 0.9821759884038214 
41.06 	 0.9795081288541365 
41.08 	 0.9769235528189314 
41.1 	 0.9744447853327296 
41.12 	 0.9718502846580582 
41.14 	 0.9698547583914808 
41.16 	 0.9675841168396208 
41.18 	 0.9662721507244175 
41.2 	 0.9645849724485508 
41.22 	 0.9640074861753305 
41.24 	 0.9630202773456662 
41.26 	 0.9630630246616444 
41.28 	 0.9627199728883578 
41.3 	 0.9631390715864259 
41.32 	 0.9632365367234823 
41.34 	 0.9637354368823237 
41.36 	 0.9639920242218412 
41.38 	 0.9643118407112065 
41.4 	 0.964457856227654 
41.42 	 0.9644487947455855 
41.44 	 0.9643039465637421 
41.46 	 0.9639557850200999 
41.48 	 0.9634715867243978 
41.5 	 0.9628980042686474 
41.52 	 0.9621553409175458 
41.54 	 0.9615423402011298 
41.56 	 0.96070954909753 
41.58 	 0.9602482303392178 
41.6 	 0.9595172209631709 
41.62 	 0.9593442312636593 
41.64 	 0.9588683309465449 
41.66 	 0.9590326234200532 
41.68 	 0.9588870746347529 
41.7 	 0.959350056500629 
41.72 	 0.9595247298426713 
41.74 	 0.9601870607289792 
41.76 	 0.9606065174708864 
41.78 	 0.9613457515223359 
41.8 	 0.9619021654270418 
41.82 	 0.9626054680505373 
41.84 	 0.9631894068055121 
41.86 	 0.9637728928556596 
41.88 	 0.9642934890668534 
41.9 	 0.9647083627748008 
41.92 	 0.965102260118904 
41.94 	 0.9653328438540145 
41.96 	 0.9655658775900917 
41.98 	 0.9656246814461411 
42.0 	 0.9656905048166892 
42.02 	 0.9656128309106694 
42.04 	 0.9655304578154204 
42.06 	 0.9653684777569252 
42.08 	 0.9651784880196427 
42.1 	 0.9649938505259745 
42.12 	 0.9647522620688413 
42.14 	 0.9646069990453434 
42.16 	 0.9643765519245887 
42.18 	 0.9643233467151437 
42.2 	 0.9641632759596998 
42.22 	 0.9642370147093688 
42.24 	 0.964193330279675 
42.26 	 0.9644057745668891 
42.28 	 0.9645040789593281 
42.3 	 0.9648425940826161 
42.32 	 0.9650846236485391 
42.34 	 0.9655147300445444 
42.36 	 0.9658786564028358 
42.38 	 0.966349393794604 
42.4 	 0.9667931481061292 
42.42 	 0.9672441967226143 
42.44 	 0.9677110476048396 
42.46 	 0.9680809965666348 
42.48 	 0.9685070555369459 
42.5 	 0.9687424304493163 
42.52 	 0.9690658977876248 
42.54 	 0.969129980436359 
42.56 	 0.9693011628471692 
42.58 	 0.9691805430634265 
42.6 	 0.9691703138200969 
42.62 	 0.9688767073678122 
42.64 	 0.9686804794044974 
42.66 	 0.9682467113640374 
42.68 	 0.967882363659303 
42.7 	 0.9673541934769662 
42.72 	 0.9668553627105227 
42.74 	 0.9662830469195657 
42.76 	 0.9656916518341201 
42.78 	 0.9651248145213314 
42.8 	 0.9644864788939917 
42.82 	 0.9639729895911241 
42.84 	 0.9633361614458342 
42.86 	 0.9629225700022431 
42.88 	 0.9623389494409842 
42.9 	 0.9620690942224177 
42.92 	 0.9615920041402789 
42.94 	 0.961502124977772 
42.96 	 0.9611810769789844 
42.98 	 0.9612923957050822 
43.0 	 0.9611646153230138 
43.02 	 0.9614760186674692 
43.04 	 0.9615573786046201 
43.06 	 0.9620411818046414 
43.08 	 0.9623196030475035 
43.1 	 0.9629230398413552 
43.12 	 0.9633575098082333 
43.14 	 0.9640116834140414 
43.16 	 0.9645394171971732 
43.18 	 0.9651752029787194 
43.2 	 0.9657271541877496 
43.22 	 0.9662938778587782 
43.24 	 0.9668146982204163 
43.26 	 0.9672941794403059 
43.28 	 0.9677588622068513 
43.3 	 0.9681674708400781 
43.32 	 0.9685864046151307 
43.34 	 0.9689624442912168 
43.36 	 0.9693710550988396 
43.38 	 0.9697521600002107 
43.4 	 0.9701889898494439 
43.42 	 0.9705899648006688 
43.44 	 0.9710734399296803 
43.46 	 0.9714751879901159 
43.48 	 0.9719901946169371 
43.5 	 0.9723445549528156 
43.52 	 0.9728445169345589 
43.54 	 0.9730915826568332 
43.56 	 0.9735136027324262 
43.58 	 0.9736025582509326 
43.6 	 0.9738874773071586 
43.62 	 0.9737920330057445 
43.64 	 0.9739007980031191 
43.66 	 0.9736247378820438 
43.68 	 0.9735462559085878 
43.7 	 0.9731198952447564 
43.72 	 0.9728703763383217 
43.74 	 0.9723418095840283 
43.76 	 0.9719586243735969 
43.78 	 0.9713836859147417 
43.8 	 0.9709170521957462 
43.82 	 0.9703500837417997 
43.84 	 0.969854394409368 
43.86 	 0.9693401319662103 
43.88 	 0.9688652249469618 
43.9 	 0.9684317219587679 
43.92 	 0.9680142035167754 
43.94 	 0.9676676982091477 
43.96 	 0.9673236039582558 
43.98 	 0.9670473996115905 
44.0 	 0.9667687726050928 
44.02 	 0.9665280024020505 
44.04 	 0.966285785173577 
44.06 	 0.9660377997663236 
44.08 	 0.9657911639888987 
44.1 	 0.9654983116382259 
44.12 	 0.9652073419298663 
44.14 	 0.9648472898637704 
44.16 	 0.9644840810406086 
44.18 	 0.9640540593940173 
44.2 	 0.9636083645847597 
44.22 	 0.9631231516481605 
44.24 	 0.9626021020538827 
44.26 	 0.9620886950512257 
44.28 	 0.9615132419764072 
44.3 	 0.9610056310753539 
44.32 	 0.9604068369480817 
44.34 	 0.9599420249605636 
44.36 	 0.9593580473785329 
44.38 	 0.9589717256382359 
44.4 	 0.9584436390644321 
44.42 	 0.9581633923889445 
44.44 	 0.9577275689901259 
44.46 	 0.9575637970077377 
44.48 	 0.9572410723942494 
44.5 	 0.9571791276564988 
44.52 	 0.9569645220967089 
44.54 	 0.956963135236235 
44.56 	 0.9568217072975066 
44.58 	 0.956821105840338 
44.6 	 0.9566940401928553 
44.62 	 0.9566329626967639 
44.64 	 0.9564538273506994 
44.66 	 0.9562901049452206 
44.68 	 0.9560064375540986 
44.7 	 0.9557333078346752 
44.72 	 0.9553256105920139 
44.74 	 0.954976799186966 
44.76 	 0.9544671902743148 
44.78 	 0.9541079308507782 
44.8 	 0.953554407087273 
44.82 	 0.9532614131589073 
44.84 	 0.9527396775332865 
44.86 	 0.9525780364906891 
44.88 	 0.9521584576964064 
44.9 	 0.9521648322361953 
44.92 	 0.9518942341473973 
44.94 	 0.9520724435029522 
44.96 	 0.9519674916943973 
44.98 	 0.952296045649751 
45.0 	 0.952348501821893 
45.02 	 0.9527937880587838 
45.04 	 0.952981834310969 
45.06 	 0.9535090163318267 
45.08 	 0.9538069450066252 
45.1 	 0.9543839401601375 
45.12 	 0.9547655521838231 
45.14 	 0.9553610998788497 
45.16 	 0.9557976250687901 
45.18 	 0.9563784862887208 
45.2 	 0.9568358809825974 
45.22 	 0.9573681444487363 
45.24 	 0.9578087118602338 
45.26 	 0.958264459983011 
45.28 	 0.9586541662374726 
45.3 	 0.9590201663404271 
45.32 	 0.9593384227008904 
45.34 	 0.9596211981416867 
45.36 	 0.959867348931878 
45.38 	 0.9600904570957859 
45.4 	 0.9602824054696866 
45.42 	 0.9604760994963899 
45.44 	 0.9606407549212556 
45.46 	 0.9608287777069406 
45.48 	 0.9609887789337588 
45.5 	 0.9611789943776503 
45.52 	 0.9613424915075734 
45.54 	 0.9615260867290949 
45.56 	 0.961684721270606 
45.58 	 0.9618439543907218 
45.6 	 0.961979555696899 
45.62 	 0.9620994185511712 
45.64 	 0.9621952414855491 
45.66 	 0.9622726988203749 
45.68 	 0.9623230255264265 
45.7 	 0.9623694029420451 
45.72 	 0.9623828573917781 
45.74 	 0.9624189662949942 
45.76 	 0.9624146379661517 
45.78 	 0.9624618957388729 
45.8 	 0.9624610440681569 
45.82 	 0.9625333377840503 
45.84 	 0.9625511915982043 
45.86 	 0.9626511520979742 
45.88 	 0.9626925654812793 
45.9 	 0.9628132300481327 
45.92 	 0.9628735002171719 
45.94 	 0.9630036475708105 
45.96 	 0.963073155830911 
45.98 	 0.9632032130705545 
46.0 	 0.9632730385728653 
46.02 	 0.9633987999780681 
46.04 	 0.9634645726310145 
46.06 	 0.963587539803548 
46.08 	 0.9636501732647352 
46.1 	 0.9637751740373965 
46.12 	 0.9638389013011539 
46.14 	 0.963970868020743 
46.16 	 0.9640402953097226 
46.18 	 0.9641821585917413 
46.2 	 0.9642602559759931 
46.22 	 0.9644128898092876 
46.24 	 0.964500911312918 
46.26 	 0.9646646058356523 
46.28 	 0.9647634989483147 
46.3 	 0.9649394852565046 
46.32 	 0.9650513740406929 
46.34 	 0.965242090742575 
46.36 	 0.9653705377827528 
46.38 	 0.9655784032020632 
46.4 	 0.9657271863148489 
46.42 	 0.9659527527943054 
46.44 	 0.9661239796980894 
46.46 	 0.9663646831057672 
46.48 	 0.9665574124380842 
46.5 	 0.9668075727103905 
46.52 	 0.9670175954467114 
46.54 	 0.9672694491078493 
46.56 	 0.96749006225557 
46.58 	 0.9677351102169661 
46.6 	 0.9679582432390726 
46.62 	 0.9681883215386606 
46.64 	 0.9684054826877585 
46.66 	 0.9686134251917414 
46.68 	 0.9688163521872861 
46.7 	 0.9689964644970762 
46.72 	 0.9691776786297795 
46.74 	 0.9693262643699375 
46.76 	 0.9694797432231853 
46.78 	 0.9695957205662139 
46.8 	 0.9697177174397638 
46.82 	 0.9698031623376789 
46.84 	 0.969893012143011 
46.86 	 0.9699533924803989 
46.88 	 0.9700140623757897 
46.9 	 0.9700579625980082 
46.92 	 0.9700961113013418 
46.94 	 0.9701343282118102 
46.96 	 0.9701596888175894 
46.98 	 0.9702037037316361 
47.0 	 0.9702277205231846 
47.02 	 0.970287752907452 
47.04 	 0.9703216242949944 
47.06 	 0.9704047126343471 
47.08 	 0.9704572771765015 
47.1 	 0.9705659740640302 
47.12 	 0.9706420665379365 
47.14 	 0.970774225746587 
47.16 	 0.9708740573747638 
47.18 	 0.9710238160840506 
47.2 	 0.9711435730525929 
47.22 	 0.9713031666341566 
47.24 	 0.9714365458653249 
47.26 	 0.9715982919374223 
47.28 	 0.971738361523235 
47.3 	 0.9718961712973835 
47.32 	 0.9720369197625114 
47.34 	 0.9721869926217626 
47.36 	 0.9723241848304008 
47.38 	 0.9724649208007002 
47.4 	 0.9725962291975523 
47.42 	 0.9727276544580962 
47.44 	 0.972852293015776 
47.46 	 0.9729753515537868 
47.48 	 0.9730935190249653 
47.5 	 0.9732094837321059 
47.52 	 0.9733218540759253 
47.54 	 0.9734319582825753 
47.56 	 0.9735393299029912 
47.58 	 0.9736446021826244 
47.6 	 0.973747712181533 
47.62 	 0.9738489447948976 
47.64 	 0.9739484017507422 
47.66 	 0.9740461830332826 
47.68 	 0.97414246431243 
47.7 	 0.9742372286762623 
47.72 	 0.9743307031696647 
47.74 	 0.9744227766336153 
47.76 	 0.9745137320558109 
47.78 	 0.9746033667440646 
47.8 	 0.9746920332795754 
47.82 	 0.9747794309517069 
47.84 	 0.9748659989284668 
47.86 	 0.974951324827257 
47.88 	 0.9750359555314332 
47.9 	 0.9751193432521632 
47.92 	 0.9752021718110021 
47.94 	 0.9752837199449421 
47.96 	 0.9753648496279677 
47.98 	 0.9754446127328911 
48.0 	 0.9755241023057817 
48.02 	 0.9756020820248256 
48.04 	 0.9756799318196082 
48.06 	 0.9757560769330781 
48.08 	 0.9758322232602885 
48.1 	 0.9759064473223923 
48.12 	 0.9759807756165851 
48.14 	 0.9760529953403234 
48.16 	 0.9761253772400357 
48.18 	 0.976195564448805 
48.2 	 0.9762659130321077 
48.22 	 0.9763341423374465 
48.24 	 0.976402467633827 
48.26 	 0.9764689380164236 
48.28 	 0.9765353792807916 
48.3 	 0.9766003952920497 
48.32 	 0.9766652129343714 
48.34 	 0.9767291283641664 
48.36 	 0.9767926554058056 
48.38 	 0.9768557999423024 
48.4 	 0.976918371397474 
48.42 	 0.9769809884425454 
48.44 	 0.977042876177158 
48.46 	 0.9771050930601018 
48.48 	 0.9771664684463826 
48.5 	 0.9772283037051926 
48.52 	 0.9772892351207505 
48.54 	 0.9773506316955854 
48.56 	 0.9774111085348387 
48.58 	 0.9774719748378042 
48.6 	 0.9775319422369182 
48.62 	 0.977592186182298 
48.64 	 0.9776515764685366 
48.66 	 0.9777111257627827 
48.68 	 0.9777698794760586 
48.7 	 0.9778286888557282 
48.72 	 0.9778867647365287 
48.74 	 0.9779448144139765 
48.76 	 0.9780021912146132 
48.78 	 0.9780594809475894 
48.8 	 0.9781161544777985 
48.82 	 0.978172696308392 
48.84 	 0.9782286742796428 
48.86 	 0.978284485612656 
48.88 	 0.9783397818647974 
48.9 	 0.9783948797419914 
48.92 	 0.9784495088347661 
48.94 	 0.9785039059286761 
48.96 	 0.9785578788386541 
48.98 	 0.9786115815485114 
49.0 	 0.9786649031048904 
49.02 	 0.9787179119382708 
49.04 	 0.9787705804392292 
49.06 	 0.9788228925037701 
49.08 	 0.978874901580328 
49.1 	 0.9789265145530305 
49.12 	 0.9789778568461275 
49.14 	 0.979028773389243 
49.16 	 0.97907944512514 
49.18 	 0.9791296765183773 
49.2 	 0.9791796817487335 
49.22 	 0.97922924958595 
49.24 	 0.9792786028020481 
49.26 	 0.9793275379951777 
49.28 	 0.979376264112092 
49.3 	 0.9794246031551912 
49.32 	 0.9794727345357872 
49.34 	 0.9795205138890494 
49.36 	 0.9795680850415146 
49.38 	 0.9796153352858924 
49.4 	 0.9796623767891817 
49.42 	 0.9797091184503518 
49.44 	 0.9797556520603761 
49.46 	 0.9798018944420555 
49.48 	 0.9798479308869332 
49.5 	 0.9798936740755255 
49.52 	 0.9799392139198805 
49.54 	 0.9799844529781891 
49.56 	 0.9800294897918121 
49.58 	 0.9800742197765648 
49.6 	 0.9801187444497272 
49.62 	 0.9801629654828152 
49.64 	 0.9802069711324811 
49.66 	 0.9802506937263058 
49.68 	 0.9802941816101745 
49.7 	 0.9803374327157028 
49.72 	 0.9803804197760538 
49.74 	 0.9804232489358028 
49.76 	 0.9804657763362378 
49.78 	 0.9805082594417791 
49.8 	 0.9805503993273611 
49.82 	 0.9805926364312341 
49.84 	 0.9806344928720919 
49.86 	 0.9806765977402306 
49.88 	 0.980718298969824 
49.9 	 0.98076038138403 
49.92 	 0.9808020638335111 
49.94 	 0.980844208911155 
49.96 	 0.9808859969217013 
49.98 	 0.9809282463169084 
50.0 	 0.9809702320538503 
50.02 	 0.9810125691564092 
50.04 	 0.9810547944223855 
50.06 	 0.9810971319738913 
50.08 	 0.9811395698558751 
50.1 	 0.9811817378273697 
50.12 	 0.9812242717769403 
50.14 	 0.9812660082314442 
50.16 	 0.9813084118580636 
50.18 	 0.9813493674675065 
50.2 	 0.9813912975638316 
50.22 	 0.9814310685683687 
50.24 	 0.9814720892375376 
50.26 	 0.981510286944455 
50.28 	 0.9815499363561598 
50.3 	 0.981586283074561 
50.32 	 0.9816241750824953 
50.34 	 0.9816585955695672 
50.36 	 0.9816945252459249 
50.38 	 0.9817271937743731 
50.4 	 0.9817612042209936 
50.42 	 0.9817925200947875 
50.44 	 0.9818248986180677 
50.46 	 0.9818553935833007 
50.48 	 0.9818865954843043 
50.5 	 0.9819168081643612 
50.52 	 0.9819473393651253 
50.54 	 0.9819777057262914 
50.56 	 0.9820080119467509 
50.58 	 0.9820388091237322 
50.6 	 0.982069210638464 
50.62 	 0.9821005624476263 
50.64 	 0.9821312466079183 
50.66 	 0.9821631703980032 
50.68 	 0.9821942258627022 
50.7 	 0.982226687149056 
50.72 	 0.9822581492609957 
50.74 	 0.9822910970400893 
50.76 	 0.9823229780741599 
50.78 	 0.9823563525106238 
50.8 	 0.9823886474804211 
50.82 	 0.9824223700448468 
50.84 	 0.982455046398298 
50.86 	 0.9824890103565493 
50.88 	 0.9825219980893858 
50.9 	 0.9825560723229768 
50.92 	 0.9825892670842209 
50.94 	 0.9826233143242684 
50.96 	 0.9826565950733933 
50.98 	 0.9826904955865559 
51.0 	 0.9827237486493273 
51.02 	 0.9827574180064972 
51.04 	 0.9827905566686953 
51.06 	 0.9828239511208356 
51.08 	 0.982856924140582 
51.1 	 0.9828900344632129 
51.12 	 0.9829228236452202 
51.14 	 0.9829556629882547 
51.16 	 0.982988274446679 
51.18 	 0.9830208657865686 
51.2 	 0.9830533197953739 
51.22 	 0.9830856856207913 
51.24 	 0.9831180073889405 
51.26 	 0.9831501612973864 
51.28 	 0.9831823723960216 
51.3 	 0.9832143113666015 
51.32 	 0.9832464207840661 
51.34 	 0.9832781179863349 
51.36 	 0.9833101129029912 
51.38 	 0.9833415125287777 
51.4 	 0.9833733505277666 
51.42 	 0.9834043667470149 
51.44 	 0.9834359718229426 
51.46 	 0.9834664929612363 
51.48 	 0.9834977567014613 
51.5 	 0.9835276536718692 
51.52 	 0.9835584408321073 
51.54 	 0.9835875770961039 
51.56 	 0.983617732855602 
51.58 	 0.9836459732897469 
51.6 	 0.9836753294915682 
51.62 	 0.9837025483155203 
51.64 	 0.9837309290434901 
51.66 	 0.9837570213961124 
51.68 	 0.9837842533440595 
51.7 	 0.9838091578549137 
51.72 	 0.9838350944474235 
51.74 	 0.9838588310601021 
51.76 	 0.9838833963717525 
51.78 	 0.9839061131501313 
51.8 	 0.9839293602340046 
51.82 	 0.9839513691629171 
51.84 	 0.9839735317220101 
51.86 	 0.9839953061245461 
51.88 	 0.9840168128149137 
51.9 	 0.9840389269640584 
51.92 	 0.984060354133208 
51.94 	 0.9840833695957816 
51.96 	 0.9841053324513008 
51.98 	 0.984129664577612 
52.0 	 0.9841526776837477 
52.02 	 0.9841784920592518 
52.04 	 0.9842028496257065 
52.06 	 0.9842300302441682 
52.08 	 0.9842557517968347 
52.1 	 0.9842839528468043 
52.12 	 0.9843108120647447 
52.14 	 0.984339569825004 
52.16 	 0.9843671890834347 
52.18 	 0.9843960485046186 
52.2 	 0.9844240178313628 
52.22 	 0.9844526293993315 
52.24 	 0.9844806062388172 
52.26 	 0.9845087681875637 
52.28 	 0.9845365303941069 
52.3 	 0.9845641763209817 
52.32 	 0.984591623629529 
52.34 	 0.9846187740904064 
52.36 	 0.9846458917349369 
52.38 	 0.9846725953394282 
52.4 	 0.9846994021472066 
52.42 	 0.98472568846568 
52.44 	 0.9847521910749982 
52.46 	 0.9847780485971181 
52.48 	 0.9848042165672908 
52.5 	 0.9848295980814972 
52.52 	 0.9848553649093168 
52.54 	 0.9848802129974458 
52.56 	 0.9849054982678505 
52.58 	 0.9849297774514235 
52.6 	 0.9849545181879402 
52.62 	 0.9849782393581775 
52.64 	 0.9850024164117601 
52.66 	 0.9850256438745554 
52.68 	 0.9850492927974577 
52.7 	 0.9850721326029297 
52.72 	 0.9850953362468641 
52.74 	 0.985117912463799 
52.76 	 0.9851407805614704 
52.78 	 0.9851632098778775 
52.8 	 0.9851858550475675 
52.82 	 0.9852082282783035 
52.84 	 0.9852307467856509 
52.86 	 0.9852531207507125 
52.88 	 0.9852755819483273 
52.9 	 0.9852979804289235 
52.92 	 0.9853204244945738 
52.94 	 0.9853428448050169 
52.96 	 0.9853652862613641 
52.98 	 0.9853877080759356 
53.0 	 0.9854101423329257 
53.02 	 0.9854325363011064 
53.04 	 0.9854549469088179 
53.06 	 0.9854772814870837 
53.08 	 0.985499646405153 
53.1 	 0.9855218923741742 
53.12 	 0.9855441885724624 
53.14 	 0.9855663218865128 
53.16 	 0.9855885288488997 
53.18 	 0.9856105329994606 
53.2 	 0.9856326362552587 
53.22 	 0.9856545044607945 
53.24 	 0.985676499292456 
53.26 	 0.9856982350107454 
53.28 	 0.9857201285117424 
53.3 	 0.985741741711824 
53.32 	 0.9857635502088704 
53.34 	 0.9857850479980168 
53.36 	 0.9858067880214624 
53.38 	 0.9858281612295418 
53.4 	 0.9858498353132443 
53.42 	 0.9858710453347429 
53.44 	 0.9858926267434333 
53.46 	 0.9859135972689466 
53.48 	 0.9859350182388222 
53.5 	 0.9859556344778868 
53.52 	 0.9859767807746415 
53.54 	 0.9859968964279524 
53.56 	 0.9860176090335006 
53.58 	 0.9860370606456719 
53.6 	 0.9860571451428621 
53.62 	 0.9860757745805034 
53.64 	 0.9860950202602287 
53.66 	 0.9861127069293633 
53.68 	 0.9861309187605728 
53.7 	 0.9861476214960992 
53.72 	 0.9861646664344039 
53.74 	 0.9861804698018605 
53.76 	 0.9861963331908511 
53.78 	 0.9862114854237035 
53.8 	 0.9862263243530791 
53.82 	 0.986241247915158 
53.84 	 0.9862554201067771 
53.86 	 0.9862706763791237 
53.88 	 0.9862847217610707 
53.9 	 0.9863009231125 
53.92 	 0.9863154863223559 
53.94 	 0.9863331706225504 
53.96 	 0.9863488756706588 
53.98 	 0.986368380505586 
54.0 	 0.9863856937847343 
54.02 	 0.9864070761708865 
54.04 	 0.986426205826633 
54.06 	 0.9864492394766745 
54.08 	 0.9864701080729434 
54.1 	 0.986494359108421 
54.12 	 0.9865166565590379 
54.14 	 0.9865416066540437 
54.16 	 0.9865648978357476 
54.18 	 0.9865900684193312 
54.2 	 0.9866139122248142 
54.22 	 0.9866389508844075 
54.24 	 0.9866629918031231 
54.26 	 0.9866877048188729 
54.28 	 0.9867117180471944 
54.3 	 0.9867360565602574 
54.32 	 0.9867599497451055 
54.34 	 0.9867839701546348 
54.36 	 0.9868077582834203 
54.38 	 0.986831577481949 
54.4 	 0.9868553490278372 
54.42 	 0.9868791066272767 
54.44 	 0.9869029923941319 
54.46 	 0.9869268219489057 
54.48 	 0.9869509690038346 
54.5 	 0.9869749733883308 
54.52 	 0.9869995197199589 
54.54 	 0.9870237444099056 
54.56 	 0.9870487880541814 
54.58 	 0.9870731901120375 
54.6 	 0.9870987502144304 
54.62 	 0.9871231686076721 
54.64 	 0.9871491441537115 
54.66 	 0.9871732849128441 
54.68 	 0.9871994259435724 
54.7 	 0.9872228781534009 
54.72 	 0.9872487881238563 
54.74 	 0.9872710793754069 
54.76 	 0.9872962605794116 
54.78 	 0.9873169441036704 
54.8 	 0.9873408810907532 
54.82 	 0.9873596295556103 
54.84 	 0.9873818866675091 
54.86 	 0.9873985613188545 
54.88 	 0.9874188624637519 
54.9 	 0.9874335374094099 
54.92 	 0.9874518062072005 
54.94 	 0.987464750275901 
54.96 	 0.9874811110056545 
54.98 	 0.9874927476790554 
55.0 	 0.9875075054943642 
55.02 	 0.9875183706124429 
55.04 	 0.9875319883390293 
55.06 	 0.9875426859655017 
55.08 	 0.9875557545968896 
55.1 	 0.9875668908272491 
55.12 	 0.9875800693404209 
55.14 	 0.9875921438442979 
55.16 	 0.9876060441613793 
55.18 	 0.9876193080260101 
55.2 	 0.9876343319707115 
55.22 	 0.9876486621268237 
55.24 	 0.9876648431735945 
55.26 	 0.9876797061477959 
55.28 	 0.9876966358784763 
55.3 	 0.9877111908687681 
55.32 	 0.9877280899472398 
55.34 	 0.9877414163019208 
55.36 	 0.9877573438105922 
55.38 	 0.987768707690652 
55.4 	 0.98778282803296 
55.42 	 0.9877918760660367 
55.44 	 0.9878036702613981 
55.46 	 0.9878104780865816 
55.48 	 0.9878198221947483 
55.5 	 0.9878248082993193 
55.52 	 0.9878319221238925 
55.54 	 0.9878357037119112 
55.56 	 0.9878410389331793 
55.58 	 0.9878443106880392 
55.6 	 0.9878484528238918 
55.62 	 0.9878519173471696 
55.64 	 0.9878555265965254 
55.66 	 0.987859849187465 
55.68 	 0.9878636130124662 
55.7 	 0.9878693629499383 
55.72 	 0.9878739262336211 
55.74 	 0.9878815037480008 
55.76 	 0.9878873807452031 
55.78 	 0.987896969648778 
55.8 	 0.9879044818416572 
55.82 	 0.9879160679985811 
55.84 	 0.9879253504436737 
55.86 	 0.9879388028578542 
55.88 	 0.9879498767905984 
55.9 	 0.9879650391341774 
55.92 	 0.9879778984182467 
55.94 	 0.9879946269827781 
55.96 	 0.9880092726498723 
55.98 	 0.9880273934736818 
56.0 	 0.9880437861772129 
56.02 	 0.988063003326158 
56.04 	 0.9880809632240696 
56.06 	 0.9881007897366811 
56.08 	 0.9881199153579842 
56.1 	 0.9881396898140863 
56.12 	 0.9881593619467547 
56.14 	 0.9881783609852937 
56.16 	 0.9881978463596492 
56.18 	 0.9882154412893539 
56.2 	 0.9882340474703374 
56.22 	 0.9882498245901139 
56.24 	 0.9882670263313462 
56.26 	 0.9882808172258614 
56.28 	 0.9882962989898845 
56.3 	 0.9883081303999031 
56.32 	 0.9883217523656919 
56.34 	 0.9883317774030944 
56.36 	 0.9883435248346524 
56.38 	 0.988351997111182 
56.4 	 0.9883619731652067 
56.42 	 0.9883692726937291 
56.44 	 0.9883777417577032 
56.46 	 0.9883844000239863 
56.48 	 0.9883918263993366 
56.5 	 0.9883984811333646 
56.52 	 0.9884054903972037 
56.54 	 0.988412746771525 
56.56 	 0.9884199837688539 
56.58 	 0.9884282347047207 
56.6 	 0.9884361699979866 
56.62 	 0.9884454746473874 
56.64 	 0.988454260858626 
56.66 	 0.9884643591109865 
56.68 	 0.9884738208552674 
56.7 	 0.988484285690472 
56.72 	 0.988494052812264 
56.74 	 0.9885045036386795 
56.76 	 0.9885142177232997 
56.78 	 0.9885244872764677 
56.8 	 0.9885339762605897 
56.82 	 0.9885441553425938 
56.84 	 0.9885534963146274 
56.86 	 0.9885638485577071 
56.88 	 0.9885733018154975 
56.9 	 0.9885841031930508 
56.92 	 0.9885939628291565 
56.94 	 0.9886053487577944 
56.96 	 0.9886157879212623 
56.98 	 0.9886276785850847 
57.0 	 0.9886386624351678 
57.02 	 0.9886507953176191 
57.04 	 0.9886620981229055 
57.06 	 0.988674144092688 
57.08 	 0.9886854545131001 
57.1 	 0.988697152174514 
57.12 	 0.9887082049760926 
57.14 	 0.9887194389308869 
57.16 	 0.9887300969887459 
57.18 	 0.9887408791613863 
57.2 	 0.9887511200246822 
57.22 	 0.988761494971068 
57.24 	 0.9887713186482769 
57.26 	 0.9887812666021754 
57.28 	 0.9887905974457883 
57.3 	 0.9888000151295715 
57.32 	 0.9888086808804567 
57.34 	 0.9888174707339539 
57.36 	 0.9888252945902207 
57.38 	 0.9888335178565094 
57.4 	 0.9888404832241685 
57.42 	 0.9888484805701924 
57.44 	 0.9888548721422825 
57.46 	 0.9888632616724636 
57.48 	 0.9888696868374429 
57.5 	 0.9888792108899229 
57.52 	 0.9888864627755777 
57.54 	 0.988897736554748 
57.56 	 0.9889065421838061 
57.58 	 0.9889198147331972 
57.6 	 0.9889305753272633 
57.62 	 0.9889456169873762 
57.64 	 0.9889582602316964 
57.66 	 0.9889744376183718 
57.68 	 0.9889884558503003 
57.7 	 0.989004968703963 
57.72 	 0.9890196314345931 
57.74 	 0.989035805755615 
57.76 	 0.9890504491711274 
57.78 	 0.9890659494975896 
57.8 	 0.9890802044011898 
57.82 	 0.9890950668765252 
57.84 	 0.9891089170692478 
57.86 	 0.9891233993565535 
57.88 	 0.989137054079046 
57.9 	 0.9891513980104402 
57.92 	 0.9891650654332769 
57.94 	 0.9891793140315819 
57.96 	 0.9891930158851544 
57.98 	 0.9892069876228609 
58.0 	 0.9892205232892294 
58.02 	 0.9892339454702245 
58.04 	 0.9892470159782831 
58.06 	 0.9892597196988174 
58.08 	 0.9892721206222134 
58.1 	 0.989284165632347 
58.12 	 0.9892959182433566 
58.14 	 0.9893075678372182 
58.16 	 0.9893189041314429 
58.18 	 0.9893304716637631 
58.2 	 0.9893416880776497 
58.22 	 0.9893533598356634 
58.24 	 0.9893646398391578 
58.26 	 0.9893763902105597 
58.28 	 0.9893877122739636 
58.3 	 0.9893993621807118 
58.32 	 0.9894105492355006 
58.34 	 0.9894219232851496 
58.36 	 0.9894327953503338 
58.38 	 0.9894438703013185 
58.4 	 0.9894543959392433 
58.42 	 0.9894653418551669 
58.44 	 0.9894756876078492 
58.46 	 0.9894867747857946 
58.48 	 0.9894972195520944 
58.5 	 0.989508650983864 
58.52 	 0.9895194190968067 
58.54 	 0.9895311949198434 
58.56 	 0.9895423125116564 
58.58 	 0.9895542120834628 
58.6 	 0.9895654760099178 
58.62 	 0.9895771702245908 
58.64 	 0.9895882492292772 
58.66 	 0.9895994772064812 
58.68 	 0.9896100857927733 
58.7 	 0.9896207941439606 
58.72 	 0.9896308393495933 
58.74 	 0.9896412086158345 
58.76 	 0.9896508309301928 
58.78 	 0.9896611830170269 
58.8 	 0.9896706785766686 
58.82 	 0.9896813264014919 
58.84 	 0.9896910052849535 
58.86 	 0.9897021309410148 
58.88 	 0.9897121948984142 
58.9 	 0.9897238145458851 
58.92 	 0.9897343138876218 
58.94 	 0.9897463296432812 
58.96 	 0.9897572042532788 
58.98 	 0.9897694948190826 
59.0 	 0.989780656183727 
59.02 	 0.9897931467173103 
59.04 	 0.9898045444784253 
59.06 	 0.9898172222071078 
59.08 	 0.9898288614534211 
59.1 	 0.9898417433169564 
59.12 	 0.9898536560828783 
59.14 	 0.9898667410295396 
59.16 	 0.9898789413091562 
59.18 	 0.9898921802104179 
59.2 	 0.9899046336107631 
59.22 	 0.9899179308498379 
59.24 	 0.9899305533503895 
59.26 	 0.9899437926684574 
59.28 	 0.9899564730507165 
59.3 	 0.9899695494250779 
59.32 	 0.9899821792303166 
59.34 	 0.9899950210050377 
59.36 	 0.9900075172235351 
59.38 	 0.9900200923952699 
59.4 	 0.9900324063788487 
59.42 	 0.9900447159963465 
59.44 	 0.9900568302977246 
59.46 	 0.9900688960022782 
59.48 	 0.9900808149016506 
59.5 	 0.9900926668810194 
59.52 	 0.990104406159818 
59.54 	 0.9901160747784096 
59.56 	 0.9901276539416489 
59.58 	 0.9901391654888099 
59.6 	 0.990150603231836 
59.62 	 0.9901619787049387 
59.64 	 0.9901732909993819 
59.66 	 0.9901845465292364 
59.68 	 0.9901957462905513 
59.7 	 0.9902068941545124 
59.72 	 0.9902179916247585 
59.74 	 0.9902290412693043 
59.76 	 0.9902400445902109 
59.78 	 0.9902510034444644 
59.8 	 0.9902619191815238 
59.82 	 0.9902727932368784 
59.84 	 0.9902836267846936 
59.86 	 0.9902944209881741 
59.88 	 0.9903051768625608 
59.9 	 0.9903158953814228 
59.92 	 0.990326577425492 
59.94 	 0.9903372238281654 
59.96 	 0.9903478353585708 
59.98 	 0.9903584127428197 
