0.0 	 0.0 
0.02 	 22.38259576103136 
0.04 	 46.582997897894884 
0.06 	 71.72878745727526 
0.08 	 96.80547345458031 
0.1 	 121.13216739490626 
0.12 	 143.9881057474961 
0.14 	 165.07744566162927 
0.16 	 184.17619212304808 
0.18 	 201.4366961182985 
0.2 	 217.0947899629914 
0.22 	 231.61360480350754 
0.24 	 245.46024581676352 
0.26 	 259.16563491446266 
0.28 	 273.1524229202728 
0.3 	 287.80194743197944 
0.32 	 303.3013662775268 
0.34 	 319.77602732932695 
0.36 	 337.124697041554 
0.38 	 355.23018998374476 
0.4 	 373.76547793282305 
0.42 	 392.46046392380794 
0.44 	 410.88357245630374 
0.46 	 428.72402349782817 
0.48 	 445.5737516696315 
0.5 	 461.1802017943972 
0.52 	 475.2627205766297 
0.54 	 487.697885081205 
0.56 	 498.3991512885097 
0.58 	 507.4128767126451 
0.6 	 514.8734432871591 
0.62 	 521.0103124703596 
0.64 	 526.1704588532153 
0.66 	 530.7599357448707 
0.68 	 535.3077049780732 
0.7 	 540.3835908683118 
0.72 	 546.6645911660568 
0.74 	 554.8813899021541 
0.76 	 565.8375014640652 
0.78 	 580.4404426335382 
0.8 	 599.6106612699923 
0.82 	 624.458665984861 
0.84 	 655.9995164816936 
0.86 	 695.5554295688847 
0.88 	 744.1579056672766 
0.9 	 803.2987744752847 
0.92 	 873.8508391677391 
0.94 	 957.3665408769639 
0.96 	 1054.2757840633408 
0.98 	 1166.0364403052195 
1.0 	 1292.2794156102477 
1.02 	 1434.2258161109653 
1.04 	 1590.366966911252 
1.06 	 1761.632931182291 
1.08 	 1945.1634743065783 
1.1 	 2141.682201981154 
1.12 	 2346.986318194961 
1.14 	 2561.805534775936 
1.16 	 2780.845107955724 
1.18 	 3005.0952060184795 
1.2 	 3228.5840216102783 
1.22 	 3452.7221015637665 
1.24 	 3671.2910596392258 
1.26 	 3886.0613584239413 
1.28 	 4090.8754776724604 
1.3 	 4287.537442258611 
1.32 	 4470.101701996854 
1.34 	 4639.8917825389635 
1.36 	 4791.28451223884 
1.38 	 4924.612099426058 
1.4 	 5034.856484043639 
1.42 	 5121.090575625538 
1.44 	 5179.5353069620205 
1.46 	 5208.1758013427125 
1.48 	 5205.4570382264865 
1.5 	 5168.95107625965 
1.52 	 5100.408078878453 
1.54 	 4998.029571864512 
1.56 	 4867.589623977509 
1.58 	 4708.9836286004875 
1.6 	 4531.891730144122 
1.62 	 4338.521200736898 
1.64 	 4141.264086422711 
1.66 	 3944.420372509781 
1.68 	 3760.9815476698195 
1.7 	 3596.1968897117695 
1.72 	 3461.13269218377 
1.74 	 3360.2325465996264 
1.76 	 3300.321649320618 
1.78 	 3283.261734225677 
1.8 	 3310.0420300267797 
1.82 	 3378.7562363109373 
1.84 	 3484.040929440562 
1.86 	 3620.041839486043 
1.88 	 3775.8856817366373 
1.9 	 3942.7410378645604 
1.92 	 4106.616641954818 
1.94 	 4257.719399305658 
1.96 	 4382.735976239616 
1.98 	 4473.63544959307 
2.0 	 4522.1889184569545 
2.02 	 4524.964862695494 
2.04 	 4482.378234123968 
2.06 	 4397.680425845374 
2.08 	 4281.049278394622 
2.1 	 4142.776380426296 
2.12 	 4000.6183544548717 
2.14 	 3869.914962119688 
2.16 	 3770.9642313947024 
2.18 	 3720.087716165373 
2.2 	 3733.794597314484 
2.22 	 3824.585615180301 
2.24 	 3999.43357984242 
2.26 	 4263.363696412938 
2.28 	 4610.175482073523 
2.3 	 5036.411667876521 
2.32 	 5522.223909657507 
2.34 	 6057.70083584752 
2.36 	 6612.6343576923855 
2.38 	 7174.890202391533 
2.4 	 7710.725906531106 
2.42 	 8210.633406655294 
2.44 	 8646.030852834127 
2.46 	 9013.826588276943 
2.48 	 9298.061469320946 
2.5 	 9503.514495991983 
2.52 	 9629.804348608748 
2.54 	 9688.121378287418 
2.56 	 9690.65887210001 
2.58 	 9651.05385631252 
2.6 	 9586.67323351873 
2.62 	 9508.653705262675 
2.64 	 9431.515169981762 
2.66 	 9360.100160091803 
2.68 	 9301.154833821625 
2.7 	 9252.210025764483 
2.72 	 9212.061916597715 
2.74 	 9172.880917130366 
2.76 	 9129.253887557716 
2.78 	 9071.71086407451 
2.8 	 8995.896506268928 
2.82 	 8894.439545453335 
2.84 	 8768.27150213033 
2.86 	 8614.508375239368 
2.88 	 8440.94944544345 
2.9 	 8249.744447759746 
2.92 	 8054.345396673139 
2.94 	 7860.9991803353505 
2.96 	 7685.838381764413 
2.98 	 7537.576590321731 
3.0 	 7431.640290933879 
3.02 	 7377.534802446528 
3.04 	 7386.9377788437005 
3.06 	 7468.5830756852865 
3.08 	 7627.65117595556 
3.1 	 7870.481301239893 
3.12 	 8193.059883594706 
3.14 	 8597.71686383942 
3.16 	 9069.075647505852 
3.18 	 9604.554526988843 
3.2 	 10177.282507140986 
3.22 	 10780.604630329088 
3.24 	 11379.761304952557 
3.26 	 11967.053282139457 
3.28 	 12507.411974263658 
3.3 	 12996.420314450628 
3.32 	 13407.825214555309 
3.34 	 13743.954840536266 
3.36 	 13993.602349556897 
3.38 	 14166.088764098986 
3.4 	 14264.905739081823 
3.42 	 14302.51823598692 
3.44 	 14290.362293850265 
3.46 	 14237.93541730977 
3.48 	 14156.14181637246 
3.5 	 14047.249950990546 
3.52 	 13917.741668851053 
3.54 	 13764.286425941265 
3.56 	 13593.206886823173 
3.58 	 13404.373757712625 
3.6 	 13214.59638663007 
3.62 	 13040.259040772058 
3.64 	 12919.18270923764 
3.66 	 12896.346960862948 
3.68 	 13032.75507780561 
3.7 	 13406.719403478117 
3.72 	 14089.83823878035 
3.74 	 15189.080132834439 
3.76 	 16756.836293582237 
3.78 	 18920.62740272886 
3.8 	 21667.930337952654 
3.82 	 25148.175544720594 
3.84 	 29226.918819763276 
3.86 	 34097.375011746364 
3.88 	 39445.00056145699 
3.9 	 45547.12054529972 
3.92 	 51868.66219689496 
3.94 	 58810.214868771036 
3.96 	 65618.77350716032 
3.98 	 72826.96053799875 
4.0 	 79529.3441992925 
4.02 	 86347.20002076204 
4.04 	 92350.46304303125 
4.06 	 98154.67651139374 
4.08 	 102967.20454032914 
4.1 	 107279.5362150269 
4.12 	 110585.71217022922 
4.14 	 113151.52136110785 
4.16 	 114847.90294181072 
4.18 	 115663.76226155221 
4.2 	 115853.00780451774 
4.22 	 115138.01621716472 
4.24 	 114083.26909547247 
4.26 	 112202.47348037793 
4.28 	 110251.62122930621 
4.3 	 107613.03173908158 
4.32 	 105110.8925335771 
4.34 	 102066.73203661511 
4.36 	 99280.27747949689 
4.38 	 96062.57769892702 
4.4 	 93142.34535683092 
4.42 	 89849.79584816525 
4.44 	 86837.11088190578 
4.46 	 83469.82910546074 
4.48 	 80341.27156705725 
4.5 	 76863.18502104236 
4.52 	 73590.47348798232 
4.54 	 69991.50893694203 
4.56 	 66591.17564676976 
4.58 	 62924.27870741312 
4.6 	 59477.42307810472 
4.62 	 55857.651995956876 
4.64 	 52494.21704285864 
4.66 	 49065.35546135725 
4.68 	 45924.65615963408 
4.7 	 42814.16258146687 
4.72 	 40004.06523709757 
4.74 	 37289.79224369875 
4.76 	 34863.763546083144 
4.78 	 32564.75041287543 
4.8 	 30522.49722463838 
4.82 	 28611.08778450492 
4.84 	 26915.717302460715 
4.86 	 25339.677833170244 
4.88 	 23939.63982009588 
4.9 	 22643.144845586812 
4.92 	 21489.850432065985 
4.94 	 20427.066561964875 
4.96 	 19484.291671365325 
4.98 	 18624.337020955878 
5.0 	 17869.829198760326 
5.02 	 17195.137909216442 
5.04 	 16617.20656828237 
5.06 	 16118.654793002914 
5.08 	 15711.107663763718 
5.1 	 15383.020396526683 
5.12 	 15140.98525311057 
5.14 	 14977.752460950058 
5.16 	 14895.216156964678 
5.18 	 14889.399563062036 
5.2 	 14957.609255650748 
5.22 	 15098.15666864617 
5.24 	 15303.415985421352 
5.26 	 15572.79502332689 
5.28 	 15893.17440414502 
5.3 	 16263.903780474051 
5.32 	 16666.40310910077 
5.34 	 17099.487820186176 
5.36 	 17540.734750957014 
5.38 	 17989.236031713644 
5.4 	 18422.368745974953 
5.42 	 18841.674583014297 
5.44 	 19229.270554485964 
5.46 	 19591.980987276558 
5.48 	 19920.969421660877 
5.5 	 20230.530331223646 
5.52 	 20522.16237855849 
5.54 	 20817.788119681176 
5.56 	 21125.886530003747 
5.58 	 21473.361954070187 
5.6 	 21867.851351706413 
5.62 	 22336.189476149244 
5.64 	 22875.149853172126 
5.66 	 23505.686126825534 
5.68 	 24205.234101677263 
5.7 	 24984.526523349195 
5.72 	 25798.69264344111 
5.74 	 26647.051965184066 
5.76 	 27467.594211723823 
5.78 	 28250.40670101247 
5.8 	 28929.517747818176 
5.82 	 29490.110300855442 
5.84 	 29879.862997874432 
5.86 	 30083.675961174264 
5.88 	 30078.750175574216 
5.9 	 29853.121733436357 
5.92 	 29421.537822734634 
5.94 	 28776.79697788016 
5.96 	 27968.561914877304 
5.98 	 26994.557705456737 
6.0 	 25928.08551401068 
6.02 	 24771.330034243383 
6.04 	 23606.534200986735 
6.06 	 22439.848437033957 
6.08 	 21349.278278069978 
6.1 	 20344.20002879152 
6.12 	 19488.822038222992 
6.14 	 18793.948941275947 
6.16 	 18303.49313539812 
6.18 	 18026.52605304232 
6.2 	 17982.052177039488 
6.22 	 18174.0131272559 
6.24 	 18593.754291769415 
6.26 	 19238.66299064037 
6.28 	 20072.838128936917 
6.3 	 21089.407826438128 
6.32 	 22230.25754126878 
6.34 	 23490.14575360275 
6.36 	 24798.491692220312 
6.38 	 26159.063644324044 
6.4 	 27501.127065634373 
6.42 	 28843.407511558267 
6.44 	 30125.86155819598 
6.46 	 31384.376961601214 
6.48 	 32574.685012221365 
6.5 	 33747.42213382959 
6.52 	 34871.036893597244 
6.54 	 36004.558593001326 
6.56 	 37119.03100163488 
6.58 	 38273.53301655101 
6.6 	 39429.021132980815 
6.62 	 40636.95485047801 
6.64 	 41839.1904228975 
6.66 	 43074.97402876777 
6.68 	 44267.00087909736 
6.7 	 45441.82980647127 
6.72 	 46513.65031292944 
6.74 	 47499.16021260854 
6.76 	 48322.307888307085 
6.78 	 48993.897088536694 
6.8 	 49466.35916669634 
6.82 	 49747.41601275949 
6.84 	 49829.19458645932 
6.86 	 49716.69188131719 
6.88 	 49440.889373407226 
6.9 	 49002.22491323442 
6.92 	 48459.08057867167 
6.94 	 47804.97096050149 
6.96 	 47109.83836560081 
6.98 	 46359.48514103607 
7.0 	 45622.02831024194 
7.02 	 44877.53009600556 
7.04 	 44184.879125267646 
7.06 	 43522.556637484115 
7.08 	 42938.02593502609 
7.1 	 42412.5765164213 
7.12 	 41982.09971401281 
7.14 	 41633.27304485096 
7.16 	 41389.58599886825 
7.18 	 41243.00607869658 
7.2 	 41202.52855856628 
7.22 	 41263.354966170264 
7.24 	 41418.17619503881 
7.26 	 41663.14863259908 
7.28 	 41975.44854160545 
7.3 	 42351.31217867445 
7.32 	 42757.17694729742 
7.34 	 43190.45857180329 
7.36 	 43614.96307590232 
7.38 	 44031.64839165578 
7.4 	 44410.495364067116 
7.42 	 44758.181704368864 
7.44 	 45056.98438110207 
7.46 	 45320.00572495717 
7.48 	 45542.879497706985 
7.5 	 45743.95593719553 
7.52 	 45928.129606421855 
7.54 	 46116.61324754307 
7.56 	 46316.49753230211 
7.58 	 46549.672302406645 
7.6 	 46818.63662811988 
7.62 	 47145.44531779253 
7.64 	 47524.136725118464 
7.66 	 47978.96391695229 
7.68 	 48495.36349017582 
7.7 	 49104.21325003852 
7.72 	 49784.512039934256 
7.74 	 50579.29986089894 
7.76 	 51462.399961706906 
7.78 	 52493.52087152853 
7.8 	 53637.97961645935 
7.82 	 54973.39960706118 
7.84 	 56446.549842734705 
7.86 	 58149.836645801435 
7.88 	 59996.33240470879 
7.9 	 62086.65420395839 
7.92 	 64286.15291406824 
7.94 	 66696.35249314256 
7.96 	 69131.22356042961 
7.98 	 71688.00019600384 
8.0 	 74143.97643985694 
8.02 	 76590.33809394813 
8.04 	 78802.12211940759 
8.06 	 80865.79948428403 
8.08 	 82599.31651156303 
8.1 	 84087.73599960492 
8.12 	 85229.78655593598 
8.14 	 86112.76047049016 
8.16 	 86727.3066985069 
8.18 	 87164.19935564502 
8.2 	 87480.88795420517 
8.22 	 87767.60204261461 
8.24 	 88095.39981412813 
8.26 	 88544.62416669675 
8.28 	 89142.05012212957 
8.3 	 89947.72587421128 
8.32 	 90907.91645935192 
8.34 	 92056.05057620376 
8.36 	 93259.52828046476 
8.38 	 94524.10830353393 
8.4 	 95677.78373577714 
8.42 	 96699.66597046297 
8.44 	 97440.77077765678 
8.46 	 97853.26039215854 
8.48 	 97872.94248877784 
8.5 	 97423.40293588226 
8.52 	 96562.88599638366 
8.54 	 95186.20238895513 
8.56 	 93474.31475850291 
8.58 	 91296.82361274397 
8.6 	 88923.4905974771 
8.62 	 86206.13663518388 
8.64 	 83452.17099429456 
8.66 	 80505.51243477408 
8.68 	 77663.3071214186 
8.7 	 74772.29508605486 
8.72 	 72088.06792626744 
8.74 	 69470.44324918024 
8.76 	 67121.19844758722 
8.78 	 64921.97975244393 
8.8 	 63022.1960197643 
8.82 	 61331.9068599748 
8.84 	 59955.720381781095 
8.86 	 58836.27725851022 
8.88 	 58040.79610116533 
8.9 	 57546.18125011675 
8.92 	 57385.54376198303 
8.94 	 57569.17195249786 
8.96 	 58093.44053919504 
8.98 	 58998.66745148586 
9.0 	 60236.393884360776 
9.02 	 61871.804850835506 
9.04 	 63801.078530297 
9.06 	 66108.66917695527 
9.08 	 68628.08825934966 
9.1 	 71458.53909090334 
9.12 	 74373.7994189662 
9.14 	 77485.04552166513 
9.16 	 80524.84192714372 
9.18 	 83614.62264095974 
9.2 	 86479.65088794527 
9.22 	 89249.53217940222 
9.24 	 91683.40650498611 
9.26 	 93915.6089244918 
9.28 	 95773.34936599815 
9.3 	 97391.0181223942 
9.32 	 98677.25729771379 
9.34 	 99761.65248611425 
9.36 	 100621.3047400905 
9.38 	 101377.64523939812 
9.4 	 102043.43337112211 
9.42 	 102732.42095880589 
9.44 	 103454.98404581852 
9.46 	 104323.85861541756 
9.48 	 105317.46874530338 
9.5 	 106561.34630785504 
9.52 	 107986.24613136056 
9.54 	 109749.83413348286 
9.56 	 111728.90997969748 
9.58 	 114134.24435998808 
9.6 	 116781.68647524652 
9.62 	 119953.13827557275 
9.64 	 123386.39945920964 
9.66 	 127446.1160814621 
9.68 	 131762.24981175238 
9.7 	 136786.03583886183 
9.72 	 142004.987318118 
9.74 	 147953.27435630126 
9.76 	 153954.19935445648 
9.78 	 160613.69124100162 
9.8 	 167103.14680288313 
9.82 	 174079.69690654235 
9.84 	 180622.8038547869 
9.86 	 187408.34443751344 
9.88 	 193525.60288012965 
9.9 	 199625.0670695281 
9.92 	 204919.59699671838 
9.94 	 209982.87078598668 
9.96 	 214234.6065517103 
9.98 	 218118.2539113276 
10.0 	 221284.31805694744 
10.02 	 223992.59231606964 
10.04 	 226098.74882056503 
10.06 	 227625.2123570807 
10.08 	 228606.10355470647 
10.1 	 228775.79971023655 
10.12 	 228372.4200283118 
10.14 	 226806.68554278466 
10.16 	 224611.40653047993 
10.18 	 220874.98091206298 
10.2 	 216532.2015902561 
10.22 	 210411.99543949592 
10.24 	 203887.53049427317 
10.26 	 195658.73763423922 
10.28 	 187431.85919755034 
10.3 	 177940.6878859401 
10.32 	 168980.75052167417 
10.34 	 159449.54423387581 
10.36 	 150942.7654126671 
10.38 	 142575.67528432995 
10.4 	 135537.04252434341 
10.42 	 129152.14570066177 
10.44 	 124146.2521034944 
10.46 	 120026.68551220877 
10.48 	 117122.23115875247 
10.5 	 115098.72556464635 
10.52 	 114005.84611033408 
10.54 	 113649.06254548406 
10.56 	 113909.31225578813 
10.58 	 114709.92517639844 
10.6 	 115844.57776462931 
10.62 	 117326.974809197 
10.64 	 118917.97245908757 
10.66 	 120691.70580259881 
10.68 	 122412.79282105847 
10.7 	 124188.59120847171 
10.72 	 125812.87087949508 
10.74 	 127405.29748367894 
10.76 	 128804.69542448713 
10.78 	 130129.69648946059 
10.8 	 131269.80813360278 
10.82 	 132337.12407159645 
10.84 	 133267.18502005792 
10.86 	 134167.79579184018 
10.88 	 135006.87218860982 
10.9 	 135896.23486677435 
10.92 	 136814.01781564386 
10.94 	 137885.2541990592 
10.96 	 139066.9802817207 
10.98 	 140499.32754782942 
11.0 	 142080.37330775303 
11.02 	 143952.40720171249 
11.04 	 145922.67664078146 
11.06 	 148105.2632261325 
11.08 	 150214.51641609706 
11.1 	 152291.9882442314 
11.12 	 154012.42676223302 
11.14 	 155295.15493161164 
11.16 	 155892.88186800413 
11.18 	 155562.35167076264 
11.2 	 154290.7402568788 
11.22 	 151663.2335446354 
11.24 	 148034.49830299444 
11.26 	 142860.5588631879 
11.28 	 136896.60027761795 
11.3 	 129558.43317898926 
11.32 	 121890.51053983218 
11.34 	 113361.56985439286 
11.36 	 105081.1413033766 
11.38 	 96616.83493383377 
11.4 	 88909.618305387 
11.42 	 81613.86322574387 
11.44 	 75365.44757956441 
11.46 	 69870.67795536423 
11.48 	 65453.89667280091 
11.5 	 61853.24157856836 
11.52 	 59161.150903122085 
11.54 	 57150.57787837513 
11.56 	 55783.7298400473 
11.58 	 54881.34622445321 
11.6 	 54358.43973337739 
11.62 	 54091.71233260914 
11.64 	 54000.35941268978 
11.66 	 54014.05927863707 
11.68 	 54078.38736907478 
11.7 	 54163.617705882636 
11.72 	 54243.28890233273 
11.74 	 54312.235353415505 
11.76 	 54363.12893465496 
11.78 	 54401.483706639054 
11.8 	 54428.74289914432 
11.82 	 54452.71558466395 
11.84 	 54476.76192667556 
11.86 	 54508.068214838044 
11.88 	 54549.07108244725 
11.9 	 54606.43602230182 
11.92 	 54680.68015906499 
11.94 	 54778.37083153577 
11.96 	 54897.00879049435 
11.98 	 55042.62459703169 
12.0 	 55208.38877257542 
12.02 	 55398.96853104148 
12.04 	 55602.80958673865 
12.06 	 55822.93493280059 
12.08 	 56044.38160097023 
12.1 	 56269.03517195408 
12.12 	 56481.11819848453 
12.14 	 56682.096266032415 
12.16 	 56858.03404649499 
12.18 	 57010.18943612931 
12.2 	 57128.196884665216 
12.22 	 57212.57652495731 
12.24 	 57257.124139465646 
12.26 	 57260.62896024258 
12.28 	 57220.91511378063 
12.3 	 57134.04909796091 
12.32 	 57001.62861506233 
12.34 	 56816.459474250645 
12.36 	 56584.139632660736 
12.38 	 56294.695726525926 
12.4 	 55959.05701139733 
12.42 	 55566.7936080753 
12.44 	 55137.05698706798 
12.46 	 54663.95584489107 
12.48 	 54179.02447957198 
12.5 	 53688.77880267852 
12.52 	 53240.95219878015 
12.54 	 52864.204994336396 
12.56 	 52622.98026400528 
12.58 	 52577.43397348879 
12.6 	 52802.176843549045 
12.62 	 53394.929357209345 
12.64 	 54423.0329884893 
12.66 	 56022.20577820706 
12.68 	 58221.03941629232 
12.7 	 61187.86347163271 
12.72 	 64866.32816144427 
12.74 	 69449.37722929167 
12.76 	 74740.15202782313 
12.78 	 80950.96480283882 
12.8 	 87694.76859864824 
12.82 	 95203.29796913198 
12.84 	 102881.14387013699 
12.86 	 110978.95310399037 
12.88 	 118734.79901596831 
12.9 	 126403.76315549844 
12.92 	 133174.6419916405 
12.94 	 139268.53749616072 
12.96 	 144002.16772360326 
12.98 	 147507.61427281864 
13.0 	 149414.44342785038 
13.02 	 149720.63621892023 
13.04 	 148488.68393498936 
13.06 	 145575.8576013929 
13.08 	 141475.59477827436 
13.1 	 135942.1679242418 
13.12 	 129769.65562098751 
13.14 	 122667.67124248995 
13.16 	 115526.87040224465 
13.18 	 108059.15256021556 
13.2 	 101060.29670576958 
13.22 	 94266.78496946242 
13.24 	 88267.23688293256 
13.26 	 82829.5290655606 
13.28 	 78315.28416494415 
13.3 	 74529.38812412178 
13.32 	 71648.11752689876 
13.34 	 69523.33586835161 
13.36 	 68206.6616767098 
13.38 	 67608.04562835935 
13.4 	 67704.14631632323 
13.42 	 68469.81279813782 
13.44 	 69832.94106390627 
13.46 	 71833.05332991676 
13.48 	 74352.13776515865 
13.5 	 77488.16744569839 
13.52 	 81063.89154293225 
13.54 	 85226.71555980183 
13.56 	 89721.1834372891 
13.58 	 94735.13323549136 
13.6 	 99922.07358846958 
13.62 	 105501.73230009608 
13.64 	 111040.8884067235 
13.66 	 116780.90971883383 
13.68 	 122230.93076664628 
13.7 	 127639.2883934636 
13.72 	 132512.42880854776 
13.74 	 137086.60263779262 
13.76 	 140938.00324950024 
13.78 	 144272.0402315201 
13.8 	 146805.87205067827 
13.82 	 148702.88726904575 
13.84 	 149865.9553019421 
13.86 	 150417.11826188446 
13.88 	 150441.14350711982 
13.9 	 150028.14983208678 
13.92 	 149386.50493692458 
13.94 	 148584.41005080196 
13.96 	 147859.2044981665 
13.98 	 147262.67130329332 
14.0 	 146966.36007308622 
14.02 	 147009.6255470826 
14.04 	 147438.64400023117 
14.06 	 148289.40938809476 
14.08 	 149474.4569612797 
14.1 	 151042.34740565336 
14.12 	 152807.14210467378 
14.14 	 154847.31677725143 
14.16 	 156933.3848778402 
14.18 	 159184.58195673212 
14.2 	 161375.7530165359 
14.22 	 163666.21131370423 
14.24 	 165856.97312588766 
14.26 	 168134.63162805748 
14.28 	 170318.06686022523 
14.3 	 172598.80401601832 
14.32 	 174787.49671722585 
14.34 	 177052.9639750708 
14.36 	 179177.32337933392 
14.38 	 181278.85327713616 
14.4 	 183120.35682124295 
14.42 	 184746.98497484863 
14.44 	 185952.23666457215 
14.46 	 186696.65960984502 
14.48 	 186884.89317209597 
14.5 	 186398.62823838208 
14.52 	 185332.00851459178 
14.54 	 183514.32515409408 
14.56 	 181262.53569452165 
14.58 	 178396.0444823011 
14.6 	 175412.00558381664 
14.62 	 172164.2371561275 
14.64 	 169214.81514329693 
14.66 	 166483.48593149058 
14.68 	 164449.7543713754 
14.7 	 163116.2425871876 
14.72 	 162753.27732446662 
14.74 	 163459.71819482438 
14.76 	 165222.6921420145 
14.78 	 168255.51758647792 
14.8 	 172238.10387431365 
14.82 	 177514.65687342698 
14.84 	 183464.2300408365 
14.86 	 190557.44663996552 
14.88 	 197900.39408206925 
14.9 	 206044.52877844262 
14.92 	 213889.5824774469 
14.94 	 221968.89873273598 
14.96 	 229116.74860180644 
14.98 	 235697.76065547284 
15.0 	 240721.1798619062 
15.02 	 244205.42935495955 
15.04 	 245653.0866870826 
15.06 	 244590.33951227053 
15.08 	 241319.72136269297 
15.1 	 234845.27896108085 
15.12 	 226424.8794670497 
15.14 	 214689.5074593482 
15.16 	 201732.1660218473 
15.18 	 186104.2392873434 
15.2 	 170319.0751813497 
15.22 	 153133.603800334 
15.24 	 136919.0935360557 
15.26 	 120758.62466862569 
15.28 	 106431.84497146381 
15.3 	 93293.50491102724 
15.32 	 82380.89890605738 
15.34 	 73205.22824657826 
15.36 	 66179.46450827086 
15.38 	 60892.820026570735 
15.4 	 57357.40339408196 
15.42 	 55218.61303155864 
15.44 	 54286.93355337379 
15.46 	 54274.31179533498 
15.48 	 54924.5034615204 
15.5 	 56030.55975976175 
15.52 	 57350.805778723305 
15.54 	 58762.97007631032 
15.56 	 60085.5262319948 
15.58 	 61270.789973242434 
15.6 	 62216.40005131327 
15.62 	 62929.52312549526 
15.64 	 63383.1078931449 
15.66 	 63615.6524264776 
15.68 	 63654.106919087324 
15.7 	 63546.41684963089 
15.72 	 63344.40074891204 
15.74 	 63089.34420825868 
15.76 	 62831.75899870655 
15.78 	 62598.20133260017 
15.8 	 62421.99439827082 
15.82 	 62314.88289322358 
15.84 	 62289.07798524315 
15.86 	 62347.28104832813 
15.88 	 62485.534049823684 
15.9 	 62705.76474909359 
15.92 	 62996.21588526007 
15.94 	 63365.30372277758 
15.96 	 63799.83513763255 
15.98 	 64318.222597688284 
16.0 	 64906.61173352516 
16.02 	 65591.95278020494 
16.04 	 66354.46048684363 
16.06 	 67224.00436342601 
16.08 	 68166.52349521816 
16.1 	 69207.64322299653 
16.12 	 70292.8557748167 
16.14 	 71438.13407736998 
16.16 	 72569.63872106212 
16.18 	 73692.4147726685 
16.2 	 74723.96670966153 
16.22 	 75661.557185039 
16.24 	 76432.04322731802 
16.26 	 77030.63484470242 
16.28 	 77412.57842589685 
16.3 	 77576.42163892035 
16.32 	 77518.17365960863 
16.34 	 77242.23188358963 
16.36 	 76785.83710774407 
16.38 	 76157.91192616503 
16.4 	 75425.49760357723 
16.42 	 74597.91468372 
16.44 	 73753.79515629598 
16.46 	 72898.35993310029 
16.48 	 72104.06762074359 
16.5 	 71369.64237958592 
16.52 	 70749.56959209096 
16.54 	 70236.91282784705 
16.56 	 69863.95031730081 
16.58 	 69621.3590169347 
16.6 	 69520.48064424816 
16.62 	 69553.04332916452 
16.64 	 69712.43891306905 
16.66 	 69992.43163359618 
16.68 	 70369.99245473574 
16.7 	 70837.77380086598 
16.72 	 71355.68182411672 
16.74 	 71908.2166281225 
16.76 	 72437.91266470125 
16.78 	 72912.66524679985 
16.8 	 73262.55741838989 
16.82 	 73433.08609709407 
16.84 	 73356.57598326454 
16.86 	 72957.02052673062 
16.88 	 72193.78200733206 
16.9 	 70978.79555822312 
16.92 	 69326.65894263446 
16.94 	 67153.1978248535 
16.96 	 64547.23118889152 
16.98 	 61444.73212398539 
17.0 	 58006.25035388834 
17.02 	 54196.47184932977 
17.04 	 50220.305892948745 
17.06 	 46067.004290663295 
17.08 	 41943.31869470639 
17.1 	 37848.40246211917 
17.12 	 33951.30984120771 
17.14 	 30244.70077211803 
17.16 	 26838.835091353965 
17.18 	 23711.11077292614 
17.2 	 20914.633533087403 
17.22 	 18414.02221853849 
17.24 	 16222.817220473948 
17.26 	 14303.207294646914 
17.28 	 12651.386640150398 
17.3 	 11238.6412656929 
17.32 	 10061.544395077726 
17.34 	 9107.78679291471 
17.36 	 8383.52365571402 
17.38 	 7893.933568591856 
17.4 	 7655.615551697178 
17.42 	 7686.793132204083 
17.44 	 8008.902980309182 
17.46 	 8644.9319045109 
17.48 	 9610.744980905067 
17.5 	 10923.690679255073 
17.52 	 12580.207882727005 
17.54 	 14581.475048224716 
17.56 	 16889.63539109388 
17.58 	 19481.804070981056 
17.6 	 22274.802885006484 
17.62 	 25219.57435034357 
17.64 	 28187.336558288807 
17.66 	 31108.623023720167 
17.68 	 33825.51232810318 
17.7 	 36261.44195833276 
17.72 	 38263.0878191838 
17.74 	 39764.71981292964 
17.76 	 40660.19800258414 
17.78 	 40912.41356360282 
17.8 	 40497.58371526431 
17.82 	 39419.21676572119 
17.84 	 37746.77573240069 
17.86 	 35525.266421643646 
17.88 	 32896.77593968073 
17.9 	 29935.142003085162 
17.92 	 26811.333771068665 
17.94 	 23605.265694737463 
17.96 	 20469.743416389207 
17.98 	 17467.112971209324 
18.0 	 14700.76635862371 
18.02 	 12200.871127190929 
18.04 	 10013.812843810401 
18.06 	 8136.518040900264 
18.08 	 6569.720633954094 
18.1 	 5286.802698796105 
18.12 	 4262.290699071302 
18.14 	 3459.6201322290603 
18.16 	 2844.997711459381 
18.18 	 2383.2237873418703 
18.2 	 2043.687697652635 
18.22 	 1798.7416509924246 
18.24 	 1625.7627160111558 
18.26 	 1506.0788876623683 
18.28 	 1425.2606512770908 
18.3 	 1372.1893666200006 
18.32 	 1338.7176248189837 
18.34 	 1318.9230435839945 
18.36 	 1308.6740412412785 
18.38 	 1305.1201286719906 
18.4 	 1306.3559936851373 
18.42 	 1311.1259929589592 
18.44 	 1318.6116590807321 
18.46 	 1328.2901836357444 
18.48 	 1339.8115551817934 
18.5 	 1352.9517175204724 
18.52 	 1367.5393758896394 
18.54 	 1383.4612370349 
18.56 	 1400.6095423456031 
18.58 	 1418.914003598252 
18.6 	 1438.2937102516478 
18.62 	 1458.7033651818413 
18.64 	 1480.0828962165392 
18.66 	 1502.4140616227212 
18.68 	 1525.6667639604227 
18.7 	 1549.8660164106145 
18.72 	 1575.0350271394132 
18.74 	 1601.272190547248 
18.76 	 1628.688172124831 
18.78 	 1657.4901647204479 
18.8 	 1687.9063020157703 
18.82 	 1720.2738685046056 
18.84 	 1754.9431638371243 
18.86 	 1792.3708420865287 
18.88 	 1832.9984046855302 
18.9 	 1877.360509983927 
18.92 	 1925.9376779726283 
18.94 	 1979.2968008845944 
18.96 	 2037.917275265393 
18.98 	 2102.380713180782 
19.0 	 2173.15989230395 
19.02 	 2250.8652021152943 
19.04 	 2335.967982727797 
19.06 	 2429.098732288019 
19.08 	 2530.6594007955814 
19.1 	 2641.164653577615 
19.12 	 2760.694805131164 
19.14 	 2889.287190342631 
19.16 	 3026.205065996979 
19.18 	 3170.4216907719333 
19.2 	 3319.73517691004 
19.22 	 3471.4240536461793 
19.24 	 3621.3129348500465 
19.26 	 3764.675054615691 
19.28 	 3895.420037450152 
19.3 	 4007.2336734231835 
19.32 	 4093.0793516133704 
19.34 	 4146.394818278493 
19.36 	 4161.046789292274 
19.38 	 4132.222116867516 
19.4 	 4056.8573900123965 
19.42 	 3933.8019268893963 
19.44 	 3764.607417412129 
19.46 	 3552.7050876791136 
19.48 	 3304.353318558657 
19.5 	 3026.9245391211516 
19.52 	 2729.8201968383282 
19.54 	 2422.316437272338 
19.56 	 2114.353407154928 
19.58 	 1814.5299515585634 
19.6 	 1530.7846397450946 
19.62 	 1268.9857524790132 
19.64 	 1033.5671307619575 
19.66 	 826.8459385602135 
19.68 	 649.6410139670761 
19.7 	 501.1647083704713 
19.72 	 379.5864737189699 
19.74 	 282.21796472061766 
19.76 	 205.95409014352396 
19.78 	 147.50552087061786 
19.8 	 103.6737779896102 
19.82 	 71.50027362589016 
19.84 	 48.38364649667361 
19.86 	 32.1224760760328 
19.88 	 20.922746672049314 
19.9 	 13.369304753355676 
19.92 	 8.38057698913747 
19.94 	 5.153812562292954 
19.96 	 3.1098139153753994 
19.98 	 1.8417702304868602 
20.0 	 1.0717111551184568 
20.02 	 0.61387078778344 
20.04 	 0.3481447444671392 
20.06 	 0.1975557522915302 
20.08 	 0.11450789381920895 
20.1 	 0.07121011516658478 
20.12 	 0.05040325796547991 
20.14 	 0.04563678178578615 
20.16 	 0.04568210133075715 
20.18 	 0.048200933830810755 
20.2 	 0.055011987535111266 
20.22 	 0.0647965218050744 
20.24 	 0.07489458512045835 
20.26 	 0.08381743352824952 
20.28 	 0.09566091805966803 
20.3 	 0.10511852472432366 
20.32 	 0.11485555571282044 
20.34 	 0.12386309202859391 
20.36 	 0.13139338282788204 
20.38 	 0.13768399646202129 
20.4 	 0.1428938979531411 
20.42 	 0.14632255730800134 
20.44 	 0.1488869577876587 
20.46 	 0.1498317480967401 
20.48 	 0.14997821119360888 
20.5 	 0.14851901663594 
20.52 	 0.1470391222311551 
20.54 	 0.14470860465609514 
20.56 	 0.14233019477243183 
20.58 	 0.13903516423888118 
20.6 	 0.13564641079777512 
20.62 	 0.133071294396411 
20.64 	 0.13043465784091388 
20.66 	 0.12962511445504132 
20.68 	 0.12880694535213938 
20.7 	 0.12893151686601959 
20.72 	 0.13279761936707632 
20.74 	 0.14185673785178388 
20.76 	 0.1583659190106345 
20.78 	 0.1909460554741644 
20.8 	 0.2489054958795089 
20.82 	 0.3491712479762363 
20.84 	 0.5189754055928826 
20.86 	 0.8007755372542816 
20.88 	 1.2579448950681895 
20.9 	 1.98424537167443 
20.92 	 3.1145626512184097 
20.94 	 4.837451397577925 
20.96 	 7.409743000678324 
20.98 	 11.171160883519596 
21.0 	 16.55796122443277 
21.02 	 24.11282321754001 
21.04 	 34.48797197631384 
21.06 	 48.43867957865677 
21.08 	 66.80248847972399 
21.1 	 90.46408560677999 
21.12 	 120.2995458094185 
21.14 	 157.10908565778053 
21.16 	 201.52685739788802 
21.18 	 253.93748034689946 
21.2 	 314.37034672815554 
21.22 	 382.4389038717628 
21.24 	 457.2533745780392 
21.26 	 537.43361614785 
21.28 	 621.0734236157592 
21.3 	 705.8640819115042 
21.32 	 789.1228736615902 
21.34 	 868.023741975508 
21.36 	 939.672270659702 
21.38 	 1001.3893978521277 
21.4 	 1050.7932737507888 
21.42 	 1086.0493435602812 
21.44 	 1105.9189414153238 
21.46 	 1109.8942081192224 
21.48 	 1098.192218324129 
21.5 	 1071.734575271474 
21.52 	 1032.0914060694556 
21.54 	 981.3216966652728 
21.56 	 921.8908608419996 
21.58 	 856.4322772476094 
21.6 	 787.6698933031253 
21.62 	 718.1771245628761 
21.64 	 650.332654312497 
21.66 	 586.1386758454285 
21.68 	 527.2260821294725 
21.7 	 474.7611043573907 
21.72 	 429.4988724481798 
21.74 	 391.7719916656658 
21.76 	 361.5748932792338 
21.78 	 338.60394844290744 
21.8 	 322.34640548474067 
21.82 	 312.13613313741433 
21.84 	 307.22435033244807 
21.86 	 306.8256140886585 
21.88 	 310.1602123992358 
21.9 	 316.48216491524965 
21.92 	 325.09691398387366 
21.94 	 335.3762948402683 
21.96 	 346.7621905050796 
21.98 	 358.77690175162127 
22.0 	 371.0215217657689 
22.02 	 383.1855334296666 
22.04 	 395.04203923912905 
22.06 	 406.4542822589196 
22.08 	 417.365151238321 
22.1 	 427.79664800936644 
22.12 	 437.8318556909123 
22.14 	 447.6071598335717 
22.16 	 457.28938071848665 
22.18 	 467.0658413009592 
22.2 	 477.1228178396323 
22.22 	 487.6405069913402 
22.24 	 498.7779733262111 
22.26 	 510.67720128239876 
22.28 	 523.4550855615555 
22.3 	 537.2156715051375 
22.32 	 552.0451147042877 
22.34 	 568.0279004683546 
22.36 	 585.239231524116 
22.38 	 603.761403177923 
22.4 	 623.6699649926032 
22.42 	 645.0493409972577 
22.44 	 667.9720972527375 
22.46 	 692.5156888837283 
22.48 	 718.7358764467288 
22.5 	 746.6874393118387 
22.52 	 776.3926052095688 
22.54 	 807.8679666134615 
22.56 	 841.0877882309347 
22.58 	 876.0185486461813 
22.6 	 912.5765403782832 
22.62 	 950.6712665186612 
22.64 	 990.1571523687386 
22.66 	 1030.8870902396125 
22.68 	 1072.6585492500703 
22.7 	 1115.2779098803717 
22.72 	 1158.5010011412605 
22.74 	 1202.1071436980512 
22.76 	 1245.8333016016318 
22.78 	 1289.4547978597066 
22.8 	 1332.7119117003479 
22.82 	 1375.3934076647088 
22.84 	 1417.2555168718209 
22.86 	 1458.105404046938 
22.88 	 1497.7149349799097 
22.9 	 1535.903257453873 
22.92 	 1572.4503069824086 
22.94 	 1607.179155214273 
22.96 	 1639.8753185199234 
22.98 	 1670.3691618828323 
23.0 	 1698.4661074498679 
23.02 	 1724.0272737658802 
23.04 	 1746.913237361364 
23.06 	 1767.058603340378 
23.08 	 1784.4292939756258 
23.1 	 1799.085519466467 
23.12 	 1811.150574223365 
23.14 	 1820.8575454112543 
23.16 	 1828.526346731667 
23.18 	 1834.5920702563346 
23.2 	 1839.5857571453948 
23.22 	 1844.1452831929967 
23.24 	 1848.9933473166757 
23.26 	 1854.9340581789886 
23.28 	 1862.8189969495838 
23.3 	 1873.534519532839 
23.32 	 1887.9453862378612 
23.34 	 1906.8810693955836 
23.36 	 1931.0490656878264 
23.38 	 1961.0349005343335 
23.4 	 1997.1850074148006 
23.42 	 2039.6433542660334 
23.44 	 2088.2140078960356 
23.46 	 2142.461692675937 
23.48 	 2201.5706407569082 
23.5 	 2264.529251939451 
23.52 	 2329.998685200878 
23.54 	 2396.5795819869445 
23.56 	 2462.691118686763 
23.58 	 2526.8871436005206 
23.6 	 2587.732367500181 
23.62 	 2644.1124623650344 
23.64 	 2695.090330933005 
23.66 	 2740.155303551593 
23.68 	 2779.0540845444425 
23.7 	 2811.950346993462 
23.72 	 2839.2449656079093 
23.74 	 2861.654609144514 
23.76 	 2880.0499118972634 
23.78 	 2895.48933777898 
23.8 	 2909.10106980101 
23.82 	 2922.113498845895 
23.84 	 2935.7857985411165 
23.86 	 2951.4601395085433 
23.88 	 2970.515007044349 
23.9 	 2994.4394849121154 
23.92 	 3024.7551420283207 
23.94 	 3063.0973439496793 
23.96 	 3111.039961408482 
23.98 	 3170.1777686063833 
24.0 	 3241.8030739596243 
24.02 	 3327.0200879928348 
24.04 	 3426.262417205723 
24.06 	 3539.5194697331767 
24.08 	 3665.733025578036 
24.1 	 3803.245274353542 
24.12 	 3949.147796667308 
24.14 	 4100.0355206912545 
24.16 	 4251.384095736902 
24.18 	 4398.598461793962 
24.2 	 4536.464796402961 
24.22 	 4660.343252994794 
24.24 	 4765.7004996790165 
24.26 	 4849.184234443484 
24.28 	 4908.223390752124 
24.3 	 4941.714891641214 
24.32 	 4949.697041424996 
24.34 	 4933.499852847772 
24.36 	 4895.535779159556 
24.38 	 4838.951598686414 
24.4 	 4767.599529742183 
24.42 	 4685.374609945609 
24.44 	 4596.402110740237 
24.46 	 4504.282369381753 
24.48 	 4412.472168912913 
24.5 	 4323.604914464026 
24.52 	 4239.996111491385 
24.54 	 4163.123867362574 
24.56 	 4094.1773554347765 
24.58 	 4033.715811712868 
24.6 	 3982.1909590076475 
24.62 	 3939.7569560998795 
24.64 	 3906.705906792854 
24.66 	 3883.371964404227 
24.68 	 3870.4185792782732 
24.7 	 3868.778932752396 
24.72 	 3879.743477120473 
24.74 	 3904.918868082609 
24.76 	 3946.0944075861 
24.78 	 4005.2676731695406 
24.8 	 4084.299346871558 
24.82 	 4185.107162232577 
24.84 	 4309.121261129563 
24.86 	 4457.761481835965 
24.88 	 4631.672724576498 
24.9 	 4831.579529952236 
24.92 	 5057.232398433864 
24.94 	 5308.702839813155 
24.96 	 5584.932092386273 
24.98 	 5885.50912305817 
25.0 	 6208.697955212148 
25.02 	 6553.739024011637 
25.04 	 6918.248628899725 
25.06 	 7301.101525840251 
25.08 	 7699.148264133198 
25.1 	 8110.759049192849 
25.12 	 8531.877325693928 
25.14 	 8960.292508173761 
25.16 	 9391.108656147548 
25.18 	 9821.72697342121 
25.2 	 10246.834449420967 
25.22 	 10663.92730256288 
25.24 	 11067.934656861189 
25.26 	 11456.98196211204 
25.28 	 11826.8058532818 
25.3 	 12176.43244327906 
25.32 	 12502.628697840177 
25.34 	 12805.261617476379 
25.36 	 13082.114429116566 
25.38 	 13333.801995006294 
25.4 	 13559.261712820855 
25.42 	 13760.122443181885 
25.44 	 13937.011279899463 
25.46 	 14093.218804014445 
25.48 	 14231.702275623957 
25.5 	 14357.899442556865 
25.52 	 14477.091779151198 
25.54 	 14596.42642636974 
25.56 	 14722.241097849546 
25.58 	 14861.727182666897 
25.6 	 15019.914103661831 
25.62 	 15201.730000863674 
25.64 	 15408.50195066746 
25.66 	 15641.197533797882 
25.68 	 15896.415397088946 
25.7 	 16171.237413452536 
25.72 	 16458.73331560795 
25.74 	 16754.270660697985 
25.76 	 17050.57053646013 
25.78 	 17344.81235327962 
25.8 	 17633.260536595844 
25.82 	 17918.346948875005 
25.84 	 18202.772006642263 
25.86 	 18496.073507629222 
25.88 	 18807.814262133677 
25.9 	 19153.874611481082 
25.92 	 19547.908699366493 
25.94 	 20008.514418484596 
25.96 	 20547.75036948867 
25.98 	 21181.181774253317 
26.0 	 21912.11768673929 
26.02 	 22747.012413373734 
26.04 	 23674.34167142192 
26.06 	 24687.579721898852 
26.08 	 25758.32866617685 
26.1 	 26867.70479435545 
26.12 	 27974.484224767377 
26.14 	 29053.17777541865 
26.16 	 30059.471190283788 
26.18 	 30970.293356085556 
26.2 	 31750.294620132005 
26.22 	 32387.311672251704 
26.24 	 32864.29148342878 
26.26 	 33184.09697244313 
26.28 	 33350.53546619468 
26.3 	 33379.51296933874 
26.32 	 33290.7834888018 
26.34 	 33106.5255553635 
26.36 	 32852.9806490478 
26.38 	 32550.504895369864 
26.4 	 32222.465640988794 
26.42 	 31881.536718539694 
26.44 	 31542.638549821782 
26.46 	 31209.012097760493 
26.48 	 30886.512249334828 
26.5 	 30571.003812538627 
26.52 	 30262.414779344177 
26.54 	 29953.344932871372 
26.56 	 29642.354529294178 
26.58 	 29322.87785241096 
26.6 	 28995.867604882602 
26.62 	 28658.153600892536 
26.64 	 28314.69968310716 
26.66 	 27966.143701722962 
26.68 	 27620.722068961357 
26.7 	 27281.462869139887 
26.72 	 26957.549772695125 
26.74 	 26652.136344748676 
26.76 	 26372.742043943494 
26.78 	 26120.70336632097 
26.8 	 25900.18223337772 
26.82 	 25709.908009701336 
26.84 	 25550.507263581974 
26.86 	 25418.649333909212 
26.88 	 25312.609865557915 
26.9 	 25228.47264822733 
26.92 	 25164.029777268745 
26.94 	 25116.4734202233 
26.96 	 25084.82525826397 
26.98 	 25068.60163618865 
27.0 	 25068.9119729202 
27.02 	 25087.83976860619 
27.04 	 25128.193696527484 
27.06 	 25193.710729263592 
27.08 	 25287.29037686727 
27.1 	 25412.460544028312 
27.12 	 25569.887708715098 
27.14 	 25760.70404747791 
27.16 	 25981.23056618777 
27.18 	 26228.628750290027 
27.2 	 26494.096020753634 
27.22 	 26770.845464335256 
27.24 	 27046.44929155631 
27.26 	 27312.46821846657 
27.28 	 27556.95218312978 
27.3 	 27774.401856672604 
27.32 	 27959.428654244966 
27.34 	 28115.535184062937 
27.36 	 28250.323501957326 
27.38 	 28382.219589461576 
27.4 	 28536.26213654706 
27.42 	 28749.5243944914 
27.44 	 29064.51538688067 
27.46 	 29536.499364316252 
27.48 	 30219.188033326744 
27.5 	 31180.15232051907 
27.52 	 32471.00306319558 
27.54 	 34160.62769544191 
27.56 	 36279.34633900159 
27.58 	 38883.973117779096 
27.6 	 41962.27869128157 
27.62 	 45548.33338235783 
27.64 	 49570.63795529882 
27.66 	 54038.44126086004 
27.68 	 58816.57574522723 
27.7 	 63899.426287892056 
27.72 	 69101.36905224108 
27.74 	 74422.01628634859 
27.76 	 79654.61088297142 
27.78 	 84826.5860320756 
27.8 	 89745.31319134773 
27.82 	 94480.7091075168 
27.84 	 98879.96217080462 
27.86 	 103053.95841849755 
27.88 	 106893.33084077654 
27.9 	 110530.85400281035 
27.92 	 113881.43989569123 
27.94 	 117070.35342541753 
27.96 	 120008.18101647863 
27.98 	 122785.90143825665 
28.0 	 125291.93542097262 
28.02 	 127570.5065972906 
28.04 	 129495.19017077127 
28.06 	 131069.04207205414 
28.08 	 132182.4549632543 
28.1 	 132815.16800237776 
28.12 	 132914.56404977528 
28.14 	 132456.19157706562 
28.16 	 131471.7756406846 
28.18 	 129943.60432670811 
28.2 	 127988.09449817035 
28.22 	 125593.748693935 
28.24 	 122935.68038844192 
28.26 	 120000.1228747018 
28.28 	 116982.06776938017 
28.3 	 113856.15217086268 
28.32 	 110802.57840476661 
28.34 	 107780.40025473846 
28.36 	 104935.43420758378 
28.38 	 102214.66697251867 
28.4 	 99726.34424476392 
28.42 	 97414.52336953967 
28.44 	 95357.61788741214 
28.46 	 93507.80852863942 
28.48 	 91925.0184172962 
28.5 	 90579.27390983807 
28.52 	 89521.19962560268 
28.54 	 88745.13400449473 
28.56 	 88296.01927113459 
28.58 	 88194.71171911582 
28.6 	 88476.77789652883 
28.62 	 89186.97132769051 
28.64 	 90340.09030003408 
28.66 	 91997.51670718462 
28.68 	 94135.73800893872 
28.7 	 96822.57168032078 
28.72 	 99976.8599218392 
28.74 	 103663.16187940036 
28.76 	 107728.60554524798 
28.78 	 112229.1274204922 
28.8 	 116939.24163007828 
28.82 	 121907.29998847205 
28.84 	 126852.94648759242 
28.86 	 131823.2712976002 
28.88 	 136519.10533443143 
28.9 	 140994.0707712188 
28.92 	 144976.80550796966 
28.94 	 148532.2920743211 
28.96 	 151460.70831035764 
28.98 	 153837.39223383655 
29.0 	 155560.92745475675 
29.02 	 156709.95844709346 
29.04 	 157283.3841107826 
29.06 	 157352.33916543765 
29.08 	 156994.7335510355 
29.1 	 156263.40592551 
29.12 	 155281.10403003023 
29.14 	 154075.5332270768 
29.16 	 152780.4993210853 
29.18 	 151398.22226283504 
29.2 	 150049.97672911888 
29.22 	 148718.77248802755 
29.24 	 147502.9391557535 
29.26 	 146376.95954423936 
29.28 	 145415.8231971034 
29.3 	 144596.95972403415 
29.32 	 143975.3862327762 
29.34 	 143539.96608251004 
29.36 	 143326.77847618898 
29.38 	 143338.68961200578 
29.4 	 143587.9911477418 
29.42 	 144086.85020590833 
29.44 	 144813.41666855372 
29.46 	 145777.9609885211 
29.48 	 146913.3634349493 
29.5 	 148213.44124761183 
29.52 	 149562.16113270502 
29.54 	 150924.09079179133 
29.56 	 152147.34564461577 
29.58 	 153162.15977521517 
29.6 	 153816.24680101994 
29.62 	 154013.02083878996 
29.64 	 153654.25003863242 
29.66 	 152637.84923207134 
29.68 	 150977.05933598438 
29.7 	 148594.07211963975 
29.72 	 145648.016547157 
29.74 	 142110.58296823455 
29.76 	 138274.00881002392 
29.78 	 134163.93249205893 
29.8 	 130139.76430300465 
29.82 	 126256.48050123235 
29.84 	 122843.22307338822 
29.86 	 119940.65679453372 
29.88 	 117759.60061378317 
29.9 	 116289.37761917715 
29.92 	 115581.12921303743 
29.94 	 115566.20073046275 
29.96 	 116154.72910652867 
29.98 	 117248.19799992738 
30.0 	 118679.35824899626 
30.02 	 120365.66868494396 
30.04 	 122138.22210196001 
30.06 	 123968.81335111341 
30.08 	 125741.02295885222 
30.1 	 127494.33679597836 
30.12 	 129178.033004822 
30.14 	 130885.62106166943 
30.16 	 132606.63042174865 
30.18 	 134459.17864632737 
30.2 	 136428.60436160053 
30.22 	 138628.4909711258 
30.24 	 141000.68954117547 
30.26 	 143636.88195531195 
30.28 	 146417.21959627426 
30.3 	 149407.85145763337 
30.32 	 152432.88396381814 
30.34 	 155536.7368667861 
30.36 	 158510.01912771212 
30.38 	 161377.83354959614 
30.4 	 163927.2320673149 
30.42 	 166159.8667500336 
30.44 	 167890.50887838847 
30.46 	 169088.3643127866 
30.48 	 169627.3702786095 
30.5 	 169437.60560678842 
30.52 	 168483.905221842 
30.54 	 166660.53488242242 
30.56 	 164050.96697371895 
30.58 	 160529.40830105008 
30.6 	 156310.83671818257 
30.62 	 151271.98903566244 
30.64 	 145744.93658509396 
30.66 	 139627.26576909667 
30.68 	 133322.46567057515 
30.7 	 126753.50493622573 
30.72 	 120329.38757348541 
30.74 	 113988.12372095165 
30.76 	 108080.3097763039 
30.78 	 102541.944403985 
30.8 	 97624.15032595159 
30.82 	 93248.27830167307 
30.84 	 89556.12648186513 
30.86 	 86452.4983125664 
30.88 	 83985.50807992983 
30.9 	 82051.03613311834 
30.92 	 80631.90309953415 
30.94 	 79626.66280414007 
30.96 	 78982.55655559478 
30.98 	 78611.25765939475 
31.0 	 78449.21003400623 
31.02 	 78428.02450041105 
31.04 	 78491.11854247429 
31.06 	 78592.6588860568 
31.08 	 78693.27054551104 
31.1 	 78768.02253282937 
31.12 	 78797.30798729415 
31.14 	 78771.48181607468 
31.16 	 78686.71616924791 
31.18 	 78540.718021874 
31.2 	 78338.31165416178 
31.22 	 78077.55976773716 
31.24 	 77766.43854485135 
31.26 	 77400.60787737624 
31.28 	 76990.53270182108 
31.3 	 76531.8092572855 
31.32 	 76040.71392669383 
31.34 	 75517.5254621007 
31.36 	 74987.16794127917 
31.38 	 74457.2157632303 
31.4 	 73959.04408289176 
31.42 	 73505.1162391046 
31.44 	 73125.36301132715 
31.46 	 72830.97532295657 
31.48 	 72641.0713354308 
31.5 	 72560.36047678656 
31.52 	 72592.49268996378 
31.54 	 72736.11993820431 
31.56 	 72983.07519044299 
31.58 	 73333.247443177 
31.6 	 73776.98571909811 
31.62 	 74326.59967576271 
31.64 	 74982.06932137856 
31.66 	 75777.9778709192 
31.68 	 76728.90772864838 
31.7 	 77895.52600467084 
31.72 	 79300.97643999475 
31.74 	 81027.2959683391 
31.76 	 83087.92455183927 
31.78 	 85573.36257332024 
31.8 	 88459.90116280194 
31.82 	 91828.75910875169 
31.84 	 95590.13596870324 
31.86 	 99799.51690954539 
31.88 	 104282.43946496768 
31.9 	 109060.6764338596 
31.92 	 113879.91698900069 
31.94 	 118733.58006526474 
31.96 	 123323.55483835966 
31.98 	 127633.06478650875 
32.0 	 131383.06224426097 
32.02 	 134571.13777079294 
32.04 	 137007.50697777615 
32.06 	 138725.28420207763 
32.08 	 139672.92387065428 
32.1 	 139927.2941039732 
32.12 	 139579.14890107728 
32.14 	 138738.87765850444 
32.16 	 137594.02684381034 
32.18 	 136261.437989315 
32.2 	 134948.92265702278 
32.22 	 133745.64152029622 
32.24 	 132804.20953972885 
32.26 	 132159.3097453292 
32.28 	 131863.02036476225 
32.3 	 131887.93276796778 
32.32 	 132184.1929707627 
32.34 	 132677.08037080432 
32.36 	 133253.29643302044 
32.38 	 133821.56162314775 
32.4 	 134265.58807076112 
32.42 	 134511.8305014368 
32.44 	 134498.30750437945 
32.46 	 134193.703663501 
32.48 	 133620.62278018595 
32.5 	 132795.00542113406 
32.52 	 131814.57153536403 
32.54 	 130725.8436276361 
32.56 	 129657.88283982777 
32.58 	 128656.69506193316 
32.6 	 127826.58633427261 
32.62 	 127182.10373345719 
32.64 	 126761.63895143702 
32.66 	 126532.06685516103 
32.68 	 126457.9482018154 
32.7 	 126463.27681923748 
32.72 	 126465.18281914975 
32.74 	 126365.51052390736 
32.76 	 126080.02145750144 
32.78 	 125512.90351154844 
32.8 	 124622.69834366646 
32.82 	 123332.621173115 
32.84 	 121668.5870582789 
32.86 	 119576.5828924183 
32.88 	 117148.86912609797 
32.9 	 114347.4426026718 
32.92 	 111310.5895683794 
32.94 	 108005.94943276103 
32.96 	 104591.04811332538 
32.98 	 101031.76353612295 
33.0 	 97482.735631637 
33.02 	 93906.38159554345 
33.04 	 90441.50278596117 
33.06 	 87049.634902933 
33.08 	 83848.45460399757 
33.1 	 80802.22449392543 
33.12 	 78006.21667773587 
33.14 	 75429.75113429033 
33.16 	 73145.9018276907 
33.18 	 71129.8286814187 
33.2 	 69433.37640609225 
33.22 	 68037.61990150364 
33.24 	 66974.65881652881 
33.26 	 66231.17092430017 
33.28 	 65820.47414936985 
33.3 	 65733.28707564565 
33.32 	 65963.0344537427 
33.34 	 66500.57102684313 
33.36 	 67315.85192214439 
33.38 	 68394.01802246986 
33.4 	 69677.85089028922 
33.42 	 71141.68877200139 
33.44 	 72702.07769033045 
33.46 	 74322.07112582399 
33.48 	 75902.08037467243 
33.5 	 77400.35738582347 
33.52 	 78721.03778577181 
33.54 	 79829.68676947041 
33.56 	 80658.39083563346 
33.58 	 81192.69909103599 
33.6 	 81411.47582239228 
33.62 	 81327.05707607523 
33.64 	 80969.41435199791 
33.66 	 80374.40152320405 
33.68 	 79610.08134323506 
33.7 	 78723.20190310902 
33.72 	 77795.19590614778 
33.74 	 76867.4180058906 
33.76 	 76009.372805282 
33.78 	 75244.71078178784 
33.8 	 74615.40463947045 
33.82 	 74124.24414280857 
33.84 	 73783.79994960761 
33.86 	 73581.85506587193 
33.88 	 73510.15409065047 
33.9 	 73551.5132205989 
33.92 	 73688.48799797302 
33.94 	 73907.13425900188 
33.96 	 74188.9561389011 
33.98 	 74526.15079074717 
34.0 	 74901.51806822553 
34.02 	 75311.59865978791 
34.04 	 75739.16681740644 
34.06 	 76181.8937527793 
34.08 	 76621.33180130068 
34.1 	 77054.63097365027 
34.12 	 77463.1697448944 
34.14 	 77843.92579524049 
34.16 	 78180.45162561216 
34.18 	 78469.97619422407 
34.2 	 78699.35995348508 
34.22 	 78864.5585231201 
34.24 	 78954.49443878968 
34.26 	 78960.58669249021 
34.28 	 78872.0188072044 
34.3 	 78673.40032762391 
34.32 	 78355.36851278624 
34.34 	 77897.57459764765 
34.36 	 77298.33324416255 
34.38 	 76539.06677119352 
34.4 	 75635.09611338115 
34.42 	 74578.45110072884 
34.44 	 73408.51623713327 
34.46 	 72133.99224611984 
34.48 	 70817.5411812675 
34.5 	 69483.79256045197 
34.52 	 68207.97644060971 
34.54 	 67022.45977097342 
34.56 	 65997.42423768753 
34.58 	 65160.68797493212 
34.6 	 64559.57114358811 
34.62 	 64206.660152282435 
34.64 	 64115.416107735306 
34.66 	 64279.12713877057 
34.68 	 64677.12193040746 
34.7 	 65287.51842630716 
34.72 	 66065.0226803513 
34.74 	 66982.186135247 
34.76 	 67983.28947634078 
34.78 	 69045.05211475329 
34.8 	 70113.8439904097 
34.82 	 71175.77713914445 
34.84 	 72186.12510494578 
34.86 	 73140.02900349748 
34.88 	 74003.1814897273 
34.9 	 74776.59269906221 
34.92 	 75436.26747174842 
34.94 	 75987.25987397404 
34.96 	 76417.57229522422 
34.98 	 76738.01100630773 
35.0 	 76952.326273957 
35.02 	 77081.34404889501 
35.04 	 77147.72100617991 
35.06 	 77186.50898059888 
35.08 	 77238.82237994771 
35.1 	 77356.06948819318 
35.12 	 77592.3177469735 
35.14 	 78014.54426018095 
35.16 	 78678.90593675962 
35.18 	 79663.52835744941 
35.2 	 81010.09157104457 
35.22 	 82798.91097622372 
35.24 	 85035.2494891361 
35.26 	 87788.75020331236 
35.28 	 91004.60069813432 
35.3 	 94729.09969577263 
35.32 	 98830.48657548545 
35.34 	 103325.89869526577 
35.36 	 108007.49572862322 
35.38 	 112869.68401042715 
35.4 	 117654.82962571914 
35.42 	 122353.86627971217 
35.44 	 126709.67405576647 
35.46 	 130737.1446584524 
35.48 	 134240.88680366162 
35.5 	 137287.3006638962 
35.52 	 139792.17828413824 
35.54 	 141891.14397443633 
35.56 	 143623.9786350653 
35.58 	 145192.81580539685 
35.6 	 146721.77342896105 
35.62 	 148449.34127277526 
35.64 	 150496.2844406963 
35.66 	 153083.9950979289 
35.68 	 156222.93339897503 
35.7 	 160059.72687984956 
35.72 	 164413.51569678332 
35.74 	 169320.3763475246 
35.76 	 174396.66455814094 
35.78 	 179570.8554066803 
35.8 	 184336.21505208165 
35.82 	 188552.6908907809 
35.84 	 191745.85137986697 
35.86 	 193764.5893333147 
35.88 	 194342.85491535687 
35.9 	 193373.01998615733 
35.92 	 190917.3839240236 
35.94 	 186944.9480431228 
35.96 	 181849.34260137865 
35.98 	 175674.1287272009 
36.0 	 169023.88919067432 
36.02 	 161976.3951691403 
36.04 	 155160.26280496773 
36.06 	 148625.2483509323 
36.08 	 142856.2091964809 
36.1 	 137822.5480233816 
36.12 	 133779.2895751698 
36.14 	 130599.8966935299 
36.16 	 128317.137986745 
36.18 	 126733.89107815955 
36.2 	 125733.58039917228 
36.22 	 125097.13297931771 
36.24 	 124655.12138916484 
36.26 	 124213.84641367276 
36.28 	 123635.67804291764 
36.3 	 122781.25324124724 
36.32 	 121596.48532198608 
36.34 	 120002.876207192 
36.36 	 118043.298442353 
36.38 	 115690.10488552036 
36.4 	 113065.63639503521 
36.42 	 110175.76670424214 
36.44 	 107187.93072090707 
36.46 	 104123.90227202955 
36.48 	 101158.4750593039 
36.5 	 98314.37525458861 
36.52 	 95741.58020356655 
36.54 	 93452.01660810513 
36.56 	 91548.67792201751 
36.58 	 90024.83907602563 
36.6 	 88926.3881724884 
36.62 	 88225.8531830625 
36.64 	 87914.73442272142 
36.66 	 87950.23259002317 
36.68 	 88284.09572203922 
36.7 	 88870.85429684463 
36.72 	 89645.40019580012 
36.74 	 90576.25933616619 
36.76 	 91605.87187169003 
36.78 	 92731.76119281328 
36.8 	 93920.96459600808 
36.82 	 95206.78105959082 
36.84 	 96582.29123479694 
36.86 	 98110.19713023002 
36.88 	 99792.11906206234 
36.9 	 101700.61566333262 
36.92 	 103814.93091569956 
36.94 	 106191.84255438033 
36.96 	 108758.56856746484 
36.98 	 111536.72203632796 
37.0 	 114391.0720105918 
37.02 	 117305.92184810754 
37.04 	 120103.48056123544 
37.06 	 122748.02314604491 
37.08 	 125065.17611348264 
37.1 	 127026.87667443637 
37.12 	 128514.37558112339 
37.14 	 129529.9536781467 
37.16 	 130043.19318690278 
37.18 	 130091.36776859651 
37.2 	 129728.97401137077 
37.22 	 129011.61053042443 
37.24 	 128042.05319375325 
37.26 	 126864.4959591527 
37.28 	 125580.75236201864 
37.3 	 124195.89341459048 
37.32 	 122774.45509668505 
37.34 	 121270.18421762469 
37.36 	 119703.17627227308 
37.38 	 117984.41944900525 
37.4 	 116111.77178048526 
37.42 	 113978.49686137434 
37.44 	 111598.37404101269 
37.46 	 108877.89585564437 
37.48 	 105881.3131966766 
37.5 	 102553.02590876735 
37.52 	 99021.43956867929 
37.54 	 95277.4243053863 
37.56 	 91498.50367560869 
37.58 	 87710.47371106043 
37.6 	 84101.34796040955 
37.62 	 80704.60561665626 
37.64 	 77672.5423094898 
37.66 	 75015.56778276867 
37.68 	 72815.87544688914 
37.7 	 71041.25168373922 
37.72 	 69695.0856690919 
37.74 	 68703.87865083579 
37.76 	 68011.9650287815 
37.78 	 67526.55168359909 
37.8 	 67172.57058979296 
37.82 	 66870.99545628094 
37.84 	 66570.87709654562 
37.86 	 66237.01827764622 
37.88 	 65872.43330070634 
37.9 	 65500.20601802469 
37.92 	 65181.06817339335 
37.94 	 64988.885558821814 
37.96 	 65017.74466022961 
37.98 	 65365.42210463815 
38.0 	 66116.374815806 
38.02 	 67356.9815476782 
38.04 	 69117.32030774008 
38.06 	 71443.43844777162 
38.08 	 74281.52050777154 
38.1 	 77626.54387939323 
38.12 	 81337.38658715055 
38.14 	 85368.74371318948 
38.16 	 89516.56250581329 
38.18 	 93721.4799711104 
38.2 	 97761.06399124578 
38.22 	 101591.7315682862 
38.24 	 105022.64647075605 
38.26 	 108047.58770182251 
38.28 	 110545.58885147529 
38.3 	 112553.92562266905 
38.32 	 114035.4311316468 
38.34 	 115061.14997011688 
38.36 	 115664.9110917859 
38.38 	 115931.46594770065 
38.4 	 115934.6226707259 
38.42 	 115750.82423180643 
38.44 	 115458.83915973218 
38.46 	 115110.2909816891 
38.48 	 114762.53326351785 
38.5 	 114435.40915294565 
38.52 	 114153.71947520257 
38.54 	 113908.49528407972 
38.56 	 113696.30673891342 
38.58 	 113490.08631739179 
38.6 	 113273.55947824872 
38.62 	 113016.22082609696 
38.64 	 112708.07538126108 
38.66 	 112328.79508035336 
38.68 	 111888.91709123415 
38.7 	 111385.4557206965 
38.72 	 110851.6183959871 
38.74 	 110298.56017262266 
38.76 	 109769.79857327051 
38.78 	 109277.11100431955 
38.8 	 108852.3464580567 
38.82 	 108489.43747581782 
38.84 	 108188.2108227216 
38.86 	 107910.56966596679 
38.88 	 107618.35856288372 
38.9 	 107240.24794015441 
38.92 	 106715.826317538 
38.94 	 105955.26452377399 
38.96 	 104909.60325579428 
38.98 	 103495.69197170986 
39.0 	 101712.87169857499 
39.02 	 99508.36698200775 
39.04 	 96950.75702913567 
39.06 	 94027.69217732133 
39.08 	 90869.88248148421 
39.1 	 87496.57539245994 
39.12 	 84068.38759337692 
39.14 	 80613.78461815804 
39.16 	 77282.53709488346 
39.18 	 74089.30073947446 
39.2 	 71143.37254419531 
39.22 	 68434.18343466477 
39.24 	 66022.88487485948 
39.26 	 63877.87785981555 
39.28 	 62023.68037036476 
39.3 	 60421.62758627996 
39.32 	 59078.14743520722 
39.34 	 57960.51189920212 
39.36 	 57069.86597707905 
39.38 	 56383.181595689086 
39.4 	 55897.431652860905 
39.42 	 55592.87217809022 
39.44 	 55454.9404563073 
39.46 	 55456.80682497397 
39.48 	 55565.65853366856 
39.5 	 55741.944132900084 
39.52 	 55936.94710215349 
39.54 	 56102.62087650924 
39.56 	 56187.691254427715 
39.58 	 56147.983676446594 
39.6 	 55948.234417186824 
39.62 	 55561.59718983238 
39.64 	 54983.04278251946 
39.66 	 54210.115828488604 
39.68 	 53270.752631781426 
39.7 	 52184.232847641346 
39.72 	 51002.07598970708 
39.74 	 49755.05284180299 
39.76 	 48502.13279509396 
39.78 	 47273.08012872379 
39.8 	 46118.664334631285 
39.82 	 45057.817044461655 
39.84 	 44122.862421956284 
39.86 	 43316.93220458549 
39.88 	 42650.19134867221 
39.9 	 42109.42642116874 
39.92 	 41684.156262767356 
39.94 	 41347.380150911216 
39.96 	 41073.241209623855 
39.98 	 40825.97055201946 
40.0 	 40572.78412969772 
40.02 	 40276.67661319342 
40.04 	 39908.98825384502 
40.06 	 39440.84970184955 
40.08 	 38859.111651511674 
40.1 	 38151.564218871164 
40.12 	 37327.94522696799 
40.14 	 36396.24517662844 
40.16 	 35388.16017096441 
40.18 	 34327.50746839234 
40.2 	 33257.83776191735 
40.22 	 32207.53344804314 
40.24 	 31216.918894799714 
40.26 	 30306.013347206514 
40.28 	 29499.085631392267 
40.3 	 28799.595054396683 
40.32 	 28210.99941618275 
40.34 	 27720.23939172863 
40.36 	 27314.31365042709 
40.38 	 26970.644638648624 
40.4 	 26669.56815881853 
40.42 	 26388.39886245113 
40.44 	 26110.654244542013 
40.46 	 25820.80597316852 
40.48 	 25511.544869613743 
40.5 	 25177.40096528138 
40.52 	 24821.318816669103 
40.54 	 24446.700285435953 
40.56 	 24063.98589731077 
40.58 	 23681.675143329823 
40.6 	 23312.89591548303 
40.62 	 22966.466982044058 
40.64 	 22653.0426296535 
40.66 	 22377.381785977697 
40.68 	 22143.715743599045 
40.7 	 21950.117689313727 
40.72 	 21793.029745378564 
40.74 	 21663.992390181684 
40.76 	 21553.484048000828 
40.78 	 21449.437483178444 
40.8 	 21340.6066075783 
40.82 	 21215.649745497583 
40.84 	 21066.258575337826 
40.86 	 20885.49400889796 
40.88 	 20670.969802503998 
40.9 	 20421.623465066717 
40.92 	 20141.261706366615 
40.94 	 19833.702536955527 
40.96 	 19506.856636940942 
40.98 	 19166.775871356465 
41.0 	 18822.218754193513 
41.02 	 18478.39689524066 
41.04 	 18141.83313828643 
41.06 	 17814.551127733568 
41.08 	 17499.065491099234 
41.1 	 17193.489037738727 
41.12 	 16896.577983146402 
41.14 	 16603.790341777694 
41.16 	 16312.287088259269 
41.18 	 16017.515299070801 
41.2 	 15717.95638350824 
41.22 	 15411.606580767604 
41.24 	 15100.239361248783 
41.26 	 14785.393993020309 
41.28 	 14472.072102104354 
41.3 	 14164.364291244374 
41.32 	 13868.699394953079 
41.34 	 13589.634009020248 
41.36 	 13332.810081766265 
41.38 	 13101.42846631575 
41.4 	 12898.916229627588 
41.42 	 12726.306288218715 
41.44 	 12584.457404013892 
41.46 	 12472.285902239086 
41.48 	 12388.399078685063 
41.5 	 12330.048854034012 
41.52 	 12294.199980329915 
41.54 	 12277.103243736154 
41.56 	 12274.937907820278 
41.58 	 12283.865157275854 
41.6 	 12300.356864149808 
41.62 	 12321.487404537016 
41.64 	 12344.975699247221 
41.66 	 12369.455480764904 
41.68 	 12394.254655225177 
41.7 	 12419.531224865283 
41.72 	 12445.897148152608 
41.74 	 12474.505774524814 
41.76 	 12506.664311777808 
41.78 	 12544.028614689347 
41.8 	 12588.245819235208 
41.82 	 12641.319146851587 
41.84 	 12705.148794533072 
41.86 	 12782.018008036659 
41.88 	 12873.811986795827 
41.9 	 12982.596270498643 
41.92 	 13109.36551632726 
41.94 	 13254.824006244135 
41.96 	 13417.682947408635 
41.98 	 13595.861080228984 
42.0 	 13784.501309457675 
42.02 	 13977.757327903057 
42.04 	 14166.80006799448 
42.06 	 14342.136099754804 
42.08 	 14491.952052504186 
42.1 	 14604.605586250487 
42.12 	 14667.718239199095 
42.14 	 14670.193500393525 
42.16 	 14602.45235816336 
42.18 	 14457.174184628708 
42.2 	 14230.904585158261 
42.22 	 13922.803673167256 
42.24 	 13537.562424191965 
42.26 	 13081.849767297657 
42.28 	 12568.17965647438 
42.3 	 12009.385639780314 
42.32 	 11422.936971586085 
42.34 	 10824.372495275536 
42.36 	 10231.62761022185 
42.38 	 9658.630994367795 
42.4 	 9119.39247274329 
42.42 	 8622.776146486067 
42.44 	 8176.255323060218 
42.46 	 7782.341456679805 
42.48 	 7441.93386105459 
42.5 	 7152.280457782717 
42.52 	 6909.773888380182 
42.54 	 6708.918196629035 
42.56 	 6544.388515261889 
42.58 	 6410.417204856187 
42.6 	 6302.04831882914 
42.62 	 6214.588494842044 
42.64 	 6144.208959920823 
42.66 	 6087.421572730758 
42.68 	 6041.3425597923 
42.7 	 6003.3175440593905 
42.72 	 5971.1243335328745 
42.74 	 5942.800357255838 
42.76 	 5916.864458291324 
42.78 	 5892.231969026558 
42.8 	 5868.366746713517 
42.82 	 5845.116971808006 
42.84 	 5822.719441115498 
42.86 	 5801.520769759855 
42.88 	 5781.900771384573 
42.9 	 5764.012116484043 
42.92 	 5747.7805575736475 
42.94 	 5732.80940921564 
42.96 	 5718.533896815146 
42.98 	 5704.278816796331 
43.0 	 5689.4772960600185 
43.02 	 5673.718736193975 
43.04 	 5656.875628587697 
43.06 	 5639.0032516796055 
43.08 	 5620.325650628917 
43.1 	 5601.018666623191 
43.12 	 5581.16716745757 
43.14 	 5560.589289852107 
43.16 	 5538.915988371443 
43.18 	 5515.562060907136 
43.2 	 5489.958639266742 
43.22 	 5461.608209314851 
43.24 	 5430.3524525763205 
43.26 	 5396.345147492645 
43.28 	 5360.212407075979 
43.3 	 5322.842822792918 
43.32 	 5285.4102966388 
43.34 	 5249.044503602262 
43.36 	 5214.818341719277 
43.38 	 5183.464832679282 
43.4 	 5155.456246663848 
43.42 	 5130.887015512461 
43.44 	 5109.674577069714 
43.46 	 5091.5849277126 
43.48 	 5076.461726521797 
43.5 	 5064.264907880929 
43.52 	 5055.196947999384 
43.54 	 5049.6472370626825 
43.56 	 5048.16435900909 
43.58 	 5051.32390556094 
43.6 	 5059.6188877988225 
43.62 	 5073.377356980748 
43.64 	 5092.693281855658 
43.66 	 5117.50645742566 
43.68 	 5147.620980150293 
43.7 	 5182.932811983965 
43.72 	 5223.451300990072 
43.74 	 5269.545206499282 
43.76 	 5321.826148891894 
43.78 	 5381.304048463446 
43.8 	 5449.0704755645465 
43.82 	 5526.396432361379 
43.84 	 5614.285654892331 
43.86 	 5713.666741809989 
43.88 	 5824.927160638687 
43.9 	 5948.322702470786 
43.92 	 6083.505307634694 
43.94 	 6230.129567436253 
43.96 	 6387.2605336373435 
43.98 	 6554.058095468827 
44.0 	 6728.943757804559 
44.02 	 6910.296308190737 
44.04 	 7095.395749992221 
44.06 	 7281.202450362585 
44.08 	 7463.260044051386 
44.1 	 7636.686309682679 
44.12 	 7795.267366895028 
44.14 	 7932.66805287693 
44.16 	 8041.870008734281 
44.18 	 8116.38918580559 
44.2 	 8150.0985705602925 
44.22 	 8138.0917551446455 
44.24 	 8076.880125906313 
44.26 	 7964.574546145915 
44.28 	 7801.453584388368 
44.3 	 7589.319841486102 
44.32 	 7332.4277482603575 
44.34 	 7036.087319090606 
44.36 	 6707.872748398439 
44.38 	 6355.696345975623 
44.4 	 5989.132678903278 
44.42 	 5617.25239084956 
44.44 	 5249.876062211543 
44.46 	 4895.4745807633035 
44.48 	 4562.250391428843 
44.5 	 4256.393019027812 
44.52 	 3983.0135832488972 
44.54 	 3744.9655774839803 
44.56 	 3543.7212413348934 
44.58 	 3378.8091898757257 
44.6 	 3248.6628727060793 
44.62 	 3150.532213112629 
44.64 	 3081.214217228018 
44.66 	 3037.1683903565563 
44.68 	 3014.9803556657603 
44.7 	 3011.4338404459263 
44.72 	 3023.6292594599927 
44.74 	 3048.9214011636004 
44.76 	 3084.7664874365837 
44.78 	 3128.608886122313 
44.8 	 3177.642835223057 
44.82 	 3228.8018975806135 
44.84 	 3278.6168234445286 
44.86 	 3323.395959488748 
44.88 	 3359.2603667903068 
44.9 	 3382.4701856159613 
44.92 	 3389.605117976446 
44.94 	 3377.8883340801203 
44.96 	 3345.41927029653 
44.98 	 3291.327548932394 
45.0 	 3215.9652777493343 
45.02 	 3120.784755060446 
45.04 	 3008.43646484589 
45.06 	 2882.369660352118 
45.08 	 2746.8371356599605 
45.1 	 2606.3218960964236 
45.12 	 2465.5013739203787 
45.14 	 2328.6629414939603 
45.16 	 2199.705412642972 
45.18 	 2081.6943420295997 
45.2 	 1976.9601273226094 
45.22 	 1886.8694777424998 
45.24 	 1812.0258672495079 
45.26 	 1752.2401201538053 
45.28 	 1706.7848829038426 
45.3 	 1674.48533791814 
45.32 	 1653.9582597638494 
45.34 	 1643.73608534902 
45.36 	 1642.4391422123122 
45.38 	 1648.878237222732 
45.4 	 1662.1443242030448 
45.42 	 1681.6739465935268 
45.44 	 1707.2663865805905 
45.46 	 1739.1181588451998 
45.48 	 1777.7801960531356 
45.5 	 1824.168027640946 
45.52 	 1879.456605270858 
45.54 	 1945.0646132055776 
45.56 	 2022.4692773788533 
45.58 	 2113.164658299034 
45.6 	 2218.379963304666 
45.62 	 2339.034062411039 
45.64 	 2475.3644211665146 
45.66 	 2626.938889253518 
45.68 	 2792.239054834733 
45.7 	 2968.8232213683737 
45.72 	 3152.9377989349887 
45.74 	 3339.921657840637 
45.76 	 3523.923774247909 
45.78 	 3698.5782251276814 
45.8 	 3856.879837867003 
45.82 	 3992.0478927284576 
45.84 	 4097.561864409388 
45.86 	 4168.010956589155 
45.88 	 4199.235655237672 
45.9 	 4188.892394215428 
45.92 	 4136.60620999793 
45.94 	 4044.0214449755854 
45.96 	 3914.873450054177 
45.98 	 3754.458507594175 
46.0 	 3569.594837362295 
46.02 	 3367.6677323470094 
46.04 	 3156.550326587003 
46.06 	 2943.5477483572445 
46.08 	 2735.4187124008367 
46.1 	 2537.551786430202 
46.12 	 2354.2010825963503 
46.14 	 2188.066550316908 
46.16 	 2040.7313648469224 
46.18 	 1912.5893154610828 
46.2 	 1803.3382309881454 
46.22 	 1712.0511686417587 
46.24 	 1637.5494636362748 
46.26 	 1578.4345927277461 
46.28 	 1533.2633836893808 
46.3 	 1500.4971116413644 
46.32 	 1478.5434798244016 
46.34 	 1465.7044537273202 
46.36 	 1460.2124620666698 
46.38 	 1460.2650390493316 
46.4 	 1464.1212924913443 
46.42 	 1470.213571880444 
46.44 	 1477.2557711294949 
46.46 	 1484.3295752219758 
46.48 	 1490.9045939647028 
46.5 	 1496.8068358974451 
46.52 	 1502.1123103043467 
46.54 	 1507.0121895312432 
46.56 	 1511.655866203236 
46.58 	 1516.0293790811752 
46.6 	 1519.8789095141956 
46.62 	 1522.716693920919 
46.64 	 1523.8935776480141 
46.66 	 1522.7357514660719 
46.68 	 1518.7057203076045 
46.7 	 1511.5506633315306 
46.72 	 1501.409122355925 
46.74 	 1488.8289276386706 
46.76 	 1474.7176311616086 
46.78 	 1460.1905729031116 
46.8 	 1446.3956555439966 
46.82 	 1434.2957056453704 
46.84 	 1424.5103562209083 
46.86 	 1417.1984638324286 
46.88 	 1412.0541185904285 
46.9 	 1408.3791031310457 
46.92 	 1405.247843110674 
46.94 	 1401.7071722588885 
46.96 	 1396.9868561184624 
46.98 	 1390.6603073434785 
47.0 	 1382.7384819453864 
47.02 	 1373.657056314526 
47.04 	 1364.1852503382224 
47.06 	 1355.2468856848552 
47.08 	 1347.7254906250805 
47.1 	 1342.2621214459987 
47.12 	 1339.121076571564 
47.14 	 1338.1254119861676 
47.16 	 1338.6960410895485 
47.18 	 1339.9725740870426 
47.2 	 1340.9956687422155 
47.22 	 1340.9099779619905 
47.24 	 1339.1430514211033 
47.26 	 1335.5223095739188 
47.28 	 1330.308484704338 
47.3 	 1324.131417743528 
47.32 	 1317.856318907372 
47.34 	 1312.392228000725 
47.36 	 1308.5050478703035 
47.38 	 1306.6545409964904 
47.4 	 1306.9078800684656 
47.42 	 1308.9336116953657 
47.44 	 1312.0828279787424 
47.46 	 1315.5373085243298 
47.48 	 1318.486678119854 
47.5 	 1320.3035443856706 
47.52 	 1320.6699020146225 
47.54 	 1319.636610320664 
47.56 	 1317.600677002487 
47.58 	 1315.2086659405334 
47.6 	 1313.213464801017 
47.62 	 1312.3114595052646 
47.64 	 1313.0038071071963 
47.66 	 1315.5055892380833 
47.68 	 1319.7233291341317 
47.7 	 1325.3049187903991 
47.72 	 1331.7397109294604 
47.74 	 1338.4968878488996 
47.76 	 1345.1522880609787 
47.78 	 1351.4964506474312 
47.8 	 1357.5800215092625 
47.82 	 1363.7128357017343 
47.84 	 1370.3995338580157 
47.86 	 1378.2527669387139 
47.88 	 1387.8837030459301 
47.9 	 1399.8205825926352 
47.92 	 1414.4416866096822 
47.94 	 1431.9690692033216 
47.96 	 1452.4720533834543 
47.98 	 1475.925461689387 
48.0 	 1502.2335673261812 
48.02 	 1531.2832586225782 
48.04 	 1562.9156614835126 
48.06 	 1596.91949331258 
48.08 	 1632.9267663907349 
48.1 	 1670.3602082989462 
48.12 	 1708.302462924559 
48.14 	 1745.4693035839455 
48.16 	 1780.1372391792117 
48.18 	 1810.2133250773943 
48.2 	 1833.281421193191 
48.22 	 1846.782582648603 
48.24 	 1848.1786594846158 
48.26 	 1835.1846718616598 
48.28 	 1805.9899035813585 
48.3 	 1759.438667445022 
48.32 	 1695.2222920587462 
48.34 	 1613.911553018159 
48.36 	 1517.0481039636318 
48.38 	 1406.9897414051215 
48.4 	 1286.88044487297 
48.42 	 1160.3529719279632 
48.44 	 1031.419919426171 
48.46 	 904.14423672777 
48.48 	 782.5352408261376 
48.5 	 670.3079490346383 
48.52 	 570.8602007808703 
48.54 	 487.18750087975036 
48.56 	 421.9609090259903 
48.58 	 377.57530732885726 
48.6 	 356.27510823476996 
48.62 	 360.2419244847929 
48.64 	 391.67145512702587 
48.66 	 452.7948374788054 
48.68 	 545.8244909737366 
48.7 	 672.8646056361437 
48.72 	 835.7098745692358 
48.74 	 1035.7084187722626 
48.76 	 1273.4712942043952 
48.78 	 1548.8472239630237 
48.8 	 1860.6214605626726 
48.82 	 2206.7820765091046 
48.84 	 2584.2179594492172 
48.86 	 2989.376779698661 
48.88 	 3417.844481590762 
48.9 	 3865.3650440998454 
48.92 	 4327.093687069097 
48.94 	 4798.870282765026 
48.96 	 5275.978368918877 
48.98 	 5754.606109465809 
49.0 	 6230.1134087483715 
49.02 	 6698.731634482299 
49.04 	 7155.528504439779 
49.06 	 7596.45244433483 
49.08 	 8016.2515184278645 
49.1 	 8410.858236604628 
49.12 	 8775.427716587305 
49.14 	 9106.835316207837 
49.16 	 9401.850825283513 
49.18 	 9659.363551315326 
49.2 	 9878.644588307658 
49.22 	 10060.968639233475 
49.24 	 10207.983769983968 
49.26 	 10322.641668508812 
49.28 	 10407.813899718147 
49.3 	 10466.697880563679 
49.32 	 10501.870116637561 
49.34 	 10515.43455655269 
49.36 	 10508.638178485135 
49.38 	 10481.939672811217 
49.4 	 10435.182973858076 
49.42 	 10367.58867042681 
49.44 	 10278.374456816064 
49.46 	 10166.538767442975 
49.48 	 10031.780889602225 
49.5 	 9873.923112241355 
49.52 	 9694.006146924467 
49.54 	 9493.272367257487 
49.56 	 9274.358096990825 
49.58 	 9039.883038540604 
49.6 	 8793.70159417995 
49.62 	 8539.250999913025 
49.64 	 8280.844182522302 
49.66 	 8021.974620966301 
49.68 	 7766.627246558313 
49.7 	 7517.707877610321 
49.72 	 7278.323605680677 
49.74 	 7050.42674333658 
49.76 	 6835.996344718807 
49.78 	 6635.913463376661 
49.8 	 6450.987679621069 
49.82 	 6281.050189082461 
49.84 	 6125.816000179935 
49.86 	 5984.188174891118 
49.88 	 5854.9957729545895 
49.9 	 5736.505475823103 
49.92 	 5627.084593863422 
49.94 	 5524.881998843211 
49.96 	 5428.422371227836 
49.98 	 5336.3605574502335 
50.0 	 5247.9562433407955 
50.02 	 5162.7810932780785 
50.04 	 5081.014082108802 
50.06 	 5003.036079939883 
50.08 	 4929.552151210154 
50.1 	 4861.1248662982025 
50.12 	 4798.226803812197 
50.14 	 4740.855981734909 
50.16 	 4688.662695990769 
50.18 	 4640.7731618261405 
50.2 	 4596.067695207576 
50.22 	 4553.209656848994 
50.24 	 4511.016424081969 
50.26 	 4468.546264103719 
50.28 	 4425.4063553645865 
50.3 	 4381.710289956187 
50.32 	 4338.191856764145 
50.34 	 4295.9504003161055 
50.36 	 4256.369861355802 
50.38 	 4220.739834740429 
50.4 	 4190.113629109469 
50.42 	 4164.997593992031 
50.44 	 4145.316309940682 
50.46 	 4130.324832822411 
50.48 	 4118.762683348253 
50.5 	 4108.997604594105 
50.52 	 4099.312964423334 
50.54 	 4088.145778230165 
50.56 	 4074.362201991812 
50.58 	 4057.4030261288763 
50.6 	 4037.4119779133584 
50.62 	 4015.1711000357695 
50.64 	 3992.038727820911 
50.66 	 3969.6924019088137 
50.68 	 3949.94397513791 
50.7 	 3934.4242231836806 
50.72 	 3924.4064603947186 
50.74 	 3920.6002155620313 
50.76 	 3923.099793872916 
50.78 	 3931.3916041545285 
50.8 	 3944.462788883909 
50.82 	 3961.0073086154566 
50.84 	 3979.6283015032814 
50.86 	 3999.118196801703 
50.88 	 4018.6218041456127 
50.9 	 4037.825478759827 
50.92 	 4056.9536021914996 
50.94 	 4076.756480192319 
50.96 	 4098.293247700687 
50.98 	 4122.733565217738 
51.0 	 4150.997863763996 
51.02 	 4183.516501185063 
51.04 	 4219.8903377261895 
51.06 	 4258.803786019807 
51.08 	 4297.878023733566 
51.1 	 4333.8672133240625 
51.12 	 4362.78964076634 
51.14 	 4380.373660012179 
51.16 	 4382.413265516254 
51.18 	 4365.260261206409 
51.2 	 4326.240239811144 
51.22 	 4263.915779962032 
51.24 	 4178.384163189352 
51.26 	 4071.119856047734 
51.28 	 3945.0682880356744 
51.3 	 3804.0762875813753 
51.32 	 3652.839900108105 
51.34 	 3496.12915858413 
51.36 	 3338.7474153217695 
51.38 	 3184.828346372932 
51.4 	 3037.9505830993357 
51.42 	 2900.6928486668085 
51.44 	 2774.9321893959927 
51.46 	 2661.6642365095986 
51.48 	 2561.3838244934527 
51.5 	 2474.0405756611935 
51.52 	 2399.353397608298 
51.54 	 2336.7593909676348 
51.56 	 2285.5772887900935 
51.58 	 2244.9018673616756 
51.6 	 2213.6487172082507 
51.62 	 2190.455020512393 
51.64 	 2173.7164933793206 
51.66 	 2161.589193601428 
51.68 	 2152.1121300894356 
51.7 	 2143.340074590433 
51.72 	 2133.549050832641 
51.74 	 2121.4200897050555 
51.76 	 2106.224373858439 
51.78 	 2087.9114464619347 
51.8 	 2067.1451724212957 
51.82 	 2045.187370088357 
51.84 	 2023.7317300267352 
51.86 	 2004.6006249512168 
51.88 	 1989.454541039057 
51.9 	 1979.4528204113299 
51.92 	 1975.01106095621 
51.94 	 1975.6225280696842 
51.96 	 1979.8267232263433 
51.98 	 1985.3106965158256 
52.0 	 1989.1401453632625 
52.02 	 1988.1030470133664 
52.04 	 1979.1082826456015 
52.06 	 1959.5908053905553 
52.08 	 1927.8878948227596 
52.1 	 1883.478516946312 
52.12 	 1827.1552446807266 
52.14 	 1760.9473553839741 
52.16 	 1688.0101989815867 
52.18 	 1612.2399079984425 
52.2 	 1537.9456458633874 
52.22 	 1469.3177115324183 
52.24 	 1410.0569818644499 
52.26 	 1362.9270468166467 
52.28 	 1329.533503473719 
52.3 	 1310.1437762650573 
52.32 	 1303.7293910074445 
52.34 	 1308.1058239891242 
52.36 	 1320.218503992139 
52.38 	 1336.5092761492656 
52.4 	 1353.3123763518995 
52.42 	 1367.2629338313325 
52.44 	 1375.6284036689603 
52.46 	 1376.5749604707244 
52.48 	 1369.3053079456697 
52.5 	 1354.082034771292 
52.52 	 1332.1417354059354 
52.54 	 1305.4922339351638 
52.56 	 1276.6701573894795 
52.58 	 1248.420516556244 
52.6 	 1223.4149947860296 
52.62 	 1203.9499913337943 
52.64 	 1191.7347611788641 
52.66 	 1187.7126226706528 
52.68 	 1191.983734656278 
52.7 	 1203.7971024084507 
52.72 	 1221.6229061257893 
52.74 	 1243.3087637681485 
52.76 	 1266.2757659323302 
52.78 	 1287.7874874016743 
52.8 	 1305.2095564810927 
52.82 	 1316.301184212033 
52.84 	 1319.44950920581 
52.86 	 1313.8705500442693 
52.88 	 1299.7211831757272 
52.9 	 1278.112018450783 
52.92 	 1251.0314270716672 
52.94 	 1221.139166004012 
52.96 	 1191.5107422517513 
52.98 	 1165.2788659836795 
53.0 	 1145.2954836221168 
53.02 	 1133.7719827517399 
53.04 	 1132.0133233529073 
53.06 	 1140.2283619519733 
53.08 	 1157.47465531527 
53.1 	 1181.7441294427078 
53.12 	 1210.1622899857205 
53.14 	 1239.3230983036158 
53.16 	 1265.6551765400404 
53.18 	 1285.8480984591258 
53.2 	 1297.2054988597645 
53.22 	 1297.9513471384282 
53.24 	 1287.3965063630596 
53.26 	 1265.9779691036933 
53.28 	 1235.1716134008163 
53.3 	 1197.264296599232 
53.32 	 1155.084582908012 
53.34 	 1111.6436897291221 
53.36 	 1069.8401946138677 
53.38 	 1032.148903336928 
53.4 	 1000.4409592153838 
53.42 	 975.8394019051992 
53.44 	 958.7100775622736 
53.46 	 948.6978986873628 
53.48 	 944.8536108286987 
53.5 	 945.786107687302 
53.52 	 949.84518628097 
53.54 	 955.3021444482893 
53.56 	 960.5127774586507 
53.58 	 964.0558675956016 
53.6 	 964.828824317367 
53.62 	 962.1049113194258 
53.64 	 955.5450622579741 
53.66 	 945.1669568188197 
53.68 	 931.2852797405931 
53.7 	 914.4165211201985 
53.72 	 895.1844680743876 
53.74 	 874.2073275045808 
53.76 	 852.0169661277083 
53.78 	 828.9779514941558 
53.8 	 805.2593563896089 
53.82 	 780.8146965566203 
53.84 	 755.417368375166 
53.86 	 728.6976477584973 
53.88 	 700.2225823702164 
53.9 	 669.5596783426904 
53.92 	 636.3648632840894 
53.94 	 600.4341417695935 
53.96 	 561.76447336383 
53.98 	 520.5647131949535 
54.0 	 477.2697204723156 
54.02 	 432.50282562512524 
54.04 	 387.04499810173405 
54.06 	 341.7632657852902 
54.08 	 297.55550001684173 
54.1 	 255.27331969572134 
54.12 	 215.67110630605745 
54.14 	 179.35185984935566 
54.16 	 146.74299711319586 
54.18 	 118.0799706655473 
54.2 	 93.41537416647911 
54.22 	 72.636643612886 
54.24 	 55.498544116466974 
54.26 	 41.658371177000745 
54.28 	 30.714332817882394 
54.3 	 22.239903368552614 
54.32 	 15.813373634618966 
54.34 	 11.04018099708174 
54.36 	 7.5675468687582725 
54.38 	 5.09258963120942 
54.4 	 3.364342430172288 
54.42 	 2.1820430877706443 
54.44 	 1.38897755878829 
54.46 	 0.8677446261419328 
54.48 	 0.5333668626606963 
54.5 	 0.3215109066248976 
54.52 	 0.18871211622064651 
54.54 	 0.1089929591811755 
54.56 	 0.07137880606076981 
54.58 	 0.04122567940860986 
54.6 	 0.0 
54.62 	 0.0 
54.64 	 0.0 
54.66 	 0.0 
54.68 	 0.0 
54.7 	 0.0 
54.72 	 0.0 
54.74 	 0.0 
54.76 	 0.0 
54.78 	 0.0 
54.8 	 0.0 
54.82 	 0.0 
54.84 	 0.0 
54.86 	 0.0 
54.88 	 0.0 
54.9 	 0.0 
54.92 	 0.0 
54.94 	 0.0 
54.96 	 0.0 
54.98 	 0.0 
55.0 	 0.0 
55.02 	 0.0 
55.04 	 0.0 
55.06 	 0.0 
55.08 	 0.0 
55.1 	 0.0 
55.12 	 0.0 
55.14 	 0.0 
55.16 	 0.0 
55.18 	 0.0 
55.2 	 0.0 
55.22 	 0.0 
55.24 	 0.0 
55.26 	 0.0 
55.28 	 0.0 
55.3 	 0.0 
55.32 	 0.0 
55.34 	 0.0 
55.36 	 0.0 
55.38 	 0.0 
55.4 	 0.0 
55.42 	 0.0 
55.44 	 0.0 
55.46 	 0.0 
55.48 	 0.0 
55.5 	 0.0 
55.52 	 0.0 
55.54 	 0.0 
55.56 	 0.0 
55.58 	 0.0 
55.6 	 0.0 
55.62 	 0.0 
55.64 	 0.0 
55.66 	 0.0 
55.68 	 0.0 
55.7 	 0.0 
55.72 	 0.0 
55.74 	 0.0 
55.76 	 0.0 
55.78 	 0.0 
55.8 	 0.0 
55.82 	 0.0 
55.84 	 0.0 
55.86 	 0.0 
55.88 	 0.0 
55.9 	 0.0 
55.92 	 0.0 
55.94 	 0.0 
55.96 	 0.0 
55.98 	 0.0 
56.0 	 0.0 
56.02 	 0.0 
56.04 	 0.0 
56.06 	 0.0 
56.08 	 0.0 
56.1 	 0.0 
56.12 	 0.0 
56.14 	 0.0 
56.16 	 0.0 
56.18 	 0.0 
56.2 	 0.0 
56.22 	 0.0 
56.24 	 0.0 
56.26 	 0.0 
56.28 	 0.0 
56.3 	 0.0 
56.32 	 0.0 
56.34 	 0.0 
56.36 	 0.0 
56.38 	 0.0 
56.4 	 0.0 
56.42 	 0.0 
56.44 	 0.0 
56.46 	 0.0 
56.48 	 0.0 
56.5 	 0.0 
56.52 	 0.0 
56.54 	 0.0 
56.56 	 0.0 
56.58 	 0.0 
56.6 	 0.0 
56.62 	 0.0 
56.64 	 0.0 
56.66 	 0.0 
56.68 	 0.0 
56.7 	 0.0 
56.72 	 0.0 
56.74 	 0.0 
56.76 	 0.0 
56.78 	 0.0 
56.8 	 0.0 
56.82 	 0.0 
56.84 	 0.0 
56.86 	 0.0 
56.88 	 0.0 
56.9 	 0.0 
56.92 	 0.0 
56.94 	 0.0 
56.96 	 0.0 
56.98 	 0.0 
57.0 	 0.0 
57.02 	 0.0 
57.04 	 0.0 
57.06 	 0.0 
57.08 	 0.0 
57.1 	 0.0 
57.12 	 0.0 
57.14 	 0.0 
57.16 	 0.0 
57.18 	 0.0 
57.2 	 0.0 
57.22 	 0.0 
57.24 	 0.0 
57.26 	 0.0 
57.28 	 0.0 
57.3 	 0.0 
57.32 	 0.0 
57.34 	 0.0 
57.36 	 0.0 
57.38 	 0.0 
57.4 	 0.0 
57.42 	 0.0 
57.44 	 0.0 
57.46 	 0.0 
57.48 	 0.0 
57.5 	 0.0 
57.52 	 0.0 
57.54 	 0.0 
57.56 	 0.0 
57.58 	 0.0 
57.6 	 0.0 
57.62 	 0.0 
57.64 	 0.0 
57.66 	 0.0 
57.68 	 0.0 
57.7 	 0.0 
57.72 	 0.0 
57.74 	 0.0 
57.76 	 0.0 
57.78 	 0.0 
57.8 	 0.0 
57.82 	 0.0 
57.84 	 0.0 
57.86 	 0.0 
57.88 	 0.0 
57.9 	 0.0 
57.92 	 0.0 
57.94 	 0.0 
57.96 	 0.0 
57.98 	 0.0 
58.0 	 0.0 
58.02 	 0.0 
58.04 	 0.0 
58.06 	 0.0 
58.08 	 0.0 
58.1 	 0.0 
58.12 	 0.0 
58.14 	 0.0 
58.16 	 0.0 
58.18 	 0.0 
58.2 	 0.0 
58.22 	 0.0 
58.24 	 0.0 
58.26 	 0.0 
58.28 	 0.0 
58.3 	 0.0 
58.32 	 0.0 
58.34 	 0.0 
58.36 	 0.0 
58.38 	 0.0 
58.4 	 0.0 
58.42 	 0.0 
58.44 	 0.0 
58.46 	 0.0 
58.48 	 0.0 
58.5 	 0.0 
58.52 	 0.0 
58.54 	 0.0 
58.56 	 0.0 
58.58 	 0.0 
58.6 	 0.0 
58.62 	 0.0 
58.64 	 0.0 
58.66 	 0.0 
58.68 	 0.0 
58.7 	 0.0 
58.72 	 0.0 
58.74 	 0.0 
58.76 	 0.0 
58.78 	 0.0 
58.8 	 0.0 
58.82 	 0.0 
58.84 	 0.0 
58.86 	 0.0 
58.88 	 0.0 
58.9 	 0.0 
58.92 	 0.0 
58.94 	 0.0 
58.96 	 0.0 
58.98 	 0.0 
59.0 	 0.0 
59.02 	 0.0 
59.04 	 0.0 
59.06 	 0.0 
59.08 	 0.0 
59.1 	 0.0 
59.12 	 0.0 
59.14 	 0.0 
59.16 	 0.0 
59.18 	 0.0 
59.2 	 0.0 
59.22 	 0.0 
59.24 	 0.0 
59.26 	 0.0 
59.28 	 0.0 
59.3 	 0.0 
59.32 	 0.0 
59.34 	 0.0 
59.36 	 0.0 
59.38 	 0.0 
59.4 	 0.0 
59.42 	 0.0 
59.44 	 0.0 
59.46 	 0.0 
59.48 	 0.0 
59.5 	 0.0 
59.52 	 0.0 
59.54 	 0.0 
59.56 	 0.0 
59.58 	 0.0 
59.6 	 0.0 
59.62 	 0.0 
59.64 	 0.0 
59.66 	 0.0 
59.68 	 0.0 
59.7 	 0.0 
59.72 	 0.0 
59.74 	 0.0 
59.76 	 0.0 
59.78 	 0.0 
59.8 	 0.0 
59.82 	 0.0 
59.84 	 0.0 
59.86 	 0.0 
59.88 	 0.0 
59.9 	 0.0 
59.92 	 0.0 
59.94 	 0.0 
59.96 	 0.0 
59.98 	 0.0 
