0.0 	 0.0 
0.02 	 6.791347479386763 
0.04 	 14.09549278239454 
0.06 	 21.64065535555704 
0.08 	 29.160914790143735 
0.1 	 36.422479515306726 
0.12 	 43.245254143426095 
0.14 	 49.516992312916116 
0.16 	 55.198545464212316 
0.18 	 60.32011742393726 
0.2 	 64.96974483049823 
0.22 	 69.27621803765823 
0.24 	 73.38919382538052 
0.26 	 77.45929278069238 
0.28 	 81.62058308706787 
0.3 	 85.97716366203822 
0.32 	 90.59474111777683 
0.34 	 95.49730768756503 
0.36 	 100.66839335468457 
0.38 	 106.05595205410859 
0.4 	 111.57975980502789 
0.42 	 117.1402178011136 
0.44 	 122.62760499384467 
0.46 	 127.9310445354283 
0.48 	 132.94667742306387 
0.5 	 137.58473434181832 
0.52 	 141.77534445009155 
0.54 	 145.47301845762246 
0.56 	 148.6598066867822 
0.58 	 151.34718008411056 
0.6 	 153.57673051448322 
0.62 	 155.41984573168753 
0.64 	 156.976583451056 
0.66 	 158.37403709669996 
0.68 	 159.76453497037568 
0.7 	 161.3240243227698 
0.72 	 163.25094495639146 
0.74 	 165.7657850463269 
0.76 	 169.1113387020677 
0.78 	 173.55346796914975 
0.8 	 179.38194124290683 
0.82 	 186.91071333226404 
0.84 	 196.4768697877113 
0.86 	 208.4374152419618 
0.88 	 223.16316727227948 
0.9 	 241.02923283873335 
0.92 	 262.40188428092233 
0.94 	 287.6220877200992 
0.96 	 316.9864228694534 
0.98 	 350.726610788825 
1.0 	 388.98926853903265 
1.02 	 431.8177701013184 
1.04 	 479.13815243613186 
1.06 	 530.7508225186112 
1.08 	 586.3293805679621 
1.1 	 645.4271961974426 
1.12 	 707.491517291441 
1.14 	 771.8839547486867 
1.16 	 837.9052997652643 
1.18 	 904.8219390101698 
1.2 	 971.8907734306039 
1.22 	 1038.3796198478422 
1.24 	 1103.5806224017645 
1.26 	 1166.8151886515982 
1.28 	 1227.4302796245522 
1.3 	 1284.7873461511797 
1.32 	 1338.2465996079466 
1.34 	 1387.1504158086912 
1.36 	 1430.8103120875658 
1.38 	 1468.5019875201115 
1.4 	 1499.47233067456 
1.42 	 1522.961114799209 
1.44 	 1538.2384260387132 
1.46 	 1544.6568738216513 
1.48 	 1541.7155242466768 
1.5 	 1529.1305134408376 
1.52 	 1506.9056823229437 
1.54 	 1475.395555113115 
1.56 	 1435.3527442380632 
1.58 	 1387.9525084561199 
1.6 	 1334.7887150406034 
1.62 	 1277.8377317401926 
1.64 	 1219.3895530628429 
1.66 	 1161.9484184063726 
1.68 	 1108.1079533543668 
1.7 	 1060.4081536281449 
1.72 	 1021.1831362447267 
1.74 	 992.4094496536012 
1.76 	 975.5649444792632 
1.78 	 971.5079247896203 
1.8 	 980.3856991082215 
1.82 	 1001.5808277390456 
1.84 	 1033.702283378202 
1.86 	 1074.6272318831677 
1.88 	 1121.5969409603376 
1.9 	 1171.3671974466088 
1.92 	 1220.409466418899 
1.94 	 1265.154021101876 
1.96 	 1302.2608818595781 
1.98 	 1328.899367673466 
2.0 	 1343.0132737032043 
2.02 	 1343.5469900980386 
2.04 	 1330.6088663809298 
2.06 	 1305.5519833161088 
2.08 	 1270.9589138707368 
2.1 	 1230.5252914262996 
2.12 	 1188.8460315151117 
2.14 	 1151.1167924429328 
2.16 	 1122.7707969248597 
2.18 	 1109.076877292948 
2.2 	 1114.7283120348711 
2.22 	 1143.4537225573715 
2.24 	 1197.6811313148837 
2.26 	 1278.2843102012155 
2.28 	 1384.4366605481264 
2.3 	 1513.591799132475 
2.32 	 1661.60151839676 
2.34 	 1822.9708350877513 
2.36 	 1991.2369302626057 
2.38 	 2159.445050106333 
2.4 	 2320.6816228145653 
2.42 	 2468.615051786053 
2.44 	 2597.989909839861 
2.46 	 2705.022077074888 
2.48 	 2787.6512597721808 
2.5 	 2845.622613439533 
2.52 	 2880.3889966608017 
2.54 	 2894.8469338438513 
2.56 	 2892.9394911994564 
2.58 	 2879.174978143023 
2.6 	 2858.1194024584315 
2.62 	 2833.921761659542 
2.64 	 2809.924634958953 
2.66 	 2788.3994190000776 
2.68 	 2770.42809279473 
2.7 	 2755.934260732161 
2.72 	 2743.8481094411886 
2.74 	 2732.375166680937 
2.76 	 2719.329044958192 
2.78 	 2702.4845275264584 
2.8 	 2679.9093744332677 
2.82 	 2650.2402689241367 
2.84 	 2612.878960265724 
2.86 	 2568.0970898121445 
2.88 	 2517.0505095784074 
2.9 	 2461.7143667316745 
2.92 	 2404.7574666849937 
2.94 	 2349.377640588234 
2.96 	 2299.11891012146 
2.98 	 2257.6867583230737 
3.0 	 2228.7710227554535 
3.02 	 2215.878541605555 
3.04 	 2222.1716073668467 
3.06 	 2250.3052407738533 
3.08 	 2302.2574376419766 
3.1 	 2379.15208598326 
3.12 	 2481.0832909176543 
3.14 	 2606.9603606887704 
3.16 	 2754.4018687670564 
3.18 	 2919.711942174809 
3.2 	 3097.969664388781 
3.22 	 3283.251915362284 
3.24 	 3468.9916344945395 
3.26 	 3648.44996083389 
3.28 	 3815.256306083955 
3.3 	 3963.9504428835003 
3.32 	 4090.450257092995 
3.34 	 4192.371606195349 
3.36 	 4269.14397200783 
3.38 	 4321.895519868659 
3.4 	 4353.119139873605 
3.42 	 4366.170367575053 
3.44 	 4364.681373454736 
3.46 	 4351.995917134587 
3.48 	 4330.733940184131 
3.5 	 4302.580078906455 
3.52 	 4268.359876847026 
3.54 	 4228.4257174481945 
3.56 	 4183.328049458191 
3.58 	 4134.703280524687 
3.6 	 4086.273791302258 
3.62 	 4044.832056983196 
3.64 	 4021.07182073243 
3.66 	 4030.134581215535 
3.68 	 4091.7578621558414 
3.7 	 4229.940731728738 
3.72 	 4472.079772645764 
3.74 	 4847.573416891861 
3.76 	 5385.94259521297 
3.78 	 6114.568834211365 
3.8 	 7056.203812680051 
3.82 	 8226.451717627077 
3.84 	 9631.460550140937 
3.86 	 11266.0730030054 
3.88 	 13112.67462212782 
3.9 	 15140.932440137165 
3.92 	 17308.541596483057 
3.94 	 19562.996897414712 
3.96 	 21844.292716140943 
3.98 	 24088.344001244634 
4.0 	 26230.83056457967 
4.02 	 28211.11117380658 
4.04 	 29975.84284654771 
4.06 	 31481.976262833086 
4.08 	 32698.874587110466 
4.1 	 33609.40773729339 
4.12 	 34209.99069783605 
4.14 	 34509.64553530747 
4.16 	 34528.257495583945 
4.18 	 34294.25597677282 
4.2 	 33841.97735466762 
4.22 	 33208.960521027555 
4.24 	 32433.394087670164 
4.26 	 31551.885643237867 
4.28 	 30597.66787337031 
4.3 	 29599.302123792724 
4.32 	 28579.892959914407 
4.34 	 27556.790367404104 
4.36 	 26541.72966855988 
4.38 	 25541.341335831614 
4.4 	 24557.95120041185 
4.42 	 23590.58387522003 
4.44 	 22636.07736600578 
4.46 	 21690.21498912232 
4.48 	 20748.783103895646 
4.5 	 19808.47149111067 
4.52 	 18867.548725824658 
4.54 	 17926.267647480265 
4.56 	 16986.984415921113 
4.58 	 16054.005463325093 
4.6 	 15133.205692467289 
4.62 	 14231.48420487759 
4.64 	 13356.1372285682 
4.66 	 12514.229996423077 
4.68 	 11712.040404879284 
4.7 	 10954.629590621693 
4.72 	 10245.571688267648 
4.74 	 9586.851075563429 
4.76 	 8978.914117857625 
4.78 	 8420.846494756315 
4.8 	 7910.637943947897 
4.82 	 7445.493630506469 
4.84 	 7022.154220995149 
4.86 	 6637.193395407611 
4.88 	 6287.270142591667 
4.9 	 5969.3221946459 
4.92 	 5680.695258495989 
4.94 	 5419.209671821995 
4.96 	 5183.171492547855 
4.98 	 4971.338791670896 
5.0 	 4782.856105375367 
5.02 	 4617.170667644989 
5.04 	 4473.9432454541475 
5.06 	 4352.964244306315 
5.08 	 4254.082471720531 
5.1 	 4177.149937256701 
5.12 	 4121.981895320446 
5.14 	 4088.3276790144214 
5.16 	 4075.845413668118 
5.18 	 4084.072993231884 
5.2 	 4112.389045628728 
5.22 	 4159.960935312038 
5.24 	 4225.681677750157 
5.26 	 4308.1031253603305 
5.28 	 4405.377827290161 
5.3 	 4515.225398856754 
5.32 	 4634.940053237717 
5.34 	 4761.453525892966 
5.36 	 4891.4618944150125 
5.38 	 5021.61632340286 
5.4 	 5148.767678594581 
5.42 	 5270.24478459041 
5.44 	 5384.1375005737655 
5.46 	 5489.550241952474 
5.48 	 5586.7901360434125 
5.5 	 5677.457127898345 
5.52 	 5764.410881123151 
5.54 	 5851.600534050334 
5.56 	 5943.757167826728 
5.58 	 6045.963890943897 
5.6 	 6163.133323838214 
5.62 	 6299.435535204272 
5.64 	 6457.729700386634 
5.66 	 6639.058517638527 
5.68 	 6842.264454159949 
5.7 	 7063.780247959263 
5.72 	 7297.632421476913 
5.74 	 7535.676447990246 
5.76 	 7768.057376106926 
5.78 	 7983.863042077968 
5.8 	 8171.912238611125 
5.82 	 8321.601403911549 
5.84 	 8423.724077780085 
5.86 	 8471.179736123619 
5.88 	 8459.502876662893 
5.9 	 8387.167374577479 
5.92 	 8255.651169795305 
5.94 	 8069.277063818066 
5.96 	 7834.871405736077 
5.98 	 7561.299336399196 
6.0 	 7258.940577539967 
6.02 	 6939.163486461075 
6.04 	 6613.839621683584 
6.06 	 6294.920540130268 
6.08 	 5994.077927577943 
6.1 	 5722.392078133248 
6.12 	 5490.065489913307 
6.14 	 5306.1392708320855 
6.16 	 5178.199345332337 
6.18 	 5112.0744650168035 
6.2 	 5111.544908905738 
6.22 	 5178.095338166622 
6.24 	 5310.753911080518 
6.26 	 5506.060082049431 
6.28 	 5758.194798216893 
6.3 	 6059.290132154355 
6.32 	 6399.913335393125 
6.34 	 6769.696455759917 
6.36 	 7158.06094221558 
6.38 	 7554.970582857635 
6.4 	 7951.638211164126 
6.42 	 8341.113033957008 
6.44 	 8718.685897940843 
6.46 	 9082.067793037279 
6.48 	 9431.320026242567 
6.5 	 9768.540068966744 
6.52 	 10097.332423521299 
6.54 	 10422.11662482765 
6.56 	 10747.342727429552 
6.58 	 11076.696681804446 
6.6 	 11412.382480588603 
6.62 	 11754.563739777075 
6.64 	 12101.033854118374 
6.66 	 12447.161275284929 
6.68 	 12786.126308150751 
6.7 	 13109.431094818383 
6.72 	 13407.629527540948 
6.74 	 13671.193909326483 
6.76 	 13891.415390759697 
6.78 	 14061.229486291468 
6.8 	 14175.868046928603 
6.82 	 14233.263872304877 
6.84 	 14234.169827753096 
6.86 	 14181.994915874826 
6.88 	 14082.398328874855 
6.9 	 13942.712651357477 
6.92 	 13771.28444218402 
6.94 	 13576.822382286584 
6.96 	 13367.830896019519 
6.98 	 13152.183992284441 
7.0 	 12936.865004873851 
7.02 	 12727.868429145883 
7.04 	 12530.235086658435 
7.06 	 12348.174965679784 
7.08 	 12185.225055120738 
7.1 	 12044.392261619403 
7.12 	 11928.24248995913 
7.14 	 11838.913537449798 
7.16 	 11778.048450513525 
7.18 	 11746.66424840321 
7.2 	 11744.985656260218 
7.22 	 11772.28261460696 
7.24 	 11826.752633210408 
7.26 	 11905.484309727486 
7.28 	 12004.527316703563 
7.3 	 12119.078569048454 
7.32 	 12243.776521348584 
7.34 	 12373.078393776497 
7.36 	 12501.681328678898 
7.38 	 12624.940283233345 
7.4 	 12739.23421869527 
7.42 	 12842.238059133553 
7.44 	 12933.069982632518 
7.46 	 13012.299905521482 
7.48 	 13081.822952252702 
7.5 	 13144.618584864265 
7.52 	 13204.42957559206 
7.54 	 13265.403540118548 
7.56 	 13331.74257937394 
7.58 	 13407.403808296382 
7.6 	 13495.885914573302 
7.62 	 13600.125484416525 
7.64 	 13722.512870980412 
7.66 	 13865.022057792847 
7.68 	 14029.433441950137 
7.7 	 14217.613935942747 
7.72 	 14431.806634489893 
7.74 	 14674.874112782312 
7.76 	 14950.436973202215 
7.78 	 15262.854216687263 
7.8 	 15617.005583019094 
7.82 	 16017.858419494843 
7.84 	 16469.83171959257 
7.86 	 16976.00484122292 
7.88 	 17537.253513312604 
7.9 	 18151.42527177376 
7.92 	 18812.684233576096 
7.94 	 19511.155683341152 
7.96 	 20232.980905185683 
7.98 	 20960.851768119057 
8.0 	 21675.036244883977 
8.02 	 22354.837458527654 
8.04 	 22980.35993636407 
8.06 	 23534.398632250864 
8.08 	 24004.22928784047 
8.1 	 24383.07040913116 
8.12 	 24671.010822508782 
8.14 	 24875.25072947595 
8.16 	 25009.581906022755 
8.18 	 25093.12399439316 
8.2 	 25148.42647752213 
8.22 	 25199.127515501354 
8.24 	 25267.420541713138 
8.26 	 25371.60947017985 
8.28 	 25524.029437730373 
8.3 	 25729.57222424081 
8.32 	 25984.987998151166 
8.34 	 26279.045669626234 
8.36 	 26593.53371027071 
8.38 	 26904.98446156352 
8.4 	 27186.920673111792 
8.42 	 27412.364777812316 
8.44 	 27556.327384080956 
8.46 	 27598.004927958606 
8.48 	 27522.464945878302 
8.5 	 27321.673026810153 
8.52 	 26994.80594772168 
8.54 	 26547.886499690158 
8.56 	 25992.8533918263 
8.58 	 25346.23382336034 
8.6 	 24627.611207678594 
8.62 	 23858.07606329093 
8.64 	 23058.819216084055 
8.66 	 22249.981582927267 
8.68 	 21449.823646807377 
8.7 	 20674.2292246518 
8.72 	 19936.51883181392 
8.74 	 19247.521257067812 
8.76 	 18615.838167101727 
8.78 	 18048.233570908513 
8.8 	 17550.08441182193 
8.82 	 17125.836851026892 
8.84 	 16779.422065345727 
8.86 	 16514.593856625805 
8.88 	 16335.157552079017 
8.9 	 16245.066088320147 
8.92 	 16248.365990522534 
8.94 	 16348.98455973017 
8.96 	 16550.36110992617 
8.98 	 16854.940072100504 
9.0 	 17263.561787534236 
9.02 	 17774.806295727438 
9.04 	 18384.36368861571 
9.06 	 19084.518060332583 
9.08 	 19863.836793361876 
9.1 	 20707.14942926936 
9.12 	 21595.878665936478 
9.14 	 22508.75043171887 
9.16 	 23422.863711434984 
9.18 	 24315.049854063953 
9.2 	 25163.403532980985 
9.22 	 25948.832036363336 
9.24 	 26656.45365133337 
9.26 	 27276.68416819343 
9.28 	 27805.88340123409 
9.3 	 28246.48696979909 
9.32 	 28606.614331760953 
9.34 	 28899.211701440192 
9.36 	 29140.847125181343 
9.38 	 29350.31546288168 
9.4 	 29547.227546723432 
9.42 	 29750.748814679493 
9.44 	 29978.620879609272 
9.46 	 30246.550737625428 
9.48 	 30567.994525736987 
9.5 	 30954.304249753266 
9.52 	 31415.15426202034 
9.54 	 31959.125405326267 
9.56 	 32594.30264255881 
9.58 	 33328.7387542162 
9.6 	 34170.65273166102 
9.62 	 35128.26578055422 
9.64 	 36209.227907097564 
9.66 	 37419.64984714512 
9.68 	 38762.822767309815 
9.7 	 40237.77394838967 
9.72 	 41837.86110797777 
9.74 	 43549.640824172995 
9.76 	 45352.248005367226 
9.78 	 47217.48651602274 
9.8 	 49110.75390600454 
9.82 	 50992.81068158192 
9.84 	 52822.269704845545 
9.86 	 54558.54458754233 
9.88 	 56164.88277170183 
9.9 	 57611.04531198962 
9.92 	 58875.202019592376 
9.94 	 59944.69757149752 
9.96 	 60815.50624597008 
9.98 	 61490.40828748648 
10.0 	 61976.153345364466 
10.02 	 62280.081522063505 
10.04 	 62406.80653724696 
10.06 	 62355.59514794662 
10.08 	 62118.988051206565 
10.1 	 61683.00956348861 
10.12 	 61029.039238863326 
10.14 	 60137.11846316955 
10.16 	 58990.19635066984 
10.18 	 57578.634399957045 
10.2 	 55904.22449525874 
10.22 	 53983.04215938655 
10.24 	 51846.64239754191 
10.26 	 49541.37221110052 
10.28 	 47125.87076320653 
10.3 	 44667.10086444556 
10.32 	 42235.4574454582 
10.34 	 39899.60010162105 
10.36 	 37721.64879180396 
10.38 	 35753.276242706364 
10.4 	 34033.055656927616 
10.42 	 32585.215003577123 
10.44 	 31419.747398958745 
10.46 	 30533.66251065344 
10.48 	 29913.05708165481 
10.5 	 29535.64103508729 
10.52 	 29373.37435609473 
10.54 	 29394.934829721562 
10.56 	 29567.82819498931 
10.58 	 29860.049810152588 
10.6 	 30241.29275440206 
10.62 	 30683.75916434958 
10.64 	 31162.664135487867 
10.66 	 31656.526142645038 
10.68 	 32147.321568333617 
10.7 	 32620.553681757516 
10.72 	 33065.25879988875 
10.74 	 33473.95264036382 
10.76 	 33842.51209808377 
10.78 	 34169.9909742892 
10.8 	 34458.37747291517 
10.82 	 34712.30922411502 
10.84 	 34938.76132390685 
10.86 	 35146.710617547265 
10.88 	 35346.756307387186 
10.9 	 35550.649233811106 
10.92 	 35770.660014613844 
10.94 	 36018.7109222778 
10.96 	 36305.21693546255 
10.98 	 36637.63132969893 
11.0 	 37018.76636339177 
11.02 	 37445.04796215704 
11.04 	 37904.94633288746 
11.06 	 38377.88075763231 
11.08 	 38833.90677953127 
11.1 	 39234.4446295915 
11.12 	 39534.19686749629 
11.14 	 39684.24163541125 
11.16 	 39636.099014841 
11.18 	 39346.38425808686 
11.2 	 38781.518885721336 
11.22 	 37921.90036473801 
11.24 	 36764.95342288119 
11.26 	 35326.60433213561 
11.28 	 33640.91830493432 
11.3 	 31757.887606066237 
11.32 	 29739.611850685324 
11.34 	 27655.328315143164 
11.36 	 25575.89250278684 
11.38 	 23568.3561548507 
11.4 	 21691.238621435114 
11.42 	 19990.95351455765 
11.44 	 18499.665078707807 
11.46 	 17234.64348741993 
11.48 	 16198.999722819179 
11.5 	 15383.535321168878 
11.52 	 14769.35478130421 
11.54 	 14330.861089559832 
11.56 	 14038.779563212845 
11.58 	 13862.917583081076 
11.6 	 13774.451175312253 
11.62 	 13747.618628800325 
11.64 	 13760.784748706857 
11.66 	 13796.90943265887 
11.68 	 13843.507095891739 
11.7 	 13892.217694393614 
11.72 	 13938.125908234404 
11.74 	 13978.963697789362 
11.76 	 14014.315150783284 
11.78 	 14044.914658018597 
11.8 	 14072.094569960076 
11.82 	 14097.402100660629 
11.84 	 14122.373045459673 
11.86 	 14148.426680639273 
11.88 	 14176.83492909091 
11.9 	 14208.719853452112 
11.92 	 14245.044526263242 
11.94 	 14286.579120053326 
11.96 	 14333.841642621015 
11.98 	 14387.026591209373 
12.0 	 14445.941965972264 
12.02 	 14509.974759344397 
12.04 	 14578.09848261606 
12.06 	 14648.926209278407 
12.08 	 14720.802226456874 
12.1 	 14791.917488497622 
12.12 	 14860.430356871275 
12.14 	 14924.574914502775 
12.16 	 14982.743567646581 
12.18 	 15033.537042138692 
12.2 	 15075.781421424026 
12.22 	 15108.51710636301 
12.24 	 15130.967757152814 
12.26 	 15142.498455322555 
12.28 	 15142.572176117124 
12.3 	 15130.71315223065 
12.32 	 15106.485685219888 
12.34 	 15069.497809160895 
12.36 	 15019.440687486975 
12.38 	 14956.175898888583 
12.4 	 14879.882688232412 
12.42 	 14791.274740383682 
12.44 	 14691.890462308842 
12.46 	 14584.452239549566 
12.48 	 14473.279512546951 
12.5 	 14364.729131096125 
12.52 	 14267.625690652383 
12.54 	 14193.635466642232 
12.56 	 14157.530578714424 
12.58 	 14177.285083995572 
12.6 	 14273.941745238571 
12.62 	 14471.18782997483 
12.64 	 14794.582293150801 
12.66 	 15270.388281405527 
12.68 	 15923.988086418469 
12.7 	 16777.895964262596 
12.72 	 17849.438771431232 
12.74 	 19148.242135379045 
12.76 	 20673.732637788096 
12.78 	 22412.931054263787 
12.8 	 24338.851885419626 
12.82 	 26409.824515370878 
12.84 	 28570.000330651146 
12.86 	 30751.205622762856 
12.88 	 32876.150657062 
12.9 	 34862.830368965624 
12.92 	 36629.7791746817 
12.94 	 38101.701552134575 
12.96 	 39214.91796412473 
12.98 	 39922.05946647141 
13.0 	 40195.51764272923 
13.02 	 40029.29864411094 
13.04 	 39439.11832264231 
13.06 	 38460.77974548648 
13.08 	 37147.06371062841 
13.1 	 35563.51099506419 
13.12 	 33783.56479818125 
13.14 	 31883.567054201474 
13.16 	 29938.067329040863 
13.18 	 28015.820293951685 
13.2 	 26176.734292564342 
13.22 	 24469.907394399183 
13.24 	 22932.764903136176 
13.26 	 21591.206328025626 
13.28 	 20460.58873983815 
13.3 	 19547.32131128932 
13.32 	 18850.823015000136 
13.34 	 18365.59927748939 
13.36 	 18083.219115558397 
13.38 	 17994.015915092143 
13.4 	 18088.38613447112 
13.42 	 18357.61473922087 
13.44 	 18794.20895231638 
13.46 	 19391.769099526537 
13.48 	 20144.46450467562 
13.5 	 21046.212318284674 
13.52 	 22089.67745426521 
13.54 	 23265.2225071787 
13.56 	 24559.937824559376 
13.58 	 25956.874093259892 
13.6 	 27434.58334419087 
13.62 	 28967.05006465278 
13.64 	 30524.063540150502 
13.66 	 32072.047516327035 
13.68 	 33575.325909809624 
13.7 	 34997.765679056945 
13.72 	 36304.70192113118 
13.74 	 37465.017451045795 
13.76 	 38453.221417147535 
13.78 	 39251.351482211154 
13.8 	 39850.515341699334 
13.82 	 40251.89424493654 
13.84 	 40467.05799947732 
13.86 	 40517.490291302805 
13.88 	 40433.29428419698 
13.9 	 40251.135941350345 
13.92 	 40011.57600718902 
13.94 	 39756.02705186815 
13.96 	 39523.634199056396 
13.98 	 39348.404080962806 
14.0 	 39256.88855344817 
14.02 	 39266.66773209771 
14.04 	 39385.77904645157 
14.06 	 39613.11999125948 
14.08 	 39939.7305154184 
14.1 	 40350.75495213754 
14.12 	 40827.80797918621 
14.14 	 41351.43329861531 
14.16 	 41903.34969053904 
14.18 	 42468.22272227661 
14.2 	 43034.773014954975 
14.22 	 43596.122512287286 
14.24 	 44149.377196303074 
14.26 	 44694.53773141981 
14.28 	 45232.909925976914 
14.3 	 45765.24787575476 
14.32 	 46289.89905041258 
14.34 	 46801.22872672669 
14.36 	 47288.57894890761 
14.38 	 47735.96450648901 
14.4 	 48122.627892479024 
14.42 	 48424.47290988627 
14.44 	 48616.28241122393 
14.46 	 48674.51293902342 
14.48 	 48580.363378568465 
14.5 	 48322.75181154773 
14.52 	 47900.817523982674 
14.54 	 47325.60087941402 
14.56 	 46620.6418161459 
14.58 	 45821.36825090109 
14.6 	 44973.300399969514 
14.62 	 44129.25179257237 
14.64 	 43345.83662231124 
14.66 	 42679.67335801381 
14.68 	 42183.69152055676 
14.7 	 41903.8990392174 
14.72 	 41876.86127652949 
14.74 	 42128.00084569526 
14.76 	 42670.67867116575 
14.78 	 43505.89237600895 
14.8 	 44622.354696818315 
14.82 	 45996.708689947685 
14.84 	 47593.70017336823 
14.86 	 49366.247721686595 
14.88 	 51255.49949996335 
14.9 	 53191.10849753666 
14.92 	 55092.05605916828 
14.94 	 56868.377418431315 
14.96 	 58424.075615928814 
14.98 	 59661.35399114055 
15.0 	 60486.074614102705 
15.02 	 60814.09960259892 
15.04 	 60577.94292013161 
15.06 	 59733.00048692724 
15.08 	 58262.5742494704 
15.1 	 56180.98007518397 
15.12 	 53534.22482951608 
15.14 	 50398.02590916862 
15.16 	 46873.27972895531 
15.18 	 43079.40824092106 
15.2 	 39146.271039641935 
15.22 	 35205.48459713125 
15.24 	 31382.019859556098 
15.26 	 27786.858352346466 
15.28 	 24511.29961866624 
15.3 	 21623.268216668886 
15.32 	 19165.710959119326 
15.34 	 17156.945081618844 
15.36 	 15592.644912582413 
15.38 	 14449.052650995422 
15.4 	 13686.967121115535 
15.42 	 13256.089979453782 
15.44 	 13099.372184153111 
15.46 	 13157.083949157506 
15.48 	 13370.411886939582 
15.5 	 13684.456934875983 
15.52 	 14050.562102838596 
15.54 	 14427.941576222041 
15.56 	 14784.616604788393 
15.58 	 15097.693443327444 
15.6 	 15353.047145799861 
15.62 	 15544.502379161235 
15.64 	 15672.626408728582 
15.66 	 15743.266585324314 
15.68 	 15765.971805697955 
15.7 	 15752.432697200491 
15.72 	 15715.058913766645 
15.74 	 15665.786138686888 
15.76 	 15615.173773128368 
15.78 	 15571.820936626847 
15.8 	 15542.09701577103 
15.82 	 15530.156279077464 
15.84 	 15538.185541592602 
15.86 	 15566.819982853338 
15.88 	 15615.654803277363 
15.9 	 15683.779000780269 
15.92 	 15770.26174587859 
15.94 	 15874.531314957721 
15.96 	 15996.600961271964 
15.98 	 16137.114835324703 
16.0 	 16297.208964960066 
16.02 	 16478.205586428347 
16.04 	 16681.18142200469 
16.06 	 16906.469143380345 
16.08 	 17153.16361663197 
16.1 	 17418.70846210075 
16.12 	 17698.632750123597 
16.14 	 17986.492268385216 
16.16 	 18274.04607781729 
16.18 	 18551.66968655045 
16.2 	 18808.974857545345 
16.22 	 19035.57718243716 
16.24 	 19221.930435817616 
16.26 	 19360.134952294047 
16.28 	 19444.627986003077 
16.3 	 19472.67743600594 
16.32 	 19444.62459410562 
16.34 	 19363.853024416956 
16.36 	 19236.494476842123 
16.38 	 19070.913751876786 
16.4 	 18877.038213332715 
16.42 	 18665.611155144295 
16.44 	 18447.450288812714 
16.46 	 18232.783927111188 
16.48 	 18030.72023152966 
16.5 	 17848.882358049203 
16.52 	 17693.2179809981 
16.54 	 17567.968746008442 
16.56 	 17475.766310944182 
16.58 	 17417.808579399254 
16.6 	 17394.063512605146 
16.62 	 17403.448826625212 
16.64 	 17443.94368578062 
16.66 	 17512.60246079242 
16.68 	 17605.45953995532 
16.7 	 17717.33635390803 
16.72 	 17841.58489468282 
16.74 	 17969.823163678793 
16.76 	 18091.733784322125 
16.78 	 18195.00396285175 
16.8 	 18265.480057463847 
16.82 	 18287.591455093603 
16.84 	 18245.06651804109 
16.86 	 18121.920897516993 
16.88 	 17903.651047674906 
16.9 	 17578.520980371508 
16.92 	 17138.796777561947 
16.94 	 16581.768952011153 
16.96 	 15910.412627662903 
16.98 	 15133.570771482167 
17.0 	 14265.6025416489 
17.02 	 13325.508860928514 
17.04 	 12335.619086303697 
17.06 	 11319.983752364678 
17.08 	 10302.65812125959 
17.1 	 9306.072909729597 
17.12 	 8349.67063054678 
17.14 	 7448.942529007787 
17.16 	 6614.940636773817 
17.18 	 5854.273051978495 
17.2 	 5169.5293931391425 
17.22 	 4560.036626043089 
17.24 	 4022.8186793021227 
17.26 	 3553.6277483588233 
17.28 	 3147.928305476286 
17.3 	 2801.741086038883 
17.32 	 2512.2868417115574 
17.34 	 2278.4017476070053 
17.36 	 2100.722784096253 
17.38 	 1981.6591925559956 
17.4 	 1925.1747249620585 
17.42 	 1936.4065796607542 
17.44 	 2021.1438923289595 
17.46 	 2185.1853261195806 
17.48 	 2433.595257304439 
17.5 	 2769.8836971487094 
17.52 	 3195.1470724409774 
17.54 	 3707.2239197053837 
17.56 	 4299.938148832712 
17.58 	 4962.518151542525 
17.6 	 5679.287514673705 
17.62 	 6429.717855651621 
17.64 	 7188.9133913102905 
17.66 	 7928.559913784368 
17.68 	 8618.320604776753 
17.7 	 9227.603369650578 
17.72 	 9727.567335677193 
17.74 	 10093.189244216965 
17.76 	 10305.182628158913 
17.78 	 10351.560630269849 
17.8 	 10228.660049494452 
17.82 	 9941.497959622113 
17.84 	 9503.406500808704 
17.86 	 8934.975769217937 
17.88 	 8262.416526819808 
17.9 	 7515.521225720357 
17.92 	 6725.443521225531 
17.94 	 5922.527276125945 
17.96 	 5134.395597773317 
17.98 	 4384.463505973787 
18.0 	 3690.973324767815 
18.02 	 3066.580963728554 
18.04 	 2518.455051438153 
18.06 	 2048.7985390849726 
18.08 	 1655.6696122647627 
18.1 	 1333.9672443683837 
18.12 	 1076.4545005376485 
18.14 	 874.7150241537142 
18.16 	 719.9688688028356 
18.18 	 603.7067848741231 
18.2 	 518.1320743264115 
18.22 	 456.4227233814002 
18.24 	 412.8421189425317 
18.26 	 382.7343201270429 
18.28 	 362.4408575812599 
18.3 	 349.1722759498327 
18.32 	 340.86115266254495 
18.34 	 336.01590204352163 
18.36 	 333.587627295182 
18.38 	 332.8564118356083 
18.4 	 333.33907641130924 
18.42 	 334.7175515231471 
18.44 	 336.785396308858 
18.46 	 339.40931563168635 
18.48 	 342.50246722082113 
18.5 	 346.0066438220978 
18.52 	 349.88086888050697 
18.54 	 354.09443742514816 
18.56 	 358.6229021818731 
18.58 	 363.44592099217016 
18.6 	 368.5462368297116 
18.62 	 373.90935367054004 
18.64 	 379.5236971930542 
18.66 	 385.38120392800573 
18.68 	 391.4783619468168 
18.7 	 397.81773139114154 
18.72 	 404.4099140044356 
18.74 	 411.2758381266885 
18.76 	 418.4491099123792 
18.78 	 425.97808868727975 
18.8 	 433.92730842398197 
18.82 	 442.3779122428097 
18.84 	 451.42689904883605 
18.86 	 461.1851853111175 
18.88 	 471.77472318197863 
18.9 	 483.32513494284484 
18.92 	 495.97046331056026 
18.94 	 509.8466443553706 
18.96 	 525.090151188612 
18.98 	 541.837928302389 
19.0 	 560.2282692383053 
19.02 	 580.4017486573717 
19.04 	 602.5007958793607 
19.06 	 626.6660995315139 
19.08 	 653.0278747450342 
19.1 	 681.6902064975718 
19.12 	 712.7072779791291 
19.14 	 746.0513272308413 
19.16 	 781.5736090224466 
19.18 	 818.9613501294762 
19.2 	 857.6954625640201 
19.22 	 897.0153252988472 
19.24 	 935.8979109162433 
19.26 	 973.0585700575188 
19.28 	 1006.9796201309398 
19.3 	 1035.9704021004172 
19.32 	 1058.258789256218 
19.34 	 1072.1096423493154 
19.36 	 1075.9610430801008 
19.38 	 1068.5651032008552 
19.4 	 1049.1175605918743 
19.42 	 1017.3599032904192 
19.44 	 973.6397526889821 
19.46 	 918.9195967376248 
19.48 	 854.7301390281555 
19.5 	 783.0715814568368 
19.52 	 706.2729351356583 
19.54 	 626.8248206128355 
19.56 	 547.2042868518934 
19.58 	 469.7104895530304 
19.6 	 396.327676355269 
19.62 	 328.6273648896066 
19.64 	 267.7157554111203 
19.66 	 214.22633034323744 
19.68 	 168.35223366706774 
19.7 	 129.9091271096885 
19.72 	 98.4171712645384 
19.74 	 73.1905906543468 
19.76 	 53.42465096697694 
19.78 	 38.272299909607995 
19.8 	 26.9056239545253 
19.82 	 18.56012223307688 
19.84 	 12.562197526210364 
19.86 	 8.341984496113005 
19.88 	 5.434615886495938 
19.9 	 3.473340190316033 
19.92 	 2.1777040924793805 
19.94 	 1.3394867372225165 
19.96 	 0.8083979803752529 
19.98 	 0.4788705896863681 
20.0 	 0.27868076347392357 
20.02 	 0.15966996569425584 
20.04 	 0.09052423944727232 
20.06 	 0.051380168666225044 
20.08 	 0.029941822164399487 
20.1 	 0.018779218503786367 
20.12 	 0.013507842400050324 
20.14 	 0.011598327359903916 
20.16 	 0.011620258324915788 
20.18 	 0.012774966234613177 
20.2 	 0.014614758950339722 
20.22 	 0.016879042897911006 
20.24 	 0.019401887112294975 
20.26 	 0.022062285574775187 
20.28 	 0.024759426694195213 
20.3 	 0.027402285780881663 
20.32 	 0.029907130085270267 
20.34 	 0.03219905444658576 
20.36 	 0.03421514383403214 
20.38 	 0.03590774528806766 
20.4 	 0.03724690650701508 
20.42 	 0.03822145667561124 
20.44 	 0.0388385394210709 
20.46 	 0.039121680859159104 
20.48 	 0.0391076860691512 
20.5 	 0.038842797271064496 
20.52 	 0.03837861446353582 
20.54 	 0.037768284957445365 
20.56 	 0.03706343863415807 
20.58 	 0.036312324699897265 
20.6 	 0.0355596561636727 
20.62 	 0.03484887677326119 
20.64 	 0.03422805052944811 
20.66 	 0.03376150066355195 
20.68 	 0.03355091955199208 
20.7 	 0.03377223597410022 
20.72 	 0.03473844256378011 
20.74 	 0.03700429046999496 
20.76 	 0.04153667198076627 
20.78 	 0.049984905330801355 
20.8 	 0.06509790336418457 
20.82 	 0.09134955126407933 
20.84 	 0.135847662737131 
20.86 	 0.20961228885753305 
20.88 	 0.32931085101503477 
20.9 	 0.5195238048427123 
20.92 	 0.8155774415381721 
20.94 	 1.2669122928195984 
20.96 	 1.9408510028108548 
20.98 	 2.926488140028312 
21.0 	 4.338254126717659 
21.02 	 6.318524979729745 
21.04 	 9.038489551183554 
21.06 	 12.69638749786261 
21.08 	 17.512240722345403 
21.1 	 23.718361572465636 
21.12 	 31.545260828526427 
21.14 	 41.203098545254214 
21.16 	 52.859485451587894 
21.18 	 66.61517563933303 
21.2 	 82.4798811656445 
21.22 	 100.35095438431102 
21.24 	 119.99789661134827 
21.26 	 141.0554665746164 
21.28 	 163.02754176076178 
21.3 	 185.30286826797882 
21.32 	 207.18253535782603 
21.34 	 227.91760678616035 
21.36 	 246.75404089986776 
21.38 	 262.98103647538676 
21.4 	 275.9784060455263 
21.42 	 285.25858240882775 
21.44 	 290.49939880511096 
21.46 	 291.5647590772956 
21.48 	 288.5115819035259 
21.5 	 281.58278566575706 
21.52 	 271.1874044185689 
21.54 	 257.87004681143327 
21.56 	 242.27272891182997 
21.58 	 225.09257668742777 
21.6 	 207.0389955797565 
21.62 	 188.79366867959877 
21.64 	 170.97622246054127 
21.66 	 154.11765915378126 
21.68 	 138.6427801508338 
21.7 	 124.86190627346541 
21.72 	 112.97133176821556 
21.74 	 103.06121701231598 
21.76 	 95.12910172370765 
21.78 	 89.09695147875289 
21.8 	 84.82964757986569 
21.82 	 82.15306969838356 
21.84 	 80.87034555789728 
21.86 	 80.77537229361168 
21.88 	 81.66326045378577 
21.9 	 83.33782990524726 
21.92 	 85.61663265288819 
21.94 	 88.33415570309832 
21.96 	 91.34386612268369 
21.98 	 94.51963022215276 
22.0 	 97.75682234040447 
22.02 	 100.97319989603588 
22.04 	 104.10942105368294 
22.06 	 107.1289648582055 
22.08 	 110.01720228266639 
22.1 	 112.77945472249188 
22.12 	 115.43803493477931 
22.14 	 118.02845011300205 
22.16 	 120.59510990343448 
22.18 	 123.18698374987241 
22.2 	 125.85366871723491 
22.22 	 128.64225855675747 
22.24 	 131.59526484661012 
22.26 	 134.74966352480882 
22.28 	 138.13696284706694 
22.3 	 141.78404637828424 
22.32 	 145.71446106197473 
22.34 	 149.94980486065256 
22.36 	 154.5109148824417 
22.38 	 159.4186472402869 
22.4 	 164.69414957923902 
22.42 	 170.35863154391976 
22.44 	 176.4327181122569 
22.46 	 182.93551529205126 
22.48 	 189.88352666133505 
22.5 	 197.2895405117525 
22.52 	 205.16157385117413 
22.54 	 213.50192507936163 
22.56 	 222.30636269942374 
22.58 	 231.5634683820185 
22.6 	 241.25415809444706 
22.62 	 251.35141845519095 
22.64 	 261.8203075471985 
22.66 	 272.6182707534302 
22.68 	 283.6958064429262 
22.7 	 294.9974823355951 
22.72 	 306.4632556966262 
22.74 	 318.0299986293157 
22.76 	 329.6330857795876 
22.78 	 341.2078775572821 
22.8 	 352.69093603556877 
22.82 	 364.02084595216263 
22.84 	 375.1385760496521 
22.86 	 385.987396593154 
22.88 	 396.5124532977207 
22.9 	 406.6601707189787 
22.92 	 416.3777058364362 
22.94 	 425.61268608115876 
22.96 	 434.3134427010648 
22.98 	 442.4298940038387 
23.0 	 449.91515308152105 
23.02 	 456.7278439136793 
23.04 	 462.83502186168437 
23.06 	 468.21552140594804 
23.08 	 472.86350385426573 
23.1 	 476.79195429415046 
23.12 	 480.03587893367586 
23.14 	 482.654975291766 
23.16 	 484.7355791676224 
23.18 	 486.391723079956 
23.2 	 487.7651610340026 
23.22 	 489.02421809600895 
23.24 	 490.36131110692025 
23.26 	 491.98896816936895 
23.28 	 494.134166717334 
23.3 	 497.0308358916033 
23.32 	 500.91045174453285 
23.34 	 505.9908101903494 
23.36 	 512.4632960103164 
23.38 	 520.4792614046377 
23.4 	 530.1364485241572 
23.42 	 541.4666823681193 
23.44 	 554.4262569358843 
23.46 	 568.8904720212482 
23.48 	 584.6535988315549 
23.5 	 601.4351384044668 
23.52 	 618.8926091621461 
23.54 	 636.640328437518 
23.56 	 654.2728493058131 
23.58 	 671.3910152785105 
23.6 	 687.628136027704 
23.62 	 702.673669495072 
23.64 	 716.2920633460118 
23.66 	 728.3350336238032 
23.68 	 738.7464436691309 
23.7 	 747.5599455493837 
23.72 	 754.8904939958347 
23.74 	 760.9215873812323 
23.76 	 765.8905198834807 
23.78 	 770.0739869243034 
23.8 	 773.7760728051136 
23.82 	 777.3200160438938 
23.84 	 781.0442840069869 
23.86 	 785.3025110978341 
23.88 	 790.4658981160253 
23.9 	 796.9258754574652 
23.92 	 805.094335098644 
23.94 	 815.3986494875611 
23.96 	 828.2690920954287 
23.98 	 844.1171669419934 
24.0 	 863.3046816493357 
24.02 	 886.10502153367 
24.04 	 912.6597924026717 
24.06 	 942.935539614783 
24.08 	 976.6863455931491 
24.1 	 1013.4285046162948 
24.12 	 1052.4329864495983 
24.14 	 1092.7399547955636 
24.16 	 1133.1972765798325 
24.18 	 1172.5219851589368 
24.2 	 1209.3804435015222 
24.22 	 1242.4800014466316 
24.24 	 1270.662789575111 
24.26 	 1292.9913930251578 
24.28 	 1308.8167596749322 
24.3 	 1317.820801125816 
24.32 	 1320.0294258968634 
24.34 	 1315.795637890219 
24.36 	 1305.7561451680397 
24.38 	 1290.767988603188 
24.4 	 1271.8335353126606 
24.42 	 1250.0225971580107 
24.44 	 1226.3995559608998 
24.46 	 1201.961584822541 
24.48 	 1177.591854863426 
24.5 	 1154.0294876273163 
24.52 	 1131.8562813732196 
24.54 	 1111.4990177865577 
24.56 	 1093.2453648898716 
24.58 	 1077.2708454123494 
24.6 	 1063.6738563873078 
24.62 	 1052.5152243149532 
24.64 	 1043.8583206496298 
24.66 	 1037.8055184705327 
24.68 	 1034.5269506588597 
24.7 	 1034.2782750568972 
24.72 	 1037.4054622561996 
24.74 	 1044.3363280449748 
24.76 	 1055.5603350206231 
24.78 	 1071.5997391999488 
24.8 	 1092.9761628892718 
24.82 	 1120.1769714338511 
24.84 	 1153.6254198552365 
24.86 	 1193.6575610664615 
24.88 	 1240.5076007870487 
24.9 	 1294.3019902446251 
24.92 	 1355.0612703469255 
24.94 	 1422.70766115116 
24.96 	 1497.0757153262011 
24.98 	 1577.923082590029 
25.0 	 1664.938612330536 
25.02 	 1757.7456860784457 
25.04 	 1855.899803275788 
25.06 	 1958.880931837133 
25.08 	 2066.0827442602654 
25.1 	 2176.8022431233326 
25.12 	 2290.234043508985 
25.14 	 2405.4733970005936 
25.16 	 2521.5307760806522 
25.18 	 2637.358636295258 
25.2 	 2751.888285337926 
25.22 	 2864.0722847990996 
25.24 	 2972.9262189697774 
25.26 	 3077.563555069355 
25.28 	 3177.218904848721 
25.3 	 3271.2580230167027 
25.32 	 3359.1766316481753 
25.34 	 3440.5936271984588 
25.36 	 3515.246351398359 
25.38 	 3582.995590831534 
25.4 	 3643.8455275797005 
25.42 	 3697.979356070285 
25.44 	 3745.805679341553 
25.46 	 3788.005473806923 
25.48 	 3825.5658109361425 
25.5 	 3859.785798112934 
25.52 	 3892.2428955872256 
25.54 	 3924.7136541779996 
25.56 	 3959.051014979004 
25.58 	 3997.029078727164 
25.6 	 4040.1739300496465 
25.62 	 4089.604097705772 
25.64 	 4145.905461505454 
25.66 	 4209.062523586802 
25.68 	 4278.461371194633 
25.7 	 4352.970458833095 
25.72 	 4431.095031565361 
25.74 	 4511.191194900558 
25.76 	 4591.717691604172 
25.78 	 4671.498306199704 
25.8 	 4749.965863505151 
25.82 	 4827.359874972304 
25.84 	 4904.853500927578 
25.86 	 4984.590971825563 
25.88 	 5069.623350207718 
25.9 	 5163.738138362988 
25.92 	 5271.186608853364 
25.94 	 5396.321846946264 
25.96 	 5543.170236587078 
25.98 	 5714.969025968705 
26.0 	 5913.711657396966 
26.02 	 6139.749156902698 
26.04 	 6391.498124217128 
26.06 	 6665.301914514156 
26.08 	 6955.4803078490895 
26.1 	 7254.584397598057 
26.12 	 7553.849242407517 
26.14 	 7843.810211359004 
26.16 	 8115.024200579767 
26.18 	 8358.818581883776 
26.2 	 8567.982702915906 
26.22 	 8737.321168205519 
26.24 	 8864.00488395431 
26.26 	 8947.682454251255 
26.28 	 8990.346555555408 
26.3 	 8995.981964382096 
26.32 	 8970.04868071888 
26.34 	 8918.871004192826 
26.36 	 8849.00937912432 
26.38 	 8766.686456998155 
26.4 	 8677.324234175027 
26.42 	 8585.228728326074 
26.44 	 8493.436339465858 
26.46 	 8403.71532398885 
26.48 	 8316.699268973272 
26.5 	 8232.11845551563 
26.52 	 8149.089760733216 
26.54 	 8066.42562750617 
26.56 	 7982.926519152277 
26.58 	 7897.627947954721 
26.6 	 7809.98151301959 
26.62 	 7719.958495636661 
26.64 	 7628.073698369869 
26.66 	 7535.33572274679 
26.68 	 7443.137128766201 
26.7 	 7353.103303589894 
26.72 	 7266.921884721824 
26.74 	 7186.174950813471 
26.76 	 7112.193950620926 
26.78 	 7045.952894264319 
26.8 	 6988.009407315099 
26.82 	 6938.49676017535 
26.84 	 6897.163848504604 
26.86 	 6863.45505521024 
26.88 	 6836.618413763291 
26.9 	 6815.828629872366 
26.92 	 6800.311145305157 
26.94 	 6789.45423125889 
26.96 	 6782.897744618415 
26.98 	 6780.589412677632 
27.0 	 6782.8021926206075 
27.02 	 6790.109337825155 
27.04 	 6803.317278020379 
27.06 	 6823.360220789172 
27.08 	 6851.164343503719 
27.1 	 6887.493290580137 
27.12 	 6932.790058752767 
27.14 	 6987.032846733563 
27.16 	 7049.623690031972 
27.18 	 7119.328388126639 
27.2 	 7194.284150662621 
27.22 	 7272.087461518568 
27.24 	 7349.96896424656 
27.26 	 7425.054982619969 
27.28 	 7494.707092043406 
27.3 	 7556.922634420273 
27.32 	 7610.771029808956 
27.34 	 7656.833994105325 
27.36 	 7697.6129893382395 
27.38 	 7737.864815462401 
27.4 	 7784.82630877748 
27.42 	 7848.29154387008 
27.44 	 7940.509627471333 
27.46 	 8075.878212352877 
27.48 	 8270.417682628324 
27.5 	 8541.02430353546 
27.52 	 8904.518226666696 
27.54 	 9376.524320541523 
27.56 	 9970.249469194183 
27.58 	 10695.246780041358 
27.6 	 11556.280908995144 
27.62 	 12552.424014858216 
27.64 	 13676.51296277058 
27.66 	 14915.080647972707 
27.68 	 16248.83559953312 
27.7 	 17653.705982547977 
27.72 	 19102.392640831393 
27.74 	 20566.300667300326 
27.76 	 22017.65242063923 
27.78 	 23431.53957771409 
27.8 	 24787.658277880895 
27.82 	 26071.495794821996 
27.84 	 27274.799453431962 
27.86 	 28395.25192380109 
27.88 	 29435.38867143624 
27.9 	 30400.906051184244 
27.92 	 31298.603676565184 
27.94 	 32134.26550278881 
27.96 	 32910.79880464901 
27.98 	 33626.91469108475 
28.0 	 34276.55244697365 
28.02 	 34849.13555981478 
28.04 	 35330.61869095371 
28.06 	 35705.163795451015 
28.08 	 35957.190502965634 
28.1 	 36073.495965178736 
28.12 	 36045.13978046534 
28.14 	 35868.83813868812 
28.16 	 35547.6972223544 
28.18 	 35091.22229727723 
28.2 	 34514.646511256724 
28.22 	 33837.71433048798 
28.24 	 33083.115664362136 
28.26 	 32274.791687529 
28.28 	 31436.322925130575 
28.3 	 30589.571107293326 
28.32 	 29753.689260772047 
28.34 	 28944.55138095373 
28.36 	 28174.594551023976 
28.38 	 27453.020373949646 
28.4 	 26786.273119041703 
28.42 	 26178.699389698253 
28.44 	 25633.295733050272 
28.46 	 25152.4619480631 
28.48 	 24738.693875124856 
28.5 	 24395.165740505552 
28.52 	 24126.16568543408 
28.54 	 23937.357762397336 
28.56 	 23835.85004306615 
28.58 	 23830.05351009402 
28.6 	 23929.32268846582 
28.62 	 24143.378907121405 
28.64 	 24481.532107634623 
28.66 	 24951.73717890455 
28.68 	 25559.544147830784 
28.7 	 26307.024942331926 
28.72 	 27191.778641767236 
28.74 	 28206.12773276838 
28.76 	 29336.616186874984 
28.78 	 30563.90397949836 
28.8 	 31863.121905804768 
28.82 	 33204.70753123803 
28.84 	 34555.69240645067 
28.86 	 35881.358556105726 
28.88 	 37147.13583154341 
28.9 	 38320.57785272103 
28.92 	 39373.2384111966 
28.94 	 40282.27543923943 
28.96 	 41031.63603046868 
28.98 	 41612.72042350986 
29.0 	 42024.47947352741 
29.02 	 42272.96122775309 
29.04 	 42370.379485118974 
29.06 	 42333.82312528583 
29.08 	 42183.75399628657 
29.1 	 41942.45052131534 
29.12 	 41632.54427494006 
29.14 	 41275.77070881606 
29.16 	 40892.018072210485 
29.18 	 40498.71636430217 
29.2 	 40110.56665627653 
29.22 	 39739.575016859744 
29.24 	 39395.327639303956 
29.26 	 39085.425976976636 
29.28 	 38815.99270111236 
29.3 	 38592.16011541777 
29.32 	 38418.46090848821 
29.34 	 38299.05541550837 
29.36 	 38237.74874146902 
29.38 	 38237.77424980507 
29.4 	 38301.34620358545 
29.42 	 38429.01276248307 
29.44 	 38618.869683334415 
29.46 	 38865.72294335573 
29.48 	 39160.31241042039 
29.5 	 39488.72528347492 
29.52 	 39832.1335491026 
29.54 	 40166.98038846613 
29.56 	 40465.71325302157 
29.58 	 40698.114714806004 
29.6 	 40833.217246472894 
29.62 	 40841.709248397034 
29.64 	 40698.65517082794 
29.66 	 40386.27422219124 
29.68 	 39896.463893508 
29.7 	 39232.7303992334 
29.72 	 38411.20936661005 
29.74 	 37460.53212789864 
29.76 	 36420.41299581159 
29.78 	 35338.988827504756 
29.8 	 34269.11333707848 
29.82 	 33263.96853658963 
29.84 	 32372.4765739632 
29.86 	 31635.05331474639 
29.88 	 31080.225640833094 
29.9 	 30722.53579124423 
29.92 	 30561.99043535942 
29.94 	 30585.10436638338 
29.96 	 30767.37181672465 
29.98 	 31076.807647616202 
30.0 	 31478.066709888994 
30.02 	 31936.59279895478 
30.04 	 32422.27511376981 
30.06 	 32912.191540908905 
30.08 	 33392.17356799054 
30.1 	 33857.10858406089 
30.12 	 34310.07127883501 
30.14 	 34760.520198262326 
30.16 	 35221.88985739953 
30.18 	 35708.94519439836 
30.2 	 36235.24595656857 
30.22 	 36811.00456618517 
30.24 	 37441.528041631456 
30.26 	 38126.330358162195 
30.28 	 38858.902764913306 
30.3 	 39627.04930941471 
30.32 	 40413.64199534194 
30.34 	 41197.6285838425 
30.36 	 41955.13522759531 
30.38 	 42660.540721102414 
30.4 	 43287.450362622265 
30.42 	 43809.5539829454 
30.44 	 44201.40249065256 
30.46 	 44439.169400776 
30.48 	 44501.470724431965 
30.5 	 44370.29599459941 
30.52 	 44032.058959466136 
30.54 	 43478.718285287076 
30.56 	 42708.86020770872 
30.58 	 41728.591278560416 
30.6 	 40552.072637218705 
30.62 	 39201.54458642398 
30.64 	 37706.74126902608 
30.66 	 36103.6719253377 
30.68 	 34432.83360238248 
30.7 	 32737.003459269254 
30.72 	 31058.82104313343 
30.74 	 29438.40058875419 
30.76 	 27911.205824919947 
30.78 	 26506.37780507469 
30.8 	 25245.63930364022 
30.82 	 24142.820817370713 
30.84 	 23203.97759456425 
30.86 	 22428.006610954275 
30.88 	 21807.63473662473 
30.9 	 21330.636631284702 
30.92 	 20981.15003664131 
30.94 	 20740.98018591228 
30.96 	 20590.815482023667 
30.98 	 20511.305514145635 
31.0 	 20483.97444763797 
31.02 	 20491.955803770754 
31.04 	 20520.539966917582 
31.06 	 20557.52714707979 
31.08 	 20593.380591784186 
31.1 	 20621.1814144784 
31.12 	 20636.399212562465 
31.14 	 20636.5106577418 
31.16 	 20620.517859880867 
31.18 	 20588.434344386096 
31.2 	 20540.813646353647 
31.22 	 20478.390009394006 
31.24 	 20401.881453199883 
31.26 	 20311.974885047668 
31.28 	 20209.476427156736 
31.3 	 20095.575169366108 
31.32 	 19972.142904737342 
31.34 	 19841.982277451305 
31.36 	 19708.94423774186 
31.38 	 19577.861792570697 
31.4 	 19454.285812950548 
31.42 	 19344.05218186607 
31.44 	 19252.748679459448 
31.46 	 19185.17637310966 
31.48 	 19144.9082872641 
31.5 	 19134.036091027752 
31.52 	 19153.166003910843 
31.54 	 19201.684124456406 
31.56 	 19278.266949683908 
31.58 	 19381.573057277663 
31.6 	 19511.02313062494 
31.62 	 19667.56117022584 
31.64 	 19854.290071220523 
31.66 	 20076.887314971907 
31.68 	 20343.727453379543 
31.7 	 20665.663512904757 
31.72 	 21055.446778305864 
31.74 	 21526.792742615933 
31.76 	 22093.13087949273 
31.78 	 22766.10827472162 
31.8 	 23553.952052411314 
31.82 	 24459.830770357617 
31.84 	 25480.385611935475 
31.86 	 26604.621023273925 
31.88 	 27813.34333209548 
31.9 	 29079.30808183283 
31.92 	 30368.17928649567 
31.94 	 31640.319098582655 
31.96 	 32853.32330163632 
31.98 	 33965.11086750075 
32.0 	 34937.281976857164 
32.02 	 35738.39558771562 
32.04 	 36346.79817242209 
32.06 	 36752.66603897025 
32.08 	 36959.002561913156 
32.1 	 36981.4481656583 
32.12 	 36846.898156965726 
32.14 	 36591.06155477212 
32.16 	 36255.213679897366 
32.18 	 35882.48125418314 
32.2 	 35514.04214063385 
32.22 	 35185.62050861593 
32.24 	 34924.61605709612 
32.26 	 34748.13117033714 
32.28 	 34662.062878087985 
32.3 	 34661.31797369801 
32.32 	 34731.09958159158 
32.34 	 34849.11070493506 
32.36 	 34988.43267495845 
32.38 	 35120.77105629471 
32.4 	 35219.7247228534 
32.42 	 35263.73044535929 
32.44 	 35238.36803521367 
32.46 	 35137.77901527677 
32.48 	 34965.04974817811 
32.5 	 34731.52822553748 
32.52 	 34455.1687663799 
32.54 	 34158.11495627696 
32.56 	 33863.82264512998 
32.58 	 33594.0787014168 
32.6 	 33366.279372301295 
32.62 	 33191.292830120015 
32.64 	 33072.14904302338 
32.66 	 33003.688034186984 
32.68 	 32973.17102583627 
32.7 	 32961.73613610588 
32.72 	 32946.478666261864 
32.74 	 32902.869484611016 
32.76 	 32807.20172143061 
32.78 	 32638.777078471354 
32.8 	 32381.60264364089 
32.82 	 32025.455482375655 
32.84 	 31566.270152485846 
32.86 	 31005.89758420882 
32.88 	 30351.358493652227 
32.9 	 29613.761087704275 
32.92 	 28807.067479292735 
32.94 	 27946.87809430855 
32.96 	 27049.365454322822 
32.98 	 26130.43812952538 
33.0 	 25205.16319310981 
33.02 	 24287.430584632846 
33.04 	 23389.811810097995 
33.06 	 22523.55098354591 
33.08 	 21698.62725960809 
33.1 	 20923.84024700122 
33.12 	 20206.888450349783 
33.14 	 19554.429382547845 
33.16 	 18972.123984333935 
33.18 	 18464.674549976076 
33.2 	 18035.863940404815 
33.22 	 17688.596092170796 
33.24 	 17424.926968870837 
33.26 	 17246.06524029245 
33.28 	 17152.317069805973 
33.3 	 17142.95234052095 
33.32 	 17215.981560208216 
33.34 	 17367.85246148143 
33.36 	 17593.099695192082 
33.38 	 17884.00506454707 
33.4 	 18230.343765233043 
33.42 	 18619.298803604037 
33.44 	 19035.61753099872 
33.46 	 19462.060082048833 
33.48 	 19880.151645545156 
33.5 	 20271.20420102429 
33.52 	 20617.526166916643 
33.54 	 20903.69879574322 
33.56 	 21117.77387808852 
33.58 	 21252.243853165077 
33.6 	 21304.654779579614 
33.62 	 21277.77282294841 
33.64 	 21179.270265886476 
33.66 	 21020.9590831898 
33.68 	 20817.65912874083 
33.7 	 20585.834677030478 
33.72 	 20342.16023257323 
33.74 	 20102.180212694348 
33.76 	 19879.20725040393 
33.78 	 19683.564189940633 
33.8 	 19522.222182631467 
33.82 	 19398.830325153653 
33.84 	 19314.080067030678 
33.86 	 19266.30803785324 
33.88 	 19252.21945133929 
33.9 	 19267.613004018465 
33.92 	 19308.005856452553 
33.94 	 19369.089375474683 
33.96 	 19446.98610210064 
33.98 	 19538.31820786995 
34.0 	 19640.130286807722 
34.02 	 19749.72923959634 
34.04 	 19864.50850792825 
34.06 	 19981.813453305036 
34.08 	 20098.882705972126 
34.1 	 20212.872564318623 
34.12 	 20320.944784792548 
34.14 	 20420.378748535735 
34.16 	 20508.66160252776 
34.18 	 20583.516282767705 
34.2 	 20642.845787932787 
34.22 	 20684.598165293 
34.24 	 20706.583917787022 
34.26 	 20706.299005633296 
34.28 	 20680.81654590209 
34.3 	 20626.805524835807 
34.32 	 20540.715491505343 
34.34 	 20419.135784151928 
34.36 	 20259.302361408776 
34.38 	 20059.691932295413 
34.4 	 19820.618538679544 
34.42 	 19544.736953382027 
34.44 	 19237.362396215867 
34.46 	 18906.536336182264 
34.48 	 18562.80013693545 
34.5 	 18218.676849708034 
34.52 	 17887.90067852282 
34.54 	 17584.46792124462 
34.56 	 17321.60793822387 
34.58 	 17110.7848136405 
34.6 	 16960.838421656124 
34.62 	 16877.357840285833 
34.64 	 16862.35232070193 
34.66 	 16914.248636197357 
34.68 	 17028.20317745906 
34.7 	 17196.678091671012 
34.72 	 17410.19883079229 
34.74 	 17658.190861074527 
34.76 	 17929.789600357926 
34.78 	 18214.53098057241 
34.8 	 18502.858350363607 
34.82 	 18786.419612575934 
34.84 	 19058.169108882303 
34.86 	 19312.323593397996 
34.88 	 19544.243547400645 
34.9 	 19750.3158419301 
34.92 	 19927.90117648766 
34.94 	 20075.3838078363 
34.96 	 20192.328951623364 
34.98 	 20279.72314915889 
35.0 	 20340.251895112095 
35.02 	 20378.560783586552 
35.04 	 20401.451049539064 
35.06 	 20417.973566885263 
35.08 	 20439.400849280024 
35.1 	 20479.068288325467 
35.12 	 20552.080094683937 
35.14 	 20674.872352454015 
35.16 	 20864.619285484787 
35.18 	 21138.46575159519 
35.2 	 21512.575690002155 
35.22 	 22001.00682639326 
35.24 	 22614.45610637043 
35.26 	 23358.962903433607 
35.28 	 24234.69897550945 
35.3 	 25235.004757519782 
35.32 	 26345.841418417087 
35.34 	 27545.81143497183 
35.36 	 28806.856668561602 
35.38 	 30095.67671868541 
35.4 	 31375.830261432962 
35.42 	 32610.3986390037 
35.44 	 33765.01435427638 
35.46 	 34810.9957018443 
35.48 	 35728.28841827815 
35.5 	 36507.89966410102 
35.52 	 37153.521205742494 
35.54 	 37682.07909722938 
35.56 	 38123.01776209653 
35.58 	 38516.227226031006 
35.6 	 38908.65067656279 
35.62 	 39349.75829088022 
35.64 	 39886.22925809191 
35.66 	 40556.328072194476 
35.68 	 41384.5702165793 
35.7 	 42377.32237099405 
35.72 	 43519.953544697404 
35.74 	 44776.03581618822 
35.76 	 46088.89008412149 
35.78 	 47385.50257955657 
35.8 	 48582.53564891801 
35.82 	 49593.86540540422 
35.84 	 50338.84600011717 
35.86 	 50750.36628688865 
35.88 	 50781.75608957343 
35.9 	 50411.72245650967 
35.92 	 49646.73526049612 
35.94 	 48520.60054306027 
35.96 	 47091.31017243945 
35.98 	 45435.5847607393 
36.0 	 43641.78620014114 
36.02 	 41802.03331617829 
36.04 	 40004.39430389371 
36.06 	 38325.95743775564 
36.08 	 36827.41792334314 
36.1 	 35549.595218069066 
36.12 	 34512.04725446459 
36.14 	 33713.70932410645 
36.16 	 33135.28310778361 
36.18 	 32742.95390833627 
36.2 	 32492.93073212407 
36.22 	 32336.285141558954 
36.24 	 32223.60435213252 
36.26 	 32109.060040217675 
36.28 	 31953.611235575692 
36.3 	 31727.190092529265 
36.32 	 31409.845967887453 
36.34 	 30991.93097804993 
36.36 	 30473.488112046405 
36.38 	 29863.04568565093 
36.4 	 29176.030198469492 
36.42 	 28432.989768005467 
36.44 	 27657.782329388396 
36.46 	 26875.83815849225 
36.48 	 26112.565294293356 
36.5 	 25391.936200699376 
36.52 	 24735.27735335623 
36.54 	 24160.279026375465 
36.56 	 23680.245975231777 
36.58 	 23303.615163055412 
36.6 	 23033.768711920056 
36.62 	 22869.16512077392 
36.64 	 22803.798048057415 
36.66 	 22827.9704291862 
36.68 	 22929.34485440548 
36.7 	 23094.202289096796 
36.72 	 23308.813868499048 
36.74 	 23560.80794767483 
36.76 	 23840.39991856823 
36.78 	 24141.348499280386 
36.8 	 24461.512141860207 
36.82 	 24802.905342390033 
36.84 	 25171.19819606666 
36.86 	 25574.662428427888 
36.88 	 26022.638899316305 
36.9 	 26523.67689684258 
36.92 	 27083.56269333289 
36.94 	 27703.500367209926 
36.96 	 28378.719317967294 
36.98 	 29097.751901903808 
37.0 	 29842.549912387665 
37.02 	 30589.497593146476 
37.04 	 31311.24724734919 
37.06 	 31979.172997485868 
37.08 	 32566.13240946381 
37.1 	 33049.164963629024 
37.12 	 33411.753526336965 
37.14 	 33645.332193159484 
37.16 	 33749.83198873305 
37.18 	 33733.19634497272 
37.2 	 33609.94695127742 
37.22 	 33399.01283357146 
37.24 	 33121.13096638901 
37.26 	 32796.172718493646 
37.28 	 32440.743702339878 
37.3 	 32066.350726089117 
37.32 	 31678.340783906086 
37.34 	 31275.709140901665 
37.36 	 30851.762654353955 
37.38 	 30395.5243405935 
37.4 	 29893.685900362667 
37.42 	 29332.862358269147 
37.44 	 28701.879376438133 
37.46 	 27993.82859918621 
37.48 	 27207.657093237158 
37.5 	 26349.109756458674 
37.52 	 25430.91354994404 
37.54 	 24472.17348796469 
37.56 	 23497.035246110056 
37.58 	 22532.749814851566 
37.6 	 21607.34329171587 
37.62 	 20747.1417779657 
37.64 	 19974.42135586968 
37.66 	 19305.443102359706 
37.68 	 18749.093476111484 
37.7 	 18306.285354817715 
37.72 	 17970.191884217515 
37.74 	 17727.29373714457 
37.76 	 17559.130888864787 
37.78 	 17444.5726726157 
37.8 	 17362.36314184488 
37.82 	 17293.66859189526 
37.84 	 17224.353428370945 
37.86 	 17146.73916535193 
37.88 	 17060.65587773383 
37.9 	 16973.669919855296 
37.92 	 16900.45810824335 
37.94 	 16861.387601584916 
37.96 	 16880.442962012163 
37.98 	 16982.708794428974 
38.0 	 17191.661224319745 
38.02 	 17526.540122502338 
38.04 	 18000.065117997507 
38.06 	 18616.72354969034 
38.08 	 19371.801484452913 
38.1 	 20251.255503555734 
38.12 	 21232.44012749384 
38.14 	 22285.621279914103 
38.16 	 23376.128185268037 
38.18 	 24466.932499218055 
38.2 	 25521.401416381068 
38.22 	 26505.9564114932 
38.24 	 27392.383844552438 
38.26 	 28159.58696549217 
38.28 	 28794.635887452747 
38.3 	 29293.05410992214 
38.32 	 29658.36587016459 
38.34 	 29901.006079265677 
38.36 	 30036.753587452808 
38.38 	 30084.88236422994 
38.4 	 30066.23198954586 
38.42 	 30001.38153671056 
38.44 	 29909.07604136527 
38.46 	 29805.010571756535 
38.48 	 29701.031311827046 
38.5 	 29604.771788549708 
38.52 	 29519.708219558128 
38.54 	 29445.590980275356 
38.56 	 29379.187727334574 
38.58 	 29315.25579476926 
38.6 	 29247.64608292716 
38.62 	 29170.428418681648 
38.64 	 29078.92150892969 
38.66 	 28970.512257354578 
38.68 	 28845.162303100515 
38.7 	 28705.52584536325 
38.72 	 28556.641777012395 
38.74 	 28405.212137941955 
38.76 	 28258.532965161634 
38.78 	 28123.19609948252 
38.8 	 28003.723813172164 
38.82 	 27901.32469737084 
38.84 	 27812.96271552448 
38.86 	 27730.90771519107 
38.88 	 27642.884603358103 
38.9 	 27532.86389386742 
38.92 	 27382.44718331718 
38.94 	 27172.710041946728 
38.96 	 26886.28677649796 
38.98 	 26509.43106055515 
39.0 	 26033.774589054156 
39.02 	 25457.537564896706 
39.04 	 24786.017013965138 
39.06 	 24031.280872942465 
39.08 	 23211.110674601736 
39.1 	 22347.343812785348 
39.12 	 21463.84925927057 
39.14 	 20584.41450481042 
39.16 	 19730.82012074439 
39.18 	 18921.333782323687 
39.2 	 18169.77749971506 
39.22 	 17485.225050644287 
39.24 	 16872.288210825278 
39.26 	 16331.866291373286 
39.28 	 15862.17601571035 
39.3 	 15459.854919393456 
39.32 	 15120.942430145678 
39.34 	 14841.584367838961 
39.36 	 14618.370274777066 
39.38 	 14448.28743568038 
39.4 	 14328.348285127775 
39.42 	 14255.007406864837 
39.44 	 14223.521110413765 
39.46 	 14227.410977132311 
39.48 	 14258.17187015387 
39.5 	 14305.31878803382 
39.52 	 14356.80416072397 
39.54 	 14399.769311265985 
39.56 	 14421.533291208496 
39.58 	 14410.680041810157 
39.6 	 14358.087995815755 
39.62 	 14257.756832851854 
39.64 	 14107.320753002094 
39.66 	 13908.188510349284 
39.68 	 13665.307184380137 
39.7 	 13386.5987064985 
39.72 	 13082.15695220551 
39.74 	 12763.313740774023 
39.76 	 12441.683443219572 
39.78 	 12128.280895226211 
39.8 	 11832.781364036462 
39.82 	 11562.96099427154 
39.84 	 11324.327727022148 
39.86 	 11119.930973518274 
39.88 	 10950.32600029245 
39.9 	 10813.666325774731 
39.92 	 10705.902513238723 
39.94 	 10621.0749902566 
39.96 	 10551.697523668965 
39.98 	 10489.232513050805 
40.0 	 10424.656348467313 
40.02 	 10349.101822932058 
40.04 	 10254.546664222375 
40.06 	 10134.49673020373 
40.08 	 9984.594964012056 
40.1 	 9803.078725288888 
40.12 	 9591.013119447507 
40.14 	 9352.248166709354 
40.16 	 9093.081228539524 
40.18 	 8821.647705817571 
40.2 	 8547.10487953099 
40.22 	 8278.707452346633 
40.24 	 8024.891782310534 
40.26 	 7792.484958790555 
40.28 	 7586.1347751203375 
40.3 	 7408.021329830132 
40.32 	 7257.867469196124 
40.34 	 7133.22191301719 
40.36 	 7029.953432169569 
40.38 	 6942.872382427784 
40.4 	 6866.389532487183 
40.42 	 6795.130374374857 
40.44 	 6724.442172526692 
40.46 	 6650.755581596369 
40.48 	 6571.787320894092 
40.5 	 6486.590839273224 
40.52 	 6395.475749632366 
40.54 	 6299.823763575315 
40.56 	 6201.830335424054 
40.58 	 6104.199586636832 
40.6 	 6009.817696162573 
40.62 	 5921.428404734143 
40.64 	 5841.3339769756985 
40.66 	 5771.145090087654 
40.68 	 5711.60211895312 
40.7 	 5662.486563802798 
40.72 	 5622.633987777677 
40.74 	 5590.049030609 
40.76 	 5562.110331268778 
40.78 	 5535.840929223147 
40.8 	 5508.210557860581 
40.82 	 5476.432277901383 
40.84 	 5438.218016891064 
40.86 	 5391.965220184738 
40.88 	 5336.8581491036875 
40.9 	 5272.879863467159 
40.92 	 5200.742148456927 
40.94 	 5121.74888463446 
40.96 	 5037.613016429332 
40.98 	 4950.248798312254 
41.0 	 4861.5604629374 
41.02 	 4773.246961837885 
41.04 	 4686.640584986176 
41.06 	 4602.594961549323 
41.08 	 4521.434508992228 
41.1 	 4442.972060567929 
41.12 	 4366.593859420333 
41.14 	 4291.401944323935 
41.16 	 4216.394705314499 
41.18 	 4140.659203420276 
41.2 	 4063.545822298273 
41.22 	 3984.798252257995 
41.24 	 3904.619658993326 
41.26 	 3823.6676422664095 
41.28 	 3742.9835961767326 
41.3 	 3663.8733008614963 
41.32 	 3587.76245426685 
41.34 	 3516.052071366816 
41.36 	 3449.9944981576546 
41.38 	 3390.6029036081245 
41.4 	 3338.5980637153484 
41.42 	 3294.3885982731404 
41.44 	 3258.0763645157144 
41.46 	 3229.478011902599 
41.48 	 3208.156032006319 
41.5 	 3193.456366857978 
41.52 	 3184.552891013879 
41.54 	 3180.500421037052 
41.56 	 3180.296819498963 
41.58 	 3182.9517850501156 
41.6 	 3187.5563794662044 
41.62 	 3193.3448166552193 
41.64 	 3199.7397590580604 
41.66 	 3206.3747567567057 
41.68 	 3213.091978321336 
41.7 	 3219.918692046348 
41.72 	 3227.030408754078 
41.74 	 3234.710777317268 
41.76 	 3243.3175264132733 
41.78 	 3253.2602027986254 
41.8 	 3264.9902506445114 
41.82 	 3278.998684869302 
41.84 	 3295.812804930736 
41.86 	 3315.9821673614842 
41.88 	 3340.0457049760635 
41.9 	 3368.4759555219966 
41.92 	 3401.60174677325 
41.94 	 3439.5160463388816 
41.96 	 3481.979845251546 
41.98 	 3528.335170774788 
42.0 	 3577.440433317788 
42.02 	 3627.6395931927677 
42.04 	 3676.773634289171 
42.06 	 3722.239121187216 
42.08 	 3761.094601891844 
42.1 	 3790.2114946439124 
42.12 	 3806.46191835094 
42.14 	 3806.931758185854 
42.16 	 3789.14333077009 
42.18 	 3751.268796579027 
42.2 	 3692.313626119519 
42.22 	 3612.24966431558 
42.24 	 3512.0801740524826 
42.26 	 3393.824801322768 
42.28 	 3260.4202988477023 
42.3 	 3115.5421658091414 
42.32 	 2963.3618228665573 
42.34 	 2808.2621106882743 
42.36 	 2654.5394630621836 
42.38 	 2506.1231093295014 
42.4 	 2366.3396821464994 
42.42 	 2237.7458260251474 
42.44 	 2122.0425832705023 
42.46 	 2020.074719906529 
42.48 	 1931.9072978442207 
42.5 	 1856.9623429996082 
42.52 	 1794.1918799539683 
42.54 	 1742.2609555779304 
42.56 	 1699.7159624138678 
42.58 	 1665.1192211404489 
42.6 	 1637.1392402841568 
42.62 	 1614.5955993716611 
42.64 	 1596.466011604415 
42.66 	 1581.8690257699398 
42.68 	 1570.0378748709772 
42.7 	 1560.2989689871342 
42.72 	 1552.0632843544477 
42.74 	 1544.832064855971 
42.76 	 1538.2118532482878 
42.78 	 1531.9297501435117 
42.8 	 1525.839088551732 
42.82 	 1519.908498122115 
42.84 	 1514.192639585279 
42.86 	 1508.7889761582858 
42.88 	 1503.7898474298288 
42.9 	 1499.2412367762627 
42.92 	 1495.1182633397716 
42.94 	 1491.3229645399979 
42.96 	 1487.7037158727135 
42.98 	 1484.0895574500828 
43.0 	 1480.328610236619 
43.02 	 1476.3188991735908 
43.04 	 1472.0224944105296 
43.06 	 1467.4591245955628 
43.08 	 1462.6817117055925 
43.1 	 1457.7417436627643 
43.12 	 1452.6554437538812 
43.14 	 1447.3814725740172 
43.16 	 1441.817543754399 
43.18 	 1435.8178852320189 
43.2 	 1429.2275334294375 
43.22 	 1421.9246889368783 
43.24 	 1413.8600709979307 
43.26 	 1405.0829317443333 
43.28 	 1395.7468351486602 
43.3 	 1386.093465338887 
43.32 	 1376.418202587506 
43.34 	 1367.025586476862 
43.36 	 1358.1850222819205 
43.38 	 1350.0967178874675 
43.4 	 1342.875065730213 
43.42 	 1336.5522763186932 
43.44 	 1331.100146755804 
43.46 	 1326.4636024589195 
43.48 	 1322.5970754342766 
43.5 	 1319.4944546387633 
43.52 	 1317.2053045800888 
43.54 	 1315.8337989651377 
43.56 	 1315.5214291075993 
43.58 	 1316.4188721056569 
43.6 	 1318.6553369055507 
43.62 	 1322.3144612354142 
43.64 	 1327.424156594636 
43.66 	 1333.964069166559 
43.68 	 1341.8894855909778 
43.7 	 1351.1658515677525 
43.72 	 1361.8048816207445 
43.74 	 1373.8924530176723 
43.76 	 1387.6003806128624 
43.78 	 1403.1782836575292 
43.8 	 1420.9269450471302 
43.82 	 1441.1593471875017 
43.84 	 1464.158551768011 
43.86 	 1490.1418872408065 
43.88 	 1519.2384217510844 
43.9 	 1551.4821705112174 
43.92 	 1586.8182804298 
43.94 	 1625.1151361637963 
43.96 	 1666.1732688723878 
43.98 	 1709.7227939559814 
44.0 	 1755.4046737435744 
44.02 	 1802.7364160316893 
44.04 	 1851.068397902554 
44.06 	 1899.5412955383208 
44.08 	 1947.0569227635776 
44.1 	 1992.273634211879 
44.12 	 2033.6336215204108 
44.14 	 2069.4238791953253 
44.16 	 2097.8666713658085 
44.18 	 2117.2303247068135 
44.2 	 2125.948102434411 
44.22 	 2122.7322208076325 
44.24 	 2106.6715905055153 
44.26 	 2077.3049490348285 
44.28 	 2034.6647865798398 
44.3 	 1979.2909588884359 
44.32 	 1912.215478330129 
44.34 	 1834.9214194870865 
44.36 	 1749.279316336154 
44.38 	 1657.4643165592324 
44.4 	 1561.857267589748 
44.42 	 1464.9333218700128 
44.44 	 1369.142783655458 
44.46 	 1276.7906391370516 
44.48 	 1189.9230437437432 
44.5 	 1110.2303079845199 
44.52 	 1038.975947012572 
44.54 	 976.959679958698 
44.56 	 924.5188193076893 
44.58 	 881.5676856093768 
44.6 	 847.6693434783699 
44.62 	 822.129147152348 
44.64 	 804.0963584289112 
44.66 	 792.6592225610063 
44.68 	 786.9206327523418 
44.7 	 786.0455777254529 
44.72 	 789.2771304912068 
44.74 	 795.923660250337 
44.76 	 805.3250465248337 
44.78 	 816.8089883343729 
44.8 	 829.6495105241531 
44.82 	 843.0384726665941 
44.84 	 856.0777494961274 
44.86 	 867.7955496186083 
44.88 	 877.1859407927851 
44.9 	 883.2668203150718 
44.92 	 885.148832339127 
44.94 	 882.1063267887256 
44.96 	 873.6413589110034 
44.98 	 859.5327547341506 
45.0 	 839.864145461379 
45.02 	 815.0273191342853 
45.04 	 785.6999812367166 
45.06 	 752.7997986703839 
45.08 	 717.4191612117373 
45.1 	 680.7471617103251 
45.12 	 643.9866168890288 
45.14 	 608.2743320957538 
45.16 	 574.6121785326019 
45.18 	 543.8149777327308 
45.2 	 516.47891271064 
45.22 	 492.97156953818734 
45.24 	 473.44217189788833 
45.26 	 457.84848718565615 
45.28 	 445.99552974414996 
45.3 	 437.5806817088058 
45.32 	 432.2401463581938 
45.34 	 429.59255837071674 
45.36 	 429.2768345824569 
45.38 	 430.982675115015 
45.4 	 434.47327481351374 
45.42 	 439.60061315218474 
45.44 	 446.31408543079607 
45.46 	 454.66323814748904 
45.48 	 464.7950694253506 
45.5 	 476.94589305266896 
45.52 	 491.4273063337509 
45.54 	 508.6055080007663 
45.56 	 528.8732150061157 
45.58 	 552.6138081163401 
45.6 	 580.1581108515988 
45.62 	 611.7353131480337 
45.64 	 647.4208541015739 
45.66 	 687.0853807995763 
45.68 	 730.3499722912226 
45.7 	 776.5534304928306 
45.72 	 824.7374041395839 
45.74 	 873.6543117517318 
45.76 	 921.8014450990861 
45.78 	 967.4823514379117 
45.8 	 1008.8937977985257 
45.82 	 1044.2335872285623 
45.84 	 1071.8215629030885 
45.86 	 1090.223676052142 
45.88 	 1098.367385701216 
45.9 	 1095.636241173471 
45.92 	 1081.932519008906 
45.94 	 1057.6993384421464 
45.96 	 1023.8976468272655 
45.98 	 981.9384822180494 
46.0 	 933.5763721442406 
46.02 	 880.774816718976 
46.04 	 825.5586669572086 
46.06 	 769.8700845592303 
46.08 	 715.444178539418 
46.1 	 663.7173055125456 
46.12 	 615.7758352928225 
46.14 	 572.3468096908982 
46.16 	 533.825535235031 
46.18 	 500.3299678552142 
46.2 	 471.76875630049886 
46.22 	 447.90953376080427 
46.24 	 428.4364114746201 
46.26 	 412.9899776067514 
46.28 	 401.18835306181313 
46.3 	 392.63274821989484 
46.32 	 386.9043804122217 
46.34 	 383.56083355152685 
46.36 	 382.13881894549615 
46.38 	 382.1672697127549 
46.4 	 383.1906738081259 
46.42 	 384.7986504195566 
46.44 	 386.65506381275486 
46.46 	 388.51917694585705 
46.48 	 390.25269229134125 
46.5 	 391.8096688127987 
46.52 	 393.2104363244566 
46.54 	 394.5046882173253 
46.56 	 395.7318682246127 
46.58 	 396.88799730606894 
46.6 	 397.90689996256424 
46.62 	 398.66061662372437 
46.64 	 398.9793512521566 
46.66 	 398.6866398967113 
46.68 	 397.64164599643254 
46.7 	 395.7785079946319 
46.72 	 393.1329894326296 
46.74 	 389.8492837982251 
46.76 	 386.1641487051143 
46.78 	 382.3706246165515 
46.8 	 378.768284627732 
46.82 	 375.61019187478365 
46.84 	 373.0577583250668 
46.86 	 371.1532436849743 
46.88 	 369.8159996661232 
46.9 	 368.86353596046047 
46.92 	 368.0531589672813 
46.94 	 367.1354834730228 
46.96 	 365.90852404702656 
46.98 	 364.2609140153946 
47.0 	 362.195119117095 
47.02 	 359.8258107448397 
47.04 	 357.35390729202066 
47.06 	 355.0220206891816 
47.08 	 353.06102418046646 
47.1 	 351.639326432779 
47.12 	 350.8257970473852 
47.14 	 350.5742869969021 
47.16 	 350.73298449421696 
47.18 	 351.0764691109039 
47.2 	 351.3534430979272 
47.22 	 351.3397841148974 
47.24 	 350.8854909528783 
47.26 	 349.945500597542 
47.28 	 348.58791795997945 
47.3 	 346.9781286603741 
47.32 	 345.34247836813205 
47.34 	 343.9195635867261 
47.36 	 342.90974758822534 
47.38 	 342.4337503390046 
47.4 	 342.5090372639007 
47.42 	 343.04874064179853 
47.44 	 343.8828866049689 
47.46 	 344.79687134044934 
47.48 	 345.5784918279487 
47.5 	 346.0631724922967 
47.52 	 346.16767427888135 
47.54 	 345.90534271766234 
47.56 	 345.38019008611434 
47.58 	 344.76183823793195 
47.6 	 344.2475029851649 
47.62 	 344.0198582376859 
47.64 	 344.2102169926196 
47.66 	 344.8749274070998 
47.68 	 345.98961876735507 
47.7 	 347.46174494457983 
47.72 	 349.1577552742696 
47.74 	 350.9381226560043 
47.76 	 352.6920549278317 
47.78 	 354.3642628429497 
47.8 	 355.9684371160458 
47.82 	 357.5854722533928 
47.84 	 359.3480994905749 
47.86 	 361.41656847885434 
47.88 	 363.95166060436463 
47.9 	 367.0913017766797 
47.92 	 370.93547301008095 
47.94 	 375.54147933458427 
47.96 	 380.9286589748263 
47.98 	 387.08906811688064 
48.0 	 393.9991830787254 
48.02 	 401.62754442131984 
48.04 	 409.93449112406194 
48.06 	 418.86233875455406 
48.08 	 428.3169753406708 
48.1 	 438.1442595106095 
48.12 	 448.10628111265453 
48.14 	 457.8631639500622 
48.16 	 466.9655818838491 
48.18 	 474.86168019833747 
48.2 	 480.9199606930468 
48.22 	 484.4672905007871 
48.24 	 484.8389118119766 
48.26 	 481.4354793000376 
48.28 	 473.7809607471651 
48.3 	 461.57483653748477 
48.32 	 444.7324688795699 
48.34 	 423.40874099857314 
48.36 	 398.00196450569973 
48.38 	 369.13740857585344 
48.4 	 337.632328693653 
48.42 	 304.4467242596377 
48.44 	 270.625884103975 
48.46 	 237.24178821035204 
48.48 	 205.34043334749785 
48.5 	 175.90110367067373 
48.52 	 149.81164785406895 
48.54 	 127.86123781833028 
48.56 	 110.74926363781181 
48.58 	 99.10640127213614 
48.6 	 93.52188636867668 
48.62 	 94.56996549479356 
48.64 	 102.82857192707381 
48.66 	 118.88452301184692 
48.68 	 143.32182437017045 
48.7 	 176.69268849708308 
48.72 	 219.4741808868476 
48.74 	 272.0164445246374 
48.76 	 334.4906456100535 
48.78 	 406.845625542619 
48.8 	 488.78142070100694 
48.82 	 579.7453002534165 
48.84 	 678.952108419025 
48.86 	 785.4261646976657 
48.88 	 898.0577044503001 
48.9 	 1015.6638240684674 
48.92 	 1137.0429421912536 
48.94 	 1261.013301834787 
48.96 	 1386.429849854851 
48.98 	 1512.1791793537302 
49.0 	 1637.1578908311824 
49.02 	 1760.2443236025035 
49.04 	 1880.2759095374026 
49.06 	 1996.0436955700068 
49.08 	 2106.3118872224363 
49.1 	 2209.864360666736 
49.12 	 2305.5733410178723 
49.14 	 2392.4794649152536 
49.16 	 2469.8686905623777 
49.18 	 2537.3309116725627 
49.2 	 2594.7878377423835 
49.22 	 2642.4831021780733 
49.24 	 2680.934426393995 
49.26 	 2710.8544945391245 
49.28 	 2733.0525656290447 
49.3 	 2748.3317692773944 
49.32 	 2757.397106116797 
49.34 	 2760.7866411202867 
49.36 	 2758.8339710920836 
49.38 	 2751.664767184233 
49.4 	 2739.2250527423016 
49.42 	 2721.3346929525505 
49.44 	 2697.7568457878792 
49.46 	 2668.2730157529995 
49.48 	 2632.7537443378274 
49.5 	 2591.2165625030443 
49.52 	 2543.865235826715 
49.54 	 2491.1071567807717 
49.56 	 2433.5486150155825 
49.58 	 2371.970283258626 
49.6 	 2307.287320740914 
49.62 	 2240.499806952817 
49.64 	 2172.6396507703785 
49.66 	 2104.7196636703716 
49.68 	 2037.6892669139988 
49.7 	 1972.399579635593 
49.72 	 1909.5787618783836 
49.74 	 1849.8168463837183 
49.76 	 1793.5582123114812 
49.78 	 1741.099524647296 
49.8 	 1692.5913881975466 
49.82 	 1648.0429505813656 
49.84 	 1607.3298832148532 
49.86 	 1570.2071485950594 
49.88 	 1536.328338429711 
49.9 	 1505.2728985385377 
49.92 	 1476.581228416766 
49.94 	 1449.795697753096 
49.96 	 1424.5035212695307 
49.98 	 1400.3757604555842 
50.0 	 1377.1960373120658 
50.02 	 1354.873235169232 
50.04 	 1333.4346055869055 
50.06 	 1312.9990146697896 
50.08 	 1293.7339274730032 
50.1 	 1275.8033099586878 
50.12 	 1259.3160605132211 
50.14 	 1244.2851889925173 
50.16 	 1230.6064325991986 
50.18 	 1218.0615029759351 
50.2 	 1206.3463365829568 
50.22 	 1195.119556578756 
50.24 	 1184.061965984884 
50.26 	 1172.9352690405674 
50.28 	 1161.627987473581 
50.3 	 1150.1788103129281 
50.32 	 1138.7719483567466 
50.34 	 1127.7045627181326 
50.36 	 1117.331856771079 
50.38 	 1107.9998271589889 
50.4 	 1099.9780853258453 
50.42 	 1093.4051477314938 
50.44 	 1088.2562228943482 
50.46 	 1084.3393353260951 
50.48 	 1081.3204836019017 
50.5 	 1078.773423256718 
50.52 	 1076.245510926285 
50.54 	 1073.3285206867038 
50.56 	 1069.7227857521568 
50.58 	 1065.2844064614176 
50.6 	 1060.0482585642094 
50.62 	 1054.2235650446028 
50.64 	 1048.1631743081357 
50.66 	 1042.3117291534802 
50.68 	 1037.141023219639 
50.7 	 1033.0826048652762 
50.72 	 1030.4678987160203 
50.74 	 1029.4847960645423 
50.76 	 1030.1570501097704 
50.78 	 1032.3493005731004 
50.8 	 1035.7966514756774 
50.82 	 1040.1539823298679 
50.84 	 1045.0571058412265 
50.86 	 1050.1859259814182 
50.88 	 1055.319193125245 
50.9 	 1060.371417448023 
50.92 	 1065.4049108072127 
50.94 	 1070.6135033453636 
50.96 	 1076.278765661243 
50.98 	 1082.703967764134 
51.0 	 1090.1348679594455 
51.02 	 1098.679126124155 
51.04 	 1108.2371868875398 
51.06 	 1118.4566119813871 
51.08 	 1128.7190742765392 
51.1 	 1138.164877814008 
51.12 	 1145.7545285797826 
51.14 	 1150.3613327225262 
51.16 	 1150.8841029921023 
51.18 	 1146.3656136457812 
51.2 	 1136.1010696773383 
51.22 	 1119.7218524244277 
51.24 	 1097.2430967155112 
51.26 	 1069.0687800555445 
51.28 	 1035.9541622996023 
51.3 	 998.9315938189451 
51.32 	 959.2108642825831 
51.34 	 918.0685067283623 
51.36 	 876.7412556567976 
51.38 	 836.3370938856832 
51.4 	 797.773405159449 
51.42 	 761.7464795996732 
51.44 	 728.7310399438569 
51.46 	 699.0036340263104 
51.48 	 672.6805417434678 
51.5 	 649.7597730255109 
51.52 	 630.1578339367509 
51.54 	 613.734820072866 
51.56 	 600.3053371689293 
51.58 	 589.6368594642023 
51.6 	 581.4405478092305 
51.62 	 575.3615794093284 
51.64 	 570.9763128067431 
51.66 	 567.8021092680071 
51.68 	 565.3226883782721 
51.7 	 563.02812292464 
51.72 	 560.4647501204781 
51.74 	 557.2871870266181 
51.76 	 553.3029548601205 
51.78 	 548.5003521023802 
51.8 	 543.0522420457637 
51.82 	 537.2920442925159 
51.84 	 531.6628305479486 
51.86 	 526.6452030430017 
51.88 	 522.6737052883533 
51.9 	 520.05411910148 
51.92 	 518.8946361781348 
51.94 	 519.0624031473295 
51.96 	 520.1735423857563 
51.98 	 521.6199838922196 
52.0 	 522.6310594346821 
52.02 	 522.3626439851571 
52.04 	 520.0024612367204 
52.06 	 514.8776089702545 
52.08 	 506.5497642386756 
52.1 	 494.8849660938931 
52.12 	 480.08812627403944 
52.14 	 462.69701975576834 
52.16 	 443.53581308355297 
52.18 	 423.63346735584884 
52.2 	 404.1168875555659 
52.22 	 386.0918774902964 
52.24 	 370.5263941824955 
52.26 	 358.1501223516945 
52.28 	 349.3821202264596 
52.3 	 344.29457516282787 
52.32 	 342.61608573282405 
52.34 	 343.77298899720904 
52.36 	 346.9627179671592 
52.38 	 351.2495672658266 
52.4 	 355.67098048406774 
52.42 	 359.3417739535784 
52.44 	 361.54458951979615 
52.46 	 361.79712842969576 
52.48 	 359.88999102065196 
52.5 	 355.8927455465683 
52.52 	 350.1296422151019 
52.54 	 343.12968018763183 
52.56 	 335.55814457932325 
52.58 	 328.13804643448844 
52.6 	 321.5701033164096 
52.62 	 316.45914871378045 
52.64 	 313.2534322573446 
52.66 	 312.20148957478176 
52.68 	 313.3294038996975 
52.7 	 316.43954051492557 
52.72 	 321.1302838830666 
52.74 	 326.83492471924427 
52.76 	 332.8765646735831 
52.78 	 338.53468197695395 
52.8 	 343.1178534623482 
52.82 	 346.0361682417201 
52.84 	 346.8662823924137 
52.86 	 345.4020665764705 
52.88 	 341.68456814227653 
52.9 	 336.0066279653526 
52.92 	 328.8899045362133 
52.94 	 321.03505905421093 
52.96 	 313.2491111889893 
52.98 	 306.3570654409074 
53.0 	 301.1073855597394 
53.02 	 298.0823503123251 
53.04 	 297.6244505582985 
53.06 	 299.7886348238309 
53.08 	 304.32742719982326 
53.1 	 310.71199579547874 
53.12 	 318.18761994409874 
53.14 	 325.8573290969683 
53.16 	 332.78347902235197 
53.18 	 338.0943601908127 
53.2 	 341.0820934823868 
53.22 	 341.2792672987602 
53.24 	 338.50486377306123 
53.26 	 332.8745194278252 
53.28 	 324.7753123020048 
53.3 	 314.81018946437405 
53.32 	 303.7210305314841 
53.34 	 292.30159313747305 
53.36 	 281.31195164252006 
53.38 	 271.4046375788854 
53.4 	 263.0699533333337 
53.42 	 256.60448811662997 
53.44 	 252.1033855371025 
53.46 	 249.473956388523 
53.48 	 248.46615262572234 
53.5 	 248.71433152281236 
53.52 	 249.78454534168455 
53.54 	 251.2220620734199 
53.56 	 252.59468939303932 
53.58 	 253.52851049834734 
53.6 	 253.73370524700255 
53.62 	 253.01916732125906 
53.64 	 251.2956368224346 
53.66 	 248.56805513207178 
53.68 	 244.9187922823185 
53.7 	 240.4842270986665 
53.72 	 235.42777203683724 
53.74 	 229.91271925549398 
53.76 	 224.07816860769572 
53.78 	 218.02077403566045 
53.8 	 211.78418053131355 
53.82 	 205.3569511828368 
53.84 	 198.67866809915446 
53.86 	 191.65289393841852 
53.88 	 184.16492883129723 
53.9 	 176.10186362568024 
53.92 	 167.37233174990243 
53.94 	 157.92357033909806 
53.96 	 147.75385902271293 
53.98 	 136.91903997890174 
54.0 	 125.53255876625416 
54.02 	 113.75922444029645 
54.04 	 101.80359233104296 
54.06 	 89.89444919438307 
54.08 	 78.26726293566925 
54.1 	 67.14660147541703 
54.12 	 56.73041115596985 
54.14 	 47.17769503785577 
54.16 	 38.600603242377225 
54.18 	 31.061327198375626 
54.2 	 24.573575579285382 
54.22 	 19.107893305517205 
54.24 	 14.599733466220817 
54.26 	 10.959037395305197 
54.28 	 8.080114831604948 
54.3 	 5.850806915763072 
54.32 	 4.160202842923891 
54.34 	 2.904503848747397 
54.36 	 1.990930543757223 
54.38 	 1.339811922906186 
54.4 	 0.8851565122870644 
54.42 	 0.5740860970612539 
54.44 	 0.36552203291925556 
54.46 	 0.22847278443840313 
54.48 	 0.14020062617838921 
54.5 	 0.08446464675153768 
54.52 	 0.04996072450199603 
54.54 	 0.02901577008619952 
54.56 	 0.016546916639924643 
54.58 	 0.009266296457727387 
54.6 	 0.005096029367279899 
54.62 	 0.0027524922972694847 
54.64 	 0.001460230211756236 
54.66 	 0.0007609396836265434 
54.68 	 0.0003895335996586814 
54.7 	 0.0001959008360423255 
54.72 	 9.679509677795078e-05 
54.74 	 4.6991864343161224e-05 
54.76 	 2.2416495027082317e-05 
54.78 	 1.050771554694682e-05 
54.8 	 4.840165662524255e-06 
54.82 	 2.190961399040637e-06 
54.84 	 9.746266194866065e-07 
54.86 	 4.260615203435259e-07 
54.88 	 1.8303460839932564e-07 
54.9 	 7.727023632192926e-08 
54.92 	 3.205499296586023e-08 
54.94 	 1.3066675094953826e-08 
54.96 	 5.233564213908306e-09 
54.98 	 2.0595204950253222e-09 
55.0 	 7.962330510756636e-10 
55.02 	 3.024030100601935e-10 
55.04 	 1.1281518146049077e-10 
55.06 	 4.133768377346457e-11 
55.08 	 1.4875856013706596e-11 
55.1 	 5.256952653367567e-12 
55.12 	 1.8241515191761126e-12 
55.14 	 6.214709656422635e-13 
55.16 	 2.078607480607724e-13 
55.18 	 6.824566499914675e-14 
55.2 	 2.1993216304287826e-14 
55.22 	 6.956244304548915e-15 
55.24 	 2.1592155016782365e-15 
55.26 	 6.57682723619829e-16 
55.28 	 1.9656309925207276e-16 
55.3 	 5.763950010830359e-17 
55.32 	 1.6582132343148713e-17 
55.34 	 4.679867710929129e-18 
55.36 	 1.2956050756382673e-18 
55.38 	 3.518294108415499e-19 
55.4 	 9.37105189249557e-20 
55.42 	 2.4480435964213923e-20 
55.44 	 6.2719708179374875e-21 
55.46 	 1.5758829568667258e-21 
55.48 	 3.8829458230073054e-22 
55.5 	 9.382096239401535e-23 
55.52 	 2.2229240063131237e-23 
55.54 	 5.164421865819205e-24 
55.56 	 1.1764634958577875e-24 
55.58 	 2.6277446792426167e-25 
55.6 	 5.754732061946868e-26 
55.62 	 1.2356470483577636e-26 
55.64 	 2.601250156798881e-27 
55.66 	 5.3688328184847975e-28 
55.68 	 1.0863759340510097e-28 
55.7 	 2.1551422531996074e-29 
55.72 	 4.191417648196389e-30 
55.74 	 7.991518392029813e-31 
55.76 	 1.4937424056200694e-31 
55.78 	 2.7371290990461017e-32 
55.8 	 4.916811444804893e-33 
55.82 	 8.65837597079339e-34 
55.84 	 1.4946868017058006e-34 
55.86 	 2.5294226689251935e-35 
55.88 	 4.1961105594995945e-36 
55.9 	 6.823762026360947e-37 
55.92 	 1.0878014210430288e-37 
55.94 	 1.6998936571129272e-38 
55.96 	 2.6039824374644863e-39 
55.98 	 3.910177565862363e-40 
56.0 	 5.75566053885546e-41 
56.02 	 8.304861826548819e-42 
56.04 	 1.1746449603978592e-42 
56.06 	 1.6286071843189837e-43 
56.08 	 2.2134017801751874e-44 
56.1 	 2.9487443061536664e-45 
56.12 	 3.850754162314384e-46 
56.14 	 4.929299925038077e-47 
56.16 	 6.185210732721507e-48 
56.18 	 7.607687646981992e-49 
56.2 	 9.172314494285333e-50 
56.22 	 1.0840081077176188e-50 
56.24 	 1.2557776462459023e-51 
56.26 	 1.4259980663444548e-52 
56.28 	 1.5872688408151952e-53 
56.3 	 1.7318363433972777e-54 
56.32 	 1.8521983413295205e-55 
56.34 	 1.9417438222340105e-56 
56.36 	 1.9953529309691705e-57 
56.38 	 2.0098814724072535e-58 
56.4 	 1.9844662356151257e-59 
56.42 	 1.9206099027559133e-60 
56.44 	 1.822033927501457e-61 
56.46 	 1.6943194189063474e-62 
56.48 	 1.544384231839512e-63 
56.5 	 1.3798643662797487e-64 
56.52 	 1.2084763564065158e-65 
56.54 	 1.0374338133427612e-66 
56.56 	 8.729772054188314e-68 
56.58 	 7.200546663982065e-69 
56.6 	 5.821674318287687e-70 
56.62 	 4.6137073005225575e-71 
56.64 	 3.584030566420012e-72 
56.66 	 2.7290579227695626e-73 
56.68 	 2.0369156510585033e-74 
56.7 	 1.490227082133571e-75 
56.72 	 1.0686878073739222e-76 
56.74 	 7.512217362400317e-78 
56.76 	 5.176118680523064e-79 
56.78 	 3.495900025068043e-80 
56.8 	 2.3143679179549333e-81 
56.82 	 1.501842329304525e-82 
56.84 	 9.552889625194225e-84 
56.86 	 5.956122214302884e-85 
56.88 	 3.6400790283590355e-86 
56.9 	 2.180601735371755e-87 
56.92 	 1.2804428147642583e-88 
56.94 	 7.369911726961108e-90 
56.96 	 4.1579822186771384e-91 
56.98 	 2.2994353165646015e-92 
57.0 	 1.2464589674005281e-93 
57.02 	 6.622973131049568e-95 
57.04 	 3.449421152676186e-96 
57.06 	 1.7609932234509093e-97 
57.08 	 8.812261946494921e-99 
57.1 	 4.322503826654232e-100 
57.12 	 2.078268617992858e-101 
57.14 	 9.7945912121588e-103 
57.16 	 4.5246952649178353e-104 
57.18 	 2.0488529519090685e-105 
57.2 	 9.093911746780917e-107 
57.22 	 3.9564823627743436e-108 
57.24 	 1.687276880559472e-109 
57.26 	 7.053134673860626e-111 
57.28 	 2.88999292173183e-112 
57.3 	 1.160727445929037e-113 
57.32 	 4.569647469324169e-115 
57.34 	 1.763413714268624e-116 
57.36 	 6.670293069114257e-118 
57.38 	 2.4731754190450072e-119 
57.4 	 8.988440706846368e-121 
57.42 	 3.202088714372376e-122 
57.44 	 1.118155154780418e-123 
57.46 	 3.827283559671285e-125 
57.48 	 1.2841011302197826e-126 
57.5 	 4.223067309629444e-128 
57.52 	 1.3613730307509507e-129 
57.54 	 4.30176649325904e-131 
57.56 	 1.3324081123590484e-132 
57.58 	 4.045280635013998e-134 
57.6 	 1.2038744841279318e-135 
57.62 	 3.5118435230074975e-137 
57.64 	 1.0041780709221182e-138 
57.66 	 2.8145449298708746e-140 
57.68 	 7.732639683204501e-142 
57.7 	 2.0824269104002826e-143 
57.72 	 5.497110266997427e-145 
57.74 	 1.4224012075285937e-146 
57.76 	 3.607722010096073e-148 
57.78 	 8.969487526716066e-150 
57.8 	 2.185879109246579e-151 
57.82 	 5.221664232064e-153 
57.84 	 1.2226901139581756e-154 
57.86 	 2.8063956179736967e-156 
57.88 	 6.314032512367759e-158 
57.9 	 1.3924851453319783e-159 
57.92 	 3.0102363148442283e-161 
57.94 	 6.378775477589605e-163 
57.96 	 1.3249552401300978e-164 
57.98 	 2.6976941468966376e-166 
58.0 	 5.384090991425566e-168 
58.02 	 1.0533148129164625e-169 
58.04 	 2.019927925319399e-171 
58.06 	 3.794691839568276e-173 
58.08 	 1.7702682136759055e-176 
58.1 	 3.2919978761656833e-178 
58.12 	 0.0 
58.14 	 0.0 
58.16 	 0.0 
58.18 	 0.0 
58.2 	 0.0 
58.22 	 0.0 
58.24 	 0.0 
58.26 	 0.0 
58.28 	 0.0 
58.3 	 0.0 
58.32 	 0.0 
58.34 	 0.0 
58.36 	 0.0 
58.38 	 0.0 
58.4 	 0.0 
58.42 	 0.0 
58.44 	 0.0 
58.46 	 0.0 
58.48 	 0.0 
58.5 	 0.0 
58.52 	 0.0 
58.54 	 0.0 
58.56 	 0.0 
58.58 	 0.0 
58.6 	 0.0 
58.62 	 0.0 
58.64 	 0.0 
58.66 	 0.0 
58.68 	 0.0 
58.7 	 0.0 
58.72 	 0.0 
58.74 	 0.0 
58.76 	 0.0 
58.78 	 0.0 
58.8 	 0.0 
58.82 	 0.0 
58.84 	 0.0 
58.86 	 0.0 
58.88 	 0.0 
58.9 	 0.0 
58.92 	 0.0 
58.94 	 0.0 
58.96 	 0.0 
58.98 	 0.0 
59.0 	 0.0 
59.02 	 0.0 
59.04 	 0.0 
59.06 	 0.0 
59.08 	 0.0 
59.1 	 0.0 
59.12 	 0.0 
59.14 	 0.0 
59.16 	 0.0 
59.18 	 0.0 
59.2 	 0.0 
59.22 	 0.0 
59.24 	 0.0 
59.26 	 0.0 
59.28 	 0.0 
59.3 	 0.0 
59.32 	 0.0 
59.34 	 0.0 
59.36 	 0.0 
59.38 	 0.0 
59.4 	 0.0 
59.42 	 0.0 
59.44 	 0.0 
59.46 	 0.0 
59.48 	 0.0 
59.5 	 0.0 
59.52 	 0.0 
59.54 	 0.0 
59.56 	 0.0 
59.58 	 0.0 
59.6 	 0.0 
59.62 	 0.0 
59.64 	 0.0 
59.66 	 0.0 
59.68 	 0.0 
59.7 	 0.0 
59.72 	 0.0 
59.74 	 0.0 
59.76 	 0.0 
59.78 	 0.0 
59.8 	 0.0 
59.82 	 0.0 
59.84 	 0.0 
59.86 	 0.0 
59.88 	 0.0 
59.9 	 0.0 
59.92 	 0.0 
59.94 	 0.0 
59.96 	 0.0 
59.98 	 0.0 
