0.0 	 0.01775836887763969 
0.02 	 0.018937258485284665 
0.04 	 0.019744354017792645 
0.06 	 0.020316217032818894 
0.08 	 0.020590454291552634 
0.1 	 0.02064816141560655 
0.12 	 0.020480428236892646 
0.14 	 0.020157666256213593 
0.16 	 0.019704488173772433 
0.18 	 0.01918301735863515 
0.2 	 0.018628383690161406 
0.22 	 0.018087388859943446 
0.24 	 0.017587040581541678 
0.26 	 0.017154233438859506 
0.28 	 0.016798539189146672 
0.3 	 0.01652801370347903 
0.32 	 0.01633495210764092 
0.34 	 0.016214243906543566 
0.36 	 0.01614692799228754 
0.38 	 0.01612190853740832 
0.4 	 0.01611649832752371 
0.42 	 0.016119549534629584 
0.44 	 0.016110790873775076 
0.46 	 0.016082533261889184 
0.48 	 0.01602065086689321 
0.5 	 0.015922227314641307 
0.52 	 0.01578076754231001 
0.54 	 0.015598045387733501 
0.56 	 0.015375004305996141 
0.58 	 0.015117348594516586 
0.6 	 0.01483214886182015 
0.62 	 0.014528047786079969 
0.64 	 0.014216320310046967 
0.66 	 0.013907608818677896 
0.68 	 0.013615374674892863 
0.7 	 0.013351634079078172 
0.72 	 0.013130389348635562 
0.74 	 0.012964923041755947 
0.76 	 0.012868722024188562 
0.78 	 0.012856742646672012 
0.8 	 0.012941260133457448 
0.82 	 0.013139513153108457 
0.84 	 0.013461562379511217 
0.86 	 0.013927234946035082 
0.88 	 0.014542249219142924 
0.9 	 0.015328671024942443 
0.92 	 0.016284116173937026 
0.94 	 0.017432035182216872 
0.96 	 0.018756760524925878 
0.98 	 0.020282512793069675 
1.0 	 0.021974803430221516 
1.02 	 0.023859240134206452 
1.04 	 0.025878276775581275 
1.06 	 0.028061349180765187 
1.08 	 0.03032657558438571 
1.1 	 0.03271111441023543 
1.12 	 0.03511136125523378 
1.14 	 0.037576140313951976 
1.16 	 0.0399863038017073 
1.18 	 0.04240442139419666 
1.2 	 0.04470395500381688 
1.22 	 0.04695985480034624 
1.24 	 0.04904613346996063 
1.26 	 0.05104475770148011 
1.28 	 0.052836387133213376 
1.3 	 0.05450136576775115 
1.32 	 0.055931168905785256 
1.34 	 0.05719439110501506 
1.36 	 0.05819716799376322 
1.38 	 0.05898708485429064 
1.4 	 0.05949075056772949 
1.42 	 0.05972873153558501 
1.44 	 0.05965720570448806 
1.46 	 0.05926893589577653 
1.48 	 0.05856098600005711 
1.5 	 0.05750387686851392 
1.52 	 0.056145364168845524 
1.54 	 0.05444520054484351 
1.56 	 0.05250487120542077 
1.58 	 0.05028791722808459 
1.6 	 0.04794134504901881 
1.62 	 0.045444837717080154 
1.64 	 0.042970319133107844 
1.66 	 0.04051788270017285 
1.68 	 0.038254947835090425 
1.7 	 0.03619528135982805 
1.72 	 0.03447093110528664 
1.74 	 0.033094411141738785 
1.76 	 0.032138204797563755 
1.78 	 0.031598085378043525 
1.8 	 0.03147515324123093 
1.82 	 0.03174020823167412 
1.84 	 0.03232573587215009 
1.86 	 0.03317988009643183 
1.88 	 0.0341836497205975 
1.9 	 0.03527314701243478 
1.92 	 0.03630771077761417 
1.94 	 0.03722551039129996 
1.96 	 0.037902593454685315 
1.98 	 0.03829335978733739 
2.0 	 0.03832929104012863 
2.02 	 0.03799426380142502 
2.04 	 0.03730218283600091 
2.06 	 0.036277441986116446 
2.08 	 0.03501965919916703 
2.1 	 0.03359752350163105 
2.12 	 0.03217040318704115 
2.14 	 0.030840386536660092 
2.16 	 0.029776849924885083 
2.18 	 0.029087776434112405 
2.2 	 0.028894588839720525 
2.22 	 0.02927762869818345 
2.24 	 0.030263024500415778 
2.26 	 0.031883011747818976 
2.28 	 0.034045777427879016 
2.3 	 0.03674106000754444 
2.32 	 0.03976682167869616 
2.34 	 0.043097563487708955 
2.36 	 0.04645757277984008 
2.38 	 0.04983710246636823 
2.4 	 0.052944749055735076 
2.42 	 0.05580461871763527 
2.44 	 0.05817483210227221 
2.46 	 0.06011405429007031 
2.48 	 0.06148192562260276 
2.5 	 0.06236075068190373 
2.52 	 0.06273042387475274 
2.54 	 0.06268113140978568 
2.56 	 0.062290099822846536 
2.58 	 0.06163749550710742 
2.6 	 0.060844266790618794 
2.62 	 0.059962549115179245 
2.64 	 0.05909909888085799 
2.66 	 0.0582656664268239 
2.68 	 0.05751926222419007 
2.7 	 0.0568311424393301 
2.72 	 0.05620706881385041 
2.74 	 0.05559062186031475 
2.76 	 0.05496178046270811 
2.78 	 0.05425576604315198 
2.8 	 0.053461356946703675 
2.82 	 0.05252301762881499 
2.84 	 0.05146454112125327 
2.86 	 0.05025058265729567 
2.88 	 0.04894797051962964 
2.9 	 0.047545017147408795 
2.92 	 0.04614123331842096 
2.94 	 0.04474628980281981 
2.96 	 0.04347069872514318 
2.98 	 0.04234009479900236 
3.0 	 0.04145189478990197 
3.02 	 0.04084149792301741 
3.04 	 0.040572235341447334 
3.06 	 0.040683251775391886 
3.08 	 0.04118662931580989 
3.1 	 0.04211963994603784 
3.12 	 0.04342921487348688 
3.14 	 0.04514672790577961 
3.16 	 0.04714637828508718 
3.18 	 0.04945373458081432 
3.2 	 0.051876540886425626 
3.22 	 0.0544401792826523 
3.24 	 0.05691276606066879 
3.26 	 0.05932840252842247 
3.28 	 0.061460977317523494 
3.3 	 0.06336051698847836 
3.32 	 0.06485628422364033 
3.34 	 0.06601511316388298 
3.36 	 0.06675359484450268 
3.38 	 0.06714727764122433 
3.4 	 0.06719781825810987 
3.42 	 0.0669724164261271 
3.44 	 0.06652336585463153 
3.46 	 0.0658888782868093 
3.48 	 0.06512861420031624 
3.5 	 0.06424003701328972 
3.52 	 0.06326861123334969 
3.54 	 0.06218210448080142 
3.56 	 0.06102777246417175 
3.58 	 0.05978290823743108 
3.6 	 0.05853886781376021 
3.62 	 0.057340854509907516 
3.64 	 0.05635925577488498 
3.66 	 0.055761877570573264 
3.68 	 0.05578397797842774 
3.7 	 0.05673856432255417 
3.72 	 0.05882965192103263 
3.74 	 0.06249795504990794 
3.76 	 0.06773174577256959 
3.78 	 0.07508832969677634 
3.8 	 0.08409816033607655 
3.82 	 0.09551850192123627 
3.84 	 0.10818149574967514 
3.86 	 0.12326147199808679 
3.88 	 0.1387201786717238 
3.9 	 0.15641051131754907 
3.92 	 0.17338504470258734 
3.94 	 0.19230630662820788 
3.96 	 0.20946777413910425 
3.98 	 0.22820984476593728 
4.0 	 0.2444250760722246 
4.02 	 0.261730534905021 
4.04 	 0.27613880137283703 
4.06 	 0.29098169338535274 
4.08 	 0.3029683211433688 
4.1 	 0.3145851620453608 
4.12 	 0.32373500006581274 
4.14 	 0.3316535503384387 
4.16 	 0.33773628403969674 
4.18 	 0.34181364237681566 
4.2 	 0.3448084854613362 
4.22 	 0.345255554141801 
4.24 	 0.3453826219337497 
4.26 	 0.34273281424090196 
4.28 	 0.3404388212268923 
4.3 	 0.33543107230027214 
4.32 	 0.33129540041646943 
4.34 	 0.32468745431034696 
4.36 	 0.31926761013958166 
4.38 	 0.3116470758207082 
4.4 	 0.30533217538505186 
4.42 	 0.2970073103879628 
4.44 	 0.28995235185533563 
4.46 	 0.2809674780441281 
4.48 	 0.2731377536875395 
4.5 	 0.26339780172360666 
4.52 	 0.25469748492290717 
4.54 	 0.24414015630592026 
4.56 	 0.2345636794705111 
4.58 	 0.22330218390202017 
4.6 	 0.2130394503060811 
4.62 	 0.20141305061405215 
4.64 	 0.19085869647554846 
4.66 	 0.17936964128881805 
4.68 	 0.169031376030776 
4.7 	 0.1582035874602967 
4.72 	 0.1485586393424248 
4.74 	 0.13879394964677666 
4.76 	 0.13016934363158 
4.78 	 0.12166989356439777 
4.8 	 0.1141989068804482 
4.82 	 0.10697591045896124 
4.84 	 0.10063103988273443 
4.86 	 0.09457148564851789 
4.88 	 0.08923647586413866 
4.9 	 0.0841823069662422 
4.92 	 0.07972174006054104 
4.94 	 0.0755284333786031 
4.96 	 0.07183113425034476 
4.98 	 0.06839431527865579 
5.0 	 0.065386896174571 
5.02 	 0.06264207573120786 
5.04 	 0.06028147030364854 
5.06 	 0.058189457880455576 
5.08 	 0.05644729493692258 
5.1 	 0.05497774782373822 
5.12 	 0.05382682238272459 
5.14 	 0.052947149123832346 
5.16 	 0.05235381761910559 
5.18 	 0.05202357458896515 
5.2 	 0.05194353645415099 
5.22 	 0.052109732473263386 
5.24 	 0.05248239321086806 
5.26 	 0.05307181182043891 
5.28 	 0.05381178750756323 
5.3 	 0.05472202346561032 
5.32 	 0.05571273911906735 
5.34 	 0.05680976175316512 
5.36 	 0.057908177114146114 
5.38 	 0.059039510531901665 
5.4 	 0.06009859640851052 
5.42 	 0.06112529366979644 
5.44 	 0.06203224647602051 
5.46 	 0.06287223514115382 
5.48 	 0.06358999831516818 
5.5 	 0.06425562899281008 
5.52 	 0.06484855062784739 
5.54 	 0.06545763723780826 
5.56 	 0.06608301126421073 
5.58 	 0.06682861232794546 
5.6 	 0.06768629883980229 
5.62 	 0.068766153436619 
5.64 	 0.07001692334707739 
5.66 	 0.0715438807784191 
5.68 	 0.07322600968244823 
5.7 	 0.07515522628514683 
5.72 	 0.07713590611510908 
5.74 	 0.07924219126906004 
5.76 	 0.08122789765252054 
5.78 	 0.0831464234946706 
5.8 	 0.08475064905149927 
5.82 	 0.08606794607937458 
5.84 	 0.0869117065039082 
5.86 	 0.08727585290082555 
5.88 	 0.08708756398119696 
5.9 	 0.08630278943070184 
5.92 	 0.08498898027767292 
5.94 	 0.0830680847001858 
5.96 	 0.08073860079115627 
5.98 	 0.07790217978991065 
6.0 	 0.07484850204045572 
6.02 	 0.07147826783447796 
6.04 	 0.06811752974284908 
6.06 	 0.06468424141441345 
6.08 	 0.06148801461645465 
6.1 	 0.05847481270106829 
6.12 	 0.05589677192951176 
6.14 	 0.053727871444909786 
6.16 	 0.0521348413311686 
6.18 	 0.05111089440942839 
6.2 	 0.05072047341820439 
6.22 	 0.050966020112178045 
6.24 	 0.05180364576496282 
6.26 	 0.05324281327313503 
6.28 	 0.05513837562567682 
6.3 	 0.05751606103397408 
6.32 	 0.06015126288708046 
6.34 	 0.0631018314001767 
6.36 	 0.06609782744722584 
6.38 	 0.06924239692468258 
6.4 	 0.07225919815096389 
6.42 	 0.07530049587222515 
6.44 	 0.07811612108609725 
6.46 	 0.08090132184225637 
6.48 	 0.08344734112104171 
6.5 	 0.08597980728670485 
6.52 	 0.08832356794656346 
6.54 	 0.0907195390687529 
6.56 	 0.09299894707260345 
6.58 	 0.0954033233380459 
6.6 	 0.09773684702995544 
6.62 	 0.10022948968981166 
6.64 	 0.10263669130865702 
6.66 	 0.10516806986568705 
6.68 	 0.10753473664362201 
6.7 	 0.10991924455949409 
6.72 	 0.11202225095308406 
6.74 	 0.11399196830492406 
6.76 	 0.11557179476319945 
6.78 	 0.1168667786794127 
6.8 	 0.11771579077023857 
6.82 	 0.11817276950423657 
6.84 	 0.1182035940723575 
6.86 	 0.1178079096236666 
6.88 	 0.11707706137669312 
6.9 	 0.11596000188477383 
6.92 	 0.11464175703893717 
6.94 	 0.1130302704495676 
6.96 	 0.11135762880689738 
6.98 	 0.1095047664441741 
7.0 	 0.10770788315031692 
7.02 	 0.10583752613619204 
7.04 	 0.10410599585878015 
7.06 	 0.1023904866127316 
7.08 	 0.10086638550802403 
7.1 	 0.09943176756129626 
7.12 	 0.09821995434231452 
7.14 	 0.0971582208675624 
7.16 	 0.09633353944710665 
7.18 	 0.09570361372430387 
7.2 	 0.09530382087846555 
7.22 	 0.09511801898978174 
7.24 	 0.09512731933843432 
7.26 	 0.0953353146645573 
7.28 	 0.09567408519744372 
7.3 	 0.09616142054673676 
7.32 	 0.09669615285976219 
7.34 	 0.09730677351478635 
7.36 	 0.09788257691986037 
7.38 	 0.09846072831694362 
7.4 	 0.09894539057073315 
7.42 	 0.09938078612527967 
7.44 	 0.09970251766844944 
7.46 	 0.09996012008610308 
7.48 	 0.10012367010875645 
7.5 	 0.10024628533644347 
7.52 	 0.10032192656601086 
7.54 	 0.10040622412525371 
7.56 	 0.10049828044862026 
7.58 	 0.1006568707488037 
7.6 	 0.10086747810509446 
7.62 	 0.1011955778297891 
7.64 	 0.10160092974623165 
7.66 	 0.10216303805925415 
7.68 	 0.10281252150123422 
7.7 	 0.10365385180153357 
7.72 	 0.10459022670393306 
7.74 	 0.1057640793945884 
7.76 	 0.1070504296060364 
7.78 	 0.10864186663863877 
7.8 	 0.1103739430669001 
7.82 	 0.11249743099642781 
7.84 	 0.11478318003531099 
7.86 	 0.11754162727701414 
7.88 	 0.12044563412642442 
7.9 	 0.12385996420468566 
7.92 	 0.1273342334696054 
7.94 	 0.1312761125064929 
7.96 	 0.1351153132598542 
7.98 	 0.13928409954432538 
8.0 	 0.14313838796927336 
8.02 	 0.14710781094204692 
8.04 	 0.15056073197648412 
8.06 	 0.1538902581574313 
8.08 	 0.1565802766661685 
8.1 	 0.15895787055104052 
8.12 	 0.16070405282291333 
8.14 	 0.16206971721574712 
8.16 	 0.16295461946889336 
8.18 	 0.1635484801260835 
8.2 	 0.16391261218662603 
8.22 	 0.16420528050426195 
8.24 	 0.16452992251890872 
8.26 	 0.16503963783902675 
8.28 	 0.16574904047512862 
8.3 	 0.16681800455748855 
8.32 	 0.16809103677520307 
8.34 	 0.16973084403995353 
8.36 	 0.17141872341615194 
8.38 	 0.1732990321692412 
8.4 	 0.17498253779153886 
8.42 	 0.1765544021422818 
8.44 	 0.1776962896747179 
8.46 	 0.17838063875445914 
8.48 	 0.1784979319501484 
8.5 	 0.17786252248024126 
8.52 	 0.17666032757577804 
8.54 	 0.1745335535963026 
8.56 	 0.17197144655563248 
8.58 	 0.16847016536358303 
8.6 	 0.16475390559283423 
8.62 	 0.1602283927977934 
8.64 	 0.15573809174969516 
8.66 	 0.15066266728743072 
8.68 	 0.14584783848726124 
8.7 	 0.140702965293516 
8.72 	 0.13598526421855817 
8.74 	 0.13117343102703077 
8.76 	 0.12688856479520785 
8.78 	 0.12270279911740666 
8.8 	 0.11908931881337015 
8.82 	 0.11572626627623599 
8.84 	 0.11294733069190292 
8.86 	 0.11054180627945513 
8.88 	 0.10871700047464407 
8.9 	 0.107373871181993 
8.92 	 0.1066003772636039 
8.94 	 0.1064064576788043 
8.96 	 0.10675689608473504 
8.98 	 0.10776557545418224 
9.0 	 0.10926093734977044 
9.02 	 0.11145436965152669 
9.04 	 0.11402327061921622 
9.06 	 0.1172692700119813 
9.08 	 0.12071505758428114 
9.1 	 0.12474291481946906 
9.12 	 0.1287412583640769 
9.14 	 0.1331567703755236 
9.16 	 0.13729525034803064 
9.18 	 0.14164048725839062 
9.2 	 0.14549387070801553 
9.22 	 0.1493388767151838 
9.24 	 0.15255911516262208 
9.26 	 0.15559915313873046 
9.28 	 0.15799319782230192 
9.3 	 0.16012015523943382 
9.32 	 0.16169064614960044 
9.34 	 0.1630119880619788 
9.36 	 0.16394482655305512 
9.38 	 0.16473986448764052 
9.4 	 0.16534040992766677 
9.42 	 0.16597009219388842 
9.44 	 0.16657319470004717 
9.46 	 0.1673836517926983 
9.48 	 0.16827770108590137 
9.5 	 0.1695407305599708 
9.52 	 0.17093725349907526 
9.54 	 0.17284655389510767 
9.56 	 0.17489713880178961 
9.58 	 0.17760333902167236 
9.6 	 0.18043567794950022 
9.62 	 0.1840804054289757 
9.64 	 0.18781528155713137 
9.66 	 0.1925278965849001 
9.68 	 0.19725421156872514 
9.7 	 0.2031012411930752 
9.72 	 0.20881714121879077 
9.74 	 0.2157287772189973 
9.76 	 0.222284696173773 
9.78 	 0.23000403717239473 
9.8 	 0.23708862082898305 
9.82 	 0.24518270487698593 
9.84 	 0.25237047719225125 
9.86 	 0.2603117227752204 
9.88 	 0.2671584980698249 
9.9 	 0.2744502247385007 
9.92 	 0.28059937320615025 
9.94 	 0.2868949062708547 
9.96 	 0.2921500222976953 
9.98 	 0.297306421513683 
10.0 	 0.3016302011484252 
10.02 	 0.3056528724491351 
10.04 	 0.3090745537594588 
10.06 	 0.311959878497681 
10.08 	 0.3144222285606559 
10.1 	 0.3159774446146811 
10.12 	 0.3172056857275336 
10.14 	 0.31696428318453257 
10.16 	 0.3164474398050919 
10.18 	 0.31376377997933796 
10.2 	 0.31089384940469467 
10.22 	 0.30521653828480316 
10.24 	 0.2995668648774209 
10.26 	 0.2908015663285792 
10.28 	 0.28245590377818275 
10.3 	 0.27124757630962915 
10.32 	 0.26100781005857804 
10.34 	 0.24873454451257151 
10.36 	 0.23800925272839812 
10.38 	 0.22639016482681307 
10.4 	 0.21673112022842414 
10.42 	 0.20722612075612581 
10.44 	 0.19977265923223883 
10.46 	 0.19314277529676355 
10.48 	 0.18832717001146596 
10.5 	 0.18458223653254985 
10.52 	 0.18220700054662528 
10.54 	 0.18085224613333173 
10.56 	 0.1803694911316693 
10.58 	 0.18071507066872183 
10.6 	 0.1814912754606666 
10.62 	 0.18286814587557754 
10.64 	 0.18433841806586782 
10.66 	 0.18619742239030385 
10.68 	 0.18792320032822057 
10.7 	 0.18986134764410087 
10.72 	 0.19153901807975815 
10.74 	 0.19329729635519874 
10.76 	 0.1947508992789289 
10.78 	 0.1962045009409928 
10.8 	 0.19737433685355024 
10.82 	 0.19851956848227595 
10.84 	 0.19944872859241317 
10.86 	 0.2003873079243478 
10.88 	 0.20120692121027395 
10.9 	 0.20212745001604127 
10.92 	 0.20303731370192546 
10.94 	 0.20418519563994195 
10.96 	 0.20541592422368066 
10.98 	 0.20703219601447942 
11.0 	 0.20877075693846295 
11.02 	 0.2109864666443948 
11.04 	 0.2132655472720849 
11.06 	 0.21597100738036687 
11.08 	 0.21855887894000786 
11.1 	 0.2213049406320619 
11.12 	 0.22365403836087266 
11.14 	 0.22564946667976632 
11.16 	 0.2269452696373763 
11.18 	 0.22718320041252008 
11.2 	 0.22649910234471976 
11.22 	 0.22400535873377425 
11.24 	 0.22054775551462694 
11.26 	 0.21471205121553655 
11.28 	 0.20812441581806032 
11.3 	 0.1990291545573521 
11.32 	 0.1896685509026208 
11.34 	 0.17825541693552993 
11.36 	 0.16726589667597405 
11.38 	 0.1551570368299984 
11.4 	 0.14417420338210044 
11.42 	 0.13312720953096163 
11.44 	 0.12368241253565718 
11.46 	 0.11495632270538682 
11.48 	 0.10793519643049775 
11.5 	 0.10195460158077999 
11.52 	 0.09744059342058681 
11.54 	 0.09389605312878763 
11.56 	 0.09139882781263911 
11.58 	 0.08960062906636088 
11.6 	 0.08842163698559541 
11.62 	 0.08764647955794687 
11.64 	 0.08716109750297346 
11.66 	 0.08685538036721448 
11.68 	 0.08664011720885736 
11.7 	 0.08647542249226971 
11.72 	 0.08631151672719146 
11.74 	 0.08614609308442642 
11.76 	 0.0859600891631685 
11.78 	 0.08576538520481387 
11.8 	 0.08555866415374284 
11.82 	 0.08535382685044757 
11.84 	 0.08515196090694567 
11.86 	 0.08496579312981299 
11.88 	 0.0847951966710465 
11.9 	 0.08465295276610688 
11.92 	 0.08453512619458707 
11.94 	 0.08445604448954913 
11.96 	 0.08440562529983626 
11.98 	 0.08439969671880923 
12.0 	 0.08441982465840607 
12.02 	 0.08448225782917144 
12.04 	 0.08455988896386549 
12.06 	 0.0846684498488658 
12.08 	 0.08477487627959035 
12.1 	 0.08489396807481882 
12.12 	 0.08499165422296544 
12.14 	 0.08508136211398314 
12.16 	 0.08513314942953087 
12.18 	 0.08515796344776058 
12.2 	 0.08513362021976821 
12.22 	 0.08506674922863611 
12.24 	 0.08494461544594603 
12.26 	 0.08476742521954332 
12.28 	 0.08453223245952773 
12.3 	 0.08423100640697521 
12.32 	 0.08387051087884671 
12.34 	 0.08343344839757746 
12.36 	 0.0829366978180462 
12.38 	 0.08235417111770442 
12.4 	 0.08171455212432135 
12.42 	 0.08098621840632893 
12.44 	 0.08021298574171604 
12.46 	 0.07936533239460679 
12.48 	 0.07850621865360737 
12.5 	 0.07762125592579158 
12.52 	 0.07679418759734753 
12.54 	 0.0760435245698136 
12.56 	 0.07546790420357992 
12.58 	 0.07513834348299446 
12.6 	 0.07514863950748647 
12.62 	 0.07563939276002038 
12.64 	 0.07665998984281817 
12.66 	 0.07843198928736826 
12.68 	 0.08089772047318457 
12.7 	 0.0843673516607528 
12.72 	 0.0885943250826749 
12.74 	 0.09398969017306985 
12.76 	 0.10003338003688625 
12.78 	 0.10726123184234615 
12.8 	 0.11482275836829582 
12.82 	 0.12340437915270235 
12.84 	 0.1318336902460804 
12.86 	 0.1409415989285761 
12.88 	 0.14933770575880667 
12.9 	 0.1579193411981121 
12.92 	 0.1652823452009163 
12.94 	 0.1722296417890189 
12.96 	 0.17761510641077954 
12.98 	 0.18194583471911 
13.0 	 0.18460315068862887 
13.02 	 0.18563975059691806 
13.04 	 0.1851431644007176 
13.06 	 0.18267599971773954 
13.08 	 0.1790475727780279 
13.1 	 0.17344200703028284 
13.12 	 0.16722225027016593 
13.14 	 0.1593988872777775 
13.16 	 0.15158757531560757 
13.18 	 0.142824425236853 
13.2 	 0.134651989312455 
13.22 	 0.12625092029756213 
13.24 	 0.11885295704831741 
13.26 	 0.1118170400473985 
13.28 	 0.10597183806484636 
13.3 	 0.10084513918265542 
13.32 	 0.09689526267444579 
13.34 	 0.09380492692835753 
13.36 	 0.09175373900357328 
13.38 	 0.09057290557880553 
13.4 	 0.09025195056282796 
13.42 	 0.09076692897735987 
13.44 	 0.0919711288601489 
13.46 	 0.09397939849604951 
13.48 	 0.09652430646675156 
13.5 	 0.09985096427753236 
13.52 	 0.10356101794165953 
13.54 	 0.10802113944464824 
13.56 	 0.11268505391729523 
13.58 	 0.11803189775048491 
13.6 	 0.12336291969033615 
13.62 	 0.12925480339768775 
13.64 	 0.13487953258173388 
13.66 	 0.14088177008206254 
13.68 	 0.14636298949202028 
13.7 	 0.15198555798326638 
13.72 	 0.15687199475041202 
13.74 	 0.16163521579460077 
13.76 	 0.1655282325826148 
13.78 	 0.16904692262804802 
13.8 	 0.17167595193578253 
13.82 	 0.17374983542446115 
13.84 	 0.17504552767679635 
13.86 	 0.17573344531612942 
13.88 	 0.1758753262215571 
13.9 	 0.17551659709342501 
13.92 	 0.1749196605201835 
13.94 	 0.17406635152523356 
13.96 	 0.17328084123299045 
13.98 	 0.1725395853132005 
14.0 	 0.17208369763087292 
14.02 	 0.17192544721775538 
14.04 	 0.17212529740343954 
14.06 	 0.17275624560502903 
14.08 	 0.17367612491035972 
14.1 	 0.17503139651010666 
14.12 	 0.17652194590191175 
14.14 	 0.17836849771673763 
14.16 	 0.180189565693082 
14.18 	 0.1822692351340228 
14.2 	 0.18421419373871475 
14.22 	 0.1863536048291774 
14.24 	 0.1883186097373883 
14.26 	 0.1904631088968273 
14.28 	 0.19244045466017548 
14.3 	 0.19460797926995804 
14.32 	 0.19661688347654951 
14.34 	 0.19880182000769675 
14.36 	 0.20079589839525946 
14.38 	 0.20287515085858485 
14.4 	 0.20467673736463945 
14.42 	 0.20637115894432442 
14.44 	 0.2076718196357192 
14.46 	 0.20859365820044995 
14.48 	 0.20903268784191514 
14.5 	 0.20881490165180386 
14.52 	 0.2081177216169638 
14.54 	 0.20658745374032034 
14.56 	 0.20472127185426076 
14.58 	 0.2020523981608853 
14.6 	 0.19933559974361045 
14.62 	 0.19610088399680384 
14.64 	 0.1931956398147026 
14.66 	 0.19026146461016752 
14.68 	 0.18801636657027743 
14.7 	 0.18630061984031143 
14.72 	 0.18549812252442635 
14.74 	 0.18570359477251355 
14.76 	 0.1868386940085257 
14.78 	 0.18929015647487227 
14.8 	 0.19247929232257288 
14.82 	 0.19710491352456752 
14.84 	 0.20211925983432544 
14.86 	 0.20851494634725604 
14.88 	 0.2148592075658795 
14.9 	 0.2223519466981999 
14.92 	 0.2293230696578887 
14.94 	 0.23699976763854655 
14.96 	 0.24371413493776545 
14.98 	 0.25043818472457324 
15.0 	 0.25585095332184166 
15.02 	 0.26031090493475567 
15.04 	 0.2632596797013932 
15.06 	 0.2640940867355925 
15.08 	 0.26340792889754666 
15.1 	 0.25944768880240415 
15.12 	 0.2541785825608819 
15.14 	 0.24482735202556777 
15.16 	 0.2346387201672078 
15.18 	 0.22031974299287957 
15.2 	 0.20593046031109655 
15.22 	 0.18834864649181374 
15.24 	 0.17170549600064755 
15.26 	 0.1535707893961648 
15.28 	 0.13738618684503767 
15.3 	 0.12151551140468417 
15.32 	 0.10825461745139336 
15.34 	 0.09653997392678672 
15.36 	 0.08751849671479082 
15.38 	 0.08044305096301743 
15.4 	 0.07562558674297679 
15.42 	 0.07250836899121932 
15.44 	 0.07094334631844698 
15.46 	 0.07053753280084951 
15.48 	 0.07096217534927307 
15.5 	 0.07198505774160296 
15.52 	 0.07326101166540011 
15.54 	 0.0746943902196389 
15.56 	 0.07600909398561392 
15.58 	 0.07720362164500298 
15.6 	 0.07810755499074265 
15.62 	 0.07876912901371348 
15.64 	 0.07912496422972298 
15.66 	 0.0792383402866666 
15.68 	 0.0791279152257723 
15.7 	 0.07885030231947687 
15.72 	 0.07846728839096526 
15.74 	 0.0780185019011407 
15.76 	 0.07757094513365446 
15.78 	 0.07714576341655802 
15.8 	 0.0767897625659224 
15.82 	 0.0765105724331371 
15.84 	 0.07632582651682922 
15.86 	 0.07623850506854005 
15.88 	 0.0762411610204318 
15.9 	 0.07634191709993074 
15.92 	 0.07651803316979021 
15.94 	 0.07679061999720124 
15.96 	 0.07712951300919278 
15.98 	 0.07757259901219589 
16.0 	 0.07808327889884487 
16.02 	 0.07871509185345718 
16.04 	 0.079418562873631 
16.06 	 0.08025753870535193 
16.08 	 0.08115989871778252 
16.1 	 0.08219228263386001 
16.12 	 0.08325384812478266 
16.14 	 0.08440680800381259 
16.16 	 0.08552573838772866 
16.18 	 0.08666310141185833 
16.2 	 0.08768567234129289 
16.22 	 0.08863294381671846 
16.24 	 0.08938977508374185 
16.26 	 0.08998104537188854 
16.28 	 0.09033617126474096 
16.3 	 0.09046501959399947 
16.32 	 0.09035867202696683 
16.34 	 0.09001283627860109 
16.36 	 0.08948117674151082 
16.38 	 0.08874719198087187 
16.4 	 0.08791150603681884 
16.42 	 0.08694801758457299 
16.44 	 0.08597842499167131 
16.46 	 0.08497010010966605 
16.48 	 0.08403924465141788 
16.5 	 0.0831505792456384 
16.52 	 0.08239558525266388 
16.54 	 0.08174130253444951 
16.56 	 0.08124573341618324 
16.58 	 0.08088365289842915 
16.6 	 0.0806793059048328 
16.62 	 0.08061924423871193 
16.64 	 0.0806975084025083 
16.66 	 0.08091278855260067 
16.68 	 0.0812322553422661 
16.7 	 0.08166171815210946 
16.72 	 0.08214366119859004 
16.74 	 0.08268042956461566 
16.76 	 0.08319387628469799 
16.78 	 0.0836684592788372 
16.8 	 0.08401691470792416 
16.82 	 0.08419098352733184 
16.84 	 0.08411782823507677 
16.86 	 0.08370578954159136 
16.88 	 0.08293113036751386 
16.9 	 0.08165709086913517 
16.92 	 0.07994579770072185 
16.94 	 0.07762614220978264 
16.96 	 0.07486954594982423 
16.98 	 0.07149285651093909 
17.0 	 0.06777199977420148 
17.02 	 0.0635378857977499 
17.04 	 0.05913295498233241 
17.06 	 0.05441987519356026 
17.08 	 0.04974732244530568 
17.1 	 0.04501081827186372 
17.12 	 0.04050610380953568 
17.14 	 0.036149346698029376 
17.16 	 0.03214826815652549 
17.18 	 0.02842635809227702 
17.2 	 0.025101368781246133 
17.22 	 0.022099919496817715 
17.24 	 0.019472967490506782 
17.26 	 0.01715602694351963 
17.28 	 0.015164979670575129 
17.3 	 0.013453527610482784 
17.32 	 0.012028668082746663 
17.34 	 0.01086822187002508 
17.36 	 0.009984644720353804 
17.38 	 0.00937929617894 
17.4 	 0.009072702012096312 
17.42 	 0.00908315947163357 
17.44 	 0.00943280934175231 
17.46 	 0.010146537707636114 
17.48 	 0.011235083768644488 
17.5 	 0.012718709577477503 
17.52 	 0.01457944468544323 
17.54 	 0.01682412299523027 
17.56 	 0.019388235451835774 
17.58 	 0.022261843412808183 
17.6 	 0.02532214549171917 
17.62 	 0.02854557228510045 
17.64 	 0.03175365784985246 
17.66 	 0.03491632318691639 
17.68 	 0.037822618993573275 
17.7 	 0.04044237699251001 
17.72 	 0.04257515318762395 
17.74 	 0.044193719307419055 
17.76 	 0.04516045533212292 
17.78 	 0.0454528271536407 
17.8 	 0.045039257754347126 
17.82 	 0.04390666571333906 
17.84 	 0.042144463940718975 
17.86 	 0.03975685196367119 
17.88 	 0.03693123781955087 
17.9 	 0.03369321099696127 
17.92 	 0.030274530106231854 
17.94 	 0.026714989675776294 
17.96 	 0.023228879462889197 
17.98 	 0.019852580633687004 
18.0 	 0.016738326362208636 
18.02 	 0.013901423886785549 
18.04 	 0.011418266865872028 
18.06 	 0.009276138903850466 
18.08 	 0.0074887313110916795 
18.1 	 0.006021274959272328 
18.12 	 0.0048502952949234105 
18.14 	 0.003931775039368098 
18.16 	 0.0032290569904928432 
18.18 	 0.0027007285355262985 
18.2 	 0.002312369792937764 
18.22 	 0.002031814330504086 
18.24 	 0.0018333855909558635 
18.26 	 0.0016955301239199782 
18.28 	 0.001601858735490927 
18.3 	 0.0015396190334380202 
18.32 	 0.0014995757338144152 
18.34 	 0.001474972293554125 
18.36 	 0.0014611354936410709 
18.38 	 0.0014548271897973045 
18.4 	 0.0014538925383647601 
18.42 	 0.0014569099369938444 
18.44 	 0.0014629483488807205 
18.46 	 0.0014714182175268238 
18.48 	 0.0014819135283095958 
18.5 	 0.0014941843829027657 
18.52 	 0.0015080239843858411 
18.54 	 0.0015233098852235525 
18.56 	 0.0015399054649462797 
18.58 	 0.001557739315382284 
18.6 	 0.001576703873839517 
18.62 	 0.0015967581612192758 
18.64 	 0.0016178166543856325 
18.66 	 0.0016398704997959582 
18.68 	 0.0016628657338597214 
18.7 	 0.0016868427316370444 
18.72 	 0.0017118037405014753 
18.74 	 0.001737870397923609 
18.76 	 0.0017651369091394656 
18.78 	 0.001793843647775944 
18.8 	 0.0018242071535181693 
18.82 	 0.0018566086223940324 
18.84 	 0.0018913891464550877 
18.86 	 0.0019290586948242509 
18.88 	 0.001970046310114076 
18.9 	 0.00201494674360064 
18.92 	 0.0020642176822595185 
18.94 	 0.0021184913284537942 
18.96 	 0.0021782078499996064 
18.98 	 0.002244021049113361 
19.0 	 0.002316344258449901 
19.02 	 0.0023958715705842022 
19.04 	 0.002482990776544828 
19.06 	 0.002578431739037703 
19.08 	 0.002682479800287845 
19.1 	 0.002795763432574085 
19.12 	 0.0029181953178800675 
19.14 	 0.0030499317984794654 
19.16 	 0.0031899930640730844 
19.18 	 0.0033374619648841555 
19.2 	 0.0034898000159902273 
19.22 	 0.003644373178556317 
19.24 	 0.0037965846743426577 
19.26 	 0.0039417681684116345 
19.28 	 0.004073380263101722 
19.3 	 0.004185141251443036 
19.32 	 0.004269627567966302 
19.34 	 0.004320283628207278 
19.36 	 0.0043307723784588685 
19.38 	 0.004296250942899185 
19.4 	 0.004213728944933927 
19.42 	 0.004081985594626767 
19.44 	 0.003902950744854301 
19.46 	 0.0036799611513083593 
19.48 	 0.00341989991111862 
19.5 	 0.0031300524038859064 
19.52 	 0.002820556568948856 
19.54 	 0.0025006288749797566 
19.56 	 0.002180891573023486 
19.58 	 0.0018698974600740216 
19.6 	 0.001576078658254303 
19.62 	 0.0013052348003280516 
19.64 	 0.0010620513622652372 
19.66 	 0.0008487290695864567 
19.68 	 0.0006661291984670276 
19.7 	 0.0005133068224311845 
19.72 	 0.0003883469646033028 
19.74 	 0.0002883942348845961 
19.76 	 0.00021021602988833673 
19.78 	 0.00015037834984310748 
19.8 	 0.00010556711899083035 
19.82 	 7.27183914462861e-05 
19.84 	 4.914886255467915e-05 
19.86 	 3.259118464011185e-05 
19.88 	 2.1202540203872487e-05 
19.9 	 1.3531811545131634e-05 
19.92 	 8.472302709036998e-06 
19.94 	 5.204001862430858e-06 
19.96 	 3.1363486157630634e-06 
19.98 	 1.8553253821952625e-06 
20.0 	 1.0782384434824764e-06 
20.02 	 6.16935242226393e-07 
20.04 	 3.492950436345018e-07 
20.06 	 1.9798699695665118e-07 
20.08 	 1.1522197599479047e-07 
20.1 	 7.216934277368418e-08 
20.12 	 5.184196666789061e-08 
20.14 	 4.445423044441345e-08 
20.16 	 4.447927380293102e-08 
20.18 	 4.883460527257323e-08 
20.2 	 5.579398317105258e-08 
20.22 	 6.435362736193275e-08 
20.24 	 7.38754852284581e-08 
20.26 	 8.389568790376673e-08 
20.28 	 9.402948136075578e-08 
20.3 	 1.039312330072892e-07 
20.32 	 1.1328471805093553e-07 
20.34 	 1.2180873672290543e-07 
20.36 	 1.292688292076865e-07 
20.38 	 1.3548932090155992e-07 
20.4 	 1.403621294355706e-07 
20.42 	 1.4385040133487115e-07 
20.44 	 1.459862991050687e-07 
20.46 	 1.4686331128891754e-07 
20.48 	 1.4662422701657866e-07 
20.5 	 1.4544644006375945e-07 
20.52 	 1.4352647626951542e-07 
20.54 	 1.4106564237578352e-07 
20.56 	 1.3825856652738503e-07 
20.58 	 1.3528629954079982e-07 
20.6 	 1.323158244925325e-07 
20.62 	 1.2950856969176762e-07 
20.64 	 1.2704230567683698e-07 
20.66 	 1.2515418884233607e-07 
20.68 	 1.2421855035055207e-07 
20.7 	 1.2488237012374533e-07 
20.72 	 1.2829561844196392e-07 
20.74 	 1.3649431653607224e-07 
20.76 	 1.5302274615616607e-07 
20.78 	 1.8391863851604842e-07 
20.8 	 2.3923083272806935e-07 
20.82 	 3.352899406078851e-07 
20.84 	 4.980016717684191e-07 
20.86 	 7.674683080312414e-07 
20.88 	 1.204245929368641e-06 
20.9 	 1.8974941515086792e-06 
20.92 	 2.9751307111002877e-06 
20.94 	 4.615869352323449e-06 
20.96 	 7.062601414360203e-06 
20.98 	 1.0636162507338665e-05 
21.0 	 1.5747710156838012e-05 
21.02 	 2.2907757450285978e-05 
21.04 	 3.272837149367051e-05 
21.06 	 4.591673970262695e-05 
21.08 	 6.325435148215613e-05 
21.1 	 8.556438039459847e-05 
21.12 	 0.00011365681904696604 
21.14 	 0.0001482682861055989 
21.16 	 0.0001899720388411836 
21.18 	 0.0002391087943328624 
21.2 	 0.000295675787575167 
21.22 	 0.0003592908121047343 
21.24 	 0.0004290859001183028 
21.26 	 0.0005037587320769703 
21.28 	 0.0005814945279027949 
21.3 	 0.0006601438747971361 
21.32 	 0.0007371801441530155 
21.34 	 0.0008099980791648668 
21.36 	 0.0008758943845036841 
21.38 	 0.0009324246026138305 
21.4 	 0.0009773858264799512 
21.42 	 0.0010091308405215896 
21.44 	 0.0010265392516221692 
21.46 	 0.0010291916541734568 
21.48 	 0.0010173307751204937 
21.5 	 0.000991845400400484 
21.52 	 0.0009542341295313857 
21.54 	 0.0009064156269180476 
21.56 	 0.0008507091726849851 
21.58 	 0.0007895422948207341 
21.6 	 0.0007254581931075946 
21.62 	 0.0006608119784018308 
21.64 	 0.0005978103154160821 
21.66 	 0.0005382710497298362 
21.68 	 0.00048369552161492304 
21.7 	 0.0004351274630304496 
21.72 	 0.00039325124286766137 
21.74 	 0.00035834491155032223 
21.76 	 0.00033038906832514534 
21.78 	 0.0003090821993224517 
21.8 	 0.0002939400487467825 
21.82 	 0.00028433542817054257 
21.84 	 0.00027957145841926923 
21.86 	 0.0002789188570058654 
21.88 	 0.0002816571158903223 
21.9 	 0.00028709947949828794 
21.92 	 0.0002946076135337858 
21.94 	 0.00030360749989053333 
21.96 	 0.0003135887475112113 
21.98 	 0.0003241181823556717 
22.0 	 0.0003348327582607227 
22.02 	 0.00034545354515665285 
22.04 	 0.0003557749803355599 
22.06 	 0.0003656765284339177 
22.08 	 0.0003751065961313631 
22.1 	 0.00038408786682687446 
22.12 	 0.00039269468647975495 
22.14 	 0.00040105178860423365 
22.16 	 0.00040930770621578635 
22.18 	 0.00041763162330590256 
22.2 	 0.00042618810966507404 
22.22 	 0.0004351387494142623 
22.24 	 0.00044462234964630793 
22.26 	 0.00045476547473459223 
22.28 	 0.0004656680245586903 
22.3 	 0.00047742226779691 
22.32 	 0.0004900995962580025 
22.34 	 0.0005037747185472059 
22.36 	 0.0005185081726488764 
22.38 	 0.0005343727527545375 
22.4 	 0.0005514280759468745 
22.42 	 0.0005697489942372682 
22.44 	 0.0005893911076847631 
22.46 	 0.0006104234800625321 
22.48 	 0.0006328853897640867 
22.5 	 0.0006568265964442554 
22.52 	 0.0006822553390646757 
22.54 	 0.000709188914329544 
22.56 	 0.0007375919979751193 
22.58 	 0.0007674395602679689 
22.6 	 0.0007986442305521836 
22.62 	 0.0008311333016883022 
22.64 	 0.0008647643630157316 
22.66 	 0.0008994179664940455 
22.68 	 0.0009349014515147335 
22.7 	 0.0009710579033615212 
22.72 	 0.001007658282736293 
22.74 	 0.001044525337110564 
22.76 	 0.0010814139292370827 
22.78 	 0.0011181463650278742 
22.8 	 0.0011544810394654476 
22.82 	 0.001190254489694784 
22.84 	 0.0012252398975754804 
22.86 	 0.001259291680658426 
22.88 	 0.0012921978510203828 
22.9 	 0.0013238244656865255 
22.92 	 0.0013539682456552796 
22.94 	 0.0013824992550102117 
22.96 	 0.0014092212774720614 
22.98 	 0.0014340105748522638 
23.0 	 0.001456690780623756 
23.02 	 0.001477163664007296 
23.04 	 0.0014953031883926395 
23.06 	 0.0015110722116185016 
23.08 	 0.001524437774754102 
23.1 	 0.0015354671802794765 
23.12 	 0.0015442641311701063 
23.14 	 0.0015510394725585857 
23.16 	 0.0015560654482635824 
23.18 	 0.0015597201955475455 
23.2 	 0.0015624545939835323 
23.22 	 0.0015648140852395354 
23.24 	 0.0015674089172306898 
23.26 	 0.0015709207869122 
23.28 	 0.0015760632128457809 
23.3 	 0.0015835838040206063 
23.32 	 0.0015941989099163203 
23.34 	 0.0016086062991373694 
23.36 	 0.001627379666369543 
23.38 	 0.0016510123007646644 
23.4 	 0.0016797636363703817 
23.42 	 0.0017137606452306848 
23.44 	 0.0017527984048402007 
23.46 	 0.001796527262272651 
23.48 	 0.0018442175420393544 
23.5 	 0.0018950502549309593 
23.52 	 0.0019478580457005454 
23.54 	 0.0020015126816059544 
23.56 	 0.002054649958437563 
23.58 	 0.0021061152433463513 
23.6 	 0.0021546747812159358 
23.62 	 0.0021994569063163304 
23.64 	 0.002239653063864168 
23.66 	 0.002274892097003882 
23.68 	 0.0023049431451765043 
23.7 	 0.0023299862484984306 
23.72 	 0.0023503398814834976 
23.74 	 0.002366629694530248 
23.76 	 0.002379566098231957 
23.78 	 0.002390044324314431 
23.8 	 0.002398986463147862 
23.82 	 0.002407416970249525 
23.84 	 0.002416360329481541 
23.86 	 0.0024269269284446825 
23.88 	 0.002440228741537755 
23.9 	 0.002457492737760957 
23.92 	 0.002479931784031197 
23.94 	 0.0025088927923016826 
23.96 	 0.0025456083392219405 
23.98 	 0.002591397789473112 
24.0 	 0.00264723443650604 
24.02 	 0.00271405141311146 
24.04 	 0.0027920895978245115 
24.06 	 0.002881400506518781 
24.08 	 0.0029809823144357405 
24.1 	 0.0030895882588640846 
24.12 	 0.0032046975290563433 
24.14 	 0.003323696890464526 
24.16 	 0.0034427596195119275 
24.18 	 0.00355835701606475 
24.2 	 0.0036661317398315896 
24.22 	 0.003762544112374005 
24.24 	 0.003843833159370607 
24.26 	 0.003907483990047431 
24.28 	 0.0039513753045148 
24.3 	 0.003974749262994984 
24.32 	 0.003977642904416753 
24.34 	 0.0039611758980774075 
24.36 	 0.003927342010605925 
24.38 	 0.00387864014707724 
24.4 	 0.003818251530241589 
24.42 	 0.0037492141844771365 
24.44 	 0.003674940369336591 
24.46 	 0.0035981976636391515 
24.48 	 0.0035218577105629425 
24.5 	 0.0034479045967160385 
24.52 	 0.0033782803059302672 
24.54 	 0.0033140532323625866 
24.56 	 0.003256243697911642 
24.58 	 0.003205203553517426 
24.6 	 0.0031613418215520506 
24.62 	 0.0031247066165914984 
24.64 	 0.0030955560866338136 
24.66 	 0.003074098414096446 
24.68 	 0.0030608602269958586 
24.7 	 0.0030565390126595037 
24.72 	 0.0030621260698307988 
24.74 	 0.0030788654399377803 
24.76 	 0.0031081021402170066 
24.78 	 0.003151406279272908 
24.8 	 0.0032101285340238317 
24.82 	 0.0032858027860711244 
24.84 	 0.0033793802380533778 
24.86 	 0.003492044754983772 
24.88 	 0.0036240611061099533 
24.9 	 0.0037761281470419868 
24.92 	 0.00394773150562854 
24.94 	 0.004139140539239345 
24.96 	 0.004349121303764119 
24.98 	 0.004577669217786941 
25.0 	 0.0048229267295606315 
25.02 	 0.005084740449627559 
25.04 	 0.005360646804095118 
25.06 	 0.00565034833723135 
25.08 	 0.005950683690529833 
25.1 	 0.00626111694829556 
25.12 	 0.00657768837020354 
25.14 	 0.006899567623096506 
25.16 	 0.007222068476577307 
25.18 	 0.007544199547857879 
25.2 	 0.007860902327017107 
25.22 	 0.008171357858593978 
25.24 	 0.008470676546104599 
25.26 	 0.008758564397743094 
25.28 	 0.009030771092069624 
25.3 	 0.00928767126612024 
25.32 	 0.009525860770110006 
25.34 	 0.009746279038404904 
25.36 	 0.009946389502521006 
25.38 	 0.010127578590338925 
25.4 	 0.010288303517940493 
25.42 	 0.010430564769361715 
25.44 	 0.010554222021770168 
25.46 	 0.010662362761516749 
25.48 	 0.010756710221515328 
25.5 	 0.01084181872710361 
25.52 	 0.010921218435811128 
25.54 	 0.011000655709875984 
25.56 	 0.011084437931838064 
25.58 	 0.011178344402184405 
25.6 	 0.011285603673208291 
25.62 	 0.011410404914611663 
25.64 	 0.011553046976328864 
25.66 	 0.011714948266068854 
25.68 	 0.011892701721394191 
25.7 	 0.01208504825082703 
25.72 	 0.012285810137229014 
25.74 	 0.012492631182130232 
25.76 	 0.012698992193815928 
25.78 	 0.012903959368551958 
25.8 	 0.013103601554053197 
25.82 	 0.013300849274418748 
25.84 	 0.013496476155043107 
25.86 	 0.013698611410268065 
25.88 	 0.0139129263716747 
25.9 	 0.014152280751927565 
25.92 	 0.01442497542931181 
25.94 	 0.014746170301250073 
25.96 	 0.015122321534692356 
25.98 	 0.015567023041836492 
26.0 	 0.016079375914515304 
26.02 	 0.01666738107933266 
26.04 	 0.017318238274899523 
26.06 	 0.018031908560586497 
26.08 	 0.018782382625373715 
26.1 	 0.019562137313920577 
26.12 	 0.020335357835330543 
26.14 	 0.02109076629321021 
26.16 	 0.021790430324030538 
26.18 	 0.022424786637208847 
26.2 	 0.022963150554140728 
26.22 	 0.023402469627957764 
26.24 	 0.023726584710092626 
26.26 	 0.023940931878813222 
26.28 	 0.024046062158658163 
26.3 	 0.024054270864436993 
26.32 	 0.023979317086472707 
26.34 	 0.023836032671566126 
26.36 	 0.02364428298912135 
26.38 	 0.02341649599539295 
26.4 	 0.02317139371686099 
26.42 	 0.022915563141315612 
26.44 	 0.0226620503144029 
26.46 	 0.022410793694984995 
26.48 	 0.02216835976942502 
26.5 	 0.021929640069174063 
26.52 	 0.021696831308745487 
26.54 	 0.02146264080406713 
26.56 	 0.02122817386913853 
26.58 	 0.02098673679230095 
26.6 	 0.020741096980587813 
26.62 	 0.020486891012156002 
26.64 	 0.020229738646543333 
26.66 	 0.01996791407298202 
26.68 	 0.01970933096643296 
26.7 	 0.01945400403964562 
26.72 	 0.019210395567249627 
26.74 	 0.01897880247247033 
26.76 	 0.018766270431074334 
26.78 	 0.01857212555779905 
26.8 	 0.0184007136548839 
26.82 	 0.01824989098440351 
26.84 	 0.01812115188730106 
26.86 	 0.01801125966109094 
26.88 	 0.01791972334373031 
26.9 	 0.017843192372727537 
26.92 	 0.017780565124900328 
26.94 	 0.01772949061615395 
26.96 	 0.017689514283357535 
26.98 	 0.017660078357330567 
27.0 	 0.01764199827975239 
27.02 	 0.017636665537357692 
27.04 	 0.01764587315900179 
27.06 	 0.0176723622475873 
27.08 	 0.01771773049145624 
27.1 	 0.01778484558473056 
27.12 	 0.017873443716234606 
27.14 	 0.01798507489368827 
27.16 	 0.018116142578038542 
27.18 	 0.0182658172253869 
27.2 	 0.018426702935195063 
27.22 	 0.018595543723907277 
27.24 	 0.01876232838167284 
27.26 	 0.01892277703039417 
27.28 	 0.019067269207704733 
27.3 	 0.019193389792400557 
27.32 	 0.019296210793522083 
27.34 	 0.019379092396565142 
27.36 	 0.019446155258846385 
27.38 	 0.019510525677989454 
27.4 	 0.019588064514926246 
27.42 	 0.019704460958221922 
27.44 	 0.019886559119586002 
27.46 	 0.02017289073044876 
27.48 	 0.020595689999324818 
27.5 	 0.021203238526956013 
27.52 	 0.022022240215411337 
27.54 	 0.023104657995238226 
27.56 	 0.024456453038129957 
27.58 	 0.02612653237783621 
27.6 	 0.028083765396201905 
27.62 	 0.030370430958813355 
27.64 	 0.032905982292328405 
27.66 	 0.035728999675665694 
27.68 	 0.038706850473996336 
27.7 	 0.041884042316901 
27.72 	 0.045086160611216064 
27.74 	 0.04837609390049495 
27.76 	 0.05155929606063691 
27.78 	 0.05472639296149262 
27.8 	 0.05768847214939553 
27.82 	 0.06056548781087301 
27.84 	 0.06319369130153112 
27.86 	 0.0657147814677607 
27.88 	 0.06799523357355367 
27.9 	 0.07018361089832785 
27.92 	 0.072166530623568 
27.94 	 0.07408155602559748 
27.96 	 0.075818826538735 
27.98 	 0.07748945093865205 
28.0 	 0.07897733219591098 
28.02 	 0.08035827956090999 
28.04 	 0.0815167550189518 
28.06 	 0.08249191549886645 
28.08 	 0.08319160510440085 
28.1 	 0.08362219719221753 
28.12 	 0.0837431689956264 
28.14 	 0.08353406245574738 
28.16 	 0.08302532004033222 
28.18 	 0.08217554917906235 
28.2 	 0.08108659773942829 
28.22 	 0.07970102630682305 
28.24 	 0.07817317821603607 
28.26 	 0.07643331185173112 
28.28 	 0.07465853089405951 
28.3 	 0.07277006200739458 
28.32 	 0.07093920904741584 
28.34 	 0.0690821536141885 
28.36 	 0.06734587129325398 
28.38 	 0.06564698638903267 
28.4 	 0.06410192729466305 
28.42 	 0.06263443351130356 
28.44 	 0.061333240705366325 
28.46 	 0.060135943988988215 
28.48 	 0.05911017944770012 
28.5 	 0.05821311309408847 
28.52 	 0.05749699207922514 
28.54 	 0.056942597163769836 
28.56 	 0.05658867500153982 
28.58 	 0.05644162606952888 
28.6 	 0.056523289254752127 
28.62 	 0.056865377879352946 
28.64 	 0.05746393225623961 
28.66 	 0.05837346792679658 
28.68 	 0.05955133775637999 
28.7 	 0.06107111163906358 
28.72 	 0.06283820169015245 
28.74 	 0.06494189582384075 
28.76 	 0.0672274649199858 
28.78 	 0.06979811737306545 
28.8 	 0.07244138536772 
28.82 	 0.07527342630711184 
28.84 	 0.07804030592954705 
28.86 	 0.08086853429009898 
28.88 	 0.08349180615459409 
28.9 	 0.08604046287420052 
28.92 	 0.08827182523767999 
28.94 	 0.09030959562330207 
28.96 	 0.09196827405888817 
28.98 	 0.09335314247158825 
29.0 	 0.09435746439124867 
29.02 	 0.09505863476754554 
29.04 	 0.09543245568348674 
29.06 	 0.09552375412780353 
29.08 	 0.09537726821283753 
29.1 	 0.0950058040467101 
29.12 	 0.09449845288011939 
29.14 	 0.09384081558189207 
29.16 	 0.0931399038354777 
29.18 	 0.09236185175183963 
29.2 	 0.09161089655108688 
29.22 	 0.09084308762949621 
29.24 	 0.09014814938683449 
29.26 	 0.08948179083508781 
29.28 	 0.08891514222940727 
29.3 	 0.08841230347003869 
29.32 	 0.08802544409586384 
29.34 	 0.08773339155845872 
29.36 	 0.08756853721807603 
29.38 	 0.08752717379470179 
29.4 	 0.0876181855810538 
29.42 	 0.0878536773170594 
29.44 	 0.08821275203800052 
29.46 	 0.08871718547360555 
29.48 	 0.08931090864292474 
29.5 	 0.09001553760556706 
29.52 	 0.09074096531477904 
29.54 	 0.09149680307604573 
29.56 	 0.09217229655693025 
29.58 	 0.09275366262471658 
29.6 	 0.09313781648147691 
29.62 	 0.09328001026687671 
29.64 	 0.09312448114768587 
29.66 	 0.0925958307333178 
29.68 	 0.09172524523935156 
29.7 	 0.09041777003555343 
29.72 	 0.08881413963406184 
29.74 	 0.08681955393855646 
29.76 	 0.08467402023233618 
29.78 	 0.08230159937600778 
29.8 	 0.079993589708956 
29.82 	 0.07769839584984244 
29.84 	 0.07568643815002314 
29.86 	 0.07391937467091049 
29.88 	 0.07257934068846246 
29.9 	 0.07162505979579124 
29.92 	 0.07111672273457702 
29.94 	 0.07100532927562297 
29.96 	 0.07124053358388448 
29.98 	 0.07177762094546165 
30.0 	 0.07250058790844295 
30.02 	 0.07338850868473767 
30.04 	 0.07431333393730172 
30.06 	 0.07529165110225297 
30.08 	 0.07622215495606456 
30.1 	 0.07716026017949353 
30.12 	 0.07804271407016201 
30.14 	 0.07895435378034907 
30.16 	 0.07985517088066556 
30.18 	 0.08084546090663336 
30.2 	 0.08188003896525434 
30.22 	 0.08306263083347595 
30.24 	 0.08431695008528356 
30.26 	 0.08574379285912438 
30.28 	 0.0872238354256249 
30.3 	 0.08885348561914291 
30.32 	 0.09047528883198226 
30.34 	 0.09218024508736954 
30.36 	 0.09379042016463272 
30.38 	 0.09538587784395845 
30.4 	 0.09679228486897737 
30.42 	 0.0980666844530707 
30.44 	 0.09906428762857804 
30.46 	 0.09980278039131502 
30.48 	 0.1001928735413971 
30.5 	 0.10019807751337267 
30.52 	 0.09980937929030341 
30.54 	 0.0989296102283641 
30.56 	 0.09764998223780187 
30.58 	 0.09581917715376949 
30.6 	 0.09363650838457598 
30.62 	 0.0909158377577306 
30.64 	 0.0879524184440105 
30.66 	 0.0845510889134954 
30.68 	 0.08106798898036284 
30.7 	 0.07732119960855165 
30.72 	 0.07367666860518449 
30.74 	 0.06997666989503858 
30.76 	 0.06654526431707686 
30.78 	 0.06324813187051052 
30.8 	 0.06033147289106479 
30.82 	 0.057678157228501316 
30.84 	 0.05544466213845298 
30.86 	 0.05352648464270747 
30.88 	 0.051999894513867585 
30.9 	 0.05077281360835084 
30.92 	 0.049862618817373215 
30.94 	 0.04919211229902322 
30.96 	 0.04874334181085345 
30.98 	 0.04845624320499421 
31.0 	 0.04829771854276335 
31.02 	 0.04822529608431285 
31.04 	 0.04820553123900059 
31.06 	 0.04821199498726261 
31.08 	 0.04821991915115216 
31.1 	 0.0482156253546004 
31.12 	 0.048186357957470734 
31.14 	 0.048126533229972124 
31.16 	 0.04803395708098623 
31.18 	 0.04790597488431062 
31.2 	 0.04774700735319816 
31.22 	 0.04755320508981844 
31.24 	 0.04733226820688452 
31.26 	 0.047077653106974614 
31.28 	 0.046799736136084506 
31.3 	 0.046490785069081574 
31.32 	 0.046165548035708576 
31.34 	 0.04581816029056601 
31.36 	 0.045469019769258975 
31.38 	 0.045116248920532225 
31.4 	 0.04478397269067825 
31.42 	 0.0444737802300269 
31.44 	 0.044208031419311226 
31.46 	 0.04398911131465586 
31.48 	 0.04383125478486059 
31.5 	 0.04373526007994524 
31.52 	 0.04370393263255022 
31.54 	 0.04373694997616166 
31.56 	 0.043827667643374875 
31.58 	 0.043978735464284414 
31.6 	 0.04418017436651754 
31.62 	 0.04444387919822642 
31.64 	 0.04476291132996346 
31.66 	 0.045164273249631584 
31.68 	 0.04564621959698161 
31.7 	 0.046253990314442106 
31.72 	 0.046985879307687314 
31.74 	 0.047904517232701886 
31.76 	 0.04899520565973418 
31.78 	 0.050333289584241346 
31.8 	 0.05187262474730023 
31.82 	 0.053694433072138094 
31.84 	 0.055702922180328025 
31.86 	 0.0579789392762956 
31.88 	 0.06036724650841841 
31.9 	 0.06294492800718741 
31.92 	 0.06550395432324138 
31.94 	 0.06811716276545036 
31.96 	 0.07055062613704424 
31.98 	 0.07287325444655757 
32.0 	 0.07486822150658556 
32.02 	 0.07659978922001509 
32.04 	 0.07791467057951666 
32.06 	 0.07887112403784734 
32.08 	 0.07941193484358677 
32.1 	 0.079588858631399 
32.12 	 0.07944484951767128 
32.14 	 0.07902515472405101 
32.16 	 0.07844468972400866 
32.18 	 0.07774009729148683 
32.2 	 0.07704803316966942 
32.22 	 0.07639103947201957 
32.24 	 0.07587565056767787 
32.26 	 0.07550433758933803 
32.28 	 0.07532044652487811 
32.3 	 0.07530506930556942 
32.32 	 0.07543493582339603 
32.34 	 0.07567551884784741 
32.36 	 0.07596089118832718 
32.38 	 0.07625141730185751 
32.4 	 0.07647747317824777 
32.42 	 0.07660505706762678 
32.44 	 0.07659807925904667 
32.46 	 0.07643554303705744 
32.48 	 0.07613522401656656 
32.5 	 0.0756910553220475 
32.52 	 0.07516995452681752 
32.54 	 0.07457622779924342 
32.56 	 0.07399895196694269 
32.58 	 0.07344271241701651 
32.6 	 0.07298289284154762 
32.62 	 0.07261292689508729 
32.64 	 0.07236745548467408 
32.66 	 0.07222176225488453 
32.68 	 0.0721640527353003 
32.7 	 0.07215191940684668 
32.72 	 0.07214397622526107 
32.74 	 0.07208602485001733 
32.76 	 0.07193706139874595 
32.78 	 0.07163766547116882 
32.8 	 0.07117646650617886 
32.82 	 0.07049250825011384 
32.84 	 0.06962126564639114 
32.86 	 0.06850052574084152 
32.88 	 0.0672134359575366 
32.9 	 0.06569507493930878 
32.92 	 0.06406385026822572 
32.94 	 0.06225117916169473 
32.96 	 0.06039262778980366 
32.98 	 0.05841701460170859 
33.0 	 0.05646056139362148 
33.02 	 0.054452695707978116 
33.04 	 0.05251911072834585 
33.06 	 0.05059400866840028 
33.08 	 0.04878660201008902 
33.1 	 0.047039362797583244 
33.12 	 0.04544243103203219 
33.14 	 0.04394841261633749 
33.16 	 0.04262755807304059 
33.18 	 0.04144299753239501 
33.2 	 0.04044538036463855 
33.22 	 0.03960802842316647 
33.24 	 0.038963002779418415 
33.26 	 0.03849318058256855 
33.28 	 0.038212989683272254 
33.3 	 0.03811359560577778 
33.32 	 0.03819170111141378 
33.34 	 0.038444290988186115 
33.36 	 0.038849022003205426 
33.38 	 0.039405141252935996 
33.4 	 0.040070210301535666 
33.42 	 0.04084230455543938 
33.44 	 0.041660985117493915 
33.46 	 0.042521519846893126 
33.48 	 0.04335323906528771 
33.5 	 0.04414970670249328 
33.52 	 0.04484351300913385 
33.54 	 0.045429833072386835 
33.56 	 0.04586026219245938 
33.58 	 0.04613536009323757 
33.6 	 0.0462378297085447 
33.62 	 0.0461757290938419 
33.64 	 0.04596588863366042 
33.66 	 0.045622780560006244 
33.68 	 0.045189472871136234 
33.7 	 0.04468246415193825 
33.72 	 0.04415547971624932 
33.74 	 0.04362113206728389 
33.76 	 0.04312730025066153 
33.78 	 0.04267829112826054 
33.8 	 0.042305298286468264 
33.82 	 0.042003809986782416 
33.84 	 0.04178605647394098 
33.86 	 0.04164218119129709 
33.88 	 0.04156998745711223 
33.9 	 0.04155944258144343 
33.92 	 0.04160081181589409 
33.94 	 0.04168779638549682 
33.96 	 0.04180829139328737 
33.98 	 0.041960744291472646 
34.0 	 0.042132592799902405 
34.02 	 0.04232558842600765 
34.04 	 0.04252647568221365 
34.06 	 0.04273816835803984 
34.08 	 0.04294647306237695 
34.1 	 0.043154157630516374 
34.12 	 0.04334706339759345 
34.14 	 0.04352754967094587 
34.16 	 0.043683180273601005 
34.18 	 0.043815699396647964 
34.2 	 0.043915401434040734 
34.22 	 0.043982221853936763 
34.24 	 0.04400886751103217 
34.26 	 0.04399135601293459 
34.28 	 0.043924179513231514 
34.3 	 0.04379777295696915 
34.32 	 0.04360943305871154 
34.34 	 0.04334444584637456 
34.36 	 0.043006644998510014 
34.38 	 0.04257929930036775 
34.4 	 0.042078037465208745 
34.42 	 0.041488849338335645 
34.44 	 0.040842814606217685 
34.46 	 0.04013270945668449 
34.48 	 0.039403904435813195 
34.5 	 0.038657145345359085 
34.52 	 0.03794493577832095 
34.54 	 0.03727345784910931 
34.56 	 0.03669103665526509 
34.58 	 0.03620424197413272 
34.6 	 0.03584587931610992 
34.62 	 0.035618091188337385 
34.64 	 0.03553115242638206 
34.66 	 0.03558091388837551 
34.68 	 0.03575485733972734 
34.7 	 0.03604457314231594 
34.72 	 0.03642060720962264 
34.74 	 0.036874773415790464 
34.76 	 0.03736951399310816 
34.78 	 0.03790099706562833 
34.8 	 0.038431553902977186 
34.82 	 0.0389632281779544 
34.84 	 0.039463018065404656 
34.86 	 0.03993746966911754 
34.88 	 0.04035995233437105 
34.9 	 0.04073890188558276 
34.92 	 0.04105463902522191 
34.94 	 0.0413158591220022 
34.96 	 0.04151109150069293 
34.98 	 0.04164983798057527 
35.0 	 0.04173085821734809 
35.02 	 0.041766796835247526 
35.04 	 0.041767916740488575 
35.06 	 0.041752902033097554 
35.08 	 0.0417423258372642 
35.1 	 0.04176334456822852 
35.12 	 0.041842339693428196 
35.14 	 0.04201634607789113 
35.16 	 0.042309617198224576 
35.18 	 0.04276890000411652 
35.2 	 0.043404981035181166 
35.22 	 0.04427202155737492 
35.24 	 0.0453532482413842 
35.26 	 0.04670613997682671 
35.28 	 0.048272212691143734 
35.3 	 0.05010828731615614 
35.32 	 0.05210529018888412 
35.34 	 0.054318034897537504 
35.36 	 0.05658944641263142 
35.38 	 0.05897456756761326 
35.4 	 0.06128600222398303 
35.42 	 0.06358349951424597 
35.44 	 0.06568026386015906 
35.46 	 0.06764554391300272 
35.48 	 0.06932918251146131 
35.5 	 0.07081448902052706 
35.52 	 0.07201625219312233 
35.54 	 0.0730362446911706 
35.56 	 0.07386095472365424 
35.58 	 0.07461276241328467 
35.6 	 0.0753260558169986 
35.62 	 0.07613908425885114 
35.64 	 0.07708221883170316 
35.66 	 0.07829563008002392 
35.68 	 0.0797431232238557 
35.7 	 0.08154867449684176 
35.72 	 0.0835645187822776 
35.74 	 0.08588535642845654 
35.76 	 0.0882504101131214 
35.78 	 0.09072041152019276 
35.8 	 0.09297353062170967 
35.82 	 0.09503450234411714 
35.84 	 0.09661307729320998 
35.86 	 0.09769347954949435 
35.88 	 0.09811848168137656 
35.9 	 0.09782961941095945 
35.92 	 0.09687275065757588 
35.94 	 0.09515629344204604 
35.96 	 0.09293545297667792 
35.98 	 0.09010622927204794 
36.0 	 0.08706802871555654 
36.02 	 0.08372174541263067 
36.04 	 0.08049984514562253 
36.06 	 0.07730863859520695 
36.08 	 0.07450435537906831 
36.1 	 0.07198629671961057 
36.12 	 0.06997038417777109 
36.14 	 0.06834020558657733 
36.16 	 0.06716770843197645 
36.18 	 0.0663263380184771 
36.2 	 0.06578604470501526 
36.22 	 0.06542536736763323 
36.24 	 0.06517203742292192 
36.26 	 0.06492311106652546 
36.28 	 0.06461772715432318 
36.3 	 0.06417628355333874 
36.32 	 0.06358345386634921 
36.34 	 0.06278017171666021 
36.36 	 0.06180787253799524 
36.38 	 0.06062228245521801 
36.4 	 0.05931362584964112 
36.42 	 0.05784749433487186 
36.44 	 0.05634320994697093 
36.46 	 0.05477309749360554 
36.48 	 0.05326207772780765 
36.5 	 0.051786879247132524 
36.52 	 0.050456780471433385 
36.54 	 0.04925031701722718 
36.56 	 0.04824587336831115 
36.58 	 0.047421181396002425 
36.6 	 0.04681643801310307 
36.62 	 0.046407456422861 
36.64 	 0.046197507534583605 
36.66 	 0.04616232714209408 
36.68 	 0.04627713800579318 
36.7 	 0.046522526231977314 
36.72 	 0.04685945431065746 
36.74 	 0.04727992851375201 
36.76 	 0.047745058481454945 
36.78 	 0.04826408653392694 
36.8 	 0.04880817729725088 
36.82 	 0.04940629348579363 
36.84 	 0.05004059052463015 
36.86 	 0.05075694786929309 
36.88 	 0.051538875311682546 
36.9 	 0.052440937243460904 
36.92 	 0.05343118440672591 
36.94 	 0.054561955610736325 
36.96 	 0.055770310027496474 
36.98 	 0.05709769979585615 
37.0 	 0.0584459640908304 
37.02 	 0.05984329753676788 
37.04 	 0.06116912940550772 
37.06 	 0.06244246272212953 
37.08 	 0.06354725390774413 
37.1 	 0.06450014568440358 
37.12 	 0.06521961826239507 
37.14 	 0.0657248701128351 
37.16 	 0.06598818020297346 
37.18 	 0.06603118047281666 
37.2 	 0.06587946540991065 
37.22 	 0.0655512965661751 
37.24 	 0.06510632394413908 
37.26 	 0.06454992980240895 
37.28 	 0.06394844666915792 
37.3 	 0.06328533431009958 
37.32 	 0.06261231025600336 
37.34 	 0.06188686370524271 
37.36 	 0.06114060032966617 
37.38 	 0.0603083163760882 
37.4 	 0.05941253582982159 
37.42 	 0.05837503872091667 
37.44 	 0.05722950576892276 
37.46 	 0.055897640291946556 
37.48 	 0.054442761673365536 
37.5 	 0.05279877872010149 
37.52 	 0.05106564814444799 
37.54 	 0.04919704754557171 
37.56 	 0.04732043489860481 
37.58 	 0.04540877367077658 
37.6 	 0.04359424890542498 
37.62 	 0.041860122844648955 
37.64 	 0.040315861147929434 
37.66 	 0.03894175263031103 
37.68 	 0.03780393279322563 
37.7 	 0.036869619445093704 
37.72 	 0.03615631368808714 
37.74 	 0.03561726310710716 
37.76 	 0.03523285211970241 
37.78 	 0.03495130134212363 
37.8 	 0.034738708585418054 
37.82 	 0.03455250216952447 
37.84 	 0.03436909200337404 
37.86 	 0.03416816480681716 
37.88 	 0.033953060299198784 
37.9 	 0.033732229185394945 
37.92 	 0.033537953067874056 
37.94 	 0.03340463901092011 
37.96 	 0.03337981718735957 
37.98 	 0.03351242791284905 
38.0 	 0.03384100778118487 
38.02 	 0.03441365597307191 
38.04 	 0.03523469707094471 
38.06 	 0.0363392584890365 
38.08 	 0.03768121344000048 
38.1 	 0.039279585298626594 
38.12 	 0.04103677188115475 
38.14 	 0.04296205563049572 
38.16 	 0.04492106266616052 
38.18 	 0.046924330054409914 
38.2 	 0.04882637613876006 
38.22 	 0.050648127435381454 
38.24 	 0.05226144871150819 
38.26 	 0.05370088990748954 
38.28 	 0.05487793116756153 
38.3 	 0.05583784148561082 
38.32 	 0.05654109704666246 
38.34 	 0.05703688845269318 
38.36 	 0.057329420637934336 
38.38 	 0.05746392393255631 
38.4 	 0.05747225953336489 
38.42 	 0.05738902907956795 
38.44 	 0.05725420903485801 
38.46 	 0.05708780657279737 
38.48 	 0.05692212916278949 
38.5 	 0.05676194798720347 
38.52 	 0.056624200495116205 
38.54 	 0.056500915717406584 
38.56 	 0.05639472451689875 
38.58 	 0.056289747927735743 
38.6 	 0.05618188514291235 
38.62 	 0.0560533048352234 
38.64 	 0.05590315338300762 
38.66 	 0.05571712798881207 
38.68 	 0.055505198893596445 
38.7 	 0.05525973947177152 
38.72 	 0.05500275077492086 
38.74 	 0.05473249296882218 
38.76 	 0.05447654376192398 
38.78 	 0.05423394061495382 
38.8 	 0.054026364294425845 
38.82 	 0.053845892537609075 
38.84 	 0.053697901210606316 
38.86 	 0.053560680735459 
38.88 	 0.05342079924722333 
38.9 	 0.05324050395270592 
38.92 	 0.05299667580904648 
38.94 	 0.052639435553062504 
38.96 	 0.052154471961751624 
38.98 	 0.05148840601946657 
39.0 	 0.05065561425912283 
39.02 	 0.04960876411325998 
39.04 	 0.04840217134963746 
39.06 	 0.04700063997300619 
39.08 	 0.04549453579159227 
39.1 	 0.043860532355065936 
39.12 	 0.0422071640146151 
39.14 	 0.040516792532783175 
39.16 	 0.03889281279907029 
39.18 	 0.037315291956970593 
39.2 	 0.035864627135008535 
39.22 	 0.034514126718838994 
39.24 	 0.033315370189194345 
39.26 	 0.032236611038942084 
39.28 	 0.03130586903697024 
39.3 	 0.03049231595757224 
39.32 	 0.029810238023372796 
39.34 	 0.02923527280962502 
39.36 	 0.02877528149268686 
39.38 	 0.028413599060165492 
39.4 	 0.02815303646332383 
39.42 	 0.027981034050729926 
39.44 	 0.027892349487846007 
39.46 	 0.027873012667373825 
39.48 	 0.0279070612715888 
39.5 	 0.027975736084355676 
39.52 	 0.028054345390967385 
39.54 	 0.028120454185823273 
39.56 	 0.02814820270293579 
39.58 	 0.028116297152182897 
39.6 	 0.02800778741854497 
39.62 	 0.02780798632115541 
39.64 	 0.027516513736389112 
39.66 	 0.027128281867763313 
39.68 	 0.026661038991254053 
39.7 	 0.026118425702008622 
39.72 	 0.025531386562979843 
39.74 	 0.02490831109642989 
39.76 	 0.024284628241537414 
39.78 	 0.02366844970974554 
39.8 	 0.023091024275406546 
39.82 	 0.02255612719422046 
39.84 	 0.02208497954325574 
39.86 	 0.021674914398172478 
39.88 	 0.02133488891439123 
39.9 	 0.02105552101310142 
39.92 	 0.020834279310045983 
39.94 	 0.020656079810764453 
39.96 	 0.02050986133792218 
39.98 	 0.02037686905701044 
40.0 	 0.020242207238306588 
40.02 	 0.02008656878868781 
40.04 	 0.019897210196164715 
40.06 	 0.019658277068285723 
40.08 	 0.019365206154453994 
40.1 	 0.019009398087681453 
40.12 	 0.018598309408661688 
40.14 	 0.01813237357048757 
40.16 	 0.017630552741162493 
40.18 	 0.01710061553050265 
40.2 	 0.016567734267701528 
40.22 	 0.016042078413804416 
40.24 	 0.015547116336979404 
40.26 	 0.015089506793539124 
40.28 	 0.014684242722199987 
40.3 	 0.014330608516546621 
40.32 	 0.014032558850238954 
40.34 	 0.013781972641257502 
40.36 	 0.013573972964866435 
40.38 	 0.013396299046009643 
40.4 	 0.01324030633447211 
40.42 	 0.013093983978702348 
40.44 	 0.012950032106231144 
40.46 	 0.012800031198822911 
40.48 	 0.012641169203709914 
40.5 	 0.012469896259086477 
40.52 	 0.012288510476979379 
40.54 	 0.012097720344465523 
40.56 	 0.011903572131017814 
40.58 	 0.011709246904459927 
40.6 	 0.01152210298126422 
40.62 	 0.011345554404918985 
40.64 	 0.011185642251940343 
40.66 	 0.011043954929341338 
40.68 	 0.010923209888481706 
40.7 	 0.010821924752383829 
40.72 	 0.010738814106563768 
40.74 	 0.010669383951268754 
40.76 	 0.010609292465522844 
40.78 	 0.010552395537304783 
40.8 	 0.01049345789463874 
40.82 	 0.01042670040085222 
40.84 	 0.01034836201022963 
40.86 	 0.010254726268632478 
40.88 	 0.010145023429514906 
40.9 	 0.010018266142884473 
40.92 	 0.009876824755628448 
40.94 	 0.009721963869333078 
40.96 	 0.00955815014834237 
40.98 	 0.009387664293135924 
41.0 	 0.00921543059286647 
41.02 	 0.009043314939410753 
41.04 	 0.008875142403954558 
41.06 	 0.008711271282190432 
41.08 	 0.008553528499876093 
41.1 	 0.008400432941033436 
41.12 	 0.008251927637089422 
41.14 	 0.008105293465118513 
41.16 	 0.007959656595806264 
41.18 	 0.007812318629627083 
41.2 	 0.007663026884682394 
41.22 	 0.007510323398789447 
41.24 	 0.00735554527730401 
41.26 	 0.007198952374249238 
41.28 	 0.007043434145325615 
41.3 	 0.006890503523577269 
41.32 	 0.00674370753083758 
41.34 	 0.00660482805570615 
41.36 	 0.006476970613285779 
41.38 	 0.006361327293092184 
41.4 	 0.0062598515133255065 
41.42 	 0.0061727661551807395 
41.44 	 0.006100695966782653 
41.46 	 0.006042922851517222 
41.48 	 0.005998903599187988 
41.5 	 0.00596719270100625 
41.52 	 0.005946389435925575 
41.54 	 0.005934629375271403 
41.56 	 0.005930087857462713 
41.58 	 0.0059309039942854365 
41.6 	 0.005935367732936372 
41.62 	 0.005942085147620609 
41.64 	 0.005949934285213488 
41.66 	 0.005958281947129951 
41.68 	 0.0059667754634549295 
41.7 	 0.005975515448619717 
41.72 	 0.0059847629893472615 
41.74 	 0.005995096712875449 
41.76 	 0.006007104595921949 
41.78 	 0.006021610822796264 
41.8 	 0.006039352502398241 
41.82 	 0.006061331908058359 
41.84 	 0.006088384331690105 
41.86 	 0.006121667012744809 
41.88 	 0.006161975191482337 
41.9 	 0.00621039522589204 
41.92 	 0.006267256148154678 
41.94 	 0.006333041663678524 
41.96 	 0.006406949473710705 
41.98 	 0.006488192890235101 
42.0 	 0.006574239321418394 
42.02 	 0.006662564390588275 
42.04 	 0.006748744484812777 
42.06 	 0.006828548867055407 
42.08 	 0.0068961801336206285 
42.1 	 0.006946356491946524 
42.12 	 0.006973110523244953 
42.14 	 0.00697130575530394 
42.16 	 0.006936449360188798 
42.18 	 0.006864998771501606 
42.2 	 0.006755540071496709 
42.22 	 0.00660736154373957 
42.24 	 0.006423083454896149 
42.26 	 0.006205334795880838 
42.28 	 0.005960581418514019 
42.3 	 0.005694243262317126 
42.32 	 0.0054152083893868365 
42.34 	 0.005130161491314148 
42.36 	 0.00484820684705031 
42.38 	 0.004575340339762337 
42.4 	 0.004318731169711312 
42.42 	 0.004082094822961174 
42.44 	 0.0038693878670456264 
42.46 	 0.0036814403161615126 
42.48 	 0.0035189745759151582 
42.5 	 0.0033804352624631114 
42.52 	 0.0032643117116566774 
42.54 	 0.003167833624008801 
42.56 	 0.0030886073279894777 
42.58 	 0.003023794774817289 
42.6 	 0.002971131394787762 
42.62 	 0.0029283283922509197 
42.64 	 0.0028936260752559953 
42.66 	 0.0028653324467153673 
42.68 	 0.0028421180540168654 
42.7 	 0.00282270250369409 
42.72 	 0.0028060601127726046 
42.74 	 0.002791247465439609 
42.76 	 0.002777583903018159 
42.78 	 0.0027645440098244484 
42.8 	 0.002751889298876769 
42.82 	 0.0027395337187791635 
42.84 	 0.0027275999236225194 
42.86 	 0.002716236048859726 
42.88 	 0.0027056301526587347 
42.9 	 0.0026958411808849212 
42.92 	 0.0026868434036839218 
42.94 	 0.002678441544559759 
42.96 	 0.0026703801783370725 
42.98 	 0.0026623361208320136 
43.0 	 0.002654053454771227 
43.02 	 0.0026453328726521778 
43.04 	 0.0026361241828204824 
43.06 	 0.0026264441762392163 
43.08 	 0.0026164071168923676 
43.1 	 0.0026060848770036033 
43.12 	 0.0025955276554706554 
43.14 	 0.0025846407634481524 
43.16 	 0.002573264702910168 
43.18 	 0.0025611173909013797 
43.2 	 0.002547948709041502 
43.22 	 0.002533516055290507 
43.24 	 0.002517762174326933 
43.26 	 0.002500743501218362 
43.28 	 0.0024827677519482843 
43.3 	 0.002464228259989261 
43.32 	 0.0024456859135137663 
43.34 	 0.0024276436034523395 
43.36 	 0.0024106132162244136 
43.38 	 0.0023949148914265625 
43.4 	 0.0023807797408470295 
43.42 	 0.0023682357616255797 
43.44 	 0.002357254706711711 
43.46 	 0.002347716476066895 
43.48 	 0.0023395558129702676 
43.5 	 0.0023327448367260026 
43.52 	 0.0023273803743500995 
43.54 	 0.0023236344742823445 
43.56 	 0.0023217592468357667 
43.58 	 0.002322014929541173 
43.6 	 0.0023246233090958466 
43.62 	 0.0023297346840139227 
43.64 	 0.0023373825581542705 
43.66 	 0.002347543959526605 
43.68 	 0.0023601145221126517 
43.7 	 0.002375056228848305 
43.72 	 0.0023923536222537106 
43.74 	 0.002412189607629362 
43.76 	 0.002434817938858627 
43.78 	 0.0024607190837314047 
43.8 	 0.002490357461920161 
43.82 	 0.0025243386612987554 
43.84 	 0.0025630757212139793 
43.86 	 0.0026070269970407825 
43.88 	 0.002656311353780821 
43.9 	 0.0027110931827661108 
43.92 	 0.0027711424611569107 
43.94 	 0.0028363655424516175 
43.96 	 0.0029062518886753506 
43.98 	 0.0029805004378115198 
44.0 	 0.0030582964182583696 
44.02 	 0.003139002573759362 
44.04 	 0.00322127857004253 
44.06 	 0.0033038617825763023 
44.08 	 0.003384625869062321 
44.1 	 0.0034614865191230034 
44.12 	 0.003531536157656579 
44.14 	 0.0035920328608398016 
44.16 	 0.003639736283047895 
44.18 	 0.0036718144090073187 
44.2 	 0.003685476635829385 
44.22 	 0.0036785536434931 
44.24 	 0.003649503937461909 
44.26 	 0.0035974491543161718 
44.28 	 0.003522607897038011 
44.3 	 0.003425691385611887 
44.32 	 0.0033087637609917854 
44.34 	 0.003174056374770312 
44.36 	 0.0030251648721610464 
44.38 	 0.002865460143648073 
44.4 	 0.0026994502645639857 
44.42 	 0.002531025261516899 
44.44 	 0.002364790156462798 
44.46 	 0.0022043852332700575 
44.48 	 0.0020536534250103922 
44.5 	 0.0019152395425105521 
44.52 	 0.0017915520796638604 
44.54 	 0.0016837676825649523 
44.56 	 0.0015926162647699224 
44.58 	 0.0015178089232880615 
44.6 	 0.0014586770475293474 
44.62 	 0.0014139331542753777 
44.64 	 0.0013821524800869001 
44.66 	 0.0013617138092657543 
44.68 	 0.0013510854919645129 
44.7 	 0.001348808655700825 
44.72 	 0.0013535759711638788 
44.74 	 0.0013641977159318465 
44.76 	 0.0013795228527150355 
44.78 	 0.0013984126288905455 
44.8 	 0.0014195989369008045 
44.82 	 0.0014417239585336617 
44.84 	 0.0014632270796281885 
44.86 	 0.001482478274485649 
44.88 	 0.0014977421015079915 
44.9 	 0.001507369519064181 
44.92 	 0.0015098406824452437 
44.94 	 0.0015039316476595647 
44.96 	 0.001488811511019527 
44.98 	 0.001464094696743107 
45.0 	 0.0014299630686111383 
45.02 	 0.0013870505804752596 
45.04 	 0.0013365672850113356 
45.06 	 0.0012800222250659227 
45.08 	 0.0012193381131358082 
45.1 	 0.001156475000568249 
45.12 	 0.0010935394062402196 
45.14 	 0.0010324015724375779 
45.16 	 0.0009748139796704548 
45.18 	 0.0009221061005356344 
45.2 	 0.000875325297427486 
45.22 	 0.0008350519101562804 
45.24 	 0.000801559909868164 
45.26 	 0.0007747459140701029 
45.28 	 0.0007542892646459172 
45.3 	 0.0007396563475456203 
45.32 	 0.0007302336036741836 
45.34 	 0.0007253635959252293 
45.36 	 0.0007244331589861014 
45.38 	 0.0007269123331546923 
45.4 	 0.000732394929935797 
45.42 	 0.0007406301406212761 
45.44 	 0.0007515227659521719 
45.46 	 0.0007651585943380157 
45.48 	 0.0007817708903578194 
45.5 	 0.0008017626466150177 
45.52 	 0.0008256373756420313 
45.54 	 0.0008540197725584604 
45.56 	 0.0008875400507426148 
45.58 	 0.000926857402256682 
45.6 	 0.0009724854899575495 
45.62 	 0.0010248350897548604 
45.64 	 0.0010839768243907156 
45.66 	 0.0011497377134119205 
45.68 	 0.001221412578979984 
45.7 	 0.0012979625860203075 
45.72 	 0.001377701970423196 
45.74 	 0.001458639553661757 
45.76 	 0.0015381767883599817 
45.78 	 0.0016135953736460729 
45.8 	 0.0016818044702754276 
45.82 	 0.001739913671395485 
45.84 	 0.0017850618658346593 
45.86 	 0.0018149488317555193 
45.88 	 0.0018277644550409255 
45.9 	 0.0018225203389775717 
45.92 	 0.0017990761510317248 
45.94 	 0.0017581450782056278 
45.96 	 0.0017013928063618088 
45.98 	 0.0016310888925010396 
46.0 	 0.0015502493637710255 
46.02 	 0.001462031417226359 
46.04 	 0.0013699097378045428 
46.06 	 0.001277000131638644 
46.08 	 0.001186284821337082 
46.1 	 0.0011000509612503631 
46.12 	 0.0010201802667492259 
46.14 	 0.0009478015090925982 
46.16 	 0.0008836242324210768 
46.18 	 0.0008277865186640428 
46.2 	 0.0007801700243811876 
46.22 	 0.0007403491210107327 
46.24 	 0.0007078188438536701 
46.26 	 0.0006819566048977553 
46.28 	 0.0006621390049713943 
46.3 	 0.0006476888253298265 
46.32 	 0.0006379165015462813 
46.34 	 0.0006320812385852901 
46.36 	 0.0006294178310590198 
46.38 	 0.0006291450513582874 
46.4 	 0.0006305103972321333 
46.42 	 0.0006328375174686687 
46.44 	 0.0006355713749616227 
46.46 	 0.0006383173882603149 
46.48 	 0.0006408468275989282 
46.5 	 0.0006430859202630481 
46.52 	 0.0006450669557456755 
46.54 	 0.0006468728514610723 
46.56 	 0.0006485673419470148 
46.58 	 0.0006501451188385505 
46.6 	 0.0006514971546651787 
46.62 	 0.0006524153175461004 
46.64 	 0.00065262207598893 
46.66 	 0.0006518301733625318 
46.68 	 0.0006498112306332516 
46.7 	 0.0006464582034835699 
46.72 	 0.000641832802782152 
46.74 	 0.000636169348147909 
46.76 	 0.0006298579637103098 
46.78 	 0.0006233737258977064 
46.8 	 0.0006172080568515677 
46.82 	 0.0006117694853903115 
46.84 	 0.0006073225169982457 
46.86 	 0.0006039324951896518 
46.88 	 0.000601468726652707 
46.9 	 0.0005996323323252344 
46.92 	 0.0005980293006118076 
46.94 	 0.000596253686936213 
46.96 	 0.0005939788016700566 
46.98 	 0.0005910234836729799 
47.0 	 0.0005873938959569485 
47.02 	 0.000583274884481577 
47.04 	 0.0005789942911307066 
47.06 	 0.0005749430281454824 
47.08 	 0.0005714961932375378 
47.1 	 0.0005689238332991883 
47.12 	 0.0005673373595320171 
47.14 	 0.0005666603005661172 
47.16 	 0.0005666466754298552 
47.18 	 0.0005669318177330473 
47.2 	 0.0005671097723166089 
47.22 	 0.0005668193291128391 
47.24 	 0.0005658193542014077 
47.26 	 0.0005640376455549658 
47.28 	 0.0005615855400214588 
47.3 	 0.0005587289485126589 
47.32 	 0.0005558337084398922 
47.34 	 0.00055328228517591 
47.36 	 0.0005513973814923463 
47.38 	 0.0005503713399022535 
47.4 	 0.0005502315663680187 
47.42 	 0.0005508375313673487 
47.44 	 0.0005519153250792322 
47.46 	 0.0005531207593803794 
47.48 	 0.0005541129704986792 
47.5 	 0.0005546290322124935 
47.52 	 0.0005545359088831855 
47.54 	 0.000553855681043595 
47.56 	 0.0005527556334828115 
47.58 	 0.0005515070515478551 
47.6 	 0.0005504257508579642 
47.62 	 0.0005498029305600567 
47.64 	 0.0005498478775498439 
47.66 	 0.0005506497912079403 
47.68 	 0.0005521684107158084 
47.7 	 0.000554256023239798 
47.72 	 0.0005566980354056432 
47.74 	 0.0005592728872219528 
47.76 	 0.0005618026890442744 
47.78 	 0.0005642006902277877 
47.8 	 0.0005664875265377035 
47.82 	 0.0005687930490230682 
47.84 	 0.0005713268602480517 
47.86 	 0.000574344470530289 
47.88 	 0.0005780988753944268 
47.9 	 0.0005828098930366069 
47.92 	 0.0005886323976743318 
47.94 	 0.000595658746230977 
47.96 	 0.0006039143542974524 
47.98 	 0.0006133892891682853 
48.0 	 0.0006240397109455569 
48.02 	 0.0006358199742298885 
48.04 	 0.0006486595148663035 
48.06 	 0.0006624729189410352 
48.08 	 0.0006771025960412184 
48.1 	 0.0006923126545390031 
48.12 	 0.0007077182457102608 
48.14 	 0.0007227924367938155 
48.16 	 0.0007368184407512735 
48.18 	 0.0007489368422061512 
48.2 	 0.0007581480674661133 
48.22 	 0.0007634018181062945 
48.24 	 0.0007636534930543264 
48.26 	 0.0007579661560224463 
48.28 	 0.000745601581131392 
48.3 	 0.000726086793229551 
48.32 	 0.0006993083408596052 
48.34 	 0.0006655012027657811 
48.36 	 0.0006253173843606363 
48.38 	 0.000579723696071977 
48.4 	 0.000530031545286687 
48.42 	 0.0004777289592235243 
48.44 	 0.00042448086101246177 
48.46 	 0.00037194969593424757 
48.48 	 0.00032179247253353785 
48.5 	 0.00027552669910064435 
48.52 	 0.0002345504173401574 
48.54 	 0.0002000836581775262 
48.56 	 0.00017321863083673056 
48.58 	 0.0001549264553590317 
48.6 	 0.000146117722433405 
48.62 	 0.00014767300295439833 
48.64 	 0.00016047659359560667 
48.66 	 0.00018542568680163875 
48.68 	 0.00022340404475550528 
48.7 	 0.0002752537206975825 
48.72 	 0.00034167788562681627 
48.74 	 0.0004232095231650898 
48.76 	 0.0005200554834492722 
48.78 	 0.0006321440544267391 
48.8 	 0.0007589214071220336 
48.82 	 0.0008995763640745588 
48.84 	 0.0010527641200855078 
48.86 	 0.0012170787386658274 
48.88 	 0.0013906246565168 
48.9 	 0.001571752775462277 
48.92 	 0.0017583698023429576 
48.94 	 0.0019489131928546858 
48.96 	 0.0021413179838392703 
48.98 	 0.002334209144014949 
49.0 	 0.0025255307713607845 
49.02 	 0.0027139657435855578 
49.04 	 0.0028973242948110746 
49.06 	 0.003074205146000601 
49.08 	 0.0032422844489302534 
49.1 	 0.003400169050443608 
49.12 	 0.00354570797587619 
49.14 	 0.003677881795451289 
49.16 	 0.003795212471126722 
49.18 	 0.0038974631560577335 
49.2 	 0.003984195612895179 
49.22 	 0.004056087966743471 
49.24 	 0.004113696420798515 
49.26 	 0.004158322813320248 
49.28 	 0.004191053646814677 
49.3 	 0.0042132430243356864 
49.32 	 0.004225894076722613 
49.34 	 0.004229883716634063 
49.36 	 0.004225712500805765 
49.38 	 0.004213565732228237 
49.4 	 0.004193409891828941 
49.42 	 0.004164904667840339 
49.44 	 0.004127793889960481 
49.46 	 0.004081618020658152 
49.48 	 0.004026342292979063 
49.5 	 0.003961805978496047 
49.52 	 0.0038885380949684138 
49.54 	 0.0038069177927448523 
49.56 	 0.0037181341539749436 
49.58 	 0.0036230961964768414 
49.6 	 0.0035234931764880134 
49.62 	 0.0034205505656605185 
49.64 	 0.003316143368157855 
49.66 	 0.0032115201522314937 
49.68 	 0.003108417065000228 
49.7 	 0.003007857424994852 
49.72 	 0.002911211149600825 
49.74 	 0.002819135965013749 
49.76 	 0.002732531539571472 
49.78 	 0.0026516457426445424 
49.8 	 0.0025768908707467456 
49.82 	 0.0025081139123641167 
49.84 	 0.0024452718460442886 
49.86 	 0.0023878581713628272 
49.88 	 0.002335461632358263 
49.9 	 0.0022873362509817905 
49.92 	 0.0022428760595534585 
49.94 	 0.0022012990809128865 
49.96 	 0.0021620550705820463 
49.98 	 0.00212457093782689 
50.0 	 0.0020885843962050654 
50.02 	 0.0020538917030471526 
50.04 	 0.002020592423882727 
50.06 	 0.0019888076783835373 
50.08 	 0.0019588421198412057 
50.1 	 0.001930892269955164 
50.12 	 0.0019051661851240355 
50.14 	 0.0018816403371781437 
50.16 	 0.0018601927465199842 
50.18 	 0.001840458630111736 
50.2 	 0.0018220084187394164 
50.22 	 0.0018042977447743774 
50.24 	 0.0017868714135102824 
50.26 	 0.0017693434920336305 
50.28 	 0.001751571477902835 
50.3 	 0.0017335871497551568 
50.32 	 0.0017156930901848701 
50.34 	 0.0016983101667331548 
50.36 	 0.0016819959603934964 
50.38 	 0.001667246651779411 
50.4 	 0.001654486094686525 
50.42 	 0.0016439032112750991 
50.44 	 0.0016354733318543094 
50.46 	 0.0016288953033475942 
50.48 	 0.0016236755240785583 
50.5 	 0.0016191668388170002 
50.52 	 0.0016146962683857924 
50.54 	 0.0016096461669337138 
50.56 	 0.0016035746231878728 
50.58 	 0.0015962587862290265 
50.6 	 0.0015877607877874023 
50.62 	 0.0015783830937873878 
50.64 	 0.0015686652959517643 
50.66 	 0.001559259436711455 
50.68 	 0.0015508813496163116 
50.7 	 0.0015441639263249203 
50.72 	 0.0015396084013226034 
50.74 	 0.0015374877382325193 
50.76 	 0.0015378375066518691 
50.78 	 0.0015404545873365387 
50.8 	 0.0015449385692965618 
50.82 	 0.0015507798717236496 
50.84 	 0.0015574271192920533 
50.86 	 0.001564412115314604 
50.88 	 0.0015713956181276996 
50.9 	 0.0015782598711520037 
50.92 	 0.0015850875179818672 
50.94 	 0.0015921759359275808 
50.96 	 0.0015999325390498194 
50.98 	 0.0016088180052824112 
51.0 	 0.0016191834156477542 
51.02 	 0.001631202412260295 
51.04 	 0.0016447098172324372 
51.06 	 0.0016592023381847506 
51.08 	 0.001673744403212473 
51.1 	 0.0016870853020269506 
51.12 	 0.0016976706410195953 
51.14 	 0.0017038523241033425 
51.16 	 0.001703998079470778 
51.18 	 0.0016966981788527698 
51.2 	 0.0016809273063354989 
51.22 	 0.001656124132905855 
51.24 	 0.0016223509693536644 
51.26 	 0.0015801631216090157 
51.28 	 0.0015307362619945482 
51.3 	 0.0014755338935581697 
51.32 	 0.0014164136447626808 
51.34 	 0.0013551898903276561 
51.36 	 0.0012937594595476183 
51.38 	 0.0012336886586591027 
51.4 	 0.0011763934731008096 
51.42 	 0.0011228405829177834 
51.44 	 0.0010737791840909653 
51.46 	 0.0010295678988916175 
51.48 	 0.0009904136218909434 
51.5 	 0.0009562756623727939 
51.52 	 0.0009270549077896964 
51.54 	 0.0009025176205721844 
51.56 	 0.0008824057370733709 
51.58 	 0.0008663579104836961 
51.6 	 0.0008539577105993389 
51.62 	 0.0008446714757364917 
51.64 	 0.0008378811759166065 
51.66 	 0.0008328715969091175 
51.68 	 0.0008288877762520477 
51.7 	 0.0008251787082735434 
51.72 	 0.0008210823192526028 
51.74 	 0.0008160904525142022 
51.76 	 0.000809925578597653 
51.78 	 0.0008025673614194984 
51.8 	 0.0007942742583401205 
51.82 	 0.0007855287572289787 
51.84 	 0.0007769838744917996 
51.86 	 0.0007693355764465337 
51.88 	 0.0007632218847636905 
51.9 	 0.0007590835919801242 
51.92 	 0.0007570791096263683 
51.94 	 0.00075701156406084 
51.96 	 0.0007583199593477479 
51.98 	 0.0007601183404436835 
52.0 	 0.0007612835444695658 
52.02 	 0.0007605886867220609 
52.04 	 0.0007568548292362161 
52.06 	 0.000749104049808432 
52.08 	 0.0007367079787230158 
52.1 	 0.0007194684619705132 
52.12 	 0.0006976978543909401 
52.14 	 0.0006721682103141922 
52.16 	 0.0006440936343138087 
52.18 	 0.0006149542478529367 
52.2 	 0.0005864009756364518 
52.22 	 0.0005600226174546347 
52.24 	 0.0005372328747598356 
52.26 	 0.00051907506973388 
52.28 	 0.0005061594940631133 
52.3 	 0.0004985794923565241 
52.32 	 0.0004959397723215534 
52.34 	 0.0004974038746454197 
52.36 	 0.0005018063394531905 
52.38 	 0.0005077933672636173 
52.4 	 0.0005139703492494829 
52.42 	 0.0005190615062879072 
52.44 	 0.0005220305210843671 
52.46 	 0.0005221850557608586 
52.48 	 0.0005192259421240353 
52.5 	 0.0005132553699300403 
52.52 	 0.0005047460826978462 
52.54 	 0.000494459112180703 
52.56 	 0.0004833583753050372 
52.58 	 0.00047248097421056433 
52.6 	 0.00046283913989359903 
52.62 	 0.000455297810655364 
52.64 	 0.00045050202134481944 
52.66 	 0.00044880419164588516 
52.68 	 0.00045023899075982216 
52.7 	 0.0004545197193910209 
52.72 	 0.0004610651845581301 
52.74 	 0.00046906236870384617 
52.76 	 0.00047753596763479067 
52.78 	 0.00048545604456139656 
52.8 	 0.0004918294688473935 
52.82 	 0.0004958156340947306 
52.84 	 0.0004968093832675371 
52.86 	 0.000494519240155517 
52.88 	 0.000489008158213375 
52.9 	 0.0004806959394941481 
52.92 	 0.0004703343465262792 
52.94 	 0.00045892267068112095 
52.96 	 0.00044761909114665637 
52.98 	 0.00043759740601617263 
53.0 	 0.00042992827050596663 
53.02 	 0.0004254373278204426 
53.04 	 0.00042461120430632384 
53.06 	 0.0004275239983063197 
53.08 	 0.0004338178997988429 
53.1 	 0.00044273819105775894 
53.12 	 0.00045320423666061745 
53.14 	 0.00046394174825812315 
53.16 	 0.0004736126337409395 
53.18 	 0.0004809822862752794 
53.2 	 0.0004850441299221087 
53.22 	 0.00048513907216841067 
53.24 	 0.0004810139664820955 
53.26 	 0.00047283555733657957 
53.28 	 0.00046116038985269376 
53.3 	 0.0004468429510223205 
53.32 	 0.0004309434790925123 
53.34 	 0.00041458336431995577 
53.36 	 0.00039884624112629104 
53.38 	 0.0003846508797830809 
53.4 	 0.0003726949166882767 
53.42 	 0.000363392245189968 
53.44 	 0.00035687767020420807 
53.46 	 0.0003530151168659105 
53.48 	 0.00035144931005474445 
53.5 	 0.00035166038818827585 
53.52 	 0.00035303321719360446 
53.54 	 0.0003549246215480078 
53.56 	 0.0003567233129507959 
53.58 	 0.00035790219553151145 
53.6 	 0.0003580527340944147 
53.62 	 0.0003569065641181814 
53.64 	 0.0003543395649534703 
53.66 	 0.00035035944168612795 
53.68 	 0.00034508485555992115 
53.7 	 0.000338707687998877 
53.72 	 0.0003314609248789365 
53.74 	 0.00032357324766031924 
53.76 	 0.00031524316644433373 
53.78 	 0.0003066048626271536 
53.8 	 0.0002977223089628728 
53.82 	 0.0002885774829340249 
53.84 	 0.0002790881176469354 
53.86 	 0.0002691169431735416 
53.88 	 0.00025850583744189384 
53.9 	 0.0002470947222281469 
53.92 	 0.00023475875346202463 
53.94 	 0.00022142243107890438 
53.96 	 0.00020708695697738678 
53.98 	 0.00019182903108038322 
54.0 	 0.00017581105810780543 
54.02 	 0.00015926210333170793 
54.04 	 0.00014247134303711236 
54.06 	 0.00012575699450699033 
54.08 	 0.00010945019079688781 
54.1 	 9.38628416695171e-05 
54.12 	 7.927216397052753e-05 
54.14 	 6.589813236825438e-05 
54.16 	 5.389686595811014e-05 
54.18 	 4.3353039884880293e-05 
54.2 	 3.4284601424178755e-05 
54.22 	 2.6648490921377554e-05 
54.24 	 2.035328960884755e-05 
54.26 	 1.527181216135162e-05 
54.28 	 1.1255500161773358e-05 
54.3 	 8.146880842812543e-06 
54.32 	 5.790538135454505e-06 
54.34 	 4.041149109959001e-06 
54.36 	 2.7689679129997332e-06 
54.38 	 1.862663913896938e-06 
54.4 	 1.2300985508620516e-06 
54.42 	 7.974916468214165e-07 
54.44 	 5.075656496695729e-07 
54.46 	 3.1713403131785154e-07 
54.48 	 1.945307544648346e-07 
54.5 	 1.1715030156680064e-07 
54.52 	 6.926717778134237e-08 
54.54 	 4.0212712248844064e-08 
54.56 	 2.2923293841157355e-08 
54.58 	 1.2832077505398844e-08 
54.6 	 7.054296462937128e-09 
54.62 	 3.808720039364541e-09 
54.64 	 2.0197869827437253e-09 
54.66 	 1.052121546493654e-09 
54.68 	 5.383840488143862e-10 
54.7 	 2.706545053716145e-10 
54.72 	 1.3367930227943843e-10 
54.74 	 6.487321974322464e-11 
54.76 	 3.093446251495094e-11 
54.78 	 1.4494905271272823e-11 
54.8 	 6.674206281160046e-12 
54.82 	 3.01999737226802e-12 
54.84 	 1.3428968665158386e-12 
54.86 	 5.868260272285894e-13 
54.88 	 2.5200145106515303e-13 
54.9 	 1.0634447877916494e-13 
54.92 	 4.4099267669461426e-14 
54.94 	 1.796941228469471e-14 
54.96 	 7.194481990241909e-15 
54.98 	 2.8300974113584004e-15 
55.0 	 1.0937268164860884e-15 
55.02 	 4.1522955892512946e-16 
55.04 	 1.5484717597637347e-16 
55.06 	 5.671730275921249e-17 
55.08 	 2.0402584282454246e-17 
55.1 	 7.20727608945231e-18 
55.12 	 2.499953758514253e-18 
55.14 	 8.513849652337688e-19 
55.16 	 2.8465038650891937e-19 
55.18 	 9.342188217889489e-20 
55.2 	 3.009515818658844e-20 
55.22 	 9.515182959909465e-21 
55.24 	 2.9523839044920398e-21 
55.26 	 8.989341608547966e-22 
55.28 	 2.6856421346396555e-22 
55.3 	 7.872291085538447e-23 
55.32 	 2.2638945327514134e-23 
55.34 	 6.3868152331453944e-24 
55.36 	 1.767496102227333e-24 
55.38 	 4.797921070319784e-25 
55.4 	 1.2774517934285455e-25 
55.42 	 3.3358816130302996e-26 
55.44 	 8.543403129678879e-27 
55.46 	 2.1457854778974647e-27 
55.48 	 5.2851732757471715e-28 
55.5 	 1.2765370436347048e-28 
55.52 	 3.0233879408309776e-29 
55.54 	 7.021449490244128e-30 
55.56 	 1.5988930221765664e-30 
55.58 	 3.5699331552347247e-31 
55.6 	 7.815163636349379e-32 
55.62 	 1.6774266325470374e-32 
55.64 	 3.5299408478176356e-33 
55.66 	 7.2828519214395075e-34 
55.68 	 1.4731199333436465e-34 
55.7 	 2.9212610065406183e-35 
55.72 	 5.679261776330686e-36 
55.74 	 1.0824226249319499e-36 
55.76 	 2.02246006807994e-37 
55.78 	 3.7045570958699516e-38 
55.8 	 6.652140424866249e-39 
55.82 	 1.170984688741274e-39 
55.84 	 2.0207006223672254e-40 
55.86 	 3.4183006579747556e-41 
55.88 	 5.668562356182823e-42 
55.9 	 9.214825366878803e-43 
55.92 	 1.4684195754869923e-43 
55.94 	 2.2938218248564082e-44 
55.96 	 3.5124765839242697e-45 
55.98 	 5.2724127567954505e-46 
56.0 	 7.757927303525403e-47 
56.02 	 1.118975639116084e-47 
56.04 	 1.5820951614020392e-48 
56.06 	 2.1927047928240016e-49 
56.08 	 2.9789415803840375e-50 
56.1 	 3.967133663979255e-51 
56.12 	 5.1787336182320066e-52 
56.14 	 6.626758715562683e-53 
56.16 	 8.31205913371538e-54 
56.18 	 1.02198631343342e-54 
56.2 	 1.2317134967971053e-55 
56.22 	 1.455129763347774e-56 
56.24 	 1.6850796931894757e-57 
56.26 	 1.9127808280438025e-58 
56.28 	 2.128312589181782e-59 
56.3 	 2.3212958485109993e-60 
56.32 	 2.4817037175980666e-61 
56.34 	 2.6007178577648408e-62 
56.36 	 2.67152947754658e-63 
56.38 	 2.6899840549228677e-64 
56.4 	 2.6549849072838414e-65 
56.42 	 2.5686010851130714e-66 
56.44 	 2.4358648273648212e-67 
56.46 	 2.2642861585401484e-68 
56.48 	 2.0631497515791106e-69 
56.5 	 1.842685564187435e-70 
56.52 	 1.6132159373392818e-71 
56.54 	 1.3843768479542214e-72 
56.56 	 1.1644919374987732e-73 
56.58 	 9.601493127499587e-75 
56.6 	 7.759987231882517e-76 
56.62 	 6.1475632285281114e-77 
56.64 	 4.773804231667943e-78 
56.66 	 3.633671465902875e-79 
56.68 	 2.7111030464634888e-80 
56.7 	 1.982739122358424e-81 
56.72 	 1.4213603390885232e-82 
56.74 	 9.98761441418144e-84 
56.76 	 6.879204187032632e-85 
56.78 	 4.6444404749688586e-86 
56.8 	 3.0735995820872306e-87 
56.82 	 1.9937917235366158e-88 
56.84 	 1.2677418783903948e-89 
56.86 	 7.901333178239922e-91 
56.88 	 4.8271228696543286e-92 
56.9 	 2.890644798602811e-93 
56.92 	 1.6967562831360302e-94 
56.94 	 9.762533474344408e-96 
56.96 	 5.505844188451938e-97 
56.98 	 3.043712261713101e-98 
57.0 	 1.6493072123848087e-99 
57.02 	 8.760276376037179e-101 
57.04 	 4.560918874999286e-102 
57.06 	 2.327583062010532e-103 
57.08 	 1.164330695731201e-104 
57.1 	 5.709076312076762e-106 
57.12 	 2.7439343822749745e-107 
57.14 	 1.2927067122325058e-108 
57.16 	 5.96959321463165e-110 
57.18 	 2.7021407920429065e-111 
57.2 	 1.198918790334426e-112 
57.22 	 5.214229952457926e-114 
57.24 	 2.2228455243844797e-115 
57.26 	 9.288533476949764e-117 
57.28 	 3.8045550020882312e-118 
57.3 	 1.527494030099156e-119 
57.32 	 6.01138040323851e-121 
57.34 	 2.3189321415339466e-122 
57.36 	 8.768415475437468e-124 
57.38 	 3.249926726994248e-125 
57.4 	 1.180716182623288e-126 
57.42 	 4.2047201192113235e-128 
57.44 	 1.4677376814734356e-129 
57.46 	 5.022034824802885e-131 
57.48 	 1.6843451095826353e-132 
57.5 	 5.537359144644526e-134 
57.52 	 1.7844103494995833e-135 
57.54 	 5.63647247119863e-137 
57.56 	 1.745182534694834e-138 
57.58 	 5.2965776336731355e-140 
57.6 	 1.5756910139883732e-141 
57.62 	 4.594817133084203e-143 
57.64 	 1.313370021721526e-144 
57.66 	 3.6798312859172787e-146 
57.68 	 1.0106270435846953e-147 
57.7 	 2.7206732915198665e-149 
57.72 	 7.179341683725202e-151 
57.74 	 1.8570170854512556e-152 
57.76 	 4.708369415146604e-154 
57.78 	 1.170169663771831e-155 
57.8 	 2.85069759203533e-157 
57.82 	 6.80734591615434e-159 
57.84 	 1.5934161360831686e-160 
57.86 	 3.655995895553064e-162 
57.88 	 8.222571889307677e-164 
57.9 	 1.812740171606237e-165 
57.92 	 3.9173264516750574e-167 
57.94 	 8.297948592738996e-169 
57.96 	 1.7229748726846378e-170 
57.98 	 3.5068308815420256e-172 
58.0 	 6.996469456279973e-174 
58.02 	 1.3682619358784399e-175 
58.04 	 2.6229589372700435e-177 
58.06 	 4.9257998297278585e-179 
58.08 	 2.297121717710817e-182 
58.1 	 4.2702100248558277e-184 
58.12 	 0.0 
58.14 	 0.0 
58.16 	 0.0 
58.18 	 0.0 
58.2 	 0.0 
58.22 	 0.0 
58.24 	 0.0 
58.26 	 0.0 
58.28 	 0.0 
58.3 	 0.0 
58.32 	 0.0 
58.34 	 0.0 
58.36 	 0.0 
58.38 	 0.0 
58.4 	 0.0 
58.42 	 0.0 
58.44 	 0.0 
58.46 	 0.0 
58.48 	 0.0 
58.5 	 0.0 
58.52 	 0.0 
58.54 	 0.0 
58.56 	 0.0 
58.58 	 0.0 
58.6 	 0.0 
58.62 	 0.0 
58.64 	 0.0 
58.66 	 0.0 
58.68 	 0.0 
58.7 	 0.0 
58.72 	 0.0 
58.74 	 0.0 
58.76 	 0.0 
58.78 	 0.0 
58.8 	 0.0 
58.82 	 0.0 
58.84 	 0.0 
58.86 	 0.0 
58.88 	 0.0 
58.9 	 0.0 
58.92 	 0.0 
58.94 	 0.0 
58.96 	 0.0 
58.98 	 0.0 
59.0 	 0.0 
59.02 	 0.0 
59.04 	 0.0 
59.06 	 0.0 
59.08 	 0.0 
59.1 	 0.0 
59.12 	 0.0 
59.14 	 0.0 
59.16 	 0.0 
59.18 	 0.0 
59.2 	 0.0 
59.22 	 0.0 
59.24 	 0.0 
59.26 	 0.0 
59.28 	 0.0 
59.3 	 0.0 
59.32 	 0.0 
59.34 	 0.0 
59.36 	 0.0 
59.38 	 0.0 
59.4 	 0.0 
59.42 	 0.0 
59.44 	 0.0 
59.46 	 0.0 
59.48 	 0.0 
59.5 	 0.0 
59.52 	 0.0 
59.54 	 0.0 
59.56 	 0.0 
59.58 	 0.0 
59.6 	 0.0 
59.62 	 0.0 
59.64 	 0.0 
59.66 	 0.0 
59.68 	 0.0 
59.7 	 0.0 
59.72 	 0.0 
59.74 	 0.0 
59.76 	 0.0 
59.78 	 0.0 
59.8 	 0.0 
59.82 	 0.0 
59.84 	 0.0 
59.86 	 0.0 
59.88 	 0.0 
59.9 	 0.0 
59.92 	 0.0 
59.94 	 0.0 
59.96 	 0.0 
59.98 	 0.0 
