0.0 	 0.010410462826403769 
0.02 	 0.01103916646511001 
0.04 	 0.011487440369495285 
0.06 	 0.0117922876854159 
0.08 	 0.011936190819961204 
0.1 	 0.011948553013498422 
0.12 	 0.011835897597348426 
0.14 	 0.011630959172474383 
0.16 	 0.011354534486657806 
0.18 	 0.011038801180728012 
0.2 	 0.010707183164528216 
0.22 	 0.010384777880376027 
0.24 	 0.010088480290177395 
0.26 	 0.009832408030163475 
0.28 	 0.00962283086618725 
0.3 	 0.009462988239031264 
0.32 	 0.009349324099794006 
0.34 	 0.009277325889666916 
0.36 	 0.009237275470327828 
0.38 	 0.009221086547335056 
0.4 	 0.009217115328945459 
0.42 	 0.009217272968278442 
0.44 	 0.009211321239687136 
0.46 	 0.009193392769977465 
0.48 	 0.009156598854901988 
0.5 	 0.009098220907666143 
0.52 	 0.009015425582518503 
0.54 	 0.008908671381490015 
0.56 	 0.00877900090620915 
0.58 	 0.008629573208199362 
0.6 	 0.008464573262777256 
0.62 	 0.0082891587426369 
0.64 	 0.008109653794066234 
0.66 	 0.00793249896408167 
0.68 	 0.0077651599962130745 
0.7 	 0.007614825220578718 
0.72 	 0.007489352549351468 
0.74 	 0.007396466018846239 
0.76 	 0.007344021876303262 
0.78 	 0.007340385838661666 
0.8 	 0.0073932464923687794 
0.82 	 0.007511828624201395 
0.84 	 0.007703357619793662 
0.86 	 0.007977909778859288 
0.88 	 0.00834138668671532 
0.9 	 0.008804210584299409 
0.92 	 0.009369260347599963 
0.94 	 0.010046301747698185 
0.96 	 0.010832752603729316 
0.98 	 0.011736588394660527 
1.0 	 0.01274712525809318 
1.02 	 0.013869895550083172 
1.04 	 0.015084114972965015 
1.06 	 0.016393262067905815 
1.08 	 0.01776593943296405 
1.1 	 0.019205170591595655 
1.12 	 0.020670375301629303 
1.14 	 0.02216650050182187 
1.16 	 0.023646922990246753 
1.18 	 0.02512071839809311 
1.2 	 0.026539129510618716 
1.22 	 0.02791628483618533 
1.24 	 0.029204714048250684 
1.26 	 0.030422502480849687 
1.28 	 0.0315255097282209 
1.3 	 0.03253272185627847 
1.32 	 0.03340406343092413 
1.34 	 0.03415536099939467 
1.36 	 0.034751125828121864 
1.38 	 0.03520049479261058 
1.4 	 0.035474385958948286 
1.42 	 0.03557377382667616 
1.44 	 0.03548004259148051 
1.46 	 0.035187515729972335 
1.48 	 0.03469388845659025 
1.5 	 0.03399123854388343 
1.52 	 0.03309917459733453 
1.54 	 0.03201355673348216 
1.56 	 0.030778339446980215 
1.58 	 0.029398550661325056 
1.6 	 0.027939290277726004 
1.62 	 0.026416941608947742 
1.64 	 0.024908346860480223 
1.66 	 0.023438560303242467 
1.68 	 0.022082475013496573 
1.7 	 0.020866536361653573 
1.72 	 0.01984931982201416 
1.74 	 0.019049163635288968 
1.76 	 0.018496920383340023 
1.78 	 0.01819455045028883 
1.8 	 0.018139145733337792 
1.82 	 0.018312232727059577 
1.84 	 0.018677607817320443 
1.86 	 0.019198021449395787 
1.88 	 0.019811475178979743 
1.9 	 0.020469181600551695 
1.92 	 0.02109787723151454 
1.94 	 0.021648665652636838 
1.96 	 0.022056929962725114 
1.98 	 0.022286980220648657 
2.0 	 0.022303577650469 
2.02 	 0.022096305638179797 
2.04 	 0.021673755005974463 
2.06 	 0.021057764910560762 
2.08 	 0.020302182095007306 
2.1 	 0.01945933629245209 
2.12 	 0.018614316285015673 
2.14 	 0.01783788974737822 
2.16 	 0.017220846222890017 
2.18 	 0.0168326507808474 
2.2 	 0.016741083744607286 
2.22 	 0.0169936723136678 
2.24 	 0.017611903496919826 
2.26 	 0.01860800312699719 
2.28 	 0.019945201880010702 
2.3 	 0.021599774249329285 
2.32 	 0.023479122075692672 
2.34 	 0.025535701376789174 
2.36 	 0.027638745893384557 
2.38 	 0.02973679296103644 
2.4 	 0.03169128510898229 
2.42 	 0.03346702612256719 
2.44 	 0.03495286514383066 
2.46 	 0.03614347608453125 
2.48 	 0.03698252494876564 
2.5 	 0.037497305368841605 
2.52 	 0.037694045418323344 
2.54 	 0.03762371547041712 
2.56 	 0.037339557536358654 
2.58 	 0.03689868253169319 
2.6 	 0.03637059478001906 
2.62 	 0.03579922019270349 
2.64 	 0.03523979452716439 
2.66 	 0.034710005794062214 
2.68 	 0.03423402052780253 
2.7 	 0.033801622354109134 
2.72 	 0.03340748414985574 
2.74 	 0.033022581405069605 
2.76 	 0.032627367134849844 
2.78 	 0.032188462337118355 
2.8 	 0.031691459897764625 
2.82 	 0.03111181201591882 
2.84 	 0.03045450013638682 
2.86 	 0.029711206732036508 
2.88 	 0.02891043579086306 
2.9 	 0.028060688614016324 
2.92 	 0.027208413862201065 
2.94 	 0.026374622199116876 
2.96 	 0.02561270005247835 
2.98 	 0.024950043134142078 
3.0 	 0.024435388744698913 
3.02 	 0.02409684314570745 
3.04 	 0.023968821660967813 
3.06 	 0.02407535038607413 
3.08 	 0.0244284512680035 
3.1 	 0.025043523064870007 
3.12 	 0.025902838744308168 
3.14 	 0.027009050551386082 
3.16 	 0.028309471947965664 
3.18 	 0.0297924303864955 
3.2 	 0.031371672927895874 
3.22 	 0.03302501883740704 
3.24 	 0.03464527151159646 
3.26 	 0.03620974374802464 
3.28 	 0.03761399288725332 
3.3 	 0.0388477289780612 
3.32 	 0.039836032946297006 
3.34 	 0.04059018955318335 
3.36 	 0.04108147970366295 
3.38 	 0.04134177178179652 
3.4 	 0.04138527219570125 
3.42 	 0.04125173610976287 
3.44 	 0.040977043755597374 
3.46 	 0.04059071922508295 
3.48 	 0.040125595202826034 
3.5 	 0.039589415746209534 
3.52 	 0.039001556047972744 
3.54 	 0.038353611622051635 
3.56 	 0.03766411399757719 
3.58 	 0.03693340335050248 
3.6 	 0.03620822447115309 
3.62 	 0.035533130821912444 
3.64 	 0.03500978819846298 
3.66 	 0.034756933275213765 
3.68 	 0.03493367228632575 
3.7 	 0.035741816646443436 
3.72 	 0.03736103458475856 
3.74 	 0.040060438418682086 
3.76 	 0.043960235331574636 
3.78 	 0.049374141837379606 
3.8 	 0.056245743346597654 
3.82 	 0.06493800572101602 
3.84 	 0.07507712539017074 
3.86 	 0.08713436451871905 
3.88 	 0.10028040233960844 
3.9 	 0.11519991168279627 
3.92 	 0.1305193212116288 
3.94 	 0.14723544425171417 
3.96 	 0.16345143940934356 
3.98 	 0.18049490183762615 
4.0 	 0.19612061059636612 
4.02 	 0.21187417912738787 
4.04 	 0.22548286220400293 
4.06 	 0.23847386434096157 
4.08 	 0.24893994307168432 
4.1 	 0.2581005068318249 
4.12 	 0.26476320512761875 
4.14 	 0.26959751401278503 
4.16 	 0.27232377942034947 
4.18 	 0.27294607892854544 
4.2 	 0.2720907951985819 
4.22 	 0.269130004252143 
4.24 	 0.265406727863328 
4.26 	 0.25980569017743127 
4.28 	 0.2540955399806591 
4.3 	 0.24686086018364956 
4.32 	 0.24000473162827898 
4.34 	 0.23197987337392612 
4.36 	 0.22461167151733238 
4.38 	 0.21633956512318187 
4.4 	 0.20880953185123824 
4.42 	 0.2005167477723901 
4.44 	 0.19292043053443003 
4.46 	 0.18460798941745893 
4.48 	 0.17689538948595207 
4.5 	 0.16848517353888873 
4.52 	 0.16059757720573145 
4.54 	 0.15207062483921896 
4.56 	 0.1440481438143327 
4.58 	 0.13552162319907546 
4.6 	 0.1275410943482874 
4.62 	 0.11926047291636846 
4.64 	 0.11159617487274494 
4.66 	 0.10385917287054817 
4.68 	 0.09679566037533321 
4.7 	 0.089855656742385 
4.72 	 0.08360224790777347 
4.74 	 0.0776010234118167 
4.76 	 0.07224755286616365 
4.78 	 0.06720099201100219 
4.8 	 0.06272413087364573 
4.82 	 0.0585521920160499 
4.84 	 0.054855025760797815 
4.86 	 0.051430488157632195 
4.88 	 0.04838977656142669 
4.9 	 0.0455823269028828 
4.92 	 0.043084803526268284 
4.94 	 0.0407882320961583 
4.96 	 0.03874884594078295 
4.98 	 0.036889885386449384 
5.0 	 0.035253823342804066 
5.02 	 0.033787633364706415 
5.04 	 0.032522454062163295 
5.06 	 0.03142202025162068 
5.08 	 0.030506959057682 
5.1 	 0.029752760513427613 
5.12 	 0.029170239994897502 
5.14 	 0.028743480596815744 
5.16 	 0.028474292051395903 
5.18 	 0.028353276397278387 
5.2 	 0.028373614697382237 
5.22 	 0.02853049136567579 
5.24 	 0.028807987731187607 
5.26 	 0.029203617385428756 
5.28 	 0.02969152836487151 
5.3 	 0.030269465585157817 
5.32 	 0.030901963578848633 
5.34 	 0.0315862211628655 
5.36 	 0.03228039336327629 
5.38 	 0.03298270505727837 
5.4 	 0.03365174101568971 
5.42 	 0.03429067538313821 
5.44 	 0.03486741389052318 
5.46 	 0.03539496887123348 
5.48 	 0.035857973102331374 
5.5 	 0.03628276742554909 
5.52 	 0.036672445227906796 
5.54 	 0.037066420310782604 
5.56 	 0.037479688952731835 
5.58 	 0.03795960393682519 
5.6 	 0.03851890323993486 
5.62 	 0.03920383893161894 
5.64 	 0.04000743152117241 
5.66 	 0.040964940486700754 
5.68 	 0.042035554274962056 
5.7 	 0.04323665572578605 
5.72 	 0.044489497087769066 
5.74 	 0.04579236810699023 
5.76 	 0.04703855436642797 
5.78 	 0.04821172745219882 
5.8 	 0.04920044459653703 
5.82 	 0.04998149463667596 
5.84 	 0.05046863764545283 
5.86 	 0.05063946547962234 
5.88 	 0.050458959090525404 
5.9 	 0.04991068920996018 
5.92 	 0.049022955330694555 
5.94 	 0.047787227508518854 
5.96 	 0.046289203022634014 
5.98 	 0.044527761097889695 
6.0 	 0.042626043789656586 
6.02 	 0.04058902891833631 
6.04 	 0.038552373325729125 
6.06 	 0.03652608470155545 
6.08 	 0.034636615263160773 
6.1 	 0.03289778129035358 
6.12 	 0.03141159537406699 
6.14 	 0.03019294655558234 
6.16 	 0.029309546266468818 
6.18 	 0.02877261882181848 
6.2 	 0.028609046970128754 
6.22 	 0.02882148007637656 
6.24 	 0.02939262167699886 
6.26 	 0.030314916796187797 
6.28 	 0.03152862023256626 
6.3 	 0.033020197199339824 
6.32 	 0.034696306256618126 
6.34 	 0.036547046046995935 
6.36 	 0.0384613016332256 
6.38 	 0.040444301804289894 
6.4 	 0.042386381769702525 
6.42 	 0.04431669499769959 
6.44 	 0.04614338339862522 
6.46 	 0.047922208051059546 
6.48 	 0.04958622489568318 
6.5 	 0.051213336906414934 
6.52 	 0.052756149754492034 
6.54 	 0.05430446874330354 
6.56 	 0.05581470295174423 
6.58 	 0.05737576469517922 
6.6 	 0.05892883924126279 
6.62 	 0.06055067567836343 
6.64 	 0.06215427712779211 
6.66 	 0.06379793501106934 
6.68 	 0.06536713695151328 
6.7 	 0.06690165091151219 
6.72 	 0.06827582825141494 
6.74 	 0.06951553373142813 
6.76 	 0.07051098782293845 
6.78 	 0.071280070162622 
6.8 	 0.07175577519013521 
6.82 	 0.07195185244302184 
6.84 	 0.07185940097145435 
6.86 	 0.07148812957735248 
6.88 	 0.07088488890311773 
6.9 	 0.07005232201275996 
6.92 	 0.06907563758447607 
6.94 	 0.06794686365410679 
6.96 	 0.06676643710019915 
6.98 	 0.06551473795396252 
7.0 	 0.06428836435106461 
7.02 	 0.06305908452251562 
7.04 	 0.06190943475886804 
7.06 	 0.06080867282097138 
7.08 	 0.059822511664165454 
7.1 	 0.05892398824511992 
7.12 	 0.05816208796980111 
7.14 	 0.05751725744933671 
7.16 	 0.05702087623925548 
7.18 	 0.056660668571204324 
7.2 	 0.05644782326976974 
7.22 	 0.056374559978444434 
7.24 	 0.056429763724087784 
7.26 	 0.0566071505317881 
7.28 	 0.05687478829161195 
7.3 	 0.057226849488754984 
7.32 	 0.057617414865763 
7.34 	 0.05804269672397138 
7.36 	 0.058453903943474966 
7.38 	 0.05885243131835155 
7.4 	 0.05919836668127832 
7.42 	 0.0595010125771883 
7.44 	 0.05973722065573543 
7.46 	 0.059924849962665686 
7.48 	 0.0600585322999045 
7.5 	 0.060162833629574856 
7.52 	 0.060244408624157586 
7.54 	 0.06033118929957302 
7.56 	 0.060432386038126416 
7.58 	 0.06057637058237801 
7.6 	 0.06076604868464021 
7.62 	 0.06102961042368395 
7.64 	 0.06135877843412712 
7.66 	 0.061784270391854176 
7.68 	 0.06228662877613808 
7.7 	 0.06290481055103805 
7.72 	 0.06361108176186277 
7.74 	 0.06445961087181913 
7.76 	 0.06541602357795984 
7.78 	 0.0665551907881549 
7.8 	 0.06783184579708192 
7.82 	 0.06934284703510488 
7.84 	 0.07101942732054059 
7.86 	 0.07297628983658092 
7.88 	 0.07510248580788266 
7.9 	 0.07752236121278293 
7.92 	 0.080065990769753 
7.94 	 0.08285856508901772 
7.96 	 0.08566767937503174 
7.98 	 0.08861340012781878 
8.0 	 0.09142010460307985 
8.02 	 0.09420098525093114 
8.04 	 0.09668023360069058 
8.06 	 0.09896592074337218 
8.08 	 0.10083723291372826 
8.1 	 0.10240082780062854 
8.12 	 0.10353595610184739 
8.14 	 0.10435155696006905 
8.16 	 0.10483867600693535 
8.18 	 0.10510918493956813 
8.2 	 0.10523377670939149 
8.22 	 0.10532179255219562 
8.24 	 0.10545856220504932 
8.26 	 0.10573967672836998 
8.28 	 0.10619598754767424 
8.3 	 0.1068975919369758 
8.32 	 0.1077790136141331 
8.34 	 0.10887849643336617 
8.36 	 0.11003801912182865 
8.38 	 0.11126393037830092 
8.4 	 0.1123537694568616 
8.42 	 0.11328403490892665 
8.44 	 0.11388173913063027 
8.46 	 0.11409346355880756 
8.48 	 0.11384726971035364 
8.5 	 0.11305771303308969 
8.52 	 0.11179605254514467 
8.54 	 0.10994410704699047 
8.56 	 0.10771454522870308 
8.58 	 0.10496009298813239 
8.6 	 0.10199382465429468 
8.62 	 0.0986476498844224 
8.64 	 0.09527516806540665 
8.66 	 0.09169877911360984 
8.68 	 0.0882575732186855 
8.7 	 0.08477685188316726 
8.72 	 0.0815460121811093 
8.74 	 0.07840512724533971 
8.76 	 0.07558078926534989 
8.78 	 0.07293786819296244 
8.8 	 0.07064260190522917 
8.82 	 0.06859203836876848 
8.84 	 0.06690124305692033 
8.86 	 0.06550392002255054 
8.88 	 0.06447275397972188 
8.9 	 0.0637796790345528 
8.92 	 0.06345903645101764 
8.94 	 0.06351967842714618 
8.96 	 0.06395506064515423 
8.98 	 0.06480696642035629 
9.0 	 0.06601950774083178 
9.02 	 0.06766157051862443 
9.04 	 0.06961701800132851 
9.06 	 0.07197572424871444 
9.08 	 0.07455415965187175 
9.1 	 0.07745840816246934 
9.12 	 0.08044164749058061 
9.14 	 0.08362334266199714 
9.16 	 0.08671420245084062 
9.18 	 0.08984530341210956 
9.2 	 0.09272181562592548 
9.22 	 0.09548405495153747 
9.24 	 0.09787563590356199 
9.26 	 0.10004205837001219 
9.28 	 0.10180111301850936 
9.3 	 0.10329796934930847 
9.32 	 0.10443762434520965 
9.34 	 0.10535922923892797 
9.36 	 0.1060400496662348 
9.38 	 0.10660932356380659 
9.4 	 0.10708115222810735 
9.42 	 0.10757527046172828 
9.44 	 0.10810237874865523 
9.46 	 0.1087798190984952 
9.48 	 0.10958419001594996 
9.5 	 0.11064503238874357 
9.52 	 0.1118889820354828 
9.54 	 0.1134779089845102 
9.56 	 0.11528252929546495 
9.58 	 0.11751851245812767 
9.6 	 0.11999394630471968 
9.62 	 0.12299639128084501 
9.64 	 0.1262542726043663 
9.66 	 0.13013835273838967 
9.68 	 0.1342676757691976 
9.7 	 0.13909959196973068 
9.72 	 0.1441096817937612 
9.74 	 0.1498378217341022 
9.76 	 0.1555956848858233 
9.78 	 0.1619942260122056 
9.8 	 0.16819550278931308 
9.82 	 0.17486079993899792 
9.84 	 0.18106449928649027 
9.86 	 0.18748556502461028 
9.88 	 0.19321343039830993 
9.9 	 0.1989004232219649 
9.92 	 0.20376408925202566 
9.94 	 0.2083786937429384 
9.96 	 0.2121710446017813 
9.98 	 0.21558438331902632 
10.0 	 0.21827624009561536 
10.02 	 0.22050668545084354 
10.04 	 0.22213667810345036 
10.06 	 0.2231917873044304 
10.08 	 0.22370882466428244 
10.1 	 0.22343156892516064 
10.12 	 0.2225968264472137 
10.14 	 0.2206346529010067 
10.16 	 0.2180689970929847 
10.18 	 0.21402010546849828 
10.2 	 0.20940070842052416 
10.22 	 0.20308386774154336 
10.24 	 0.196402284826976 
10.26 	 0.18810819370602538 
10.28 	 0.1798482122773765 
10.3 	 0.17040952550822494 
10.32 	 0.16151518684636273 
10.34 	 0.15211028155319772 
10.36 	 0.14371707635988676 
10.38 	 0.13548896039981062 
10.4 	 0.1285524897755835 
10.42 	 0.12226150390458776 
10.44 	 0.11729755000738638 
10.46 	 0.11318840905159441 
10.48 	 0.11023864872669346 
10.5 	 0.10812771928397612 
10.52 	 0.1068974164406935 
10.54 	 0.10636067224676839 
10.56 	 0.10640233001481628 
10.58 	 0.10694762769860522 
10.6 	 0.10780171560297372 
10.62 	 0.10897557842498067 
10.64 	 0.11024570897948001 
10.66 	 0.11168016515574797 
10.68 	 0.11306062461840127 
10.7 	 0.1144863605295123 
10.72 	 0.11576735580964212 
10.74 	 0.1170143249760303 
10.76 	 0.11807970254236913 
10.78 	 0.11907305130026816 
10.8 	 0.11989385424326708 
10.82 	 0.1206452585234403 
10.84 	 0.12126899232372645 
10.86 	 0.12186367937050922 
10.88 	 0.12240039156261844 
10.9 	 0.12298064123618868 
10.92 	 0.12358443755325037 
10.94 	 0.1243243876597365 
10.96 	 0.12516107858039754 
10.98 	 0.12621987108990196 
11.0 	 0.1274081562880263 
11.02 	 0.12885259337439084 
11.04 	 0.13037956887549246 
11.06 	 0.1320903807812732 
11.08 	 0.13372973080161407 
11.1 	 0.13533493061038002 
11.12 	 0.13661764777790042 
11.14 	 0.13750818262621972 
11.16 	 0.13779006903849192 
11.18 	 0.13725194989804523 
11.2 	 0.13588692366680274 
11.22 	 0.1333347285167751 
11.24 	 0.12991295211725024 
11.26 	 0.1251496908038166 
11.28 	 0.11971246956287425 
11.3 	 0.11309491290887898 
11.32 	 0.10621339626541115 
11.34 	 0.09860719925336715 
11.36 	 0.09124357153453362 
11.38 	 0.08374644318009107 
11.4 	 0.07693070656729321 
11.42 	 0.07049424421061949 
11.44 	 0.0649833483221461 
11.46 	 0.06014037978922393 
11.48 	 0.056240535245586185 
11.5 	 0.053054283199594064 
11.52 	 0.050657057762073104 
11.54 	 0.048850683442017456 
11.56 	 0.047599845336369344 
11.58 	 0.04674896748456579 
11.6 	 0.04622371215741983 
11.62 	 0.04591773194537649 
11.64 	 0.04576142046992677 
11.66 	 0.04569451720475517 
11.68 	 0.0456705999082797 
11.7 	 0.04566438669401482 
11.72 	 0.04565351587046615 
11.74 	 0.045633671049605855 
11.76 	 0.04559875132668051 
11.78 	 0.045553450719841376 
11.8 	 0.04549902846316698 
11.82 	 0.04544204771064672 
11.84 	 0.045385320824879866 
11.86 	 0.045334823419710985 
11.88 	 0.04529254718999827 
11.9 	 0.04526397579698208 
11.92 	 0.04524946818864317 
11.94 	 0.04525437920710835 
11.96 	 0.0452765501676984 
11.98 	 0.04532086005510008 
12.0 	 0.0453815843075751 
12.02 	 0.04546247108062039 
12.04 	 0.045553953767057315 
12.06 	 0.04565845220429777 
12.08 	 0.04576368356096753 
12.1 	 0.04587118135039395 
12.12 	 0.04596809361581182 
12.14 	 0.04605566350042574 
12.16 	 0.04612263291146202 
12.18 	 0.04617012204563977 
12.2 	 0.04618984585199279 
12.22 	 0.046182360512418814 
12.24 	 0.04614279950384346 
12.26 	 0.04607034565245902 
12.28 	 0.045963411875019136 
12.3 	 0.0458190118693936 
12.32 	 0.04563860730841045 
12.34 	 0.045416622529462734 
12.36 	 0.045157726902581186 
12.38 	 0.04485415279971738 
12.4 	 0.04451481050887353 
12.42 	 0.044131589330233346 
12.44 	 0.04371988669468851 
12.46 	 0.043275175852649214 
12.48 	 0.04282253988001305 
12.5 	 0.04236715868625797 
12.52 	 0.041946652863586266 
12.54 	 0.04158339998270232 
12.56 	 0.0413277372535042 
12.58 	 0.04122632022542975 
12.6 	 0.041336824302450725 
12.62 	 0.04173462236183358 
12.64 	 0.04247090292312653 
12.66 	 0.043649806770064255 
12.68 	 0.045291481601914985 
12.7 	 0.047524482314163286 
12.72 	 0.050302321694020144 
12.74 	 0.053771822259183685 
12.76 	 0.057777550959238436 
12.78 	 0.06248086050381202 
12.8 	 0.0675802110247492 
12.82 	 0.07325205195452955 
12.84 	 0.07903629749848846 
12.86 	 0.08512467794525068 
12.88 	 0.09093226003128162 
12.9 	 0.09665539943983172 
12.92 	 0.10167515685363407 
12.94 	 0.10616333804126567 
12.96 	 0.1096023472142478 
12.98 	 0.11209740867930516 
13.0 	 0.11337180362414011 
13.02 	 0.11342962765141096 
13.04 	 0.11232374979879216 
13.06 	 0.10995171482502278 
13.08 	 0.10669144845550854 
13.1 	 0.10236199053710233 
13.12 	 0.09756524598280258 
13.14 	 0.09208535827013009 
13.16 	 0.08659303191716389 
13.18 	 0.08087270580937603 
13.2 	 0.0755200840285024 
13.22 	 0.07033687466365018 
13.24 	 0.06576084321757268 
13.26 	 0.06161656659302627 
13.28 	 0.058170698645567016 
13.3 	 0.055275380591457396 
13.32 	 0.0530586732634335 
13.34 	 0.051407987124383644 
13.36 	 0.05035889157031519 
13.38 	 0.04984230232509532 
13.4 	 0.049838652860228365 
13.42 	 0.05032716323072648 
13.44 	 0.051252716764793545 
13.46 	 0.052642328843710236 
13.48 	 0.05440757813067269 
13.5 	 0.05661838124335168 
13.52 	 0.05914344036170112 
13.54 	 0.06208874970815363 
13.56 	 0.06526662125821982 
13.58 	 0.06881246684409136 
13.6 	 0.07247335330243615 
13.62 	 0.07640790812187423 
13.64 	 0.08030163431738253 
13.66 	 0.08432900604328736 
13.68 	 0.08813549504431827 
13.7 	 0.09190087235487449 
13.72 	 0.09527047479234031 
13.74 	 0.09841563696320191 
13.76 	 0.1010335253793148 
13.78 	 0.10327347309519196 
13.8 	 0.10493495183604047 
13.82 	 0.10613709207717995 
13.84 	 0.10681265813413426 
13.86 	 0.10705078604645563 
13.88 	 0.1069136081506256 
13.9 	 0.10646669680582557 
13.92 	 0.1058590416728398 
13.94 	 0.10513959438954995 
13.96 	 0.10447653815943829 
13.98 	 0.10390616822843642 
14.0 	 0.10354895709017868 
14.02 	 0.10343168135615632 
14.04 	 0.10358575766097254 
14.06 	 0.1040352802801818 
14.08 	 0.10471771479928792 
14.1 	 0.10566604213595293 
14.12 	 0.10674923794513472 
14.14 	 0.10802147459656877 
14.16 	 0.10932208739122902 
14.18 	 0.11073390033353173 
14.2 	 0.11210003912532973 
14.22 	 0.11353120815544605 
14.24 	 0.11488929718935631 
14.26 	 0.11630368572132002 
14.28 	 0.11764902664894462 
14.3 	 0.11905772272650857 
14.32 	 0.12039908080688137 
14.34 	 0.12178950825418391 
14.36 	 0.12307913390333534 
14.38 	 0.12434951221518084 
14.4 	 0.1254382425128326 
14.42 	 0.12637696632302028 
14.44 	 0.12702524464585196 
14.46 	 0.12735736980205498 
14.48 	 0.1273096902630635 
14.5 	 0.12680329428864642 
14.52 	 0.12590403328440977 
14.54 	 0.12449771805675366 
14.56 	 0.12280116950517247 
14.58 	 0.1206934004649568 
14.6 	 0.11851198848002152 
14.62 	 0.1161586074015055 
14.64 	 0.11401267461556523 
14.66 	 0.11201934199252304 
14.68 	 0.1105001837783312 
14.7 	 0.1094550240773093 
14.72 	 0.10906308028570186 
14.74 	 0.10938785067072283 
14.76 	 0.11041781873607703 
14.78 	 0.11229248884077113 
14.8 	 0.1147950990644608 
14.82 	 0.11815220756342051 
14.84 	 0.12194761989245907 
14.86 	 0.1264919658750338 
14.88 	 0.1311896443084637 
14.9 	 0.1364051116157665 
14.92 	 0.14140886495387053 
14.94 	 0.14655389208205594 
14.96 	 0.15107098846311975 
14.98 	 0.15520277058245355 
15.0 	 0.1582992550429026 
15.02 	 0.16037667651877324 
15.04 	 0.16111286330385338 
15.06 	 0.16020281933999803 
15.08 	 0.15785098651003499 
15.1 	 0.15341248810533392 
15.12 	 0.1477162183414873 
15.14 	 0.13987521633658725 
15.16 	 0.13125981175482343 
15.18 	 0.12093174546091513 
15.2 	 0.1105288188611699 
15.22 	 0.099245695035466 
15.24 	 0.0886206385552567 
15.26 	 0.07805836516740117 
15.28 	 0.0687074868052023 
15.3 	 0.060147254083314 
15.32 	 0.053042451499640146 
15.34 	 0.04707307468911251 
15.36 	 0.04249989526591883 
15.38 	 0.039054005093047524 
15.4 	 0.036738767973248834 
15.42 	 0.03532294840617242 
15.44 	 0.03468197665666054 
15.46 	 0.03462905677654667 
15.48 	 0.03499862720712011 
15.5 	 0.0356573521230554 
15.52 	 0.03645051208093253 
15.54 	 0.03729997585288756 
15.56 	 0.0380904499791905 
15.58 	 0.038791971605016615 
15.6 	 0.03934015863859285 
15.62 	 0.03974012583360203 
15.64 	 0.03997538069920773 
15.66 	 0.04007080383184726 
15.68 	 0.04004388428158203 
15.7 	 0.03992521298926992 
15.72 	 0.0397476554984519 
15.74 	 0.03953730944799851 
15.76 	 0.039325914596358785 
15.78 	 0.03913007519405782 
15.8 	 0.0389705360951512 
15.82 	 0.03885448266089526 
15.84 	 0.03878935444845624 
15.86 	 0.038776638911134864 
15.88 	 0.038813679434131526 
15.9 	 0.03890148420459906 
15.92 	 0.039032577078440496 
15.94 	 0.03921200330500182 
15.96 	 0.03943142718225145 
15.98 	 0.039702064096892475 
16.0 	 0.04001518072694436 
16.02 	 0.040387212155247404 
16.04 	 0.040805770735646826 
16.06 	 0.04128902851620942 
16.08 	 0.04181584986555562 
16.1 	 0.04240177243309658 
16.12 	 0.04301322213964996 
16.14 	 0.04365986604364152 
16.16 	 0.04429650190359898 
16.18 	 0.04492624253398092 
16.2 	 0.04549888254603442 
16.22 	 0.046012968467162484 
16.24 	 0.04642429009935702 
16.26 	 0.04673032081762675 
16.28 	 0.046904332429362004 
16.3 	 0.046945932005273486 
16.32 	 0.04685319423789377 
16.34 	 0.046629267011375174 
16.36 	 0.04629708534559452 
16.38 	 0.04586241897769868 
16.4 	 0.045365965976274965 
16.42 	 0.04481355128812041 
16.44 	 0.04425255864696476 
16.46 	 0.04368614808189597 
16.48 	 0.04315770923602639 
16.5 	 0.04266634130539049 
16.52 	 0.04224444277528916 
16.54 	 0.041887624918458904 
16.56 	 0.04161487865582289 
16.58 	 0.0414203531199495 
16.6 	 0.04131050506804394 
16.62 	 0.04128011940416094 
16.64 	 0.04132499234016465 
16.66 	 0.04144116076277061 
16.68 	 0.041614749516961674 
16.7 	 0.04184121236519554 
16.72 	 0.04209670596552875 
16.74 	 0.04237199293470939 
16.76 	 0.04263318118587021 
16.78 	 0.04286144850656324 
16.8 	 0.043015860969028145 
16.82 	 0.04306471877934997 
16.84 	 0.04296875708456847 
16.86 	 0.04268402308452392 
16.88 	 0.042187440553876375 
16.9 	 0.04142836058957155 
16.92 	 0.04041622427309121 
16.94 	 0.03910291368536466 
16.96 	 0.037541152086343316 
16.98 	 0.03569462272659422 
17.0 	 0.033657487877689664 
17.02 	 0.03140995297607743 
17.04 	 0.029071376121937786 
17.06 	 0.026635862922315155 
17.08 	 0.024223157373341738 
17.1 	 0.02183269106575907 
17.12 	 0.019561790364084033 
17.14 	 0.01740581251759253 
17.16 	 0.015427736231167421 
17.18 	 0.013613963024223725 
17.2 	 0.01199437545101873 
17.22 	 0.010548029664010987 
17.24 	 0.009282070022907941 
17.26 	 0.008174260394742526 
17.28 	 0.007221879155685342 
17.3 	 0.006408015189232632 
17.32 	 0.005730237030498572 
17.34 	 0.0051810715411400084 
17.36 	 0.004763571629250797 
17.38 	 0.004480221872157882 
17.4 	 0.004339969670275284 
17.42 	 0.004352641209735491 
17.44 	 0.004529834955887621 
17.46 	 0.0048839719848635344 
17.48 	 0.005423397691933278 
17.5 	 0.006157255452744726 
17.52 	 0.00708287443378376 
17.54 	 0.00820026140241897 
17.56 	 0.009487495642309225 
17.58 	 0.01093115688395751 
17.6 	 0.01248409395500503 
17.62 	 0.014118471291366808 
17.64 	 0.01576199868637454 
17.66 	 0.01737584427295979 
17.68 	 0.018872000931498604 
17.7 	 0.02020819995585577 
17.72 	 0.021299633160943354 
17.74 	 0.022110580148791095 
17.76 	 0.022583037438168023 
17.78 	 0.022697559900147192 
17.8 	 0.022442174571134114 
17.82 	 0.02182006891685581 
17.84 	 0.020870883676262195 
17.86 	 0.019620574329390024 
17.88 	 0.01814853816815872 
17.9 	 0.016496207789168337 
17.92 	 0.014758296817945084 
17.94 	 0.012979031341256999 
17.96 	 0.011242474038164358 
17.98 	 0.009582686238669662 
18.0 	 0.008056071220602224 
18.02 	 0.00667869914075391 
18.04 	 0.005475436715683872 
18.06 	 0.004444026832634479 
18.08 	 0.003584299593152602 
18.1 	 0.0028811797578346195 
18.12 	 0.0023202816199721418 
18.14 	 0.0018812519353662586 
18.16 	 0.0015453323775229584 
18.18 	 0.0012930841038353727 
18.2 	 0.001107640863186543 
18.22 	 0.000973814518831148 
18.24 	 0.0008792009573693239 
18.26 	 0.000813584702536377 
18.28 	 0.0007690842731135825 
18.3 	 0.0007396372693958268 
18.32 	 0.0007208075692225051 
18.34 	 0.0007093751186783467 
18.36 	 0.0007030960171150553 
18.38 	 0.0007004236592822634 
18.4 	 0.0007003248645467209 
18.42 	 0.0007021188425547403 
18.44 	 0.0007053616138979628 
18.46 	 0.0007097691080122545 
18.48 	 0.000715150717852236 
18.5 	 0.0007213838190208139 
18.52 	 0.000728374418442188 
18.54 	 0.0007360597878711201 
18.56 	 0.0007443804109337543 
18.58 	 0.0007532969204252554 
18.6 	 0.0007627644851713224 
18.62 	 0.0007727573330458154 
18.64 	 0.0007832419837555322 
18.66 	 0.0007942072129827093 
18.68 	 0.0008056355840170816 
18.7 	 0.0008175388050446638 
18.72 	 0.0008299275831064552 
18.74 	 0.0008428521548683546 
18.76 	 0.0008563689949424975 
18.78 	 0.000870585037682453 
18.8 	 0.0008856177497261768 
18.82 	 0.0009016413072296951 
18.84 	 0.0009188359610956751 
18.86 	 0.000937436822599599 
18.88 	 0.0009576700901197665 
18.9 	 0.0009798096239289921 
18.92 	 0.0010040999009495843 
18.94 	 0.0010308293486351325 
18.96 	 0.0010602396572478813 
18.98 	 0.0010926246205845932 
19.0 	 0.0011282202928219038 
19.02 	 0.0011673331028561435 
19.04 	 0.0012101961546887616 
19.06 	 0.001257123942484469 
19.08 	 0.0013083114859426658 
19.1 	 0.001364011198976812 
19.12 	 0.0014242503565379948 
19.14 	 0.0014890339694407886 
19.16 	 0.0015579685121825263 
19.18 	 0.0016305129578272968 
19.2 	 0.0017055247983957988 
19.22 	 0.0017815996217069668 
19.24 	 0.0018565934542785715 
19.26 	 0.0019280888373307433 
19.28 	 0.0019929806910336627 
19.3 	 0.0020480624065134325 
19.32 	 0.002089771822100901 
19.34 	 0.002114803449442295 
19.36 	 0.0021200840224091396 
19.38 	 0.0021032248862759397 
19.4 	 0.0020627369020872945 
19.42 	 0.001998108603984403 
19.44 	 0.0019102018430745534 
19.46 	 0.0018008276438873164 
19.48 	 0.0016732211762354764 
19.5 	 0.0015311678780239822 
19.52 	 0.0013794629991361698 
19.54 	 0.0012228189027670118 
19.56 	 0.0010662635328964262 
19.58 	 0.0009141285659218662 
19.6 	 0.0007703957019067979 
19.62 	 0.0006379895567315683 
19.64 	 0.000519102395303224 
19.66 	 0.00041485555596165063 
19.68 	 0.0003256148238194872 
19.7 	 0.00025094010843136746 
19.72 	 0.00018987144012850847 
19.74 	 0.00014102409907790396 
19.76 	 0.00010281093475223787 
19.78 	 7.355933848365482e-05 
19.8 	 5.1648719827283586e-05 
19.82 	 3.55844190893446e-05 
19.84 	 2.4055409554715607e-05 
19.86 	 1.5954588116674718e-05 
19.88 	 1.0381453031660823e-05 
19.9 	 6.626917644970694e-06 
19.92 	 4.14992657528876e-06 
19.94 	 2.5495251035093057e-06 
19.96 	 1.536843668883585e-06 
19.98 	 9.092761332171619e-07 
20.0 	 5.28571304694949e-07 
20.02 	 3.0246053830063996e-07 
20.04 	 1.7136335372924805e-07 
20.06 	 9.714368589524402e-08 
20.08 	 5.6250649953415616e-08 
20.1 	 3.494632065164618e-08 
20.12 	 2.47107803102985e-08 
20.14 	 2.2351741790771484e-08 
20.16 	 2.2351741790771484e-08 
20.18 	 2.356080457693621e-08 
20.2 	 2.6863450374185958e-08 
20.22 	 3.161013638317052e-08 
20.24 	 3.650024149988857e-08 
20.26 	 4.0808510594454864e-08 
20.28 	 4.652886091469525e-08 
20.3 	 5.10786071449596e-08 
20.32 	 5.5755039852469285e-08 
20.34 	 6.006850114687196e-08 
20.36 	 6.365778852490731e-08 
20.38 	 6.664001874625056e-08 
20.4 	 6.909384202581423e-08 
20.42 	 7.068241373080863e-08 
20.44 	 7.185079724336382e-08 
20.46 	 7.223605897152915e-08 
20.48 	 7.223605897152915e-08 
20.5 	 7.146345858741878e-08 
20.52 	 7.068241373080863e-08 
20.54 	 6.949438939309728e-08 
20.56 	 6.828569911354542e-08 
20.58 	 6.664001874625056e-08 
20.6 	 6.495265578539184e-08 
20.62 	 6.365778852490731e-08 
20.64 	 6.233602959916559e-08 
20.66 	 6.188917057900187e-08 
20.68 	 6.143906154658885e-08 
20.7 	 6.143906154658885e-08 
20.72 	 6.322027276634104e-08 
20.74 	 6.746787680787904e-08 
20.76 	 7.524717553229688e-08 
20.78 	 9.06402249678704e-08 
20.8 	 1.1803939579244598e-07 
20.82 	 1.6542973601203053e-07 
20.84 	 2.4564328077188933e-07 
20.86 	 3.786625194422323e-07 
20.88 	 5.942743004146e-07 
20.9 	 9.364938218176575e-07 
20.92 	 1.4685583871557841e-06 
20.94 	 2.2787451853214196e-06 
20.96 	 3.487126430761353e-06 
20.98 	 5.252289420826858e-06 
21.0 	 7.777560413494094e-06 
21.02 	 1.131543299338796e-05 
21.04 	 1.6168798479768523e-05 
21.06 	 2.2687662646727235e-05 
21.08 	 3.12592001346991e-05 
21.1 	 4.229115724574963e-05 
21.12 	 5.6185713531054335e-05 
21.14 	 7.330813060454054e-05 
21.16 	 9.394487566405336e-05 
21.18 	 0.00011826512006954166 
21.2 	 0.00014627211461227475 
21.22 	 0.00017777574690752934 
21.24 	 0.00021235291825452468 
21.26 	 0.0002493546057678365 
21.28 	 0.00028789037728670026 
21.3 	 0.0003268867419478915 
21.32 	 0.00036510119843217586 
21.34 	 0.00040122964701890483 
21.36 	 0.00043394130388266515 
21.38 	 0.00046200972249212856 
21.4 	 0.0004843500373503422 
21.42 	 0.0005001334679992244 
21.44 	 0.0005088084815665577 
21.46 	 0.0005101615156122597 
21.48 	 0.0005043127077882656 
21.5 	 0.0004917049819422407 
21.52 	 0.00047307687745228055 
21.54 	 0.00044938805956083006 
21.56 	 0.00042178058017363626 
21.58 	 0.0003914690329858927 
21.6 	 0.00035970487320046774 
21.62 	 0.0003276662455578538 
21.64 	 0.00029643817544092345 
21.66 	 0.0002669302254928507 
21.68 	 0.00023987966616464658 
21.7 	 0.00021580983083142766 
21.72 	 0.000195055425085859 
21.74 	 0.0001777582112748213 
21.76 	 0.00016390613232918088 
21.78 	 0.0001533521853984255 
21.8 	 0.00014585528320765187 
21.82 	 0.00014110588481684407 
21.84 	 0.00013875825425162288 
21.86 	 0.0001384513775627771 
21.88 	 0.00013982814444857402 
21.9 	 0.00014254794232483516 
21.92 	 0.00014629454207947838 
21.94 	 0.00015078271742370505 
21.96 	 0.00015575974543188963 
21.98 	 0.00016100991244106911 
22.0 	 0.00016635361707898516 
22.02 	 0.00017165150545844058 
22.04 	 0.00017680215370258882 
22.06 	 0.00018174481183029557 
22.08 	 0.00018645453103928062 
22.1 	 0.00019094176398959446 
22.12 	 0.00019524416376777223 
22.14 	 0.00019942299530701326 
22.16 	 0.00020355284975429586 
22.18 	 0.00020771716732661147 
22.2 	 0.00021199862247973995 
22.22 	 0.00021647689311094396 
22.24 	 0.00022122199783415495 
22.26 	 0.00022629613491367067 
22.28 	 0.00023175017125846544 
22.3 	 0.00023762910757804673 
22.32 	 0.000243969877123293 
22.34 	 0.0002508085433857043 
22.36 	 0.0002581769458381597 
22.38 	 0.00026610993621860535 
22.4 	 0.00027463927123925065 
22.42 	 0.0002838004987699898 
22.44 	 0.0002936238274840771 
22.46 	 0.00030414150565132215 
22.48 	 0.00031537614735809526 
22.5 	 0.00032734985613027236 
22.52 	 0.0003400703989174461 
22.54 	 0.00035354304897425065 
22.56 	 0.00036775455359779014 
22.58 	 0.0003826883056745433 
22.6 	 0.0003983058525190062 
22.62 	 0.00041456591672747387 
22.64 	 0.0004314033698103367 
22.66 	 0.0004487526458890344 
22.68 	 0.00046652430551459356 
22.7 	 0.00048463309678802935 
22.72 	 0.0005029721206837747 
22.74 	 0.0005214450443625879 
22.76 	 0.00053993751645817 
22.78 	 0.0005583521971611453 
22.8 	 0.0005765769270631533 
22.82 	 0.0005945208979794878 
22.84 	 0.0006120795693671764 
22.86 	 0.0006291707443198073 
22.88 	 0.0006456972951983786 
22.9 	 0.0006615828001612815 
22.92 	 0.0006767342283555408 
22.94 	 0.000691077421640161 
22.96 	 0.0007045223457865676 
22.98 	 0.0007169985310688728 
23.0 	 0.0007284250555817283 
23.02 	 0.0007387451445317573 
23.04 	 0.0007479019882089102 
23.06 	 0.0007558706401846818 
23.08 	 0.0007626396250111232 
23.1 	 0.0007682377694074633 
23.12 	 0.0007727207149925815 
23.14 	 0.0007761907132077899 
23.16 	 0.0007787866425363207 
23.18 	 0.0007806959153869238 
23.2 	 0.0007821460930837383 
23.22 	 0.0007834093372363826 
23.24 	 0.0007847928751895757 
23.26 	 0.0007866374017276988 
23.28 	 0.0007893025556302592 
23.3 	 0.0007931614627610321 
23.32 	 0.0007985768343021385 
23.34 	 0.0008058952246351032 
23.36 	 0.0008154104955126634 
23.38 	 0.0008273640432844691 
23.4 	 0.0008418956519236821 
23.42 	 0.0008590593532454998 
23.44 	 0.0008787659568547247 
23.46 	 0.0009008259418537436 
23.48 	 0.0009248905864307497 
23.5 	 0.0009505301558014949 
23.52 	 0.0009771791351972676 
23.54 	 0.0010042485728252344 
23.56 	 0.0010310755412319549 
23.58 	 0.0010570556984762457 
23.6 	 0.0010815912914075424 
23.62 	 0.0011042206296078979 
23.64 	 0.0011245575366424225 
23.66 	 0.0011423949232621064 
23.68 	 0.0011576336106990722 
23.7 	 0.0011703482995230633 
23.72 	 0.001180712079666942 
23.74 	 0.0011890286714388298 
23.76 	 0.0011956646919523033 
23.78 	 0.0012010634376219968 
23.8 	 0.0012056956103184354 
23.82 	 0.0012100718279734704 
23.84 	 0.0012147137317359603 
23.86 	 0.0012201755258842498 
23.88 	 0.0012270245584941784 
23.9 	 0.001235871925021398 
23.92 	 0.0012473400732606267 
23.94 	 0.0012620962589170886 
23.96 	 0.0012807801930689667 
23.98 	 0.001304038051191751 
24.0 	 0.001332389540613937 
24.02 	 0.0013662753933936607 
24.04 	 0.001405859713521126 
24.06 	 0.0014511239479263794 
24.08 	 0.0015016204577671555 
24.1 	 0.0015566576794656904 
24.12 	 0.0016150348968475136 
24.14 	 0.0016753524312898822 
24.16 	 0.0017357582588623437 
24.18 	 0.0017943776377157697 
24.2 	 0.0018490898122702935 
24.22 	 0.0018980147946855712 
24.24 	 0.0019393221460693758 
24.26 	 0.0019716676677583134 
24.28 	 0.001994028977055169 
24.3 	 0.0020059829559494514 
24.32 	 0.002007570816447072 
24.34 	 0.001999357114681319 
24.36 	 0.0019823428639525933 
24.38 	 0.001957822898216415 
24.4 	 0.0019273729906740364 
24.42 	 0.0018925810484519687 
24.44 	 0.0018551227040583518 
24.46 	 0.0018164564177047524 
24.48 	 0.0017779780391214209 
24.5 	 0.0017407473560230402 
24.52 	 0.0017056928116971801 
24.54 	 0.0016734032234018861 
24.56 	 0.0016443494455046287 
24.58 	 0.0016187480032464762 
24.6 	 0.0015967716072785329 
24.62 	 0.0015784731872966128 
24.64 	 0.0015639607242945762 
24.66 	 0.0015533586688757394 
24.68 	 0.0015469226811445835 
24.7 	 0.001545015311514739 
24.72 	 0.001548140499522151 
24.74 	 0.0015569266283196144 
24.76 	 0.0015720728146379854 
24.78 	 0.001594358825497279 
24.8 	 0.001624507463112479 
24.82 	 0.001663261873591279 
24.84 	 0.0017111691850680282 
24.86 	 0.0017687706766970888 
24.88 	 0.0018362986509495582 
24.9 	 0.0019140162132472533 
24.92 	 0.0020018000708815747 
24.94 	 0.0020996542895844296 
24.96 	 0.002207136244613917 
24.98 	 0.002324060502806493 
25.0 	 0.002449719451342738 
25.02 	 0.002583792687479315 
25.04 	 0.002725321032735844 
25.06 	 0.002873843721576037 
25.08 	 0.0030281053297583783 
25.1 	 0.003187451644882916 
25.12 	 0.0033502776033058827 
25.14 	 0.003515707543438714 
25.16 	 0.0036818157855075507 
25.18 	 0.003847582655688996 
25.2 	 0.004010929289402607 
25.22 	 0.004170882163869185 
25.24 	 0.004325467593929725 
25.26 	 0.004473966314572676 
25.28 	 0.0046147292396551435 
25.3 	 0.004747395012036554 
25.32 	 0.004870723306925542 
25.34 	 0.004984684461076068 
25.36 	 0.005088438397191124 
25.38 	 0.0051822482150682145 
25.4 	 0.005265724744277228 
25.42 	 0.00533952444354035 
25.44 	 0.005403913283867622 
25.46 	 0.005460188325331217 
25.48 	 0.005509513517190373 
25.5 	 0.005554008674222708 
25.52 	 0.005595726562745678 
25.54 	 0.005637434077164794 
25.56 	 0.005681577079276317 
25.58 	 0.005730922972673416 
25.6 	 0.0057873974748974925 
25.62 	 0.005852881295004211 
25.64 	 0.005927863894997239 
25.66 	 0.006012695015726142 
25.68 	 0.006106045137239985 
25.7 	 0.0062067743479129415 
25.72 	 0.006312207556891787 
25.74 	 0.006420558558000509 
25.76 	 0.006529033301747479 
25.78 	 0.006636552273100245 
25.8 	 0.006741689479982682 
25.82 	 0.00684537950604532 
25.84 	 0.006948656558290077 
25.86 	 0.0070551597014439004 
25.88 	 0.007168526284636539 
25.9 	 0.0072947884652838435 
25.92 	 0.007439112585765635 
25.94 	 0.007608528987806678 
25.96 	 0.007807561602714347 
25.98 	 0.008042051822046033 
26.0 	 0.0083131732327124 
26.02 	 0.008623288164159445 
26.04 	 0.008967941322247465 
26.06 	 0.009344583106343422 
26.08 	 0.009742399177035685 
26.1 	 0.010154204072378584 
26.12 	 0.01056439770487497 
26.14 	 0.010963365299654897 
26.16 	 0.011334423177807704 
26.18 	 0.011668942602652907 
26.2 	 0.01195369842588999 
26.22 	 0.012184228639937152 
26.24 	 0.012354246712328806 
26.26 	 0.012464966304109088 
26.28 	 0.012517951860495752 
26.3 	 0.012519300791005645 
26.32 	 0.012476534104818941 
26.34 	 0.012398057927847594 
26.36 	 0.012293773253084757 
26.38 	 0.012171350384150011 
26.4 	 0.01203956149019538 
26.42 	 0.011903159691660467 
26.44 	 0.011767721870213093 
26.46 	 0.011634454043354074 
26.48 	 0.011505532297674575 
26.5 	 0.011379407555501344 
26.52 	 0.011256046705525373 
26.54 	 0.01113269307716379 
26.56 	 0.011008811950659284 
26.58 	 0.010881967923950762 
26.6 	 0.010752520970453643 
26.62 	 0.01061930224207454 
26.64 	 0.010484158208861559 
26.66 	 0.010347329205122994 
26.68 	 0.010211864165839909 
26.7 	 0.010078878723067784 
26.72 	 0.009951757589596894 
26.74 	 0.00983165091896938 
26.76 	 0.009721314747963988 
26.78 	 0.009621219466829131 
26.8 	 0.009532873993529345 
26.82 	 0.009455784718224126 
26.84 	 0.009390156750341844 
26.86 	 0.009334741336022915 
26.88 	 0.009288882898616018 
26.9 	 0.009251124071474322 
26.92 	 0.009220637778571182 
26.94 	 0.009196379736771999 
26.96 	 0.009177978139942701 
26.98 	 0.009165243136639053 
27.0 	 0.009158567444722893 
27.02 	 0.00915869822250405 
27.04 	 0.009166644957457771 
27.06 	 0.009183752541477025 
27.08 	 0.009211056842293995 
27.1 	 0.009249819397556692 
27.12 	 0.00930025726793034 
27.14 	 0.009362756132915307 
27.16 	 0.009435953198378462 
27.18 	 0.009518794705021094 
27.2 	 0.009608067128634509 
27.22 	 0.009701296832437216 
27.24 	 0.00979397478808167 
27.26 	 0.009883048445250965 
27.28 	 0.00996420475764716 
27.3 	 0.010035474103129079 
27.32 	 0.010094932611962832 
27.34 	 0.010143869918291184 
27.36 	 0.010185049853545606 
27.38 	 0.01022512765806618 
27.4 	 0.010273119731018288 
27.42 	 0.010342345475071037 
27.44 	 0.010448039498687339 
27.46 	 0.010609973904543896 
27.48 	 0.010847305942319427 
27.5 	 0.01118410833938985 
27.52 	 0.011638663229354402 
27.54 	 0.012235387635581723 
27.56 	 0.012984823989594713 
27.58 	 0.013906959795633386 
27.6 	 0.014997048932348189 
27.62 	 0.01626689424561055 
27.64 	 0.017690589139224132 
27.66 	 0.019271098192707448 
27.68 	 0.020959913093797748 
27.7 	 0.02275479968177476 
27.72 	 0.024589474786538015 
27.74 	 0.026463714467195764 
27.76 	 0.028303965447223304 
27.78 	 0.0301200420545382 
27.8 	 0.03184364754208133 
27.82 	 0.03349977153763288 
27.84 	 0.0350344163968079 
27.86 	 0.03648710385611398 
27.88 	 0.0378193157805204 
27.9 	 0.03907825378922979 
27.92 	 0.04023401397733579 
27.94 	 0.04133104199850833 
27.96 	 0.04233791949829995 
27.98 	 0.04328691342889897 
28.0 	 0.04413883979367745 
28.02 	 0.044909474779001944 
28.04 	 0.04555451793395811 
28.06 	 0.04607531207399277 
28.08 	 0.04643361935299205 
28.1 	 0.046622674468275414 
28.12 	 0.04662438127340298 
28.14 	 0.04643056810839238 
28.16 	 0.04605276441734634 
28.18 	 0.045485162109456766 
28.2 	 0.04476888640317108 
28.22 	 0.043900234560207314 
28.24 	 0.04294069641307501 
28.26 	 0.041885659701212205 
28.28 	 0.04080334010560208 
28.3 	 0.03968495514284337 
28.32 	 0.03859334700824975 
28.34 	 0.03751420721002324 
28.36 	 0.036498226681767644 
28.38 	 0.035526846016028214 
28.4 	 0.03463756754869677 
28.42 	 0.03381080127310288 
28.44 	 0.03307361207510513 
28.46 	 0.032409237238523174 
28.48 	 0.0318382777673921 
28.5 	 0.031350162895993544 
28.52 	 0.030962227608420326 
28.54 	 0.030672304533995325 
28.56 	 0.030495709925919084 
28.58 	 0.030439404178906497 
28.6 	 0.030515401745084516 
28.62 	 0.030738849842264777 
28.64 	 0.03111453632673605 
28.66 	 0.031663268614679906 
28.68 	 0.03237659789436674 
28.7 	 0.03327748862608615 
28.72 	 0.034337674816986075 
28.74 	 0.03557898171895775 
28.76 	 0.03694859965462608 
28.78 	 0.03846543281076879 
28.8 	 0.04005194508543806 
28.82 	 0.041724540523925456 
28.84 	 0.043387150671013265 
28.86 	 0.045055891240883564 
28.88 	 0.04662856727348762 
28.9 	 0.04812368037274604 
28.92 	 0.04944883499893494 
28.94 	 0.05062653250861896 
28.96 	 0.0515890170005858 
28.98 	 0.05236237721591134 
29.0 	 0.052912508665657956 
29.02 	 0.05326660458734795 
29.04 	 0.05342469600066265 
29.06 	 0.05341133340832518 
29.08 	 0.053253297958129275 
29.1 	 0.05296879872943737 
29.12 	 0.052599675668992596 
29.14 	 0.05215548144886711 
29.16 	 0.051681633528666115 
29.18 	 0.051178943318801344 
29.2 	 0.050688437927504805 
29.22 	 0.050204356786571126 
29.24 	 0.049759858037251845 
29.26 	 0.04934625821789504 
29.28 	 0.048988757042597114 
29.3 	 0.04867964114394587 
29.32 	 0.048437320790939514 
29.34 	 0.04825791526589879 
29.36 	 0.04815341750589988 
29.38 	 0.0481246368333714 
29.4 	 0.048175542726494366 
29.42 	 0.048310052114776326 
29.44 	 0.04852067358705961 
29.46 	 0.048810690974517706 
29.48 	 0.04915748429775742 
29.5 	 0.04955887071979415 
29.52 	 0.04997596693174672 
29.54 	 0.05039690939255594 
29.56 	 0.05077100697208881 
29.58 	 0.0510750898028456 
29.6 	 0.05125855107570052 
29.62 	 0.05128947006410176 
29.64 	 0.05113546442677957 
29.66 	 0.05076295766234843 
29.68 	 0.050176792065373656 
29.7 	 0.04935155734153962 
29.72 	 0.0483405510088983 
29.74 	 0.04713475820965753 
29.76 	 0.04583143484133162 
29.78 	 0.04443926964849664 
29.8 	 0.04307740948193079 
29.82 	 0.04176397878701531 
29.84 	 0.040607683041119134 
29.86 	 0.03962163985296153 
29.88 	 0.03887510344581702 
29.9 	 0.03836407087197645 
29.92 	 0.038104930225427144 
29.94 	 0.03807455767721318 
29.96 	 0.03824290846771992 
29.98 	 0.03857717089668725 
30.0 	 0.039022021266602425 
30.02 	 0.03955011692104844 
30.04 	 0.04010582849931692 
30.06 	 0.04067984547863277 
30.08 	 0.041233954184874314 
30.1 	 0.04178113420621692 
30.12 	 0.042304788335946523 
30.14 	 0.04283556670333223 
30.16 	 0.0433700306623192 
30.18 	 0.043946778552928015 
30.2 	 0.04456093760207097 
30.22 	 0.04524950811258041 
30.24 	 0.04599337469360457 
30.26 	 0.04682231388477058 
30.28 	 0.04769711503089738 
30.3 	 0.04863922189788428 
30.32 	 0.0495912775064556 
30.34 	 0.05056770381760562 
30.36 	 0.05150042083823964 
30.38 	 0.05239766550652933 
30.4 	 0.05319041135083982 
30.42 	 0.05387940018719239 
30.44 	 0.05440481328062821 
30.46 	 0.054757000572677586 
30.48 	 0.054895506106242054 
30.5 	 0.05479813690117777 
30.52 	 0.0544539913183247 
30.54 	 0.05382940326044016 
30.56 	 0.05295186629410382 
30.58 	 0.05178130013702266 
30.6 	 0.05038757854059711 
30.62 	 0.04873143022754694 
30.64 	 0.04692027419455936 
30.66 	 0.04492146485491658 
30.68 	 0.04286509675995013 
30.7 	 0.04072653184522678 
30.72 	 0.0386372601174958 
30.74 	 0.03657729363028572 
30.76 	 0.03465900385809112 
30.78 	 0.032861604127958334 
30.8 	 0.03126528394920994 
30.82 	 0.029844479862480393 
30.84 	 0.02864420402381013 
30.86 	 0.02763359912673044 
30.88 	 0.026827665886323394 
30.9 	 0.026192769251788647 
30.92 	 0.02572309678438682 
30.94 	 0.025385985753436504 
30.96 	 0.02516436998553089 
30.98 	 0.025029902489911916 
31.0 	 0.024962191328730583 
31.02 	 0.0249393602758761 
31.04 	 0.024943341473850657 
31.06 	 0.02495952735576369 
31.08 	 0.02497539766387359 
31.1 	 0.024983045584806414 
31.12 	 0.024976272212347484 
31.14 	 0.02495205010515457 
31.16 	 0.02490920111085956 
31.18 	 0.02484703565509783 
31.2 	 0.024767116109357726 
31.22 	 0.0246688644983879 
31.24 	 0.024554834518930337 
31.26 	 0.024423686938840155 
31.28 	 0.024278754681600005 
31.3 	 0.02411867634486902 
31.32 	 0.02394860710193676 
31.34 	 0.023768653815666445 
31.36 	 0.023586675086503556 
31.38 	 0.023405055741525342 
31.4 	 0.023233651351888998 
31.42 	 0.023076355178549248 
31.44 	 0.02294253085363184 
31.46 	 0.02283564244769679 
31.48 	 0.02276162917895016 
31.5 	 0.022721903161216816 
31.52 	 0.022717541362490608 
31.54 	 0.022748054912374444 
31.56 	 0.02281082490630874 
31.58 	 0.022905755386973634 
31.6 	 0.023029772700095055 
31.62 	 0.023186661729440686 
31.64 	 0.023376353906639256 
31.66 	 0.023609561891641668 
31.68 	 0.023890743727452028 
31.7 	 0.024238686346261133 
31.72 	 0.02466046054462665 
31.74 	 0.025181421948509787 
31.76 	 0.02580555737773594 
31.78 	 0.026560762081342334 
31.8 	 0.02743943448895483 
31.82 	 0.028466519263189185 
31.84 	 0.029613916468671814 
31.86 	 0.03089857809606578 
31.88 	 0.03226626498031027 
31.9 	 0.03372355350821658 
31.92 	 0.03519168697368556 
31.94 	 0.03666861256720935 
31.96 	 0.038062305526343695 
31.98 	 0.03936774737999339 
32.0 	 0.04049908660883007 
32.02 	 0.041455907200423754 
32.04 	 0.04218010759425735 
32.06 	 0.04268231159285594 
32.08 	 0.04294708500096559 
32.1 	 0.04299849254755526 
32.12 	 0.0428648033824975 
32.14 	 0.042580242575428466 
32.16 	 0.042202615550003916 
32.18 	 0.04176791100046859 
32.2 	 0.04133989572623738 
32.22 	 0.04094585356099088 
32.24 	 0.04063241493781716 
32.26 	 0.04041003488995122 
32.28 	 0.04029445813212542 
32.3 	 0.040277115975656724 
32.32 	 0.04034261062027089 
32.34 	 0.04046799775802163 
32.36 	 0.04061863037376451 
32.38 	 0.04076665479908413 
32.4 	 0.040876672442604275 
32.42 	 0.040926376863990095 
32.44 	 0.04089703286802995 
32.46 	 0.04077927032765716 
32.48 	 0.040580117273294136 
32.5 	 0.04030456207974654 
32.52 	 0.03998238641485889 
32.54 	 0.03962777891215776 
32.56 	 0.03927989845105134 
32.58 	 0.03895266158659499 
32.6 	 0.038677591101368175 
32.62 	 0.0384589899780166 
32.64 	 0.03830835668152547 
32.66 	 0.03821556180402779 
32.68 	 0.03816980224820421 
32.7 	 0.038148064198409326 
32.72 	 0.03812532091047491 
32.74 	 0.038072001417688066 
32.76 	 0.037962797446489435 
32.78 	 0.037768979784508994 
32.8 	 0.037478235295475296 
32.82 	 0.037067663483149535 
32.84 	 0.0365452673134792 
32.86 	 0.03589503707212271 
32.88 	 0.035144884344203854 
32.9 	 0.03428359727036054 
32.92 	 0.033352814133472644 
32.94 	 0.03234297096476549 
32.96 	 0.031301355056060236 
32.98 	 0.030217818562768842 
33.0 	 0.029138661279268604 
33.02 	 0.02805264813914191 
33.04 	 0.027001230615117406 
33.06 	 0.025972869384577567 
33.08 	 0.02500261240875739 
33.1 	 0.024079704335249624 
33.12 	 0.023232434085822987 
33.14 	 0.02245153286375413 
33.16 	 0.02175861779890821 
33.18 	 0.021146145092516243 
33.2 	 0.020629372965595215 
33.22 	 0.02020250911197588 
33.24 	 0.019874916902737197 
33.26 	 0.019642466224211765 
33.28 	 0.01950893292831552 
33.3 	 0.019471389462081923 
33.32 	 0.019527716435884006 
33.34 	 0.019675039176248382 
33.36 	 0.019904310193459444 
33.38 	 0.020210991196295255 
33.4 	 0.020578044733919772 
33.42 	 0.020997788236012182 
33.44 	 0.021445510079748674 
33.46 	 0.02191026820036194 
33.48 	 0.022362690692203695 
33.5 	 0.022790506950559584 
33.52 	 0.02316555063227253 
33.54 	 0.023477788919110915 
33.56 	 0.02370737274327995 
33.58 	 0.023850204866842233 
33.6 	 0.02390023532252764 
33.62 	 0.02386124910842351 
33.64 	 0.02374219336354052 
33.66 	 0.023553717791554053 
33.68 	 0.02331588000713533 
33.7 	 0.02304245116270053 
33.72 	 0.022757315978291896 
33.74 	 0.022472585517285166 
33.76 	 0.022208567051069526 
33.78 	 0.02197212994241355 
33.8 	 0.021775474383790433 
33.82 	 0.021619343471560297 
33.84 	 0.021507329589846497 
33.86 	 0.02143579552018084 
33.88 	 0.021402266038779157 
33.9 	 0.021401673818504958 
33.92 	 0.021428887684191433 
33.94 	 0.021479805854114378 
33.96 	 0.021549014116575487 
33.98 	 0.02163421508554455 
34.0 	 0.021730390440871376 
34.02 	 0.02183651780367892 
34.04 	 0.02194758797948801 
34.06 	 0.022062917824354357 
34.08 	 0.022177160375203515 
34.1 	 0.022289493132449625 
34.12 	 0.02239453598756388 
34.14 	 0.02249142851412611 
34.16 	 0.02257543563768054 
34.18 	 0.022645780277890756 
34.2 	 0.022698696657766488 
34.22 	 0.02273304952525528 
34.24 	 0.02274568014809325 
34.26 	 0.02273415594406189 
34.28 	 0.022695406752177513 
34.3 	 0.022625054178335633 
34.32 	 0.022520462486477526 
34.34 	 0.02237584637816451 
34.36 	 0.022190791918144413 
34.38 	 0.02196003950456851 
34.4 	 0.021688062060054213 
34.42 	 0.021372647360452992 
34.44 	 0.021025151313241192 
34.46 	 0.02064812033059994 
34.48 	 0.02025953221198555 
34.5 	 0.019866449001983956 
34.52 	 0.019490375443019497 
34.54 	 0.019140525462118682 
34.56 	 0.018836884682603146 
34.58 	 0.018587308144071363 
34.6 	 0.018405192528091224 
34.62 	 0.018294007085652247 
34.64 	 0.018257462134049024 
34.66 	 0.01829351829797966 
34.68 	 0.018396170409761943 
34.7 	 0.018559082972741718 
34.72 	 0.01876928369561144 
34.74 	 0.019018897173034822 
34.76 	 0.019292043555129302 
34.78 	 0.01958207956518241 
34.8 	 0.019873774638365458 
34.82 	 0.0201631916324063 
34.84 	 0.020437671308374084 
34.86 	 0.020695864495277685 
34.88 	 0.020928097092900562 
34.9 	 0.021134699235185524 
34.92 	 0.0213089369033923 
34.94 	 0.02145229251007138 
34.96 	 0.02156143389677344 
34.98 	 0.0216394670265245 
35.0 	 0.02168750216680541 
35.02 	 0.02171145674663733 
35.04 	 0.021717750049648033 
35.06 	 0.021716274065990894 
35.08 	 0.02171860294777561 
35.1 	 0.02173917732883318 
35.12 	 0.02179315181928879 
35.14 	 0.021899270367624603 
35.16 	 0.022073198691437854 
35.18 	 0.02233672664419625 
35.2 	 0.022701381459973066 
35.22 	 0.023189484789004556 
35.24 	 0.0238022995945256 
35.26 	 0.024559096470885243 
35.28 	 0.025444305347754236 
35.3 	 0.026470645454059905 
35.32 	 0.027601079334933505 
35.34 	 0.028840213621622826 
35.36 	 0.030129884511844007 
35.38 	 0.03146844676930211 
35.4 	 0.03278402890845758 
35.42 	 0.03407414499781194 
35.44 	 0.03526727362000051 
35.46 	 0.036367721372781436 
35.48 	 0.037321322781608664 
35.5 	 0.03814677605069131 
35.52 	 0.03882091272099948 
35.54 	 0.03938163053316145 
35.56 	 0.03984015576469183 
35.58 	 0.04025269947441453 
35.6 	 0.04065372981052729 
35.62 	 0.041109309906991943 
35.64 	 0.041652772019082115 
35.66 	 0.042345208499323134 
35.68 	 0.043189260635786444 
35.7 	 0.044225187427859025 
35.72 	 0.045402722208998124 
35.74 	 0.04673158418341693 
35.76 	 0.04810569474857345 
35.78 	 0.04950525957147633 
35.8 	 0.05079061435978096 
35.82 	 0.05192338292507081 
35.84 	 0.052773245308058166 
35.86 	 0.053299109584722115 
35.88 	 0.05342837563269022 
35.9 	 0.05313213384660635 
35.92 	 0.05242820314204767 
35.94 	 0.0513087562611566 
35.96 	 0.04988246185072643 
35.98 	 0.04816177406740728 
36.0 	 0.04631284029980089 
36.02 	 0.0443571717787017 
36.04 	 0.042466996949310234 
36.06 	 0.04065581745273971 
36.08 	 0.039056059120443326 
36.1 	 0.03765901006496508 
36.12 	 0.0365339786340013 
36.14 	 0.03564597613002911 
36.16 	 0.03500354818006787 
36.18 	 0.0345525443704131 
36.2 	 0.034260881989095215 
36.22 	 0.03406863530405371 
36.24 	 0.03392952374854394 
36.26 	 0.03379076603957206 
36.28 	 0.03361494177233542 
36.3 	 0.033364242083569556 
36.32 	 0.03302410139104659 
36.34 	 0.032573359994516715 
36.36 	 0.0320238312471588 
36.38 	 0.031368181836651604 
36.4 	 0.03063973992630526 
36.42 	 0.02984021629108771 
36.44 	 0.029015051472760428 
36.46 	 0.028170178462739195 
36.48 	 0.027352893273494962 
36.5 	 0.026569292264376845 
36.52 	 0.025859829019707885 
36.54 	 0.025227601445067298 
36.56 	 0.024700270912227647 
36.58 	 0.024275851901015975 
36.6 	 0.02396654300242337 
36.62 	 0.023764755674165305 
36.64 	 0.023668025595260437 
36.66 	 0.023664664865260393 
36.68 	 0.02374154473412374 
36.7 	 0.023886312922454488 
36.72 	 0.024081368562399577 
36.74 	 0.024318179275773656 
36.76 	 0.024581231481503353 
36.78 	 0.02486981816703686 
36.8 	 0.025175062206148575 
36.82 	 0.02550585723736967 
36.84 	 0.02586030896238327 
36.86 	 0.02625515848662538 
36.88 	 0.026690773462819936 
36.9 	 0.027186483890503637 
36.92 	 0.027736646638727384 
36.94 	 0.02835633458253934 
36.96 	 0.029026010442584457 
36.98 	 0.02975135819712475 
37.0 	 0.030496235497641466 
37.02 	 0.03125642828589518 
37.04 	 0.031984564521136016 
37.06 	 0.03267118736883439 
37.08 	 0.03326997697364182 
37.1 	 0.03377361411403727 
37.12 	 0.034150696826527216 
37.14 	 0.034402035333512895 
37.16 	 0.03451975831570442 
37.18 	 0.03451397030954289 
37.2 	 0.03439932100386994 
37.22 	 0.03419072065950291 
37.24 	 0.033915543730640776 
37.26 	 0.033585597156852644 
37.28 	 0.03322790833303077 
37.3 	 0.032843862924536685 
37.32 	 0.0324505608335736 
37.34 	 0.03203579828470734 
37.36 	 0.03160491550411531 
37.38 	 0.03113444938633251 
37.4 	 0.0306238985008777 
37.42 	 0.03004519097402292 
37.44 	 0.02940206638282901 
37.46 	 0.02867000528076396 
37.48 	 0.02786605972267923 
37.5 	 0.02697571956579194 
37.52 	 0.026032880981310923 
37.54 	 0.025035228899573693 
37.56 	 0.024029472381138634 
37.58 	 0.023022395352082628 
37.6 	 0.022063323787785763 
37.62 	 0.021160959456801968 
37.64 	 0.020355123060917055 
37.66 	 0.019648387374709433 
37.68 	 0.019062111605078418 
37.7 	 0.018587675466990732 
37.72 	 0.01822578735558516 
37.74 	 0.01795705805026932 
37.76 	 0.01776679797206638 
37.78 	 0.017630654942407613 
37.8 	 0.0175289537565942 
37.82 	 0.017441028449382938 
37.84 	 0.017353575835624312 
37.86 	 0.017257424862061922 
37.88 	 0.017153374239283054 
37.9 	 0.01704744440387751 
37.92 	 0.016955436370745137 
37.94 	 0.01689653257267478 
37.96 	 0.016895129446647627 
37.98 	 0.01697653043513356 
38.0 	 0.01716252817364676 
38.02 	 0.017475368050008887 
38.04 	 0.017922649454999082 
38.06 	 0.018516094602914195 
38.08 	 0.01924153309198303 
38.1 	 0.02009745670896634 
38.12 	 0.02104714286386983 
38.14 	 0.022078726944598826 
38.16 	 0.023139334133949765 
38.18 	 0.024213581988652887 
38.2 	 0.025244012319966747 
38.22 	 0.02621944573554579 
38.24 	 0.027090742048437227 
38.26 	 0.027856460692069655 
38.28 	 0.02848559629549348 
38.3 	 0.028987963084707486 
38.32 	 0.02935419231375414 
38.34 	 0.02960277528583969 
38.36 	 0.029742594944078334 
38.38 	 0.029795603332005628 
38.4 	 0.02978089567698987 
38.42 	 0.029718203921391285 
38.44 	 0.02962781570198082 
38.46 	 0.029523014417090383 
38.48 	 0.029418524701773238 
38.5 	 0.02931943007188258 
38.52 	 0.02923207302979187 
38.54 	 0.029154139758595116 
38.56 	 0.029084738204614546 
38.58 	 0.029016934525396693 
38.6 	 0.028946567348689906 
38.62 	 0.028865849172558765 
38.64 	 0.028772244540304737 
38.66 	 0.02866058676528366 
38.68 	 0.02853359100968905 
38.7 	 0.028390520043899758 
38.72 	 0.028239858492374637 
38.74 	 0.028084458435724016 
38.76 	 0.027935402017524417 
38.78 	 0.027795675118576623 
38.8 	 0.02767336023082865 
38.82 	 0.027566888716626593 
38.84 	 0.02747619210526617 
38.86 	 0.027391575696699748 
38.88 	 0.02730334986918686 
38.9 	 0.02719343280209348 
38.92 	 0.02704654697337177 
38.94 	 0.026839994323000452 
38.96 	 0.026561471010404188 
38.98 	 0.026190046201208246 
39.0 	 0.025725696150266535 
39.02 	 0.025155222372708026 
39.04 	 0.024496115571060493 
39.06 	 0.023745393157872156 
39.08 	 0.02293618791517184 
39.1 	 0.02207344529136796 
39.12 	 0.021197746709912226 
39.14 	 0.02031628591558109 
39.16 	 0.019466797653207312 
39.18 	 0.018652922722936678 
39.2 	 0.017902109481686742 
39.22 	 0.01721160327075416 
39.24 	 0.016596683994743112 
39.26 	 0.01604929689603287 
39.28 	 0.015575495818081103 
39.3 	 0.0151654637793473 
39.32 	 0.014820716022439796 
39.34 	 0.014532946795454686 
39.36 	 0.014302356190576139 
39.38 	 0.014123088924002923 
39.4 	 0.013994308982382382 
39.42 	 0.013910998988655436 
39.44 	 0.013869447590584085 
39.46 	 0.013862884514705938 
39.48 	 0.01388305833425313 
39.5 	 0.013920051525333897 
39.52 	 0.013961679068260341 
39.54 	 0.013995947731043477 
39.56 	 0.014010083741966679 
39.58 	 0.013993108509120198 
39.6 	 0.013936285241452556 
39.62 	 0.013832990451434289 
39.64 	 0.013682043004602401 
39.66 	 0.013482904304577582 
39.68 	 0.013242591915158218 
39.7 	 0.012965958384219926 
39.72 	 0.012665852930905469 
39.74 	 0.012349948762515751 
39.76 	 0.012032899442889579 
39.78 	 0.011722087209999127 
39.8 	 0.011430085411320188 
39.82 	 0.011161555377255347 
39.84 	 0.010924464961065378 
39.86 	 0.01071954184157317 
39.88 	 0.0105492518595338 
39.9 	 0.010410276315170459 
39.92 	 0.010299978292664954 
39.94 	 0.010211646287932221 
39.96 	 0.010138864590049907 
39.98 	 0.010072784785724324 
40.0 	 0.010005312224342039 
40.02 	 0.009927327982193685 
40.04 	 0.009831787332540596 
40.06 	 0.009711608006440539 
40.08 	 0.009563590721058368 
40.1 	 0.00938477366132899 
40.12 	 0.00917759706862992 
40.14 	 0.008944066931341987 
40.16 	 0.008692007790376434 
40.18 	 0.008427294376245807 
40.2 	 0.008160631813960113 
40.22 	 0.007898983870035022 
40.24 	 0.007652227811366016 
40.26 	 0.007425246339794866 
40.28 	 0.007223953128330551 
40.3 	 0.007049156651567038 
40.32 	 0.0069016634112841375 
40.34 	 0.006778239490878031 
40.36 	 0.006675671557834932 
40.38 	 0.006588413357444737 
40.4 	 0.006511640942604806 
40.42 	 0.0064398026347324624 
40.44 	 0.0063688707258600635 
40.46 	 0.00629505809723892 
40.48 	 0.006216587936754473 
40.5 	 0.006132134894737256 
40.52 	 0.006042424644015089 
40.54 	 0.0059482926954272765 
40.56 	 0.005852284692536466 
40.58 	 0.005756469439587652 
40.6 	 0.005664036167750511 
40.62 	 0.005577121409886793 
40.64 	 0.005498303006578181 
40.66 	 0.005428723520045392 
40.68 	 0.005369395324933928 
40.7 	 0.005319836325817423 
40.72 	 0.005279170263336637 
40.74 	 0.005245335801500136 
40.76 	 0.005216018629303744 
40.78 	 0.00518829321935081 
40.8 	 0.005159438306324996 
40.82 	 0.005126714859585844 
40.84 	 0.005088121858231082 
40.86 	 0.005041992747482678 
40.88 	 0.004987762803984574 
40.9 	 0.004925187665173931 
40.92 	 0.004855197202407049 
40.94 	 0.004778722192800106 
40.96 	 0.004697677199777395 
40.98 	 0.004613525624400586 
41.0 	 0.004528379196587494 
41.02 	 0.00444349260520154 
41.04 	 0.004360433251566148 
41.06 	 0.004279684616468606 
41.08 	 0.004201847133222771 
41.1 	 0.004126463623335475 
41.12 	 0.0040532321411154695 
41.14 	 0.003981060524381825 
41.16 	 0.00390926685096771 
41.18 	 0.0038367599844005193 
41.2 	 0.003763177383844786 
41.22 	 0.0036880411095070683 
41.24 	 0.003611777612496801 
41.26 	 0.0035347565261196487 
41.28 	 0.0034581741151126053 
41.3 	 0.003383006738837959 
41.32 	 0.003310787057630133 
41.34 	 0.0032425980343612853 
41.36 	 0.0031797793859763028 
41.38 	 0.0031230863370670502 
41.4 	 0.003073326551101987 
41.42 	 0.0030307359710451728 
41.44 	 0.002995508629936346 
41.46 	 0.0029673760465811347 
41.48 	 0.002945996769504366 
41.5 	 0.0029307078487003754 
41.52 	 0.0029207793877889976 
41.54 	 0.0029153133581670586 
41.56 	 0.0029133964843332653 
41.58 	 0.0029141129590617596 
41.6 	 0.0029166224055144265 
41.62 	 0.002920228857422318 
41.64 	 0.002924390371254721 
41.66 	 0.0029287826490703374 
41.68 	 0.002933246299748668 
41.7 	 0.002937818595750445 
41.72 	 0.0029426440691468327 
41.74 	 0.002947994917364586 
41.76 	 0.002954179159015989 
41.78 	 0.002961586536844986 
41.8 	 0.0029706039901929047 
41.82 	 0.002981701707903269 
41.84 	 0.0029953246910885997 
41.86 	 0.003012007353592981 
41.88 	 0.0030321893359313698 
41.9 	 0.0030563518947606845 
41.92 	 0.0030847233823299513 
41.94 	 0.003117463420617081 
41.96 	 0.0031542627902105664 
41.98 	 0.003194626654638041 
42.0 	 0.0032374091909938094 
42.02 	 0.0032812345434624465 
42.04 	 0.003324029613909094 
42.06 	 0.003363569438658669 
42.08 	 0.00339708946174533 
42.1 	 0.003421870453139445 
42.12 	 0.0034350259555261105 
42.14 	 0.0034339750683086666 
42.16 	 0.00341649683349583 
42.18 	 0.003380902642932341 
42.2 	 0.0033264108044832844 
42.22 	 0.003252851947350232 
42.24 	 0.0031613486117370894 
42.26 	 0.003053482894272958 
42.28 	 0.0029321975615244286 
42.3 	 0.002800504341633041 
42.32 	 0.0026624897727532846 
42.34 	 0.002521782938666078 
42.36 	 0.002382564137788373 
42.38 	 0.0022480732019131977 
42.4 	 0.00212156272824436 
42.42 	 0.002005082627724685 
42.44 	 0.0019003556937438105 
42.46 	 0.0018079487645493158 
42.48 	 0.001728053264025056 
42.5 	 0.001660012783705277 
42.52 	 0.0016029737367674558 
42.54 	 0.001555646218579271 
42.56 	 0.0015167824021521104 
42.58 	 0.0014850342325460368 
42.6 	 0.00145924413448092 
42.62 	 0.0014383174785585105 
42.64 	 0.0014213616976250587 
42.66 	 0.0014075646609365848 
42.68 	 0.001396255439551183 
42.7 	 0.0013868173540616585 
42.72 	 0.0013787346715678102 
42.74 	 0.0013715525430460474 
42.76 	 0.001364928025132928 
42.78 	 0.0013586102369018064 
42.8 	 0.001352475184205596 
42.82 	 0.001346487637673812 
42.84 	 0.0013407019140240202 
42.86 	 0.0013351975028493657 
42.88 	 0.0013300613823883684 
42.9 	 0.001325328141309918 
42.92 	 0.0013209801525261543 
42.94 	 0.0013169257521993664 
42.96 	 0.0013130348521694967 
42.98 	 0.0013091522625699758 
43.0 	 0.0013051479329251612 
43.02 	 0.001300927886849548 
43.04 	 0.0012964632021788586 
43.06 	 0.0012917668828216283 
43.08 	 0.0012868905511917992 
43.1 	 0.0012818747017034338 
43.12 	 0.0012767389427129567 
43.14 	 0.0012714418575250305 
43.16 	 0.0012658993264046327 
43.18 	 0.0012599780065178454 
43.2 	 0.0012535485315631398 
43.22 	 0.001246498059769317 
43.24 	 0.0012387913366598642 
43.26 	 0.001230464336697954 
43.28 	 0.0012216606189098672 
43.3 	 0.0012125832716342515 
43.32 	 0.0012034999740198713 
43.34 	 0.001194667845171614 
43.36 	 0.001186330613489738 
43.38 	 0.001178654274320451 
43.4 	 0.0011717452527595965 
43.42 	 0.0011656239413114274 
43.44 	 0.0011602705043201142 
43.46 	 0.0011556307701590884 
43.48 	 0.001151668285773846 
43.5 	 0.0011483730317450543 
43.52 	 0.001145789980596042 
43.54 	 0.0011440063679045548 
43.56 	 0.001143145318098699 
43.58 	 0.001143335842630969 
43.6 	 0.001144688033193558 
43.62 	 0.001147274476174258 
43.64 	 0.0011511147146182539 
43.66 	 0.0011561934234315143 
43.68 	 0.001162464661381437 
43.7 	 0.0011699033074254765 
43.72 	 0.0011785098685489568 
43.74 	 0.0011883659037430984 
43.76 	 0.0011996075668783746 
43.78 	 0.0012124605039004353 
43.8 	 0.0012271683367730106 
43.82 	 0.0012440146335331464 
43.84 	 0.0012632223094966079 
43.86 	 0.001284996975074592 
43.88 	 0.0013094222215296407 
43.9 	 0.001336551900901291 
43.92 	 0.0013663041473329959 
43.94 	 0.001398597839134715 
43.96 	 0.001433219717097629 
43.98 	 0.0014699781805732348 
44.0 	 0.0015085164438769809 
44.02 	 0.0015484687975726992 
44.04 	 0.0015892240912757955 
44.06 	 0.001630100724769231 
44.08 	 0.0016701013036134408 
44.1 	 0.0017081349893780836 
44.12 	 0.0017428151979226568 
44.14 	 0.0017727307549170806 
44.16 	 0.0017963204363236405 
44.18 	 0.0018121451405036795 
44.2 	 0.0018188480496436504 
44.22 	 0.0018153470785493087 
44.24 	 0.001800878220186399 
44.26 	 0.0017750353179862958 
44.28 	 0.0017378958394296388 
44.3 	 0.0016898764608712746 
44.32 	 0.00163193879708164 
44.34 	 0.0015652775574023145 
44.36 	 0.001491588768516772 
44.38 	 0.0014126405505987196 
44.4 	 0.0013305671310428185 
44.42 	 0.0012473869904998554 
44.44 	 0.0011652814346545391 
44.46 	 0.0010861283963352173 
44.48 	 0.0010117428998327683 
44.5 	 0.0009434905138834188 
44.52 	 0.0008824954168058152 
44.54 	 0.0008293797819400653 
44.56 	 0.0007844589031842044 
44.58 	 0.000747617449540934 
44.6 	 0.000718498082064697 
44.62 	 0.000696482462466317 
44.64 	 0.0006808532798721861 
44.66 	 0.0006708199644637332 
44.68 	 0.000665621205153434 
44.7 	 0.0006645407695201405 
44.72 	 0.0006669335593935741 
44.74 	 0.000672211713213263 
44.76 	 0.0006798107736767107 
44.78 	 0.000689164680703943 
44.8 	 0.0006996533114550714 
44.82 	 0.0007106002801202048 
44.84 	 0.0007212417954963793 
44.86 	 0.0007307665251516665 
44.88 	 0.0007383234198473791 
44.9 	 0.0007430935009416023 
44.92 	 0.0007443294214796284 
44.94 	 0.000741426402340337 
44.96 	 0.0007339729901752368 
44.98 	 0.0007217843820361455 
45.0 	 0.0007049440740301097 
45.02 	 0.0006837764700597858 
45.04 	 0.000658867808537265 
45.06 	 0.0006309781452536869 
45.08 	 0.0006010420118821049 
45.1 	 0.0005700426331254234 
45.12 	 0.0005390039956874737 
45.14 	 0.0005088630350040849 
45.16 	 0.00048047015593927775 
45.18 	 0.00045449233367416444 
45.2 	 0.0004314349285063288 
45.22 	 0.0004115921925476425 
45.24 	 0.0003950914428817663 
45.26 	 0.00038188701976379165 
45.28 	 0.00037181610427424995 
45.3 	 0.00036461872986099736 
45.32 	 0.0003599900281448544 
45.34 	 0.00035760732036966723 
45.36 	 0.0003571676097236557 
45.38 	 0.000358409837249024 
45.4 	 0.00036113427156177224 
45.42 	 0.0003652165863018281 
45.44 	 0.00037061141690194327 
45.46 	 0.00037735967146142554 
45.48 	 0.00038557905510239106 
45.5 	 0.00039546610787044806 
45.52 	 0.00040727324050346327 
45.54 	 0.0004213052133398431 
45.56 	 0.00043787892626782085 
45.58 	 0.0004573143661723244 
45.6 	 0.0004798736662707436 
45.62 	 0.0005057513982396854 
45.64 	 0.0005349945224025493 
45.66 	 0.0005675052577390633 
45.68 	 0.0006029514289793472 
45.7 	 0.0006408021570406547 
45.72 	 0.000680244451547936 
45.74 	 0.0007202710285086919 
45.76 	 0.0007596198703686088 
45.78 	 0.0007969202213353336 
45.8 	 0.0008306660431372493 
45.82 	 0.0008594022468766466 
45.84 	 0.0008817322729172898 
45.86 	 0.0008965006902992463 
45.88 	 0.0009028231047129843 
45.9 	 0.0009002069165222828 
45.92 	 0.0008885832592728352 
45.94 	 0.0008683169641505411 
45.96 	 0.000840221005351112 
45.98 	 0.0008054418083076739 
46.0 	 0.0007654501630632707 
46.02 	 0.0007218358510265499 
46.04 	 0.0006762904110393288 
46.06 	 0.0006303808016653471 
46.08 	 0.0005855542936633111 
46.1 	 0.0005429624745389817 
46.12 	 0.0005035122989304745 
46.14 	 0.000467776891499501 
46.16 	 0.0004360897369510885 
46.18 	 0.00040852968905194363 
46.2 	 0.00038502687200561286 
46.22 	 0.00036537819503602544 
46.24 	 0.00034932722060377003 
46.26 	 0.00033657107401795103 
46.28 	 0.0003267978877096768 
46.3 	 0.00031967597579556957 
46.32 	 0.0003148628168674099 
46.34 	 0.000311993973200451 
46.36 	 0.0003106908405456181 
46.38 	 0.00031056804636376715 
46.4 	 0.0003112539723344653 
46.42 	 0.0003124144537389117 
46.44 	 0.00031377570279750663 
46.46 	 0.0003151424900006721 
46.48 	 0.0003164022479120668 
46.5 	 0.0003175182057590932 
46.52 	 0.0003185066659569049 
46.54 	 0.00031940831148522073 
46.56 	 0.0003202549040946836 
46.58 	 0.0003210435581828025 
46.6 	 0.00032172062124334713 
46.62 	 0.0003221830337500038 
46.64 	 0.0003222937797677874 
46.66 	 0.00032191086622903133 
46.68 	 0.0003209213482857254 
46.7 	 0.0003192726040025591 
46.72 	 0.0003169947305278344 
46.74 	 0.0003142041501935297 
46.76 	 0.00031109296976007623 
46.78 	 0.0003078967817787894 
46.8 	 0.0003048576393380877 
46.82 	 0.00030217819000082064 
46.84 	 0.00029998846189142046 
46.86 	 0.00029832126738337894 
46.88 	 0.00029711157093137143 
46.9 	 0.0002962119373588497 
46.92 	 0.0002954273852679776 
46.94 	 0.0002945574673472854 
46.96 	 0.0002934405030372405 
46.98 	 0.0002919872402823071 
47.0 	 0.000290200407778043 
47.02 	 0.00028817182928969723 
47.04 	 0.00028606311489387054 
47.06 	 0.0002840680054122739 
47.08 	 0.0002823714703015022 
47.1 	 0.0002811073844020211 
47.12 	 0.0002803305250756385 
47.14 	 0.0002800032465762951 
47.16 	 0.0002800038542174421 
47.18 	 0.00028015204676761613 
47.2 	 0.0002802471490759201 
47.22 	 0.00028011055013022867 
47.24 	 0.00027962301233825287 
47.26 	 0.0002787489606018477 
47.28 	 0.00027754328219784115 
47.3 	 0.00027613774643011165 
47.32 	 0.0002747129635968684 
47.34 	 0.0002734583713937111 
47.36 	 0.0002725332751903551 
47.38 	 0.0002720329758774897 
47.4 	 0.0002719709145481182 
47.42 	 0.00027227758948717806 
47.44 	 0.00027281760878043276 
47.46 	 0.00027342061890952554 
47.48 	 0.0002739181832400299 
47.5 	 0.00027418014785490183 
47.52 	 0.0002741407996159965 
47.54 	 0.0002738110715951686 
47.56 	 0.0002732736705132491 
47.58 	 0.0002726629008485529 
47.6 	 0.0002721348746453064 
47.62 	 0.000271833737846915 
47.64 	 0.0002718629713783958 
47.66 	 0.00027226667420092047 
47.68 	 0.00027302503656570406 
47.7 	 0.0002740647986188404 
47.72 	 0.0002752800521295317 
47.74 	 0.0002765608987186865 
47.76 	 0.0002778196522238297 
47.78 	 0.00027901309770024887 
47.8 	 0.00028015176847070013 
47.82 	 0.0002812996444371592 
47.84 	 0.00028256076520173103 
47.86 	 0.0002840612576519432 
47.88 	 0.0002859267324439037 
47.9 	 0.00028826551311926225 
47.92 	 0.0002911548740827762 
47.94 	 0.0002946398157687953 
47.96 	 0.00029873385093121793 
47.98 	 0.00030343104172800614 
48.0 	 0.00030871096223309574 
48.02 	 0.0003145496494226092 
48.04 	 0.00032091378377020166 
48.06 	 0.00032775934464290667 
48.08 	 0.00033501023512835305 
48.1 	 0.0003425475660134995 
48.12 	 0.00035018293237956363 
48.14 	 0.0003576530692757084 
48.16 	 0.0003646051795552049 
48.18 	 0.0003706114123335732 
48.2 	 0.0003751784853538311 
48.22 	 0.0003777847220649916 
48.24 	 0.0003779135631737373 
48.26 	 0.0003751010521776847 
48.28 	 0.0003689808979191343 
48.3 	 0.0003593211891669845 
48.32 	 0.0003460633087703278 
48.34 	 0.00032932819294338435 
48.36 	 0.00030943460931203315 
48.38 	 0.00028686719948057475 
48.4 	 0.0002622700304112646 
48.42 	 0.00023638567819090725 
48.44 	 0.000210032840965766 
48.46 	 0.00018403911462062835 
48.48 	 0.00015921981697297963 
48.5 	 0.0001363290655116642 
48.52 	 0.00011605525241699074 
48.54 	 9.900387482921547e-05 
48.56 	 8.571352735978774e-05 
48.58 	 7.666584042492342e-05 
48.6 	 7.23111116706531e-05 
48.62 	 7.308615696500334e-05 
48.64 	 7.942993039448747e-05 
48.66 	 9.17878482113589e-05 
48.68 	 0.00011060080185932489 
48.7 	 0.00013628703692991512 
48.72 	 0.0001692014501496964 
48.74 	 0.00020960797790469106 
48.76 	 0.00025762101657427947 
48.78 	 0.0003132006195509124 
48.8 	 0.0003760919438163148 
48.82 	 0.00044587949403358416 
48.84 	 0.0005219264565037183 
48.86 	 0.0006035079853879289 
48.88 	 0.0006897265234827821 
48.9 	 0.0007797178605826611 
48.92 	 0.000872500484351875 
48.94 	 0.0009672324814628824 
48.96 	 0.0010629612285043013 
48.98 	 0.001158917840315506 
49.0 	 0.0012541679522707755 
49.02 	 0.0013479540850682488 
49.04 	 0.0014392859348194241 
49.06 	 0.0015273518886819051 
49.08 	 0.001611100408962341 
49.1 	 0.0016897196233237712 
49.12 	 0.0017622428692154108 
49.14 	 0.0018280503682828074 
49.16 	 0.0018865021683054889 
49.18 	 0.001937384471020466 
49.2 	 0.0019805603698292043 
49.22 	 0.002016294719147777 
49.24 	 0.0020449267374642328 
49.26 	 0.002067056136005562 
49.28 	 0.0020832656147246344 
49.3 	 0.0020942021252780122 
49.32 	 0.0021003873868658284 
49.34 	 0.002102247799084715 
49.36 	 0.002100037814162191 
49.38 	 0.0020938540050931447 
49.4 	 0.0020836700355993804 
49.42 	 0.002069335194402958 
49.44 	 0.002050698436596254 
49.46 	 0.002027565233453626 
49.48 	 0.0019998810889710803 
49.5 	 0.001967616106249746 
49.52 	 0.0019309831385706606 
49.54 	 0.001890234849040743 
49.56 	 0.001845900934638178 
49.58 	 0.0017985069307912757 
49.6 	 0.0017488230728082668 
49.62 	 0.0016975354248348928 
49.64 	 0.0016455029556031804 
49.66 	 0.0015934204815644098 
49.68 	 0.0015420792791447904 
49.7 	 0.001492055177275898 
49.72 	 0.0014439630094271075 
49.74 	 0.001398187613106408 
49.76 	 0.0013551185081682393 
49.78 	 0.0013149270162281426 
49.8 	 0.0012777700267282018 
49.82 	 0.0012436104628510366 
49.84 	 0.0012123883121492704 
49.86 	 0.0011838830268835084 
49.88 	 0.0011578597786625676 
49.9 	 0.001133972946541468 
49.92 	 0.0011118973474678326 
49.94 	 0.0010912651736915203 
49.96 	 0.0010717834057970492 
49.98 	 0.001053185182968908 
50.0 	 0.0010353233948444047 
50.02 	 0.0010181126892537242 
50.04 	 0.0010015875656806466 
50.06 	 0.000985822250887391 
50.08 	 0.0009709547083593244 
50.1 	 0.0009570946259843709 
50.12 	 0.0009443338053874401 
50.14 	 0.0009326705412145426 
50.16 	 0.0009220347506041552 
50.18 	 0.0009122534420046291 
50.2 	 0.000903105581501679 
50.22 	 0.0008943278735817603 
50.24 	 0.0008856876814340274 
50.26 	 0.0008770000157545529 
50.28 	 0.0008681878684286357 
50.3 	 0.0008592736638781342 
50.32 	 0.0008504013659952051 
50.34 	 0.0008417863400761275 
50.36 	 0.0008336993534368956 
50.38 	 0.0008263922711479463 
50.4 	 0.0008200703136113377 
50.42 	 0.0008148313696816534 
50.44 	 0.0008106594020278236 
50.46 	 0.0008074075181754781 
50.48 	 0.0008048283201087452 
50.5 	 0.0008026021831566202 
50.52 	 0.0008003935144688022 
50.54 	 0.0007978972403148002 
50.56 	 0.0007948924933632852 
50.58 	 0.0007912708202726412 
50.6 	 0.0007870609710507652 
50.62 	 0.0007824160355583348 
50.64 	 0.0007776011166797933 
50.66 	 0.0007729430514691805 
50.68 	 0.0007687943028090691 
50.7 	 0.0007654715475163469 
50.72 	 0.0007632214435769122 
50.74 	 0.0007621806578698109 
50.76 	 0.0007623660870300332 
50.78 	 0.0007636765166335226 
50.8 	 0.0007659139468732069 
50.82 	 0.0007688237835913594 
50.84 	 0.0007721342117348215 
50.86 	 0.0007756105559377423 
50.88 	 0.000779086825508374 
50.9 	 0.0007825022383785716 
50.92 	 0.0007859003327467869 
50.94 	 0.000789426418823727 
50.96 	 0.0007932853571666997 
50.98 	 0.0007977030723236508 
51.0 	 0.000802856930230721 
51.02 	 0.000808829269347984 
51.04 	 0.0008155419891961456 
51.06 	 0.0008227400670724471 
51.08 	 0.0008299635582967567 
51.1 	 0.0008365858744143694 
51.12 	 0.0008418394135762002 
51.14 	 0.0008449018516115865 
51.16 	 0.0008449648062570932 
51.18 	 0.0008413286670005966 
51.2 	 0.0008334825241636632 
51.22 	 0.0008211544875788804 
51.24 	 0.0008043685327486856 
51.26 	 0.0007834136121843162 
51.28 	 0.0007588611775115563 
51.3 	 0.0007314551119250736 
51.32 	 0.0007021013644628712 
51.34 	 0.000671718687861126 
51.36 	 0.0006412308030001335 
51.38 	 0.0006114314263551383 
51.4 	 0.0005830065216197459 
51.42 	 0.0005564491696736129 
51.44 	 0.0005321171319774998 
51.46 	 0.000510198660572038 
51.48 	 0.0004907857574860973 
51.5 	 0.00047386585451076284 
51.52 	 0.00045938223011796775 
51.54 	 0.000447224316760186 
51.56 	 0.0004372590732697694 
51.58 	 0.00042931083575144653 
51.6 	 0.0004231699587891728 
51.62 	 0.00041857392083870373 
51.64 	 0.000415214483182717 
51.66 	 0.00041273812360522426 
51.68 	 0.0004107695262420665 
51.7 	 0.00040893696344719576 
51.72 	 0.00040691147984137 
51.74 	 0.00040444184197194427 
51.76 	 0.0004013896717319422 
51.78 	 0.00039774603213017074 
51.8 	 0.00039363802535303405 
51.82 	 0.00038930637925548814 
51.84 	 0.00038507362640646667 
51.86 	 0.00038128627789803547 
51.88 	 0.0003782595306385002 
51.9 	 0.000376212848738975 
51.92 	 0.0003752240573098212 
51.94 	 0.0003751956989893811 
51.96 	 0.0003758494043569277 
51.98 	 0.0003767454656999534 
52.0 	 0.0003773269852086176 
52.02 	 0.0003769852600468512 
52.04 	 0.0003751354401884842 
52.06 	 0.00037129325176454673 
52.08 	 0.00036514606734581453 
52.1 	 0.0003565978943742144 
52.12 	 0.00034580149663202887 
52.14 	 0.00033314336841732507 
52.16 	 0.00031922236466724375 
52.18 	 0.00030477645909347443 
52.2 	 0.0002906205435084981 
52.22 	 0.00027754580849988155 
52.24 	 0.0002662498193579402 
52.26 	 0.00025725216085164393 
52.28 	 0.0002508531354020246 
52.3 	 0.00024710019947889997 
52.32 	 0.0002457964169343126 
52.34 	 0.00024652728207100237 
52.36 	 0.00024871501488405205 
52.38 	 0.0002516878842742238 
52.4 	 0.00025475492773345304 
52.42 	 0.00025728285745396564 
52.44 	 0.00025875829342536283 
52.46 	 0.0002588376249127686 
52.48 	 0.000257372589447001 
52.5 	 0.0002544142889940005 
52.52 	 0.0002501966809270366 
52.54 	 0.0002450981600166919 
52.56 	 0.00023959578682225757 
52.58 	 0.00023420498906945544 
52.6 	 0.0002294266594905373 
52.62 	 0.0002256905791246673 
52.64 	 0.0002233158525203804 
52.66 	 0.0002224776272313207 
52.68 	 0.0002231929074920165 
52.7 	 0.00022531935801869458 
52.72 	 0.00022856913911584742 
52.74 	 0.00023253840870231924 
52.76 	 0.00023674419305724244 
52.78 	 0.00024067481235948602 
52.8 	 0.00024383842763502664 
52.82 	 0.00024581744587599146 
52.84 	 0.0002463121265422987 
52.86 	 0.0002451778577978475 
52.88 	 0.00024244575114218937 
52.9 	 0.00023832471008273547 
52.92 	 0.0002331869333041372 
52.94 	 0.00022752915321622757 
52.96 	 0.00022192478738513065 
52.98 	 0.00021695703786551217 
53.0 	 0.00021315597223316748 
53.02 	 0.00021093168601595563 
53.04 	 0.00021052508419841068 
53.06 	 0.0002119729386014836 
53.08 	 0.00021509801511482806 
53.1 	 0.00021952539092697963 
53.12 	 0.00022471981885018686 
53.14 	 0.00023004819007679166 
53.16 	 0.0002348476691683 
53.18 	 0.00023850482027246598 
53.2 	 0.00024052098594781588 
53.22 	 0.00024056883778003453 
53.24 	 0.00023852291387736838 
53.26 	 0.00023446650655450482 
53.28 	 0.0002286751184882757 
53.3 	 0.00022157392422305714 
53.32 	 0.0002136876747575146 
53.34 	 0.00020557411176294212 
53.36 	 0.00019776931825452767 
53.38 	 0.00019073026525717325 
53.4 	 0.00018480173049898035 
53.42 	 0.00018018983720258504 
53.44 	 0.00017696063572267162 
53.46 	 0.00017504705597157512 
53.48 	 0.0001742725376876934 
53.5 	 0.00017437931818829768 
53.52 	 0.00017506226698555083 
53.54 	 0.00017600224704713917 
53.56 	 0.0001768961597821801 
53.58 	 0.00017748241100048906 
53.6 	 0.00017755843423544583 
53.62 	 0.00017699110828529302 
53.64 	 0.00017571880058582975 
53.66 	 0.00017374554938594412 
53.68 	 0.0001711299636018294 
53.7 	 0.00016796763412371771 
53.72 	 0.00016437371135908675 
53.74 	 0.0001604621500394403 
53.76 	 0.0001563308933379307 
53.78 	 0.00015204705354388316 
53.8 	 0.00014764179979399728 
53.82 	 0.00014310674786687904 
53.84 	 0.0001384005262090596 
53.86 	 0.0001334556132570139 
53.88 	 0.00012819301221155213 
53.9 	 0.0001225339274257777 
53.92 	 0.00011641585588332701 
53.94 	 0.00010980200328557888 
53.96 	 0.00010269236510729219 
53.98 	 9.512565767352327e-05 
54.0 	 8.71818236266392e-05 
54.02 	 7.897510210159493e-05 
54.04 	 7.06483373785589e-05 
54.06 	 6.235986501145807e-05 
54.08 	 5.427341210303824e-05 
54.1 	 4.65440304296853e-05 
54.12 	 3.930881980717478e-05 
54.14 	 3.267709644525252e-05 
54.16 	 2.6726036429247542e-05 
54.18 	 2.14977526994796e-05 
54.2 	 1.700101685348537e-05 
54.22 	 1.3214540966807241e-05 
54.24 	 1.0092941043749728e-05 
54.26 	 7.573180754495577e-06 
54.28 	 5.581578970610176e-06 
54.3 	 4.040070029236085e-06 
54.32 	 2.871577871275377e-06 
54.34 	 2.0040676891594095e-06 
54.36 	 1.3731927381742874e-06 
54.38 	 9.237518155472796e-07 
54.4 	 6.100383249061918e-07 
54.42 	 3.9551286220511785e-07 
54.44 	 2.516708635397931e-07 
54.46 	 1.5717016987300655e-07 
54.48 	 9.657056180250437e-08 
54.5 	 5.819089469244073e-08 
54.52 	 3.414284955677271e-08 
54.54 	 1.971238338250362e-08 
54.56 	 1.2904784139758924e-08 
54.58 	 7.450580596923828e-09 
54.6 	 0.0 
54.62 	 0.0 
54.64 	 0.0 
54.66 	 0.0 
54.68 	 0.0 
54.7 	 0.0 
54.72 	 0.0 
54.74 	 0.0 
54.76 	 0.0 
54.78 	 0.0 
54.8 	 0.0 
54.82 	 0.0 
54.84 	 0.0 
54.86 	 0.0 
54.88 	 0.0 
54.9 	 0.0 
54.92 	 0.0 
54.94 	 0.0 
54.96 	 0.0 
54.98 	 0.0 
55.0 	 0.0 
55.02 	 0.0 
55.04 	 0.0 
55.06 	 0.0 
55.08 	 0.0 
55.1 	 0.0 
55.12 	 0.0 
55.14 	 0.0 
55.16 	 0.0 
55.18 	 0.0 
55.2 	 0.0 
55.22 	 0.0 
55.24 	 0.0 
55.26 	 0.0 
55.28 	 0.0 
55.3 	 0.0 
55.32 	 0.0 
55.34 	 0.0 
55.36 	 0.0 
55.38 	 0.0 
55.4 	 0.0 
55.42 	 0.0 
55.44 	 0.0 
55.46 	 0.0 
55.48 	 0.0 
55.5 	 0.0 
55.52 	 0.0 
55.54 	 0.0 
55.56 	 0.0 
55.58 	 0.0 
55.6 	 0.0 
55.62 	 0.0 
55.64 	 0.0 
55.66 	 0.0 
55.68 	 0.0 
55.7 	 0.0 
55.72 	 0.0 
55.74 	 0.0 
55.76 	 0.0 
55.78 	 0.0 
55.8 	 0.0 
55.82 	 0.0 
55.84 	 0.0 
55.86 	 0.0 
55.88 	 0.0 
55.9 	 0.0 
55.92 	 0.0 
55.94 	 0.0 
55.96 	 0.0 
55.98 	 0.0 
56.0 	 0.0 
56.02 	 0.0 
56.04 	 0.0 
56.06 	 0.0 
56.08 	 0.0 
56.1 	 0.0 
56.12 	 0.0 
56.14 	 0.0 
56.16 	 0.0 
56.18 	 0.0 
56.2 	 0.0 
56.22 	 0.0 
56.24 	 0.0 
56.26 	 0.0 
56.28 	 0.0 
56.3 	 0.0 
56.32 	 0.0 
56.34 	 0.0 
56.36 	 0.0 
56.38 	 0.0 
56.4 	 0.0 
56.42 	 0.0 
56.44 	 0.0 
56.46 	 0.0 
56.48 	 0.0 
56.5 	 0.0 
56.52 	 0.0 
56.54 	 0.0 
56.56 	 0.0 
56.58 	 0.0 
56.6 	 0.0 
56.62 	 0.0 
56.64 	 0.0 
56.66 	 0.0 
56.68 	 0.0 
56.7 	 0.0 
56.72 	 0.0 
56.74 	 0.0 
56.76 	 0.0 
56.78 	 0.0 
56.8 	 0.0 
56.82 	 0.0 
56.84 	 0.0 
56.86 	 0.0 
56.88 	 0.0 
56.9 	 0.0 
56.92 	 0.0 
56.94 	 0.0 
56.96 	 0.0 
56.98 	 0.0 
57.0 	 0.0 
57.02 	 0.0 
57.04 	 0.0 
57.06 	 0.0 
57.08 	 0.0 
57.1 	 0.0 
57.12 	 0.0 
57.14 	 0.0 
57.16 	 0.0 
57.18 	 0.0 
57.2 	 0.0 
57.22 	 0.0 
57.24 	 0.0 
57.26 	 0.0 
57.28 	 0.0 
57.3 	 0.0 
57.32 	 0.0 
57.34 	 0.0 
57.36 	 0.0 
57.38 	 0.0 
57.4 	 0.0 
57.42 	 0.0 
57.44 	 0.0 
57.46 	 0.0 
57.48 	 0.0 
57.5 	 0.0 
57.52 	 0.0 
57.54 	 0.0 
57.56 	 0.0 
57.58 	 0.0 
57.6 	 0.0 
57.62 	 0.0 
57.64 	 0.0 
57.66 	 0.0 
57.68 	 0.0 
57.7 	 0.0 
57.72 	 0.0 
57.74 	 0.0 
57.76 	 0.0 
57.78 	 0.0 
57.8 	 0.0 
57.82 	 0.0 
57.84 	 0.0 
57.86 	 0.0 
57.88 	 0.0 
57.9 	 0.0 
57.92 	 0.0 
57.94 	 0.0 
57.96 	 0.0 
57.98 	 0.0 
58.0 	 0.0 
58.02 	 0.0 
58.04 	 0.0 
58.06 	 0.0 
58.08 	 0.0 
58.1 	 0.0 
58.12 	 0.0 
58.14 	 0.0 
58.16 	 0.0 
58.18 	 0.0 
58.2 	 0.0 
58.22 	 0.0 
58.24 	 0.0 
58.26 	 0.0 
58.28 	 0.0 
58.3 	 0.0 
58.32 	 0.0 
58.34 	 0.0 
58.36 	 0.0 
58.38 	 0.0 
58.4 	 0.0 
58.42 	 0.0 
58.44 	 0.0 
58.46 	 0.0 
58.48 	 0.0 
58.5 	 0.0 
58.52 	 0.0 
58.54 	 0.0 
58.56 	 0.0 
58.58 	 0.0 
58.6 	 0.0 
58.62 	 0.0 
58.64 	 0.0 
58.66 	 0.0 
58.68 	 0.0 
58.7 	 0.0 
58.72 	 0.0 
58.74 	 0.0 
58.76 	 0.0 
58.78 	 0.0 
58.8 	 0.0 
58.82 	 0.0 
58.84 	 0.0 
58.86 	 0.0 
58.88 	 0.0 
58.9 	 0.0 
58.92 	 0.0 
58.94 	 0.0 
58.96 	 0.0 
58.98 	 0.0 
59.0 	 0.0 
59.02 	 0.0 
59.04 	 0.0 
59.06 	 0.0 
59.08 	 0.0 
59.1 	 0.0 
59.12 	 0.0 
59.14 	 0.0 
59.16 	 0.0 
59.18 	 0.0 
59.2 	 0.0 
59.22 	 0.0 
59.24 	 0.0 
59.26 	 0.0 
59.28 	 0.0 
59.3 	 0.0 
59.32 	 0.0 
59.34 	 0.0 
59.36 	 0.0 
59.38 	 0.0 
59.4 	 0.0 
59.42 	 0.0 
59.44 	 0.0 
59.46 	 0.0 
59.48 	 0.0 
59.5 	 0.0 
59.52 	 0.0 
59.54 	 0.0 
59.56 	 0.0 
59.58 	 0.0 
59.6 	 0.0 
59.62 	 0.0 
59.64 	 0.0 
59.66 	 0.0 
59.68 	 0.0 
59.7 	 0.0 
59.72 	 0.0 
59.74 	 0.0 
59.76 	 0.0 
59.78 	 0.0 
59.8 	 0.0 
59.82 	 0.0 
59.84 	 0.0 
59.86 	 0.0 
59.88 	 0.0 
59.9 	 0.0 
59.92 	 0.0 
59.94 	 0.0 
59.96 	 0.0 
59.98 	 0.0 
