0.0 	 0.00499572267409917 
0.02 	 0.004531322238532126 
0.04 	 0.004351957266408242 
0.06 	 0.004163384433362577 
0.08 	 0.004065169139166205 
0.1 	 0.003950868799692499 
0.12 	 0.0038791102866958475 
0.14 	 0.003800891935449051 
0.16 	 0.003747250417290779 
0.18 	 0.0036940632213783354 
0.2 	 0.0036562091267091134 
0.22 	 0.003621396796544313 
0.24 	 0.003596831153967053 
0.26 	 0.0035745082521907853 
0.28 	 0.003559750087962872 
0.3 	 0.003544730882383893 
0.32 	 0.0035359897733410485 
0.34 	 0.003524359736869645 
0.36 	 0.0035184057764701786 
0.38 	 0.0035078467563043666 
0.4 	 0.0035025563178837436 
0.42 	 0.003492258740232738 
0.44 	 0.003486741883528194 
0.46 	 0.003477038776587256 
0.48 	 0.003471464131197815 
0.5 	 0.003463375869740836 
0.52 	 0.003458652519258333 
0.54 	 0.0034534707487409865 
0.56 	 0.003450906272257287 
0.58 	 0.003449872172057871 
0.6 	 0.003450872891045867 
0.62 	 0.0034549621116180163 
0.64 	 0.0034608079816289294 
0.66 	 0.003470617967318121 
0.68 	 0.003482326902159457 
0.7 	 0.003498050625713431 
0.72 	 0.0035163285027198427 
0.74 	 0.0035377804075071256 
0.76 	 0.0035630264222955865 
0.78 	 0.003589669623975982 
0.8 	 0.0036219829915479828 
0.82 	 0.0036529099929703437 
0.84 	 0.003692042806262889 
0.86 	 0.0037258955450005862 
0.88 	 0.0037711283751733905 
0.9 	 0.003805996777171858 
0.92 	 0.003855968213189566 
0.94 	 0.0038893505300545634 
0.96 	 0.003941921915899051 
0.98 	 0.003970834144303125 
1.0 	 0.0040230872337251875 
1.02 	 0.004044360600312302 
1.04 	 0.004092794975093736 
1.06 	 0.004103517209670259 
1.08 	 0.004144444713302321 
1.1 	 0.004142423026748069 
1.12 	 0.004172473807235405 
1.14 	 0.004156566887189586 
1.16 	 0.004173158738758178 
1.18 	 0.00414336190352809 
1.2 	 0.004144973930857503 
1.22 	 0.004102234944275839 
1.24 	 0.0040883905166697095 
1.26 	 0.00403424759811798 
1.28 	 0.004005242910413648 
1.3 	 0.0039414635661417785 
1.32 	 0.003898022897896194 
1.34 	 0.0038264380216049138 
1.36 	 0.003769548915414108 
1.38 	 0.0036921997572011496 
1.4 	 0.0036233162114694467 
1.42 	 0.0035428819072391687 
1.44 	 0.0034644890847882275 
1.46 	 0.003384796439836535 
1.48 	 0.0033010881075179067 
1.5 	 0.003227389867474921 
1.52 	 0.003144635512261622 
1.54 	 0.003083333616572717 
1.56 	 0.0030095143041370294 
1.58 	 0.0029671443442385965 
1.6 	 0.002910675634770186 
1.62 	 0.0028922705729945847 
1.64 	 0.0028600556176955963 
1.66 	 0.0028673839096222875 
1.68 	 0.002862841885915264 
1.7 	 0.0028932487240805192 
1.72 	 0.0029150721254103153 
1.74 	 0.0029615251899397345 
1.76 	 0.003003634539371834 
1.78 	 0.003056102244980175 
1.8 	 0.0031087927196587883 
1.82 	 0.003156552870693668 
1.84 	 0.003208492062438909 
1.86 	 0.0032426921127219127 
1.88 	 0.0032833636458066257 
1.9 	 0.0032991977758043247 
1.92 	 0.0033214347057175437 
1.94 	 0.0033195005669085747 
1.96 	 0.0033216801363564054 
1.98 	 0.003308227432937538 
2.0 	 0.0032954660395678893 
2.02 	 0.00328129174975785 
2.04 	 0.003264847847393251 
2.06 	 0.003262689228671164 
2.08 	 0.003257143846860546 
2.1 	 0.003277845314348553 
2.12 	 0.003296591797954771 
2.14 	 0.0033451027095893473 
2.16 	 0.0033957280798067907 
2.18 	 0.0034685938730264 
2.2 	 0.0035500161227040826 
2.22 	 0.003635714526293052 
2.24 	 0.0037381131496263746 
2.26 	 0.003820294483970824 
2.28 	 0.003927589891684529 
2.3 	 0.003989885475073488 
2.32 	 0.004083753462579378 
2.34 	 0.004114293313434676 
2.36 	 0.004178681384457182 
2.38 	 0.004172964309270636 
2.4 	 0.004198245072882772 
2.42 	 0.004159891726226913 
2.44 	 0.004145647926480938 
2.46 	 0.004085140305854298 
2.48 	 0.004040380407526675 
2.5 	 0.003972054987763151 
2.52 	 0.003912166313948098 
2.54 	 0.003850004548195905 
2.56 	 0.0037912488210354316 
2.58 	 0.003744727024987268 
2.6 	 0.0036986794636135224 
2.62 	 0.0036704711943170527 
2.64 	 0.00364105048342777 
2.66 	 0.0036277351424118544 
2.68 	 0.0036119524857173768 
2.7 	 0.003607217369141258 
2.72 	 0.003598697177512542 
2.74 	 0.003597193344995727 
2.76 	 0.0035903871482817046 
2.78 	 0.0035903935143575434 
2.8 	 0.0035835943269049474 
2.82 	 0.0035876178839902026 
2.84 	 0.003583808224005666 
2.86 	 0.0035973085422869927 
2.88 	 0.0036029240466869104 
2.9 	 0.003632002233171102 
2.92 	 0.0036544926923242614 
2.94 	 0.003703563844289858 
2.96 	 0.0037489123158251886 
2.98 	 0.003819133515900995 
3.0 	 0.003890159572412877 
3.02 	 0.003978867275447928 
3.04 	 0.004074480734068647 
3.06 	 0.0041754479857617315 
3.08 	 0.004290560831013352 
3.1 	 0.004394818550341998 
3.12 	 0.004520675284189522 
3.14 	 0.0046178709446937655 
3.16 	 0.004742944908016709 
3.18 	 0.004823329851067007 
3.2 	 0.004935179856071781 
3.22 	 0.004992053035857133 
3.24 	 0.005080274787843303 
3.26 	 0.005112235397157841 
3.28 	 0.005171876427748864 
3.3 	 0.005183939217088225 
3.32 	 0.005217889174168525 
3.34 	 0.005220644900716767 
3.36 	 0.0052393271325912915 
3.38 	 0.005246014636314152 
3.4 	 0.005263878753082302 
3.42 	 0.005286480477952486 
3.44 	 0.005317021920205813 
3.46 	 0.005363663615553393 
3.48 	 0.005416281060976321 
3.5 	 0.005492011208741631 
3.52 	 0.005573268850277905 
3.54 	 0.0056842251308235935 
3.56 	 0.005803266349459701 
3.58 	 0.0059616523131495874 
3.6 	 0.006136577116708109 
3.62 	 0.006362604092636107 
3.64 	 0.0066233510298710245 
3.66 	 0.006941122414880047 
3.68 	 0.0073255847448393035 
3.7 	 0.0077528963582578535 
3.72 	 0.008296562525488205 
3.74 	 0.008833134305136818 
3.76 	 0.009556634480928698 
3.78 	 0.010178416721531585 
3.8 	 0.011078462591456666 
3.82 	 0.011743200652612033 
3.84 	 0.012789121737314635 
3.86 	 0.013450447774777602 
3.88 	 0.014584649809078178 
3.9 	 0.015205095017648872 
3.92 	 0.016345962042750295 
3.94 	 0.01689992129789286 
3.96 	 0.01794889715151761 
3.98 	 0.018414455873787438 
4.0 	 0.0192699207766268 
4.02 	 0.019617234735890977 
4.04 	 0.020193923644285662 
4.06 	 0.020380769761179418 
4.08 	 0.02062837104193481 
4.1 	 0.020608541433528603 
4.12 	 0.020521953129944936 
4.14 	 0.020263226476375115 
4.16 	 0.019880899742097936 
4.18 	 0.019382665547977126 
4.2 	 0.018774933826376242 
4.22 	 0.018075109060374427 
4.24 	 0.017327315956159103 
4.26 	 0.016493793113327937 
4.28 	 0.015688818060622393 
4.3 	 0.014799053241987036 
4.32 	 0.014002794588708872 
4.34 	 0.013121508912246099 
4.36 	 0.01237438218336037 
4.38 	 0.011539663529287876 
4.4 	 0.010856075277777624 
4.42 	 0.010078465117913361 
4.44 	 0.009453632171164527 
4.46 	 0.008725697378911912 
4.48 	 0.008146473324889545 
4.5 	 0.007456472530338924 
4.52 	 0.0069117726837418765 
4.54 	 0.00625498183279837 
4.56 	 0.005742172602319063 
4.58 	 0.005125594063961258 
4.6 	 0.004651180466799603 
4.62 	 0.004090688030528994 
4.64 	 0.003666165582116389 
4.66 	 0.0031788505547829956 
4.68 	 0.002814702326869566 
4.7 	 0.002411366037183852 
4.72 	 0.0021125716283218773 
4.74 	 0.001794258648139561 
4.76 	 0.0015590605508104842 
4.78 	 0.0013182351719504255 
4.8 	 0.001139699043977603 
4.82 	 0.0009640113872108326 
4.84 	 0.0008327535027684658 
4.86 	 0.0007089040301757923 
4.88 	 0.0006155330111187682 
4.9 	 0.0005318134584120306 
4.92 	 0.00046839818922461376 
4.94 	 0.0004156859078998355 
4.96 	 0.000376223439616866 
4.98 	 0.00034786384921535826 
5.0 	 0.0003280586072351408 
5.02 	 0.0003192201731014769 
5.04 	 0.00031595957902006615 
5.06 	 0.0003229257410638072 
5.08 	 0.0003337571388657874 
5.1 	 0.00035340575657969646 
5.12 	 0.0003761691180860287 
5.14 	 0.00040568419841697937 
5.16 	 0.00043830449766365446 
5.18 	 0.0004750371962832577 
5.2 	 0.0005153932827558208 
5.22 	 0.0005567741912600765 
5.24 	 0.0006025729880632152 
5.26 	 0.0006460517145162379 
5.28 	 0.0006947283195577143 
5.3 	 0.000737803896687994 
5.32 	 0.0007865658992936418 
5.34 	 0.0008269931803323708 
5.36 	 0.0008731418338803222 
5.38 	 0.0009093256298440579 
5.4 	 0.0009508706164856977 
5.42 	 0.0009823272881384845 
5.44 	 0.001018702674372826 
5.46 	 0.0010463498481561063 
5.48 	 0.0010788554840201444 
5.5 	 0.0011048593504655725 
5.52 	 0.0011364407703353743 
5.54 	 0.0011634708263045489 
5.56 	 0.0011976861351029914 
5.58 	 0.001227708886371808 
5.6 	 0.0012671290638708041 
5.62 	 0.0013001948448822893 
5.64 	 0.0013448246253345286 
5.66 	 0.0013784317776614297 
5.68 	 0.001424822498448104 
5.7 	 0.0014542289875219979 
5.72 	 0.0014957545542317098 
5.74 	 0.001515174894861771 
5.76 	 0.0015435746964412328 
5.78 	 0.0015478635045450245 
5.8 	 0.001555729517357839 
5.82 	 0.0015420791404123083 
5.84 	 0.0015255384564655749 
5.86 	 0.001494772990204603 
5.88 	 0.0014553463222948377 
5.9 	 0.0014124075333678083 
5.92 	 0.001357189987407158 
5.94 	 0.0013104883228574006 
5.96 	 0.0012505111341327563 
5.98 	 0.001210179437567762 
6.0 	 0.0011576991367235835 
6.02 	 0.0011333173497171368 
6.04 	 0.0010991912877196235 
6.06 	 0.0010977821171700302 
6.08 	 0.0010897389192777494 
6.1 	 0.0011145492288174841 
6.12 	 0.0011364468970961519 
6.14 	 0.0011865723134126956 
6.16 	 0.0012382935308017959 
6.18 	 0.0013090117477662024 
6.2 	 0.0013867023374456622 
6.22 	 0.001470440965981669 
6.24 	 0.0015670797358499056 
6.26 	 0.0016549370132146063 
6.28 	 0.0017613806377507828 
6.3 	 0.0018449224017282658 
6.32 	 0.0019514837073617583 
6.34 	 0.0020243639693440325 
6.36 	 0.0021227315680859915 
6.38 	 0.0021817215350480933 
6.4 	 0.002266733672943876 
6.42 	 0.0023119321127859954 
6.44 	 0.002382536343030228 
6.46 	 0.0024167108683943975 
6.48 	 0.00247556527604805 
6.5 	 0.002502733224851274 
6.52 	 0.002554402451074302 
6.54 	 0.0025780020062281914 
6.56 	 0.002626366167535869 
6.58 	 0.0026476410841872644 
6.6 	 0.0026935813039420916 
6.62 	 0.002710853808269504 
6.64 	 0.002751229724376147 
6.66 	 0.002760406002349895 
6.68 	 0.002788830486479479 
6.7 	 0.0027849501607437512 
6.72 	 0.002794144766851446 
6.74 	 0.0027733903056620947 
6.76 	 0.0027582324389201643 
6.78 	 0.002719691004810389 
6.8 	 0.002679669236541874 
6.82 	 0.0026261966667422395 
6.84 	 0.0025661289339274623 
6.86 	 0.0025038956960853655 
6.88 	 0.0024325540042083194 
6.9 	 0.002369369753194237 
6.92 	 0.0022967538232956477 
6.94 	 0.0022399212947628684 
6.96 	 0.00217459626200173 
6.98 	 0.0021293182232381912 
7.0 	 0.002076975246560793 
7.02 	 0.0020459065879803178 
7.04 	 0.0020093744495321216 
7.06 	 0.001993121819352247 
7.08 	 0.001973207097898625 
7.1 	 0.0019710924654361465 
7.12 	 0.001967394833241183 
7.14 	 0.001977909550741833 
7.16 	 0.0019891174654161465 
7.18 	 0.0020099617979802476 
7.2 	 0.0020336925321456463 
7.22 	 0.0020617003742346564 
7.24 	 0.0020943211551507114 
7.26 	 0.0021256532391657535 
7.28 	 0.002162533796989672 
7.3 	 0.002193303664632473 
7.32 	 0.0022296645296259136 
7.34 	 0.002256843867998815 
7.36 	 0.002288975940061914 
7.38 	 0.0023112172354917567 
7.4 	 0.002337570005400313 
7.42 	 0.0023555740763010124 
7.44 	 0.0023771930493698824 
7.46 	 0.002393420074750492 
7.48 	 0.002413489958630909 
7.5 	 0.002431296669965569 
7.52 	 0.002453984872841344 
7.54 	 0.002476548607146154 
7.56 	 0.002505692799680445 
7.58 	 0.002535198205872473 
7.6 	 0.00257343392738044 
7.62 	 0.002610858924169539 
7.64 	 0.002659524147819376 
7.66 	 0.00270503817813725 
7.68 	 0.0027647836947135495 
7.7 	 0.0028184447839417893 
7.72 	 0.0028901150452308863 
7.74 	 0.0029523787894847834 
7.76 	 0.003037536513116397 
7.78 	 0.00310914052647148 
7.8 	 0.0032096749760379827 
7.82 	 0.003290747716360372 
7.84 	 0.003407383651604468 
7.86 	 0.0034960783257300143 
7.88 	 0.003626219499883644 
7.9 	 0.0037175689634595457 
7.92 	 0.0038534974400900217 
7.94 	 0.003939231624872652 
7.96 	 0.004067893993541119 
7.98 	 0.0041376038803769485 
8.0 	 0.0042428501324073544 
8.02 	 0.00428642184234143 
8.04 	 0.004353643794543821 
8.06 	 0.004364550767308123 
8.08 	 0.0043863865791642295 
8.1 	 0.004364987800842029 
8.12 	 0.004345595125558996 
8.14 	 0.004300862220959924 
8.16 	 0.00425607114789484 
8.18 	 0.004203892668815372 
8.2 	 0.004156070858687876 
8.22 	 0.004113657912195421 
8.24 	 0.004082970474328886 
8.26 	 0.004061616715206021 
8.28 	 0.004057686232416399 
8.3 	 0.004057753901993806 
8.32 	 0.004075632947403167 
8.34 	 0.004086260269149604 
8.36 	 0.004108265077030079 
8.38 	 0.004111334135367036 
8.4 	 0.004113606941936539 
8.42 	 0.0040898141018508955 
8.44 	 0.004050912791298583 
8.46 	 0.003985933929688384 
8.48 	 0.0038943115004380475 
8.5 	 0.0037835378958839014 
8.52 	 0.003641252501969013 
8.54 	 0.003491636660216816 
8.56 	 0.0033131139202019397 
8.58 	 0.003141178615510015 
8.6 	 0.0029479912544725655 
8.62 	 0.0027746767093795874 
8.64 	 0.0025889978219692383 
8.66 	 0.002433748457416959 
8.68 	 0.002273297964048374 
8.7 	 0.002150006206853775 
8.72 	 0.002025956378934937 
8.74 	 0.0019418942252446294 
8.76 	 0.0018594512521903086 
8.78 	 0.001816533679197742 
8.8 	 0.0017769124437764902 
8.82 	 0.0017738361785563552 
8.84 	 0.0017763377920513403 
8.86 	 0.0018103863737689856 
8.88 	 0.0018537841707019726 
8.9 	 0.0019217322887373407 
8.92 	 0.002004667751350588 
8.94 	 0.002102762417183649 
8.96 	 0.0022231883418296168 
8.98 	 0.0023465245042305007 
9.0 	 0.0025004781954200478 
9.02 	 0.0026422614509086276 
9.04 	 0.002822477286679446 
9.06 	 0.002973674497388407 
9.08 	 0.003168725117958351 
9.1 	 0.0033184375190608603 
9.12 	 0.003513120992572635 
9.14 	 0.003649766675572345 
9.16 	 0.0038272068903557003 
9.18 	 0.003940409207908244 
9.2 	 0.004085728815440958 
9.22 	 0.004168655283279422 
9.24 	 0.004273215368843407 
9.26 	 0.0043248136105525315 
9.28 	 0.004389312394966751 
9.3 	 0.004415474500373006 
9.32 	 0.004450277007941234 
9.34 	 0.0044629466070278115 
9.36 	 0.004485176315100613 
9.38 	 0.004499297310582532 
9.4 	 0.004527931205374372 
9.42 	 0.0045575301600276575 
9.44 	 0.004608836596762272 
9.46 	 0.004664214237151112 
9.48 	 0.00474952200826109 
9.5 	 0.004836774311917877 
9.52 	 0.004963042199191244 
9.54 	 0.005085574047901047 
9.56 	 0.005257627052371336 
9.58 	 0.005418198429593719 
9.6 	 0.0056407145815554555 
9.62 	 0.005842487925749014 
9.64 	 0.006120090353724908 
9.66 	 0.006365914512732746 
9.68 	 0.006700801489339969 
9.7 	 0.0069910076621814915 
9.72 	 0.0073789706210329875 
9.74 	 0.007708701981926062 
9.76 	 0.008135549516713468 
9.78 	 0.008492809766444426 
9.8 	 0.008933588510689481 
9.82 	 0.009299017091140052 
9.84 	 0.009721671626087672 
9.86 	 0.01007091055277277 
9.88 	 0.010444113564539238 
9.9 	 0.010753120462429608 
9.92 	 0.011055402421350606 
9.94 	 0.01130722911563665 
9.96 	 0.011532599220800964 
9.98 	 0.011721480100650244 
10.0 	 0.011877335080972263 
10.02 	 0.01200539135464394 
10.04 	 0.012102447705081353 
10.06 	 0.012168469361551974 
10.08 	 0.012207821806197621 
10.1 	 0.012194355892190718 
10.12 	 0.012159627003248371 
10.14 	 0.012028339666377001 
10.16 	 0.011888714444256118 
10.18 	 0.011591318815692113 
10.2 	 0.011315556387792953 
10.22 	 0.01081944452290797 
10.24 	 0.010395341544706138 
10.26 	 0.009712311791327173 
10.28 	 0.009162432965781824 
10.3 	 0.008361168474315755 
10.32 	 0.007744681047295873 
10.34 	 0.006932753275124668 
10.36 	 0.006328495498399392 
10.38 	 0.00561135615894631 
10.4 	 0.005090292153133112 
10.42 	 0.004534734048978947 
10.44 	 0.004138990757331638 
10.46 	 0.003762537673716718 
10.48 	 0.003501213436167231 
10.5 	 0.0032847339881563646 
10.52 	 0.0031427022787053637 
10.54 	 0.0030500541553379382 
10.56 	 0.0030003526163864666 
10.58 	 0.002993228203670589 
10.6 	 0.0030067356022503732 
10.62 	 0.0030520140796642444 
10.64 	 0.0031028227940425395 
10.66 	 0.003174668658763802 
10.68 	 0.003242212611783588 
10.7 	 0.0033218656518231643 
10.72 	 0.0033914144412455797 
10.74 	 0.0034665272190970266 
10.76 	 0.0035290858935853016 
10.78 	 0.003593209747194695 
10.8 	 0.0036451609414100395 
10.82 	 0.00369729752750853 
10.84 	 0.0037398526205596836 
10.86 	 0.0037839415229221304 
10.88 	 0.0038225203745594584 
10.9 	 0.0038668367632843244 
10.92 	 0.003910376198765324 
10.94 	 0.003966549707519736 
10.96 	 0.004026260597679412 
10.98 	 0.004107129087719548 
11.0 	 0.004193868527066819 
11.02 	 0.004309375939447654 
11.04 	 0.004429277202918898 
11.06 	 0.004580542364583143 
11.08 	 0.0047298969858127924 
11.1 	 0.00490301069781497 
11.12 	 0.005064740392475646 
11.14 	 0.00522715821622219 
11.16 	 0.005371424857242716 
11.18 	 0.005474626058629021 
11.2 	 0.005564784773641141 
11.22 	 0.005556160083244268 
11.24 	 0.005559025417990631 
11.26 	 0.005401919219774296 
11.28 	 0.0052993081434182625 
11.3 	 0.004992908703125757 
11.32 	 0.004790061676538068 
11.34 	 0.00437583457727643 
11.36 	 0.004101902471790599 
11.38 	 0.003648768854141106 
11.4 	 0.003347258949012606 
11.42 	 0.002923466054736606 
11.44 	 0.0026370135512986097 
11.46 	 0.002287217587702725 
11.48 	 0.0020452051586994486 
11.5 	 0.0017842675108555564 
11.52 	 0.0015985634103024178 
11.54 	 0.001418893720356278 
11.56 	 0.001286811154488135 
11.58 	 0.0011698505267344478 
11.6 	 0.0010804237923476947 
11.62 	 0.0010058907451920586 
11.64 	 0.0009459813415507452 
11.66 	 0.0008971116061195131 
11.68 	 0.000855469397662201 
11.7 	 0.0008208301928922713 
11.72 	 0.0007897318220092603 
11.74 	 0.0007627961825782767 
11.76 	 0.0007378568716719725 
11.78 	 0.0007155276298942848 
11.8 	 0.0006946557388424531 
11.82 	 0.0006757134878967036 
11.84 	 0.0006580395526498276 
11.86 	 0.0006420718158786954 
11.88 	 0.0006272602217760779 
11.9 	 0.0006141438329962352 
11.92 	 0.0006020762763811552 
11.94 	 0.0005917775608218911 
11.96 	 0.0005824021176035633 
11.98 	 0.0005748474798114061 
12.0 	 0.0005680408244336929 
12.02 	 0.0005629806405076518 
12.04 	 0.0005584220609774214 
12.06 	 0.0005553521378424455 
12.08 	 0.0005524849807617595 
12.1 	 0.0005506909852729967 
12.12 	 0.0005488036295049062 
12.14 	 0.0005475051720323141 
12.16 	 0.0005458782868711956 
12.18 	 0.000544384025230025 
12.2 	 0.0005424168070510878 
12.22 	 0.0005402148581974893 
12.24 	 0.0005374789061647443 
12.26 	 0.0005342473663446802 
12.28 	 0.0005304756570095028 
12.3 	 0.0005260485045062262 
12.32 	 0.0005211026041441511 
12.34 	 0.0005154441061988061 
12.36 	 0.0005093128172612971 
12.38 	 0.0005025563481003731 
12.4 	 0.000495445046298623 
12.42 	 0.00048805491550035546 
12.44 	 0.0004806280329309501 
12.46 	 0.0004737252559569096 
12.48 	 0.0004675343841436735 
12.5 	 0.000463353735381928 
12.52 	 0.00046139656591841135 
12.54 	 0.0004637152827113962 
12.56 	 0.0004709486874833286 
12.58 	 0.000485214820224442 
12.6 	 0.0005087486578931483 
12.62 	 0.0005416399129999483 
12.64 	 0.0005903140933076208 
12.66 	 0.0006486393119545607 
12.68 	 0.000731744820957453 
12.7 	 0.0008209144590952284 
12.72 	 0.0009459589619747589 
12.74 	 0.0010684919915383666 
12.76 	 0.0012381597535370747 
12.78 	 0.0013925647328357198 
12.8 	 0.001601434865531723 
12.82 	 0.0017812640168568185 
12.84 	 0.0020134293761407893 
12.86 	 0.002205961836920728 
12.88 	 0.0024351570026993 
12.9 	 0.0026198898577001633 
12.92 	 0.002813442078903924 
12.94 	 0.0029622179244029228 
12.96 	 0.0030886074433562863 
12.98 	 0.0031700311346926175 
13.0 	 0.003207704227089391 
13.02 	 0.003196621780127031 
13.04 	 0.003140528621786928 
13.06 	 0.0030291758606132983 
13.08 	 0.002892311415287567 
13.1 	 0.0026965526636969672 
13.12 	 0.002505942089124113 
13.14 	 0.0022614768687120855 
13.16 	 0.002050273062070876 
13.18 	 0.0017999908153531344 
13.2 	 0.0015988494435755208 
13.22 	 0.0013786967909288782 
13.24 	 0.0012097207324880603 
13.26 	 0.0010406552644885783 
13.28 	 0.0009155683286962398 
13.3 	 0.0008036786367959633 
13.32 	 0.0007255787063835895 
13.34 	 0.0006671917052851997 
13.36 	 0.0006339677136025213 
13.38 	 0.0006214444725871791 
13.4 	 0.0006290718981524661 
13.42 	 0.0006547808837133382 
13.44 	 0.0006994423224405524 
13.46 	 0.0007574059949021997 
13.48 	 0.0008360987763021202 
13.5 	 0.0009218793304456011 
13.52 	 0.0010317140862627317 
13.54 	 0.0011413696182508745 
13.56 	 0.001278116989202336 
13.58 	 0.0014069139161929883 
13.6 	 0.0015635150163031207 
13.62 	 0.001704815602583196 
13.64 	 0.0018705528411382018 
13.66 	 0.0020151226820563062 
13.68 	 0.0021759797976357077 
13.7 	 0.0023119932651457695 
13.72 	 0.0024524359297330143 
13.74 	 0.0025666019396120908 
13.76 	 0.0026726024737313745 
13.78 	 0.0027527679546936173 
13.8 	 0.002815417801332952 
13.82 	 0.002854389745392744 
13.84 	 0.0028729776455808866 
13.86 	 0.0028721811480593405 
13.88 	 0.002855373822571259 
13.9 	 0.002826117278692608 
13.92 	 0.002790218381229534 
13.94 	 0.0027509501282585854 
13.96 	 0.0027153488624331954 
13.98 	 0.0026855930301867615 
14.0 	 0.002667013682865315 
14.02 	 0.0026609821734911655 
14.04 	 0.002668954881984378 
14.06 	 0.0026920006856015815 
14.08 	 0.002727392474603274 
14.1 	 0.002776470867002024 
14.12 	 0.0028333689801902013 
14.14 	 0.00290048455487882 
14.16 	 0.0029702226533148903 
14.18 	 0.0030468743196690163 
14.2 	 0.003122220228798865 
14.22 	 0.0032029321443185336 
14.24 	 0.0032805817764130422 
14.26 	 0.003364150543967136 
14.28 	 0.003444538701349051 
14.3 	 0.003532511293057296 
14.32 	 0.0036171776221834303 
14.34 	 0.00371022936306384 
14.36 	 0.0037980803864581495 
14.38 	 0.003891968872333366 
14.4 	 0.0039763383374634064 
14.42 	 0.004059517846812745 
14.44 	 0.0041277417062433215 
14.46 	 0.004182428301677731 
14.48 	 0.004218753970374176 
14.5 	 0.00422622745495185 
14.52 	 0.004217507506789051 
14.54 	 0.004166548988344755 
14.56 	 0.004108744083287853 
14.58 	 0.00400366815122986 
14.6 	 0.00390630550929064 
14.62 	 0.0037698104261664075 
14.64 	 0.0036559334619376193 
14.66 	 0.003524157073681675 
14.68 	 0.0034253301815753345 
14.7 	 0.003337534824815264 
14.72 	 0.0032862120395710636 
14.74 	 0.00327509439511175 
14.76 	 0.003297958534156908 
14.78 	 0.0033851084713155816 
14.8 	 0.0034996376505182533 
14.82 	 0.0036959433661323078 
14.84 	 0.003909808456177489 
14.86 	 0.004217168411578855 
14.88 	 0.004528422622348308 
14.9 	 0.00493896628610094 
14.92 	 0.00533537059530207 
14.94 	 0.005826555502888556 
14.96 	 0.006284061191421692 
14.98 	 0.00681120982139794 
15.0 	 0.007292978389438363 
15.02 	 0.0077841959826726 
15.04 	 0.008241460665173029 
15.06 	 0.008602006065488811 
15.08 	 0.00897727972377663 
15.1 	 0.009109034644289004 
15.12 	 0.009342780731769638 
15.14 	 0.009177671761735333 
15.16 	 0.009221430074910686 
15.18 	 0.008756146338377919 
15.2 	 0.00859235359798481 
15.22 	 0.007901614812295513 
15.24 	 0.007559070313943907 
15.26 	 0.006770452571646635 
15.28 	 0.006318606976349419 
15.3 	 0.005560802753201113 
15.32 	 0.0050826828157613 
15.34 	 0.00444301556799846 
15.36 	 0.0040067390455206225 
15.38 	 0.00352020185287796 
15.4 	 0.0031652026455833444 
15.42 	 0.002827169044172046 
15.44 	 0.002565069462992083 
15.46 	 0.0023496195517838606 
15.48 	 0.0021722635844218493 
15.5 	 0.0020461387428771416 
15.52 	 0.0019348029078441252 
15.54 	 0.0018657298867570692 
15.56 	 0.0017987299637126182 
15.58 	 0.001759937636395554 
15.6 	 0.0017178226079002604 
15.62 	 0.0016902305238943372 
15.64 	 0.0016585978864392874 
15.66 	 0.0016312179785463229 
15.68 	 0.0016015008097471552 
15.7 	 0.0015702721719532326 
15.72 	 0.0015390111494795228 
15.74 	 0.001504551100637044 
15.76 	 0.0014717841718437338 
15.78 	 0.0014368567939967915 
15.8 	 0.0014042937777225904 
15.82 	 0.00137177676607589 
15.84 	 0.0013413171891007453 
15.86 	 0.001313100509354724 
15.88 	 0.0012860143698315478 
15.9 	 0.001262838493131086 
15.92 	 0.0012396446509788251 
15.94 	 0.0012215797781818367 
15.96 	 0.0012024165603627384 
15.98 	 0.0011895475463682438 
16.0 	 0.0011746937336508476 
16.02 	 0.0011675908544915138 
16.04 	 0.0011577902305943922 
16.06 	 0.0011574960207980237 
16.08 	 0.001153866148756339 
16.1 	 0.001161375798800104 
16.12 	 0.001164902494853581 
16.14 	 0.0011803712142369805 
16.16 	 0.0011912174338326443 
16.18 	 0.0012132844421283125 
16.2 	 0.0012302673212152113 
16.22 	 0.0012558743075545332 
16.24 	 0.0012764128687566252 
16.26 	 0.0013013095176016341 
16.28 	 0.0013219323015556124 
16.3 	 0.0013417584708163692 
16.32 	 0.0013589943864000017 
16.34 	 0.001370532817326889 
16.36 	 0.0013818332945674185 
16.38 	 0.001383908288527328 
16.4 	 0.0013882512520696614 
16.42 	 0.001381910724345033 
16.44 	 0.0013798996338434523 
16.46 	 0.0013678801446614453 
16.48 	 0.0013613785693311934 
16.5 	 0.001347185655460487 
16.52 	 0.0013387074572318528 
16.54 	 0.001325750855326255 
16.56 	 0.0013178826824272194 
16.58 	 0.001308968963036484 
16.6 	 0.0013040244165415686 
16.62 	 0.0013012563916395548 
16.64 	 0.0013012006386733455 
16.66 	 0.0013061109540702235 
16.68 	 0.001312632611089722 
16.7 	 0.001326273498945729 
16.72 	 0.0013407925780903518 
16.74 	 0.0013635401325272959 
16.76 	 0.0013869709804470783 
16.78 	 0.001417971189350968 
16.8 	 0.0014502078640788178 
16.82 	 0.0014866507775510795 
16.84 	 0.0015259537521912642 
16.86 	 0.001562617276996119 
16.88 	 0.0016052457603484569 
16.9 	 0.0016348441666375788 
16.92 	 0.0016752803004117585 
16.94 	 0.001689914193430071 
16.96 	 0.0017218192964076305 
16.98 	 0.0017152302050343852 
17.0 	 0.0017329352716050764 
17.02 	 0.0017026203926781944 
17.04 	 0.0017026428761474312 
17.06 	 0.0016507205061077892 
17.08 	 0.0016326847643527737 
17.1 	 0.001565008427720086 
17.12 	 0.0015315406373524003 
17.14 	 0.0014555616732773095 
17.16 	 0.0014111968333812837 
17.18 	 0.0013336975552613775 
17.2 	 0.0012833244738809355 
17.22 	 0.001208985871371855 
17.24 	 0.0011565374899838565 
17.26 	 0.00108765833157603 
17.28 	 0.0010355212614862966 
17.3 	 0.0009726163197966469 
17.32 	 0.0009217977851880331 
17.34 	 0.000864562858723828 
17.36 	 0.0008153272111611371 
17.38 	 0.0007635309588285575 
17.4 	 0.0007161444023234367 
17.42 	 0.000670215249770347 
17.44 	 0.000625541899068627 
17.46 	 0.0005868026772700862 
17.48 	 0.0005466245682101739 
17.5 	 0.0005172118806110775 
17.52 	 0.0004842116926958697 
17.54 	 0.00046671390092422536 
17.56 	 0.0004440809267690311 
17.58 	 0.000440902140472335 
17.6 	 0.00043157652028106576 
17.62 	 0.00044405407441188907 
17.64 	 0.0004497578313342169 
17.66 	 0.00047717497931242783 
17.68 	 0.0004975401086025717 
17.7 	 0.0005363724375571045 
17.72 	 0.0005685358352451829 
17.74 	 0.000612422063169114 
17.76 	 0.0006513197332059177 
17.78 	 0.0006921324762436768 
17.8 	 0.0007314489215755075 
17.82 	 0.0007613415690956238 
17.84 	 0.0007948312799934505 
17.86 	 0.0008084868235367801 
17.88 	 0.0008312971183287931 
17.9 	 0.0008273233602066192 
17.92 	 0.0008369667312968325 
17.94 	 0.0008177993039326347 
17.96 	 0.0008144863331130223 
17.98 	 0.0007850056154644487 
18.0 	 0.0007712120756847625 
18.02 	 0.000736898390076337 
18.04 	 0.0007163382241779707 
18.06 	 0.0006817942192940698 
18.08 	 0.000658240503821856 
18.1 	 0.0006264764868826058 
18.12 	 0.0006028914876542532 
18.14 	 0.0005753149645827244 
18.16 	 0.0005535081255663341 
18.18 	 0.0005303266939116259 
18.2 	 0.0005110648535730057 
18.22 	 0.0004918002832131188 
18.24 	 0.00047514166751375076 
18.26 	 0.00045905747609820244 
18.28 	 0.0004446988799249135 
18.3 	 0.0004310673058655501 
18.32 	 0.00041859427158634553 
18.34 	 0.0004068162328046651 
18.36 	 0.00039583851530510813 
18.38 	 0.0003854673920582997 
18.4 	 0.0003756694247664737 
18.42 	 0.00036638898695883003 
18.44 	 0.0003575336573508924 
18.46 	 0.0003491235289312482 
18.48 	 0.00034103758190357435 
18.5 	 0.0003333422884006463 
18.52 	 0.00032589871250419223 
18.54 	 0.0003188050733174017 
18.56 	 0.0003119085540528814 
18.58 	 0.0003053308701188461 
18.6 	 0.00029890749607098014 
18.62 	 0.00029277834921099687 
18.64 	 0.00028676880074922904 
18.66 	 0.0002810333622617643 
18.68 	 0.0002753884220317372 
18.7 	 0.00027000087737000044 
18.72 	 0.000264678438390305 
18.74 	 0.00025959990066241315 
18.76 	 0.0002545631777793101 
18.78 	 0.00024976091094116903 
18.8 	 0.0002449778677102358 
18.82 	 0.00024042559847247216 
18.84 	 0.00023586946640312954 
18.86 	 0.00023154819805085223 
18.88 	 0.00022719853444547246 
18.9 	 0.00022309704599470594 
18.92 	 0.00021894051381001148 
18.94 	 0.000215055053211484 
18.96 	 0.00021108544093736677 
18.98 	 0.00020741896886486994 
19.0 	 0.00020363686737127052 
19.02 	 0.00020019897984087726 
19.04 	 0.00019661237335823577 
19.06 	 0.00019342091659476613 
19.08 	 0.00019004786068581636 
19.1 	 0.0001871318369044721 
19.12 	 0.00018400489760352724 
19.14 	 0.00018140598363947333 
19.16 	 0.0001785755881847052 
19.18 	 0.0001763437695880335 
19.2 	 0.0001738754545966766 
19.22 	 0.00017205466599324527 
19.24 	 0.00017001536887095532 
19.26 	 0.00016861888361672584 
19.28 	 0.00016705138257965918 
19.3 	 0.00016603351865972061 
19.32 	 0.00016492532752688068 
19.34 	 0.00016416267485389133 
19.36 	 0.00016342261376349137 
19.38 	 0.00016271932833152418 
19.4 	 0.0001621764141692194 
19.42 	 0.00016130032678084126 
19.44 	 0.00016073238769815368 
19.46 	 0.000159473496372045 
19.48 	 0.00015865932887395117 
19.5 	 0.00015688823561112706 
19.52 	 0.0001556645570218865 
19.54 	 0.00015336568116851673 
19.56 	 0.00015166630662528946 
19.58 	 0.0001489323980176988 
19.6 	 0.00014679477363252122 
19.62 	 0.00014378810077401145 
19.64 	 0.00014132742751371265 
19.66 	 0.00013822714354417588 
19.68 	 0.00013559227492410984 
19.7 	 0.00013254957990474408 
19.72 	 0.00012988013181057908 
19.74 	 0.00012699436873690376 
19.76 	 0.00012439344776288633 
19.78 	 0.00012171025971500171 
19.8 	 0.00011923676252990151 
19.82 	 0.0001167608046209051 
19.84 	 0.00011443632040260663 
19.86 	 0.0001121486618857139 
19.88 	 0.00010997059102761298 
19.9 	 0.00010784353860168166 
19.92 	 0.00010579758859496024 
19.94 	 0.00010380395910232509 
19.96 	 0.00010187275075002221 
19.98 	 9.998996354372866e-05 
20.0 	 9.815749420181169e-05 
20.02 	 9.636830613003739e-05 
20.04 	 9.462147975612182e-05 
20.06 	 9.29131702694462e-05 
20.08 	 9.124178733927119e-05 
20.1 	 8.960496486068296e-05 
20.12 	 8.80011547558749e-05 
20.14 	 8.642871899428408e-05 
20.16 	 8.488631903181721e-05 
20.18 	 8.337271548123052e-05 
20.2 	 8.188677544765549e-05 
20.22 	 8.042750533899986e-05 
20.24 	 7.899393796633929e-05 
20.26 	 7.758524599866118e-05 
20.28 	 7.620059138175068e-05 
20.3 	 7.483926528151466e-05 
20.32 	 7.350053251008416e-05 
20.34 	 7.218377055085772e-05 
20.36 	 7.088832911560473e-05 
20.38 	 6.96136491876385e-05 
20.4 	 6.835915231710622e-05 
20.42 	 6.712432693969002e-05 
20.44 	 6.59086555961553e-05 
20.46 	 6.471166334654054e-05 
20.48 	 6.353288355406372e-05 
20.5 	 6.237187083765869e-05 
20.52 	 6.122819939063732e-05 
20.54 	 6.0101448567144156e-05 
20.56 	 5.899122367660659e-05 
20.58 	 5.789712481494859e-05 
20.6 	 5.6818779136871994e-05 
20.62 	 5.575580323160251e-05 
20.64 	 5.4707836954537024e-05 
20.66 	 5.367450832831493e-05 
20.68 	 5.265545945936408e-05 
20.7 	 5.1650324426837766e-05 
20.72 	 5.065873205545048e-05 
20.74 	 4.968032018597015e-05 
20.76 	 4.871467461253172e-05 
20.78 	 4.776144939302799e-05 
20.8 	 4.682012191927969e-05 
20.82 	 4.589042225568876e-05 
20.84 	 4.4971570770608376e-05 
20.86 	 4.406355873267749e-05 
20.88 	 4.316501992117176e-05 
20.9 	 4.22766790569962e-05 
20.92 	 4.1395892673115256e-05 
20.94 	 4.0525164557235516e-05 
20.96 	 3.965923200780547e-05 
20.98 	 3.880441797688086e-05 
21.0 	 3.79504573659381e-05 
21.02 	 3.711100209479007e-05 
21.04 	 3.626697124832857e-05 
21.06 	 3.544462362092209e-05 
21.08 	 3.4610663649833326e-05 
21.1 	 3.3810748899759856e-05 
21.12 	 3.299080632053936e-05 
21.14 	 3.222301413888528e-05 
21.16 	 3.142609866982597e-05 
21.18 	 3.070399962208109e-05 
21.2 	 2.9944159806392667e-05 
21.22 	 2.928286059100181e-05 
21.24 	 2.8577119197093172e-05 
21.26 	 2.7989163051094466e-05 
21.28 	 2.7353398844827073e-05 
21.3 	 2.684399286969982e-05 
21.32 	 2.6287842732068493e-05 
21.34 	 2.5851226289479786e-05 
21.36 	 2.537389883711913e-05 
21.38 	 2.4992614442664572e-05 
21.4 	 2.4581452037723412e-05 
21.42 	 2.4229280806169148e-05 
21.44 	 2.386188054755423e-05 
21.46 	 2.3509684479546232e-05 
21.48 	 2.3158928123146606e-05 
21.5 	 2.2781403173093195e-05 
21.52 	 2.2421641044702687e-05 
21.54 	 2.2002680031171074e-05 
21.56 	 2.1615053557946986e-05 
21.58 	 2.1150128825520265e-05 
21.6 	 2.072555842631887e-05 
21.62 	 2.022079414840629e-05 
21.64 	 1.976012010300014e-05 
21.66 	 1.922889356422132e-05 
21.68 	 1.8740615533314135e-05 
21.7 	 1.8199162382977896e-05 
21.72 	 1.7695875598565667e-05 
21.74 	 1.715936125738494e-05 
21.76 	 1.6654172369956673e-05 
21.78 	 1.6134181139137047e-05 
21.8 	 1.5638098622454186e-05 
21.82 	 1.5141776540571376e-05 
21.84 	 1.466248217171449e-05 
21.86 	 1.4192962956709652e-05 
21.88 	 1.373477828326255e-05 
21.9 	 1.3292240197312953e-05 
21.92 	 1.2856769615185639e-05 
21.94 	 1.2439547488035924e-05 
21.96 	 1.202649044153078e-05 
21.98 	 1.163195320053478e-05 
22.0 	 1.1239809451281766e-05 
22.02 	 1.0864988033289053e-05 
22.04 	 1.0491619003306888e-05 
22.06 	 1.0133682969326465e-05 
22.08 	 9.7767912873895e-06 
22.1 	 9.433426179808682e-06 
22.12 	 9.090973011011787e-06 
22.14 	 8.760618570394682e-06 
22.16 	 8.43111897835029e-06 
22.18 	 8.113004540891438e-06 
22.2 	 7.795627641211557e-06 
22.22 	 7.489608454437492e-06 
22.24 	 7.184079048736755e-06 
22.26 	 6.890369066572703e-06 
22.28 	 6.596757147350135e-06 
22.3 	 6.315688599816247e-06 
22.32 	 6.034207887601053e-06 
22.34 	 5.7661017876512374e-06 
22.36 	 5.4969977211298406e-06 
22.38 	 5.242145734373073e-06 
22.4 	 4.985677614689613e-06 
22.42 	 4.744376867483317e-06 
22.44 	 4.500845285003991e-06 
22.46 	 4.273423173094315e-06 
22.48 	 4.043188675054311e-06 
22.5 	 3.829987949182059e-06 
22.52 	 3.613454824733526e-06 
22.54 	 3.4147840235500218e-06 
22.56 	 3.2123522177654354e-06 
22.58 	 3.0284208478602666e-06 
22.6 	 2.8404209985830307e-06 
22.62 	 2.671276041906724e-06 
22.64 	 2.4979013712162003e-06 
22.66 	 2.3433767393044388e-06 
22.68 	 2.184623790722289e-06 
22.7 	 2.0443147495638763e-06 
22.72 	 1.8999474004722442e-06 
22.74 	 1.7732221044534192e-06 
22.76 	 1.642773036963627e-06 
22.78 	 1.5288243631713627e-06 
22.8 	 1.41163755850069e-06 
22.82 	 1.309561242482359e-06 
22.84 	 1.2048610104301167e-06 
22.86 	 1.1137327574031199e-06 
22.88 	 1.0206924789121599e-06 
22.9 	 9.396198689915649e-07 
22.92 	 8.574085651371539e-07 
22.94 	 7.855538222992766e-07 
22.96 	 7.133593991634637e-07 
22.98 	 6.499530227962865e-07 
23.0 	 5.870031497598522e-07 
23.02 	 5.313788143473619e-07 
23.04 	 4.769878520216758e-07 
23.06 	 4.2865818761260865e-07 
23.08 	 3.823160151359628e-07 
23.1 	 3.410836393005918e-07 
23.12 	 3.025777888667243e-07 
23.14 	 2.686511268060605e-07 
23.16 	 2.3819149898348995e-07 
23.18 	 2.122625789268501e-07 
23.2 	 1.9056787891007795e-07 
23.22 	 1.7381183354614307e-07 
23.24 	 1.6211852729684926e-07 
23.26 	 1.5608612309718582e-07 
23.28 	 1.5604750299947216e-07 
23.3 	 1.6243713845082777e-07 
23.32 	 1.758890247628078e-07 
23.34 	 1.9620667873183184e-07 
23.36 	 2.247960678448098e-07 
23.38 	 2.599506114823448e-07 
23.4 	 3.046694772617657e-07 
23.42 	 3.546066896116895e-07 
23.44 	 4.1534699402231394e-07 
23.46 	 4.788725655304344e-07 
23.48 	 5.541886397108027e-07 
23.5 	 6.291224355313619e-07 
23.52 	 7.16390931965968e-07 
23.54 	 8.000993622550796e-07 
23.56 	 8.961516094049805e-07 
23.58 	 9.8634133120153e-07 
23.6 	 1.0884248561059109e-06 
23.62 	 1.1839290050785476e-06 
23.64 	 1.2906502359268205e-06 
23.66 	 1.3918999762447568e-06 
23.68 	 1.503763552463109e-06 
23.7 	 1.6127651424122795e-06 
23.72 	 1.7321186468464845e-06 
23.74 	 1.851993713379555e-06 
23.76 	 1.982497742606304e-06 
23.78 	 2.1168441138429215e-06 
23.8 	 2.262802926428364e-06 
23.82 	 2.4151553586906603e-06 
23.84 	 2.5810151636298003e-06 
23.86 	 2.754506754045977e-06 
23.88 	 2.944578279573329e-06 
23.9 	 3.141644275711163e-06 
23.92 	 3.3597984518333974e-06 
23.94 	 3.581618619037705e-06 
23.96 	 3.8305535062412036e-06 
23.98 	 4.0760523468627085e-06 
24.0 	 4.3558947229163865e-06 
24.02 	 4.6205153099322584e-06 
24.04 	 4.92700296449145e-06 
24.06 	 5.201934530510599e-06 
24.08 	 5.5250140679832925e-06 
24.1 	 5.797741323870047e-06 
24.12 	 6.121745174067921e-06 
24.14 	 6.378437760116719e-06 
24.16 	 6.6847237021049435e-06 
24.18 	 6.914152388106187e-06 
24.2 	 7.186087258344714e-06 
24.22 	 7.383836492847431e-06 
24.24 	 7.612612098505251e-06 
24.26 	 7.783873397688404e-06 
24.28 	 7.972664517176367e-06 
24.3 	 8.13220116372978e-06 
24.32 	 8.296497549474831e-06 
24.34 	 8.465477448994069e-06 
24.36 	 8.629191623039293e-06 
24.38 	 8.830030379681953e-06 
24.4 	 9.019155251458456e-06 
24.42 	 9.270463803354773e-06 
24.44 	 9.507113690995937e-06 
24.46 	 9.820662780950047e-06 
24.48 	 1.01196785513774e-05 
24.5 	 1.0500150838766724e-05 
24.52 	 1.08688699229058e-05 
24.54 	 1.1315915954709602e-05 
24.56 	 1.1756401665143333e-05 
24.58 	 1.2267814881683577e-05 
24.6 	 1.2780286059772712e-05 
24.62 	 1.3354975675111681e-05 
24.64 	 1.394109376972357e-05 
24.66 	 1.4580709110774417e-05 
24.68 	 1.5245483985350536e-05 
24.7 	 1.595400966727107e-05 
24.72 	 1.6705511898308786e-05 
24.74 	 1.748698639647755e-05 
24.76 	 1.8333954511819874e-05 
24.78 	 1.91893891834414e-05 
24.8 	 2.0137840001139823e-05 
24.82 	 2.1062826876999806e-05 
24.84 	 2.2113221732035415e-05 
24.86 	 2.3097262747215575e-05 
24.88 	 2.4243318849178005e-05 
24.9 	 2.5270895903743133e-05 
24.92 	 2.6500125093073443e-05 
24.94 	 2.7552655514063305e-05 
24.96 	 2.8847835070342726e-05 
24.98 	 2.9905412481022465e-05 
25.0 	 3.1245891801300175e-05 
25.02 	 3.2288143951145085e-05 
25.04 	 3.365027231002113e-05 
25.06 	 3.465651072402669e-05 
25.08 	 3.601339595298514e-05 
25.1 	 3.696301628828696e-05 
25.12 	 3.828482180769174e-05 
25.14 	 3.91590301608343e-05 
25.16 	 4.041525765847823e-05 
25.18 	 4.120030113083228e-05 
25.2 	 4.236437985678604e-05 
25.22 	 4.305504370114415e-05 
25.24 	 4.410960197925477e-05 
25.26 	 4.471106453007187e-05 
25.28 	 4.565125378206306e-05 
25.3 	 4.6178404390351064e-05 
25.32 	 4.7012009605165015e-05 
25.34 	 4.7487438032971895e-05 
25.36 	 4.823341385396554e-05 
25.38 	 4.8686434038737556e-05 
25.4 	 4.9374962258972636e-05 
25.42 	 4.984255571338804e-05 
25.44 	 5.0517433874262064e-05 
25.46 	 5.104462260129823e-05 
25.48 	 5.176417009740365e-05 
25.5 	 5.239925952309039e-05 
25.52 	 5.322961955865398e-05 
25.54 	 5.4012010580137797e-05 
25.56 	 5.5010383046932325e-05 
25.58 	 5.595482033771431e-05 
25.6 	 5.714828246005966e-05 
25.62 	 5.823495453922631e-05 
25.64 	 5.960693052552371e-05 
25.66 	 6.07864754847364e-05 
25.68 	 6.228194332424093e-05 
25.7 	 6.34970571599833e-05 
25.72 	 6.504892718563448e-05 
25.74 	 6.626452671954001e-05 
25.76 	 6.783221406959457e-05 
25.78 	 6.906023290400319e-05 
25.8 	 7.066349312582001e-05 
25.82 	 7.196922085029998e-05 
25.84 	 7.369975437687633e-05 
25.86 	 7.51828333536815e-05 
25.88 	 7.718321699339265e-05 
25.9 	 7.893537197296384e-05 
25.92 	 8.134657914110327e-05 
25.94 	 8.339787914354548e-05 
25.96 	 8.628884432499005e-05 
25.98 	 8.856238972475112e-05 
26.0 	 9.186442824776226e-05 
26.02 	 9.41615219579261e-05 
26.04 	 9.763462114344299e-05 
26.06 	 9.966437171573769e-05 
26.08 	 0.00010291884068153625 
26.1 	 0.00010436875747654067 
26.12 	 0.00010695127775396594 
26.14 	 0.00010757739472974937 
26.16 	 0.00010910425289769778 
26.18 	 0.00010881014990309608 
26.2 	 0.00010910011700987717 
26.22 	 0.0001079759953056791 
26.24 	 0.00010712079263362771 
26.26 	 0.00010542418768614585 
26.28 	 0.0001037558176913908 
26.3 	 0.00010183512757138628 
26.32 	 9.98024273998206e-05 
26.34 	 9.799077004054301e-05 
26.36 	 9.60070484554358e-05 
26.38 	 9.45318618633282e-05 
26.4 	 9.286472688334912e-05 
26.42 	 9.18108531639374e-05 
26.44 	 9.055203540089662e-05 
26.46 	 8.988566585474002e-05 
26.48 	 8.899292693510135e-05 
26.5 	 8.862334891854764e-05 
26.52 	 8.799819340061065e-05 
26.54 	 8.784278348090468e-05 
26.56 	 8.740435839100629e-05 
26.58 	 8.743020886037232e-05 
26.6 	 8.715863317937268e-05 
26.62 	 8.739055667529919e-05 
26.64 	 8.733100597028886e-05 
26.66 	 8.783085067409916e-05 
26.68 	 8.806615441136266e-05 
26.7 	 8.889825174191907e-05 
26.72 	 8.950840136612767e-05 
26.74 	 9.07089965418296e-05 
26.76 	 9.173799070564107e-05 
26.78 	 9.330209870192075e-05 
26.8 	 9.474586078819563e-05 
26.82 	 9.66351657957772e-05 
26.84 	 9.845274783596851e-05 
26.86 	 0.00010061801596186473 
26.88 	 0.00010275794500558975 
26.9 	 0.00010516399467544282 
26.92 	 0.00010759268826557734 
26.94 	 0.00011023472754996881 
26.96 	 0.0001129548890444274 
26.98 	 0.00011585986626592567 
27.0 	 0.00011891157176102058 
27.02 	 0.0001221242517849005 
27.04 	 0.00012556784855373575 
27.06 	 0.0001291270877611167 
27.08 	 0.00013301378377429947 
27.1 	 0.00013692919503957094 
27.12 	 0.00014127125330083232 
27.14 	 0.00014551283949308481 
27.16 	 0.00015026884845074914 
27.18 	 0.00015478049400858285 
27.2 	 0.00015987026085213915 
27.22 	 0.00016461148080282466 
27.24 	 0.00016996846545414148 
27.26 	 0.00017497874040286806 
27.28 	 0.0001806357910370626 
27.3 	 0.00018610470656261588 
27.32 	 0.00019229328293887712 
27.34 	 0.00019861034062871428 
27.36 	 0.00020583922425693413 
27.38 	 0.00021359262094340948 
27.4 	 0.00022266616343204651 
27.42 	 0.00023256404744711727 
27.44 	 0.00024450765382573187 
27.46 	 0.00025721299478345135 
27.48 	 0.0002730946392259484 
27.5 	 0.00028899786220712914 
27.52 	 0.0003096635080827744 
27.54 	 0.00032865836050954557 
27.56 	 0.00035442960449492 
27.58 	 0.00037578568922272984 
27.6 	 0.0004061951288759397 
27.62 	 0.0004286056335491737 
27.64 	 0.00046226534595651415 
27.66 	 0.0004840811115002101 
27.68 	 0.0005187827143404804 
27.7 	 0.0005383607852044623 
27.72 	 0.0005714682757068209 
27.74 	 0.0005875243505864774 
27.76 	 0.000616613330017213 
27.78 	 0.0006284862832651555 
27.8 	 0.0006520167730752057 
27.82 	 0.0006597774791156778 
27.84 	 0.0006774664615074066 
27.86 	 0.0006818028333392255 
27.88 	 0.0006944352471697995 
27.9 	 0.0006962821223510166 
27.92 	 0.0007049961136885963 
27.94 	 0.0007050106141095812 
27.96 	 0.000710432601967477 
27.98 	 0.000708561776622575 
28.0 	 0.000710291016347235 
28.02 	 0.0007056849705874875 
28.04 	 0.0007024379398361917 
28.06 	 0.0006937976224120035 
28.08 	 0.0006841464151227601 
28.1 	 0.0006703752931693898 
28.12 	 0.0006536749089156485 
28.14 	 0.0006345419675163361 
28.16 	 0.0006115312839171317 
28.18 	 0.0005880142535151317 
28.2 	 0.0005607720542612353 
28.22 	 0.0005348862620923971 
28.24 	 0.0005062111968674793 
28.26 	 0.0004804097385110264 
28.28 	 0.00045300301338938785 
28.3 	 0.0004294760314535712 
28.32 	 0.00040533569150388973 
28.34 	 0.00038555197679910767 
28.36 	 0.000365777031239135 
28.38 	 0.00035041127144495925 
28.4 	 0.00033536549104950733 
28.42 	 0.0003245252423538863 
28.44 	 0.00031418092205147803 
28.46 	 0.000307742708310866 
28.48 	 0.00030202849998635926 
28.5 	 0.000299919819988207 
28.52 	 0.00029896382070101373 
28.54 	 0.0003013072101830036 
28.56 	 0.00030553001146763217 
28.58 	 0.00031263065983229324 
28.6 	 0.0003226780213647115 
28.62 	 0.000334874589062547 
28.64 	 0.0003513973107588563 
28.66 	 0.0003688235709306392 
28.68 	 0.00039213652831844706 
28.7 	 0.0004144678269486786 
28.72 	 0.0004441617467725546 
28.74 	 0.0004704302709386733 
28.76 	 0.0005050569587588012 
28.78 	 0.0005335979012438518 
28.8 	 0.00057057528017653 
28.82 	 0.0005991260931562658 
28.84 	 0.0006349829937138122 
28.86 	 0.0006609328626647358 
28.88 	 0.0006919145671541351 
28.9 	 0.0007126947175582575 
28.92 	 0.0007355935279168929 
28.94 	 0.0007491700925125756 
28.96 	 0.0007621020996109236 
28.98 	 0.0007674556067300473 
29.0 	 0.0007702773133596294 
29.02 	 0.0007676796623849055 
29.04 	 0.0007618767529958744 
29.06 	 0.0007528070473682029 
29.08 	 0.0007409271014136755 
29.1 	 0.0007276288096220455 
29.12 	 0.000712523840093458 
29.14 	 0.0006973938487655987 
29.16 	 0.0006815756961262813 
29.18 	 0.00066664804677044 
29.2 	 0.0006519459903678698 
29.22 	 0.0006386465493117238 
29.24 	 0.0006261884622379496 
29.26 	 0.0006153737346394225 
29.28 	 0.0006057847782685966 
29.3 	 0.0005979494202173012 
29.32 	 0.0005916116201154499 
29.34 	 0.0005871054536186674 
29.36 	 0.0005843343282666019 
29.38 	 0.0005834579328335663 
29.4 	 0.000584503205317908 
29.42 	 0.0005874183688128848 
29.44 	 0.0005922676531295107 
29.46 	 0.0005987387277091724 
29.48 	 0.0006067859803372798 
29.5 	 0.0006158423030018701 
29.52 	 0.0006255648375328336 
29.54 	 0.0006352323367087738 
29.56 	 0.0006440792375403788 
29.58 	 0.0006513688982437443 
29.6 	 0.0006560609539990731 
29.62 	 0.0006574073554078641 
29.64 	 0.0006547348015097936 
29.66 	 0.000646983580206986 
29.68 	 0.0006349453842498425 
29.7 	 0.000616706971718713 
29.72 	 0.0005955496701703478 
29.74 	 0.0005683226646438314 
29.76 	 0.0005409131022198716 
29.78 	 0.0005091773607849747 
29.8 	 0.0004803675944969756 
29.82 	 0.0004502622156821478 
29.84 	 0.00042541268885832966 
29.86 	 0.0004025344944025879 
29.88 	 0.00038581193196494246 
29.9 	 0.0003733126320447283 
29.92 	 0.0003664717472915381 
29.94 	 0.0003643767734070397 
29.96 	 0.00036649196013465026 
29.98 	 0.0003723360512028229 
30.0 	 0.00038055856633470653 
30.02 	 0.00039080727218168644 
30.04 	 0.0004017966426023549 
30.06 	 0.0004133714052605441 
30.08 	 0.00042472464921281867 
30.1 	 0.0004360547421517481 
30.12 	 0.00044706949684854107 
30.14 	 0.00045832600925913545 
30.16 	 0.00046984122520112704 
30.18 	 0.0004823797508710782 
30.2 	 0.0004959515244290161 
30.22 	 0.0005113567612181914 
30.24 	 0.0005282892812077408 
30.26 	 0.0005475231734573974 
30.28 	 0.0005681932829475074 
30.3 	 0.0005911515581820749 
30.32 	 0.0006148008633039937 
30.34 	 0.000640285307174008 
30.36 	 0.0006652011460117116 
30.38 	 0.0006911286334862874 
30.4 	 0.0007150042011552007 
30.42 	 0.000738660513722945 
30.44 	 0.0007589448299146842 
30.46 	 0.0007772064055448885 
30.48 	 0.0007913849717490411 
30.5 	 0.0008009889903768202 
30.52 	 0.0008068658737037201 
30.54 	 0.0008048915349302545 
30.56 	 0.0008009572699233351 
30.58 	 0.0007855795157934408 
30.6 	 0.0007714271417689152 
30.62 	 0.0007427294883560293 
30.64 	 0.000719336306061549 
30.66 	 0.0006797286243878079 
30.68 	 0.0006494045263588213 
30.7 	 0.0006032604019577413 
30.72 	 0.0005692123308675295 
30.74 	 0.000521764624961688 
30.76 	 0.00048742283778910377 
30.78 	 0.0004434155504988308 
30.8 	 0.0004117628639258684 
30.82 	 0.0003744608344861161 
30.84 	 0.0003475639107508117 
30.86 	 0.00031842359315066034 
30.88 	 0.0002972531330013986 
30.9 	 0.0002761635697840293 
30.92 	 0.0002606820054327376 
30.94 	 0.0002464854543813229 
30.96 	 0.00023591258771736277 
30.98 	 0.00022694593193632004 
31.0 	 0.0002200954266197217 
31.02 	 0.00021462319158200457 
31.04 	 0.00021022382578869174 
31.06 	 0.00020673501898030742 
31.08 	 0.0002036804597188755 
31.1 	 0.00020105481465436 
31.12 	 0.00019854595371447995 
31.14 	 0.0001960919440197982 
31.16 	 0.0001936564689318082 
31.18 	 0.00019103302964952636 
31.2 	 0.00018844349775269415 
31.22 	 0.00018551532103830694 
31.24 	 0.0001826692653975348 
31.26 	 0.00017937931226994365 
31.28 	 0.00017621925842482516 
31.3 	 0.00017254779341740922 
31.32 	 0.0001690634042920778 
31.34 	 0.00016507568051333675 
31.36 	 0.00016136267035567575 
31.38 	 0.00015727450418881475 
31.4 	 0.00015357615999406652 
31.42 	 0.0001497494653499528 
31.44 	 0.00014641839597289604 
31.46 	 0.00014325704179437822 
31.48 	 0.0001406405697859831 
31.5 	 0.00013844476483224196 
31.52 	 0.00013676544654703804 
31.54 	 0.00013564718673540058 
31.56 	 0.00013496755980850229 
31.58 	 0.00013489684960125918 
31.6 	 0.00013521172636039904 
31.62 	 0.00013618229525912416 
31.64 	 0.00013760444804072206 
31.66 	 0.00013983467114173995 
31.68 	 0.00014277980753129495 
31.7 	 0.00014683863524859257 
31.72 	 0.00015210356994169324 
31.74 	 0.00015887852015025562 
31.76 	 0.00016753770672641794 
31.78 	 0.00017802277075283288 
31.8 	 0.0001911215026404233 
31.82 	 0.00020606750299521142 
31.84 	 0.00022415631338367073 
31.86 	 0.0002436706658963865 
31.88 	 0.0002663092728303723 
31.9 	 0.0002895128077861275 
31.92 	 0.00031495852750933244 
31.94 	 0.00033982593682459704 
31.96 	 0.00036514754775469926 
31.98 	 0.0003886851475912396 
32.0 	 0.0004104236794668837 
32.02 	 0.0004293095485489146 
32.04 	 0.0004445336736969452 
32.06 	 0.00045615512646870137 
32.08 	 0.00046347979994908997 
32.1 	 0.0004669804843830724 
32.12 	 0.00046706092503382075 
32.14 	 0.0004638192996195083 
32.16 	 0.0004590822033631717 
32.18 	 0.00045225818037439395 
32.2 	 0.0004460135968435473 
32.22 	 0.0004393371759087645 
32.24 	 0.0004346617762640154 
32.26 	 0.0004310654336985273 
32.28 	 0.00042986177127641407 
32.3 	 0.0004305572860992919 
32.32 	 0.0004330725953604823 
32.34 	 0.0004373539157649833 
32.36 	 0.0004422929995003971 
32.38 	 0.0004480295840177486 
32.4 	 0.00045322228726558847 
32.42 	 0.00045782911185068175 
32.44 	 0.00046120446024438703 
32.46 	 0.0004627540074376206 
32.48 	 0.0004632174110791296 
32.5 	 0.000461258224506736 
32.52 	 0.0004590934186858193 
32.54 	 0.00045479037329473025 
32.56 	 0.00045143439577758775 
32.58 	 0.0004469498575173398 
32.6 	 0.0004442847833371392 
32.62 	 0.0004417246927291046 
32.64 	 0.0004412267534087545 
32.66 	 0.00044168121207082084 
32.68 	 0.00044379443118101446 
32.7 	 0.0004468857139263848 
32.72 	 0.0004508653564424721 
32.74 	 0.00045492436211781576 
32.76 	 0.0004591777525736962 
32.78 	 0.0004618997753783911 
32.8 	 0.0004646221472472913 
32.82 	 0.0004638885139916395 
32.84 	 0.000463672796449795 
32.86 	 0.0004581927549655232 
32.88 	 0.0004543610119135732 
32.9 	 0.0004439093722680041 
32.92 	 0.00043650942970250705 
32.94 	 0.00042176033894932 
32.96 	 0.0004113455727558428 
32.98 	 0.00039349123820262396 
33.0 	 0.0003808550347388304 
33.02 	 0.0003612350730609714 
33.04 	 0.0003472166629677914 
33.06 	 0.00032708464640851927 
33.08 	 0.000312474521042297 
33.1 	 0.0002929028685022526 
33.12 	 0.0002784163117280797 
33.14 	 0.0002602784009992758 
33.16 	 0.00024655396079859904 
33.18 	 0.00023053188341503483 
33.2 	 0.00021813146219682852 
33.22 	 0.00020473284250727359 
33.24 	 0.00019414186604382606 
33.26 	 0.00018372555710388148 
33.28 	 0.00017535481211646567 
33.3 	 0.0001681545371173733 
33.32 	 0.0001623309448802747 
33.34 	 0.0001584498312991812 
33.36 	 0.0001553717320746973 
33.38 	 0.00015472506285605674 
33.4 	 0.00015437044217290837 
33.42 	 0.00015658619721606082 
33.44 	 0.00015860265440853312 
33.46 	 0.0001629335067846403 
33.48 	 0.00016658147328556833 
33.5 	 0.00017190909840146364 
33.52 	 0.0001761347752439812 
33.54 	 0.0001811305061346954 
33.56 	 0.000184789818478791 
33.58 	 0.00018822425781663606 
33.6 	 0.00019038835416665395 
33.62 	 0.00019148264333867441 
33.64 	 0.0001916927097430528 
33.66 	 0.00019034370919104282 
33.68 	 0.00018869902732358655 
33.7 	 0.00018545390519860108 
33.72 	 0.00018250241145645354 
33.74 	 0.00017829336304091137 
33.76 	 0.00017478884909374206 
33.78 	 0.00017056993105697888 
33.8 	 0.00016721000598818054 
33.82 	 0.0001636712760032402 
33.84 	 0.0001609201539460307 
33.86 	 0.00015838135605189966 
33.88 	 0.00015642675793435794 
33.9 	 0.000154901030473405 
33.92 	 0.00015372416291716394 
33.94 	 0.0001530640435551938 
33.96 	 0.00015255195742343674 
33.98 	 0.00015257775750848187 
34.0 	 0.00015260586289792894 
34.02 	 0.00015316089572138503 
34.04 	 0.00015361579232565966 
34.06 	 0.00015455668209997907 
34.08 	 0.0001553198715919013 
34.1 	 0.00015648957465217936 
34.12 	 0.0001574230797765871 
34.14 	 0.00015864704693720433 
34.16 	 0.00015960272670774786 
34.18 	 0.00016070925489200462 
34.2 	 0.0001615482689072914 
34.22 	 0.00016238124236118596 
34.24 	 0.00016297397848199648 
34.26 	 0.00016337106214576883 
34.28 	 0.0001635670390485333 
34.3 	 0.00016331573956852104 
34.32 	 0.00016290995527560114 
34.34 	 0.00016173165435560003 
34.36 	 0.00016047295586072466 
34.38 	 0.00015808295362299048 
34.4 	 0.00015574959370168816 
34.42 	 0.00015199261583940241 
34.44 	 0.00014851223439802744 
34.46 	 0.00014350985074461256 
34.48 	 0.00013906188663274758 
34.5 	 0.00013327947646545705 
34.52 	 0.00012831729860308177 
34.54 	 0.00012249141966522896 
34.56 	 0.00011765880027381441 
34.58 	 0.00011260243507149285 
34.6 	 0.00010856899838625553 
34.62 	 0.00010493929721677865 
34.64 	 0.00010221620459725964 
34.66 	 0.00010034405072138313 
34.68 	 9.915129253927419e-05 
34.7 	 9.899334601645189e-05 
34.72 	 9.922961456763475e-05 
34.74 	 0.00010044250126998143 
34.76 	 0.00010176178018569716 
34.78 	 0.00010384719890999894 
34.8 	 0.0001057938492751061 
34.82 	 0.00010824226216970943 
34.84 	 0.00011037311838890195 
34.86 	 0.00011275102445918054 
34.88 	 0.00011469872598976083 
34.9 	 0.00011667215217422351 
34.92 	 0.00011815828890045089 
34.94 	 0.00011949144894890188 
34.96 	 0.00012033464809522937 
34.98 	 0.00012091175146093513 
35.0 	 0.00012106641324098242 
35.02 	 0.00012095115709015966 
35.04 	 0.00012057338269252125 
35.06 	 0.0001200778937010117 
35.08 	 0.00011958608131963003 
35.1 	 0.00011930597687089954 
35.12 	 0.00011940416387079954 
35.14 	 0.00012019179388883641 
35.16 	 0.00012183683800071341 
35.18 	 0.00012470410021485739 
35.2 	 0.00012899872603863927 
35.22 	 0.00013494838650986236 
35.24 	 0.00014293620247479854 
35.26 	 0.00015272978053466416 
35.28 	 0.00016508731026653508 
35.3 	 0.00017898271350954382 
35.32 	 0.00019566666122651836 
35.34 	 0.00021319073005072081 
35.36 	 0.0002331824686059071 
35.38 	 0.00025302868186703634 
35.4 	 0.0002743608427737765 
35.42 	 0.0002945194315912799 
35.44 	 0.0003147104493656513 
35.46 	 0.00033292695524265705 
35.48 	 0.0003497801914399856 
35.5 	 0.0003643394626128048 
35.52 	 0.00037685591187613476 
35.54 	 0.00038747268286707574 
35.56 	 0.00039649736970713843 
35.58 	 0.00040487118294959797 
35.6 	 0.0004131282905720682 
35.62 	 0.0004227180394914533 
35.64 	 0.0004340850198252088 
35.66 	 0.00044899783793274757 
35.68 	 0.00046714105523378425 
35.7 	 0.0004905008914439495 
35.72 	 0.0005172561957877432 
35.74 	 0.0005496421761671678 
35.76 	 0.0005837328021869681 
35.78 	 0.0006221940338419468 
35.8 	 0.000658957549781076 
35.82 	 0.0006970267327940441 
35.84 	 0.0007295682321571465 
35.86 	 0.0007586781595526075 
35.88 	 0.0007801801736272129 
35.9 	 0.0007924865753268618 
35.92 	 0.000798658436413516 
35.94 	 0.0007902840599198959 
35.96 	 0.0007807755403777544 
35.98 	 0.0007536960051001647 
36.0 	 0.0007319319639506264 
36.02 	 0.0006932247662066962 
36.04 	 0.0006649910477679444 
36.06 	 0.000623863709244087 
36.08 	 0.0005954124942787102 
36.1 	 0.000559803717261357 
36.12 	 0.0005361513713928344 
36.14 	 0.0005105702512848402 
36.16 	 0.0004944003986359088 
36.18 	 0.00047949999440478495 
36.2 	 0.0004708846878376264 
36.22 	 0.0004643059159564551 
36.24 	 0.0004612371592281332 
36.26 	 0.00045902327064820353 
36.28 	 0.0004584655340124406 
36.3 	 0.0004565079775836831 
36.32 	 0.0004555064840846846 
36.34 	 0.0004506661188097816 
36.36 	 0.00044712088904111765 
36.38 	 0.0004378213257983928 
36.4 	 0.00043078981084421447 
36.42 	 0.00041705907858463 
36.44 	 0.0004066803794722745 
36.46 	 0.0003897842958057501 
36.48 	 0.00037700084858399317 
36.5 	 0.00035888333083914167 
36.52 	 0.00034509485637025926 
36.54 	 0.0003278088257254361 
36.56 	 0.0003145226475307272 
36.58 	 0.00029976467888994366 
36.6 	 0.0002882732935470178 
36.62 	 0.00027708116759848477 
36.64 	 0.00026820803838286636 
36.66 	 0.00026085089475497825 
36.68 	 0.0002548249840640401 
36.7 	 0.0002508947387980637 
36.72 	 0.0002474064810044194 
36.74 	 0.0002460918180588347 
36.76 	 0.00024453422836801745 
36.78 	 0.00024501524759940963 
36.8 	 0.00024483891962219734 
36.82 	 0.0002466829035722076 
36.84 	 0.00024772678339694565 
36.86 	 0.00025112221350803466 
36.88 	 0.0002537606579802623 
36.9 	 0.0002594489361810819 
36.92 	 0.0002644464255806265 
36.94 	 0.0002733258948643955 
36.96 	 0.0002814150374853526 
36.98 	 0.00029395702294978174 
37.0 	 0.0003053134351079384 
37.02 	 0.000321055174116041 
37.04 	 0.00033494937798664504 
37.06 	 0.0003523433664650956 
37.08 	 0.00036720724151085026 
37.1 	 0.0003839820307647709 
37.12 	 0.0003979116130076374 
37.14 	 0.00041184833795351286 
37.16 	 0.00042329776347811265 
37.18 	 0.00043305603872051065 
37.2 	 0.00044135714858355965 
37.22 	 0.0004468960517251201 
37.24 	 0.0004523523058613288 
37.26 	 0.00045470807453076964 
37.28 	 0.00045825585106291667 
37.3 	 0.00045882049061304615 
37.32 	 0.00046145480124085527 
37.34 	 0.0004611634312597377 
37.36 	 0.0004634016744876946 
37.38 	 0.0004622315941144061 
37.4 	 0.0004638441216057125 
37.42 	 0.00046083256415958645 
37.44 	 0.0004609401934895239 
37.46 	 0.00045468739609034006 
37.48 	 0.00045216566045037937 
37.5 	 0.0004415889609691536 
37.52 	 0.0004355945881766164 
37.54 	 0.0004205846654297631 
37.56 	 0.00041098303210418863 
37.58 	 0.0003926446001290411 
37.6 	 0.00038016949419033397 
37.62 	 0.0003605262986319704 
37.64 	 0.0003466081337574331 
37.66 	 0.00032792021027739965 
37.68 	 0.0003142380963944738 
37.7 	 0.0002982514762302927 
37.72 	 0.000286173240959274 
37.74 	 0.00027361129543355646 
37.76 	 0.0002637496401602502 
37.78 	 0.0002542178927610181 
37.8 	 0.00024630292997716364 
37.82 	 0.0002386185257248008 
37.84 	 0.00023175287967572842 
37.86 	 0.0002245694061386639 
37.88 	 0.00021775318059723977 
37.9 	 0.00021023870263402753 
37.92 	 0.00020293051827201958 
37.94 	 0.00019521600765215363 
37.96 	 0.0001876932105882171 
37.98 	 0.00018089884157297716 
38.0 	 0.00017427432452555788 
38.02 	 0.0001701186586532303 
38.04 	 0.00016600362754679113 
38.06 	 0.00016618202476481145 
38.08 	 0.00016611058442290622 
38.1 	 0.00017168621077381588 
38.12 	 0.00017651488041679815 
38.14 	 0.00018751025670602563 
38.16 	 0.00019703710556485629 
38.18 	 0.00021233298840820898 
38.2 	 0.00022530600346765204 
38.22 	 0.00024288682719689802 
38.24 	 0.0002573992035429654 
38.26 	 0.0002748958828495777 
38.28 	 0.0002889856710392475 
38.3 	 0.0003043433803169869 
38.32 	 0.0003165376551278391 
38.34 	 0.0003285519580900867 
38.36 	 0.00033816110473110087 
38.38 	 0.0003466730219249088 
38.4 	 0.00035378547495987456 
38.42 	 0.0003594958289445923 
38.44 	 0.0003647471974459983 
38.46 	 0.00036878504185485725 
38.48 	 0.00037302617816948583 
38.5 	 0.000376477046968303 
38.52 	 0.0003804573444995382 
38.54 	 0.00038401855886594167 
38.56 	 0.0003881699280538362 
38.58 	 0.0003920183133961196 
38.6 	 0.0003963908510699061 
38.62 	 0.00040027485363414877 
38.64 	 0.0004046348913667904 
38.66 	 0.00040814170937010714 
38.68 	 0.0004121919266057828 
38.7 	 0.00041507967164079637 
38.72 	 0.00041870960530548897 
38.74 	 0.00042115087409349926 
38.76 	 0.0004245994590899097 
38.78 	 0.00042719639280661576 
38.8 	 0.00043102890987599835 
38.82 	 0.00043455130294112963 
38.84 	 0.0004394258227936655 
38.86 	 0.00044436140517777083 
38.88 	 0.00045066455249597587 
38.9 	 0.0004567872432335415 
38.92 	 0.0004643097169242376 
38.94 	 0.0004705055912741794 
38.96 	 0.0004783427486803017 
38.98 	 0.0004828486911468878 
39.0 	 0.000489615545832733 
39.02 	 0.0004906275875658726 
39.04 	 0.0004949118471328078 
39.06 	 0.0004912937925717193 
39.08 	 0.0004921402290948237 
39.1 	 0.0004838668282150992 
39.12 	 0.00048107465316838153 
39.14 	 0.00046918359367155573 
39.16 	 0.00046330134484253615 
39.18 	 0.00044942157993031756 
39.2 	 0.00044147349448989446 
39.22 	 0.0004272241809641277 
39.24 	 0.0004183238290585877 
39.26 	 0.0004048912321656959 
39.28 	 0.00039593558839777894 
39.3 	 0.00038397156471872706 
39.32 	 0.0003755397157379822 
39.34 	 0.0003653235356963823 
39.36 	 0.00035776888021227135 
39.38 	 0.0003494501294271547 
39.4 	 0.000343061415865034 
39.42 	 0.00033680110804363336 
39.44 	 0.0003318871599955654 
39.46 	 0.00032781606933464787 
39.48 	 0.00032464525764454695 
39.5 	 0.00032269348902004666 
39.52 	 0.00032133404164299623 
39.54 	 0.0003210735596465659 
39.56 	 0.00032125685500765204 
39.58 	 0.0003218918777853193 
39.6 	 0.00032300868028099566 
39.62 	 0.00032355623339825414 
39.64 	 0.0003248089753057469 
39.66 	 0.0003243927134616767 
39.68 	 0.00032503227026364263 
39.7 	 0.00032314479824573224 
39.72 	 0.00032268169887315434 
39.74 	 0.0003192969781977635 
39.76 	 0.0003176064530202915 
39.78 	 0.0003131165795421133 
39.8 	 0.0003104190819951282 
39.82 	 0.00030545631263594405 
39.84 	 0.00030220739225492687 
39.86 	 0.000297440639633596 
39.88 	 0.0002941838437526068 
39.9 	 0.00029015212346955956 
39.92 	 0.00028737818773999344 
39.94 	 0.0002843809040357299 
39.96 	 0.0002824147851036771 
39.98 	 0.00028045594840338836 
40.0 	 0.0002793811554253424 
40.02 	 0.0002781696786219609 
40.04 	 0.00027780313955015786 
40.06 	 0.0002768243853216127 
40.08 	 0.00027676077861446926 
40.1 	 0.0002754264100664341 
40.12 	 0.00027515834507728897 
40.14 	 0.0002730022931423479 
40.16 	 0.0002720884082156005 
40.18 	 0.00026893260004463745 
40.2 	 0.00026715075978163476 
40.22 	 0.0002631593062723543 
40.24 	 0.0002605759736098399 
40.26 	 0.0002561681154141859 
40.28 	 0.000253089955081868 
40.3 	 0.0002487576752818097 
40.32 	 0.0002455906792274613 
40.34 	 0.00024171294168182642 
40.36 	 0.00023880095001833985 
40.38 	 0.0002355359397745816 
40.4 	 0.00023305346918675883 
40.42 	 0.00023033847429200537 
40.44 	 0.00022827309133493463 
40.46 	 0.00022590647734525209 
40.48 	 0.00022411553257808717 
40.5 	 0.00022186728609111832 
40.52 	 0.00022016607783377162 
40.54 	 0.00021786899826282342 
40.56 	 0.0002161102698786988 
40.58 	 0.00021370743261382336 
40.6 	 0.00021183004809929173 
40.62 	 0.0002093756989355263 
40.64 	 0.00020741598028516662 
40.66 	 0.0002050386563577364 
40.68 	 0.00020310664667217687 
40.7 	 0.0002009495685524007 
40.72 	 0.00019917969929784523 
40.74 	 0.00019733930702200414 
40.76 	 0.00019583367754752237 
40.78 	 0.0001943196999330375 
40.8 	 0.00019310715926055728 
40.82 	 0.00019184026750212826 
40.84 	 0.00019086833451435896 
40.86 	 0.0001897142244185066 
40.88 	 0.00018887455247969826 
40.9 	 0.0001876960383149601 
40.92 	 0.00018686817444268724 
40.94 	 0.000185570882077886 
40.96 	 0.0001846635742296891 
40.98 	 0.0001832181517066947 
41.0 	 0.00018219296947139871 
41.02 	 0.00018062963873460988 
41.04 	 0.0001795013401838885 
41.06 	 0.00017788299697263227 
41.08 	 0.00017669938645168876 
41.1 	 0.0001750855659932234 
41.12 	 0.0001738960909259134 
41.14 	 0.00017231318748144546 
41.16 	 0.00017114041305962504 
41.18 	 0.0001695718998908184 
41.2 	 0.00016839992525842002 
41.22 	 0.00016680106927159804 
41.24 	 0.0001655865273772891 
41.26 	 0.00016391415573684535 
41.28 	 0.00016261210539142475 
41.3 	 0.0001608511912639438 
41.32 	 0.00015943971993983687 
41.34 	 0.00015761254252737048 
41.36 	 0.00015610306405089734 
41.38 	 0.0001542599278876211 
41.4 	 0.00015269151193326495 
41.42 	 0.00015089282660219163 
41.44 	 0.00014931821670230124 
41.46 	 0.00014761841481596516 
41.48 	 0.00014609015519312875 
41.5 	 0.000144527535890321 
41.52 	 0.0001430876377227034 
41.54 	 0.00014167922485741418 
41.56 	 0.00014035224575449645 
41.58 	 0.000139092969859335 
41.6 	 0.00013788303768628497 
41.62 	 0.0001367503534441266 
41.64 	 0.00013564392337522086 
41.66 	 0.00013460761781899287 
41.68 	 0.0001335817587632949 
41.7 	 0.0001326149417776431 
41.72 	 0.0001316471571195979 
41.74 	 0.00013073320768759584 
41.76 	 0.00012980791473935993 
41.78 	 0.00012894180478596767 
41.8 	 0.00012805224872752949 
41.82 	 0.00012723955871243593 
41.84 	 0.00012638834587684717 
41.86 	 0.00012564608696720713 
41.88 	 0.00012484788814303357 
41.9 	 0.00012420712845505813 
41.92 	 0.00012349304887066743 
41.94 	 0.00012299873960891505 
41.96 	 0.00012241761755636563 
41.98 	 0.00012212059198857026 
42.0 	 0.00012173221179154192 
42.02 	 0.00012167243573268986 
42.04 	 0.00012153150541673513 
42.06 	 0.00012171695887796623 
42.08 	 0.000121851704704203 
42.1 	 0.0001222405918061199 
42.12 	 0.00012263312391396153 
42.14 	 0.00012312750005154412 
42.16 	 0.000123703773928037 
42.18 	 0.0001241603228591844 
42.2 	 0.00012479563768730896 
42.22 	 0.00012505416858937853 
42.24 	 0.0001255957397435033 
42.26 	 0.00012551864073578813 
42.28 	 0.00012582047208484082 
42.3 	 0.00012532984553830927 
42.32 	 0.0001252891454570821 
42.34 	 0.00012438706877661366 
42.36 	 0.00012396908481552557 
42.38 	 0.00012273255232349344 
42.4 	 0.00012197416151146109 
42.42 	 0.00012052716416811743 
42.44 	 0.00011951813025304787 
42.46 	 0.0001179931470632415 
42.48 	 0.00011684372948325385 
42.5 	 0.00011534843915575621 
42.52 	 0.00011415766511896499 
42.54 	 0.00011275835655748462 
42.56 	 0.0001115952331226985 
42.58 	 0.00011031883560924412 
42.6 	 0.00010922025282429953 
42.62 	 0.00010806768412840553 
42.64 	 0.00010704741417285222 
42.66 	 0.00010600753582687487 
42.68 	 0.00010506679665907634 
42.7 	 0.00010412421417988355 
42.72 	 0.00010325762219837003 
42.74 	 0.00010239486449455608 
42.76 	 0.0001015922491409658 
42.78 	 0.00010079109775737915 
42.8 	 0.0001000393406379989 
42.82 	 9.928424908335997e-05 
42.84 	 9.857134169336616e-05 
42.86 	 9.785311586033051e-05 
42.88 	 9.717221407447025e-05 
42.9 	 9.648818300291357e-05 
42.92 	 9.58379925969818e-05 
42.94 	 9.518793958299459e-05 
42.96 	 9.456898255916732e-05 
42.98 	 9.395048945439498e-05 
43.0 	 9.336093914416413e-05 
43.02 	 9.276839363843575e-05 
43.04 	 9.22034507555896e-05 
43.06 	 9.163101052130982e-05 
43.08 	 9.10858514662973e-05 
43.1 	 9.053052030916224e-05 
43.12 	 9.000304802808513e-05 
43.14 	 8.946419207526289e-05 
43.16 	 8.895425799733712e-05 
43.18 	 8.84300249973852e-05 
43.2 	 8.793582348496578e-05 
43.22 	 8.74204403460825e-05 
43.24 	 8.69359657783195e-05 
43.26 	 8.642110142350027e-05 
43.28 	 8.593760074769368e-05 
43.3 	 8.541689230794632e-05 
43.32 	 8.492730614407206e-05 
43.34 	 8.440002326918053e-05 
43.36 	 8.390254198055422e-05 
43.38 	 8.33731921602074e-05 
43.4 	 8.287093648520955e-05 
43.42 	 8.23453478325145e-05 
43.44 	 8.184273442538014e-05 
43.46 	 8.132415673621886e-05 
43.48 	 8.082331399420899e-05 
43.5 	 8.031172482722478e-05 
43.52 	 7.981193776261941e-05 
43.54 	 7.930659974317922e-05 
43.56 	 7.88067536405044e-05 
43.58 	 7.830912911348509e-05 
43.6 	 7.781035654853431e-05 
43.62 	 7.732441486699916e-05 
43.64 	 7.683017211689744e-05 
43.66 	 7.635991622575455e-05 
43.68 	 7.58734605454681e-05 
43.7 	 7.542044729813803e-05 
43.72 	 7.494248445776702e-05 
43.74 	 7.45062865577306e-05 
43.76 	 7.40355889901832e-05 
43.78 	 7.361728036489499e-05 
43.8 	 7.315421509059494e-05 
43.82 	 7.275990912431038e-05 
43.84 	 7.230994299430207e-05 
43.86 	 7.195133756340459e-05 
43.88 	 7.152569293532093e-05 
43.9 	 7.121755441696636e-05 
43.92 	 7.083113070650873e-05 
43.94 	 7.058846052492994e-05 
43.96 	 7.025769068807099e-05 
43.98 	 7.009489927050543e-05 
44.0 	 6.983754934443354e-05 
44.02 	 6.97687930357569e-05 
44.04 	 6.96045607598242e-05 
44.06 	 6.964202276980962e-05 
44.08 	 6.959066842917539e-05 
44.1 	 6.973876853259947e-05 
44.12 	 6.981391313317674e-05 
44.14 	 7.00612898303584e-05 
44.16 	 7.026179389218807e-05 
44.18 	 7.057582489549136e-05 
44.2 	 7.087932836940069e-05 
44.22 	 7.12073091604846e-05 
44.24 	 7.156979491810106e-05 
44.26 	 7.184734354457996e-05 
44.28 	 7.22093856844248e-05 
44.3 	 7.237311489755239e-05 
44.32 	 7.267051523755914e-05 
44.34 	 7.26707921228111e-05 
44.36 	 7.284636770532604e-05 
44.38 	 7.265694212779012e-05 
44.4 	 7.267088614412093e-05 
44.42 	 7.229364045591432e-05 
44.44 	 7.213065176453011e-05 
44.46 	 7.159459564819988e-05 
44.48 	 7.126616597269122e-05 
44.5 	 7.062048994634784e-05 
44.52 	 7.016109503359939e-05 
44.54 	 6.946355132444832e-05 
44.56 	 6.892109451675522e-05 
44.58 	 6.822507625619159e-05 
44.6 	 6.764857654736099e-05 
44.62 	 6.699349443940037e-05 
44.64 	 6.642285056701704e-05 
44.66 	 6.583119664184658e-05 
44.68 	 6.529297503481135e-05 
44.7 	 6.477396477451742e-05 
44.72 	 6.428363398452423e-05 
44.74 	 6.383973423861253e-05 
44.76 	 6.340700395198979e-05 
44.78 	 6.303856976883837e-05 
44.8 	 6.267122342344574e-05 
44.82 	 6.237659990882256e-05 
44.84 	 6.208015351549933e-05 
44.86 	 6.185219526910883e-05 
44.88 	 6.162613482491444e-05 
44.9 	 6.144854074479958e-05 
44.92 	 6.128227355655287e-05 
44.94 	 6.112906230017297e-05 
44.96 	 6.10007689517213e-05 
44.98 	 6.08401789012916e-05 
45.0 	 6.071996709487535e-05 
45.02 	 6.0521590176739685e-05 
45.04 	 6.037810046930199e-05 
45.06 	 6.012044837370506e-05 
45.08 	 5.9928473105385806e-05 
45.1 	 5.9603980851516414e-05 
45.12 	 5.935024110858957e-05 
45.14 	 5.8965850355144015e-05 
45.16 	 5.865087336314742e-05 
45.18 	 5.822424223759823e-05 
45.2 	 5.785994227037393e-05 
45.22 	 5.7413100886228144e-05 
45.24 	 5.701743216157508e-05 
45.26 	 5.6570486672521424e-05 
45.28 	 5.6161520957615994e-05 
45.3 	 5.5728508410000717e-05 
45.32 	 5.53200509953931e-05 
45.34 	 5.4907725739447774e-05 
45.36 	 5.450745260702008e-05 
45.38 	 5.4116501786937185e-05 
45.4 	 5.3726391558424654e-05 
45.42 	 5.335396887732862e-05 
45.44 	 5.297217104177275e-05 
45.46 	 5.2614762786730814e-05 
45.48 	 5.223808882374353e-05 
45.5 	 5.18941831106754e-05 
45.52 	 5.152076968662109e-05 
45.54 	 5.119311406524959e-05 
45.56 	 5.0825036274475355e-05 
45.58 	 5.052221336986348e-05 
45.6 	 5.0167694020002765e-05 
45.62 	 4.9904440147697046e-05 
45.64 	 4.9578922128068496e-05 
45.66 	 4.937442017615195e-05 
45.68 	 4.909951735012942e-05 
45.7 	 4.897317935707715e-05 
45.72 	 4.8772800110481585e-05 
45.74 	 4.873793688969309e-05 
45.76 	 4.8631825587667446e-05 
45.78 	 4.8688814200501385e-05 
45.8 	 4.868508313594009e-05 
45.82 	 4.88165996022112e-05 
45.84 	 4.8905877126045664e-05 
45.86 	 4.9076800462984933e-05 
45.88 	 4.923072336816819e-05 
45.9 	 4.939404725337805e-05 
45.92 	 4.95696529579076e-05 
45.94 	 4.9677373025164033e-05 
45.96 	 4.982675520924005e-05 
45.98 	 4.984219395971212e-05 
46.0 	 4.99244098018907e-05 
46.02 	 4.983121802536798e-05 
46.04 	 4.982205112781521e-05 
46.06 	 4.962623336489175e-05 
46.08 	 4.952201502420431e-05 
46.1 	 4.924651963040115e-05 
46.12 	 4.9060874402585854e-05 
46.14 	 4.873585176433545e-05 
46.16 	 4.84916772394323e-05 
46.18 	 4.81452540649252e-05 
46.2 	 4.786633146696094e-05 
46.22 	 4.751957474465448e-05 
46.24 	 4.722549208939926e-05 
46.26 	 4.689206225031101e-05 
46.28 	 4.659723188328117e-05 
46.3 	 4.628541043079811e-05 
46.32 	 4.600021443267392e-05 
46.34 	 4.571450195026566e-05 
46.36 	 4.544606346242586e-05 
46.38 	 4.5187334971525066e-05 
46.4 	 4.4939096106383964e-05 
46.42 	 4.4704439874515783e-05 
46.44 	 4.447571931880754e-05 
46.46 	 4.425956410034751e-05 
46.48 	 4.404661686138447e-05 
46.5 	 4.384329853683071e-05 
46.52 	 4.3641900514236785e-05 
46.54 	 4.344803484332455e-05 
46.56 	 4.3255876699850207e-05 
46.58 	 4.30706638978913e-05 
46.6 	 4.288766872378568e-05 
46.62 	 4.271090382337272e-05 
46.64 	 4.253726335575406e-05 
46.66 	 4.236687402656915e-05 
46.68 	 4.2200635126326446e-05 
46.7 	 4.2032095168527505e-05 
46.72 	 4.186863301581321e-05 
46.74 	 4.169702590511159e-05 
46.76 	 4.153116497765267e-05 
46.78 	 4.135431196505006e-05 
46.8 	 4.1183517375801417e-05 
46.82 	 4.100350596754879e-05 
46.84 	 4.082949656460233e-05 
46.86 	 4.065114080054072e-05 
46.88 	 4.0478443435224285e-05 
46.9 	 4.0305711820887235e-05 
46.92 	 4.0138153276667645e-05 
46.94 	 3.997131740551174e-05 
46.96 	 3.9809174034837564e-05 
46.98 	 3.964490801013914e-05 
47.0 	 3.94849409740473e-05 
47.02 	 3.931924149278089e-05 
47.04 	 3.9157523776539825e-05 
47.06 	 3.898905694757884e-05 
47.08 	 3.882425981681157e-05 
47.1 	 3.865543480777398e-05 
47.12 	 3.8489913937986e-05 
47.14 	 3.8324869449798454e-05 
47.16 	 3.816271743737411e-05 
47.18 	 3.800391676747966e-05 
47.2 	 3.784761898919386e-05 
47.22 	 3.7693838120389835e-05 
47.24 	 3.754226691519156e-05 
47.26 	 3.738957458766903e-05 
47.28 	 3.7238912076318705e-05 
47.3 	 3.708378573334844e-05 
47.32 	 3.6930559652921615e-05 
47.34 	 3.677257897553802e-05 
47.36 	 3.661631781042158e-05 
47.38 	 3.645829658764009e-05 
47.4 	 3.630169787133299e-05 
47.42 	 3.614725098229519e-05 
47.44 	 3.599383148419996e-05 
47.46 	 3.584443279940139e-05 
47.48 	 3.569565444197137e-05 
47.5 	 3.554955593938635e-05 
47.52 	 3.5403747752377195e-05 
47.54 	 3.525751218060204e-05 
47.56 	 3.511133450930345e-05 
47.58 	 3.496258468370969e-05 
47.6 	 3.481368601709439e-05 
47.62 	 3.466278370622761e-05 
47.64 	 3.451143283994533e-05 
47.66 	 3.4360836974166226e-05 
47.68 	 3.420931492709184e-05 
47.7 	 3.4061355417511616e-05 
47.72 	 3.391181488511625e-05 
47.74 	 3.376684079613651e-05 
47.76 	 3.3619523737483786e-05 
47.78 	 3.347588628075755e-05 
47.8 	 3.3329102456581284e-05 
47.82 	 3.3184781473901716e-05 
47.84 	 3.303645635286285e-05 
47.86 	 3.289083934799576e-05 
47.88 	 3.274020679846859e-05 
47.9 	 3.259464814271786e-05 
47.92 	 3.244280033826484e-05 
47.94 	 3.2299843369985546e-05 
47.96 	 3.21490568421962e-05 
47.98 	 3.201133903212575e-05 
48.0 	 3.186416014121718e-05 
48.02 	 3.173404080605227e-05 
48.04 	 3.159309338375292e-05 
48.06 	 3.147306894250607e-05 
48.08 	 3.134158715374508e-05 
48.1 	 3.123459604729659e-05 
48.12 	 3.111676319867435e-05 
48.14 	 3.102541627968721e-05 
48.16 	 3.092554329200065e-05 
48.18 	 3.085016300863268e-05 
48.2 	 3.077057364521248e-05 
48.22 	 3.070696244009272e-05 
48.24 	 3.064547614291053e-05 
48.26 	 3.058379091669113e-05 
48.28 	 3.05321760393234e-05 
48.3 	 3.045788480882408e-05 
48.32 	 3.040232200868959e-05 
48.34 	 3.029922302040021e-05 
48.36 	 3.0222898620770626e-05 
48.38 	 3.007713596730863e-05 
48.4 	 2.996406844332916e-05 
48.42 	 2.976753058927304e-05 
48.44 	 2.9606123988834212e-05 
48.46 	 2.935787906930301e-05 
48.48 	 2.914282199135921e-05 
48.5 	 2.884822576904387e-05 
48.52 	 2.8580198297731274e-05 
48.54 	 2.8248486304452034e-05 
48.56 	 2.7932281465003922e-05 
48.58 	 2.7574157913754227e-05 
48.6 	 2.7216621672228017e-05 
48.62 	 2.684317320887064e-05 
48.64 	 2.6452320680213585e-05 
48.66 	 2.607561356967693e-05 
48.68 	 2.5661376971737267e-05 
48.7 	 2.5295904519501634e-05 
48.72 	 2.487173152926806e-05 
48.74 	 2.4535189285422173e-05 
48.76 	 2.4118922977160804e-05 
48.78 	 2.38310916868123e-05 
48.8 	 2.3443826664724652e-05 
48.82 	 2.3223558165464025e-05 
48.84 	 2.2886462115491246e-05 
48.86 	 2.274816071345776e-05 
48.88 	 2.2478761693134758e-05 
48.9 	 2.2430291229690415e-05 
48.92 	 2.224025938445629e-05 
48.94 	 2.2283281915414617e-05 
48.96 	 2.2178663637563702e-05 
48.98 	 2.231056358260885e-05 
49.0 	 2.229348536933338e-05 
49.02 	 2.2508780979532802e-05 
49.04 	 2.2578506547172968e-05 
49.06 	 2.2868271318420688e-05 
49.08 	 2.3020307911312505e-05 
49.1 	 2.3370278687782502e-05 
49.12 	 2.3594377908753442e-05 
49.14 	 2.398420314264199e-05 
49.16 	 2.426363091199393e-05 
49.18 	 2.4669319413396483e-05 
49.2 	 2.4983177006476297e-05 
49.22 	 2.5382361345768064e-05 
49.24 	 2.571044426938853e-05 
49.26 	 2.6087634531234826e-05 
49.28 	 2.641526339489172e-05 
49.3 	 2.6763945038770598e-05 
49.32 	 2.7084043510401466e-05 
49.34 	 2.7404488700299223e-05 
49.36 	 2.771591702933875e-05 
49.38 	 2.801024185303173e-05 
49.4 	 2.8313618736806156e-05 
49.42 	 2.8581012588464606e-05 
49.44 	 2.8874470204790636e-05 
49.46 	 2.9109008153835878e-05 
49.48 	 2.9385989772361673e-05 
49.5 	 2.9577738427293692e-05 
49.52 	 2.9827597879119694e-05 
49.54 	 2.9966027476324466e-05 
49.56 	 3.0176769009296516e-05 
49.58 	 3.0254610828931634e-05 
49.6 	 3.041629981356657e-05 
49.62 	 3.043214036161241e-05 
49.64 	 3.053952066676318e-05 
49.66 	 3.0498315595679613e-05 
49.68 	 3.055180988598015e-05 
49.7 	 3.0463571729613776e-05 
49.72 	 3.0468704743163976e-05 
49.74 	 3.0346289557588322e-05 
49.76 	 3.0312178268499335e-05 
49.78 	 3.0169077377675128e-05 
49.8 	 3.010668101473921e-05 
49.82 	 2.9955213386427814e-05 
49.84 	 2.987565452445253e-05 
49.86 	 2.972549513277996e-05 
49.88 	 2.9638420628599e-05 
49.9 	 2.9495420830691768e-05 
49.92 	 2.940746532961352e-05 
49.94 	 2.927313377746966e-05 
49.96 	 2.91869847830217e-05 
49.98 	 2.905923330810619e-05 
50.0 	 2.897401391391341e-05 
50.02 	 2.884931824005905e-05 
50.04 	 2.8762506904451353e-05 
50.06 	 2.863862219034558e-05 
50.08 	 2.854867651862875e-05 
50.1 	 2.84263159354653e-05 
50.12 	 2.833439669319588e-05 
50.14 	 2.821666988981615e-05 
50.16 	 2.8126208586956086e-05 
50.18 	 2.8016107428414967e-05 
50.2 	 2.7930422297863784e-05 
50.22 	 2.7828173482609878e-05 
50.24 	 2.7747877657830672e-05 
50.26 	 2.7650255708501822e-05 
50.28 	 2.7572517972459334e-05 
50.3 	 2.747483395149315e-05 
50.32 	 2.7395241700407794e-05 
50.34 	 2.7294670741826067e-05 
50.36 	 2.7210459954512732e-05 
50.38 	 2.7108265718199046e-05 
50.4 	 2.7020581776317227e-05 
50.42 	 2.692153883746808e-05 
50.44 	 2.6835037862271867e-05 
50.46 	 2.6744363560342676e-05 
50.48 	 2.666434990969793e-05 
50.5 	 2.6584207184331565e-05 
50.52 	 2.651321561547517e-05 
50.54 	 2.6441111981551513e-05 
50.56 	 2.6377183502613595e-05 
50.58 	 2.6307292757287285e-05 
50.6 	 2.6245026252371788e-05 
50.62 	 2.6171572271669018e-05 
50.64 	 2.610525418804486e-05 
50.66 	 2.60258646083608e-05 
50.68 	 2.5952756200428168e-05 
50.7 	 2.5869813345603625e-05 
50.72 	 2.579167761619028e-05 
50.74 	 2.5710969521543817e-05 
50.76 	 2.5633031257940728e-05 
50.78 	 2.5560603526779746e-05 
50.8 	 2.5488654733807447e-05 
50.82 	 2.542777202578142e-05 
50.84 	 2.5365202387260795e-05 
50.86 	 2.531523029360036e-05 
50.88 	 2.5261796236550066e-05 
50.9 	 2.5219684971887394e-05 
50.92 	 2.517281185832365e-05 
50.94 	 2.513630231693886e-05 
50.96 	 2.5094190731108462e-05 
50.98 	 2.506472605572442e-05 
51.0 	 2.502934356546489e-05 
51.02 	 2.5012646007521118e-05 
51.04 	 2.4990537054553867e-05 
51.06 	 2.4994018433493665e-05 
51.08 	 2.4993950584010164e-05 
51.1 	 2.502197431539989e-05 
51.12 	 2.5050259251849042e-05 
51.14 	 2.5099733770625964e-05 
51.16 	 2.5155594497381494e-05 
51.18 	 2.5214532430290587e-05 
51.2 	 2.5288147840919166e-05 
51.22 	 2.533841773426892e-05 
51.24 	 2.541298152985583e-05 
51.26 	 2.5436197318275483e-05 
51.28 	 2.5493181346558275e-05 
51.3 	 2.5476877885281103e-05 
51.32 	 2.5501968096803645e-05 
51.34 	 2.544308017294696e-05 
51.36 	 2.5429993258598715e-05 
51.38 	 2.533429903212818e-05 
51.4 	 2.5285023504493906e-05 
51.42 	 2.5163517885305054e-05 
51.44 	 2.5085585809214147e-05 
51.46 	 2.495019163332179e-05 
51.48 	 2.4853041456456673e-05 
51.5 	 2.4713823075551873e-05 
51.52 	 2.4606270408871392e-05 
51.54 	 2.4470788215610306e-05 
51.56 	 2.4360293910517666e-05 
51.58 	 2.4234163301895144e-05 
51.6 	 2.4127103878561797e-05 
51.62 	 2.4014308966268034e-05 
51.64 	 2.3915932107341924e-05 
51.66 	 2.3818200946824567e-05 
51.68 	 2.3731653582575512e-05 
51.7 	 2.364747944127582e-05 
51.72 	 2.35725322299049e-05 
51.74 	 2.3497147129119477e-05 
51.76 	 2.342994911518334e-05 
51.78 	 2.3357107781994216e-05 
51.8 	 2.3291866096528864e-05 
51.82 	 2.3216962687623428e-05 
51.84 	 2.3149114452515338e-05 
51.86 	 2.3071919469801295e-05 
51.88 	 2.300109879483161e-05 
51.9 	 2.292625075631599e-05 
51.92 	 2.285711403188447e-05 
51.94 	 2.2791660969657837e-05 
51.96 	 2.2731703654118398e-05 
51.98 	 2.268076365707512e-05 
52.0 	 2.2636033672577142e-05 
52.02 	 2.2598906850734554e-05 
52.04 	 2.2569882653996066e-05 
52.06 	 2.2538895933195353e-05 
52.08 	 2.2518875599675732e-05 
52.1 	 2.2481862677529747e-05 
52.12 	 2.245893850934224e-05 
52.14 	 2.2404310604161177e-05 
52.16 	 2.2366127835065998e-05 
52.18 	 2.2288072309725327e-05 
52.2 	 2.2227126693950093e-05 
52.22 	 2.212836955621536e-05 
52.24 	 2.2045311386430163e-05 
52.26 	 2.1936113268713905e-05 
52.28 	 2.1839493404996163e-05 
52.3 	 2.173339781013215e-05 
52.32 	 2.1636007395565257e-05 
52.34 	 2.154435398703641e-05 
52.36 	 2.145791321497479e-05 
52.38 	 2.1385584919055017e-05 
52.4 	 2.1316227563166797e-05 
52.42 	 2.126039342141773e-05 
52.44 	 2.1206863447150875e-05 
52.46 	 2.1159019179591893e-05 
52.48 	 2.1114099488906772e-05 
52.5 	 2.1064225807394047e-05 
52.52 	 2.1018439092138223e-05 
52.54 	 2.0959301465651498e-05 
52.56 	 2.090508200237208e-05 
52.58 	 2.0834895763939438e-05 
52.6 	 2.0769508485629213e-05 
52.62 	 2.0692140029216183e-05 
52.64 	 2.0618394858450673e-05 
52.66 	 2.054136385803074e-05 
52.68 	 2.0466143526369575e-05 
52.7 	 2.0397418727064145e-05 
52.72 	 2.032877576401493e-05 
52.74 	 2.0273575675644507e-05 
52.76 	 2.0217499267538512e-05 
52.78 	 2.0176170954857195e-05 
52.8 	 2.013414071406733e-05 
52.82 	 2.0101855361356224e-05 
52.84 	 2.0070069216321e-05 
52.86 	 2.0038555715567964e-05 
52.88 	 2.000923619842552e-05 
52.9 	 1.9970064557031253e-05 
52.92 	 1.9934521901431613e-05 
52.94 	 1.9882728822448875e-05 
52.96 	 1.9835079644762664e-05 
52.98 	 1.9771577009065197e-05 
53.0 	 1.9711547361273007e-05 
53.02 	 1.9643088296491803e-05 
53.04 	 1.9576512378281232e-05 
53.06 	 1.9512992598863995e-05 
53.08 	 1.944953493547001e-05 
53.1 	 1.9399672937544872e-05 
53.12 	 1.9348628760318677e-05 
53.14 	 1.9315974863776723e-05 
53.16 	 1.9282072366841085e-05 
53.18 	 1.926329531764445e-05 
53.2 	 1.9244555699831783e-05 
53.22 	 1.9230900466531154e-05 
53.24 	 1.9219604487226252e-05 
53.26 	 1.920078510342615e-05 
53.28 	 1.9186975767470867e-05 
53.3 	 1.9155508354773545e-05 
53.32 	 1.913119329004844e-05 
53.34 	 1.9085077731791945e-05 
53.36 	 1.9047115495984767e-05 
53.38 	 1.898984855525718e-05 
53.4 	 1.8940414990569037e-05 
53.42 	 1.8878783601316156e-05 
53.44 	 1.882365009887998e-05 
53.46 	 1.8764691778150146e-05 
53.48 	 1.871048998537153e-05 
53.5 	 1.8659029925001396e-05 
53.52 	 1.8610819112626566e-05 
53.54 	 1.8568368116433236e-05 
53.56 	 1.8528333928771857e-05 
53.58 	 1.8493391677914925e-05 
53.6 	 1.846084792826616e-05 
53.62 	 1.8430160154548475e-05 
53.64 	 1.8402537201835378e-05 
53.66 	 1.8372660801401387e-05 
53.68 	 1.834692189723214e-05 
53.7 	 1.831547971138116e-05 
53.72 	 1.828936692455122e-05 
53.74 	 1.8255571821063675e-05 
53.76 	 1.8228224608310872e-05 
53.78 	 1.8192583648522522e-05 
53.8 	 1.816437456658591e-05 
53.82 	 1.8127839835015565e-05 
53.84 	 1.8099627505707976e-05 
53.86 	 1.8062674967178877e-05 
53.88 	 1.8034913678657263e-05 
53.9 	 1.7997001622281896e-05 
53.92 	 1.796915525932668e-05 
53.94 	 1.7928779022664345e-05 
53.96 	 1.7899288243828426e-05 
53.98 	 1.7854549973751523e-05 
54.0 	 1.7821322210384527e-05 
54.02 	 1.7770715852204202e-05 
54.04 	 1.773188231280279e-05 
54.06 	 1.7674932270003953e-05 
54.08 	 1.7629527040666718e-05 
54.1 	 1.7567018277811407e-05 
54.12 	 1.7515301452934864e-05 
54.14 	 1.7449042336964123e-05 
54.16 	 1.7392371391461844e-05 
54.18 	 1.7324638692599055e-05 
54.2 	 1.726499844949631e-05 
54.22 	 1.7197926165840575e-05 
54.24 	 1.7137354257139962e-05 
54.26 	 1.707249999260975e-05 
54.28 	 1.7012637797121543e-05 
54.3 	 1.6950830926535205e-05 
54.32 	 1.6892718536251298e-05 
54.34 	 1.6834152261778555e-05 
54.36 	 1.6778252989998573e-05 
54.38 	 1.6722702153683514e-05 
54.4 	 1.666906054121545e-05 
54.42 	 1.661610689005557e-05 
54.44 	 1.656453509500954e-05 
54.46 	 1.6513730601819463e-05 
54.48 	 1.6463955982409785e-05 
54.5 	 1.6414909079186182e-05 
54.52 	 1.636666211233017e-05 
54.54 	 1.6319064745898676e-05 
54.56 	 1.627211676999702e-05 
54.58 	 1.6225738904873825e-05 
54.6 	 1.6179909318674176e-05 
54.62 	 1.6134581764878213e-05 
54.64 	 1.608973163771138e-05 
54.66 	 1.6045328622670586e-05 
54.68 	 1.6001350908150612e-05 
54.7 	 1.5957776539874907e-05 
54.72 	 1.5914587349689793e-05 
54.74 	 1.5871766300504277e-05 
54.76 	 1.582929839016936e-05 
54.78 	 1.578716981060774e-05 
54.8 	 1.574536805911703e-05 
54.82 	 1.5703881632034113e-05 
54.84 	 1.5662699965800443e-05 
54.86 	 1.5621813293835783e-05 
54.88 	 1.5581212570356135e-05 
54.9 	 1.5540889384992946e-05 
54.92 	 1.5500835899141098e-05 
54.94 	 1.5461044786856793e-05 
54.96 	 1.5421509185454245e-05 
54.98 	 1.5382222651595196e-05 
55.0 	 1.534317912312604e-05 
55.02 	 1.5304372885307092e-05 
55.04 	 1.526579854099466e-05 
55.06 	 1.5227450984123293e-05 
55.08 	 1.5189325376075854e-05 
55.1 	 1.5151417124542939e-05 
55.12 	 1.5113721864551889e-05 
55.14 	 1.5076235441391756e-05 
55.16 	 1.503895389520918e-05 
55.18 	 1.5001873447063358e-05 
55.2 	 1.4964990486285646e-05 
55.22 	 1.4928301558979765e-05 
55.24 	 1.489180335755253e-05 
55.26 	 1.4855492711147736e-05 
55.28 	 1.481936657690114e-05 
55.3 	 1.478342203191896e-05 
55.32 	 1.4747656265915617e-05 
55.34 	 1.4712066574443284e-05 
55.36 	 1.4676650352646028e-05 
55.38 	 1.464140508950722e-05 
55.4 	 1.4606328362520705e-05 
55.42 	 1.4571417832766446e-05 
55.44 	 1.4536671240343554e-05 
55.46 	 1.4502086400127949e-05 
55.48 	 1.4467661197834364e-05 
55.5 	 1.4433393586347164e-05 
55.52 	 1.4399281582304876e-05 
55.54 	 1.4365323262910256e-05 
55.56 	 1.4331516762954165e-05 
55.58 	 1.4297860272031004e-05 
55.6 	 1.4264352031932668e-05 
55.62 	 1.4230990334207125e-05 
55.64 	 1.4197773517867165e-05 
55.66 	 1.416469996724246e-05 
55.68 	 1.4131768109955224e-05 
55.7 	 1.4098976415021337e-05 
55.72 	 1.4066323391061484e-05 
55.74 	 1.4033807584611846e-05 
55.76 	 1.40014275785367e-05 
55.78 	 1.3969181990524165e-05 
55.8 	 1.3937069471669732e-05 
55.82 	 1.39050887051352e-05 
55.84 	 1.3873238404878559e-05 
55.86 	 1.3841517314455104e-05 
55.88 	 1.3809924205876676e-05 
55.9 	 1.3778457878533875e-05 
55.92 	 1.3747117158172131e-05 
55.94 	 1.3715900895918956e-05 
55.96 	 1.3684807967358737e-05 
55.98 	 1.3653837271656701e-05 
56.0 	 1.3622987730721684e-05 
56.02 	 1.3592258288411205e-05 
56.04 	 1.3561647909774229e-05 
56.06 	 1.3531155580326869e-05 
56.08 	 1.3500780305366905e-05 
56.1 	 1.3470521109314864e-05 
56.12 	 1.344037703508598e-05 
56.14 	 1.3410347143493952e-05 
56.16 	 1.3380430512674874e-05 
56.18 	 1.3350626237542533e-05 
56.2 	 1.3320933429261756e-05 
56.22 	 1.3291351214750744e-05 
56.24 	 1.3261878736197384e-05 
56.26 	 1.3232515150601723e-05 
56.28 	 1.3203259629334164e-05 
56.3 	 1.3174111357712144e-05 
56.32 	 1.3145069534595928e-05 
56.34 	 1.3116133371997279e-05 
56.36 	 1.3087302094708224e-05 
56.38 	 1.305857493994041e-05 
56.4 	 1.3029951156979444e-05 
56.42 	 1.3001430006854866e-05 
56.44 	 1.2973010762018813e-05 
56.46 	 1.2944692706041345e-05 
56.48 	 1.2916475133313422e-05 
56.5 	 1.2888357348763157e-05 
56.52 	 1.2860338667579973e-05 
56.54 	 1.2832418414953013e-05 
56.56 	 1.2804595925814525e-05 
56.58 	 1.2776870544595321e-05 
56.6 	 1.2749241624987496e-05 
56.62 	 1.2721708529715461e-05 
56.64 	 1.2694270630316084e-05 
56.66 	 1.266692730692586e-05 
56.68 	 1.2639677948073048e-05 
56.7 	 1.2612521950481532e-05 
56.72 	 1.2585458718877127e-05 
56.74 	 1.2558487665801517e-05 
56.76 	 1.2531608211433346e-05 
56.78 	 1.2504819783413646e-05 
56.8 	 1.2478121816677913e-05 
56.82 	 1.2451513753293642e-05 
56.84 	 1.2424995042300477e-05 
56.86 	 1.239856513956125e-05 
56.88 	 1.2372223507610443e-05 
56.9 	 1.234596961551265e-05 
56.92 	 1.2319802938722364e-05 
56.94 	 1.229372295894976e-05 
56.96 	 1.226772916403124e-05 
56.98 	 1.2241821047799634e-05 
57.0 	 1.2215998109963483e-05 
57.02 	 1.2190259855987016e-05 
57.04 	 1.2164605796973689e-05 
57.06 	 1.2139035449554706e-05 
57.08 	 1.211354833577672e-05 
57.1 	 1.2088143982999944e-05 
57.12 	 1.2062821923791481e-05 
57.14 	 1.2037581695825519e-05 
57.16 	 1.2012422841786504e-05 
57.18 	 1.1987344909273662e-05 
57.2 	 1.1962347450709639e-05 
57.22 	 1.1937430023249297e-05 
57.24 	 1.1912592188692559e-05 
57.26 	 1.1887833513400122e-05 
57.28 	 1.1863153568209686e-05 
57.3 	 1.1838551928357695e-05 
57.32 	 1.1814028173396212e-05 
57.34 	 1.1789581887121017e-05 
57.36 	 1.1765212657494822e-05 
57.38 	 1.1740920076574756e-05 
57.4 	 1.1716703740441853e-05 
57.42 	 1.1692563249132869e-05 
57.44 	 1.166849820657098e-05 
57.46 	 1.1644508220502673e-05 
57.48 	 1.1620592902431528e-05 
57.5 	 1.1596751867556643e-05 
57.52 	 1.1572984734712545e-05 
57.54 	 1.1549291126309108e-05 
57.56 	 1.1525670668272192e-05 
57.58 	 1.1502122989989211e-05 
57.6 	 1.1478647724252749e-05 
57.62 	 1.145524450720602e-05 
57.64 	 1.1431912978290952e-05 
57.66 	 1.1408652780197308e-05 
57.68 	 1.1385463558809106e-05 
57.7 	 1.1362344963160405e-05 
57.72 	 1.1339296645383094e-05 
57.74 	 1.131631826066057e-05 
57.76 	 1.1293409467183288e-05 
57.78 	 1.127056992610297e-05 
57.8 	 1.1247799301489067e-05 
57.82 	 1.1225097260283505e-05 
57.84 	 1.1202463472262898e-05 
57.86 	 1.1179897609992682e-05 
57.88 	 1.115739934879016e-05 
57.9 	 1.1134968366684027e-05 
57.92 	 1.111260434437559e-05 
57.94 	 1.1090306965200641e-05 
57.96 	 1.1068075915093357e-05 
57.98 	 1.1045910882549335e-05 
58.0 	 1.102381155859143e-05 
58.02 	 1.1001777636732812e-05 
58.04 	 1.097980881294434e-05 
58.06 	 1.095790478562172e-05 
58.08 	 1.093606525555104e-05 
58.1 	 1.0914289925878912e-05 
58.12 	 1.0892578502079101e-05 
58.14 	 1.0870930691923037e-05 
58.16 	 1.08493462054494e-05 
58.18 	 1.0827824754933112e-05 
58.2 	 1.080636605485933e-05 
58.22 	 1.0784969821891667e-05 
58.24 	 1.0763635774847236e-05 
58.26 	 1.0742363634666672e-05 
58.28 	 1.072115312438876e-05 
58.3 	 1.0700003969124414e-05 
58.32 	 1.0678915896029044e-05 
58.34 	 1.0657888634279405e-05 
58.36 	 1.0636921915047334e-05 
58.38 	 1.0616015471474699e-05 
58.4 	 1.0595169038650693e-05 
58.42 	 1.0574382353588878e-05 
58.44 	 1.0553655155200741e-05 
58.46 	 1.0532987184276627e-05 
58.48 	 1.0512378183462104e-05 
58.5 	 1.0491827897234436e-05 
58.52 	 1.0471336071884242e-05 
58.54 	 1.0450902455490787e-05 
58.56 	 1.0430526797903882e-05 
58.58 	 1.0410208850721907e-05 
58.6 	 1.038994836727287e-05 
58.62 	 1.0369745102593403e-05 
58.64 	 1.034959881341035e-05 
58.66 	 1.0329509258121103e-05 
58.68 	 1.0309476196774659e-05 
58.7 	 1.0289499391054665e-05 
58.72 	 1.0269578604258567e-05 
58.74 	 1.0249713601282967e-05 
58.76 	 1.022990414860263e-05 
58.78 	 1.0210150014257097e-05 
58.8 	 1.0190450967829888e-05 
58.82 	 1.0170806780434234e-05 
58.84 	 1.015121722469601e-05 
58.86 	 1.0131682074737172e-05 
58.88 	 1.0112201106160644e-05 
58.9 	 1.0092774096033206e-05 
58.92 	 1.0073400822871975e-05 
58.94 	 1.0054081066628176e-05 
58.96 	 1.0034814608671312e-05 
58.98 	 1.0015601231776618e-05 
59.0 	 9.996440720108688e-06 
59.02 	 9.97733285920839e-06 
59.04 	 9.95827743597806e-06 
59.06 	 9.939274238667483e-06 
59.08 	 9.920323056861386e-06 
59.1 	 9.901423681465893e-06 
59.12 	 9.882575904692986e-06 
59.14 	 9.863779520051358e-06 
59.16 	 9.845034322329924e-06 
59.18 	 9.826340107587759e-06 
59.2 	 9.807696673140573e-06 
59.22 	 9.789103817547953e-06 
59.24 	 9.770561340602083e-06 
59.26 	 9.752069043316155e-06 
59.28 	 9.733626727911113e-06 
59.3 	 9.715234197805605e-06 
59.32 	 9.696891257604223e-06 
59.34 	 9.678597713085132e-06 
59.36 	 9.66035337119089e-06 
59.38 	 9.642158040015823e-06 
59.4 	 9.624011528795914e-06 
59.42 	 9.605913647898054e-06 
59.44 	 9.587864208810359e-06 
59.46 	 9.569863024130151e-06 
59.48 	 9.551909907555085e-06 
59.5 	 9.534004673872951e-06 
59.52 	 9.516147138951195e-06 
59.54 	 9.498337119727146e-06 
59.56 	 9.48057443419972e-06 
59.58 	 9.462858901417345e-06 
59.6 	 9.445190341471107e-06 
59.62 	 9.427568575483844e-06 
59.64 	 9.40999342560164e-06 
59.66 	 9.392464714984394e-06 
59.68 	 9.374982267797759e-06 
59.7 	 9.357545909203085e-06 
59.72 	 9.34015546534984e-06 
59.74 	 9.32281076336628e-06 
59.76 	 9.305511631350953e-06 
59.78 	 9.288257898365505e-06 
59.8 	 9.271049394425224e-06 
59.82 	 9.253885950490267e-06 
59.84 	 9.236767398459981e-06 
59.86 	 9.219693571162536e-06 
59.88 	 9.202664302348669e-06 
59.9 	 9.185679426683386e-06 
59.92 	 9.168738779737424e-06 
59.94 	 9.151842197981098e-06 
59.96 	 9.134989518776807e-06 
59.98 	 9.118180580369934e-06 
