0.0 	 1.151730273025154 
0.02 	 1.1438956331355483 
0.04 	 1.1407585448465272 
0.06 	 1.13741203923731 
0.08 	 1.135643794430042 
0.1 	 1.1335767276626945 
0.12 	 1.1322771340135935 
0.14 	 1.130856292536805 
0.16 	 1.1298870882164567 
0.18 	 1.1289234392823817 
0.2 	 1.128243036310091 
0.22 	 1.1276154198133037 
0.24 	 1.1271763132009878 
0.26 	 1.1267745132363403 
0.28 	 1.1265112609581547 
0.3 	 1.1262382866810958 
0.32 	 1.1260807209566424 
0.34 	 1.1258645030007093 
0.36 	 1.1257539249956101 
0.38 	 1.1255533383620417 
0.4 	 1.1254524153994254 
0.42 	 1.125255167126689 
0.44 	 1.125149858161446 
0.46 	 1.1249650433702754 
0.48 	 1.1248608210509312 
0.5 	 1.1247098436686849 
0.52 	 1.1246253352314874 
0.54 	 1.1245337120308336 
0.56 	 1.1244940743269216 
0.58 	 1.1244852184518148 
0.6 	 1.1245164875058216 
0.62 	 1.1246077076068124 
0.64 	 1.1247326761293435 
0.66 	 1.1249332567832684 
0.68 	 1.1251690738902573 
0.7 	 1.1254800362542308 
0.72 	 1.1258373720777273 
0.74 	 1.1262521602712892 
0.76 	 1.1267353024066376 
0.78 	 1.1272403683560772 
0.8 	 1.127847224187442 
0.82 	 1.1284216229944914 
0.84 	 1.1291426522985202 
0.86 	 1.1297564655883954 
0.88 	 1.1305722416305355 
0.9 	 1.1311846824852156 
0.92 	 1.1320628618857491 
0.94 	 1.1326217329521706 
0.96 	 1.1335151559207788 
0.98 	 1.133959378207418 
1.0 	 1.1348072327163838 
1.02 	 1.1350732174376972 
1.04 	 1.1358063933209728 
1.06 	 1.1358373805000492 
1.08 	 1.1363875121845324 
1.1 	 1.1361433614581475 
1.12 	 1.136453265312859 
1.14 	 1.1359174082109307 
1.16 	 1.1359495384934901 
1.18 	 1.1351304875559214 
1.2 	 1.134870397180041 
1.22 	 1.1337973366643113 
1.24 	 1.1332511046170104 
1.26 	 1.1319658418862322 
1.28 	 1.1311533189842498 
1.3 	 1.1297028554939001 
1.32 	 1.1286509357593857 
1.34 	 1.127084835298527 
1.36 	 1.1258252960538595 
1.38 	 1.1241995638012157 
1.4 	 1.1227737801589377 
1.42 	 1.1211591333984408 
1.44 	 1.1196280229823012 
1.46 	 1.1181170953072603 
1.48 	 1.1165708370506686 
1.5 	 1.1152777411946453 
1.52 	 1.1138380431635877 
1.54 	 1.1128856716567126 
1.56 	 1.1116948374882458 
1.58 	 1.1111900070967649 
1.6 	 1.1103858073383424 
1.62 	 1.1103883211341572 
1.64 	 1.1100702032908258 
1.66 	 1.1105664707717402 
1.68 	 1.1107639364396675 
1.7 	 1.1116562113149255 
1.72 	 1.1123111389153935 
1.74 	 1.1134288203277203 
1.76 	 1.114399271427306 
1.78 	 1.1155312580987982 
1.8 	 1.116617322114901 
1.82 	 1.1175579284097206 
1.84 	 1.1185441450440403 
1.86 	 1.1191418936145936 
1.88 	 1.1198474890176005 
1.9 	 1.1200456053871921 
1.92 	 1.1203721547007677 
1.94 	 1.1202301714288734 
1.96 	 1.1201948918996802 
1.98 	 1.1198823635400845 
2.0 	 1.1196247885641009 
2.02 	 1.1193825972356588 
2.04 	 1.1191358654624892 
2.06 	 1.1192095414384373 
2.08 	 1.119237328075964 
2.1 	 1.1197986882610247 
2.12 	 1.1203130396126526 
2.14 	 1.1213956552319517 
2.16 	 1.1224825461574741 
2.18 	 1.1239561610530788 
2.2 	 1.125536310495781 
2.22 	 1.1271328490862664 
2.24 	 1.1289731685017823 
2.26 	 1.1303579085700377 
2.28 	 1.1321306182501962 
2.3 	 1.132996181516034 
2.32 	 1.1343674859895545 
2.34 	 1.134521683258663 
2.36 	 1.1352443015014073 
2.38 	 1.1346653676338816 
2.4 	 1.1346481234683865 
2.42 	 1.1334897894718527 
2.44 	 1.1328217547777393 
2.46 	 1.1313644206875046 
2.48 	 1.1302823096921955 
2.5 	 1.1288440897619907 
2.52 	 1.127650667345918 
2.54 	 1.1264889487711998 
2.56 	 1.1254519181408513 
2.58 	 1.1246935947761914 
2.6 	 1.1239664432316576 
2.62 	 1.1235948154481727 
2.64 	 1.1231922697461503 
2.66 	 1.1230921433298413 
2.68 	 1.12292541166964 
2.7 	 1.1229599632313083 
2.72 	 1.1229078550160179 
2.74 	 1.1229889312394847 
2.76 	 1.122967992313046 
2.78 	 1.1230909248503278 
2.8 	 1.1230951687830393 
2.82 	 1.1233305304708958 
2.84 	 1.1234304848223327 
2.86 	 1.1238849166723213 
2.88 	 1.1241946987272504 
2.9 	 1.1249625530253844 
2.92 	 1.1255944261018576 
2.94 	 1.1267199439271525 
2.96 	 1.1277454595077407 
2.98 	 1.1292051476525817 
3.0 	 1.1306330429348455 
3.02 	 1.1323367081424676 
3.04 	 1.1341070625793164 
3.06 	 1.135910507820681 
3.08 	 1.1378996461499202 
3.1 	 1.1396245992545035 
3.12 	 1.1416582421470731 
3.14 	 1.143120966063923 
3.16 	 1.1449991953099956 
3.18 	 1.1460503056793203 
3.2 	 1.147588618270101 
3.22 	 1.1481588796889006 
3.24 	 1.1492407091901224 
3.26 	 1.1493758588397411 
3.28 	 1.1499982127017923 
3.3 	 1.149861067203005 
3.32 	 1.1501478646056134 
3.34 	 1.149976466897783 
3.36 	 1.150143883384369 
3.38 	 1.150178397875771 
3.4 	 1.1504627163233063 
3.42 	 1.1508774196750562 
3.44 	 1.151463583770331 
3.46 	 1.15234457654448 
3.48 	 1.153340387572496 
3.5 	 1.1547249602764447 
3.52 	 1.1562005170111624 
3.54 	 1.1581529179524828 
3.56 	 1.1602214684402619 
3.58 	 1.1628902287626124 
3.6 	 1.1657742566655929 
3.62 	 1.1693786952458407 
3.64 	 1.1734043434335597 
3.66 	 1.1781314291921194 
3.68 	 1.1836262642417426 
3.7 	 1.1894677292595508 
3.72 	 1.1965874299784403 
3.74 	 1.2031889188566334 
3.76 	 1.2117432105541337 
3.78 	 1.2183475844610059 
3.8 	 1.2277065912364244 
3.82 	 1.2332382078167186 
3.84 	 1.2423673186184547 
3.86 	 1.2456399160485265 
3.88 	 1.2532572330131548 
3.9 	 1.2532352353250857 
3.92 	 1.2580454488150092 
3.94 	 1.2540750324128862 
3.96 	 1.255020386218756 
3.98 	 1.246969012642725 
4.0 	 1.243442028494215 
4.02 	 1.2317223863107982 
4.04 	 1.223695118257207 
4.06 	 1.209182609803949 
4.08 	 1.1972222651116406 
4.1 	 1.1810951161110403 
4.12 	 1.1662585443773228 
4.14 	 1.1497965534169163 
4.16 	 1.1334242329056372 
4.18 	 1.117802230794198 
4.2 	 1.10125861427173 
4.22 	 1.087370235737374 
4.24 	 1.0717940533475447 
4.26 	 1.060141388248316 
4.28 	 1.0462711335930366 
4.3 	 1.036949261003171 
4.32 	 1.025070595075242 
4.34 	 1.0178536169022052 
4.36 	 1.0078760860423428 
4.38 	 1.002375323203538 
4.4 	 0.9939988093834979 
4.42 	 0.9898342951104527 
4.44 	 0.9827356374477172 
4.46 	 0.9796596796192886 
4.48 	 0.9736319823245525 
4.5 	 0.971568643162319 
4.52 	 0.9665732784123847 
4.54 	 0.9655736852368981 
4.56 	 0.9617019743602708 
4.58 	 0.9618471489831363 
4.6 	 0.9592232409165421 
4.62 	 0.9605244422670826 
4.64 	 0.959202521239456 
4.66 	 0.961546042169546 
4.68 	 0.9614518737370658 
4.7 	 0.9646086342740331 
4.72 	 0.9655460047828535 
4.74 	 0.9692301577857277 
4.76 	 0.9709356596683028 
4.78 	 0.9748749211605261 
4.8 	 0.977085001343929 
4.82 	 0.981070073355483 
4.84 	 0.9835700742734952 
4.86 	 0.9874708517511133 
4.88 	 0.9901144766904779 
4.9 	 0.9938690751902958 
4.92 	 0.9965727341620395 
4.94 	 1.0001631558991892 
4.96 	 1.0028866674404366 
4.98 	 1.0063138281536097 
5.0 	 1.0090386813724381 
5.02 	 1.0123044972343032 
5.04 	 1.0150170874314663 
5.06 	 1.0181158700736233 
5.08 	 1.020798450030237 
5.1 	 1.0237156676759274 
5.12 	 1.0263437572304281 
5.14 	 1.0290582294386534 
5.16 	 1.03160109761188 
5.18 	 1.0340873192631725 
5.2 	 1.036508603873977 
5.22 	 1.0387384943673086 
5.24 	 1.0409965646845813 
5.26 	 1.0429426433048588 
5.28 	 1.0449930788146389 
5.3 	 1.046635690883867 
5.32 	 1.0484389364737714 
5.34 	 1.0497777148960847 
5.36 	 1.0513124196117698 
5.38 	 1.0523778747378212 
5.4 	 1.0536557141356246 
5.42 	 1.0545136116271585 
5.44 	 1.0555874884510486 
5.46 	 1.0563292730468088 
5.48 	 1.0572867519675266 
5.5 	 1.058004457205961 
5.52 	 1.0589433107598771 
5.54 	 1.0596952518809277 
5.56 	 1.0606864400085916 
5.58 	 1.0614667778808529 
5.6 	 1.062518134757364 
5.62 	 1.063245253214074 
5.64 	 1.064282244180006 
5.66 	 1.0648157480501 
5.68 	 1.0656914218444438 
5.7 	 1.0658766737470635 
5.72 	 1.0664124027347963 
5.74 	 1.066139357530115 
5.76 	 1.0661853320869454 
5.78 	 1.0654406817959772 
5.8 	 1.0649357373909851 
5.82 	 1.0638279940399562 
5.84 	 1.0628364316936898 
5.86 	 1.0615828549848478 
5.88 	 1.0602931542849883 
5.9 	 1.0591719225140146 
5.92 	 1.057856762862416 
5.94 	 1.0571413882250886 
5.96 	 1.056094152343533 
5.98 	 1.0559931880635074 
6.0 	 1.0554646502364942 
6.02 	 1.0560845656710485 
6.04 	 1.056239319365461 
6.06 	 1.0575751430831417 
6.08 	 1.058473740868412 
6.1 	 1.0604199633771112 
6.12 	 1.0620203456139914 
6.14 	 1.0643917597886914 
6.16 	 1.066560968536649 
6.18 	 1.0691189621400374 
6.2 	 1.0716521234961494 
6.22 	 1.0741380631120552 
6.24 	 1.0767874657572556 
6.26 	 1.0789640151607944 
6.28 	 1.0814799494376648 
6.3 	 1.0831740933230392 
6.32 	 1.0853517241547737 
6.34 	 1.086486628999181 
6.36 	 1.0882057752125898 
6.38 	 1.0888084551804724 
6.4 	 1.0900515101779664 
6.42 	 1.090230536806749 
6.44 	 1.0910696053614148 
6.46 	 1.090968294598835 
6.48 	 1.0915236711137049 
6.5 	 1.0912643304036844 
6.52 	 1.091648178690857 
6.54 	 1.091287898629873 
6.56 	 1.091554362680626 
6.58 	 1.0910699917779172 
6.6 	 1.0911921288308122 
6.62 	 1.0905014828357134 
6.64 	 1.0903855940575693 
6.66 	 1.0893970476376784 
6.68 	 1.0889295735103879 
6.7 	 1.087599341510028 
6.72 	 1.0867070368491025 
6.74 	 1.0850791375429958 
6.76 	 1.0837765043412948 
6.78 	 1.0819874219830834 
6.8 	 1.0803901526447512 
6.82 	 1.078635910562124 
6.84 	 1.0769342202478593 
6.86 	 1.07541478686047 
6.88 	 1.0738194140655097 
6.9 	 1.0726854237873706 
6.92 	 1.0713717242800525 
6.94 	 1.070695504665851 
6.96 	 1.0697695463874208 
6.98 	 1.0695477372243296 
7.0 	 1.0690434532154316 
7.02 	 1.0692213744436725 
7.04 	 1.0691199888867333 
7.06 	 1.0696194141360056 
7.08 	 1.0698733815471615 
7.1 	 1.0706096080590646 
7.12 	 1.071157184622225 
7.14 	 1.0720429758916223 
7.16 	 1.0728108464676571 
7.18 	 1.0737548661258263 
7.2 	 1.074656137228979 
7.22 	 1.0755659506568285 
7.24 	 1.0765034935272744 
7.26 	 1.077298066911524 
7.28 	 1.0781783829916223 
7.3 	 1.078806692373958 
7.32 	 1.0795612128607128 
7.34 	 1.0800176451398318 
7.36 	 1.0806220296681588 
7.38 	 1.0809492135810645 
7.4 	 1.081430481680376 
7.42 	 1.0817058608486465 
7.44 	 1.0821324182728371 
7.46 	 1.0824429340733568 
7.48 	 1.0829008206882436 
7.5 	 1.0833160328985496 
7.52 	 1.0838814579143148 
7.54 	 1.0844360885187327 
7.56 	 1.085155836114069 
7.58 	 1.085847818982649 
7.6 	 1.0867347066114428 
7.62 	 1.08753708373648 
7.64 	 1.0885799016681703 
7.66 	 1.0894582728562205 
7.68 	 1.0906384782764502 
7.7 	 1.0915631393372303 
7.72 	 1.0928670901832207 
7.74 	 1.093811468485987 
7.76 	 1.095228539835352 
7.78 	 1.0961524394330184 
7.8 	 1.0976560014121624 
7.82 	 1.0984815254961775 
7.84 	 1.0999999400545382 
7.86 	 1.1005959058912929 
7.88 	 1.101990318386479 
7.9 	 1.102182159171844 
7.92 	 1.1032507481337124 
7.94 	 1.1028636228668913 
7.96 	 1.1033836129230195 
7.98 	 1.102309024111444 
8.0 	 1.102109789039303 
8.02 	 1.1003692144213921 
8.04 	 1.0994103348493307 
8.06 	 1.0971831325212147 
8.08 	 1.0956004814060427 
8.1 	 1.0931924779878734 
8.12 	 1.0912806247830311 
8.14 	 1.0890325413375217 
8.16 	 1.0871550147058466 
8.18 	 1.0853192071556652 
8.2 	 1.0837735201394647 
8.22 	 1.0824109396615542 
8.24 	 1.0813059165703607 
8.26 	 1.08025608326196 
8.28 	 1.079462402406833 
8.3 	 1.0784084438181483 
8.32 	 1.0776102607274158 
8.34 	 1.0762127987690444 
8.36 	 1.0750378044078113 
8.38 	 1.073077423978375 
8.4 	 1.0712474835833499 
8.42 	 1.0687162920511946 
8.44 	 1.066157893604768 
8.46 	 1.0632693349682223 
8.48 	 1.0601457667963492 
8.5 	 1.0572675333281099 
8.52 	 1.0539278341270724 
8.54 	 1.0514699211093925 
8.56 	 1.0483409941505808 
8.58 	 1.0466432349481198 
8.6 	 1.044111041077647 
8.62 	 1.0433695019548261 
8.64 	 1.0416943934397356 
8.66 	 1.0419453448731504 
8.68 	 1.0412349745620748 
8.7 	 1.0423882746169213 
8.72 	 1.0426219000999062 
8.74 	 1.0445173053230714 
8.76 	 1.0455957136681504 
8.78 	 1.0480544576017363 
8.8 	 1.0498483719188139 
8.82 	 1.052703911219998 
8.84 	 1.0550845763892744 
8.86 	 1.0581899030089237 
8.88 	 1.0610378301651475 
8.9 	 1.0642554303043787 
8.92 	 1.0674513560634726 
8.94 	 1.070635655001133 
8.96 	 1.074042032148934 
8.98 	 1.077025315609826 
9.0 	 1.080469073784564 
9.02 	 1.0830611887729222 
9.04 	 1.086329276984065 
9.06 	 1.0883377272767059 
9.08 	 1.0911944256832873 
9.1 	 1.092463877659128 
9.12 	 1.0946916670165416 
9.14 	 1.0951519857663015 
9.16 	 1.096606995575053 
9.18 	 1.0963111518389796 
9.2 	 1.0969740551650673 
9.22 	 1.0961065378602672 
9.24 	 1.0961059398468875 
9.26 	 1.0949510338728339 
9.28 	 1.0945432401631423 
9.3 	 1.0934185505702994 
9.32 	 1.0929248296869791 
9.34 	 1.0921021540361522 
9.36 	 1.091825239799409 
9.38 	 1.091469176788103 
9.4 	 1.091622744388388 
9.42 	 1.0917703109126575 
9.44 	 1.0924489043304022 
9.46 	 1.093032600625308 
9.48 	 1.094227023227583 
9.5 	 1.095121359831625 
9.52 	 1.0967601288927453 
9.54 	 1.0978219627282009 
9.56 	 1.099808402772362 
9.58 	 1.10088971117858 
9.6 	 1.1031115546751753 
9.62 	 1.1040430212512187 
9.64 	 1.1063508522498209 
9.66 	 1.1069143457279937 
9.68 	 1.1090861842817696 
9.7 	 1.1090039283210946 
9.72 	 1.110725590867779 
9.74 	 1.1096880215943192 
9.76 	 1.1105757366727167 
9.78 	 1.1083098763733485 
9.8 	 1.1079824318852416 
9.82 	 1.1043372725312732 
9.84 	 1.1025172172504891 
9.86 	 1.0975258398518992 
9.88 	 1.0941259769840364 
9.9 	 1.0880067300966612 
9.92 	 1.083153029701549 
9.94 	 1.0762367213667599 
9.96 	 1.0702016140145056 
9.98 	 1.0628115511682292 
10.0 	 1.055880772780313 
10.02 	 1.0482295970992113 
10.04 	 1.0405781493161885 
10.06 	 1.0327518135530944 
10.08 	 1.0244185933682461 
10.1 	 1.0164742343054143 
10.12 	 1.0074738457144317 
10.14 	 0.9996032606691768 
10.16 	 0.9901225140245447 
10.18 	 0.9827787038583764 
10.2 	 0.9733365618956478 
10.22 	 0.9672255533056207 
10.24 	 0.9586738308862246 
10.26 	 0.9545741864731179 
10.28 	 0.9478876750862001 
10.3 	 0.9463535198695795 
10.32 	 0.9422819439340816 
10.34 	 0.9433789084952767 
10.36 	 0.942148294781541 
10.38 	 0.9453906630974669 
10.4 	 0.9466377965740385 
10.42 	 0.951173772593918 
10.44 	 0.9541353309264418 
10.46 	 0.9590516330984181 
10.48 	 0.9628582685771966 
10.5 	 0.9674238453414608 
10.52 	 0.9713318282345333 
10.54 	 0.9750963831226777 
10.56 	 0.978590730991527 
10.58 	 0.9813647016609036 
10.6 	 0.9841596224300103 
10.62 	 0.9859425144464673 
10.64 	 0.9879341196500411 
10.66 	 0.9888416066538795 
10.68 	 0.990054015811154 
10.7 	 0.9902629472410587 
10.72 	 0.9908040094460822 
10.74 	 0.9905135311228284 
10.76 	 0.990539501639596 
10.78 	 0.989941084762434 
10.8 	 0.9896254952022442 
10.82 	 0.9888780001115925 
10.84 	 0.98838280486635 
10.86 	 0.987591406506655 
10.88 	 0.9870396333561535 
10.9 	 0.9862363684732156 
10.92 	 0.9856829812039511 
10.94 	 0.9848072638055343 
10.96 	 0.9842057847490595 
10.98 	 0.9830917332010697 
11.0 	 0.9822651910058507 
11.02 	 0.9806552577808614 
11.04 	 0.9792960446510488 
11.06 	 0.9769028989726695 
11.08 	 0.974630686955744 
11.1 	 0.971250721495745 
11.12 	 0.9677385868341868 
11.14 	 0.9633876632299413 
11.16 	 0.9585295822227099 
11.18 	 0.9535450822810101 
11.2 	 0.947601748013401 
11.22 	 0.942650458861457 
11.24 	 0.9362934506276155 
11.26 	 0.9322458333998925 
11.28 	 0.9264374041599479 
11.3 	 0.9241167067263881 
11.32 	 0.9198273135748358 
11.34 	 0.9197162687673364 
11.36 	 0.9175862951014114 
11.38 	 0.9196390150930369 
11.4 	 0.9197642132292272 
11.42 	 0.9234438111244659 
11.44 	 0.9254063704539529 
11.46 	 0.9299256960273571 
11.48 	 0.9330256711141649 
11.5 	 0.9376366827598638 
11.52 	 0.9411650915886681 
11.54 	 0.9453498547816181 
11.56 	 0.9487738527508126 
11.58 	 0.9522934274822732 
11.6 	 0.9553185768919734 
11.62 	 0.9581591422658524 
11.64 	 0.9606992523254755 
11.66 	 0.9629769642487593 
11.68 	 0.9650799585355049 
11.7 	 0.966951781006698 
11.72 	 0.9687222411693694 
11.74 	 0.9703271897855321 
11.76 	 0.9718703572980931 
11.78 	 0.9733056886868635 
11.8 	 0.9747008455652265 
11.82 	 0.9760238850971189 
11.84 	 0.9773211457637646 
11.86 	 0.9785618025685842 
11.88 	 0.9797895988383133 
11.9 	 0.9809616304507897 
11.92 	 0.9821341327934621 
11.94 	 0.983241137474844 
11.96 	 0.9843619600053202 
11.98 	 0.9854005803244735 
12.0 	 0.986465031215835 
12.02 	 0.987429004294716 
12.04 	 0.9884280113806254 
12.06 	 0.9893137081947535 
12.08 	 0.9902396186770362 
12.1 	 0.9910507823008625 
12.12 	 0.9919025394744699 
12.14 	 0.9926518779726402 
12.16 	 0.993437178210119 
12.18 	 0.9941446724404931 
12.2 	 0.9948788925175734 
12.22 	 0.9955687038151576 
12.24 	 0.9962723482230452 
12.26 	 0.9969705405394029 
12.28 	 0.9976673392886484 
12.3 	 0.9984016634556148 
12.32 	 0.9991186846200033 
12.34 	 0.999920596603322 
12.36 	 1.0006908873794709 
12.38 	 1.001599247784974 
12.4 	 1.0024668531402532 
12.42 	 1.0035318676456764 
12.44 	 1.0045579661656798 
12.46 	 1.005842465955199 
12.48 	 1.007109447284567 
12.5 	 1.008683268467304 
12.52 	 1.0102917222359793 
12.54 	 1.0122151735706164 
12.56 	 1.0142685739074666 
12.58 	 1.0165636760071035 
12.6 	 1.0191379978712813 
12.62 	 1.0217509868382686 
12.64 	 1.0248513279559834 
12.66 	 1.027615809708018 
12.68 	 1.0311285005183974 
12.7 	 1.0337442567398833 
12.72 	 1.0373997814173823 
12.74 	 1.039444861280186 
12.76 	 1.04281151989554 
12.78 	 1.0438005648998936 
12.8 	 1.0463266884659148 
12.82 	 1.0458139339425023 
12.84 	 1.0469244988220892 
12.86 	 1.0446298347462533 
12.88 	 1.0438638122313006 
12.9 	 1.0397849829886547 
12.92 	 1.0369400868929155 
12.94 	 1.0314121843456279 
12.96 	 1.026651822986645 
12.98 	 1.0203270486029263 
13.0 	 1.014205464347657 
13.02 	 1.0079458904973944 
13.04 	 1.0013242662387343 
13.06 	 0.9960236006791189 
13.08 	 0.9898829953268635 
13.1 	 0.9862598191662183 
13.12 	 0.9814613987689679 
13.14 	 0.9798908091310594 
13.16 	 0.9769709579051121 
13.18 	 0.9774232992013692 
13.2 	 0.9765079814526405 
13.22 	 0.9786210022116285 
13.24 	 0.9794849983905662 
13.26 	 0.9827263862401738 
13.28 	 0.9849461786499591 
13.3 	 0.9887821042672074 
13.32 	 0.9918966723423803 
13.34 	 0.9958992457562498 
13.36 	 0.9995162344419725 
13.38 	 1.0033919675403067 
13.4 	 1.0072225852392254 
13.42 	 1.0107831940421739 
13.44 	 1.0146228052151571 
13.46 	 1.0177333497266419 
13.48 	 1.021417204876605 
13.5 	 1.0239516702193185 
13.52 	 1.0273131031855591 
13.54 	 1.0291350273518776 
13.56 	 1.0319844924681874 
13.58 	 1.0329569495906272 
13.6 	 1.0350893316449088 
13.62 	 1.0351077992234665 
13.64 	 1.0363353745240071 
13.66 	 1.0353703745529923 
13.68 	 1.0355713331431136 
13.7 	 1.0337055461259976 
13.72 	 1.0328735658190613 
13.74 	 1.030319281170766 
13.76 	 1.028597621998743 
13.78 	 1.0256834379779998 
13.8 	 1.0233670189555517 
13.82 	 1.0204878152312002 
13.84 	 1.01798070653926 
13.86 	 1.0155146061386777 
13.88 	 1.0132425108967544 
13.9 	 1.011454356505959 
13.92 	 1.0097530951074198 
13.94 	 1.0087200070972169 
13.96 	 1.007742111941036 
13.98 	 1.007338308039942 
14.0 	 1.0070217217883521 
14.02 	 1.006976134251699 
14.04 	 1.0070916931534546 
14.06 	 1.0070935525015883 
14.08 	 1.0073468843051996 
14.1 	 1.007149264042847 
14.12 	 1.0072871919666229 
14.14 	 1.006764248439483 
14.16 	 1.0066402714073788 
14.18 	 1.005782295672665 
14.2 	 1.0053612369917422 
14.22 	 1.0042220124286423 
14.24 	 1.0035332067096745 
14.26 	 1.0021625619834467 
14.28 	 1.0012319738652595 
14.3 	 0.9996292109237869 
14.32 	 0.9984280479314099 
14.34 	 0.9965405044754816 
14.36 	 0.9949794712630465 
14.38 	 0.992748999868007 
14.4 	 0.9907261153087886 
14.42 	 0.9881626718425337 
14.44 	 0.9856466297379293 
14.46 	 0.9828923806520105 
14.48 	 0.9800031326169404 
14.5 	 0.9773493928829763 
14.52 	 0.97439129360016 
14.54 	 0.972225633406632 
14.56 	 0.9696412853077537 
14.58 	 0.968330774160233 
14.6 	 0.9665767562547494 
14.62 	 0.9663279096205285 
14.64 	 0.965717068704244 
14.66 	 0.9664754521995701 
14.68 	 0.9670574052338139 
14.7 	 0.9684966603141606 
14.72 	 0.9700302600598621 
14.74 	 0.9716302027211073 
14.76 	 0.9736452682706428 
14.78 	 0.9748093089746096 
14.8 	 0.9767066615755103 
14.82 	 0.9768625063826718 
14.84 	 0.9780002579593959 
14.86 	 0.9766638089567937 
14.88 	 0.9764156074747348 
14.9 	 0.9732375476256414 
14.92 	 0.9710469971873281 
14.94 	 0.965872077688205 
14.96 	 0.9613375665087442 
14.98 	 0.954285995666143 
15.0 	 0.9472879198706382 
15.02 	 0.9388362874443826 
15.04 	 0.9296793782488219 
15.06 	 0.9206953130795626 
15.08 	 0.9102019378454761 
15.1 	 0.9018792160994887 
15.12 	 0.8913500124208928 
15.14 	 0.8850006861426652 
15.16 	 0.875973750350092 
15.18 	 0.8726786768703614 
15.2 	 0.8664988887026441 
15.22 	 0.8667238054500471 
15.24 	 0.864087612632833 
15.26 	 0.8674854327265047 
15.28 	 0.86823172266862 
15.3 	 0.8737975601371484 
15.32 	 0.8770802047202897 
15.34 	 0.8835655279209507 
15.36 	 0.8882545519782228 
15.38 	 0.8945697078993541 
15.4 	 0.8996190498723865 
15.42 	 0.9050464119752332 
15.44 	 0.9096955544917524 
15.46 	 0.9139158767568704 
15.48 	 0.9177397621771016 
15.5 	 0.9207537738938245 
15.52 	 0.9236237170586948 
15.54 	 0.9256387736021651 
15.56 	 0.9276434861886816 
15.58 	 0.9289621614188689 
15.6 	 0.9303162494378825 
15.62 	 0.9312435645916588 
15.64 	 0.9322001159292623 
15.66 	 0.9329787788502069 
15.68 	 0.9337598968210068 
15.7 	 0.9345390797283893 
15.72 	 0.9352951516509457 
15.74 	 0.936131980379602 
15.76 	 0.9369329341024424 
15.78 	 0.9378177493755561 
15.8 	 0.9386698676908849 
15.82 	 0.9395609198578753 
15.84 	 0.9404361225941386 
15.86 	 0.9412896557101698 
15.88 	 0.9421533910284413 
15.9 	 0.9429401904456406 
15.92 	 0.9437682014910567 
15.94 	 0.9444746212843548 
15.96 	 0.9452551593160415 
15.98 	 0.9458728433131882 
16.0 	 0.9465971599754767 
16.02 	 0.9471096415870401 
16.04 	 0.9477582748304264 
16.06 	 0.9481333853004548 
16.08 	 0.9486674208715306 
16.1 	 0.9488614264133063 
16.12 	 0.9492255764475229 
16.14 	 0.9491990052871426 
16.16 	 0.9493375433813912 
16.18 	 0.9490762744990591 
16.2 	 0.9489560724126462 
16.22 	 0.9484876404374831 
16.24 	 0.9481180906057379 
16.26 	 0.9475143690795687 
16.28 	 0.9469542711703567 
16.3 	 0.9463174061016276 
16.32 	 0.9456641653758269 
16.34 	 0.9451002218853591 
16.36 	 0.9444646564439142 
16.38 	 0.9440551711178935 
16.4 	 0.9435318666929613 
16.42 	 0.9433143226925788 
16.44 	 0.9429591467164491 
16.46 	 0.9429227826680512 
16.48 	 0.9427449421045994 
16.5 	 0.9428408877524785 
16.52 	 0.9428094512667528 
16.54 	 0.9429681785511759 
16.56 	 0.943026705990532 
16.58 	 0.9431742132040686 
16.6 	 0.9432551543942543 
16.62 	 0.94332226399427 
16.64 	 0.9433553148854898 
16.66 	 0.9432797451916871 
16.68 	 0.943193420778091 
16.7 	 0.9429190878328448 
16.72 	 0.9426397989871206 
16.74 	 0.9421199206807619 
16.76 	 0.9415755286427445 
16.78 	 0.9407843458984951 
16.8 	 0.9399178940874641 
16.82 	 0.9388703679966598 
16.84 	 0.9376641261953274 
16.86 	 0.9364358730246688 
16.88 	 0.9349377861862305 
16.9 	 0.9336725865463085 
16.92 	 0.932010832371251 
16.94 	 0.9309043559866222 
16.96 	 0.9292760129364943 
16.98 	 0.9285336740940301 
17.0 	 0.9271632918592587 
17.02 	 0.9269444079485492 
17.04 	 0.9260245450330075 
17.06 	 0.9263961336181702 
17.08 	 0.9260349968377474 
17.1 	 0.9269574498826239 
17.12 	 0.9271579184339287 
17.14 	 0.9285092465298824 
17.16 	 0.9291871407512695 
17.18 	 0.9308120070220921 
17.2 	 0.9318406487619751 
17.22 	 0.9335994123227964 
17.24 	 0.9348567852627068 
17.26 	 0.936654450725695 
17.28 	 0.9380534948472534 
17.3 	 0.9398425248792183 
17.32 	 0.9413377546812494 
17.34 	 0.943101316581796 
17.36 	 0.9446763724061069 
17.38 	 0.9464036368833463 
17.4 	 0.9480493327742252 
17.42 	 0.9497127265800809 
17.44 	 0.951404283675554 
17.46 	 0.9529444836069141 
17.48 	 0.9546236697518435 
17.5 	 0.9559452988846766 
17.52 	 0.9575113648612457 
17.54 	 0.9584914896315473 
17.56 	 0.9598046198268086 
17.58 	 0.9603152786714491 
17.6 	 0.9612157702864168 
17.62 	 0.9611586198636782 
17.64 	 0.9615018230945449 
17.66 	 0.9608474144114778 
17.68 	 0.9605482040285208 
17.7 	 0.9593669443118845 
17.72 	 0.958440446471172 
17.74 	 0.9569106565599684 
17.76 	 0.9554921098398447 
17.78 	 0.9538753611460997 
17.8 	 0.9522051691667426 
17.82 	 0.9507902913110681 
17.84 	 0.9491620092876675 
17.86 	 0.9481934196939322 
17.88 	 0.9468793594345507 
17.9 	 0.9464957857840645 
17.92 	 0.9456782754700535 
17.94 	 0.9458866108623805 
17.96 	 0.9456225715504645 
17.98 	 0.9463161067348057 
18.0 	 0.9465462358159975 
18.02 	 0.9475551516235838 
18.04 	 0.9481469130915564 
18.06 	 0.9492958136082504 
18.08 	 0.9500964102172392 
18.1 	 0.9512462641099667 
18.12 	 0.9521240012578494 
18.14 	 0.9531891099452993 
18.16 	 0.9540534323201686 
18.18 	 0.9549972772304813 
18.2 	 0.9557996090281557 
18.22 	 0.9566198062671295 
18.24 	 0.9573433843055592 
18.26 	 0.9580553237608581 
18.28 	 0.9587022699179735 
18.3 	 0.9593268629925152 
18.32 	 0.9599075968801882 
18.34 	 0.9604644094243459 
18.36 	 0.9609910613090985 
18.38 	 0.9614956882348421 
18.4 	 0.9619789903892745 
18.42 	 0.9624428716447936 
18.44 	 0.9628912528781816 
18.46 	 0.9633224832076077 
18.48 	 0.96374222371577 
18.5 	 0.9641465270908217 
18.52 	 0.9645422547774686 
18.54 	 0.9649237827454872 
18.56 	 0.9652989671727252 
18.58 	 0.9656608528080487 
18.6 	 0.9660181837207787 
18.62 	 0.9663628952019343 
18.64 	 0.9667045434537167 
18.66 	 0.967034105359656 
18.68 	 0.9673619002496724 
18.7 	 0.9676780329361468 
18.72 	 0.9679935840384009 
18.74 	 0.9682977805026124 
18.76 	 0.9686025488524617 
18.78 	 0.9688960873749212 
18.8 	 0.9691913946424785 
18.82 	 0.9694752892985007 
18.84 	 0.9697622615160404 
18.86 	 0.9700371774558829 
18.88 	 0.9703166487160101 
18.9 	 0.9705828298827373 
18.92 	 0.9708552548633447 
18.94 	 0.9711124995674357 
18.96 	 0.9713779107361421 
18.98 	 0.9716255798776862 
19.0 	 0.9718835695335877 
19.02 	 0.9721205561733771 
19.04 	 0.9723701997959211 
19.06 	 0.9725947831465886 
19.08 	 0.9728344098278956 
19.1 	 0.9730440017402521 
19.12 	 0.9732708075771501 
19.14 	 0.9734617616644171 
19.16 	 0.9736714459285811 
19.18 	 0.9738392560351925 
19.2 	 0.9740260536923464 
19.22 	 0.9741662876106473 
19.24 	 0.9743238275464959 
19.26 	 0.9744339063675638 
19.28 	 0.9745570977855349 
19.3 	 0.9746385411343045 
19.32 	 0.9747261588429116 
19.34 	 0.9747863755388042 
19.36 	 0.9748433862002814 
19.38 	 0.9748958704916365 
19.4 	 0.9749342255686693 
19.42 	 0.9749964397578994 
19.44 	 0.9750334281755076 
19.46 	 0.9751226785234762 
19.48 	 0.9751769816517325 
19.5 	 0.9753057185198951 
19.52 	 0.9753925251464497 
19.54 	 0.975564998965525 
19.56 	 0.9756921541171977 
19.58 	 0.97590382284086 
19.6 	 0.9760705442309987 
19.62 	 0.9763103197897326 
19.64 	 0.9765087581505351 
19.66 	 0.9767628931495537 
19.68 	 0.9769815200236454 
19.7 	 0.9772374133617251 
19.72 	 0.977464631072233 
19.74 	 0.9777132438963057 
19.76 	 0.9779399175175094 
19.78 	 0.9781764123644376 
19.8 	 0.9783968412635865 
19.82 	 0.9786198718193503 
19.84 	 0.978831481086611 
19.86 	 0.9790418998506278 
19.88 	 0.9792442884924832 
19.9 	 0.9794439225650566 
19.92 	 0.9796378503753289 
19.94 	 0.9798286686184429 
19.96 	 0.9800153032725285 
19.98 	 0.9801990037176685 
20.0 	 0.9803794962926486 
20.02 	 0.9805573909188368 
20.04 	 0.9807327052897055 
20.06 	 0.9809057566383316 
20.08 	 0.9810766435593186 
20.1 	 0.9812455496300929 
20.12 	 0.9814125804588647 
20.14 	 0.9815778557587348 
20.16 	 0.9817414683816986 
20.18 	 0.9819035045049237 
20.2 	 0.982064042436187 
20.22 	 0.982223148576914 
20.24 	 0.982380889283557 
20.26 	 0.9825373181504837 
20.28 	 0.9826924923193433 
20.3 	 0.9828464566977854 
20.32 	 0.9829992611891478 
20.34 	 0.9831509447991967 
20.36 	 0.9833015514978591 
20.38 	 0.983451116387701 
20.4 	 0.9835996784317579 
20.42 	 0.9837472702433245 
20.44 	 0.9838939265843338 
20.46 	 0.9840396785213547 
20.48 	 0.9841845574548171 
20.5 	 0.9843285935005455 
20.52 	 0.9844718156212687 
20.54 	 0.9846142533845379 
20.56 	 0.984755934308157 
20.58 	 0.9848968877800676 
20.6 	 0.9850371409150691 
20.62 	 0.9851767233937989 
20.64 	 0.9853156630654182 
20.66 	 0.9854539905648789 
20.68 	 0.9855917359149684 
20.7 	 0.9857289315145893 
20.72 	 0.9858656118583164 
20.74 	 0.9860018116300284 
20.76 	 0.9861375743260556 
20.78 	 0.986272935514804 
20.8 	 0.9864079577297313 
20.82 	 0.986542669306747 
20.84 	 0.986677174779271 
20.86 	 0.9868114684461188 
20.88 	 0.9869457483134162 
20.9 	 0.9870799033504901 
20.92 	 0.987214334607569 
20.94 	 0.9873486621594815 
20.96 	 0.987483707315294 
20.98 	 0.987618491040572 
21.0 	 0.9877546501445321 
21.02 	 0.9878900178183936 
21.04 	 0.988027697575444 
21.06 	 0.988163413821351 
21.08 	 0.9883026923250312 
21.1 	 0.9884379052641934 
21.12 	 0.9885782174258817 
21.14 	 0.9887112551859842 
21.16 	 0.988851098279365 
21.18 	 0.9889794626695134 
21.2 	 0.9891162884554774 
21.22 	 0.9892369826014148 
21.24 	 0.9893674450935953 
21.26 	 0.9894776651928456 
21.28 	 0.989598289192801 
21.3 	 0.9896963306145926 
21.32 	 0.9898044747717334 
21.34 	 0.989890539169773 
21.36 	 0.9899853409382994 
21.38 	 0.9900618934659693 
21.4 	 0.9901448192401353 
21.42 	 0.9902162836605463 
21.44 	 0.9902910250789013 
21.46 	 0.9903628635702444 
21.48 	 0.9904345723643472 
21.5 	 0.9905120445055355 
21.52 	 0.9905861559841127 
21.54 	 0.9906731662609689 
21.56 	 0.9907542023959189 
21.58 	 0.9908525870090337 
21.6 	 0.990943304768625 
21.62 	 0.9910527239765455 
21.64 	 0.9911538174130179 
21.66 	 0.9912722004537992 
21.68 	 0.9913825567666746 
21.7 	 0.9915068781684608 
21.72 	 0.9916242116640642 
21.74 	 0.9917513124504996 
21.76 	 0.9918729141046903 
21.78 	 0.9920001278104073 
21.8 	 0.9921234908285353 
21.82 	 0.9922489583199298 
21.84 	 0.9923721460978342 
21.86 	 0.992494841705 
21.88 	 0.9926165947893687 
21.9 	 0.9927361764521484 
21.92 	 0.9928558464536614 
21.94 	 0.9929724548223721 
21.96 	 0.9930898728729908 
21.98 	 0.9932039554842012 
22.0 	 0.9933193033885318 
22.02 	 0.9934314773875049 
22.04 	 0.9935451748122746 
22.06 	 0.9936561083774152 
22.08 	 0.9937687006676663 
22.1 	 0.993879000754247 
22.12 	 0.9939910407544279 
22.14 	 0.9941011611289501 
22.16 	 0.9942131040436604 
22.18 	 0.9943233008544492 
22.2 	 0.9944354432310265 
22.22 	 0.9945457910592158 
22.24 	 0.9946582698758343 
22.26 	 0.9947687216201692 
22.28 	 0.9948815594962316 
22.3 	 0.9949920133762115 
22.32 	 0.9951051752204082 
22.34 	 0.995215516401571 
22.36 	 0.9953289456487131 
22.38 	 0.995439052592394 
22.4 	 0.9955526759708503 
22.42 	 0.9956624041640807 
22.44 	 0.9957761152159624 
22.46 	 0.9958852791575078 
22.48 	 0.9959989189945228 
22.5 	 0.9961072867898174 
22.52 	 0.9962206353444079 
22.54 	 0.9963279389035119 
22.56 	 0.9964407203047074 
22.58 	 0.9965466773747641 
22.6 	 0.9966585774856053 
22.62 	 0.9967629211942525 
22.64 	 0.9968736148844406 
22.66 	 0.9969761273789621 
22.68 	 0.9970853131740705 
22.7 	 0.997185858130316 
22.72 	 0.9972932948704467 
22.74 	 0.9973918403724475 
22.76 	 0.9974973762921695 
22.78 	 0.9975939999589725 
22.8 	 0.9976975846313743 
22.82 	 0.9977924599480665 
22.84 	 0.9978941369114522 
22.86 	 0.9979875103346674 
22.88 	 0.9980873995789896 
22.9 	 0.9981795744542656 
22.92 	 0.998277861308025 
22.94 	 0.9983692009844093 
22.96 	 0.9984661450088592 
22.98 	 0.9985570947354744 
23.0 	 0.9986530596594557 
23.02 	 0.9987441724973792 
23.04 	 0.9988396633819233 
23.06 	 0.9989316081429105 
23.08 	 0.9990272935067972 
23.1 	 0.9991208263738933 
23.12 	 0.999217524965413 
23.14 	 0.9993134179085937 
23.16 	 0.999412039627612 
23.18 	 0.9995109711936127 
23.2 	 0.9996124129731635 
23.22 	 0.9997148351262779 
23.24 	 0.9998198402696794 
23.26 	 0.9999258387844647 
23.28 	 1.0000348328493927 
23.3 	 1.0001440038876919 
23.32 	 1.0002569280557811 
23.34 	 1.0003683053240726 
23.36 	 1.0004844851275576 
23.38 	 1.0005965666498637 
23.4 	 1.00071467541655 
23.42 	 1.0008255999894404 
23.44 	 1.0009437833703823 
23.46 	 1.0010516740342033 
23.48 	 1.0011678707440066 
23.5 	 1.001271291840258 
23.52 	 1.0013837094452598 
23.54 	 1.0014821026060403 
23.56 	 1.0015897142457917 
23.58 	 1.0016836404157876 
23.6 	 1.0017865168365407 
23.62 	 1.001877580924704 
23.64 	 1.0019769127391855 
23.66 	 1.002067378011753 
23.68 	 1.0021651723550653 
23.7 	 1.0022574141335403 
23.72 	 1.0023559985308779 
23.74 	 1.0024520122083675 
23.76 	 1.002553554844343 
23.78 	 1.0026546787395412 
23.8 	 1.0027608911149575 
23.82 	 1.0028677648780238 
23.84 	 1.0029798190823311 
23.86 	 1.003092458882653 
23.88 	 1.0032110090181154 
23.9 	 1.0033288239999294 
23.92 	 1.0034539542873542 
23.94 	 1.0035755929082515 
23.96 	 1.0037065709092248 
23.98 	 1.0038296475340898 
24.0 	 1.0039645263826111 
24.02 	 1.0040854554425112 
24.04 	 1.0042207642325964 
24.06 	 1.0043350072451602 
24.08 	 1.0044658718006614 
24.1 	 1.0045687932718552 
24.12 	 1.0046897367814471 
24.14 	 1.004777971616304 
24.16 	 1.0048843443430178 
24.18 	 1.0049572281307033 
24.2 	 1.0050468298308015 
24.22 	 1.0051072447808678 
24.24 	 1.0051814562319592 
24.26 	 1.0052355779171795 
24.28 	 1.005299411649911 
24.3 	 1.0053553062185836 
24.32 	 1.005416241295068 
24.34 	 1.0054818239833352 
24.36 	 1.005547871425261 
24.38 	 1.0056290481717158 
24.4 	 1.0057068437195316 
24.42 	 1.0058065182703182 
24.44 	 1.0059001450485046 
24.46 	 1.0060183004336694 
24.48 	 1.0061291124181437 
24.5 	 1.0062636989801288 
24.52 	 1.0063909637373671 
24.54 	 1.0065391042845129 
24.56 	 1.0066810522110738 
24.58 	 1.0068401150290618 
24.6 	 1.0069949777599123 
24.62 	 1.0071632186958572 
24.64 	 1.0073299341233894 
24.66 	 1.0075065687537585 
24.68 	 1.0076849558556815 
24.7 	 1.0078697017540759 
24.72 	 1.008060088430809 
24.74 	 1.0082524177075096 
24.76 	 1.0084549281554565 
24.78 	 1.0086533967879212 
24.8 	 1.0088672567145607 
24.82 	 1.0090692200213207 
24.84 	 1.0092924001617831 
24.86 	 1.0094941990481565 
24.88 	 1.0097235064044157 
24.9 	 1.0099209652834247 
24.92 	 1.010152452883634 
24.94 	 1.010341415562927 
24.96 	 1.010570858027158 
24.98 	 1.010747541450714 
25.0 	 1.0109707590716541 
25.02 	 1.0111318694485514 
25.04 	 1.0113448368347084 
25.06 	 1.0114875759851423 
25.08 	 1.0116864401846675 
25.1 	 1.011808627222658 
25.12 	 1.0119898699233403 
25.14 	 1.0120903230116707 
25.16 	 1.0122512212490384 
25.18 	 1.0123302973994128 
25.2 	 1.012469574879652 
25.22 	 1.012529535656879 
25.24 	 1.0126478530381098 
25.26 	 1.0126927541499209 
25.28 	 1.0127927224477191 
25.3 	 1.0128278594505744 
25.32 	 1.012913614047929 
25.34 	 1.012944909919073 
25.36 	 1.0130216431678478 
25.38 	 1.013055348280729 
25.4 	 1.0131291614132643 
25.42 	 1.0131717816228782 
25.44 	 1.0132497233416153 
25.46 	 1.0133076114809554 
25.48 	 1.0133972682798704 
25.5 	 1.0134753684312754 
25.52 	 1.0135834449617933 
25.54 	 1.0136834016600182 
25.56 	 1.013813509048265 
25.58 	 1.0139322217197122 
25.6 	 1.014083028520647 
25.62 	 1.0142129560948745 
25.64 	 1.0143781332041995 
25.66 	 1.01450987291722 
25.68 	 1.014680499004953 
25.7 	 1.0148067991430039 
25.72 	 1.0149754961309168 
25.74 	 1.0150948125986572 
25.76 	 1.0152597403409938 
25.78 	 1.0153773971797815 
25.8 	 1.0155440492778631 
25.82 	 1.015670026987754 
25.84 	 1.015849596449234 
25.86 	 1.0159933968793424 
25.88 	 1.0161978431369774 
25.9 	 1.0163621234350726 
25.92 	 1.0165973912125426 
25.94 	 1.016772755949046 
25.96 	 1.0170325134872025 
25.98 	 1.017195886487688 
26.0 	 1.0174584783154115 
26.02 	 1.0175767257012733 
26.04 	 1.0178075222486498 
26.06 	 1.0178463236838637 
26.08 	 1.0180060210130863 
26.1 	 1.0179416193628956 
26.12 	 1.017998473094188 
26.14 	 1.0178278664983815 
26.16 	 1.0177693892096018 
26.18 	 1.01751420753632 
26.2 	 1.0173531241077136 
26.22 	 1.0170546759526031 
26.24 	 1.016825934302159 
26.26 	 1.0165329505570044 
26.28 	 1.0162826781922885 
26.3 	 1.0160369027319285 
26.32 	 1.015808132152256 
26.34 	 1.0156338784696788 
26.36 	 1.0154552262513103 
26.38 	 1.0153567174586113 
26.4 	 1.015238217169044 
26.42 	 1.0152044789276702 
26.44 	 1.0151408821632089 
26.46 	 1.0151546593349252 
26.48 	 1.0151331947953055 
26.5 	 1.0151794395993345 
26.52 	 1.0151878786415214 
26.54 	 1.0152586721189807 
26.56 	 1.0152905316282197 
26.58 	 1.0153855551757158 
26.6 	 1.0154412446065686 
26.62 	 1.0155648500430572 
26.64 	 1.0156494138448293 
26.66 	 1.015806349004668 
26.68 	 1.0159255764232267 
26.7 	 1.016117462315575 
26.72 	 1.016274380881699 
26.74 	 1.0164983109996193 
26.76 	 1.0166915314180591 
26.78 	 1.0169410294707975 
26.8 	 1.017165362556993 
26.82 	 1.0174328805429194 
26.84 	 1.0176815896657678 
26.86 	 1.017961202006612 
26.88 	 1.0182286588573146 
26.9 	 1.0185177576769688 
26.92 	 1.0188013113089964 
26.94 	 1.0191007146172681 
26.96 	 1.0194010848727806 
26.98 	 1.0197136661504211 
27.0 	 1.0200338123602872 
27.02 	 1.020362294901437 
27.04 	 1.02070526649417 
27.06 	 1.0210501238239433 
27.08 	 1.0214167872128967 
27.1 	 1.0217752365251969 
27.12 	 1.0221629371395196 
27.14 	 1.0225297636882134 
27.16 	 1.0229328356823466 
27.18 	 1.0233032215858893 
27.2 	 1.0237157444273408 
27.22 	 1.024089487433563 
27.24 	 1.0245098745873713 
27.26 	 1.0248955951065335 
27.28 	 1.0253316971372521 
27.3 	 1.025749143018358 
27.32 	 1.0262218694833043 
27.34 	 1.0267005109552176 
27.36 	 1.027243846976339 
27.38 	 1.0278167332279526 
27.4 	 1.0284726404143167 
27.42 	 1.0291658446330774 
27.44 	 1.029973834892296 
27.46 	 1.0307934272982044 
27.48 	 1.0317763144756433 
27.5 	 1.0326963137140535 
27.52 	 1.0338454581070784 
27.54 	 1.0348012480323283 
27.56 	 1.0360661220248928 
27.58 	 1.036957786885724 
27.6 	 1.0382451902346905 
27.62 	 1.0389532643271926 
27.64 	 1.0401399444320125 
27.66 	 1.0405517747378739 
27.68 	 1.041509917147431 
27.7 	 1.0415493013088526 
27.72 	 1.0421782788378622 
27.74 	 1.0418271002584818 
27.76 	 1.0420798364446382 
27.78 	 1.041381211823934 
27.8 	 1.0412730409233348 
27.82 	 1.0403122345605458 
27.84 	 1.0399062202687295 
27.86 	 1.0387761015105605 
27.88 	 1.0381498994021183 
27.9 	 1.0369167817862477 
27.92 	 1.0361268182109062 
27.94 	 1.0348141289252215 
27.96 	 1.0338760430820928 
27.98 	 1.0324747055230097 
28.0 	 1.0313710040908601 
28.02 	 1.0298705308109588 
28.04 	 1.0285810206452028 
28.06 	 1.0270032215985612 
28.08 	 1.0255405545567062 
28.1 	 1.0239563850331659 
28.12 	 1.0223863545040992 
28.14 	 1.0209064482860228 
28.16 	 1.0193418278517696 
28.18 	 1.0180860542394736 
28.2 	 1.0166577090230358 
28.22 	 1.0157197517874423 
28.24 	 1.0145404232746744 
28.26 	 1.0139642865128369 
28.28 	 1.0131024118739378 
28.3 	 1.0128795128647383 
28.32 	 1.0123527291175276 
28.34 	 1.0124368227208151 
28.36 	 1.0122234928291658 
28.38 	 1.0125531194606197 
28.4 	 1.0126125258874044 
28.42 	 1.0131301918432416 
28.44 	 1.0134211322501547 
28.46 	 1.0140830491416526 
28.48 	 1.0145744996676234 
28.5 	 1.0153501553735507 
28.52 	 1.0160224735407493 
28.54 	 1.016886689683847 
28.56 	 1.0177249504405215 
28.58 	 1.0186462110811996 
28.6 	 1.0196286018852643 
28.62 	 1.0205576341665785 
28.64 	 1.0216425553614508 
28.66 	 1.0225053388413974 
28.68 	 1.023621675860515 
28.7 	 1.0243208774792145 
28.72 	 1.0253662664024512 
28.74 	 1.0257934427201019 
28.76 	 1.026644021030362 
28.78 	 1.0267013708832409 
28.8 	 1.0272329786282401 
28.82 	 1.0268590813945275 
28.84 	 1.0269751661819915 
28.86 	 1.0261661745288577 
28.88 	 1.0258238733492273 
28.9 	 1.0246418766416077 
28.92 	 1.023866921031097 
28.94 	 1.022431010867163 
28.96 	 1.0213150972834617 
28.98 	 1.0197767373939979 
29.0 	 1.0184570544073657 
29.02 	 1.0169672736912003 
29.04 	 1.0155946640910072 
29.06 	 1.0142737576407002 
29.08 	 1.01298040188896 
29.1 	 1.011899581924114 
29.12 	 1.0107767507485146 
29.14 	 1.009955906496175 
29.16 	 1.0090472905165426 
29.18 	 1.0084662864237122 
29.2 	 1.0077754317941647 
29.22 	 1.0073916059596968 
29.24 	 1.006896761721368 
29.26 	 1.0066605029849245 
29.28 	 1.006328871935209 
29.3 	 1.0061919256169778 
29.32 	 1.0059875635634237 
29.34 	 1.005903050603265 
29.36 	 1.0057866741730845 
29.38 	 1.0057037663735164 
29.4 	 1.005626758016576 
29.42 	 1.0054854294534428 
29.44 	 1.0053832832585219 
29.46 	 1.0051150609151265 
29.48 	 1.0049067139356749 
29.5 	 1.004445610883533 
29.52 	 1.0040439856035925 
29.54 	 1.0033478342994198 
29.56 	 1.0026831603877477 
29.58 	 1.0017600574881076 
29.6 	 1.0008115085450597 
29.62 	 0.999740697087026 
29.64 	 0.9985650996307767 
29.66 	 0.9974989644095044 
29.68 	 0.9962408472424236 
29.7 	 0.9953778014736057 
29.72 	 0.9942470426838006 
29.74 	 0.9937758137877944 
29.76 	 0.9929907749213933 
29.78 	 0.9930228473631331 
29.8 	 0.9927359598060692 
29.82 	 0.9932561983589997 
29.84 	 0.9934948592208783 
29.86 	 0.9943586352240185 
29.88 	 0.9950129672435252 
29.9 	 0.9959967338328938 
29.92 	 0.9968632916652541 
29.94 	 0.9977460851254569 
29.96 	 0.9986065382084603 
29.98 	 0.9992430229681691 
30.0 	 0.9999395906755333 
30.02 	 1.0002921247784708 
30.04 	 1.0007665807730104 
30.06 	 1.0008874859973513 
30.08 	 1.0011717842564498 
30.1 	 1.0011516645963443 
30.12 	 1.001322222489395 
30.14 	 1.001233173776048 
30.16 	 1.001355567011307 
30.18 	 1.0012152809087391 
30.2 	 1.0013056776630505 
30.22 	 1.001073753936039 
30.24 	 1.0010902454819404 
30.26 	 1.0006908742078124 
30.28 	 1.000551113433508 
30.3 	 0.9999060967460472 
30.32 	 0.9995170922112052 
30.34 	 0.9985737289539668 
30.36 	 0.997859298041593 
30.38 	 0.9966057223920032 
30.4 	 0.9955241556378555 
30.42 	 0.9939936227421617 
30.44 	 0.9925463706467135 
30.46 	 0.9908162294868169 
30.48 	 0.9890524804486908 
30.5 	 0.9872415424331259 
30.52 	 0.9852614146236386 
30.54 	 0.9835237762142277 
30.56 	 0.9814769131161403 
30.58 	 0.9799863357042716 
30.6 	 0.9780585858758638 
30.62 	 0.9769797526148222 
30.64 	 0.9753633372871311 
30.66 	 0.9748146381571414 
30.68 	 0.9736667255137554 
30.7 	 0.9736880697195137 
30.72 	 0.9730925814498484 
30.74 	 0.9736334975331048 
30.76 	 0.9735828614967459 
30.78 	 0.9745177125360227 
30.8 	 0.974922307043483 
30.82 	 0.9760860159371844 
30.84 	 0.9768053689148194 
30.86 	 0.9780341717217721 
30.88 	 0.9789152903843658 
30.9 	 0.980078019979495 
30.92 	 0.9809870645393991 
30.94 	 0.9820003975331189 
30.96 	 0.9828409912813317 
30.98 	 0.983670077443852 
31.0 	 0.984388547214272 
31.02 	 0.9850381170395832 
31.04 	 0.985619229249482 
31.06 	 0.9861200573236252 
31.08 	 0.986576921948388 
31.1 	 0.986971249579481 
31.12 	 0.9873325200169366 
31.14 	 0.9876615625334277 
31.16 	 0.9879592873169943 
31.18 	 0.9882557640712735 
31.2 	 0.9885174420805969 
31.22 	 0.9888046042256936 
31.24 	 0.9890515120065038 
31.26 	 0.9893470906024682 
31.28 	 0.9895976135447517 
31.3 	 0.9899183210770661 
31.32 	 0.9901919259279182 
31.34 	 0.9905541191437784 
31.36 	 0.9908714392388983 
31.38 	 0.991286901585428 
31.4 	 0.991664814792555 
31.42 	 0.9921350393565973 
31.44 	 0.9925802013871801 
31.46 	 0.9930944888734332 
31.48 	 0.9936008425922075 
31.5 	 0.9941411684592224 
31.52 	 0.9946946105525903 
31.54 	 0.9952452018652913 
31.56 	 0.9958335015893681 
31.58 	 0.9963891890045414 
31.6 	 0.9970112021034659 
31.62 	 0.9975786507454885 
31.64 	 0.998246606502609 
31.66 	 0.9988361938029499 
31.68 	 0.9995681620352705 
31.7 	 1.000179021312463 
31.72 	 1.0009832907497758 
31.74 	 1.001587475387816 
31.76 	 1.0024443121691125 
31.78 	 1.0029772928763703 
31.8 	 1.0038255338589233 
31.82 	 1.0041894025757103 
31.84 	 1.0049253885199263 
31.86 	 1.0050080476891659 
31.88 	 1.005501948214936 
31.9 	 1.0052099602508142 
31.92 	 1.0053389629385556 
31.94 	 1.0046347437437004 
31.96 	 1.0043247704512595 
31.98 	 1.0032536311186595 
32.0 	 1.0025144394128709 
32.02 	 1.001207349652809 
32.04 	 1.0001443759171915 
32.06 	 0.9987898646991564 
32.08 	 0.9975827230159843 
32.1 	 0.996373984489414 
32.12 	 0.9952250293119657 
32.14 	 0.9943006739755836 
32.16 	 0.9933717147275534 
32.18 	 0.9927740128452587 
32.2 	 0.9921368613349597 
32.22 	 0.9918054209761278 
32.24 	 0.9914269056854592 
32.26 	 0.9912303525391517 
32.28 	 0.9909968822351981 
32.3 	 0.9907883991694715 
32.32 	 0.9905580026191966 
32.34 	 0.9902314045138413 
32.36 	 0.9898911205779867 
32.38 	 0.9894158198655644 
32.4 	 0.9889222320811251 
32.42 	 0.9883452329323219 
32.44 	 0.9877336951417737 
32.46 	 0.9871498172549099 
32.48 	 0.9865101557020933 
32.5 	 0.9860139373292902 
32.52 	 0.9854437984750976 
32.54 	 0.985084179129379 
32.56 	 0.9846410931427634 
32.58 	 0.984399185877583 
32.6 	 0.9840733989726423 
32.62 	 0.9838730531830112 
32.64 	 0.9835930974738897 
32.66 	 0.9833378878006911 
32.68 	 0.9830044542505698 
32.7 	 0.9826221492397416 
32.72 	 0.9821525063048401 
32.74 	 0.9816261518420043 
32.76 	 0.9809882747220066 
32.78 	 0.980361851537737 
32.8 	 0.9795849189850505 
32.82 	 0.978944915799744 
32.84 	 0.9781055112214494 
32.86 	 0.9775502052043606 
32.88 	 0.9767444122620783 
32.9 	 0.9763555828854235 
32.92 	 0.9756711615018615 
32.94 	 0.9754983140603158 
32.96 	 0.9749974234137778 
32.98 	 0.9750562252788093 
33.0 	 0.9747712398935743 
33.02 	 0.9750510792148384 
33.04 	 0.9749893214870833 
33.06 	 0.9754630170210217 
33.08 	 0.97561416787763 
33.1 	 0.9762453538888557 
33.12 	 0.9765874312235698 
33.14 	 0.9773348249397658 
33.16 	 0.9778378794893546 
33.18 	 0.9786576522906372 
33.2 	 0.9792860485333502 
33.22 	 0.9801333215085456 
33.24 	 0.9808472036197876 
33.26 	 0.9816767223956511 
33.28 	 0.9824324329387893 
33.3 	 0.9831984134376176 
33.32 	 0.9839478121970268 
33.34 	 0.9846041189114215 
33.36 	 0.9852941832125066 
33.38 	 0.9857971705114627 
33.4 	 0.9863726294815716 
33.42 	 0.9866884690377274 
33.44 	 0.9870997671601701 
33.46 	 0.9872153669224268 
33.48 	 0.98743135778538 
33.5 	 0.9873644447583642 
33.52 	 0.987385272645755 
33.54 	 0.9871874266631205 
33.56 	 0.9870507513876641 
33.58 	 0.9867990282298397 
33.6 	 0.9865742481575018 
33.62 	 0.9863521878582395 
33.64 	 0.9861225632116355 
33.66 	 0.9859971878909091 
33.68 	 0.9858361217516548 
33.7 	 0.9858404471292344 
33.72 	 0.985791782688973 
33.74 	 0.9859202127848413 
33.76 	 0.9859906897151298 
33.78 	 0.9862083270710514 
33.8 	 0.9863740866573196 
33.82 	 0.9866342061952827 
33.84 	 0.9868562839853481 
33.86 	 0.9871170848792247 
33.88 	 0.9873573692532053 
33.9 	 0.9875911835033464 
33.92 	 0.987821963294546 
33.94 	 0.9880154635585904 
33.96 	 0.9882206960015802 
33.98 	 0.9883696229140594 
34.0 	 0.9885409081821624 
34.02 	 0.9886445600090165 
34.04 	 0.9887766509994408 
34.06 	 0.988835472466803 
34.08 	 0.9889244646071726 
34.1 	 0.9889405722700111 
34.12 	 0.9889846097667297 
34.14 	 0.9889628197841238 
34.16 	 0.9889630050172915 
34.18 	 0.9889104086663199 
34.2 	 0.9888701544165627 
34.22 	 0.9887946625210259 
34.24 	 0.9887181380350327 
34.26 	 0.9886282496522263 
34.28 	 0.9885203779295008 
34.3 	 0.9884278063036337 
34.32 	 0.9882975331454787 
34.34 	 0.9882215561172217 
34.36 	 0.9880871656585162 
34.38 	 0.9880569969715345 
34.4 	 0.987949490935325 
34.42 	 0.9880009722962289 
34.44 	 0.9879614114813042 
34.46 	 0.9881273188820545 
34.48 	 0.9881970350645609 
34.5 	 0.9884944134767549 
34.52 	 0.9887013134703054 
34.54 	 0.9891217930415446 
34.56 	 0.9894688349536203 
34.58 	 0.9899771490528969 
34.6 	 0.9904386547998898 
34.62 	 0.9909808917072197 
34.64 	 0.9915088513819461 
34.66 	 0.9920273396138181 
34.68 	 0.9925651876411599 
34.7 	 0.9930138409013171 
34.72 	 0.9935118331520035 
34.74 	 0.993865901067392 
34.76 	 0.994291942752979 
34.78 	 0.9945493378520268 
34.8 	 0.9948920206612873 
34.82 	 0.9950678675378548 
34.84 	 0.9953328734092102 
34.86 	 0.9954519533257423 
34.88 	 0.9956561404251275 
34.9 	 0.9957476146145626 
34.92 	 0.9959149935000807 
34.94 	 0.9960106325738407 
34.96 	 0.9961714200653757 
34.98 	 0.9963051725351644 
35.0 	 0.9964958064967243 
35.02 	 0.9967015461457718 
35.04 	 0.9969625803964051 
35.06 	 0.9972685881080441 
35.08 	 0.9976390010739304 
35.1 	 0.9980601160942327 
35.12 	 0.9985687265107794 
35.14 	 0.9990981680706195 
35.16 	 0.9997537779060605 
35.18 	 1.000356564738091 
35.2 	 1.0011385618830124 
35.22 	 1.0017488041518787 
35.24 	 1.0026008268831537 
35.26 	 1.003126243096257 
35.28 	 1.0039571632418238 
35.3 	 1.0042940339031894 
35.32 	 1.0049906965822517 
35.34 	 1.005049103348361 
35.36 	 1.005501856360726 
35.38 	 1.0052352411596475 
35.4 	 1.005371035535845 
35.42 	 1.004799272882248 
35.44 	 1.0046113177296876 
35.46 	 1.0038257954311067 
35.48 	 1.0033866089907633 
35.5 	 1.0025300147422664 
35.52 	 1.0019775925624281 
35.54 	 1.0011991409012841 
35.56 	 1.0006938246938963 
35.58 	 1.0000909882512925 
35.6 	 0.9997525118321818 
35.62 	 0.9993202680611893 
35.64 	 0.9991670527297628 
35.66 	 0.9987797796440849 
35.68 	 0.9986988795770436 
35.7 	 0.9981420274803219 
35.72 	 0.9979109970704494 
35.74 	 0.9969590447061237 
35.76 	 0.996320294142756 
35.78 	 0.9948338207990853 
35.8 	 0.9935973251183808 
35.82 	 0.9915991045174753 
35.84 	 0.9897332954887821 
35.86 	 0.9874285281914487 
35.88 	 0.9850993635874905 
35.9 	 0.9828258220970753 
35.92 	 0.9803612156342134 
35.94 	 0.9784831149762526 
35.96 	 0.9762699904195433 
35.98 	 0.9750552278027107 
36.0 	 0.973408935300218 
36.02 	 0.9729411661802214 
36.04 	 0.9720040943953335 
36.06 	 0.9721679989649427 
36.08 	 0.9718809069094464 
36.1 	 0.9724231444785869 
36.12 	 0.9725741866318085 
36.14 	 0.973205615595399 
36.16 	 0.9735245831955291 
36.18 	 0.9740157717182268 
36.2 	 0.9742681464395463 
36.22 	 0.9745041005413511 
36.24 	 0.9745517196821514 
36.26 	 0.9745373386475419 
36.28 	 0.9743545861997239 
36.3 	 0.9741827838855012 
36.32 	 0.9738356882923571 
36.34 	 0.9736388225525788 
36.36 	 0.9732439962576307 
36.38 	 0.973147755796815 
36.4 	 0.9728289136564723 
36.42 	 0.9729204879021193 
36.44 	 0.9727749287718958 
36.46 	 0.9730888199755069 
36.48 	 0.9731687771079952 
36.5 	 0.973687727183584 
36.52 	 0.9739958239213423 
36.54 	 0.9746623042112053 
36.56 	 0.9751581031360855 
36.58 	 0.9758922016810744 
36.6 	 0.9765067504321941 
36.62 	 0.9772267462860132 
36.64 	 0.9778819261563756 
36.66 	 0.9785233885475704 
36.68 	 0.9791519083798496 
36.7 	 0.9796806093680535 
36.72 	 0.980241454879273 
36.74 	 0.9806560224422526 
36.76 	 0.98114032445024 
36.78 	 0.9814629707913745 
36.8 	 0.9818873337745149 
36.82 	 0.9821449219112384 
36.84 	 0.9825333191007961 
36.86 	 0.9827355420565579 
36.88 	 0.9830961425691618 
36.9 	 0.9832207795002924 
36.92 	 0.9835283323883465 
36.94 	 0.9835227074367483 
36.96 	 0.9837170783028553 
36.98 	 0.9835183368318937 
37.0 	 0.9835234076785169 
37.02 	 0.9830900689630603 
37.04 	 0.9828464556847887 
37.06 	 0.9821857376753097 
37.08 	 0.9816816813003214 
37.1 	 0.9808571734518174 
37.12 	 0.9801407827495958 
37.14 	 0.9792543557617176 
37.16 	 0.9784190317475641 
37.18 	 0.9775746156909907 
37.2 	 0.9767237433461727 
37.22 	 0.9759908259175986 
37.24 	 0.9751994102163872 
37.26 	 0.9745945269683391 
37.28 	 0.9738871214044824 
37.3 	 0.9733817603425894 
37.32 	 0.9727367251940886 
37.34 	 0.9722859944742298 
37.36 	 0.9716619782441555 
37.38 	 0.9712384815542244 
37.4 	 0.9706085584538798 
37.42 	 0.9702249099866631 
37.44 	 0.9696017025638088 
37.46 	 0.9693117594834377 
37.48 	 0.9687522584308308 
37.5 	 0.9686310110158478 
37.52 	 0.9682190590602608 
37.54 	 0.9683301098724728 
37.56 	 0.968144044036079 
37.58 	 0.9685089528877843 
37.6 	 0.9685885189520497 
37.62 	 0.9691719959263665 
37.64 	 0.9694994973108104 
37.66 	 0.9702178822957706 
37.68 	 0.9707225101021458 
37.7 	 0.9714725298409208 
37.72 	 0.9720563906419557 
37.74 	 0.9727518979255525 
37.76 	 0.9733266057127387 
37.78 	 0.9739275796036763 
37.8 	 0.9744459807719038 
37.82 	 0.9749677389829906 
37.84 	 0.975437731619935 
37.86 	 0.9759367429058211 
37.88 	 0.9764115730322287 
37.9 	 0.9769537133752891 
37.92 	 0.9775025638119004 
37.94 	 0.9781267219300805 
37.96 	 0.978797473839003 
37.98 	 0.979489521472104 
38.0 	 0.9802790314140559 
38.02 	 0.9809671765098715 
38.04 	 0.9818114344399853 
38.06 	 0.9823851819966544 
38.08 	 0.9831734145484944 
38.1 	 0.9835186595606261 
38.12 	 0.984125750192008 
38.14 	 0.9841623735163997 
38.16 	 0.9844872251156527 
38.18 	 0.9841953015175291 
38.2 	 0.9841912518328033 
38.22 	 0.9836169824533184 
38.24 	 0.9833039243276029 
38.26 	 0.9825442238387736 
38.28 	 0.9819990674134277 
38.3 	 0.981171463416811 
38.32 	 0.9805016100730953 
38.34 	 0.9797110189026952 
38.36 	 0.979021580371037 
38.38 	 0.9783356781043239 
38.4 	 0.9777025611544432 
38.42 	 0.9771428610348099 
38.44 	 0.9765999816006545 
38.46 	 0.9761488119402351 
38.48 	 0.9756910133881082 
38.5 	 0.9753089116133449 
38.52 	 0.9749063415435006 
38.54 	 0.9745521003227001 
38.56 	 0.974169051709424 
38.58 	 0.9738154562049779 
38.6 	 0.9734267408868873 
38.62 	 0.9730674122194544 
38.64 	 0.9726669581911737 
38.66 	 0.9723127387798258 
38.68 	 0.9719117172290387 
38.7 	 0.9715785597585521 
38.72 	 0.9711940145493555 
38.74 	 0.9708879152377144 
38.76 	 0.970527054018847 
38.78 	 0.9702337369516538 
38.8 	 0.9698819837527409 
38.82 	 0.9695679865105253 
38.84 	 0.9691884201269847 
38.86 	 0.9688153293560842 
38.88 	 0.9683623565232855 
38.9 	 0.9679088928881339 
38.92 	 0.9673515429345229 
38.94 	 0.9668326675230671 
38.96 	 0.966176530047327 
38.98 	 0.9656484241697583 
39.0 	 0.9649440348761404 
39.02 	 0.9644899257166922 
39.04 	 0.9638211240446548 
39.06 	 0.9635229069911802 
39.08 	 0.9629790912131548 
39.1 	 0.9628879618150471 
39.12 	 0.9625333664150857 
39.14 	 0.9626537556504765 
39.16 	 0.9625087091126493 
39.18 	 0.9628023744423643 
39.2 	 0.9628442954625477 
39.22 	 0.9632500460823071 
39.24 	 0.9634304979023095 
39.26 	 0.9638872545408641 
39.28 	 0.9641533918820568 
39.3 	 0.9646147442244525 
39.32 	 0.9649235216400159 
39.34 	 0.96535923225596 
39.36 	 0.9656794888697919 
39.38 	 0.9660679980099004 
39.4 	 0.9663738679542137 
39.42 	 0.9666944754624986 
39.44 	 0.9669583765381071 
39.46 	 0.9671902701918733 
39.48 	 0.9673826216126197 
39.5 	 0.9675119330631667 
39.52 	 0.9676090415949492 
39.54 	 0.9676388264459187 
39.56 	 0.967634069513848 
39.58 	 0.9675896457868658 
39.6 	 0.9675003401346987 
39.62 	 0.9674251723049809 
39.64 	 0.9672899426482553 
39.66 	 0.9672330656203311 
39.68 	 0.9671001876676784 
39.7 	 0.9671010233784205 
39.72 	 0.9670132010518875 
39.74 	 0.9670905837580546 
39.76 	 0.9670728981469602 
39.78 	 0.967222182657009 
39.8 	 0.9672773551624534 
39.82 	 0.9674751414382008 
39.84 	 0.9675861693083787 
39.86 	 0.9677992953673094 
39.88 	 0.9679367212920408 
39.9 	 0.9681319220082228 
39.92 	 0.9682626302371037 
39.94 	 0.9684147146629297 
39.96 	 0.9685103342351062 
39.98 	 0.9686080989769699 
40.0 	 0.9686521317011102 
40.02 	 0.9687014135737176 
40.04 	 0.968694088240314 
40.06 	 0.9687167871443401 
40.08 	 0.9686758788574764 
40.1 	 0.9687038886669099 
40.12 	 0.9686598576357288 
40.14 	 0.9687246306949402 
40.16 	 0.9687104572316843 
40.18 	 0.9688317022966048 
40.2 	 0.9688709272364342 
40.22 	 0.9690495208322317 
40.24 	 0.969147880013018 
40.26 	 0.9693666273840288 
40.28 	 0.9695113576188025 
40.3 	 0.969743203373325 
40.32 	 0.969910058499243 
40.34 	 0.9701293864267193 
40.36 	 0.9702933561226571 
40.38 	 0.9704848435900916 
40.4 	 0.9706292071576883 
40.42 	 0.9707908078168844 
40.44 	 0.9709109762456455 
40.46 	 0.9710511231985202 
40.48 	 0.9711529714663268 
40.5 	 0.9712846149848373 
40.52 	 0.9713794358732586 
40.54 	 0.9715139784738388 
40.56 	 0.971612779034585 
40.58 	 0.9717559475988797 
40.6 	 0.9718650738300216 
40.62 	 0.972015506045886 
40.64 	 0.9721345915837429 
40.66 	 0.9722850833380452 
40.68 	 0.9724076119245253 
40.7 	 0.9725484207363185 
40.72 	 0.9726645851904171 
40.74 	 0.9727875959388608 
40.76 	 0.9728883850654471 
40.78 	 0.9729904926851759 
40.8 	 0.9730713251970639 
40.82 	 0.9731556001405531 
40.84 	 0.9732179386264668 
40.86 	 0.9732921746147084 
40.88 	 0.9733425490266946 
40.9 	 0.9734160746203047 
40.92 	 0.9734632284681128 
40.94 	 0.9735435586536831 
40.96 	 0.97359517256287 
40.98 	 0.9736858622863174 
41.0 	 0.9737462013348198 
41.02 	 0.9738465170638883 
41.04 	 0.973915734932941 
41.06 	 0.9740220203379594 
41.08 	 0.974097188186809 
41.1 	 0.9742052546174268 
41.12 	 0.9742825950513396 
41.14 	 0.9743900811077802 
41.16 	 0.974467377435155 
41.18 	 0.9745749437524637 
41.2 	 0.9746529097891203 
41.22 	 0.9747636506296045 
41.24 	 0.9748455343135458 
41.26 	 0.974963002499561 
41.28 	 0.9750527416850806 
41.3 	 0.9751788214270967 
41.32 	 0.9752789425572008 
41.34 	 0.9754127747251182 
41.36 	 0.9755232199926905 
41.38 	 0.9756615299793747 
41.4 	 0.9757797844710296 
41.42 	 0.9759180633121664 
41.44 	 0.9760401113656364 
41.46 	 0.9761738644807046 
41.48 	 0.976295296116868 
41.5 	 0.9764209541328196 
41.52 	 0.9765378809952278 
41.54 	 0.9766533654738618 
41.56 	 0.9767631180120384 
41.58 	 0.9768680851212546 
41.6 	 0.9769696334660717 
41.62 	 0.9770652785240382 
41.64 	 0.9771591880419326 
41.66 	 0.9772475728600856 
41.68 	 0.9773354334150205 
41.7 	 0.977418608615188 
41.72 	 0.9775022185171506 
41.74 	 0.9775815774782529 
41.76 	 0.9776623197921566 
41.78 	 0.977738386276355 
41.8 	 0.9778169815397494 
41.82 	 0.9778894218806683 
41.84 	 0.9779658342003168 
41.86 	 0.9780333472712166 
41.88 	 0.9781065090371516 
41.9 	 0.9781665369280949 
41.92 	 0.9782338681679261 
41.94 	 0.9782824799369771 
41.96 	 0.9783395917116369 
41.98 	 0.978372004148394 
42.0 	 0.9784130886539006 
42.02 	 0.9784249946656467 
42.04 	 0.9784441240100411 
42.06 	 0.9784335397108581 
42.08 	 0.9784266433297348 
42.1 	 0.9783956499160251 
42.12 	 0.9783625765362556 
42.14 	 0.9783182411598738 
42.16 	 0.9782641470291268 
42.18 	 0.9782180510289212 
42.2 	 0.9781534201099076 
42.22 	 0.9781196005285272 
42.24 	 0.9780585428868556 
42.26 	 0.9780502384431268 
42.28 	 0.9780073300472962 
42.3 	 0.9780335301354787 
42.32 	 0.9780201501216319 
42.34 	 0.9780832307381111 
42.36 	 0.9781047375079521 
42.38 	 0.9782001577551395 
42.4 	 0.9782550112808408 
42.42 	 0.9783731951535816 
42.44 	 0.9784543117610978 
42.46 	 0.9785838708696099 
42.48 	 0.9786814993669765 
42.5 	 0.9788124001518309 
42.52 	 0.9789171844761877 
42.54 	 0.9790426451792853 
42.56 	 0.9791476383190717 
42.58 	 0.9792643409192523 
42.6 	 0.9793654773861141 
42.62 	 0.9794725953049707 
42.64 	 0.9795680267019 
42.66 	 0.9796660204142429 
42.68 	 0.9797551811306255 
42.7 	 0.9798450595936178 
42.72 	 0.9799281024645506 
42.74 	 0.9800111930912486 
42.76 	 0.9800888185368661 
42.78 	 0.9801666367726948 
42.8 	 0.9802399321565946 
42.82 	 0.9803138493928855 
42.84 	 0.980383893151874 
42.86 	 0.9804547445529801 
42.88 	 0.9805221660928336 
42.9 	 0.9805901705007909 
42.92 	 0.9806550500247806 
42.94 	 0.9807201613073927 
42.96 	 0.9807823677058489 
42.98 	 0.9808447363290912 
43.0 	 0.9809043617273082 
43.02 	 0.9809644713422592 
43.04 	 0.9810219343129244 
43.06 	 0.9810803324565638 
43.08 	 0.981136094191496 
43.1 	 0.9811930692813653 
43.12 	 0.981247327220423 
43.14 	 0.9813029214214903 
43.16 	 0.9813556544956128 
43.18 	 0.9814100133357223 
43.2 	 0.9814613531935021 
43.22 	 0.9815150289794855 
43.24 	 0.9815655628381732 
43.26 	 0.9816194175731604 
43.28 	 0.9816700782212193 
43.3 	 0.981724830192871 
43.32 	 0.9817764321408573 
43.34 	 0.9818322427516962 
43.36 	 0.9818850646734032 
43.38 	 0.9819415261763766 
43.4 	 0.9819952931338736 
43.42 	 0.982051809268562 
43.44 	 0.9821060605240697 
43.46 	 0.9821622709940623 
43.48 	 0.9822167667786774 
43.5 	 0.9822726586927018 
43.52 	 0.9823274779687666 
43.54 	 0.9823831378626742 
43.56 	 0.9824384294674409 
43.58 	 0.9824937212525399 
43.6 	 0.9825493965196531 
43.62 	 0.9826038984459762 
43.64 	 0.9826595916712852 
43.66 	 0.9827128480748626 
43.68 	 0.9827681863747867 
43.7 	 0.9828199946317839 
43.72 	 0.9828748856850023 
43.74 	 0.982925279972716 
43.76 	 0.982979880352443 
43.78 	 0.9830287635225797 
43.8 	 0.9830830915598878 
43.82 	 0.9831298194096423 
43.84 	 0.9831833250956546 
43.86 	 0.9832265978333593 
43.88 	 0.9832780351738684 
43.9 	 0.9833161436235636 
43.92 	 0.9833637738443778 
43.94 	 0.9833949146975233 
43.96 	 0.9834367491153619 
43.98 	 0.9834591303638377 
44.0 	 0.9834929555093939 
44.02 	 0.9835047536030034 
44.04 	 0.9835280366674256 
44.06 	 0.9835275609392553 
44.08 	 0.9835376193420547 
44.1 	 0.9835239445102653 
44.12 	 0.9835186495278079 
44.14 	 0.9834925542615278 
44.16 	 0.9834714031193055 
44.18 	 0.9834360940768467 
44.2 	 0.9834011205529751 
44.22 	 0.9833622483662229 
44.24 	 0.9833182575740955 
44.26 	 0.9832831022772713 
44.28 	 0.983237064566406 
44.3 	 0.9832131683393136 
44.32 	 0.9831729890780074 
44.34 	 0.9831666794187183 
44.36 	 0.9831397311292213 
44.38 	 0.9831549020810889 
44.4 	 0.9831466644812923 
44.42 	 0.9831840434092212 
44.44 	 0.9831971081305281 
44.46 	 0.9832541580737485 
44.48 	 0.9832878198444928 
44.5 	 0.9833593652538123 
44.52 	 0.9834099714076265 
44.54 	 0.98348946409005 
44.56 	 0.9835515016645752 
44.58 	 0.9836325625204358 
44.6 	 0.9837001403184652 
44.62 	 0.9837778106350467 
44.64 	 0.9838459536370522 
44.66 	 0.9839171880125996 
44.68 	 0.9839824380103107 
44.7 	 0.9840457814766531 
44.72 	 0.9841060040218615 
44.74 	 0.9841608571398401 
44.76 	 0.9842146242198302 
44.78 	 0.984260678537194 
44.8 	 0.9843067914761356 
44.82 	 0.9843439949514157 
44.84 	 0.9843815107184448 
44.86 	 0.9844104892744759 
44.88 	 0.9844391978000006 
44.9 	 0.9844617365675968 
44.92 	 0.9844827154468309 
44.94 	 0.9845018804263145 
44.96 	 0.9845177105044464 
44.98 	 0.9845374214060184 
45.0 	 0.9845518480768267 
45.02 	 0.9845760154145914 
45.04 	 0.9845931280687606 
45.06 	 0.9846246817140967 
45.08 	 0.9846479096673121 
45.1 	 0.9846880972070471 
45.12 	 0.984719401658608 
45.14 	 0.9847676201546312 
45.16 	 0.9848071759135557 
45.18 	 0.9848613732089425 
45.2 	 0.9849078201666405 
45.22 	 0.9849652662069405 
45.24 	 0.9850163712973123 
45.26 	 0.9850744734656357 
45.28 	 0.98512790171137 
45.3 	 0.9851847779222408 
45.32 	 0.9852386895373828 
45.34 	 0.9852933731616496 
45.36 	 0.9853467035441618 
45.38 	 0.9853990247350864 
45.4 	 0.9854514617519633 
45.42 	 0.9855017395695778 
45.44 	 0.9855535006233278 
45.46 	 0.9856021733485167 
45.48 	 0.9856536852443196 
45.5 	 0.9857009508134514 
45.52 	 0.9857524913186596 
45.54 	 0.9857979891521308 
45.56 	 0.9858493194939796 
45.58 	 0.9858918926762855 
45.6 	 0.9859419283202477 
45.62 	 0.9859795482396337 
45.64 	 0.9860261696393464 
45.66 	 0.9860561356342039 
45.68 	 0.9860962823277526 
45.7 	 0.9861157739857471 
45.72 	 0.9861459375620563 
45.74 	 0.9861528773071722 
45.76 	 0.9861699857384721 
45.78 	 0.9861640001116372 
45.8 	 0.9861664994947166 
45.82 	 0.9861496312238701 
45.84 	 0.9861384042157056 
45.86 	 0.9861152131618974 
45.88 	 0.9860939243646586 
45.9 	 0.9860707732942937 
45.92 	 0.9860453657147125 
45.94 	 0.9860289914581969 
45.96 	 0.9860063652971225 
45.98 	 0.9860021748674768 
46.0 	 0.9859884518076981 
46.02 	 0.9859991818863861 
46.04 	 0.9859982060496976 
46.06 	 0.986023488956089 
46.08 	 0.9860361613524656 
46.1 	 0.9860731396605137 
46.12 	 0.9860977969187362 
46.14 	 0.9861424202130266 
46.16 	 0.9861759483115986 
46.18 	 0.986224285022602 
46.2 	 0.986263332863881 
46.22 	 0.9863123420468357 
46.24 	 0.9863540849225382 
46.26 	 0.9864017265493534 
46.28 	 0.9864440412390136 
46.3 	 0.9864890245068166 
46.32 	 0.9865303436838005 
46.34 	 0.9865719144336437 
46.36 	 0.9866111244149558 
46.38 	 0.9866490535348821 
46.4 	 0.9866855671553807 
46.42 	 0.9867201890522036 
46.44 	 0.9867540295288239 
46.46 	 0.9867860941730514 
46.48 	 0.9868177588017524 
46.5 	 0.9868480622284148 
46.52 	 0.9868781470826683 
46.54 	 0.9869071722099652 
46.56 	 0.9869360055004966 
46.58 	 0.9869638575759098 
46.6 	 0.9869914334236227 
46.62 	 0.9870181224410197 
46.64 	 0.9870443858168274 
46.66 	 0.9870701981595902 
46.68 	 0.9870954172640897 
46.7 	 0.9871210210084742 
46.72 	 0.987145886578178 
46.74 	 0.9871720347282718 
46.76 	 0.9871973496322036 
46.78 	 0.9872244022910586 
46.8 	 0.987250585640128 
46.82 	 0.9872782545452436 
46.84 	 0.9873050692611214 
46.86 	 0.9873326276728903 
46.88 	 0.9873593797870968 
46.9 	 0.9873862023997219 
46.92 	 0.9874122794848753 
46.94 	 0.9874382968897822 
46.96 	 0.9874636289792825 
46.98 	 0.9874893386312424 
47.0 	 0.9875144188559827 
47.02 	 0.9875404482555219 
47.04 	 0.9875659030710553 
47.06 	 0.9875924817633183 
47.08 	 0.9876185438252754 
47.1 	 0.9876453119074518 
47.12 	 0.9876716241495775 
47.14 	 0.9876979279029614 
47.16 	 0.9877238338870514 
47.18 	 0.9877492618831979 
47.2 	 0.9877743405485824 
47.22 	 0.9877990613513695 
47.24 	 0.9878234689029111 
47.26 	 0.9878480987548894 
47.28 	 0.9878724433684759 
47.3 	 0.9878975577738353 
47.32 	 0.9879224160760437 
47.34 	 0.9879481054046507 
47.36 	 0.9879735773269136 
47.38 	 0.9879994020072684 
47.4 	 0.9880250599582094 
47.42 	 0.9880504286082786 
47.44 	 0.988075688261643 
47.46 	 0.988100340153952 
47.48 	 0.988124939128815 
47.5 	 0.9881491404035967 
47.52 	 0.9881733369191853 
47.54 	 0.9881976483762257 
47.56 	 0.9882219964694624 
47.58 	 0.9882468242462842 
47.6 	 0.9882717323933207 
47.62 	 0.988297036188015 
47.64 	 0.9883224789175427 
47.66 	 0.988347859537445 
47.68 	 0.9883734613837252 
47.7 	 0.9883985238367994 
47.72 	 0.9884239141734683 
47.74 	 0.9884485859530453 
47.76 	 0.9884737106195697 
47.78 	 0.9884982608144033 
47.8 	 0.9885234021392376 
47.82 	 0.9885481771724911 
47.84 	 0.9885736986434528 
47.86 	 0.9885988173089264 
47.88 	 0.988624868549169 
47.9 	 0.9886501138800875 
47.92 	 0.9886765229906997 
47.94 	 0.9887014636723692 
47.96 	 0.9887278433116101 
47.98 	 0.9887520185424841 
48.0 	 0.9887779224006314 
48.02 	 0.9888009091738292 
48.04 	 0.9888258676285497 
48.06 	 0.9888472103194857 
48.08 	 0.9888706354836245 
48.1 	 0.9888897879150611 
48.12 	 0.9889109050000212 
48.14 	 0.9889273569662016 
48.16 	 0.9889453388110708 
48.18 	 0.9889589587204625 
48.2 	 0.9889733010405695 
48.22 	 0.9889847433793998 
48.24 	 0.9889957336754236 
48.26 	 0.989006670542371 
48.28 	 0.989015704506505 
48.3 	 0.9890286989307169 
48.32 	 0.9890382422280516 
48.34 	 0.9890562475206581 
48.36 	 0.989069398883203 
48.38 	 0.9890950528679501 
48.4 	 0.9891148547254663 
48.42 	 0.9891498469509672 
48.44 	 0.9891786168367142 
48.46 	 0.9892233798653616 
48.48 	 0.9892623282956203 
48.5 	 0.9893161444336571 
48.52 	 0.9893653960736681 
48.54 	 0.9894267983123959 
48.56 	 0.9894857184890673 
48.58 	 0.9895529197434099 
48.6 	 0.9896204908880526 
48.62 	 0.9896915878107857 
48.64 	 0.9897665766843046 
48.66 	 0.9898394414394959 
48.68 	 0.9899202558349889 
48.7 	 0.9899922550960024 
48.72 	 0.990076618510619 
48.74 	 0.9901444445013012 
48.76 	 0.9902291770751894 
48.78 	 0.9902890355648385 
48.8 	 0.9903702024102743 
48.82 	 0.9904183778297738 
48.84 	 0.9904918411847047 
48.86 	 0.990525383862484 
48.88 	 0.9905875082121904 
48.9 	 0.9906046693207716 
48.92 	 0.9906527970154918 
48.94 	 0.9906529989191446 
48.96 	 0.9906854746568841 
48.98 	 0.990668954360194 
49.0 	 0.9906848347439899 
49.02 	 0.990652351382121 
49.04 	 0.990651193979309 
49.06 	 0.9906041029161269 
49.08 	 0.9905861354002556 
49.1 	 0.9905267452286142 
49.12 	 0.9904933181190008 
49.14 	 0.9904250985442997 
49.16 	 0.9903789708910637 
49.18 	 0.9903062044341958 
49.2 	 0.990251239005878 
49.22 	 0.9901781191878831 
49.24 	 0.9901183793668922 
49.26 	 0.9900480144071322 
49.28 	 0.9899867184564585 
49.3 	 0.9899206211363508 
49.32 	 0.989859542760177 
49.34 	 0.9897978851464201 
49.36 	 0.9897375045604373 
49.38 	 0.9896799428478028 
49.4 	 0.9896201922990705 
49.42 	 0.9895667662650941 
49.44 	 0.989507907627559 
49.46 	 0.98945955041671 
49.48 	 0.9894027264416124 
49.5 	 0.9893611929520668 
49.52 	 0.9893084331639945 
49.54 	 0.98927576461329 
49.56 	 0.9892295192325498 
49.58 	 0.9892073484165667 
49.6 	 0.9891698189480999 
49.62 	 0.9891588321857396 
49.64 	 0.9891314027627557 
49.66 	 0.9891311441892149 
49.68 	 0.9891141105251292 
49.7 	 0.9891231283596235 
49.72 	 0.9891157477706316 
49.74 	 0.9891319434794082 
49.76 	 0.9891326932761596 
49.78 	 0.9891537108823502 
49.8 	 0.989160615207792 
49.82 	 0.9891841839514306 
49.84 	 0.9891951374343625 
49.86 	 0.9892193664725643 
49.88 	 0.9892324567631454 
49.9 	 0.9892560879340317 
49.92 	 0.9892699119751941 
49.94 	 0.9892924655434067 
49.96 	 0.9893063509895237 
49.98 	 0.9893280460640191 
50.0 	 0.9893420326969434 
50.02 	 0.9893634318330944 
50.04 	 0.9893779448177082 
50.06 	 0.9893994552374028 
50.08 	 0.9894148025428244 
50.1 	 0.9894363223245352 
50.12 	 0.9894523201873289 
50.14 	 0.9894732796874539 
50.16 	 0.9894892764181474 
50.18 	 0.9895090672609459 
50.2 	 0.9895243700780534 
50.22 	 0.9895428529845965 
50.24 	 0.9895572484995497 
50.26 	 0.9895749389574526 
50.28 	 0.989588895846861 
50.3 	 0.9896066487434334 
50.32 	 0.9896210108596891 
50.34 	 0.989639407733689 
50.36 	 0.9896547729489376 
50.38 	 0.9896736583924525 
50.4 	 0.9896898903228573 
50.42 	 0.98970841057903 
50.44 	 0.989724647168613 
50.46 	 0.9897417846897003 
50.48 	 0.9897569550732099 
50.5 	 0.989772201368652 
50.52 	 0.9897857080061535 
50.54 	 0.9897994256103957 
50.56 	 0.9898115426369962 
50.58 	 0.9898247814811157 
50.6 	 0.9898365161626766 
50.62 	 0.9898504038138766 
50.64 	 0.9898629133016367 
50.66 	 0.9898779960539671 
50.68 	 0.9898919182426097 
50.7 	 0.9899078432489544 
50.72 	 0.989922935941468 
50.74 	 0.989938646819152 
50.76 	 0.9899539321043382 
50.78 	 0.989968243994172 
50.8 	 0.9899825530947878 
50.82 	 0.9899947556611789 
50.84 	 0.9900073375615257 
50.86 	 0.99001746292478 
50.88 	 0.9900282838956279 
50.9 	 0.9900368739154916 
50.92 	 0.9900464137817889 
50.94 	 0.9900539210305646 
50.96 	 0.9900625723473295 
50.98 	 0.9900687680689736 
51.0 	 0.9900762037678889 
51.02 	 0.9900800022459184 
51.04 	 0.9900849416366287 
51.06 	 0.9900848415046042 
51.08 	 0.9900854540086103 
51.1 	 0.9900804398767807 
51.12 	 0.9900752652475024 
51.14 	 0.9900657069443797 
51.16 	 0.9900546396364487 
51.18 	 0.9900426642436085 
51.2 	 0.9900274535924715 
51.22 	 0.9900165108535186 
51.24 	 0.9900004499415688 
51.26 	 0.9899942227260524 
51.28 	 0.9899811289486916 
51.3 	 0.9899823067966448 
51.32 	 0.9899752854580096 
51.34 	 0.9899847912059644 
51.36 	 0.9899853771998819 
51.38 	 0.9900023624348133 
51.4 	 0.9900103864535523 
51.42 	 0.990032868460758 
51.44 	 0.9900469614918758 
51.46 	 0.9900726553076717 
51.48 	 0.9900909806557275 
51.5 	 0.9901178816660229 
51.52 	 0.9901386691890842 
51.54 	 0.9901652221181625 
51.56 	 0.9901869406115535 
51.58 	 0.9902119536575882 
51.6 	 0.990233266843962 
51.62 	 0.9902558571114831 
51.64 	 0.9902756325752766 
51.66 	 0.9902953562831891 
51.68 	 0.9903128669371161 
51.7 	 0.9903299321286929 
51.72 	 0.9903451362068141 
51.74 	 0.990360436030195 
51.76 	 0.9903740602308063 
51.78 	 0.9903888380134891 
51.8 	 0.9904020602705891 
51.82 	 0.9904172811640672 
51.84 	 0.9904310789021178 
51.86 	 0.9904468450693001 
51.88 	 0.9904613515950024 
51.9 	 0.9904767537013605 
51.92 	 0.9904910387866255 
51.94 	 0.990504618587616 
51.96 	 0.9905171022612002 
51.98 	 0.9905277350703583 
52.0 	 0.990537073562485 
52.02 	 0.9905447990888259 
52.04 	 0.9905507803869106 
52.06 	 0.9905570975048962 
52.08 	 0.9905610402582884 
52.1 	 0.9905684499622691 
52.12 	 0.9905728435731422 
52.14 	 0.9905838226960293 
52.16 	 0.990591341774504 
52.18 	 0.9906072377489504 
52.2 	 0.9906195945545426 
52.22 	 0.9906399840092934 
52.24 	 0.9906571727885951 
52.26 	 0.9906799998412437 
52.28 	 0.9907002939294006 
52.3 	 0.9907227214408146 
52.32 	 0.990743414954293 
52.34 	 0.9907629843760876 
52.36 	 0.9907815195872854 
52.38 	 0.9907970892136883 
52.4 	 0.9908120512940632 
52.42 	 0.9908241164401302 
52.44 	 0.9908356727544049 
52.46 	 0.9908459793604171 
52.48 	 0.9908556234138425 
52.5 	 0.9908663064154968 
52.52 	 0.9908760848762588 
52.54 	 0.9908887425902252 
52.56 	 0.9909003440793305 
52.58 	 0.9909154335419247 
52.6 	 0.9909295231744263 
52.62 	 0.990946273850503 
52.64 	 0.9909622998984366 
52.66 	 0.9909791116657712 
52.68 	 0.9909955967552272 
52.7 	 0.9910107217698538 
52.72 	 0.9910258835401367 
52.74 	 0.9910381306961377 
52.76 	 0.9910505960324577 
52.78 	 0.9910598177502343 
52.8 	 0.9910691850526765 
52.82 	 0.9910763756493393 
52.84 	 0.991083421133774 
52.86 	 0.9910903671300122 
52.88 	 0.9910967889896438 
52.9 	 0.9911053648268826 
52.92 	 0.9911131184341736 
52.94 	 0.9911244811462023 
52.96 	 0.9911349409949255 
52.98 	 0.9911489666151952 
53.0 	 0.991162269911842 
53.02 	 0.9911775180555833 
53.04 	 0.9911924145778023 
53.06 	 0.9912066950040348 
53.08 	 0.9912210259926247 
53.1 	 0.9912323529591862 
53.12 	 0.9912439830542875 
53.14 	 0.9912514851367694 
53.16 	 0.991259264773176 
53.18 	 0.9912636048030303 
53.2 	 0.991267894925687 
53.22 	 0.9912709835867626 
53.24 	 0.9912734824464958 
53.26 	 0.9912776309193133 
53.28 	 0.9912806035121735 
53.3 	 0.9912875475572445 
53.32 	 0.9912928621076489 
53.34 	 0.9913031285705688 
53.36 	 0.991311569204352 
53.38 	 0.9913244334262316 
53.4 	 0.9913355612661473 
53.42 	 0.9913495181028544 
53.44 	 0.9913620431280922 
53.46 	 0.9913754897606368 
53.48 	 0.9913878904927269 
53.5 	 0.9913996977349437 
53.52 	 0.991410786182052 
53.54 	 0.9914205688497539 
53.56 	 0.9914298051835758 
53.58 	 0.9914378710694215 
53.6 	 0.9914453805359749 
53.62 	 0.9914524546598321 
53.64 	 0.9914588117547413 
53.66 	 0.9914656809403026 
53.68 	 0.9914715853481395 
53.7 	 0.9914788054199423 
53.72 	 0.9914847886510865 
53.74 	 0.9914925545664443 
53.76 	 0.9914988276240828 
53.78 	 0.9915070327400254 
53.8 	 0.9915135165052303 
53.82 	 0.9915219443377684 
53.84 	 0.991528440148654 
53.86 	 0.9915369790087654 
53.88 	 0.9915433781249542 
53.9 	 0.9915521521765335 
53.92 	 0.9915585778350804 
53.94 	 0.9915679404398346 
53.96 	 0.9915747608413691 
53.98 	 0.9915851652963582 
54.0 	 0.9915928813479353 
54.02 	 0.9916046967441201 
54.04 	 0.9916137630518382 
54.06 	 0.9916271200203849 
54.08 	 0.9916377809453268 
54.1 	 0.9916525112201046 
54.12 	 0.9916647196942575 
54.14 	 0.9916804066461308 
54.16 	 0.9916938506696653 
54.18 	 0.9917099580621086 
54.2 	 0.9917241702238353 
54.22 	 0.9917401878469349 
54.24 	 0.9917546820249264 
54.26 	 0.9917702315926321 
54.28 	 0.9917846116005722 
54.3 	 0.9917994862834784 
54.32 	 0.9918134971522764 
54.34 	 0.9918276422933902 
54.36 	 0.9918411665626181 
54.38 	 0.9918546291171704 
54.4 	 0.9918676504199034 
54.42 	 0.9918805254721468 
54.44 	 0.9918930844445328 
54.46 	 0.991905475849727 
54.48 	 0.9919176347151968 
54.5 	 0.9919296339531547 
54.52 	 0.9919414551327344 
54.54 	 0.9919531343747096 
54.56 	 0.9919646711036032 
54.58 	 0.9919760842205876 
54.6 	 0.9919873785746102 
54.62 	 0.9919985650774855 
54.64 	 0.9920096493555765 
54.66 	 0.9920206384848604 
54.68 	 0.992031537475742 
54.7 	 0.9920423514050801 
54.72 	 0.9920530844390604 
54.74 	 0.9920637404876329 
54.76 	 0.9920743229769717 
54.78 	 0.9920848350558046 
54.8 	 0.9920952795654124 
54.82 	 0.9921056591139983 
54.84 	 0.9921159760896755 
54.86 	 0.9921262326947301 
54.88 	 0.9921364309633599 
54.9 	 0.9921465727818954 
54.92 	 0.992156659903727 
54.94 	 0.9921666939632204 
54.96 	 0.9921766764873077 
54.98 	 0.9921866089057934 
55.0 	 0.992196492560298 
55.02 	 0.9922063287121677 
55.04 	 0.9922161185494518 
55.06 	 0.9922258631931026 
55.08 	 0.9922355637024965 
55.1 	 0.9922452210803696 
55.12 	 0.9922548362772426 
55.14 	 0.9922644101954019 
55.16 	 0.9922739436924871 
55.18 	 0.9922834375847376 
55.2 	 0.9922928926499323 
55.22 	 0.9923023096300628 
55.24 	 0.9923116892337653 
55.26 	 0.9923210321385406 
55.28 	 0.9923303389927826 
55.3 	 0.9923396104176374 
55.32 	 0.992348847008709 
55.34 	 0.9923580493376255 
55.36 	 0.9923672179534846 
55.38 	 0.9923763533841824 
55.4 	 0.9923854561376446 
55.42 	 0.9923945267029629 
55.44 	 0.9924035655514482 
55.46 	 0.9924125731376082 
55.48 	 0.9924215499000548 
55.5 	 0.9924304962623479 
55.52 	 0.9924394126337811 
55.54 	 0.9924482994101147 
55.56 	 0.9924571569742591 
55.58 	 0.9924659856969136 
55.6 	 0.9924747859371641 
55.62 	 0.9924835580430423 
55.64 	 0.9924923023520504 
55.66 	 0.9925010191916522 
55.68 	 0.9925097088797361 
55.7 	 0.9925183717250486 
55.72 	 0.9925270080276029 
55.74 	 0.9925356180790635 
55.76 	 0.9925442021631089 
55.78 	 0.9925527605557731 
55.8 	 0.9925612935257686 
55.82 	 0.9925698013347908 
55.84 	 0.9925782842378067 
55.86 	 0.992586742483327 
55.88 	 0.9925951763136648 
55.9 	 0.9926035859651796 
55.92 	 0.9926119716685095 
55.94 	 0.9926203336487907 
55.96 	 0.9926286721258671 
55.98 	 0.9926369873144881 
56.0 	 0.9926452794244971 
56.02 	 0.992653548661011 
56.04 	 0.9926617952245906 
56.06 	 0.9926700193114041 
56.08 	 0.9926782211133803 
56.1 	 0.9926864008183576 
56.12 	 0.9926945586102242 
56.14 	 0.9927026946690521 
56.16 	 0.9927108091712266 
56.18 	 0.9927189022895672 
56.2 	 0.9927269741934464 
56.22 	 0.9927350250489002 
56.24 	 0.9927430550187366 
56.26 	 0.9927510642626372 
56.28 	 0.9927590529372556 
56.3 	 0.9927670211963123 
56.32 	 0.9927749691906838 
56.34 	 0.9927828970684898 
56.36 	 0.9927908049751758 
56.38 	 0.9927986930535929 
56.4 	 0.9928065614440744 
56.42 	 0.9928144102845088 
56.44 	 0.9928222397104108 
56.46 	 0.9928300498549889 
56.48 	 0.9928378408492105 
56.5 	 0.9928456128218646 
56.52 	 0.9928533658996228 
56.54 	 0.9928611002070966 
56.56 	 0.9928688158668938 
56.58 	 0.9928765129996722 
56.6 	 0.9928841917241916 
56.62 	 0.9928918521573643 
56.64 	 0.9928994944143027 
56.66 	 0.9929071186083661 
56.68 	 0.9929147248512062 
56.7 	 0.9929223132528098 
56.72 	 0.9929298839215407 
56.74 	 0.9929374369641808 
56.76 	 0.9929449724859686 
56.78 	 0.9929524905906372 
56.8 	 0.9929599913804508 
56.82 	 0.9929674749562398 
56.84 	 0.9929749414174358 
56.86 	 0.9929823908621032 
56.88 	 0.9929898233869723 
56.9 	 0.99299723908747 
56.92 	 0.9930046380577496 
56.94 	 0.9930120203907203 
56.96 	 0.9930193861780744 
56.98 	 0.9930267355103155 
57.0 	 0.9930340684767845 
57.02 	 0.9930413851656853 
57.04 	 0.9930486856641094 
57.06 	 0.9930559700580602 
57.08 	 0.9930632384324769 
57.1 	 0.9930704908712559 
57.12 	 0.9930777274572739 
57.14 	 0.993084948272409 
57.16 	 0.9930921533975615 
57.18 	 0.9930993429126739 
57.2 	 0.9931065168967502 
57.22 	 0.9931136754278758 
57.24 	 0.9931208185832352 
57.26 	 0.9931279464391305 
57.28 	 0.9931350590709986 
57.3 	 0.993142156553428 
57.32 	 0.993149238960176 
57.34 	 0.9931563063641844 
57.36 	 0.9931633588375949 
57.38 	 0.9931703964517649 
57.4 	 0.993177419277282 
57.42 	 0.9931844273839784 
57.44 	 0.9931914208409454 
57.46 	 0.9931983997165463 
57.48 	 0.9932053640784309 
57.5 	 0.9932123139935474 
57.52 	 0.9932192495281557 
57.54 	 0.9932261707478394 
57.56 	 0.9932330777175185 
57.58 	 0.9932399705014603 
57.6 	 0.9932468491632914 
57.62 	 0.9932537137660089 
57.64 	 0.993260564371991 
57.66 	 0.9932674010430074 
57.68 	 0.9932742238402309 
57.7 	 0.9932810328242458 
57.72 	 0.9932878280550592 
57.74 	 0.9932946095921101 
57.76 	 0.9933013774942788 
57.78 	 0.9933081318198961 
57.8 	 0.9933148726267521 
57.82 	 0.993321599972106 
57.84 	 0.993328313912693 
57.86 	 0.9933350145047345 
57.88 	 0.9933417018039448 
57.9 	 0.9933483758655398 
57.92 	 0.993355036744245 
57.94 	 0.9933616844943027 
57.96 	 0.99336831916948 
57.98 	 0.9933749408230755 
58.0 	 0.9933815495079269 
58.02 	 0.9933881452764179 
58.04 	 0.9933947281804854 
58.06 	 0.9934012982716252 
58.08 	 0.9934078556008998 
58.1 	 0.9934144002189441 
58.12 	 0.9934209321759718 
58.14 	 0.9934274515217817 
58.16 	 0.9934339583057634 
58.18 	 0.993440452576904 
58.2 	 0.9934469343837928 
58.22 	 0.9934534037746279 
58.24 	 0.9934598607972208 
58.26 	 0.993466305499003 
58.28 	 0.9934727379270306 
58.3 	 0.9934791581279893 
58.32 	 0.9934855661482002 
58.34 	 0.9934919620336242 
58.36 	 0.9934983458298674 
58.38 	 0.9935047175821857 
58.4 	 0.9935110773354896 
58.42 	 0.9935174251343483 
58.44 	 0.9935237610229953 
58.46 	 0.9935300850453321 
58.48 	 0.9935363972449325 
58.5 	 0.9935426976650474 
58.52 	 0.9935489863486086 
58.54 	 0.9935552633382331 
58.56 	 0.9935615286762272 
58.58 	 0.9935677824045903 
58.6 	 0.993574024565019 
58.62 	 0.9935802551989107 
58.64 	 0.9935864743473676 
58.66 	 0.9935926820512002 
58.68 	 0.9935988783509313 
58.7 	 0.9936050632867988 
58.72 	 0.9936112368987601 
58.74 	 0.9936173992264947 
58.76 	 0.9936235503094086 
58.78 	 0.9936296901866363 
58.8 	 0.9936358188970451 
58.82 	 0.993641936479238 
58.84 	 0.9936480429715567 
58.86 	 0.9936541384120848 
58.88 	 0.9936602228386507 
58.9 	 0.9936662962888311 
58.92 	 0.993672358799953 
58.94 	 0.9936784104090973 
58.96 	 0.9936844511531019 
58.98 	 0.9936904810685634 
59.0 	 0.9936965001918409 
59.02 	 0.993702508559058 
59.04 	 0.9937085062061058 
59.06 	 0.9937144931686459 
59.08 	 0.9937204694821119 
59.1 	 0.9937264351817126 
59.12 	 0.9937323903024348 
59.14 	 0.9937383348790448 
59.16 	 0.993744268946092 
59.18 	 0.9937501925379101 
59.2 	 0.9937561056886199 
59.22 	 0.9937620084321321 
59.24 	 0.9937679008021488 
59.26 	 0.9937737828321659 
59.28 	 0.9937796545554756 
59.3 	 0.9937855160051682 
59.32 	 0.9937913672141343 
59.34 	 0.9937972082150672 
59.36 	 0.9938030390404644 
59.38 	 0.99380885972263 
59.4 	 0.9938146702936766 
59.42 	 0.9938204707855275 
59.44 	 0.9938262612299178 
59.46 	 0.9938320416583974 
59.48 	 0.9938378121023324 
59.5 	 0.9938435725929063 
59.52 	 0.9938493231611232 
59.54 	 0.9938550638378083 
59.56 	 0.9938607946536102 
59.58 	 0.993866515639003 
59.6 	 0.9938722268242871 
59.62 	 0.9938779282395919 
59.64 	 0.9938836199148766 
59.66 	 0.9938893018799326 
59.68 	 0.9938949741643844 
59.7 	 0.9939006367976918 
59.72 	 0.993906289809151 
59.74 	 0.9939119332278964 
59.76 	 0.9939175670829024 
59.78 	 0.993923191402984 
59.8 	 0.9939288062167994 
59.82 	 0.9939344115528508 
59.84 	 0.9939400074394859 
59.86 	 0.9939455939048994 
59.88 	 0.9939511709771347 
59.9 	 0.9939567386840845 
59.92 	 0.9939622970534933 
59.94 	 0.9939678461129576 
59.96 	 0.993973385889928 
59.98 	 0.9939789164117103 
