0.0 	 0.0 
0.02 	 1.1745602359200202 
0.04 	 2.403021316648839 
0.06 	 3.6243718546715256 
0.08 	 4.779544522901372 
0.1 	 5.818840450536492 
0.12 	 6.706925465477298 
0.14 	 7.428193174728292 
0.16 	 7.9892390676691285 
0.18 	 8.420397763588948 
0.2 	 8.775327620678512 
0.22 	 9.129552618604015 
0.24 	 9.578543500627081 
0.26 	 10.235769347304165 
0.28 	 11.231312064227177 
0.3 	 12.712087573870539 
0.32 	 14.842304315729697 
0.34 	 17.8076610960225 
0.36 	 21.817098650813943 
0.38 	 27.11190928990038 
0.4 	 33.96521703359512 
0.42 	 42.69690754928469 
0.44 	 53.662508434598344 
0.46 	 67.27686064779977 
0.48 	 83.97679524137523 
0.5 	 104.26302466130711 
0.52 	 128.6107986908357 
0.54 	 157.55428229370415 
0.56 	 191.50610109300345 
0.58 	 230.9337971779876 
0.6 	 276.03316539966835 
0.62 	 327.07866956242253 
0.64 	 383.879261323508 
0.66 	 446.4110085194512 
0.68 	 513.9754136279613 
0.7 	 586.222802980299 
0.72 	 661.9449699768574 
0.74 	 740.5549029692867 
0.76 	 820.4884760345349 
0.78 	 901.120521422004 
0.8 	 980.8198401552763 
0.82 	 1059.1809164529066 
0.84 	 1134.846940614978 
0.86 	 1207.866846894495 
0.88 	 1277.4358141265777 
0.9 	 1344.1890533022176 
0.92 	 1407.9843311536326 
0.94 	 1470.0255932439868 
0.96 	 1530.7328919764495 
0.98 	 1591.720284401858 
1.0 	 1653.6956416022633 
1.02 	 1718.4470160578396 
1.04 	 1786.6225259876949 
1.06 	 1859.9642689083475 
1.08 	 1938.7567102291796 
1.1 	 2024.5718339879218 
1.12 	 2117.1464595375296 
1.14 	 2217.879179397218 
1.16 	 2325.89846674805 
1.18 	 2442.506418265347 
1.2 	 2566.2264726858975 
1.22 	 2698.341031528265 
1.24 	 2836.7591786798357 
1.26 	 2982.7471119749835 
1.28 	 3133.536446885803 
1.3 	 3290.279607458103 
1.32 	 3449.4398743207857 
1.34 	 3611.886439616237 
1.36 	 3773.2852839364887 
1.38 	 3934.0513957157027 
1.4 	 4089.2026135699975 
1.42 	 4238.606959888774 
1.44 	 4377.045682619785 
1.46 	 4503.8791589899465 
1.48 	 4614.319022013453 
1.5 	 4707.391306489075 
1.52 	 4779.532598178185 
1.54 	 4829.687399031684 
1.56 	 4856.219773660061 
1.58 	 4858.238519551812 
1.6 	 4836.42347149948 
1.62 	 4790.212257148484 
1.64 	 4722.555733753975 
1.66 	 4633.278952815869 
1.68 	 4527.165420414461 
1.7 	 4404.40843594497 
1.72 	 4270.954566770686 
1.74 	 4127.314594703752 
1.76 	 3979.8847608810156 
1.78 	 3829.430988522793 
1.8 	 3682.1656027018125 
1.82 	 3539.0137052806294 
1.84 	 3405.4845834076955 
1.86 	 3282.4937096706044 
1.88 	 3174.4248059004954 
1.9 	 3081.9295897855886 
1.92 	 3007.926096848878 
1.94 	 2952.50731534263 
1.96 	 2916.895219492778 
1.98 	 2900.3882078482347 
2.0 	 2902.464925541443 
2.02 	 2921.57531216861 
2.04 	 2955.6795992037974 
2.06 	 3002.5982823251325 
2.08 	 3059.3139133818245 
2.1 	 3123.5068505784343 
2.12 	 3191.9661084361387 
2.14 	 3262.85734161714 
2.16 	 3333.5844602118373 
2.18 	 3403.3182288424655 
2.2 	 3470.6062579001255 
2.22 	 3535.7922346833075 
2.24 	 3598.5819728645 
2.26 	 3660.199879986067 
2.28 	 3721.0048744404976 
2.3 	 3782.4718465711467 
2.32 	 3844.853739399671 
2.34 	 3909.217009866359 
2.36 	 3975.09848234035 
2.38 	 4042.793551542606 
2.4 	 4110.9694996812605 
2.42 	 4179.23283339149 
2.44 	 4245.721856325837 
2.46 	 4309.771828894026 
2.48 	 4369.586662167381 
2.5 	 4424.6937166695425 
2.52 	 4473.8482716824565 
2.54 	 4516.984544107238 
2.56 	 4553.514502460801 
2.58 	 4583.613272394048 
2.6 	 4607.048233941459 
2.62 	 4623.791909839562 
2.64 	 4633.494020517682 
2.66 	 4635.488366872476 
2.68 	 4629.023944152647 
2.7 	 4612.675937320794 
2.72 	 4585.469251513537 
2.74 	 4545.5638060564015 
2.76 	 4492.39186827785 
2.78 	 4424.3849754906905 
2.8 	 4342.164635902437 
2.82 	 4245.131332535066 
2.84 	 4135.593381581343 
2.86 	 4014.274400176122 
2.88 	 3885.0849908993423 
2.9 	 3749.921943924706 
2.92 	 3613.656054052428 
2.94 	 3478.8246047392827 
2.96 	 3350.3773417491952 
2.98 	 3230.886875998819 
3.0 	 3124.658858273409 
3.02 	 3033.9186570912043 
3.04 	 2962.0019305130427 
3.06 	 2910.7420305382047 
3.08 	 2882.559010094985 
3.1 	 2879.1035219113137 
3.12 	 2902.122333009839 
3.14 	 2953.3799582439538 
3.16 	 3034.1817726115637 
3.18 	 3146.689901312241 
3.2 	 3291.91843684332 
3.22 	 3472.744730484792 
3.24 	 3690.034956192635 
3.26 	 3947.894429168153 
3.28 	 4247.303925379649 
3.3 	 4594.4650414239195 
3.32 	 4990.873717588577 
3.34 	 5446.08108123968 
3.36 	 5962.399520181466 
3.38 	 6554.19173320432 
3.4 	 7224.224006072061 
3.42 	 7992.9971905015045 
3.44 	 8861.888252462704 
3.46 	 9858.396453893367 
3.48 	 10978.395251395868 
3.5 	 12256.755701418186 
3.52 	 13677.17592653433 
3.54 	 15282.332344910812 
3.56 	 17035.254510362163 
3.58 	 18987.982635538257 
3.6 	 21074.545836323618 
3.62 	 23360.08713093723 
3.64 	 25744.233600823 
3.66 	 28311.409139468473 
3.68 	 30926.64371995391 
3.7 	 33701.253538111916 
3.72 	 36470.82095414996 
3.74 	 39380.65987153745 
3.76 	 42244.46107712464 
3.78 	 45246.27127702954 
3.8 	 48182.70734004238 
3.82 	 51278.16010938425 
3.84 	 54309.622075400446 
3.86 	 57541.061602247675 
3.88 	 60718.83195673049 
3.9 	 64145.011689784464 
3.92 	 67519.42811496 
3.94 	 71181.38847769552 
3.96 	 74770.1888208976 
3.98 	 78661.68173971612 
4.0 	 82429.45262098045 
4.02 	 86483.16422278929 
4.04 	 90338.91795593814 
4.06 	 94432.60634261467 
4.08 	 98245.29946943921 
4.1 	 102225.406054371 
4.12 	 105852.18934960692 
4.14 	 109568.35914843853 
4.16 	 112887.93699835608 
4.18 	 116229.64135723127 
4.2 	 119172.3492397226 
4.22 	 122097.99216661682 
4.24 	 124664.77352931185 
4.26 	 127214.88907743304 
4.28 	 129479.61121934798 
4.3 	 131769.43236436762 
4.32 	 133862.75512438247 
4.34 	 136054.62529889992 
4.36 	 138131.9948619796 
4.38 	 140393.22187001197 
4.4 	 142593.6786792051 
4.42 	 145049.61557759545 
4.44 	 147455.6009102178 
4.46 	 150150.6309054689 
4.48 	 152760.93937252983 
4.5 	 155640.4181035907 
4.52 	 158366.8452450511 
4.54 	 161288.80364436694 
4.56 	 163980.35629051804 
4.58 	 166756.2197728957 
4.6 	 169244.42422407572 
4.62 	 171696.09255681132 
4.64 	 173845.56824460794 
4.66 	 175857.83939230643 
4.68 	 177603.14801460312 
4.7 	 179151.2627141852 
4.72 	 180506.7439910079 
4.74 	 181650.0592107155 
4.76 	 182691.91276398627 
4.78 	 183541.0360478944 
4.8 	 184373.67389403158 
4.82 	 185049.897887289 
4.84 	 185773.71884895282 
4.86 	 186378.8463069512 
4.88 	 187071.07606280516 
4.9 	 187674.51821360513 
4.92 	 188383.76671292112 
4.94 	 189021.86040020885 
4.96 	 189769.39410969918 
4.98 	 190447.69360152687 
5.0 	 191228.3975952215 
5.02 	 191921.36602980364 
5.04 	 192701.93883111718 
5.06 	 193349.88781479266 
5.08 	 194065.45035154125 
5.1 	 194570.97419871765 
5.12 	 195122.01591969968 
5.14 	 195348.23168599544 
5.16 	 195599.9652275945 
5.18 	 195373.95958407913 
5.2 	 195162.0097120933 
5.22 	 194289.56600679827 
5.24 	 193438.07351618062 
5.26 	 191736.14609421516 
5.28 	 190092.74597249844 
5.3 	 187439.88654049856 
5.32 	 184924.19308888147 
5.34 	 181316.52661460516 
5.36 	 177967.0782864532 
5.38 	 173555.2316740971 
5.4 	 169551.3400279058 
5.42 	 164632.47544237756 
5.44 	 160271.14527916597 
5.46 	 155227.63850119847 
5.48 	 150856.36855613856 
5.5 	 146063.46085812073 
5.52 	 141997.5952147099 
5.54 	 137743.99288487853 
5.56 	 134208.6797542313 
5.58 	 130664.51423943962 
5.6 	 127782.37707289508 
5.62 	 125014.4823828424 
5.64 	 122827.3535902859 
5.66 	 120833.4000450407 
5.68 	 119329.14388903395 
5.7 	 118060.81524498816 
5.72 	 117184.47870390587 
5.74 	 116549.53164413397 
5.76 	 116198.90885358253 
5.78 	 116053.30962647201 
5.8 	 116074.5970832081 
5.82 	 116224.83513942952 
5.84 	 116425.53446894271 
5.86 	 116655.23728913136 
5.88 	 116840.98339780339 
5.9 	 116961.14898470037 
5.92 	 116988.40873357341 
5.94 	 116895.18577142568 
5.96 	 116720.07871219805 
5.98 	 116434.89044605414 
6.0 	 116134.71369775369 
6.02 	 115803.76676591221 
6.04 	 115555.48895571825 
6.06 	 115401.45835512392 
6.08 	 115420.18520987318 
6.1 	 115662.65535762622 
6.12 	 116124.40578660184 
6.14 	 116903.08548690961 
6.16 	 117885.48914616439 
6.18 	 119218.04306914158 
6.2 	 120681.74413568714 
6.22 	 122467.80960939062 
6.24 	 124278.61840677845 
6.26 	 126338.60033677463 
6.28 	 128312.32996468771 
6.3 	 130438.2016348822 
6.32 	 132386.28114703402 
6.34 	 134384.6995867185 
6.36 	 136146.67621213538 
6.38 	 137865.7519773718 
6.4 	 139326.145294496 
6.42 	 140667.5608047241 
6.44 	 141761.80685468437 
6.46 	 142684.15187351208 
6.48 	 143398.86885077186 
6.5 	 143915.62739165346 
6.52 	 144284.1366580248 
6.54 	 144454.49011169275 
6.56 	 144544.01584279572 
6.58 	 144451.77050592098 
6.6 	 144338.40842005154 
6.62 	 144057.47667476456 
6.64 	 143790.5674711055 
6.66 	 143343.99758861886 
6.68 	 142910.41669562936 
6.7 	 142238.8872091439 
6.72 	 141543.94759348378 
6.74 	 140502.0845652787 
6.76 	 139381.71687471485 
6.78 	 137772.94087794353 
6.8 	 136040.95652161882 
6.82 	 133686.1903715037 
6.84 	 131205.39953934503 
6.86 	 128024.33650005217 
6.88 	 124777.35982538508 
6.9 	 120850.24890236344 
6.92 	 116980.36873033897 
6.94 	 112559.92339017437 
6.96 	 108359.15457609319 
6.98 	 103820.5176326708 
7.0 	 99663.67418755547 
7.02 	 95410.82872479632 
7.04 	 91662.6336933012 
7.06 	 88033.5288345925 
7.08 	 84970.30979170311 
7.1 	 82179.7668683327 
7.12 	 79953.76531662972 
7.14 	 78084.71428310234 
7.16 	 76729.0699796877 
7.18 	 75754.02910976447 
7.2 	 75206.17949704308 
7.22 	 75013.44619103117 
7.24 	 75136.67307779272 
7.26 	 75548.29379255245 
7.28 	 76146.7036410815 
7.3 	 76932.21441012846 
7.32 	 77767.32569278657 
7.34 	 78664.78000602989 
7.36 	 79483.00110052964 
7.38 	 80233.79316207705 
7.4 	 80805.3793247988 
7.42 	 81197.9008009154 
7.44 	 81357.63793272858 
7.46 	 81265.67581157332 
7.48 	 80940.77940463308 
7.5 	 80341.45820498576 
7.52 	 79555.46257303224 
7.54 	 78518.88552054053 
7.56 	 77369.61943352333 
7.58 	 76024.2509614744 
7.6 	 74644.7644764299 
7.62 	 73132.93048483388 
7.64 	 71651.15972879787 
7.66 	 70092.37032599261 
7.68 	 68604.64256953397 
7.7 	 67078.95439744563 
7.72 	 65644.3356158546 
7.74 	 64196.89225088657 
7.76 	 62848.45767421635 
7.78 	 61506.076636578684 
7.8 	 60267.69718859782 
7.82 	 59054.45621437264 
7.84 	 57951.51980800057 
7.86 	 56894.13003806835 
7.88 	 55952.93601815576 
7.9 	 55074.96519216072 
7.92 	 54313.66086832579 
7.94 	 53624.79244325606 
7.96 	 53043.51196452997 
7.98 	 52532.04776255894 
8.0 	 52109.305835813335 
8.02 	 51743.19363169144 
8.04 	 51441.442484058396 
8.06 	 51178.386732524 
8.08 	 50957.31376626251 
8.1 	 50760.915316458166 
8.12 	 50594.44156152962 
8.14 	 50451.55628545425 
8.16 	 50343.46453183565 
8.18 	 50277.448172399985 
8.2 	 50270.498467244164 
8.22 	 50345.436805273464 
8.24 	 50519.84209804723 
8.26 	 50832.71145150736 
8.28 	 51292.42719764547 
8.3 	 51953.538085022315 
8.32 	 52802.63097323044 
8.34 	 53908.645775783625 
8.36 	 55223.59370037018 
8.38 	 56830.15745489146 
8.4 	 58635.6726975297 
8.42 	 60737.10400868117 
8.44 	 62992.2766914083 
8.46 	 65513.869853026095 
8.48 	 68112.53140863452 
8.5 	 70917.61660772991 
8.52 	 73702.81780401504 
8.54 	 76612.73193492425 
8.56 	 79401.21467390932 
8.58 	 82222.67627610119 
8.6 	 84832.32392346083 
8.62 	 87384.49903859304 
8.64 	 89657.08546819398 
8.66 	 91791.05295413462 
8.68 	 93604.8842140618 
8.7 	 95211.80243725119 
8.72 	 96483.70010453179 
8.74 	 97493.7185955794 
8.76 	 98175.2597249795 
8.78 	 98554.17207267911 
8.8 	 98629.9342330508 
8.82 	 98381.10269153815 
8.84 	 97874.20112897076 
8.86 	 97047.85577854735 
8.88 	 96030.81441662689 
8.9 	 94734.3204222859 
8.92 	 93335.91380230493 
8.94 	 91733.40380548505 
8.96 	 90130.64437202252 
8.98 	 88423.71547241628 
9.0 	 86815.15671392095 
9.02 	 85207.00398922211 
9.04 	 83774.74285305235 
9.06 	 82430.50923901817 
9.08 	 81305.42034765257 
9.1 	 80323.87124523617 
9.12 	 79566.59447608069 
9.14 	 78971.54702278294 
9.16 	 78573.11373345277 
9.18 	 78323.4142261186 
9.2 	 78221.02876909722 
9.22 	 78231.77241560334 
9.24 	 78331.70646867101 
9.26 	 78498.5592246014 
9.28 	 78698.97660982725 
9.3 	 78919.64266720587 
9.32 	 79128.7673944478 
9.34 	 79318.33069870126 
9.36 	 79465.88663019634 
9.38 	 79564.99640354722 
9.4 	 79606.83828692698 
9.42 	 79583.40200580585 
9.44 	 79500.57928506493 
9.46 	 79346.5549613136 
9.48 	 79140.50311294843 
9.5 	 78865.50636417915 
9.52 	 78550.97160930079 
9.54 	 78174.40347681832 
9.56 	 77771.93495485387 
9.58 	 77315.93648067303 
9.6 	 76846.59128324631 
9.62 	 76332.88769342606 
9.64 	 75818.04949354181 
9.66 	 75271.03406868888 
9.68 	 74738.39517538386 
9.7 	 74193.6495699621 
9.72 	 73686.52753213409 
9.74 	 73199.77308564597 
9.76 	 72783.45490726338 
9.78 	 72432.8523040988 
9.8 	 72191.61574884078 
9.82 	 72068.67603516536 
9.84 	 72091.43020613473 
9.86 	 72281.70923411449 
9.88 	 72640.45314779368 
9.9 	 73200.99978105826 
9.92 	 73930.51715994588 
9.94 	 74873.05476679177 
9.96 	 75959.88895465391 
9.98 	 77246.01149800645 
10.0 	 78630.44949302422 
10.02 	 80179.83458344691 
10.04 	 81769.27884681914 
10.06 	 83477.16852880619 
10.08 	 85165.64407064753 
10.1 	 86923.551038172 
10.12 	 88611.24685256346 
10.14 	 90325.19741932391 
10.16 	 91933.40093656389 
10.18 	 93536.18416659723 
10.2 	 95015.6253294353 
10.22 	 96472.34587726691 
10.24 	 97805.61717027808 
10.26 	 99114.11761607834 
10.28 	 100314.27765514869 
10.3 	 101502.52722283207 
10.32 	 102609.38908508996 
10.34 	 103730.32128725019 
10.36 	 104803.64677989685 
10.38 	 105925.4272493141 
10.4 	 107032.34483133933 
10.42 	 108221.34927105338 
10.44 	 109416.39620821818 
10.46 	 110713.34750907194 
10.48 	 112014.33965043379 
10.5 	 113410.12946612388 
10.52 	 114778.90943145241 
10.54 	 116201.47059525932 
10.56 	 117540.86595687458 
10.58 	 118863.69796804729 
10.6 	 120037.82712403405 
10.62 	 121113.307940622 
10.64 	 121988.87796410779 
10.66 	 122698.31100166129 
10.68 	 123194.08130890472 
10.7 	 123496.62828088102 
10.72 	 123621.62616147788 
10.74 	 123580.76699315183 
10.76 	 123442.81296162862 
10.78 	 123214.96351707971 
10.8 	 122991.10841932344 
10.82 	 122776.15642487058 
10.84 	 122653.23434804502 
10.86 	 122624.97605334963 
10.88 	 122733.78575189303 
10.9 	 122979.21699099003 
10.92 	 123350.1615443949 
10.94 	 123842.72236885676 
10.96 	 124400.38156701061 
10.98 	 125015.68018202091 
11.0 	 125611.16936650146 
11.02 	 126174.75168907663 
11.04 	 126639.05379819692 
11.06 	 126984.45696799854 
11.08 	 127180.36476857835 
11.1 	 127195.294885615 
11.12 	 127049.8932327609 
11.14 	 126696.10158537405 
11.16 	 126205.43021663475 
11.18 	 125509.1789542302 
11.2 	 124717.73262427116 
11.22 	 123739.15460178841 
11.24 	 122706.58871449936 
11.26 	 121504.88937708712 
11.28 	 120277.98124121423 
11.3 	 118891.74106979021 
11.32 	 117497.8060509877 
11.34 	 115952.5282025955 
11.36 	 114419.41819172868 
11.38 	 112758.895670231 
11.4 	 111150.05857789113 
11.42 	 109471.2381156863 
11.44 	 107911.10252830923 
11.46 	 106374.48584421675 
11.48 	 105039.22290452394 
11.5 	 103835.7621821962 
11.52 	 102900.47620978934 
11.54 	 102178.86721980073 
11.56 	 101737.10668488378 
11.58 	 101519.58392705656 
11.6 	 101510.07423303663 
11.62 	 101635.7123718029 
11.64 	 101812.89974048607 
11.66 	 101939.60702071307 
11.68 	 101909.05427130352 
11.7 	 101584.6876611766 
11.72 	 100900.75819262082 
11.74 	 99689.38177834448 
11.76 	 97990.26750660333 
11.78 	 95617.9362442707 
11.8 	 92757.03779629659 
11.82 	 89227.82208111006 
11.84 	 85354.88854107725 
11.86 	 80990.07390774296 
11.88 	 76546.64873125705 
11.9 	 71925.34924155868 
11.92 	 67550.18776947343 
11.94 	 63372.15766204095 
11.96 	 59751.686691806135 
11.98 	 56677.44964437649 
12.0 	 54397.4069258848 
12.02 	 52920.47451053514 
12.04 	 52360.9662242014 
12.06 	 52734.91343634018 
12.08 	 54017.88005296727 
12.1 	 56229.166016139396 
12.12 	 59206.00222805092 
12.14 	 62976.66369831234 
12.16 	 67246.75679678892 
12.18 	 72064.91698437209 
12.2 	 77028.97092510448 
12.22 	 82217.92626647331 
12.24 	 87173.45136232497 
12.26 	 92006.37229117926 
12.28 	 96280.03493051424 
12.3 	 100127.15847203085 
12.32 	 103217.51098407974 
12.34 	 105688.04003870234 
12.36 	 107375.76774905587 
12.38 	 108403.3298488922 
12.4 	 108785.87080240085 
12.42 	 108616.86068902275 
12.44 	 108045.74921802271 
12.46 	 107126.12839912837 
12.48 	 106064.43311031259 
12.5 	 104867.3849727118 
12.52 	 103722.69205521906 
12.54 	 102588.50512408765 
12.56 	 101588.92030874755 
12.58 	 100639.10285030781 
12.6 	 99795.74931854148 
12.62 	 98943.13989075916 
12.64 	 98099.41512835634 
12.66 	 97132.7121484519 
12.68 	 96065.31171840052 
12.7 	 94762.07861757485 
12.72 	 93286.14935030206 
12.74 	 91507.29363834493 
12.76 	 89546.44344160466 
12.78 	 87281.27834449668 
12.8 	 84884.16632113467 
12.82 	 82239.94482637488 
12.84 	 79549.50975588709 
12.86 	 76702.87884558918 
12.88 	 73902.23311789749 
12.9 	 71042.11572151861 
12.92 	 68305.09102645481 
12.94 	 65592.17063687928 
12.96 	 63056.16707936926 
12.98 	 60608.429238387784 
13.0 	 58370.78668758642 
13.02 	 56268.62248527564 
13.04 	 54395.56475257506 
13.06 	 52692.34446826542 
13.08 	 51226.837514973355 
13.1 	 49952.970613600504 
13.12 	 48913.2189223111 
13.14 	 48069.767737658534 
13.16 	 47439.04897667001 
13.18 	 46986.08847868769 
13.2 	 46702.60978237379 
13.22 	 46553.549481162925 
13.24 	 46512.18565491059 
13.26 	 46544.99519139337 
13.28 	 46618.70976920341 
13.3 	 46707.248920179496 
13.32 	 46785.335734614535 
13.34 	 46841.480488654146 
13.36 	 46869.49529345851 
13.38 	 46876.38759607327 
13.4 	 46876.684538243244 
13.42 	 46893.191900005804 
13.44 	 46951.404410103256 
13.46 	 47080.833469756435 
13.48 	 47301.08501039317 
13.5 	 47637.09760236047 
13.52 	 48087.06346216881 
13.54 	 48663.68754415497 
13.56 	 49337.34771659981 
13.58 	 50108.20386592886 
13.6 	 50924.49277344921 
13.62 	 51780.4274135408 
13.64 	 52616.93543625147 
13.66 	 53432.03064699938 
13.68 	 54176.58418234651 
13.7 	 54860.846331637644 
13.72 	 55458.116778312404 
13.74 	 55995.09504120227 
13.76 	 56470.5788448685 
13.78 	 56927.145451154356 
13.8 	 57382.14285504118 
13.82 	 57890.04268217837 
13.84 	 58472.79941001895 
13.86 	 59191.69982027999 
13.88 	 60057.05502061158 
13.9 	 61132.93137943953 
13.92 	 62403.540541757844 
13.94 	 63933.81432941415 
13.96 	 65671.50487057454 
13.98 	 67682.36878327312 
14.0 	 69872.28621459338 
14.02 	 72308.55640100718 
14.04 	 74855.32606805922 
14.06 	 77581.72344955291 
14.08 	 80316.9851683652 
14.1 	 83131.22332064141 
14.12 	 85833.4434409372 
14.14 	 88492.66246165201 
14.16 	 90919.84478255283 
14.18 	 93179.93347329092 
14.2 	 95112.23171394627 
14.22 	 96774.31640895092 
14.24 	 98058.08155315358 
14.26 	 99010.78704749196 
14.28 	 99591.73299494853 
14.3 	 99835.74865591421 
14.32 	 99769.87822346552 
14.34 	 99415.43791172437 
14.36 	 98852.95182197576 
14.38 	 98090.1907291539 
14.4 	 97237.3459365598 
14.42 	 96289.78009989153 
14.44 	 95361.79090513791 
14.46 	 94438.90723923579 
14.48 	 93619.16388381647 
14.5 	 92882.35370589737 
14.52 	 92298.5607801268 
14.54 	 91846.98479861637 
14.56 	 91566.41172478943 
14.58 	 91440.55561109305 
14.6 	 91479.11540031158 
14.62 	 91674.06068773412 
14.64 	 92010.4558873084 
14.66 	 92489.7920925792 
14.68 	 93076.79649248719 
14.7 	 93780.72752141042 
14.72 	 94549.34323053969 
14.74 	 95395.03613910028 
14.76 	 96251.88658321483 
14.78 	 97128.64346763532 
14.8 	 97950.81185709585 
14.82 	 98715.65402537076 
14.84 	 99348.91389678411 
14.86 	 99828.62876690256 
14.88 	 100094.12244187739 
14.9 	 100097.76972738777 
14.92 	 99809.35091565404 
14.94 	 99151.79656732795 
14.96 	 98142.88385089225 
14.98 	 96676.4965927765 
15.0 	 94832.38836446428 
15.02 	 92481.14175064872 
15.04 	 89770.29933410574 
15.06 	 86558.01529106476 
15.08 	 83053.65996032092 
15.1 	 79116.54743097803 
15.12 	 74999.2259160885 
15.14 	 70574.32933763623 
15.16 	 66109.37086962981 
15.18 	 61497.140841888344 
15.2 	 56989.299767226854 
15.22 	 52498.96373592827 
15.24 	 48236.84830845258 
15.26 	 44131.838492003015 
15.28 	 40340.35370235149 
15.3 	 36801.44349607294 
15.32 	 33616.77898467179 
15.34 	 30731.834018119556 
15.36 	 28202.526669039256 
15.38 	 25979.58226036501 
15.4 	 24086.06467845556 
15.42 	 22478.243803343837 
15.44 	 21158.33705442257 
15.46 	 20088.42830409571 
15.48 	 19258.539936932015 
15.5 	 18636.06887307669 
15.52 	 18203.99390975743 
15.54 	 17933.956539166342 
15.56 	 17804.74105672208 
15.58 	 17791.260236679263 
15.6 	 17870.07669898241 
15.62 	 18019.031724444678 
15.64 	 18214.519338066973 
15.66 	 18437.73080027402 
15.68 	 18667.327668980317 
15.7 	 18888.8209236578 
15.72 	 19085.73145960106 
15.74 	 19249.002042668548 
15.76 	 19369.20089801984 
15.78 	 19443.469528465524 
15.8 	 19470.519863285976 
15.82 	 19453.633710802023 
15.84 	 19399.124307611764 
15.86 	 19315.23230846103 
15.88 	 19213.61310419395 
15.9 	 19105.28439117405 
15.92 	 19003.861566675474 
15.94 	 18920.59430081229 
15.96 	 18867.659685769457 
15.98 	 18854.538044839548 
16.0 	 18889.63629152431 
16.02 	 18979.86798809755 
16.04 	 19129.05676564249 
16.06 	 19341.929559554188 
16.08 	 19618.011787465915 
16.1 	 19960.685927727896 
16.12 	 20365.59820894349 
16.14 	 20835.173189367128 
16.16 	 21360.933052903343 
16.18 	 21943.811992113333 
16.2 	 22570.29264147322 
16.22 	 23238.72381478793 
16.24 	 23929.854688604995 
16.26 	 24638.77069428467 
16.28 	 25341.281088691652 
16.3 	 26029.89996912352 
16.32 	 26678.54530609025 
16.34 	 27279.46659268009 
16.36 	 27809.584654258702 
16.38 	 28264.08182778791 
16.4 	 28628.02361385879 
16.42 	 28902.268502389215 
16.44 	 29083.382743888455 
16.46 	 29178.979382513524 
16.48 	 29197.336413452864 
16.5 	 29151.859466685306 
16.52 	 29059.681833113493 
16.54 	 28937.664372898635 
16.56 	 28807.274829237635 
16.58 	 28686.385353286612 
16.6 	 28596.41886969067 
16.62 	 28554.76960940765 
16.64 	 28579.685763733232 
16.66 	 28687.739627130726 
16.68 	 28891.977697740647 
16.7 	 29208.17990781517 
16.72 	 29642.16536540882 
16.74 	 30208.123420331052 
16.76 	 30901.496681674125 
16.78 	 31732.471605336636 
16.8 	 32681.746996897713 
16.82 	 33751.80472133204 
16.84 	 34904.58458141165 
16.86 	 36131.4543754712 
16.88 	 37374.94497840465 
16.9 	 38614.44420741547 
16.92 	 39778.94962308436 
16.94 	 40839.31626455831 
16.96 	 41724.62997400682 
16.98 	 42405.07198446727 
17.0 	 42828.60613411697 
17.02 	 42974.857534709074 
17.04 	 42828.112309667726 
17.06 	 42385.87732415457 
17.08 	 41676.94187984382 
17.1 	 40719.298988202674 
17.12 	 39580.20385735767 
17.14 	 38292.75200111027 
17.16 	 36943.87138526589 
17.18 	 35569.93090366148 
17.2 	 34253.591950680646 
17.22 	 33021.19217660278 
17.24 	 31931.609344840916 
17.26 	 30992.175173337226 
17.28 	 30229.306339740004 
17.3 	 29630.05716378602 
17.32 	 29191.301367900687 
17.34 	 28885.629182286808 
17.36 	 28691.042130314014 
17.38 	 28574.975351535893 
17.4 	 28509.46806023684 
17.42 	 28465.455183245427 
17.44 	 28419.591479874864 
17.46 	 28351.59412350113 
17.48 	 28248.617907407126 
17.5 	 28100.43275960903 
17.52 	 27905.743919808974 
17.54 	 27662.575226232206 
17.56 	 27378.751921911135 
17.58 	 27057.27347407234 
17.6 	 26711.07463394112 
17.62 	 26344.821900079223 
17.64 	 25972.633168460456 
17.66 	 25598.40498641499 
17.68 	 25234.599889015295 
17.7 	 24883.074446791652 
17.72 	 24553.174894359814 
17.74 	 24244.45438389086 
17.76 	 23962.834864840068 
17.78 	 23705.925863827993 
17.8 	 23476.62627465031 
17.82 	 23271.197460866973 
17.84 	 23090.21372872173 
17.86 	 22929.1615291758 
17.88 	 22787.027262887637 
17.9 	 22658.964887370257 
17.92 	 22543.03186017215 
17.94 	 22434.344125781416 
17.96 	 22330.57280343068 
17.98 	 22226.959649414446 
18.0 	 22121.21410128471 
18.02 	 22008.776160421363 
18.04 	 21887.732996684812 
18.06 	 21753.76830442805 
18.08 	 21605.65303138653 
18.1 	 21439.391580072534 
18.12 	 21254.72896852494 
18.14 	 21048.09623708259 
18.16 	 20820.4275822103 
18.18 	 20568.639091968642 
18.2 	 20294.891377124473 
18.22 	 19996.51290153085 
18.24 	 19676.70304376269 
18.26 	 19333.00095225113 
18.28 	 18969.31249289689 
18.3 	 18583.171641141853 
18.32 	 18178.890103978956 
18.34 	 17753.925032268242 
18.36 	 17312.88482989541 
18.38 	 16853.31629986599 
18.4 	 16380.246327854627 
18.42 	 15891.679025171366 
18.44 	 15393.303819778192 
18.46 	 14883.991765952835 
18.48 	 14370.257367610086 
18.5 	 13852.077711878279 
18.52 	 13336.675218566526 
18.54 	 12825.036045358287 
18.56 	 12324.610355394943 
18.58 	 11836.937864031852 
18.6 	 11368.953731718075 
18.62 	 10922.096357681092 
18.64 	 10502.041081390062 
18.66 	 10109.548102966699 
18.68 	 9748.580006247457 
18.7 	 9418.968067417976 
18.72 	 9122.966985693372 
18.74 	 8859.634849570675 
18.76 	 8629.93095517935 
18.78 	 8432.581587407125 
18.8 	 8267.847923688672 
18.82 	 8134.617871904293 
18.84 	 8032.975251096485 
18.86 	 7962.304626426368 
18.88 	 7922.783488930464 
18.9 	 7914.373112989583 
18.92 	 7937.32936949303 
18.94 	 7992.0403125605835 
18.96 	 8078.610685562761 
18.98 	 8197.577443177825 
19.0 	 8348.579653405362 
19.02 	 8532.036034141767 
19.04 	 8746.881022215644 
19.06 	 8993.328951165096 
19.08 	 9269.644616699934 
19.1 	 9576.146490374405 
19.12 	 9910.97058914741 
19.14 	 10275.476522537814 
19.16 	 10668.91379346471 
19.18 	 11095.40521024211 
19.2 	 11557.267560522625 
19.22 	 12063.823788084788 
19.24 	 12622.78039586357 
19.26 	 13251.398815116021 
19.28 	 13964.685642578821 
19.3 	 14790.133302429263 
19.32 	 15750.39161070886 
19.34 	 16884.12131850838 
19.36 	 18219.061948211813 
19.38 	 19803.85940135449 
19.4 	 21664.694644101506 
19.42 	 23856.658754393804 
19.44 	 26393.003357057412 
19.46 	 29330.02970937323 
19.48 	 32652.53024726125 
19.5 	 36412.77956066647 
19.52 	 40549.85300104438 
19.54 	 45109.05603051521 
19.56 	 49969.343031974175 
19.58 	 55170.18889178404 
19.6 	 60524.89109233528 
19.62 	 66072.27610433428 
19.64 	 71568.75206765863 
19.66 	 77059.34865248846 
19.68 	 82268.73376200475 
19.7 	 87252.95547505493 
19.72 	 91743.02578615666 
19.74 	 95805.85541165528 
19.76 	 99220.87064724027 
19.78 	 102060.32010020524 
19.8 	 104186.48995259163 
19.82 	 105668.35628071227 
19.84 	 106468.18487281015 
19.86 	 106643.45029878279 
19.88 	 106252.31499673566 
19.9 	 105335.60602970175 
19.92 	 104025.18100171734 
19.94 	 102344.00461927099 
19.96 	 100465.30702344455 
19.98 	 98396.0959737466 
20.0 	 96317.657952026 
20.02 	 94224.51893118628 
20.04 	 92278.57897473047 
20.06 	 90465.45877045277 
20.08 	 88909.16447880818 
20.1 	 87589.06600279683 
20.12 	 86581.49412551877 
20.14 	 85860.84075557049 
20.16 	 85453.08733053312 
20.18 	 85327.81349288355 
20.2 	 85463.99372508597 
20.22 	 85826.56595142155 
20.24 	 86357.05563799312 
20.26 	 87017.48652650836 
20.28 	 87728.18642736257 
20.3 	 88452.5253440707 
20.32 	 89111.18566071939 
20.34 	 89675.02001765306 
20.36 	 90087.15574210967 
20.38 	 90331.45707658438 
20.4 	 90388.92908161458 
20.42 	 90258.18039167368 
20.44 	 89960.78034102237 
20.46 	 89506.10480523914 
20.48 	 88945.25050772661 
20.5 	 88289.6587236821 
20.52 	 87600.68261081607 
20.54 	 86882.26129798828 
20.56 	 86187.71302374627 
20.58 	 85507.76425971488 
20.6 	 84878.20152140167 
20.62 	 84277.48891651776 
20.64 	 83725.58617166609 
20.66 	 83195.58942847612 
20.68 	 82701.00517488168 
20.7 	 82218.77469773714 
20.72 	 81766.20734747274 
20.74 	 81331.26646009444 
20.76 	 80940.02898589469 
20.78 	 80593.74352872712 
20.8 	 80324.22069263109 
20.82 	 80142.97432588701 
20.84 	 80077.90855540145 
20.86 	 80144.2285815268 
20.88 	 80353.78437431183 
20.9 	 80717.90812789323 
20.92 	 81222.41851983304 
20.94 	 81868.4273070434 
20.96 	 82611.66818493346 
20.98 	 83439.267274559 
21.0 	 84281.05801090765 
21.02 	 85109.67645442217 
21.04 	 85842.17027165061 
21.06 	 86439.68752650377 
21.08 	 86827.03360093388 
21.1 	 86960.1008189232 
21.12 	 86795.00380010728 
21.14 	 86290.63971755595 
21.16 	 85453.88508080353 
21.18 	 84254.5223969974 
21.2 	 82757.89532889855 
21.22 	 80948.960002771 
21.24 	 78942.9121768335 
21.26 	 76737.9364739232 
21.28 	 74475.70399731517 
21.3 	 72159.23444482773 
21.32 	 69926.38757529059 
21.34 	 67773.35946175628 
21.36 	 65807.77662219008 
21.38 	 64009.51400090706 
21.4 	 62442.10140748251 
21.42 	 61066.48489816243 
21.44 	 59903.78574178416 
21.46 	 58901.61805400596 
21.48 	 58052.761862699444 
21.5 	 57302.65080052842 
21.52 	 56635.097798969575 
21.54 	 56005.225601219194 
21.56 	 55404.92968527559 
21.58 	 54807.196792681396 
21.6 	 54221.35844390033 
21.62 	 53640.49935942998 
21.64 	 53091.27244125692 
21.66 	 52583.29512956319 
21.68 	 52152.49122652115 
21.7 	 51817.3844711365 
21.72 	 51610.719631153275 
21.74 	 51550.6858714455 
21.76 	 51654.18841130442 
21.78 	 51930.8615811373 
21.8 	 52372.84808745957 
21.82 	 52976.460564920344 
21.84 	 53706.93773344667 
21.86 	 54547.51575116015 
21.88 	 55442.46412113651 
21.9 	 56367.05193654242 
21.92 	 57257.275958143655 
21.94 	 58088.25908264372 
21.96 	 58803.18510536163 
21.98 	 59384.19668858566 
22.0 	 59794.56476400508 
22.02 	 60027.00719447161 
22.04 	 60070.98988341998 
22.06 	 59928.68724444201 
22.08 	 59613.97289612368 
22.1 	 59133.891903717886 
22.12 	 58519.30950101383 
22.14 	 57776.623675202005 
22.16 	 56944.58411849941 
22.18 	 56024.79800214466 
22.2 	 55056.42294912915 
22.22 	 54034.50890001754 
22.24 	 52994.227532813704 
22.26 	 51924.41609137659 
22.28 	 50854.80728773893 
22.3 	 49769.73922044532 
22.32 	 48694.233130113964 
22.34 	 47610.648080269544 
22.36 	 46541.3989497978 
22.38 	 45469.78195989162 
22.4 	 44418.14476587433 
22.42 	 43373.36690600702 
22.44 	 42359.459601635564 
22.46 	 41368.28284627317 
22.48 	 40425.30456865053 
22.5 	 39526.81343075986 
22.52 	 38697.391261180346 
22.54 	 37935.55561970934 
22.56 	 37261.64235493581 
22.58 	 36673.88009109852 
22.6 	 36185.78167713208 
22.62 	 35793.921345241026 
22.64 	 35504.40304146813 
22.66 	 35312.45201522808 
22.68 	 35217.95895032802 
22.7 	 35216.0486394022 
22.72 	 35302.114683937994 
22.74 	 35472.194371683945 
22.76 	 35718.33182344907 
22.78 	 36037.76471299437 
22.8 	 36419.79471883875 
22.82 	 36863.02016450957 
22.84 	 37354.990703571086 
22.86 	 37896.650402863954 
22.88 	 38475.80693916607 
22.9 	 39097.70921933212 
22.92 	 39752.80037660437 
22.94 	 40452.47513812694 
22.96 	 41190.83658393006 
22.98 	 41985.60396790358 
23.0 	 42832.803888207534 
23.02 	 43754.38348981063 
23.04 	 44744.07359065792 
23.06 	 45824.74052045411 
23.08 	 46983.18953443631 
23.1 	 48240.79206255384 
23.12 	 49574.87449227665 
23.14 	 51005.35957778995 
23.16 	 52500.69281190451 
23.18 	 54081.60871132083 
23.2 	 55710.26808682838 
23.22 	 57410.740551380484 
23.24 	 59141.03022329909 
23.26 	 60929.15661095229 
23.28 	 62728.89914626032 
23.3 	 64570.31819830583 
23.32 	 66401.35264136539 
23.34 	 68251.27585729375 
23.36 	 70061.83160720182 
23.38 	 71860.47669840773 
23.4 	 73586.43778680623 
23.42 	 75267.78958741778 
23.44 	 76849.04929816963 
23.46 	 78363.89384864297 
23.48 	 79770.62022577682 
23.5 	 81112.9785517384 
23.52 	 82367.13967389132 
23.54 	 83587.83841957385 
23.56 	 84765.56017543822 
23.58 	 85962.55313944854 
23.6 	 87173.24745942662 
23.62 	 88461.41344840422 
23.64 	 89812.50745897507 
23.66 	 91286.28195755892 
23.68 	 92848.58467280728 
23.7 	 94552.0173463059 
23.72 	 96337.43414595828 
23.74 	 98249.68668081397 
23.76 	 100205.29674775875 
23.78 	 102242.47018892087 
23.8 	 104259.87019851095 
23.82 	 106291.31783677347 
23.84 	 108229.27311216001 
23.86 	 110106.52108861374 
23.88 	 111824.40329051009 
23.9 	 113418.68867148145 
23.92 	 114814.31773723695 
23.94 	 116053.33289024151 
23.96 	 117093.41831176521 
23.98 	 117983.5382225987 
24.0 	 118713.55251765472 
24.02 	 119336.20132952587 
24.04 	 119862.7904324367 
24.06 	 120343.44738428295 
24.08 	 120793.979466371 
24.1 	 121254.40037020194 
24.12 	 121728.48739698587 
24.14 	 122240.24582666976 
24.16 	 122771.764880371 
24.18 	 123328.96469509015 
24.2 	 123873.3566002942 
24.22 	 124395.49326414973 
24.24 	 124848.1783130724 
24.26 	 125213.49103374455 
24.28 	 125453.94684885726 
24.3 	 125551.97331008238 
24.32 	 125497.35512430906 
24.34 	 125280.2631071816 
24.36 	 124926.53081347195 
24.38 	 124436.86730899183 
24.4 	 123868.50032507587 
24.42 	 123229.53792285424 
24.44 	 122591.87839153204 
24.46 	 121963.45741531136 
24.48 	 121409.07930676122 
24.5 	 120928.23851721686 
24.52 	 120560.94977062618 
24.54 	 120293.2235932973 
24.56 	 120133.35625718601 
24.58 	 120054.08198162525 
24.6 	 120037.46369797442 
24.62 	 120047.84686294573 
24.64 	 120055.77449049527 
24.66 	 120024.4806104613 
24.68 	 119930.97345988279 
24.7 	 119744.43751176722 
24.72 	 119463.23139055894 
24.74 	 119067.2948737887 
24.76 	 118583.17098319752 
24.78 	 118002.81999897519 
24.8 	 117377.48300988802 
24.82 	 116708.38512603253 
24.84 	 116058.773556534 
24.86 	 115432.9411354234 
24.88 	 114888.58415201955 
24.9 	 114425.2670844404 
24.92 	 114078.96862363497 
24.94 	 113837.83164211553 
24.96 	 113707.3131881312 
24.98 	 113661.01482757663 
25.0 	 113675.90958499283 
25.02 	 113712.59966387213 
25.04 	 113732.15502372207 
25.06 	 113687.64832547988 
25.08 	 113543.38658738612 
25.1 	 113252.22955152772 
25.12 	 112801.0896648207 
25.14 	 112149.26216549662 
25.16 	 111319.28570277055 
25.18 	 110280.67670500718 
25.2 	 109093.67892796788 
25.22 	 107737.52610373087 
25.24 	 106300.38140266848 
25.26 	 104766.16093511452 
25.28 	 103232.62837526534 
25.3 	 101680.25319379267 
25.32 	 100196.22739911173 
25.34 	 98749.50999238086 
25.36 	 97402.31657614201 
25.38 	 96107.86039167404 
25.4 	 94900.06411190859 
25.42 	 93718.24826313125 
25.44 	 92576.23411517279 
25.46 	 91406.4844979743 
25.48 	 90217.64275368801 
25.5 	 88943.80529373506 
25.52 	 87602.74305022611 
25.54 	 86136.01478597759 
25.56 	 84578.45685969047 
25.58 	 82880.47855569536 
25.6 	 81094.3308148686 
25.62 	 79177.62998113097 
25.64 	 77195.6807619977 
25.66 	 75111.52666281113 
25.68 	 72998.24001324232 
25.7 	 70824.08024475601 
25.72 	 68665.35476101183 
25.74 	 66496.17561252779 
25.76 	 64391.56427656816 
25.78 	 62331.00039664464 
25.8 	 60382.64293796778 
25.82 	 58528.75727858759 
25.84 	 56824.62864441555 
25.86 	 55251.746934439594 
25.88 	 53848.32473555936 
25.9 	 52592.80246395048 
25.92 	 51505.9841996722 
25.94 	 50563.78338804061 
25.96 	 49773.27870697506 
25.98 	 49110.80718069335 
26.0 	 48575.532677767405 
26.02 	 48147.77286365372 
26.04 	 47824.04985027586 
26.06 	 47590.91485356954 
26.08 	 47445.126061466246 
26.1 	 47379.610732720124 
26.12 	 47391.659967934625 
26.14 	 47479.237810538645 
26.16 	 47639.16655925738 
26.18 	 47873.13449580508 
26.2 	 48176.9418572122 
26.22 	 48556.08625212191 
26.24 	 49006.251579956464 
26.26 	 49538.55598551868 
26.28 	 50150.45285395357 
26.3 	 50861.193575916164 
26.32 	 51671.013365494015 
26.34 	 52608.60676417189 
26.36 	 53674.887096547 
26.38 	 54906.382371664324 
26.4 	 56298.26008272647 
26.42 	 57889.9802643027 
26.44 	 59661.22790975417 
26.46 	 61647.78204945145 
26.48 	 63804.243104093366 
26.5 	 66157.4770256875 
26.52 	 68632.32478657778 
26.54 	 71246.00630633245 
26.56 	 73897.78635710204 
26.58 	 76600.31645135101 
26.6 	 79240.97888969189 
26.62 	 81837.17102224399 
26.64 	 84283.70110022722 
26.66 	 86612.2481626292 
26.68 	 88742.55207936528 
26.7 	 90725.73003636628 
26.72 	 92514.56887497584 
26.74 	 94177.5446421406 
26.76 	 95695.51613747637 
26.78 	 97145.43472172867 
26.8 	 98520.54274703468 
26.82 	 99894.09141593463 
26.84 	 101252.46973081947 
26.86 	 102654.40595802193 
26.88 	 104064.74817645397 
26.9 	 105521.57691897998 
26.92 	 106963.43545492219 
26.94 	 108407.14096515844 
26.96 	 109771.37713995228 
26.98 	 111055.41166460628 
27.0 	 112173.59808315591 
27.02 	 113113.82694365132 
27.04 	 113806.30415326812 
27.06 	 114234.2986475377 
27.08 	 114362.71501875806 
27.1 	 114175.54849789405 
27.12 	 113683.53961462091 
27.14 	 112873.32872207015 
27.16 	 111800.58190968435 
27.18 	 110452.03564376954 
27.2 	 108915.71931252677 
27.22 	 107172.66686002436 
27.24 	 105324.7745259134 
27.26 	 103341.7994990187 
27.28 	 101323.25099595162 
27.3 	 99226.0534043403 
27.32 	 97139.21734004858 
27.34 	 95010.77422483725 
27.36 	 92919.6635849975 
27.38 	 90812.40576224448 
27.4 	 88762.23616962213 
27.42 	 86720.63818926332 
27.44 	 84757.46154712365 
27.46 	 82830.88446934207 
27.48 	 81004.35129505469 
27.5 	 79238.88176796622 
27.52 	 77584.55392345207 
27.54 	 75998.52024878426 
27.56 	 74511.54917239764 
27.58 	 73072.02171114637 
27.6 	 71691.668444464 
27.62 	 70310.76561298221 
27.64 	 68930.5215162494 
27.66 	 67489.97109036907 
27.68 	 65993.92803257142 
27.7 	 64390.385421962266 
27.72 	 62701.43023499185 
27.74 	 60892.82273143051 
27.76 	 59010.824678329394 
27.78 	 57042.31844494348 
27.8 	 55054.69956732195 
27.82 	 53052.49854774702 
27.84 	 51112.78376912581 
27.86 	 49249.257659204784 
27.88 	 47533.88965860044 
27.9 	 45979.933817612735 
27.92 	 44641.93834351395 
27.94 	 43525.74630604177 
27.96 	 42662.23996515633 
27.98 	 42047.53764419763 
28.0 	 41689.09831591482 
28.02 	 41575.296759776975 
28.04 	 41694.80646325577 
28.06 	 42032.50869287315 
28.08 	 42564.28898851002 
28.1 	 43275.588834705464 
28.12 	 44134.32949020387 
28.14 	 45128.614005172836 
28.16 	 46220.941845022884 
28.18 	 47401.881017490115 
28.2 	 48629.39214270751 
28.22 	 49895.1257601577 
28.24 	 51153.62291944722 
28.26 	 52396.90758277845 
28.28 	 53579.40214723812 
28.3 	 54694.84821577441 
28.32 	 55703.54672664243 
28.34 	 56604.22270254108 
28.36 	 57370.08141903582 
28.38 	 58008.29904313092 
28.4 	 58509.88731178442 
28.42 	 58891.86632196571 
28.44 	 59163.04898732699 
28.46 	 59348.238772072145 
28.48 	 59468.48878095797 
28.5 	 59551.26775394397 
28.52 	 59620.68915304626 
28.54 	 59700.62728993795 
28.56 	 59808.88769594188 
28.58 	 59960.67698739061 
28.6 	 60161.10531532949 
28.62 	 60414.40196505046 
28.64 	 60711.21328506772 
28.66 	 61045.52853181271 
28.68 	 61396.24025541242 
28.7 	 61750.08031683265 
28.72 	 62079.995214873445 
28.74 	 62369.42377182658 
28.76 	 62592.41689014326 
28.78 	 62732.92647224867 
28.8 	 62772.65335784898 
28.82 	 62698.97456770147 
28.84 	 62505.9316461667 
28.86 	 62185.989180662 
28.88 	 61747.515720201605 
28.9 	 61188.355344401396 
28.92 	 60530.1968251665 
28.94 	 59775.22518567679 
28.96 	 58954.793649926614 
28.98 	 58073.315984849505 
29.0 	 57166.48244694894 
29.02 	 56238.299844782385 
29.04 	 55323.2103405235 
29.06 	 54422.43497732865 
29.08 	 53564.75974956785 
29.1 	 52747.25520112787 
29.12 	 51990.7920444598 
29.14 	 51288.35319950803 
29.16 	 50652.980401439934 
29.18 	 50074.945077762364 
29.2 	 49561.32606598427 
29.22 	 49101.79618440967 
29.24 	 48700.09129524446 
29.26 	 48347.352901200495 
29.28 	 48046.27078556889 
29.3 	 47790.780082007564 
29.32 	 47583.714768597056 
29.34 	 47421.9926262927 
29.36 	 47308.39901475514 
29.38 	 47241.92288931913 
29.4 	 47224.0368338359 
29.42 	 47254.27723958442 
29.44 	 47331.278106517144 
29.46 	 47453.78481652929 
29.48 	 47616.79135003846 
29.5 	 47817.858884025445 
29.52 	 48048.93158016231 
29.54 	 48307.23754437076 
29.56 	 48583.58166484567 
29.58 	 48876.56154840312 
29.6 	 49178.21670660549 
29.62 	 49490.14481895812 
29.64 	 49807.236447592564 
29.66 	 50134.6919195719 
29.68 	 50470.20347691652 
29.7 	 50821.707409674724 
29.72 	 51187.92568085948 
29.74 	 51577.54570644376 
29.76 	 51987.706199166016 
29.78 	 52425.737735716575 
29.8 	 52885.139522959194 
29.82 	 53370.794272611674 
29.84 	 53872.258151220245 
29.86 	 54392.578030834375 
29.88 	 54919.15234221748 
29.9 	 55455.33387858524 
29.92 	 55989.438613402635 
29.94 	 56527.75213699127 
29.96 	 57062.205264773016 
29.98 	 57603.62114650456 
30.0 	 58148.06728452628 
30.02 	 58710.19876245316 
30.04 	 59287.569448748756 
30.06 	 59895.2636236473 
30.08 	 60527.01021161247 
30.1 	 61193.10875500004 
30.12 	 61877.61333244396 
30.14 	 62580.999775264056 
30.16 	 63274.328340925946 
30.18 	 63945.73773974341 
30.2 	 64555.24267131161 
30.22 	 65080.3220203882 
30.24 	 65478.11082716787 
30.26 	 65721.3526677054 
30.28 	 65776.8717109846 
30.3 	 65620.95679333447 
30.32 	 65242.67954174465 
30.34 	 64629.20370640059 
30.36 	 63799.023914495316 
30.38 	 62753.19299982248 
30.4 	 61537.71011868345 
30.42 	 60164.48524257452 
30.44 	 58696.167384233806 
30.46 	 57147.49004517302 
30.48 	 55582.26016668672 
30.5 	 54008.56914042338 
30.52 	 52477.60939255821 
30.54 	 50984.284009857154 
30.56 	 49560.30227035864 
30.58 	 48186.59668891708 
30.6 	 46877.02866276026 
30.62 	 45603.4514941352 
30.64 	 44369.69649660038 
30.66 	 43146.32630800084 
30.68 	 41936.50859393022 
30.7 	 40716.37953884903 
30.72 	 39494.888001006366 
30.74 	 38256.83069700644 
30.76 	 37018.23329179014 
30.78 	 35771.298995915546 
30.8 	 34536.03336777418 
30.82 	 33308.181537810706 
30.84 	 32107.100685646907 
30.86 	 30928.383686201698 
30.88 	 29787.61827811959 
30.9 	 28678.825191586293 
30.92 	 27613.650929607247 
30.94 	 26585.688680061787 
30.96 	 25604.71307238573 
30.98 	 24666.1988379179 
31.0 	 23780.356010198837 
31.02 	 22946.08504366313 
31.04 	 22174.779242628007 
31.06 	 21468.383359421554 
31.08 	 20838.15066051492 
31.1 	 20286.95430649714 
31.12 	 19823.35702132197 
31.14 	 19448.504622078635 
31.16 	 19165.946438691422 
31.18 	 18973.253289006298 
31.2 	 18868.028085089773 
31.22 	 18844.000097139713 
31.24 	 18893.641152241034 
31.26 	 19008.102185421714 
31.28 	 19176.85578657787 
31.3 	 19390.590435818307 
31.32 	 19638.353020935552 
31.34 	 19912.448551507703 
31.36 	 20203.630129065128 
31.38 	 20507.16707695907 
31.4 	 20816.671505575745 
31.42 	 21130.75362855811 
31.44 	 21446.02922654476 
31.46 	 21764.08882001403 
31.48 	 22084.067637013428 
31.5 	 22409.91527483574 
31.52 	 22742.64169064922 
31.54 	 23088.042602335692 
31.56 	 23448.42401450942 
31.58 	 23831.060536761932 
31.6 	 24238.934200189393 
31.62 	 24680.359626645357 
31.64 	 25158.111473992423 
31.66 	 25680.86757279416 
31.68 	 26250.039559230834 
31.7 	 26873.88966336943 
31.72 	 27551.36268168412 
31.74 	 28289.80703225533 
31.76 	 29085.07576661371 
31.78 	 29943.672747139393 
31.8 	 30858.34419756077 
31.82 	 31835.24329767845 
31.84 	 32864.234792975076 
31.86 	 33951.46599870292 
31.88 	 35083.744386186 
31.9 	 36266.80042695492 
31.92 	 37483.44186937902 
31.94 	 38737.6978777546 
31.96 	 40007.039597591516 
31.98 	 41292.2399446001 
32.0 	 42564.78685531111 
32.02 	 43821.41033940033 
32.04 	 45028.870439937855 
32.06 	 46180.66634928168 
32.08 	 47242.52030248831 
32.1 	 48207.16683159227 
32.12 	 49044.77360841045 
32.14 	 49750.61107089826 
32.16 	 50304.91914170438 
32.18 	 50708.37186144153 
32.2 	 50955.149812957905 
32.22 	 51052.71101216151 
32.24 	 51010.02283277675 
32.26 	 50840.85150302796 
32.28 	 50566.645786825175 
32.3 	 50205.49598340022 
32.32 	 49786.74243281389 
32.34 	 49330.025560176546 
32.36 	 48866.99039147125 
32.38 	 48415.932164156024 
32.4 	 48005.353790840636 
32.42 	 47649.59661460662 
32.44 	 47369.45948755313 
32.46 	 47173.21003115378 
32.48 	 47070.693758003916 
32.5 	 47062.621511994694 
32.52 	 47146.22455500051 
32.54 	 47313.970602343856 
32.56 	 47550.606804035415 
32.58 	 47840.60556992224 
32.6 	 48158.274841237064 
32.62 	 48481.359490199495 
32.64 	 48777.70301263038 
32.66 	 49020.662917021946 
32.68 	 49177.35031832775 
32.7 	 49220.134648866784 
32.72 	 49122.32688861034 
32.74 	 48859.50860151132 
32.76 	 48418.145358717964 
32.78 	 47781.30016542314 
32.8 	 46953.78487355991 
32.82 	 45929.27335928112 
32.84 	 44732.484045308134 
32.86 	 43368.42582903996 
32.88 	 41878.63068374121 
32.9 	 40277.15168207779 
32.92 	 38615.19320155107 
32.94 	 36911.13998278217 
32.96 	 35216.91916902628 
32.98 	 33549.83229315659 
33.0 	 31954.72031174172 
33.02 	 30443.756411453844 
33.04 	 29050.33096680248 
33.06 	 27780.2049290323 
33.08 	 26655.07978853323 
33.1 	 25675.84484596985 
33.12 	 24855.38049861399 
33.14 	 24192.91327748306 
33.16 	 23696.48034865029 
33.18 	 23366.849337211308 
33.2 	 23210.31067497481 
33.22 	 23230.961753969357 
33.24 	 23434.254767003546 
33.26 	 23827.278463672457 
33.28 	 24412.944936036794 
33.3 	 25198.913787492223 
33.32 	 26181.645240426755 
33.34 	 27365.594265640262 
33.36 	 28735.824995610335 
33.38 	 30289.78877991772 
33.4 	 31997.06348470683 
33.42 	 33845.95434751474 
33.44 	 35789.499372757935 
33.46 	 37807.7613231377 
33.48 	 39840.787504762295 
33.5 	 41864.61987850344 
33.52 	 43814.39609541619 
33.54 	 45668.40906765993 
33.56 	 47367.41331586755 
33.58 	 48897.91195480537 
33.6 	 50215.88115043987 
33.62 	 51319.37213304837 
33.64 	 52185.17240665975 
33.66 	 52822.48846611093 
33.68 	 53229.13256684028 
33.7 	 53421.88335419649 
33.72 	 53415.2654247055 
33.74 	 53228.60091850965 
33.76 	 52886.629919251835 
33.78 	 52406.69454946579 
33.8 	 51817.52889440137 
33.82 	 51131.6854116737 
33.84 	 50377.38258129275 
33.86 	 49561.36088104213 
33.88 	 48708.646327411734 
33.9 	 47820.18810571924 
33.92 	 46916.3458878897 
33.94 	 45992.54212128522 
33.96 	 45063.700991089194 
33.98 	 44120.03493848026 
34.0 	 43171.101827098195 
34.02 	 42202.7647465405 
34.04 	 41220.641844148675 
34.06 	 40208.26232729331 
34.08 	 39170.25144611512 
34.1 	 38090.96601958936 
34.12 	 36977.75351802426 
34.14 	 35819.19585761402 
34.16 	 34628.34612805459 
34.18 	 33400.2710595266 
34.2 	 32154.554051891235 
34.22 	 30892.856031015428 
34.24 	 29639.457368566185 
34.26 	 28400.51161247527 
34.28 	 27201.194884644163 
34.3 	 26048.70695823165 
34.32 	 24964.782509514505 
34.34 	 23954.150173251306 
34.36 	 23031.661032941982 
34.38 	 22197.084765789692 
34.4 	 21456.749598326904 
34.42 	 20804.628333217104 
34.44 	 20238.965852138877 
34.46 	 19748.87550458724 
34.48 	 19326.815426612793 
34.5 	 18959.470132590308 
34.52 	 18637.07205837326 
34.54 	 18347.162995731156 
34.56 	 18081.66718955171 
34.58 	 17832.1939459842 
34.6 	 17595.528437895988 
34.62 	 17369.46066708578 
34.64 	 17157.064887114608 
34.66 	 16962.59181799915 
34.68 	 16794.64182932143 
34.7 	 16662.301885451037 
34.72 	 16577.12168474568 
34.74 	 16550.2011834082 
34.76 	 16592.728167219197 
34.78 	 16714.95277352728 
34.8 	 16924.876365646596 
34.82 	 17229.966363694562 
34.84 	 17633.373790971138 
34.86 	 18138.9945512836 
34.88 	 18744.40995816251 
34.9 	 19449.70384753353 
34.92 	 20246.31595463314 
34.94 	 21129.98931638201 
34.96 	 22085.026054869017 
34.98 	 23101.746483457573 
35.0 	 24156.262338358792 
35.02 	 25232.54689641084 
35.04 	 26298.719335485228 
35.06 	 27332.928079391604 
35.08 	 28298.156051006496 
35.1 	 29169.605101737783 
35.12 	 29911.01109055172 
35.14 	 30499.59827312923 
35.16 	 30907.522270574653 
35.18 	 31119.61311734046 
35.2 	 31123.41353058754 
35.22 	 30915.58537295271 
35.24 	 30502.786581483542 
35.26 	 29894.843840637885 
35.28 	 29116.591107606735 
35.3 	 28188.947232741997 
35.32 	 27149.54287911937 
35.34 	 26025.481857404542 
35.36 	 24859.021273980594 
35.38 	 23677.071615673824 
35.4 	 22517.91851199389 
35.42 	 21402.175673453017 
35.44 	 20357.429165050915 
35.46 	 19393.852322640796 
35.48 	 18525.086356942582 
35.5 	 17749.828696802884 
35.52 	 17068.551768765712 
35.54 	 16470.745193720075 
35.56 	 15947.854306893092 
35.58 	 15484.831762384194 
35.6 	 15069.966907289914 
35.62 	 14689.038666728207 
35.64 	 14332.71085069611 
35.66 	 13991.77124408315 
35.68 	 13662.666794061137 
35.7 	 13342.877663877847 
35.72 	 13035.0466788218 
35.74 	 12742.230855639424 
35.76 	 12470.973076321796 
35.78 	 12226.746813478261 
35.8 	 12016.23977553887 
35.82 	 11843.583216756902 
35.84 	 11712.064335503937 
35.86 	 11621.667761212952 
35.88 	 11570.38284549033 
35.9 	 11553.264838025416 
35.92 	 11563.437610740617 
35.94 	 11592.456336066165 
35.96 	 11631.0405637618 
35.98 	 11670.155939596676 
36.0 	 11701.48428532312 
36.02 	 11718.486013355689 
36.04 	 11716.643052186935 
36.06 	 11693.891351453476 
36.08 	 11650.733404246117 
36.1 	 11589.787885355461 
36.12 	 11515.9014057625 
36.14 	 11434.973443141784 
36.16 	 11354.154347996018 
36.18 	 11280.375992948728 
36.2 	 11220.616138343456 
36.22 	 11180.621187674256 
36.24 	 11165.118349557164 
36.26 	 11177.120950468003 
36.28 	 11217.953778380976 
36.3 	 11287.387781116235 
36.32 	 11383.409999796895 
36.34 	 11503.277407515188 
36.36 	 11643.0252323649 
36.38 	 11799.33507287231 
36.4 	 11968.745928609644 
36.42 	 12150.027314836047 
36.44 	 12342.937262549742 
36.46 	 12550.710789370154 
36.48 	 12778.083894084253 
36.5 	 13033.692687872828 
36.52 	 13327.01969441872 
36.54 	 13670.941151277268 
36.56 	 14077.219693640163 
36.58 	 14559.952199502115 
36.6 	 15129.137151514124 
36.62 	 15796.15096080563 
36.64 	 16564.730660416924 
36.66 	 17439.757923571666 
36.68 	 18414.842453484067 
36.7 	 19485.632695256078 
36.72 	 20633.291091544506 
36.74 	 21843.214337338002 
36.76 	 23084.246738514503 
36.78 	 24332.86388106233 
36.8 	 25548.991619529428 
36.82 	 26704.220632014873 
36.84 	 27756.37578744397 
36.86 	 28678.43624680557 
36.88 	 29435.109735076323 
36.9 	 30007.644723523445 
36.92 	 30376.079255410732 
36.94 	 30535.047443897212 
36.96 	 30484.71075772649 
36.98 	 30234.432373136668 
37.0 	 29803.717459324704 
37.02 	 29213.66659854672 
37.04 	 28497.130734666156 
37.06 	 27680.80095583633 
37.08 	 26802.04525136367 
37.1 	 25886.10448026481 
37.12 	 24966.318567271526 
37.14 	 24060.796868334608 
37.16 	 23193.035649281857 
37.18 	 22371.119407181246 
37.2 	 21606.691838563896 
37.22 	 20898.060360371222 
37.24 	 20246.566839440216 
37.26 	 19643.547093492674 
37.28 	 19083.966490559855 
37.3 	 18556.310464185826 
37.32 	 18053.795767731543 
37.34 	 17565.977093395024 
37.36 	 17088.01537535021 
37.38 	 16612.990347408715 
37.4 	 16139.742312024826 
37.42 	 15665.380921115426 
37.44 	 15192.182682710063 
37.46 	 14720.300399955353 
37.48 	 14254.08712286695 
37.5 	 13795.294203368596 
37.52 	 13348.993667280782 
37.54 	 12917.537068814507 
37.56 	 12506.013643513876 
37.58 	 12117.056630114937 
37.6 	 11755.607775992412 
37.62 	 11424.506995644653 
37.64 	 11128.31924983588 
37.66 	 10869.644518355353 
37.68 	 10651.897174399279 
37.7 	 10476.387295586523 
37.72 	 10344.13294389192 
37.74 	 10253.857821332675 
37.76 	 10203.053091365975 
37.78 	 10187.003250387104 
37.8 	 10199.349477954609 
37.82 	 10232.087915965776 
37.84 	 10275.857489463071 
37.86 	 10320.62945039756 
37.88 	 10355.91473118201 
37.9 	 10371.67788507259 
37.92 	 10358.657609799206 
37.94 	 10308.961820656308 
37.96 	 10216.689502611787 
37.98 	 10077.728600479968 
38.0 	 9890.817046024189 
38.02 	 9656.267989633207 
38.04 	 9377.511959601636 
38.06 	 9058.767569458785 
38.08 	 8707.006491344731 
38.1 	 8328.877980766925 
38.12 	 7932.97557867608 
38.14 	 7526.500616436414 
38.16 	 7117.69136551373 
38.18 	 6712.708791451029 
38.2 	 6318.091690692106 
38.22 	 5938.188691215663 
38.24 	 5577.503349586816 
38.26 	 5238.771821277731 
38.28 	 4925.0576516467745 
38.3 	 4638.387071210142 
38.32 	 4381.457917438742 
38.34 	 4156.6528916991765 
38.36 	 3967.2530105687897 
38.38 	 3816.6564238490378 
38.4 	 3709.035422938563 
38.42 	 3648.665046339464 
38.44 	 3640.0247379495577 
38.46 	 3687.252646369934 
38.48 	 3793.750463675873 
38.5 	 3961.8974917817777 
38.52 	 4192.246168219379 
38.54 	 4483.726315155672 
38.56 	 4832.5029022315675 
38.58 	 5232.9404628893335 
38.6 	 5676.145839185294 
38.62 	 6151.9077587662505 
38.64 	 6646.912318560586 
38.66 	 7147.69908707311 
38.68 	 7638.56699522715 
38.7 	 8105.30998050454 
38.72 	 8532.931058020142 
38.74 	 8909.610593146019 
38.76 	 9224.456124906279 
38.78 	 9470.945065679643 
38.8 	 9644.9737555886 
38.82 	 9747.0427069642 
38.84 	 9780.79835878134 
38.86 	 9753.551250988958 
38.88 	 9675.38037563971 
38.9 	 9558.097477551682 
38.92 	 9414.893980169245 
38.94 	 9258.35822793333 
38.96 	 9100.624104227727 
38.98 	 8951.274650345998 
39.0 	 8817.95222036349 
39.02 	 8704.843698594954 
39.04 	 8613.66648672657 
39.06 	 8543.025765274513 
39.08 	 8489.598168348675 
39.1 	 8448.203258642723 
39.12 	 8412.945721701073 
39.14 	 8377.563837781532 
39.16 	 8336.339088760022 
39.18 	 8284.2666129403 
39.2 	 8217.691703100978 
39.22 	 8134.035068304992 
39.24 	 8032.277047039206 
39.26 	 7912.215444410944 
39.28 	 7774.990453941462 
39.3 	 7622.016241716665 
39.32 	 7455.692018133945 
39.34 	 7278.1816101739 
39.36 	 7092.3403017108085 
39.38 	 6900.464237193197 
39.4 	 6705.360749036853 
39.42 	 6509.127999726812 
39.44 	 6314.258965087333 
39.46 	 6122.48434511451 
39.48 	 5935.822275451105 
39.5 	 5755.517874944221 
39.52 	 5582.994623838021 
39.54 	 5418.924871955677 
39.56 	 5264.072234624825 
39.58 	 5118.514093871856 
39.6 	 4982.378729833852 
39.62 	 4855.2185675765995 
39.64 	 4736.649262792012 
39.66 	 4625.853452369728 
39.68 	 4522.1305312198065 
39.7 	 4424.500957877937 
39.72 	 4332.176785409225 
39.74 	 4244.234248613563 
39.76 	 4160.013937952568 
39.78 	 4078.83078612564 
39.8 	 4000.3086734975986 
39.82 	 3924.101556712895 
39.84 	 3850.1639202721426 
39.86 	 3778.4668763778723 
39.88 	 3709.2082182249133 
39.9 	 3642.523679856714 
39.92 	 3578.650274882311 
39.94 	 3517.6529643280896 
39.96 	 3459.577125800248 
39.98 	 3404.2906098747094 
40.0 	 3351.150288291221 
