0.0 	 0.0 
0.02 	 0.3675479981026131 
0.04 	 0.7518676659436083 
0.06 	 1.1338752020134353 
0.08 	 1.4952086754080278 
0.1 	 1.8202791741066136 
0.12 	 2.098116386783909 
0.14 	 2.3238171440026156 
0.16 	 2.499478991325686 
0.18 	 2.6345904935990925 
0.2 	 2.7459386985508325 
0.22 	 2.857166774313384 
0.24 	 2.9981608697193955 
0.26 	 3.204460654438133 
0.28 	 3.5168746707928253 
0.3 	 3.981445500511943 
0.32 	 4.649858070203202 
0.34 	 5.580323240003987 
0.36 	 6.838901530754338 
0.38 	 8.501159279725073 
0.4 	 10.65397158895669 
0.42 	 13.397204753019166 
0.44 	 16.84493136971947 
0.46 	 21.12576593631467 
0.48 	 26.381874941438003 
0.5 	 32.766233816926885 
0.52 	 40.437792454195254 
0.54 	 49.55438258113613 
0.56 	 60.26345220709406 
0.58 	 72.6910257171564 
0.6 	 86.92962680496389 
0.62 	 103.02621529013727 
0.64 	 120.9714217126148 
0.66 	 140.69146304537387 
0.68 	 162.0440511774525 
0.7 	 184.81934887349425 
0.72 	 208.74660022635615 
0.74 	 233.50650700599394 
0.76 	 258.74880413963353 
0.78 	 284.11388473498977 
0.8 	 309.2568159040857 
0.82 	 333.87173823271587 
0.84 	 357.71450082516975 
0.86 	 380.62147166172133 
0.88 	 402.5227740027417 
0.9 	 423.4487033961576 
0.92 	 443.5287252139476 
0.94 	 462.98317227527366 
0.96 	 482.10847831344205 
0.98 	 501.2574142938019 
1.0 	 520.8162636740051 
1.02 	 541.1811164539117 
1.04 	 562.7354416694404 
1.06 	 585.8308089387997 
1.08 	 610.7721057220487 
1.1 	 637.8079095415424 
1.12 	 667.1259234084962 
1.14 	 698.8526806508052 
1.16 	 733.0561779800266 
1.18 	 769.7497831949017 
1.2 	 808.8957275982283 
1.22 	 850.40672993568 
1.24 	 894.1447647882744 
1.26 	 939.9166103339501 
1.28 	 987.4664990220735 
1.3 	 1036.466858748358 
1.32 	 1086.5086886258441 
1.34 	 1137.0934937339382 
1.36 	 1187.6288556754682 
1.38 	 1237.429607712214 
1.4 	 1285.7262040520272 
1.42 	 1331.681238923597 
1.44 	 1374.4142313811874 
1.46 	 1413.0338309258345 
1.48 	 1446.675634012923 
1.5 	 1474.5429697212835 
1.52 	 1495.9474510863404 
1.54 	 1510.3459063844382 
1.56 	 1517.370557922097 
1.58 	 1516.849988335736 
1.6 	 1508.8194330754143 
1.62 	 1493.5201060015534 
1.64 	 1471.3884115637227 
1.66 	 1443.0368347511483 
1.68 	 1409.2288852739462 
1.7 	 1370.8506347745822 
1.72 	 1328.8811403719412 
1.74 	 1284.3634874198497 
1.76 	 1238.3774545803792 
1.78 	 1192.0140682180893 
1.8 	 1146.3517158373165 
1.82 	 1102.4331303116805 
1.84 	 1061.2424813405032 
1.86 	 1023.6820063938876 
1.88 	 990.5480271711356 
1.9 	 962.5067520027726 
1.92 	 940.0708737323691 
1.94 	 923.5785510097414 
1.96 	 913.1768262464773 
1.98 	 908.8118053925317 
2.0 	 910.2279254742492 
2.02 	 916.9782972883263 
2.04 	 928.4473892462958 
2.06 	 943.8862165625081 
2.08 	 962.4587873721277 
2.1 	 983.296983077054 
2.12 	 1005.5595381000725 
2.14 	 1028.4896060586084 
2.16 	 1051.4648271780886 
2.18 	 1074.0340574006773 
2.2 	 1095.9360754267932 
2.22 	 1117.097580687328 
2.24 	 1137.6103919191373 
2.26 	 1157.690568231703 
2.28 	 1177.6247397870563 
2.3 	 1197.710801928886 
2.32 	 1218.2009472332352 
2.34 	 1239.2546154323145 
2.36 	 1260.9073785666158 
2.38 	 1283.0593030495902 
2.4 	 1305.483353081055 
2.42 	 1327.851407909344 
2.44 	 1349.7729303006201 
2.46 	 1370.8396212815333 
2.48 	 1390.6687534216792 
2.5 	 1408.9383473978621 
2.52 	 1425.40883792099 
2.54 	 1439.9281267457282 
2.56 	 1452.4196125192311 
2.58 	 1462.8555416195309 
2.6 	 1471.2204563331786 
2.62 	 1477.471275862369 
2.64 	 1481.5013548845802 
2.66 	 1483.1155610650783 
2.68 	 1482.021984047902 
2.7 	 1477.8434924978576 
2.72 	 1470.1493202198558 
2.74 	 1458.5036489518175 
2.76 	 1442.525292069772 
2.78 	 1421.9505719032197 
2.8 	 1396.6907001717968 
2.82 	 1366.8755849460333 
2.84 	 1332.8779149738132 
2.86 	 1295.3142849559154 
2.88 	 1255.0235112730716 
2.9 	 1213.0255524046731 
2.92 	 1170.4670346123564 
2.94 	 1128.560880724864 
2.96 	 1088.5277587177075 
2.98 	 1051.546064102472 
3.0 	 1018.7152014941759 
3.02 	 991.0344606517774 
3.04 	 969.3972712560322 
3.06 	 954.5985107600392 
3.08 	 947.351158184705 
3.1 	 948.3081006658515 
3.12 	 958.0853041604616 
3.14 	 977.2836981771584 
3.16 	 1006.5087292888576 
3.18 	 1046.3882838658105 
3.2 	 1097.5912359403485 
3.22 	 1160.8499503775888 
3.24 	 1236.9904464345796 
3.26 	 1326.9734758106865 
3.28 	 1431.9484634387738 
3.3 	 1553.3201639778138 
3.32 	 1692.825155119627 
3.34 	 1852.612155113563 
3.36 	 2035.3169317417717 
3.38 	 2244.1196618018657 
3.4 	 2482.7704846768765 
3.42 	 2755.5682177335516 
3.44 	 3067.2783325404866 
3.46 	 3422.9798299480935 
3.48 	 3827.836902055688 
3.5 	 4286.800175406438 
3.52 	 4804.25332425361 
3.54 	 5383.632743166012 
3.56 	 6027.058990095451 
3.58 	 6735.026639364897 
3.6 	 7506.201721062803 
3.62 	 8337.371180006308 
3.64 	 9223.5758310721 
3.66 	 10158.437611922362 
3.68 	 11134.665700064748 
3.7 	 12144.697984277456 
3.72 	 13181.409210383044 
3.74 	 14238.799768858904 
3.76 	 15312.573569778988 
3.78 	 16400.521882137287 
3.8 	 17502.651979631282 
3.82 	 18621.031867894933 
3.84 	 19759.36008408561 
3.86 	 20922.30631234825 
3.88 	 22114.698373500665 
3.9 	 23340.649580460766 
3.92 	 24602.725437493613 
3.94 	 25901.240734294795 
3.96 	 27233.75993991216 
3.98 	 28594.849373989804 
4.0 	 29976.103015941735 
4.02 	 31366.438340122735 
4.04 	 32752.636329820605 
4.06 	 34120.08170709071 
4.08 	 35453.645522117455 
4.1 	 36738.64248171219 
4.12 	 37961.78992490185 
4.14 	 39112.09471513949 
4.16 	 40181.599184685285 
4.18 	 41165.927954390136 
4.2 	 42064.593448924374 
4.22 	 42881.03767151426 
4.24 	 43622.408864892146 
4.26 	 44299.091332452525 
4.28 	 44924.02263740102 
4.3 	 45511.84345471952 
4.32 	 46077.93174370385 
4.34 	 46637.37606576471 
4.36 	 47203.94476530616 
4.38 	 47789.10997087223 
4.4 	 48401.18837812631 
4.42 	 49044.66333711898 
4.44 	 49719.75220560799 
4.46 	 50422.27586309627 
4.48 	 51143.87079256745 
4.5 	 51872.557032829885 
4.52 	 52593.639029349535 
4.54 	 53290.875316251084 
4.56 	 53947.813745528656 
4.58 	 54549.15937203679 
4.6 	 55082.02908121242 
4.62 	 55536.955024670846 
4.64 	 55908.52841535844 
4.66 	 56195.62234955303 
4.68 	 56401.189366582934 
4.7 	 56531.68643037507 
4.72 	 56596.22676245371 
4.74 	 56605.58638536603 
4.76 	 56571.19909041641 
4.78 	 56504.25725029447 
4.8 	 56415.002308567106 
4.82 	 56312.245891019025 
4.84 	 56203.11947898735 
4.86 	 56093.01570114498 
4.88 	 55985.66307708885 
4.9 	 55883.27034885031 
4.92 	 55786.684554747735 
4.94 	 55695.524149942255 
4.96 	 55608.26890617129 
4.98 	 55522.30657151789 
5.0 	 55433.94864828025 
5.02 	 55338.43295464747 
5.04 	 55229.93009944382 
5.06 	 55101.56748005959 
5.08 	 54945.48118188388 
5.1 	 54752.905620300444 
5.12 	 54514.313549990875 
5.14 	 54219.6237351207 
5.16 	 53858.49707695084 
5.18 	 53420.74070926756 
5.2 	 52896.830629038464 
5.22 	 52278.54592228243 
5.24 	 51559.68332635727 
5.26 	 50736.79410118242 
5.28 	 49809.86209148797 
5.3 	 48782.82889838479 
5.32 	 47663.87432518614 
5.34 	 46465.37995937086 
5.36 	 45203.53943046867 
5.38 	 43897.62536843034 
5.4 	 42568.97241158184 
5.42 	 41239.77864034688 
5.44 	 39931.856190083294 
5.46 	 38665.46977998815 
5.48 	 37458.38761379246 
5.5 	 36325.23497832488 
5.52 	 35277.19307916323 
5.54 	 34322.03287593013 
5.56 	 33464.42528631048 
5.58 	 32706.43336036874 
5.6 	 32048.074486415484 
5.62 	 31487.84343914723 
5.64 	 31023.108490114002 
5.66 	 30650.328096355785 
5.68 	 30365.078020177312 
5.7 	 30161.920526700447 
5.72 	 30034.181550316185 
5.74 	 29973.723065729333 
5.76 	 29970.803337635374 
5.78 	 30014.106846185743 
5.8 	 30091.000530556194 
5.82 	 30188.037578220297 
5.84 	 30291.6896436618 
5.86 	 30389.24899100438 
5.88 	 30469.809298136115 
5.9 	 30525.21251660231 
5.92 	 30550.842564923143 
5.94 	 30546.15617314392 
5.96 	 30514.866217830775 
5.98 	 30464.730611594176 
6.0 	 30406.945615136014 
6.02 	 30355.190367956457 
6.04 	 30324.41295188656 
6.06 	 30329.48121034701 
6.08 	 30383.838941116213 
6.1 	 30498.307198386494 
6.12 	 30680.15122602747 
6.14 	 30932.498792750965 
6.16 	 31254.150694185195 
6.18 	 31639.77585372751 
6.2 	 32080.439166537722 
6.22 	 32564.376482305506 
6.24 	 33077.91234599242 
6.26 	 33606.41391451197 
6.28 	 34135.18742843438 
6.3 	 34650.24775662266 
6.32 	 35138.92125363401 
6.34 	 35590.27151243165 
6.36 	 35995.36145067206 
6.38 	 36347.38020638496 
6.4 	 36641.668424015756 
6.42 	 36875.67170370428 
6.44 	 37048.84190740656 
6.46 	 37162.49318050188 
6.48 	 37219.607566938445 
6.5 	 37224.57703046609 
6.52 	 37182.86662746502 
6.54 	 37100.588400465014 
6.56 	 36983.98692637671 
6.58 	 36838.853830567125 
6.6 	 36669.907410846194 
6.62 	 36480.191485080504 
6.64 	 36270.56100943197 
6.66 	 36039.32744635447 
6.68 	 35782.13169893172 
6.7 	 35492.09559050759 
6.72 	 35160.27524649188 
6.74 	 34776.40430804504 
6.76 	 34329.87643343332 
6.78 	 33810.88084050348 
6.8 	 33211.5775910039 
6.82 	 32527.1857781942 
6.84 	 31756.860681819322 
6.86 	 30904.25571252307 
6.88 	 29977.69934500762 
6.9 	 28989.961669931014 
6.92 	 27957.633480857752 
6.94 	 26900.18607363312 
6.96 	 25838.815657493993 
6.98 	 24795.197318449354 
7.0 	 23790.27689070603 
7.02 	 22843.214654994783 
7.04 	 21970.56511004334 
7.06 	 21185.73727793753 
7.08 	 20498.736941888797 
7.1 	 19916.15326439017 
7.12 	 19441.323988110602 
7.14 	 19074.600401603322 
7.16 	 18813.636976458387 
7.18 	 18653.64922580889 
7.2 	 18587.61208201703 
7.22 	 18606.403158443256 
7.24 	 18698.923355941133 
7.26 	 18852.24518849195 
7.28 	 19051.843135429746 
7.3 	 19281.949658609254 
7.32 	 19526.057834166517 
7.34 	 19767.561929490363 
7.36 	 19990.497075977306 
7.38 	 20180.31465821294 
7.4 	 20324.615914924347 
7.42 	 20413.764957045387 
7.44 	 20441.31378287913 
7.46 	 20404.193446062684 
7.48 	 20302.65329766663 
7.5 	 20139.95956595213 
7.52 	 19921.891137533563 
7.54 	 19656.09089654601 
7.56 	 19351.34328371865 
7.58 	 19016.852085760307 
7.6 	 18661.58721647614 
7.62 	 18293.756626652255 
7.64 	 17920.441316195953 
7.66 	 17547.409979028573 
7.68 	 17179.10762023843 
7.7 	 16818.792179036478 
7.72 	 16468.77726331809 
7.74 	 16130.729582419117 
7.76 	 15805.967764090567 
7.78 	 15495.715056665797 
7.8 	 15201.270812145596 
7.82 	 14924.082385493102 
7.84 	 14665.717228655043 
7.86 	 14427.751435358983 
7.88 	 14211.603228544951 
7.9 	 14018.346295868561 
7.92 	 13848.538134675411 
7.94 	 13702.093514194003 
7.96 	 13578.22449117358 
7.98 	 13475.458156714194 
8.0 	 13391.73330182465 
8.02 	 13324.568765717999 
8.04 	 13271.289958788968 
8.06 	 13229.29588118573 
8.08 	 13196.346452585682 
8.1 	 13170.848620644592 
8.12 	 13152.119199794784 
8.14 	 13140.602688542776 
8.16 	 13138.023668428952 
8.18 	 13147.456153242205 
8.2 	 13173.296684048986 
8.22 	 13221.134037259637 
8.24 	 13297.515777255163 
8.26 	 13409.619903498207 
8.28 	 13564.847725910466 
8.3 	 13770.361078064307 
8.32 	 14032.592419753943 
8.34 	 14356.759871566555 
8.36 	 14746.420538931834 
8.38 	 15203.094524858643 
8.4 	 15725.98876613604 
8.42 	 16311.84426590526 
8.44 	 16954.92252563483 
8.46 	 17647.13725951485 
8.48 	 18378.326328303145 
8.5 	 19136.64710808441 
8.52 	 19909.067371138786 
8.54 	 20681.914558099856 
8.56 	 21441.4404266242 
8.58 	 22174.356605633257 
8.6 	 22868.300232387297 
8.62 	 23512.19760908758 
8.64 	 24096.50692274311 
8.66 	 24613.336990941225 
8.68 	 25056.455545415374 
8.7 	 25421.215179799357 
8.72 	 25704.43520630652 
8.74 	 25904.281204305957 
8.76 	 26020.179878533876 
8.78 	 26052.795197395313 
8.8 	 26004.074382438845 
8.82 	 25877.35225352899 
8.84 	 25677.48363927014 
8.86 	 25410.960046986118 
8.88 	 25085.961723690085 
8.9 	 24712.30116796578 
8.92 	 24301.228514986913 
8.94 	 23865.09038883667 
8.96 	 23416.85765603843 
8.98 	 22969.55930675157 
9.0 	 22535.675242242425 
9.02 	 22126.54733761697 
9.04 	 21751.865078305585 
9.06 	 21419.270676275504 
9.08 	 21134.11173903379 
9.1 	 20899.350881570626 
9.12 	 20715.624522842856 
9.14 	 20581.429938364854 
9.16 	 20493.411579445077 
9.18 	 20446.714574099333 
9.2 	 20435.37414821904 
9.22 	 20452.713028801005 
9.24 	 20491.723414102777 
9.26 	 20545.41494222913 
9.28 	 20607.114864063486 
9.3 	 20670.711263695175 
9.32 	 20730.834691956745 
9.34 	 20782.977889872578 
9.36 	 20823.55708976631 
9.38 	 20849.921294461095 
9.4 	 20860.31763160129 
9.42 	 20853.82131781578 
9.44 	 20830.238275141743 
9.46 	 20789.98765736106 
9.48 	 20733.971196654853 
9.5 	 20663.43689915108 
9.52 	 20579.846268210164 
9.54 	 20484.756407281 
9.56 	 20379.730055437565 
9.58 	 20266.28664479469 
9.6 	 20145.904846299025 
9.62 	 20020.081380667896 
9.64 	 19890.442535222075 
9.66 	 19758.89510833401 
9.68 	 19627.794272413343 
9.7 	 19500.099156740158 
9.72 	 19379.484534400286 
9.74 	 19270.379819106918 
9.76 	 19177.914573029564 
9.78 	 19107.76178070214 
9.8 	 19065.884317202454 
9.82 	 19058.203975790177 
9.84 	 19090.223834212185 
9.86 	 19166.641854965215 
9.88 	 19290.99547499674 
9.9 	 19465.37351630325 
9.92 	 19690.223858572277 
9.94 	 19964.27438582754 
9.96 	 20284.572468959654 
9.98 	 20646.63636210174 
10.0 	 21044.701771251497 
10.02 	 21472.039453938276 
10.04 	 21921.315500029967 
10.06 	 22384.9649614985 
10.08 	 22855.551444986268 
10.1 	 23326.08963420258 
10.12 	 23790.313811970027 
10.14 	 24242.88255852632 
10.16 	 24679.517099182976 
10.18 	 25097.077395170494 
10.2 	 25493.585148163635 
10.22 	 25868.205653218098 
10.24 	 26221.200374633547 
10.26 	 26553.8591581265 
10.28 	 26868.415634861078 
10.3 	 27167.94274668367 
10.32 	 27456.21906868763 
10.34 	 27737.552597379086 
10.36 	 28016.548598483645 
10.38 	 28297.813012570045 
10.4 	 28585.592818944933 
10.42 	 28883.368470111036 
10.44 	 29193.428728552637 
10.46 	 29516.471932038232 
10.48 	 29851.2867189492 
10.5 	 30194.566945113293 
10.52 	 30540.908444266206 
10.54 	 30883.019459084808 
10.56 	 31212.153592531944 
10.58 	 31518.746895651242 
10.6 	 31793.21292374626 
10.62 	 32026.825173880017 
10.64 	 32212.598808665265 
10.66 	 32346.07568453933 
10.68 	 32425.920001200244 
10.7 	 32454.246628978613 
10.72 	 32436.62925904894 
10.74 	 32381.768568933618 
10.76 	 32300.83807597251 
10.78 	 32206.562887150074 
10.8 	 32112.11936763486 
10.82 	 32029.967276821386 
10.84 	 31970.736518639835 
10.86 	 31942.286296707127 
10.88 	 31949.03524669489 
10.9 	 31991.62940578791 
10.92 	 32066.975035010895 
10.94 	 32168.62098686178 
10.96 	 32287.436451783462 
10.98 	 32412.499688816333 
11.0 	 32532.0952513999 
11.02 	 32634.712605450986 
11.04 	 32709.947095249758 
11.06 	 32749.22243913517 
11.08 	 32746.278884504914 
11.1 	 32697.39924032218 
11.12 	 32601.373156740632 
11.14 	 32459.225961863765 
11.16 	 32273.760571712763 
11.18 	 32048.978378562653 
11.2 	 31789.456579982027 
11.22 	 31499.763961115175 
11.24 	 31183.99341224163 
11.26 	 30845.476456491902 
11.28 	 30486.722639682 
11.3 	 30109.596083105695 
11.32 	 29715.705851824627 
11.34 	 29306.950698259167 
11.36 	 28886.127858663403 
11.38 	 28457.495547774815 
11.4 	 28027.174058916073 
11.42 	 27603.283145622365 
11.44 	 27195.743004407825 
11.46 	 26815.709200649144 
11.48 	 26474.662501740837 
11.5 	 26183.225765919316 
11.52 	 25949.824687471475 
11.54 	 25779.3412619841 
11.56 	 25671.92405225805 
11.58 	 25622.115597735832 
11.6 	 25618.434637971164 
11.62 	 25643.51112693764 
11.64 	 25674.818819224765 
11.66 	 25685.988402778017 
11.68 	 25648.61980859033 
11.7 	 25534.452437784417 
11.72 	 25317.704029819106 
11.74 	 24977.35976541949 
11.76 	 24499.188413830787 
11.78 	 23877.284536691386 
11.8 	 23114.983726664454 
11.82 	 22225.066054799456 
11.84 	 21229.241923279023 
11.86 	 20156.992493730555 
11.88 	 19043.901589127086 
11.9 	 17929.657390449618 
11.92 	 16855.914623371373 
11.94 	 15864.191159958333 
11.96 	 14993.932714676817 
11.98 	 14280.825841261736 
12.0 	 13755.3853225233 
12.02 	 13441.799414281311 
12.04 	 13356.994208516115 
12.06 	 13509.880381243336 
12.08 	 13900.76949615088 
12.1 	 14520.984984789608 
12.12 	 15352.733221649883 
12.14 	 16369.329848280287 
12.16 	 17535.884512350214 
12.18 	 18810.526727680437 
12.2 	 20146.206087255927 
12.22 	 21493.0277289009 
12.24 	 22801.000655813565 
12.26 	 24022.9976211311 
12.28 	 25117.66653509929 
12.3 	 26052.007562161965 
12.32 	 26803.34440164999 
12.34 	 27360.47262856427 
12.36 	 27723.855101215435 
12.38 	 27904.841256306572 
12.4 	 27923.997427294624 
12.42 	 27808.73297479881 
12.44 	 27590.47876731256 
12.46 	 27301.71212834294 
12.48 	 26973.123319106926 
12.5 	 26631.185937743976 
12.52 	 26296.33439899213 
12.54 	 25981.875388220593 
12.56 	 25693.67696474716 
12.58 	 25430.59820666219 
12.6 	 25185.551793462557 
12.62 	 24947.037682716258 
12.64 	 24700.95206921698 
12.66 	 24432.46418092454 
12.68 	 24127.764213592007 
12.7 	 23775.51676926534 
12.72 	 23367.901343374717 
12.74 	 22901.178601125088 
12.76 	 22375.78099947022 
12.78 	 21795.98102124357 
12.8 	 21169.23302421161 
12.82 	 20505.310596275955 
12.84 	 19815.36827845602 
12.86 	 19111.045563025484 
12.88 	 18403.705892356178 
12.9 	 17703.869490536606 
12.92 	 17020.862413283332 
12.94 	 16362.670833196364 
12.96 	 15735.963496151273 
12.98 	 15146.228827182757 
13.0 	 14597.966815475253 
13.02 	 14094.878590892202 
13.04 	 13640.006652434144 
13.06 	 13235.793820986768 
13.08 	 12884.047012450896 
13.1 	 12585.810908750376 
13.12 	 12341.174737162613 
13.14 	 12149.050854605672 
13.16 	 12006.974791594434 
13.18 	 11910.980950632502 
13.2 	 11855.604665745836 
13.22 	 11834.048943813874 
13.24 	 11838.533299365856 
13.26 	 11860.814651934375 
13.28 	 11892.839939177597 
13.3 	 11927.461870320216 
13.32 	 11959.128563275155 
13.34 	 11984.449534524922 
13.36 	 12002.547744326788 
13.38 	 12015.130567043583 
13.4 	 12026.249005386742 
13.42 	 12041.758739265431 
13.44 	 12068.541367885931 
13.46 	 12113.581692211534 
13.48 	 12183.020446490185 
13.5 	 12281.307361632564 
13.52 	 12410.565972895767 
13.54 	 12570.251708934324 
13.56 	 12757.143827018646 
13.58 	 12965.666603606678 
13.6 	 13188.49297180204 
13.62 	 13417.350546541387 
13.64 	 13643.929698284657 
13.66 	 13860.787584552954 
13.68 	 14062.150032927839 
13.7 	 14244.53223781908 
13.72 	 14407.125586507382 
13.74 	 14551.927361506996 
13.76 	 14683.618601099031 
13.78 	 14809.219755636883 
13.8 	 14937.571641978397 
13.82 	 15078.699352944812 
13.84 	 15243.11910073266 
13.86 	 15441.143347563264 
13.88 	 15682.229718648416 
13.9 	 15974.406381185188 
13.92 	 16323.793303845512 
13.94 	 16734.227394095815 
13.96 	 17206.991673573615 
13.98 	 17740.64522445067 
14.0 	 18330.951394347114 
14.02 	 18970.905447535562 
14.04 	 19650.8675180411 
14.06 	 20358.81007862217 
14.08 	 21080.689141240746 
14.1 	 21800.943732904532 
14.12 	 22503.118616705622 
14.14 	 23170.591737007864 
14.16 	 23787.372520059344 
14.18 	 24338.92270893212 
14.2 	 24812.940753374714 
14.22 	 25200.04636393455 
14.24 	 25494.30517060025 
14.26 	 25693.544710872666 
14.28 	 25799.43106653445 
14.3 	 25817.29806270082 
14.32 	 25755.744970024436 
14.34 	 25626.040825841937 
14.36 	 25441.390869026254 
14.38 	 25216.131038295054 
14.4 	 24964.91900484376 
14.42 	 24701.984992590864 
14.44 	 24440.493953814334 
14.46 	 24192.054558442902 
14.48 	 23966.39233664751 
14.5 	 23771.186558049285 
14.52 	 23612.05501862184 
14.54 	 23492.659210325884 
14.56 	 23414.895058752594 
14.58 	 23379.131600187262 
14.6 	 23384.461231389083 
14.62 	 23428.929814736297 
14.64 	 23509.72213999654 
14.66 	 23623.28718307299 
14.68 	 23765.39741762395 
14.7 	 23931.146280315566 
14.72 	 24114.8969019884 
14.74 	 24310.202537941375 
14.76 	 24509.723984312546 
14.78 	 24705.171080919223 
14.8 	 24887.293938642866 
14.82 	 25045.944989708703 
14.84 	 25170.225981111915 
14.86 	 25248.725591144455 
14.88 	 25269.844558706176 
14.9 	 25222.1970788177 
14.92 	 25095.070420429056 
14.94 	 24878.919526919526 
14.96 	 24565.86965181163 
14.98 	 24150.19755632375 
15.0 	 23628.76021160585 
15.02 	 23001.339365785137 
15.04 	 22270.871218888806 
15.06 	 21443.533587147358 
15.08 	 20528.66918219312 
15.1 	 19538.53351443388 
15.12 	 18487.869308047077 
15.14 	 17393.32514465262 
15.16 	 16272.752418387934 
15.18 	 15144.429093204193 
15.2 	 14026.26863666817 
15.22 	 12935.075811142095 
15.24 	 11885.906708830747 
15.26 	 10891.578822387677 
15.28 	 9962.359670003802 
15.3 	 9105.84218330143 
15.32 	 8326.994848411048 
15.34 	 7628.35746709803 
15.36 	 7010.341685301709 
15.38 	 6471.590353554252 
15.4 	 6009.351356950977 
15.42 	 5619.828705974288 
15.44 	 5298.4845619367015 
15.46 	 5040.278284365592 
15.48 	 4839.84042630675 
15.5 	 4691.589209548432 
15.52 	 4589.803391663312 
15.54 	 4528.668315693279 
15.56 	 4502.311662933917 
15.58 	 4504.842791781879 
15.6 	 4530.405511095866 
15.62 	 4573.249632655408 
15.64 	 4627.822389073598 
15.66 	 4688.877211660906 
15.68 	 4751.594575378221 
15.7 	 4811.7075770278025 
15.72 	 4865.623488855346 
15.74 	 4910.531642208088 
15.76 	 4944.487688467522 
15.78 	 4966.464731347861 
15.8 	 4976.363265411797 
15.82 	 4974.974479659198 
15.84 	 4963.895303732534 
15.86 	 4945.398326294086 
15.88 	 4922.26484174607 
15.9 	 4897.593990739671 
15.92 	 4874.604372029534 
15.94 	 4856.445844898537 
15.96 	 4846.038040791691 
15.98 	 4845.948333562687 
16.0 	 4858.316151735717 
16.02 	 4884.823467408299 
16.04 	 4926.7042647665285 
16.06 	 4984.780038813893 
16.08 	 5059.504982977722 
16.1 	 5151.004180210363 
16.12 	 5259.090969839426 
16.14 	 5383.255299671217 
16.16 	 5522.622353072904 
16.18 	 5675.888764582641 
16.2 	 5841.250858610369 
16.22 	 6016.344214809583 
16.24 	 6198.215463292848 
16.26 	 6383.34504520358 
16.28 	 6567.733870663777 
16.3 	 6747.058136814029 
16.32 	 6916.886342777504 
16.34 	 7072.942404696101 
16.36 	 7211.390448265293 
16.38 	 7329.1118195930485 
16.4 	 7423.944078324174 
16.42 	 7494.855484404305 
16.44 	 7542.0362487151315 
16.46 	 7566.898370634571 
16.48 	 7571.987519114097 
16.5 	 7560.82122534078 
16.52 	 7537.675895762897 
16.54 	 7507.3495413953015 
16.56 	 7474.92705393902 
16.58 	 7445.570510118905 
16.6 	 7424.349229183432 
16.62 	 7416.114546976468 
16.64 	 7425.414174570714 
16.66 	 7456.432245991641 
16.68 	 7512.935149572738 
16.7 	 7598.200988704468 
16.72 	 7714.912533242603 
16.74 	 7864.999774801759 
16.76 	 8049.4281410957765 
16.78 	 8267.941018850357 
16.8 	 8518.778989284177 
16.82 	 8798.411209454176 
16.84 	 9101.324520419656 
16.86 	 9419.920919917271 
16.88 	 9744.572071559433 
16.9 	 10063.869298385129 
16.92 	 10365.088914898033 
16.94 	 10634.867129417613 
16.96 	 10860.048987895767 
16.98 	 11028.646141982821 
17.0 	 11130.813556809468 
17.02 	 11159.740447140874 
17.04 	 11112.349444596743 
17.06 	 10989.711946902195 
17.08 	 10797.11591290924 
17.1 	 10543.761556990525 
17.12 	 10242.104861200829 
17.14 	 9906.911825059538 
17.16 	 9554.12128564122 
17.18 	 9199.635694542922 
17.2 	 8858.164475567164 
17.22 	 8542.233330815767 
17.24 	 8261.447614397488 
17.26 	 8022.063212519824 
17.28 	 7826.879912701648 
17.3 	 7675.435690054668 
17.32 	 7564.450427147601 
17.34 	 7488.4474639288555 
17.36 	 7440.472322118087 
17.38 	 7412.829464685983 
17.4 	 7397.768142393235 
17.42 	 7388.064502773737 
17.44 	 7377.466172128212 
17.46 	 7360.98466511205 
17.48 	 7335.037993765816 
17.5 	 7297.459252092302 
17.52 	 7247.396032985694 
17.54 	 7185.1302631761555 
17.56 	 7111.848905350844 
17.58 	 7029.3937802481505 
17.6 	 6940.014443718162 
17.62 	 6846.14253583804 
17.64 	 6750.200104645612 
17.66 	 6654.448730510326 
17.68 	 6560.881293539481 
17.7 	 6471.154225250743 
17.72 	 6386.555214639245 
17.74 	 6307.999624939983 
17.76 	 6236.048243248853 
17.78 	 6170.939261421926 
17.8 	 6112.628330475378 
17.82 	 6060.831855439044 
17.84 	 6015.070115443512 
17.86 	 5974.70806433107 
17.88 	 5938.992639148126 
17.9 	 5907.086036681496 
17.92 	 5878.094772183967 
17.94 	 5851.094532911489 
17.96 	 5825.1510121172905 
17.98 	 5799.337138902401 
18.0 	 5772.747406882108 
18.02 	 5744.5102709048715 
18.04 	 5713.799702219236 
18.06 	 5679.846856830466 
18.08 	 5641.952376401397 
18.1 	 5599.49916567197 
18.12 	 5551.96473396959 
18.14 	 5498.931567521084 
18.16 	 5440.093721622776 
18.18 	 5375.258017552479 
18.2 	 5304.338904701271 
18.22 	 5227.3470775346095 
18.24 	 5144.373093281921 
18.26 	 5055.568254988434 
18.28 	 4961.1256732849015 
18.3 	 4861.264555600268 
18.32 	 4756.220366573423 
18.34 	 4646.242640705105 
18.36 	 4531.6010666222255 
18.38 	 4412.59919205035 
18.4 	 4289.593901702079 
18.42 	 4163.017846167904 
18.44 	 4033.4013583712467 
18.46 	 3901.390159741022 
18.48 	 3767.755375297211 
18.5 	 3633.3930572286317 
18.52 	 3499.3115279463204 
18.54 	 3366.606303773106 
18.56 	 3236.4239880606315 
18.58 	 3109.9181051559744 
18.6 	 2988.2011308080264 
18.62 	 2872.2977244476087 
18.64 	 2763.1042211549147 
18.66 	 2661.358750732108 
18.68 	 2567.6250106549232 
18.7 	 2482.2909460712735 
18.72 	 2405.5816813149227 
18.74 	 2337.5843183895367 
18.76 	 2278.280934247082 
18.78 	 2227.5854358628667 
18.8 	 2185.3799108671888 
18.82 	 2151.54666383946 
18.84 	 2125.993088946523 
18.86 	 2108.667691800099 
18.88 	 2099.5667374318446 
18.9 	 2098.7320132590107 
18.92 	 2106.2409710110132 
18.94 	 2122.1910390958183 
18.96 	 2146.68022886573 
18.98 	 2179.7863858733594 
19.0 	 2221.547660007699 
19.02 	 2271.947061891316 
19.04 	 2330.9043604979506 
19.06 	 2398.2790117086947 
19.08 	 2473.8881691356355 
19.1 	 2557.54393845699 
19.12 	 2649.1136911114977 
19.14 	 2748.606269929989 
19.16 	 2856.285185909353 
19.18 	 2972.807419790814 
19.2 	 3099.38333079776 
19.22 	 3237.949682331226 
19.24 	 3391.344245338778 
19.26 	 3563.467184739183 
19.28 	 3759.411794980101 
19.3 	 3985.545388956313 
19.32 	 4249.520461912862 
19.34 	 4560.196826375329 
19.36 	 4927.457453124525 
19.38 	 5361.904535745326 
19.4 	 5874.428166977195 
19.42 	 6475.648304304252 
19.44 	 7175.241567479855 
19.46 	 7981.177627305457 
19.48 	 8898.904704568256 
19.5 	 9930.538492619818 
19.52 	 11074.121483599287 
19.54 	 12323.02764762201 
19.56 	 13665.588156235228 
19.58 	 15085.005435071023 
19.6 	 16559.604533774753 
19.62 	 18063.44346888717 
19.64 	 19567.270408604832 
19.66 	 21039.779394626163 
19.68 	 22449.08268725355 
19.7 	 23764.291751106342 
19.72 	 24957.084431159466 
19.74 	 26003.135346360552 
19.76 	 26883.300102421344 
19.78 	 27584.469523920852 
19.8 	 28100.043851409624 
19.82 	 28430.013828287523 
19.84 	 28580.670796560084 
19.86 	 28563.99708491027 
19.88 	 28396.808269055247 
19.9 	 28099.729159864557 
19.92 	 27696.086066628806 
19.94 	 27210.79063460286 
19.96 	 26669.277685243826 
19.98 	 26096.54346480604 
20.0 	 25516.31376966838 
20.02 	 24950.35537847622 
20.04 	 24417.930458824885 
20.06 	 23935.383158331042 
20.08 	 23515.841203670665 
20.1 	 23169.013521611163 
20.12 	 22901.067784674207 
20.14 	 22714.578901826633 
20.16 	 22608.54956648985 
20.18 	 22578.514939500466 
20.2 	 22616.75261806047 
20.22 	 22712.62325262385 
20.24 	 22853.064026064716 
20.26 	 23023.245428321447 
20.28 	 23207.38189038249 
20.3 	 23389.66149101376 
20.32 	 23555.233530636902 
20.34 	 23691.170732628783 
20.36 	 23787.310540374005 
20.38 	 23836.88143982621 
20.4 	 23836.837068421803 
20.42 	 23787.851728253037 
20.44 	 23693.9715865246 
20.46 	 23561.95996556272 
20.48 	 23400.415433474787 
20.5 	 23218.77115624515 
20.52 	 23026.298230784552 
20.54 	 22831.232266566825 
20.56 	 22640.122135302314 
20.58 	 22457.46613639609 
20.6 	 22285.65939559092 
20.62 	 22125.233620094135 
20.64 	 21975.332669157844 
20.66 	 21834.339861158733 
20.68 	 21700.558718258006 
20.7 	 21572.84889487666 
20.72 	 21451.132094930053 
20.74 	 21336.70579443067 
20.76 	 21232.331329541263 
20.78 	 21142.09279289888 
20.8 	 21071.050030318333 
20.82 	 21024.72974722414 
20.84 	 21008.511694308232 
20.86 	 21026.972028767552 
20.88 	 21083.244462899438 
20.9 	 21178.45372964676 
20.92 	 21311.26739137288 
20.94 	 21477.602840787822 
20.96 	 21670.5174050348 
20.98 	 21880.30072836692 
21.0 	 22094.77928027751 
21.02 	 22299.831801368484 
21.04 	 22480.100887177257 
21.06 	 22619.869606628043 
21.08 	 22704.05402012659 
21.1 	 22719.244765827956 
21.12 	 22654.71638612022 
21.14 	 22503.314878406258 
21.16 	 22262.134740132275 
21.18 	 21932.90810776178 
21.2 	 21522.050476079774 
21.22 	 21040.33821953409 
21.24 	 20502.229459139107 
21.26 	 19924.877370289203 
21.28 	 19326.9190110608 
21.3 	 18727.148650715135 
21.32 	 18143.19882732012 
21.34 	 17590.35286362197 
21.36 	 17080.59899975142 
21.38 	 16622.010180719742 
21.4 	 16218.49804942914 
21.42 	 15869.949278881893 
21.44 	 15572.712121050408 
21.46 	 15320.365977309813 
21.48 	 15104.681118439912 
21.5 	 14916.662161502132 
21.52 	 14747.568443867778 
21.54 	 14589.815970135582 
21.56 	 14437.686420885066 
21.58 	 14287.79499472187 
21.6 	 14139.296493410142 
21.62 	 13993.834426457823 
21.64 	 13855.258482992178 
21.66 	 13729.150381325242 
21.68 	 13622.207089378464 
21.7 	 13541.534886740685 
21.72 	 13493.90923299105 
21.74 	 13485.055167027782 
21.76 	 13519.001513443869 
21.78 	 13597.559158968124 
21.8 	 13719.968037638584 
21.82 	 13882.747965346009 
21.84 	 14079.774233109707 
21.86 	 14302.580012742734 
21.88 	 14540.865550801256 
21.9 	 14783.171481469813 
21.92 	 15017.65385173797 
21.94 	 15232.885187830747 
21.96 	 15418.601947046589 
21.98 	 15566.325304079217 
22.0 	 15669.798806464309 
22.02 	 15725.210490566276 
22.04 	 15731.194637851837 
22.06 	 15688.634912578253 
22.08 	 15600.31193249859 
22.1 	 15470.451356369189 
22.12 	 15304.232060768742 
22.14 	 15107.308565648602 
22.16 	 14885.389809829578 
22.18 	 14643.900910024127 
22.2 	 14387.739065617174 
22.22 	 14121.122094586757 
22.24 	 13847.519833298198 
22.26 	 13569.65504394738 
22.28 	 13289.560546973913 
22.3 	 13008.68124853952 
22.32 	 12728.01162879091 
22.34 	 12448.259626704397 
22.36 	 12170.026143770392 
22.38 	 11893.986088412372 
22.4 	 11621.05335944299 
22.42 	 11352.510188846201 
22.44 	 11090.08240742184 
22.46 	 10835.947286123817 
22.48 	 10592.669364555553 
22.5 	 10363.070693848627 
22.52 	 10150.05294820432 
22.54 	 9956.39737955677 
22.56 	 9784.572482220203 
22.58 	 9636.577369004723 
22.6 	 9513.841450117765 
22.62 	 9417.189615390735 
22.64 	 9346.869317758854 
22.66 	 9302.624696401846 
22.68 	 9283.79576792739 
22.7 	 9289.419348061592 
22.72 	 9318.3129076703 
22.74 	 9369.131683737716 
22.76 	 9440.40054757562 
22.78 	 9530.532313111109 
22.8 	 9637.850504803393 
22.82 	 9760.63521609331 
22.84 	 9897.205164024237 
22.86 	 10046.038587584902 
22.88 	 10205.92280203176 
22.9 	 10376.110304562748 
22.92 	 10556.451552930052 
22.94 	 10747.473253140186 
22.96 	 10950.3770565706 
22.98 	 11166.946107098274 
23.0 	 11399.363450039422 
23.02 	 11649.963435134072 
23.04 	 11920.95117394136 
23.06 	 12214.132682145715 
23.08 	 12530.697666226628 
23.1 	 12871.08782842394 
23.12 	 13234.967666399245 
23.14 	 13621.295113009532 
23.16 	 14028.469953381706 
23.18 	 14454.52282546622 
23.2 	 14897.300092964664 
23.22 	 15354.60188943207 
23.24 	 15824.242197187921 
23.26 	 16304.018964934841 
23.28 	 16791.605266127794 
23.3 	 17284.394546431184 
23.32 	 17779.349135375025 
23.34 	 18272.907339757756 
23.36 	 18760.998403202047 
23.38 	 19239.1967385232 
23.4 	 19703.020104894305 
23.42 	 20148.345982220122 
23.44 	 20571.89261665104 
23.46 	 20971.692166540823 
23.48 	 21347.4775012759 
23.5 	 21700.91316845411 
23.52 	 22035.623283723166 
23.54 	 22357.000122593505 
23.56 	 22671.810637480652 
23.58 	 22987.647271693488 
23.6 	 23312.288848565157 
23.62 	 23653.044066435374 
23.64 	 24016.14442670675 
23.66 	 24406.23830390065 
23.68 	 24826.018198978232 
23.7 	 25275.99422385876 
23.72 	 25754.41264804328 
23.74 	 26257.31081431109 
23.76 	 26778.698284090846 
23.78 	 27310.85600502393 
23.8 	 27844.746901211718 
23.82 	 28370.529225152677 
23.84 	 28878.156497023712 
23.86 	 29358.0353488961 
23.88 	 29801.697728505547 
23.9 	 30202.430760579227 
23.92 	 30555.80038045136 
23.94 	 30860.006832900013 
23.96 	 31116.022420795143 
23.98 	 31327.483259259432 
24.0 	 31500.333957834184 
24.02 	 31642.25266320994 
24.04 	 31761.909251516085 
24.06 	 31868.128130325815 
24.08 	 31969.037137424963 
24.1 	 32071.285097248674 
24.12 	 32179.403670424315 
24.14 	 32295.375789558457 
24.16 	 32418.454826259498 
24.18 	 32545.256986123943 
24.2 	 32670.125310144216 
24.22 	 32785.738154130384 
24.24 	 32883.90967956446 
24.26 	 32956.50703027454 
24.28 	 32996.39148893439 
24.3 	 32998.28222880688 
24.32 	 32959.44397737872 
24.34 	 32880.11527971385 
24.36 	 32763.621353258673 
24.38 	 32616.151796157563 
24.4 	 32446.223795985083 
24.42 	 32263.890084392457 
24.44 	 32079.781877386522 
24.46 	 31904.095839972157 
24.48 	 31745.638229910237 
24.5 	 31611.02882658053 
24.52 	 31504.144418738557 
24.54 	 31425.85063246557 
24.56 	 31374.036673327642 
24.58 	 31343.93492198398 
24.6 	 31328.680075110547 
24.62 	 31320.043020121546 
24.64 	 31309.263674748847 
24.66 	 31287.904108589333 
24.68 	 31248.647058690265 
24.7 	 31185.973819307026 
24.72 	 31096.667926354334 
24.74 	 30980.105942722337 
24.76 	 30838.313241158176 
24.78 	 30675.78045416215 
24.8 	 30499.05465589166 
24.82 	 30316.137534386446 
24.84 	 30135.739602490656 
24.86 	 29966.45335860145 
24.88 	 29815.917604304177 
24.9 	 29690.04840503141 
24.92 	 29592.408502057697 
24.94 	 29523.776172944454 
24.96 	 29481.957304921776 
24.98 	 29461.862359940285 
25.0 	 29455.845212391334 
25.02 	 29454.276144949297 
25.04 	 29446.2992197469 
25.06 	 29420.707076966155 
25.08 	 29366.855582751454 
25.1 	 29275.537465161386 
25.12 	 29139.73810719123 
25.14 	 28955.20725384508 
25.16 	 28720.796290118313 
25.18 	 28438.53049286896 
25.2 	 28113.407785779884 
25.22 	 27752.938663537505 
25.24 	 27366.464772907868 
25.26 	 26964.314697133 
25.28 	 26556.873041291903 
25.3 	 26153.65086475289 
25.32 	 25762.449589139356 
25.34 	 25388.704749908815 
25.36 	 25035.079320800265 
25.38 	 24701.349393195575 
25.4 	 24384.590342598414 
25.42 	 24079.6338670837 
25.44 	 23779.73142286701 
25.46 	 23477.333829835952 
25.48 	 23164.885203633137 
25.5 	 22835.534399160708 
25.52 	 22483.68798095842 
25.54 	 22105.3611391809 
25.56 	 21698.320171007035 
25.58 	 21262.044374259996 
25.6 	 20797.559545988377 
25.62 	 20307.205375032172 
25.64 	 19794.39405326969 
25.66 	 19263.400234546785 
25.68 	 18719.198642079347 
25.7 	 18167.341966306438 
25.72 	 17613.8543978494 
25.74 	 17065.109233167357 
25.76 	 16527.663453923407 
25.78 	 16008.035929336294 
25.8 	 15512.434563454724 
25.82 	 15046.455990887995 
25.84 	 14614.794489052156 
25.86 	 14221.001457370287 
25.88 	 13867.332229665468 
25.9 	 13554.704505968833 
25.92 	 13282.775364190356 
25.94 	 13050.125471490726 
25.96 	 12854.523426873851 
25.98 	 12693.232880461512 
26.0 	 12563.321602826181 
26.02 	 12461.935029144852 
26.04 	 12386.505808853797 
26.06 	 12334.883595522446 
26.08 	 12305.38340527157 
26.1 	 12296.764083628463 
26.12 	 12308.158813277814 
26.14 	 12338.985766005293 
26.16 	 12388.868197812997 
26.18 	 12457.589448245133 
26.2 	 12545.100053004044 
26.22 	 12651.582729809 
26.24 	 12777.568019324466 
26.26 	 12924.080772052142 
26.28 	 13092.787393239512 
26.3 	 13286.107480747234 
26.32 	 13507.252454111664 
26.34 	 13760.158601534498 
26.36 	 14049.292577483735 
26.38 	 14379.322932243953 
26.4 	 14754.670190927109 
26.42 	 15178.968137120077 
26.44 	 15654.487642722957 
26.46 	 16181.58875514504 
26.48 	 16758.274078927214 
26.5 	 17379.91461308453 
26.52 	 18039.20699557763 
26.54 	 18726.398849780573 
26.56 	 19429.788557441767 
26.58 	 20136.470835587803 
26.6 	 20833.26474905045 
26.62 	 21507.73159042197 
26.64 	 22149.17142209613 
26.66 	 22749.48273434081 
26.68 	 23303.781262731995 
26.7 	 23810.70057791324 
26.72 	 24272.335070896665 
26.74 	 24693.829799103958 
26.76 	 25082.66463353154 
26.78 	 25447.715722730136 
26.8 	 25798.20035883738 
26.82 	 26142.619191746548 
26.84 	 26487.8025337431 
26.86 	 26838.148010101326 
26.88 	 27195.109641106585 
26.9 	 27556.968793649798 
26.92 	 27918.889857195958 
26.94 	 28273.24088879084 
26.96 	 28610.14272189704 
26.98 	 28918.19829163571 
27.0 	 29185.3454333647 
27.02 	 29399.769564351725 
27.04 	 29550.806943052758 
27.06 	 29629.765604369535 
27.08 	 29630.5918386688 
27.1 	 29550.317877833895 
27.12 	 29389.24318780501 
27.14 	 29150.827545708416 
27.16 	 28841.30660574957 
27.18 	 28469.07537598336 
27.2 	 28043.915982593575 
27.22 	 27576.16729052926 
27.24 	 27075.940805405306 
27.26 	 26552.47782082232 
27.28 	 26013.718163963502 
27.3 	 25466.115253601736 
27.32 	 24914.691742209856 
27.34 	 24363.291812109033 
27.36 	 23814.956717499645 
27.38 	 23272.33415401898 
27.4 	 22738.031745138116 
27.42 	 22214.839876290145 
27.44 	 21705.77631553675 
27.46 	 21213.939712952073 
27.48 	 20742.195355081214 
27.5 	 20292.74859207121 
27.52 	 19866.684098615133 
27.54 	 19463.559056343092 
27.56 	 19081.13395044877 
27.58 	 18715.30665889471 
27.6 	 18360.286664745767 
27.62 	 18009.01098645503 
27.64 	 17653.767221660204 
27.66 	 17286.957497675667 
27.68 	 16901.914934597204 
27.7 	 16493.67476219367 
27.72 	 16059.606762892969 
27.74 	 15599.833299504646 
27.76 	 15117.384873266894 
27.78 	 14618.078521860623 
27.8 	 14110.138302783658 
27.82 	 13603.60670551928 
27.84 	 13109.617184113049 
27.86 	 12639.608760225197 
27.88 	 12204.563298445242 
27.9 	 11814.335805436158 
27.92 	 11477.13047564226 
27.94 	 11199.153447041055 
27.96 	 10984.450674973445 
27.98 	 10834.918858242989 
28.0 	 10750.461036084234 
28.02 	 10729.247483818148 
28.04 	 10768.037220722166 
28.06 	 10862.515558484585 
28.08 	 11007.608047168827 
28.1 	 11197.74009302117 
28.12 	 11427.023440256497 
28.14 	 11689.36442857136 
28.16 	 11978.502982553633 
28.18 	 12288.00390325461 
28.2 	 12611.231322632284 
28.22 	 12941.341412983007 
28.24 	 13271.326438202472 
28.26 	 13594.134763164402 
28.28 	 13902.87746907539 
28.3 	 14191.114909053354 
28.32 	 14453.198903554632 
28.34 	 14684.631642802193 
28.36 	 14882.393654056432 
28.38 	 15045.192272115728 
28.4 	 15173.589305615746 
28.42 	 15269.98083032581 
28.44 	 15338.420772793334 
28.46 	 15384.299936444784 
28.48 	 15413.910075342768 
28.5 	 15433.935840634898 
28.52 	 15450.924267743942 
28.54 	 15470.781533211764 
28.56 	 15498.340726495386 
28.58 	 15537.033926337133 
28.6 	 15588.688935563505 
28.62 	 15653.457612557406 
28.64 	 15729.87052758067 
28.66 	 15815.002845831725 
28.68 	 15904.729508200538 
28.7 	 15994.04403643472 
28.72 	 16077.41431655392 
28.74 	 16149.149935357684 
28.76 	 16203.758367295371 
28.78 	 16236.270856936791 
28.8 	 16242.522659867733 
28.82 	 16219.376022060374 
28.84 	 16164.877732341563 
28.86 	 16078.346296106294 
28.88 	 15960.386892728022 
28.9 	 15812.835467809111 
28.92 	 15638.636688135148 
28.94 	 15441.664033753465 
28.96 	 15226.493834858666 
28.98 	 14998.148247506575 
29.0 	 14761.824576928304 
29.02 	 14522.629574725293 
29.04 	 14285.337029692526 
29.06 	 14054.184999169653 
29.08 	 13832.725482180445 
29.1 	 13623.734549951603 
29.12 	 13429.185449202812 
29.14 	 13250.281609354899 
29.16 	 13087.541442948483 
29.18 	 12940.922846594161 
29.2 	 12809.972720986327 
29.22 	 12693.98575400459 
29.24 	 12592.157082495505 
29.26 	 12503.715070084674 
29.28 	 12428.023062186603 
29.3 	 12364.642365258966 
29.32 	 12313.352636481472 
29.34 	 12274.130164385091 
29.36 	 12247.08893268055 
29.38 	 12232.393558883368 
29.4 	 12230.156744116839 
29.42 	 12240.336240574467 
29.44 	 12262.647033669007 
29.46 	 12296.50308814784 
29.48 	 12340.999538881488 
29.5 	 12394.940896237764 
29.52 	 12456.914329210167 
29.54 	 12525.400317320209 
29.56 	 12598.906982090548 
29.58 	 12676.110209593235 
29.6 	 12755.979991682201 
29.62 	 12837.874589345638 
29.64 	 12921.588052298788 
29.66 	 13007.34278412755 
29.68 	 13095.72635953684 
29.7 	 13187.579624238386 
29.72 	 13283.850147411587 
29.74 	 13385.430373599676 
29.76 	 13493.002594566155 
29.78 	 13606.912714446591 
29.8 	 13727.091662788955 
29.82 	 13853.037536790423 
29.84 	 13983.863771918146 
29.86 	 14118.409751212936 
29.88 	 14255.401328530204 
29.9 	 14393.640865291278 
29.92 	 14532.200595044527 
29.94 	 14670.59027656489 
29.96 	 14808.870725052297 
29.98 	 14947.68910572611 
30.0 	 15088.219608120005 
30.02 	 15232.003654122138 
30.04 	 15380.69612044676 
30.06 	 15535.73688433733 
30.08 	 15697.978871659087 
30.1 	 15867.313215567992 
30.12 	 16042.337762923768 
30.14 	 16220.115910099476 
30.16 	 16396.067942620626 
30.18 	 16564.02657412832 
30.2 	 16716.472763345235 
30.22 	 16844.948383038267 
30.24 	 16940.620875843568 
30.26 	 16994.95419246345 
30.28 	 17000.422927508112 
30.3 	 16951.19544593239 
30.32 	 16843.70919507149 
30.34 	 16677.068583113025 
30.36 	 16453.212658240845 
30.38 	 16176.82469581199 
30.4 	 15854.985641131452 
30.42 	 15496.60412296384 
30.44 	 15111.683064401352 
30.46 	 14710.502789326021 
30.48 	 14302.81005794796 
30.5 	 13897.100342575739 
30.52 	 13500.067321864532 
30.54 	 13116.271117291699 
30.56 	 12748.048552313934 
30.58 	 12395.65868813505 
30.6 	 12057.629134361401 
30.62 	 11731.24668169463 
30.64 	 11413.122232487289 
30.66 	 11099.756159903669 
30.68 	 10788.036126137404 
30.7 	 10475.613783407465 
30.72 	 10161.127343134123 
30.74 	 9844.260643939873 
30.76 	 9525.652644096517 
30.78 	 9206.69089894203 
30.8 	 8889.235855050718 
30.82 	 8575.328022381193 
30.84 	 8266.926896689767 
30.86 	 7965.719888066511 
30.88 	 7673.023648938578 
30.9 	 7389.782057098908 
30.92 	 7116.647903299723 
30.94 	 6854.121909021821 
30.96 	 6602.715044327476 
30.98 	 6363.099034903797 
31.0 	 6136.215006210496 
31.02 	 5923.319923675582 
31.04 	 5725.962695314994 
31.06 	 5545.8941607811885 
31.08 	 5384.9256222504855 
31.1 	 5244.7576169343065 
31.12 	 5126.803616042348 
31.14 	 5032.032366326279 
31.16 	 4960.848390630687 
31.18 	 4913.023825404907 
31.2 	 4887.687494789001 
31.22 	 4883.369991420525 
31.24 	 4898.097396783601 
31.26 	 4929.521678760775 
31.28 	 4975.073027807666 
31.3 	 5032.1184935933115 
31.32 	 5098.112155110266 
31.34 	 5170.724464763965 
31.36 	 5247.942000217975 
31.38 	 5328.133172747207 
31.4 	 5410.079915136291 
31.42 	 5492.97939140528 
31.44 	 5576.422752172555 
31.46 	 5660.359461147382 
31.48 	 5745.055545045564 
31.5 	 5831.052392851918 
31.52 	 5919.129892875547 
31.54 	 6010.27443455074 
31.56 	 6105.649404428761 
31.58 	 6206.563979759455 
31.6 	 6314.435721867984 
31.62 	 6430.743774638059 
31.64 	 6556.972053895379 
31.66 	 6694.545004771606 
31.68 	 6844.761452639048 
31.7 	 7008.73394173549 
31.72 	 7187.341129737442 
31.74 	 7381.199055249421 
31.76 	 7590.653647140554 
31.78 	 7815.792361062752 
31.8 	 8056.468275660108 
31.82 	 8312.326428737522 
31.84 	 8582.820561148905 
31.86 	 8867.209355342755 
31.88 	 9164.524799284442 
31.9 	 9473.511016278897 
31.92 	 9792.538828546109 
31.94 	 10119.508195139735 
31.96 	 10451.756126963735 
31.98 	 10785.990559066593 
32.0 	 11118.27019846796 
32.02 	 11444.046390884063 
32.04 	 11758.276020627358 
32.06 	 12055.605396133726 
32.08 	 12330.6153852221 
32.1 	 12578.109288408818 
32.12 	 12793.418470240955 
32.14 	 12972.69760912884 
32.16 	 13113.182010259054 
32.18 	 13213.38355681772 
32.2 	 13273.208778348548 
32.22 	 13293.991004330393 
32.24 	 13278.437281578163 
32.26 	 13230.498385359866 
32.28 	 13155.175880584417 
32.3 	 13058.283293660626 
32.32 	 12946.179054260507 
32.34 	 12825.487423148623 
32.36 	 12702.820891285965 
32.38 	 12584.514355311054 
32.4 	 12476.37846939247 
32.42 	 12383.477408395353 
32.44 	 12309.935000645106 
32.46 	 12258.772667314253 
32.48 	 12231.782532591362 
32.5 	 12229.439101610526 
32.52 	 12250.852784562037 
32.54 	 12293.768169386753 
32.56 	 12354.609348363796 
32.58 	 12428.573891674627 
32.6 	 12509.776305276153 
32.62 	 12591.440959120526 
32.64 	 12666.143316545542 
32.66 	 12726.096518166929 
32.68 	 12763.47766494298 
32.7 	 12770.784363650482 
32.72 	 12741.207412435504 
32.74 	 12669.000466306801 
32.76 	 12549.823032426255 
32.78 	 12381.030299993161 
32.8 	 12161.883164731793 
32.82 	 11893.655106881764 
32.84 	 11579.619524794844 
32.86 	 11224.911244284613 
32.88 	 10836.268092390528 
32.9 	 10421.671026143207 
32.92 	 9989.91250899373 
32.94 	 9550.130912169947 
32.96 	 9111.352399822563 
32.98 	 8682.080417953957 
33.0 	 8269.966708916147 
33.02 	 7881.587622066695 
33.04 	 7522.336872253471 
33.06 	 7196.432610328336 
33.08 	 6907.024514513385 
33.1 	 6656.37708916247 
33.12 	 6446.099436268662 
33.14 	 6277.389759578076 
33.16 	 6151.264448694011 
33.18 	 6068.745959481092 
33.2 	 6030.989801542071 
33.22 	 6039.337742479724 
33.24 	 6095.291093704388 
33.26 	 6200.404306234829 
33.28 	 6356.105109215729 
33.3 	 6563.453313978956 
33.32 	 6822.856383695122 
33.34 	 7133.7658316504985 
33.36 	 7494.3838946019405 
33.38 	 7901.413713027011 
33.4 	 8349.887170757298 
33.42 	 8833.101443685046 
33.44 	 9342.687537021598 
33.46 	 9868.821854606309 
33.48 	 10400.576329701536 
33.5 	 10926.38591507196 
33.52 	 11434.596858074607 
33.54 	 11914.047750885002 
33.56 	 12354.62987661521 
33.58 	 12747.77491371303 
33.6 	 13086.826451639568 
33.62 	 13367.26568281305 
33.64 	 13586.77885687974 
33.66 	 13745.171958194082 
33.68 	 13844.15399058795 
33.7 	 13887.022108198202 
33.72 	 13878.288294592912 
33.74 	 13823.28797288109 
33.76 	 13727.8063370611 
33.78 	 13597.749579363905 
33.8 	 13438.877288479825 
33.82 	 13256.601042593864 
33.84 	 13055.844447688098 
33.86 	 12840.95302713261 
33.88 	 12615.6393113947 
33.9 	 12382.949340083003 
33.92 	 12145.2409607125 
33.94 	 11904.170540486924 
33.96 	 11660.691346525455 
33.98 	 11415.072169588122 
34.0 	 11166.947331669366 
34.02 	 10915.408210166665 
34.04 	 10659.141830732942 
34.06 	 10396.614768796702 
34.08 	 10126.292064923144 
34.1 	 9846.872941686835 
34.12 	 9557.51956120868 
34.14 	 9258.0531477196 
34.16 	 8949.094018221333 
34.18 	 8632.128061142585 
34.2 	 8309.490880876028 
34.22 	 7984.270625643724 
34.24 	 7660.139779952439 
34.26 	 7341.1335302775105 
34.28 	 7031.396818143509 
34.3 	 6734.923618496094 
34.32 	 6455.310641841673 
34.34 	 6195.544281466264 
34.36 	 5957.835107441459 
34.38 	 5743.5093787698015 
34.4 	 5552.962499915299 
34.42 	 5385.675372306104 
34.44 	 5240.29118232351 
34.46 	 5114.7471390192395 
34.48 	 5006.452802348809 
34.5 	 4912.503799831334 
34.52 	 4829.916981557487 
34.54 	 4755.870690810483 
34.56 	 4687.932275855 
34.58 	 4624.254739526572 
34.6 	 4563.725935763988 
34.62 	 4506.0571763091375 
34.64 	 4451.803389639764 
34.66 	 4402.313606547687 
34.68 	 4359.6177420072345 
34.7 	 4326.262396633439 
34.72 	 4305.11365584297 
34.74 	 4299.1477022413255 
34.76 	 4311.249886308416 
34.78 	 4344.039611321762 
34.8 	 4399.7324285995155 
34.82 	 4480.043095037484 
34.84 	 4586.125409698507 
34.86 	 4718.537985051739 
34.88 	 4877.22115493708 
34.9 	 5061.469961343206 
34.92 	 5269.891875718531 
34.94 	 5500.345040479914 
34.96 	 5749.862011188845 
34.98 	 6014.573322865617 
35.0 	 6289.65259271417 
35.02 	 6569.308470110053 
35.04 	 6846.847403984109 
35.06 	 7114.824740283198 
35.08 	 7365.290955641508 
35.1 	 7590.126628058251 
35.12 	 7781.446311972532 
35.14 	 7932.040140165085 
35.16 	 8035.814609590984 
35.18 	 8088.191732914937 
35.2 	 8086.428719846737 
35.22 	 8029.82787280361 
35.24 	 7919.817072477984 
35.26 	 7759.893420298227 
35.28 	 7555.434677705406 
35.3 	 7313.39380531991 
35.32 	 7041.900338341075 
35.34 	 6749.798190125957 
35.36 	 6446.152767952552 
35.38 	 6139.7612251891005 
35.4 	 5838.698516825861 
35.42 	 5549.928871391634 
35.44 	 5279.0074733983565 
35.46 	 5029.890685927785 
35.48 	 4804.865235822011 
35.5 	 4604.597812743646 
35.52 	 4428.297099734321 
35.54 	 4273.971160517285 
35.56 	 4138.755272842541 
35.58 	 4019.2796039907917 
35.6 	 3912.043276357223 
35.62 	 3813.7617541409036 
35.64 	 3721.6580900298745 
35.66 	 3633.6749983025993 
35.68 	 3548.5932280591314 
35.7 	 3466.0513381919127 
35.72 	 3386.4716856888863 
35.74 	 3310.9062483210655 
35.76 	 3240.822992438528 
35.78 	 3177.8582777293914 
35.8 	 3123.562931536861 
35.82 	 3079.169045332031 
35.84 	 3045.401393034546 
35.86 	 3022.3519926484555 
35.88 	 3009.4292504264686 
35.9 	 3005.3850111864745 
35.92 	 3008.41447926963 
35.94 	 3016.316233224757 
35.96 	 3026.6932920911786 
35.98 	 3037.1721555224376 
36.0 	 3045.6154627354977 
36.02 	 3050.305587038908 
36.04 	 3050.0808799841943 
36.06 	 3044.412756771179 
36.08 	 3033.4193858559565 
36.1 	 3017.8192491697664 
36.12 	 2998.834162393133 
36.14 	 2978.055654494968 
36.16 	 2957.290524698833 
36.18 	 2938.4010671434976 
36.2 	 2923.153473609303 
36.22 	 2913.0851430372904 
36.24 	 2909.3988813128153 
36.26 	 2912.8898328581627 
36.28 	 2923.9095759223464 
36.3 	 2942.3708116373446 
36.32 	 2967.794852887054 
36.34 	 2999.4020048692523 
36.36 	 3036.2415192207272 
36.38 	 3077.3531825124032 
36.4 	 3121.947413477276 
36.42 	 3169.586073961131 
36.44 	 3220.3432750905313 
36.46 	 3274.9252876535766 
36.48 	 3334.7316942316875 
36.5 	 3401.845863447715 
36.52 	 3478.9506941618138 
36.54 	 3569.173924259522 
36.56 	 3675.874612563962 
36.58 	 3802.387515314342 
36.6 	 3951.744472165934 
36.62 	 4126.391825447707 
36.64 	 4327.921176598163 
36.66 	 4556.828587024012 
36.68 	 4812.315686889766 
36.7 	 5092.1455957028065 
36.72 	 5392.566901788093 
36.74 	 5708.319323628864 
36.76 	 6032.73378876554 
36.78 	 6357.936227104249 
36.8 	 6675.15758155891 
36.82 	 6975.142448941372 
36.84 	 7248.636454971565 
36.86 	 7486.919904474222 
36.88 	 7682.344885706239 
36.9 	 7828.827216760483 
36.92 	 7922.245090675937 
36.94 	 7960.703551516309 
36.96 	 7944.637231183024 
36.98 	 7876.7411137645595 
37.0 	 7761.7377197397755 
37.02 	 7606.006103540055 
37.04 	 7417.110982261581 
37.06 	 7203.277641973411 
37.08 	 6972.859627055851 
37.1 	 6733.842292959669 
37.12 	 6493.417512344816 
37.14 	 6257.654871870912 
37.16 	 6031.284142202483 
37.18 	 5817.593777743722 
37.2 	 5618.441320173176 
37.22 	 5434.3640415106065 
37.24 	 5264.771968732396 
37.26 	 5108.20060804882 
37.28 	 4962.5974238015615 
37.3 	 4825.614786809679 
37.32 	 4694.88309768228 
37.34 	 4568.241362559307 
37.36 	 4443.908546935666 
37.38 	 4320.586983358765 
37.4 	 4197.497937645873 
37.42 	 4074.3578341505468 
37.44 	 3951.3102650834876 
37.46 	 3828.8326904724067 
37.48 	 3707.6371165246096 
37.5 	 3588.581112644682 
37.52 	 3472.600020549331 
37.54 	 3360.6643346968767 
37.56 	 3253.7594253030716 
37.58 	 3152.8793851839328 
37.6 	 3059.02380211631 
37.62 	 2973.186133900077 
37.64 	 2896.324927771166 
37.66 	 2829.3136742324045 
37.68 	 2772.870556546901 
37.7 	 2727.4745804215636 
37.72 	 2693.2785148564485 
37.74 	 2670.031056378307 
37.76 	 2657.020402821773 
37.78 	 2653.049190614098 
37.8 	 2656.447055932334 
37.82 	 2665.1226522874513 
37.84 	 2676.652528887749 
37.86 	 2688.4004415040076 
37.88 	 2697.6578068201084 
37.9 	 2701.794269882522 
37.92 	 2698.406701613306 
37.94 	 2685.4552521654873 
37.96 	 2661.3762103469912 
37.98 	 2625.163241833654 
38.0 	 2576.4110135674473 
38.02 	 2515.318170843037 
38.04 	 2442.6499776906508 
38.06 	 2359.6644298505653 
38.08 	 2268.0089746666595 
38.1 	 2169.5977323622474 
38.12 	 2066.4809237087093 
38.14 	 1960.7187762637602 
38.16 	 1854.2713754969461 
38.18 	 1748.9138223757345 
38.2 	 1646.1829272628727 
38.22 	 1547.357931239992 
38.24 	 1453.473889158345 
38.26 	 1365.3628446709974 
38.28 	 1283.7151553197073 
38.3 	 1209.151527803001 
38.32 	 1142.2955945727012 
38.34 	 1083.8371687026033 
38.36 	 1034.5775281283034 
38.38 	 995.450024721347 
38.4 	 967.5117905888827 
38.42 	 951.9051238310179 
38.44 	 949.7900802673744 
38.46 	 962.2526741159998 
38.48 	 990.1956892341819 
38.5 	 1034.2212103552938 
38.52 	 1094.515402172372 
38.54 	 1170.7466358430488 
38.56 	 1261.9877000617635 
38.58 	 1366.6715391113487 
38.6 	 1482.5878264154926 
38.62 	 1606.9248756160189 
38.64 	 1736.3581198624838 
38.66 	 1867.1828684120362 
38.68 	 1995.4854766206875 
38.7 	 2117.343623034139 
38.72 	 2229.0432618304235 
38.74 	 2327.297232876591 
38.76 	 2409.448747965883 
38.78 	 2473.6423690529414 
38.8 	 2518.946001083569 
38.82 	 2545.4101110336 
38.84 	 2554.0549455041382 
38.86 	 2546.7827602617353 
38.88 	 2526.219471341557 
38.9 	 2495.4978494279303 
38.92 	 2458.001355495274 
38.94 	 2417.0928637610555 
38.96 	 2375.8549131028203 
38.98 	 2336.86721179414 
39.0 	 2302.042842379248 
39.02 	 2272.537479664391 
39.04 	 2248.736945640154 
39.06 	 2230.318912080412 
39.08 	 2216.375952600833 
39.1 	 2205.5807078371436 
39.12 	 2196.3705373290845 
39.14 	 2187.129025954636 
39.16 	 2176.344843026396 
39.18 	 2162.7339571593975 
39.2 	 2145.317984964515 
39.22 	 2123.458276888389 
39.24 	 2096.8511218611447 
39.26 	 2065.49340388305 
39.28 	 2029.629819363589 
39.3 	 1989.6924602164147 
39.32 	 1946.2416463529553 
39.34 	 1899.9140336595615 
39.36 	 1851.3809577841696 
39.38 	 1801.3173177198198 
39.4 	 1750.3794558919083 
39.42 	 1699.1895941218856 
39.44 	 1648.3243444550258 
39.46 	 1598.3053768053774 
39.48 	 1549.5911726539136 
39.5 	 1502.5696307958667 
39.52 	 1457.5519097255278 
39.54 	 1414.7681976077258 
39.56 	 1374.3661057742906 
39.58 	 1336.412168030128 
39.6 	 1300.8966076598 
39.62 	 1267.741209585431 
39.64 	 1236.8098753141585 
39.66 	 1207.9212697111723 
39.68 	 1180.8628820263773 
39.7 	 1155.4057889444614 
39.72 	 1131.319391044701 
39.74 	 1108.3853728306 
39.76 	 1086.4101060411363 
39.78 	 1065.2346919560068 
39.8 	 1044.7418517454391 
39.82 	 1024.8589613175404 
39.84 	 1005.5567193404038 
39.86 	 986.8432472144378 
39.88 	 968.7538342364688 
39.9 	 951.3370167472768 
39.92 	 934.6381480230028 
39.94 	 918.6819943176985 
39.96 	 903.4561051569464 
39.98 	 888.8967009244102 
40.0 	 874.8785866543187 
