0.0 	 0.0009417624421765317 
0.02 	 0.0009811270485099374 
0.04 	 0.0010037434822269347 
0.06 	 0.0010093817123340539 
0.08 	 0.0009983721394822857 
0.1 	 0.000972427867817963 
0.12 	 0.00093406114512862 
0.14 	 0.0008867396351930584 
0.16 	 0.0008344950971036424 
0.18 	 0.0007817806562789111 
0.2 	 0.0007332165788340352 
0.22 	 0.0006934009757341364 
0.24 	 0.0006667884501084952 
0.26 	 0.0006576153857039268 
0.28 	 0.0006698846257542184 
0.3 	 0.0007074721322519224 
0.32 	 0.0007741437960066665 
0.34 	 0.0008738579001972724 
0.36 	 0.001010673827502557 
0.38 	 0.0011892871384793662 
0.4 	 0.0014145803524234309 
0.42 	 0.0016925398641033133 
0.44 	 0.0020290058796905816 
0.46 	 0.0024313612638360437 
0.48 	 0.002905720027998111 
0.5 	 0.0034602300545302184 
0.52 	 0.004099461533765925 
0.54 	 0.004830910057395839 
0.56 	 0.005654690723276611 
0.58 	 0.00657583038427915 
0.6 	 0.007586602853022619 
0.62 	 0.008688174933497448 
0.64 	 0.009862291503326728 
0.66 	 0.011106222489064796 
0.68 	 0.012390531580917116 
0.7 	 0.013710405215797847 
0.72 	 0.015027480407887562 
0.74 	 0.01633821054770336 
0.76 	 0.017600337584756955 
0.78 	 0.018815434337341855 
0.8 	 0.019943897349710714 
0.82 	 0.020995504640737867 
0.84 	 0.02193936592418383 
0.86 	 0.022794818295507866 
0.88 	 0.02354323247178644 
0.9 	 0.024212759174134662 
0.92 	 0.024796835889100772 
0.94 	 0.02532985060494885 
0.96 	 0.025813452041150372 
0.98 	 0.026284676515354176 
1.0 	 0.0267472517668608 
1.02 	 0.027237443973954677 
1.04 	 0.027754743008911075 
1.06 	 0.028332570555533648 
1.08 	 0.02896153536494707 
1.1 	 0.029672129389766377 
1.12 	 0.030443937489452715 
1.14 	 0.03130618058079999 
1.16 	 0.03222736990540635 
1.18 	 0.03323783228106488 
1.2 	 0.034295887638130816 
1.22 	 0.03543481054432338 
1.24 	 0.03660345391340687 
1.26 	 0.037838483431124996 
1.28 	 0.039079500511233455 
1.3 	 0.04036543322616927 
1.32 	 0.04162691655312905 
1.34 	 0.042902850294664466 
1.36 	 0.04411645663941842 
1.38 	 0.04530382369621238 
1.4 	 0.04638477732290232 
1.42 	 0.04738994455770016 
1.44 	 0.04824272559024551 
1.46 	 0.048966205554876525 
1.48 	 0.049496567620036125 
1.5 	 0.04984807731373088 
1.52 	 0.04997918332712001 
1.54 	 0.0498949473739554 
1.56 	 0.0495832100188167 
1.58 	 0.04904033375519437 
1.6 	 0.04828607946769581 
1.62 	 0.04730942932591552 
1.64 	 0.04615915847074798 
1.66 	 0.04481886892028657 
1.68 	 0.04335894571235164 
1.7 	 0.04176008267471401 
1.72 	 0.04010454329501956 
1.74 	 0.038372706396302574 
1.76 	 0.036648974458304645 
1.78 	 0.03491558923037331 
1.8 	 0.033250894030084736 
1.82 	 0.031640140958006754 
1.84 	 0.030149491543845254 
1.86 	 0.028766921988685284 
1.88 	 0.027542250915729802 
1.9 	 0.026464575345106878 
1.92 	 0.025564954628076855 
1.94 	 0.024831411269778787 
1.96 	 0.024275600463603653 
1.98 	 0.02388278592938163 
2.0 	 0.02364663939384525 
2.02 	 0.02354951832751421 
2.04 	 0.023570898223381494 
2.06 	 0.02369208348854472 
2.08 	 0.02388436972628586 
2.1 	 0.024131456737398475 
2.12 	 0.024403710938163507 
2.14 	 0.024691029583922698 
2.16 	 0.024969437654446314 
2.18 	 0.02523754182806381 
2.2 	 0.025480757576773764 
2.22 	 0.02570631133180503 
2.24 	 0.02590852464576137 
2.26 	 0.026100316628702235 
2.28 	 0.026280673500260598 
2.3 	 0.026463600104849945 
2.32 	 0.026647062749318582 
2.34 	 0.02684194831381075 
2.36 	 0.027041069657023253 
2.38 	 0.027250260923768147 
2.4 	 0.02745657509330761 
2.42 	 0.02766167406664303 
2.44 	 0.027849664417346744 
2.46 	 0.028020697647163924 
2.48 	 0.028160221136210167 
2.5 	 0.028269431522404007 
2.52 	 0.028338366447086958 
2.54 	 0.028370108723759377 
2.56 	 0.028359868282797695 
2.58 	 0.028311248757746994 
2.6 	 0.028222641587267106 
2.62 	 0.028095416580854026 
2.64 	 0.027928271746886668 
2.66 	 0.027717866629801687 
2.68 	 0.027461710713189317 
2.7 	 0.027151167449537404 
2.72 	 0.026783889287279934 
2.74 	 0.026347878661993687 
2.76 	 0.025844744659822637 
2.78 	 0.02526282336938484 
2.8 	 0.02461193557459784 
2.82 	 0.02388445349985213 
2.84 	 0.023100556006001714 
2.86 	 0.02225861315590876 
2.88 	 0.021387702698810802 
2.9 	 0.020491657068298856 
2.92 	 0.01960385630781027 
2.94 	 0.018731183508519066 
2.96 	 0.0179056643744185 
2.98 	 0.01713448090683901 
3.0 	 0.01644392800976627 
3.02 	 0.015839847152955205 
3.04 	 0.015340956729321287 
3.06 	 0.014951772566875543 
3.08 	 0.01468383001657805 
3.1 	 0.014541536280829473 
3.12 	 0.014530625644035563 
3.14 	 0.014656987847923275 
3.16 	 0.014921728466866286 
3.18 	 0.015333743969326297 
3.2 	 0.015890017852359817 
3.22 	 0.01660420101402107 
3.24 	 0.017469279076069072 
3.26 	 0.0185064109864186 
3.28 	 0.019704758820600573 
3.3 	 0.021097441459508294 
3.32 	 0.022669796465371143 
3.34 	 0.02447314020067074 
3.36 	 0.026487301626850587 
3.38 	 0.028789185202008297 
3.4 	 0.03134684206582061 
3.42 	 0.03427039995674382 
3.44 	 0.03750166493654295 
3.46 	 0.04119164200757614 
3.48 	 0.04523055811363395 
3.5 	 0.04981945799340708 
3.52 	 0.054761409855624034 
3.54 	 0.060321420935336746 
3.56 	 0.06617535490788662 
3.58 	 0.07267382928645033 
3.6 	 0.07933152658431263 
3.62 	 0.08661316351620514 
3.64 	 0.09385589683687827 
3.66 	 0.10166725955544866 
3.68 	 0.10921478998723148 
3.7 	 0.11726836413758464 
3.72 	 0.12485462698219678 
3.74 	 0.13291033574151348 
3.76 	 0.14035653854834104 
3.78 	 0.1482886438459157 
3.8 	 0.1555443880754001 
3.82 	 0.16336546223376974 
3.84 	 0.170500829776917 
3.86 	 0.17833103056212152 
3.88 	 0.18548260898274557 
3.9 	 0.19347626288873404 
3.92 	 0.20077031106255608 
3.94 	 0.2090315253193571 
3.96 	 0.21651724172897263 
3.98 	 0.22503956491604316 
4.0 	 0.23265767696943798 
4.02 	 0.2413076877624521 
4.04 	 0.2488998675674556 
4.06 	 0.2574430742482707 
4.08 	 0.2647904930285512 
4.1 	 0.2729444064190035 
4.12 	 0.27981838448784463 
4.14 	 0.28731574805451154 
4.16 	 0.2935274487076831 
4.18 	 0.3001763127476963 
4.2 	 0.305617953568829 
4.22 	 0.3113482323967101 
4.24 	 0.31602062835668654 
4.26 	 0.32090773606404044 
4.28 	 0.32492858549678044 
4.3 	 0.32918610641323715 
4.32 	 0.3327734361018595 
4.34 	 0.33671115085043896 
4.36 	 0.3401398125479116 
4.38 	 0.3440917127771233 
4.4 	 0.3476288652761142 
4.42 	 0.35186676273106465 
4.44 	 0.3557025697192371 
4.46 	 0.3603603339435991 
4.48 	 0.36455664054044373 
4.5 	 0.3695915062636377 
4.52 	 0.37406772876757655 
4.54 	 0.37927441811107443 
4.56 	 0.3838361198736168 
4.58 	 0.38891034086385806 
4.6 	 0.3933097143197996 
4.62 	 0.3979394601821699 
4.64 	 0.4019468240160425 
4.66 	 0.4059005551337758 
4.68 	 0.40936435943217747 
4.7 	 0.412546906739476 
4.72 	 0.4154245437842449 
4.74 	 0.4178839623772148 
4.76 	 0.4202359605033128 
4.78 	 0.4221249272505107 
4.8 	 0.42407974177503177 
4.82 	 0.42559470468039173 
4.84 	 0.42730356731195024 
4.86 	 0.4286308948944942 
4.88 	 0.43023269705443323 
4.9 	 0.4315188715878783 
4.92 	 0.43312316320429806 
4.94 	 0.4344665191724993 
4.96 	 0.43614917248300294 
4.98 	 0.4375997865953873 
5.0 	 0.43940125953834464 
5.02 	 0.4409582724903828 
5.04 	 0.4428785880432205 
5.06 	 0.44448242898819795 
5.08 	 0.4464723598481226 
5.1 	 0.4479939086461605 
5.12 	 0.4499435280207859 
5.14 	 0.45117260966602696 
5.16 	 0.45289849599749504 
5.18 	 0.4535359326282685 
5.2 	 0.4547714321587059 
5.22 	 0.4544350412414126 
5.24 	 0.4548344974651132 
5.26 	 0.4530952599478498 
5.28 	 0.4522680110275885 
5.3 	 0.4487295745275745 
5.32 	 0.4463157389055506 
5.34 	 0.4407327320245525 
5.36 	 0.4365150019541442 
5.38 	 0.4289157366809742 
5.4 	 0.42293124236009316 
5.42 	 0.41368391913407837 
5.44 	 0.40627542002347683 
5.46 	 0.396042374860655 
5.48 	 0.38780059701681935 
5.5 	 0.37738035306713125 
5.52 	 0.368991329614038 
5.54 	 0.3591227159488226 
5.56 	 0.35120039277962306 
5.58 	 0.3424275559438508 
5.6 	 0.33541506049004655 
5.62 	 0.32805768798686163 
5.64 	 0.32221649314025946 
5.66 	 0.31641032142772946 
5.68 	 0.3118529864506734 
5.7 	 0.3075944594830308 
5.72 	 0.30430862436790546 
5.74 	 0.30146741322820664 
5.76 	 0.2993160301997931 
5.78 	 0.297628153133525 
5.8 	 0.2963484629478747 
5.82 	 0.2954275763082496 
5.84 	 0.2946592625771609 
5.86 	 0.29405334655508153 
5.88 	 0.29340793439353585 
5.9 	 0.29270005733239224 
5.92 	 0.29185917988335996 
5.94 	 0.29078469944689495 
5.96 	 0.28959757616777193 
5.98 	 0.2881345526431238 
6.0 	 0.2866763660249827 
6.02 	 0.28506413286753535 
6.04 	 0.28362009674815625 
6.06 	 0.28228074458432595 
6.08 	 0.28124575920913253 
6.1 	 0.28062823338134935 
6.12 	 0.2803575765679381 
6.14 	 0.28077187375061174 
6.16 	 0.281453235570191 
6.18 	 0.28297174037367717 
6.2 	 0.2845770668350309 
6.22 	 0.28703719630122193 
6.24 	 0.2893606659621995 
6.26 	 0.29244378049435066 
6.28 	 0.2951859040124689 
6.3 	 0.2985184068841276 
6.32 	 0.30136812913920763 
6.34 	 0.30460176302810515 
6.36 	 0.30729016813493626 
6.38 	 0.31014708642459227 
6.4 	 0.31247178017869753 
6.42 	 0.31476213552493576 
6.44 	 0.31659451013857903 
6.46 	 0.3182209066885072 
6.48 	 0.31950779323495004 
6.5 	 0.3204647085887111 
6.52 	 0.32122711793430475 
6.54 	 0.321592117501924 
6.56 	 0.32191420341179355 
6.58 	 0.3218202234792211 
6.6 	 0.32181818757849073 
6.62 	 0.3213992309350394 
6.64 	 0.3211669890326103 
6.66 	 0.32048429825631725 
6.68 	 0.32002826219352754 
6.7 	 0.3190023787016783 
6.72 	 0.3181916627676532 
6.74 	 0.3165741885623158 
6.76 	 0.31513380481922165 
6.78 	 0.3125433203819083 
6.8 	 0.31010492454254657 
6.82 	 0.30612933014050303 
6.84 	 0.30233518699152323 
6.86 	 0.2966783539472753 
6.88 	 0.29131606948615835 
6.9 	 0.2839455682345404 
6.92 	 0.277073094029039 
6.94 	 0.26831099777359 
6.96 	 0.26031699450155243 
6.98 	 0.2508200399701616 
7.0 	 0.2423731729942737 
7.02 	 0.23298919888615585 
7.04 	 0.22487870967339726 
7.06 	 0.21643368287176276 
7.08 	 0.20936957588073343 
7.1 	 0.2024821197198932 
7.12 	 0.19694682667869937 
7.14 	 0.19194059145578043 
7.16 	 0.18813845529527082 
7.18 	 0.18505102434415568 
7.2 	 0.18293454445267526 
7.22 	 0.18157306776693774 
7.24 	 0.18089771701816115 
7.26 	 0.18089801957498766 
7.28 	 0.1812771819524816 
7.3 	 0.1821570902410023 
7.32 	 0.1831172133704029 
7.34 	 0.18433583126613454 
7.36 	 0.1853802497782064 
7.38 	 0.1864108323028623 
7.4 	 0.18709117541288373 
7.42 	 0.1874998075025283 
7.44 	 0.18748264821661745 
7.46 	 0.186994014733795 
7.48 	 0.18610652047897572 
7.5 	 0.18463704741671205 
7.52 	 0.18287835110318268 
7.54 	 0.1805245265975159 
7.56 	 0.1780374694992856 
7.58 	 0.17502112883319157 
7.6 	 0.17203162463422814 
7.62 	 0.16862078493375732 
7.64 	 0.16536595558015904 
7.66 	 0.1618012728951516 
7.68 	 0.1584739394985063 
7.7 	 0.1549279376166703 
7.72 	 0.151656624867549 
7.74 	 0.14823460772188482 
7.76 	 0.14509818305564315 
7.78 	 0.14186712023249892 
7.8 	 0.13892477637340997 
7.82 	 0.135944189106082 
7.84 	 0.13325685577905205 
7.86 	 0.13059065666191386 
7.88 	 0.12822061454121642 
7.9 	 0.12592560759847193 
7.92 	 0.12391810677917939 
7.94 	 0.12202109676960948 
7.96 	 0.12038332824699563 
7.98 	 0.1188645326840214 
8.0 	 0.11755725003420443 
8.02 	 0.11635189993174118 
8.04 	 0.11530028932326361 
8.06 	 0.11431968471673286 
8.08 	 0.11344038021140468 
8.1 	 0.11260549430577445 
8.12 	 0.11184098853381741 
8.14 	 0.11111820725894146 
8.16 	 0.11046819643703594 
8.18 	 0.109896194927775 
8.2 	 0.1094355947995615 
8.22 	 0.10913337045307102 
8.24 	 0.10900860830814352 
8.26 	 0.10915825794702978 
8.28 	 0.10955846846543672 
8.3 	 0.11036355076833328 
8.32 	 0.11147177532333677 
8.34 	 0.11310146434657073 
8.36 	 0.11503984613771594 
8.38 	 0.1175760250551146 
8.4 	 0.12036317148600442 
8.42 	 0.12376771045500504 
8.44 	 0.12730254297196403 
8.46 	 0.13141459624596843 
8.48 	 0.1354906954392687 
8.5 	 0.14005279570876408 
8.52 	 0.14439602168984697 
8.54 	 0.14909852195498524 
8.56 	 0.1534139662709985 
8.58 	 0.15794340838162518 
8.6 	 0.1619573988725317 
8.62 	 0.1660357729100889 
8.64 	 0.16952308038557612 
8.66 	 0.17292991892402174 
8.68 	 0.17572283900641486 
8.7 	 0.17829897116326046 
8.72 	 0.18028175586037817 
8.74 	 0.18192092394567003 
8.76 	 0.18301876814123885 
8.78 	 0.1836588268925327 
8.8 	 0.18383307170124497 
8.82 	 0.18345855414066414 
8.84 	 0.18271626148022208 
8.86 	 0.18137634834838873 
8.88 	 0.17979250255404566 
8.9 	 0.17762534200427796 
8.92 	 0.1753640026804898 
8.94 	 0.17260788709029545 
8.96 	 0.16992279410233863 
8.98 	 0.16689596203606763 
9.0 	 0.16409802758329045 
9.02 	 0.1611442786291915 
9.04 	 0.15854147156929652 
9.06 	 0.15595945988373872 
9.08 	 0.15379201725665587 
9.1 	 0.15177680530145943 
9.12 	 0.1501740753872645 
9.14 	 0.14879221179697952 
9.16 	 0.14776461636820679 
9.18 	 0.14696566107150819 
9.2 	 0.1464274274062648 
9.22 	 0.14607968616283376 
9.24 	 0.1458875383164899 
9.26 	 0.14582140585481365 
9.28 	 0.1458142874831044 
9.3 	 0.14586050967392614 
9.32 	 0.14589085110081101 
9.34 	 0.14590726231632634 
9.36 	 0.14586017466843273 
9.38 	 0.14574559128101106 
9.4 	 0.14554653665799214 
9.42 	 0.14524368355968226 
9.44 	 0.14485729501254146 
9.46 	 0.14434788122590902 
9.48 	 0.14377089806911078 
9.5 	 0.1430657059590464 
9.52 	 0.14231642741608072 
9.54 	 0.14144294597476106 
9.56 	 0.14054975600909078 
9.58 	 0.1395407957346029 
9.6 	 0.13853366993503904 
9.62 	 0.13742183231809876 
9.64 	 0.13633148178428228 
9.66 	 0.135153564275698 
9.68 	 0.13402033712607245 
9.7 	 0.13283087104151894 
9.72 	 0.13171948478873646 
9.74 	 0.13060559735793156 
9.76 	 0.12961583116916173 
9.78 	 0.12870165357992555 
9.8 	 0.12796433620465603 
9.82 	 0.1273964860665397 
9.84 	 0.12705065915903616 
9.86 	 0.12696622366458118 
9.88 	 0.12712405714325675 
9.9 	 0.12761302647693737 
9.92 	 0.1283269757547832 
9.94 	 0.12940510200184613 
9.96 	 0.13065139816481597 
9.98 	 0.13225436918773822 
10.0 	 0.13393870895083515 
10.02 	 0.13593825745782068 
10.04 	 0.1379194234405293 
10.06 	 0.1401532833278015 
10.08 	 0.14227443425188913 
10.1 	 0.14457900974723606 
10.12 	 0.1466963888348544 
10.14 	 0.14893321205829346 
10.16 	 0.15093597157916452 
10.18 	 0.15300771365240406 
10.2 	 0.15482741702835773 
10.22 	 0.15668382180799006 
10.24 	 0.15829587882731197 
10.26 	 0.1599328768526407 
10.28 	 0.16135355585740224 
10.3 	 0.16280896175685444 
10.32 	 0.16409022327254225 
10.34 	 0.16543671908684096 
10.36 	 0.1666577104312955 
10.38 	 0.16799010400670403 
10.4 	 0.16924143554112758 
10.42 	 0.17065410951012294 
10.44 	 0.17201242334461958 
10.46 	 0.1735673058414131 
10.48 	 0.1750641066587994 
10.5 	 0.17675794533204606 
10.52 	 0.17835437685472433 
10.54 	 0.18010049680397386 
10.56 	 0.1816822765189811 
10.58 	 0.18332033758817912 
10.6 	 0.1847210868172417 
10.62 	 0.18605821101805495 
10.64 	 0.1871079225666281 
10.66 	 0.1879812050829845 
10.68 	 0.1885656007519793 
10.7 	 0.18890540903726752 
10.72 	 0.18901538071419147 
10.74 	 0.18888441260465572 
10.76 	 0.1886341287307321 
10.78 	 0.1882213898555301 
10.8 	 0.18782120178621783 
10.82 	 0.1873852558650935 
10.84 	 0.18707306728602663 
10.86 	 0.186852538032656 
10.88 	 0.18680931108687715 
10.9 	 0.1869381832895722 
10.92 	 0.18722501355961738 
10.94 	 0.18769019527339645 
10.96 	 0.18823422588314884 
10.98 	 0.18889063688071855 
11.0 	 0.1895209351257177 
11.02 	 0.1901508100982869 
11.04 	 0.19066234119329853 
11.06 	 0.1910491009185812 
11.08 	 0.1912661827393982 
11.1 	 0.19125428380599394 
11.12 	 0.19107210770468994 
11.14 	 0.1905954593952089 
11.16 	 0.18999016457800305 
11.18 	 0.18906488592639 
11.2 	 0.1880739138463641 
11.22 	 0.18676356163100247 
11.24 	 0.18544823724863133 
11.26 	 0.1838204012243007 
11.28 	 0.18223081950497663 
11.3 	 0.18032937168432564 
11.32 	 0.17849272368484045 
11.34 	 0.17634409077450172 
11.36 	 0.17428673176447662 
11.38 	 0.17193991372771988 
11.4 	 0.16973289506770922 
11.42 	 0.1673093384944184 
11.44 	 0.1651072398938912 
11.46 	 0.1628221701323473 
11.48 	 0.1608593289027284 
11.5 	 0.1589832519102762 
11.52 	 0.15750863272808024 
11.54 	 0.15626840340174436 
11.56 	 0.1554360357638204 
11.58 	 0.15489394280932725 
11.6 	 0.15465863218499779 
11.62 	 0.1546284419451248 
11.64 	 0.15470072724709868 
11.66 	 0.15474537281667275 
11.68 	 0.15463139338069776 
11.7 	 0.1541502211307627 
11.72 	 0.15326521336301271 
11.74 	 0.1516467907326487 
11.76 	 0.14947070145942262 
11.78 	 0.14627328869827053 
11.8 	 0.14251429540346414 
11.82 	 0.13763135237168336 
11.84 	 0.13236088213961697 
11.86 	 0.12612254425547065 
11.88 	 0.1198360072195203 
11.9 	 0.11299687980999822 
11.92 	 0.10655491101324203 
11.94 	 0.10014530193860238 
11.96 	 0.09458579241130664 
11.98 	 0.08966182600795694 
12.0 	 0.08593695975207456 
12.02 	 0.0833188027289597 
12.04 	 0.08205527619159392 
12.06 	 0.08214544720780843 
12.08 	 0.08351037672028219 
12.1 	 0.08623527104573088 
12.12 	 0.08993276595229685 
12.14 	 0.09479539257315955 
12.16 	 0.10016758307998908 
12.18 	 0.10637292057935142 
12.2 	 0.11255795176707907 
12.22 	 0.11917198922015397 
12.24 	 0.1252737808499287 
12.26 	 0.13138702416091505 
12.28 	 0.13662574436783945 
12.3 	 0.14150176024827021 
12.32 	 0.145330293357803 
12.34 	 0.14852401451784175 
12.36 	 0.15070360405669125 
12.38 	 0.15212948661186917 
12.4 	 0.15275237129529465 
12.42 	 0.15267547122910194 
12.44 	 0.15211461400219997 
12.46 	 0.15104588239323144 
12.48 	 0.1498238080323087 
12.5 	 0.14833713097368606 
12.52 	 0.14694545418946692 
12.54 	 0.1454818853280134 
12.56 	 0.14422275833166498 
12.58 	 0.14296507095563318 
12.6 	 0.14188338429488695 
12.62 	 0.14074816332625284 
12.64 	 0.13967353009189568 
12.66 	 0.13840537146382542 
12.68 	 0.1370669083713378 
12.7 	 0.13537696096606258 
12.72 	 0.13353080716449953 
12.74 	 0.13121862394439276 
12.76 	 0.12873958393999288 
12.78 	 0.1257593519396091 
12.8 	 0.12267376758288999 
12.82 	 0.11913467968799368 
12.84 	 0.11559688626974476 
12.86 	 0.11171289525363004 
12.88 	 0.10794704405340895 
12.9 	 0.10396736330458377 
12.92 	 0.1002053108856857 
12.94 	 0.0963576778633677 
12.96 	 0.0927977480654555 
12.98 	 0.08926159492602274 
13.0 	 0.08605566144678137 
13.02 	 0.08296185428864858 
13.04 	 0.08022078020385123 
13.06 	 0.07766134756910757 
13.08 	 0.07546166846585488 
13.1 	 0.07349289618515491 
13.12 	 0.07187274386971722 
13.14 	 0.07050526458741126 
13.16 	 0.06944975432544895 
13.18 	 0.06863253055465088 
13.2 	 0.06806051331568409 
13.22 	 0.06767437479168005 
13.24 	 0.06744267982027084 
13.26 	 0.06731796507775552 
13.28 	 0.06725261128093815 
13.3 	 0.06721381806745516 
13.32 	 0.06716272120276712 
13.34 	 0.0670863316504482 
13.36 	 0.06697276508961814 
13.38 	 0.06683197017403301 
13.4 	 0.06668169725046406 
13.42 	 0.06655227964748275 
13.44 	 0.06647573729348842 
13.46 	 0.06649400865844904 
13.48 	 0.06662691717723634 
13.5 	 0.06691675399975781 
13.52 	 0.06734700349725803 
13.54 	 0.06795262906600204 
13.56 	 0.06867132799004441 
13.58 	 0.06953046602291166 
13.6 	 0.07043160353304186 
13.62 	 0.07140049791902706 
13.64 	 0.07232624531844419 
13.66 	 0.07324080329528881 
13.68 	 0.07404770856466888 
13.7 	 0.07479090873098442 
13.72 	 0.07540748777148283 
13.74 	 0.07595599390510896 
13.76 	 0.07641132482747395 
13.78 	 0.07684692271395764 
13.8 	 0.07726381624865065 
13.82 	 0.0777497706915594 
13.84 	 0.07830867726107073 
13.86 	 0.0790425593776838 
13.88 	 0.0799306573640485 
13.9 	 0.08109078404086319 
13.92 	 0.0824528310751706 
13.94 	 0.0841538602641351 
13.96 	 0.08605715323881777 
13.98 	 0.08832339002080586 
14.0 	 0.09074159997980563 
14.02 	 0.09349900452359906 
14.04 	 0.0963135384916473 
14.06 	 0.09939755845156316 
14.08 	 0.10241306948334593 
14.1 	 0.10558957660042122 
14.12 	 0.10856093987660351 
14.14 	 0.11155871191326984 
14.16 	 0.11422715408933162 
14.18 	 0.11677960455158971 
14.2 	 0.11891416805800836 
14.22 	 0.12080500104104254 
14.24 	 0.12224287945168373 
14.26 	 0.12334679594327146 
14.28 	 0.12402397964179207 
14.3 	 0.12433181606199073 
14.32 	 0.12429546521254217 
14.34 	 0.12391506591570978 
14.36 	 0.12331223230154614 
14.38 	 0.12244263487856855 
14.4 	 0.12148660289392704 
14.42 	 0.12037220196482577 
14.44 	 0.11929580146763336 
14.46 	 0.11817487105560079 
14.48 	 0.11718534444404047 
14.5 	 0.11624893762508037 
14.52 	 0.11549759668236131 
14.54 	 0.11486899902016214 
14.56 	 0.11444136604352415 
14.58 	 0.11417646468281989 
14.6 	 0.11409944076218011 
14.62 	 0.11420025333282317 
14.64 	 0.11445712981243074 
14.66 	 0.11488790647645956 
14.68 	 0.11543172735515328 
14.7 	 0.11612940815313577 
14.72 	 0.11688903420910084 
14.74 	 0.11776505969601149 
14.76 	 0.11864363196133983 
14.78 	 0.11957946510471577 
14.8 	 0.12044934691304712 
14.82 	 0.12129146864297728 
14.84 	 0.12199156561850762 
14.86 	 0.1225521251094788 
14.88 	 0.12289247927255313 
14.9 	 0.12295965354285751 
14.92 	 0.1227355718580828 
14.94 	 0.1220946472035924 
14.96 	 0.12111011327133395 
14.98 	 0.11957382860837565 
15.0 	 0.11767233788766172 
15.02 	 0.11511713740308825 
15.04 	 0.1122164929750126 
15.06 	 0.10861877746294252 
15.08 	 0.10474336630472394 
15.1 	 0.10020607713446834 
15.12 	 0.09550607190229815 
15.14 	 0.09026318211992465 
15.16 	 0.0850084282675013 
15.18 	 0.07939762946517796 
15.2 	 0.07393936896788694 
15.22 	 0.06834415272633301 
15.24 	 0.06305104066127358 
15.26 	 0.05782850894398705 
15.28 	 0.05301765926556278 
15.3 	 0.04843747155239492 
15.32 	 0.04432547958718137 
15.34 	 0.04054020799782926 
15.36 	 0.037228540819859914 
15.38 	 0.03427916455724081 
15.4 	 0.031770458416642486 
15.42 	 0.02961471209561367 
15.44 	 0.027844148973578516 
15.46 	 0.026389894481612223 
15.48 	 0.025255348634100477 
15.5 	 0.02438639073096291 
15.52 	 0.023768920776257762 
15.54 	 0.02335996795200004 
15.56 	 0.02313484524168687 
15.58 	 0.02305897896351909 
15.6 	 0.02310181421806116 
15.62 	 0.023235560331270368 
15.64 	 0.02342791807906973 
15.66 	 0.023657304281748243 
15.68 	 0.023893836349420598 
15.7 	 0.024122231939354276 
15.72 	 0.024319058465201323 
15.74 	 0.024475667962473628 
15.76 	 0.024578316925009534 
15.78 	 0.024625147293585854 
15.8 	 0.024613684746620543 
15.82 	 0.02454841846097482 
15.84 	 0.024437380185873443 
15.86 	 0.024290046167331217 
15.88 	 0.024121786640373392 
15.9 	 0.023944828225290038 
15.92 	 0.02377713748156521 
15.94 	 0.023631163097881693 
15.96 	 0.02352266067493642 
15.98 	 0.023462418731873436 
16.0 	 0.02346058225493973 
16.02 	 0.023525762494547246 
16.04 	 0.023661131377881898 
16.06 	 0.023873924833941094 
16.08 	 0.02416049163704418 
16.1 	 0.024527965046053382 
16.12 	 0.024966308574167637 
16.14 	 0.02548321343359705 
16.16 	 0.026061997153058486 
16.18 	 0.02671040685967675 
16.2 	 0.02740419150675009 
16.22 	 0.028149864379843303 
16.24 	 0.028915170054205745 
16.26 	 0.02970434209215028 
16.28 	 0.03047871923948378 
16.3 	 0.031240411148544384 
16.32 	 0.03194882891601367 
16.34 	 0.03260553857347404 
16.36 	 0.033174729194607074 
16.38 	 0.033659771943344255 
16.4 	 0.034036475319214644 
16.42 	 0.034312013301355505 
16.44 	 0.034478216243153295 
16.46 	 0.03454677979864557 
16.48 	 0.03452579943364333 
16.5 	 0.03443070885774196 
16.52 	 0.03428200466963869 
16.54 	 0.03409717519153988 
16.56 	 0.033902866586187914 
16.58 	 0.033717121406736376 
16.6 	 0.03356639338636716 
16.62 	 0.03346884916659413 
16.64 	 0.033445828597891664 
16.66 	 0.03351633628016833 
16.68 	 0.03369308699169622 
16.7 	 0.03399692107469906 
16.72 	 0.0344286378387694 
16.74 	 0.03501091764662805 
16.76 	 0.035728375899325725 
16.78 	 0.0366037025302748 
16.8 	 0.03760018471368154 
16.82 	 0.03873709648777876 
16.84 	 0.0399524867021516 
16.86 	 0.04125850028028272 
16.88 	 0.04256893812823211 
16.9 	 0.043886488510735656 
16.92 	 0.045110076833959664 
16.94 	 0.046233150795598754 
16.96 	 0.047158361774681 
16.98 	 0.047872905689472854 
17.0 	 0.048307344180396276 
17.02 	 0.04844778938582206 
17.04 	 0.04827453184106364 
17.06 	 0.04777855236553155 
17.08 	 0.046999985619739455 
17.1 	 0.04593899366629462 
17.12 	 0.044687970396673306 
17.14 	 0.04325601139847156 
17.16 	 0.041763832912676456 
17.18 	 0.04022332213648334 
17.2 	 0.03875222766777268 
17.22 	 0.03735555161445437 
17.24 	 0.0361216633709813 
17.26 	 0.035040815905916796 
17.28 	 0.03415938830703479 
17.3 	 0.03345141094883326 
17.32 	 0.032924026831070034 
17.34 	 0.03254043140690423 
17.36 	 0.03228174802213113 
17.38 	 0.03210914168348912 
17.4 	 0.031994089257954224 
17.42 	 0.03190353861718407 
17.44 	 0.03181290582162567 
17.46 	 0.0316990610806937 
17.48 	 0.03154919461772344 
17.5 	 0.03135029597478504 
17.52 	 0.031103222668143436 
17.54 	 0.030802626892285384 
17.56 	 0.030460553727829368 
17.58 	 0.030075880978391863 
17.6 	 0.029667213950591877 
17.62 	 0.02923454638955526 
17.64 	 0.028798278793517013 
17.66 	 0.028357434109339958 
17.68 	 0.027930596434435084 
17.7 	 0.02751489309581998 
17.72 	 0.027125092409649065 
17.74 	 0.026756423425593777 
17.76 	 0.02641926807631942 
17.78 	 0.026107469230618074 
17.8 	 0.025827389490278307 
17.82 	 0.02557212985331435 
17.84 	 0.025344846492064095 
17.86 	 0.02513843576769781 
17.88 	 0.024953775487531648 
17.9 	 0.02478390261529232 
17.92 	 0.024628294662824183 
17.94 	 0.024480288308510133 
17.96 	 0.02433872061988641 
17.98 	 0.024197237604522113 
18.0 	 0.024054659712902843 
18.02 	 0.023904857944312904 
18.04 	 0.023747149333038873 
18.06 	 0.023575530899835568 
18.08 	 0.0233902675056826 
18.1 	 0.023185440680303575 
18.12 	 0.02296266501522985 
18.14 	 0.0227161299720471 
18.16 	 0.022449083641640805 
18.18 	 0.022155839841087398 
18.2 	 0.02184133404535603 
18.22 	 0.02149992854962426 
18.24 	 0.02113802328274072 
18.26 	 0.020749856564438045 
18.28 	 0.02034288706694854 
18.3 	 0.019911067285698372 
18.32 	 0.019462524732535416 
18.34 	 0.018990927386963317 
18.36 	 0.018504876403767863 
18.38 	 0.017998010873708288 
18.4 	 0.017479450565447852 
18.42 	 0.016943277276375946 
18.44 	 0.01639929787662192 
18.46 	 0.01584256120971987 
18.48 	 0.01528363497341617 
18.5 	 0.014718889129916635 
18.52 	 0.014159423345318776 
18.54 	 0.013602930147617967 
18.56 	 0.013060430927844643 
18.58 	 0.01253055030953048 
18.6 	 0.012023361455762532 
18.62 	 0.011537790781091517 
18.64 	 0.011082124718273157 
18.66 	 0.010655006021220095 
18.68 	 0.010262446210262647 
18.7 	 0.009902528294996951 
18.72 	 0.009579021793628332 
18.74 	 0.00928957771287421 
18.76 	 0.009036208989613811 
18.78 	 0.00881655048264723 
18.8 	 0.008631542469470087 
18.82 	 0.008479272309416166 
18.84 	 0.008360200584628698 
18.86 	 0.008273176357035858 
18.88 	 0.00821849477450293 
18.9 	 0.008195822010178735 
18.92 	 0.008205286637975625 
18.94 	 0.008247204106486642 
18.96 	 0.008321300779742954 
18.98 	 0.00842825795246459 
19.0 	 0.008567070123871937 
19.02 	 0.008738526888032677 
19.04 	 0.008940637063629344 
19.06 	 0.009174235303711286 
19.08 	 0.0094363683868105 
19.1 	 0.009728253482704341 
19.12 	 0.010046499977550647 
19.14 	 0.010393667966647615 
19.16 	 0.010767122752550365 
19.18 	 0.01117249769555622 
19.2 	 0.01160973146437365 
19.22 	 0.012089965689803143 
19.24 	 0.012617725819890398 
19.26 	 0.013212422726304556 
19.28 	 0.013884480523546265 
19.3 	 0.014663999080542204 
19.32 	 0.015566610814437797 
19.34 	 0.016634427376561157 
19.36 	 0.01788411458326015 
19.38 	 0.019369547214288164 
19.4 	 0.02109947894289247 
19.42 	 0.023137998825535817 
19.44 	 0.025471725075829826 
19.46 	 0.028173453897888515 
19.48 	 0.031189221728057697 
19.5 	 0.03460121346508521 
19.52 	 0.03829553019798994 
19.54 	 0.04236832437967904 
19.56 	 0.046631085444540935 
19.58 	 0.05120181925658873 
19.6 	 0.05581402826531708 
19.62 	 0.06061483946617907 
19.64 	 0.06527296823550152 
19.66 	 0.06996537541665288 
19.68 	 0.0743270263608155 
19.7 	 0.07855444080310185 
19.72 	 0.08229332569696046 
19.74 	 0.08573894029464077 
19.76 	 0.08859611721032581 
19.78 	 0.09103338911089996 
19.8 	 0.09285501921232443 
19.82 	 0.09418124326999856 
19.84 	 0.09493771314353033 
19.86 	 0.09518558686088012 
19.88 	 0.09497059780149315 
19.9 	 0.09429704065852816 
19.92 	 0.0933080712123543 
19.94 	 0.09196362062533557 
19.96 	 0.09046772882536369 
19.98 	 0.08875329255376324 
20.0 	 0.08704463312088402 
20.02 	 0.08526441670665043 
20.04 	 0.08362120981533218 
20.06 	 0.08204033515774646 
20.08 	 0.08068829633757339 
20.1 	 0.07950091012272 
20.12 	 0.07858744238056903 
20.14 	 0.07789741602136795 
20.16 	 0.07747789131579606 
20.18 	 0.07729186904091848 
20.2 	 0.07732813924445094 
20.22 	 0.07756096289686408 
20.24 	 0.07793304190389987 
20.26 	 0.07842705561035272 
20.28 	 0.07895936919981025 
20.3 	 0.07951855383230125 
20.32 	 0.08001952093710896 
20.34 	 0.08045485397770724 
20.36 	 0.0807627067275317 
20.38 	 0.08093822218386534 
20.4 	 0.08096010868711283 
20.42 	 0.08082442852365453 
20.44 	 0.08055446362662082 
20.46 	 0.08014466051159626 
20.48 	 0.07965255394743491 
20.5 	 0.07906740170837916 
20.52 	 0.07846153861051468 
20.54 	 0.07781551404644414 
20.56 	 0.0771970264965164 
20.58 	 0.07657650574011968 
20.6 	 0.07600577578845645 
20.62 	 0.0754474217851133 
20.64 	 0.07493730536723314 
20.66 	 0.07443585685355905 
20.68 	 0.0739708856402127 
20.7 	 0.0735076836525622 
20.72 	 0.07307525985485976 
20.74 	 0.0726494955421622 
20.76 	 0.07226497033143203 
20.78 	 0.071910803866744 
20.8 	 0.07162378260243472 
20.82 	 0.07140545563925799 
20.84 	 0.07128498933675978 
20.86 	 0.07127291563340939 
20.88 	 0.07137865785543897 
20.9 	 0.07161698526809289 
20.92 	 0.0719681223157864 
20.94 	 0.07244614637210167 
20.96 	 0.07299933768377875 
20.98 	 0.07363647288564788 
21.0 	 0.07428016472364446 
21.02 	 0.07492967299786783 
21.04 	 0.07549751295049477 
21.06 	 0.07596980933654261 
21.08 	 0.07627169856192684 
21.1 	 0.07637395688415544 
21.12 	 0.07623931184362362 
21.14 	 0.0758236478713989 
21.16 	 0.07514734938015571 
21.18 	 0.07415529766401763 
21.2 	 0.07293327318363489 
21.22 	 0.0714214875364862 
21.24 	 0.06976201486426163 
21.26 	 0.0678961983957147 
21.28 	 0.06599772073889641 
21.3 	 0.06401107431908669 
21.32 	 0.06210889654766736 
21.34 	 0.060236266648071496 
21.36 	 0.05853533933241449 
21.38 	 0.056947415467415836 
21.4 	 0.05556761765128818 
21.42 	 0.05433161012955416 
21.44 	 0.053287589066356854 
21.46 	 0.05236862206125959 
21.48 	 0.051589589363526235 
21.5 	 0.05088778811633713 
21.52 	 0.05026435103534623 
21.54 	 0.049668158601026816 
21.56 	 0.04910408233505159 
21.58 	 0.048537499746084706 
21.6 	 0.0479868979142867 
21.62 	 0.04743529435700138 
21.64 	 0.04691521168952194 
21.66 	 0.04642484325842531 
21.68 	 0.04600313989020018 
21.7 	 0.045658374027321744 
21.72 	 0.04542379252749827 
21.74 	 0.045311417533446384 
21.76 	 0.04533644821738881 
21.78 	 0.045508829430517796 
21.8 	 0.04581728739724365 
21.82 	 0.04626612222986835 
21.84 	 0.046816153673365786 
21.86 	 0.047465743185701 
21.88 	 0.04815445714351962 
21.9 	 0.048877258740141385 
21.92 	 0.04956564441113368 
21.94 	 0.050214764615033054 
21.96 	 0.05076376006520507 
21.98 	 0.051210467939072635 
22.0 	 0.051514879179344615 
22.02 	 0.05167762842911125 
22.04 	 0.051686295033298676 
22.06 	 0.0515421017536369 
22.08 	 0.05125931721793189 
22.1 	 0.05083639925408523 
22.12 	 0.050307638812631394 
22.14 	 0.04966576572711886 
22.16 	 0.04895620384005912 
22.18 	 0.04816447655060306 
22.2 	 0.04733926291947937 
22.22 	 0.04645911256504926 
22.24 	 0.04557076469244623 
22.26 	 0.0446472673022613 
22.28 	 0.04373106671081055 
22.3 	 0.04279181842031393 
22.32 	 0.04186758656329356 
22.34 	 0.04092705742704419 
22.36 	 0.040005318232791125 
22.38 	 0.03907267094340889 
22.4 	 0.03816317207332809 
22.42 	 0.03725110566947939 
22.44 	 0.03637078414070181 
22.46 	 0.03550190655576713 
22.48 	 0.03467861771034412 
22.5 	 0.03388593413907124 
22.52 	 0.0331555204525311 
22.54 	 0.0324762299340112 
22.56 	 0.03187406489991162 
22.58 	 0.03133985133059888 
22.6 	 0.03089151200305561 
22.62 	 0.03052078047453834 
22.64 	 0.03023694476689954 
22.66 	 0.03003283628267086 
22.68 	 0.029910230548830838 
22.7 	 0.029863949160241595 
22.72 	 0.029889922978298532 
22.74 	 0.029985625513226463 
22.76 	 0.030142370133102152 
22.78 	 0.030360331692792 
22.8 	 0.03062697783895154 
22.82 	 0.03094511323288103 
22.84 	 0.031299426155681494 
22.86 	 0.03169593349149111 
22.88 	 0.0321183955553521 
22.9 	 0.03257742600743662 
22.92 	 0.03305788970745513 
22.94 	 0.03357637961199148 
22.96 	 0.034119602329582506 
22.98 	 0.034710370222767115 
23.0 	 0.035335512111002006 
23.02 	 0.03602272072213853 
23.04 	 0.0367550742860208 
23.06 	 0.03756302882570947 
23.08 	 0.038421714864757824 
23.1 	 0.03936298692604292 
23.12 	 0.0403516602017762 
23.14 	 0.04142143068294522 
23.16 	 0.04252718299166597 
23.18 	 0.04370637718296477 
23.2 	 0.04490614125221472 
23.22 	 0.046169564877443885 
23.24 	 0.047437953130550735 
23.26 	 0.048760243668544326 
23.28 	 0.05007223773829927 
23.3 	 0.051426890558347524 
23.32 	 0.05275378272958632 
23.34 	 0.05410715911823023 
23.36 	 0.05541089671406967 
23.38 	 0.0567187791070314 
23.4 	 0.057952846872204096 
23.42 	 0.05916683408163759 
23.44 	 0.06028802049549154 
23.46 	 0.061372280682359635 
23.48 	 0.06235941613401252 
23.5 	 0.06330979002858503 
23.52 	 0.06417897610612695 
23.54 	 0.0650327131172882 
23.56 	 0.06583887609872267 
23.58 	 0.06666754759703 
23.6 	 0.06748943700849445 
23.62 	 0.06837694014093292 
23.64 	 0.0692918100074457 
23.66 	 0.07030714594861669 
23.68 	 0.0713659655014908 
23.7 	 0.0725415895331332 
23.72 	 0.07375341221446235 
23.74 	 0.07507516819106791 
23.76 	 0.07640358156502625 
23.78 	 0.07781270576873323 
23.8 	 0.07918318058959936 
23.82 	 0.08058848943559732 
23.84 	 0.08190455483509013 
23.86 	 0.08320287064358674 
23.88 	 0.08436886839568275 
23.9 	 0.08547069584094441 
23.92 	 0.08641685844728611 
23.94 	 0.08727120581609918 
23.96 	 0.08797374019169026 
23.98 	 0.08858334077071285 
24.0 	 0.08907131818455907 
24.02 	 0.0894907922415331 
24.04 	 0.08983520263814831 
24.06 	 0.09015070307762166 
24.08 	 0.09043804963908168 
24.1 	 0.09073486934462172 
24.12 	 0.0910345815376486 
24.14 	 0.0913648002326029 
24.16 	 0.0917029078779744 
24.18 	 0.09206565201175748 
24.2 	 0.09241515278359157 
24.22 	 0.09275749698585527 
24.24 	 0.0930497292813178 
24.26 	 0.09328869550504144 
24.28 	 0.09344216645510808 
24.3 	 0.09350021513054348 
24.32 	 0.09345631924552453 
24.34 	 0.09329674928105375 
24.36 	 0.09304813143784663 
24.38 	 0.09269548384868735 
24.4 	 0.09229450233251475 
24.42 	 0.09183011567494904 
24.44 	 0.09137247942480992 
24.46 	 0.09090587201603745 
24.48 	 0.09049560983420107 
24.5 	 0.09012376015632821 
24.52 	 0.08983472245304361 
24.54 	 0.0896071245475589 
24.56 	 0.0894577000124286 
24.58 	 0.08936163399319243 
24.6 	 0.08931230869962985 
24.62 	 0.08928256853871008 
24.64 	 0.08925514364890184 
24.66 	 0.08920204245521371 
24.68 	 0.08911114868092021 
24.7 	 0.08895504599101146 
24.72 	 0.08873999598066405 
24.74 	 0.08844041750934842 
24.76 	 0.08808717075460619 
24.78 	 0.08765757742028248 
24.8 	 0.08720424662914035 
24.82 	 0.0867078587207224 
24.84 	 0.08623174828456974 
24.86 	 0.08575921243493942 
24.88 	 0.08534889403097043 
24.9 	 0.08498464997485454 
24.92 	 0.08470619729078682 
24.94 	 0.0844952510459853 
24.96 	 0.0843649476290642 
24.98 	 0.08429254960520864 
25.0 	 0.0842666644304644 
25.02 	 0.08425883857807041 
25.04 	 0.08424456175864267 
25.06 	 0.08418943876418679 
25.08 	 0.08407297259223596 
25.1 	 0.08385533013289358 
25.12 	 0.08353728142967855 
25.14 	 0.08307461071119862 
25.16 	 0.08250104183228622 
25.18 	 0.08176945004442253 
25.2 	 0.08094866457421891 
25.22 	 0.07999002455052578 
25.24 	 0.07898918872290053 
25.26 	 0.07789628884042825 
25.28 	 0.0768178402969601 
25.3 	 0.075701427461099 
25.32 	 0.0746464735277904 
25.34 	 0.07359560337183653 
25.36 	 0.07262793212247928 
25.38 	 0.07167939126491436 
25.4 	 0.0708051144042089 
25.42 	 0.06993486928305521 
25.44 	 0.0691062200870278 
25.46 	 0.06824557835140653 
25.48 	 0.06738546048389461 
25.5 	 0.06645238082495061 
25.52 	 0.06548623036085215 
25.54 	 0.06441582940808908 
25.56 	 0.06329579415998786 
25.58 	 0.062057542075887075 
25.6 	 0.06077133040898019 
25.62 	 0.0593705536264571 
25.64 	 0.05793759278331332 
25.66 	 0.05640794274770636 
25.68 	 0.054871135743847686 
25.7 	 0.053266403153108995 
25.72 	 0.05168558157009449 
25.74 	 0.05007394674061055 
25.76 	 0.04852069031072475 
25.78 	 0.0469784267330043 
25.8 	 0.045528093275456046 
25.82 	 0.04412895044225629 
25.84 	 0.04284806485139448 
25.86 	 0.04164929307039364 
25.88 	 0.040582059541416665 
25.9 	 0.039613076026857305 
25.92 	 0.03877382294906222 
25.94 	 0.03803372457990837 
25.96 	 0.03740952593255172 
25.98 	 0.03687478445565166 
26.0 	 0.03643658860849084 
26.02 	 0.036074475107041794 
26.04 	 0.035790578666826535 
26.06 	 0.03557142451575768 
26.08 	 0.03541696280812747 
26.1 	 0.035320361237057354 
26.12 	 0.035280026314546256 
26.14 	 0.03529452566591185 
26.16 	 0.03536021084862622 
26.18 	 0.035479957419287146 
26.2 	 0.0356477354537437 
26.22 	 0.03587072907696145 
26.24 	 0.03614114213214006 
26.26 	 0.036471794701103226 
26.28 	 0.036854289281515726 
26.3 	 0.037309065289950455 
26.32 	 0.037827415786169535 
26.34 	 0.038438784796308155 
26.36 	 0.03913191238449483 
26.38 	 0.039944900616966754 
26.4 	 0.04085837261958838 
26.42 	 0.04191674815671844 
26.44 	 0.043084637920663166 
26.46 	 0.04440940986355828 
26.48 	 0.045832312285018946 
26.5 	 0.04740104962396995 
26.52 	 0.049030497445810804 
26.54 	 0.05076837075380912 
26.56 	 0.052507400033042446 
26.58 	 0.054297486590056884 
26.6 	 0.0560208746716722 
26.62 	 0.057733044228898425 
26.64 	 0.05932158336791517 
26.66 	 0.06085017646342864 
26.68 	 0.062226012449151054 
26.7 	 0.06352124946045622 
26.72 	 0.06466962047840542 
26.74 	 0.06574913637840075 
26.76 	 0.0667168487193492 
26.78 	 0.0676517470247199 
26.8 	 0.06852247627567752 
26.82 	 0.06940340133820568 
26.84 	 0.0702599718714707 
26.86 	 0.07115731149956586 
26.88 	 0.07204626089717385 
26.9 	 0.07298005207970147 
26.92 	 0.07389139359879038 
26.94 	 0.07482070273854649 
26.96 	 0.07568815978683587 
26.98 	 0.07652118680106214 
27.0 	 0.07724047025469656 
27.02 	 0.07786024471470819 
27.04 	 0.07831847984941168 
27.06 	 0.07861599309426652 
27.08 	 0.07872367879132397 
27.1 	 0.078629006402323 
27.12 	 0.07834525358949496 
27.14 	 0.07784694206842047 
27.16 	 0.07718955263714126 
27.18 	 0.07633499906538226 
27.2 	 0.07537121987514951 
27.22 	 0.0742476175836952 
27.24 	 0.0730694209735006 
27.26 	 0.0717740524780251 
27.28 	 0.07046972551469034 
27.3 	 0.06908410972327186 
27.32 	 0.06771986559131837 
27.34 	 0.06629948501333105 
27.36 	 0.06491817042257512 
27.38 	 0.06349921383911494 
27.4 	 0.06213200950903386 
27.42 	 0.060745738597666105 
27.44 	 0.05942478770141963 
27.46 	 0.058106166558830795 
27.48 	 0.056866626889453945 
27.5 	 0.055649078178616355 
27.52 	 0.05451746891666872 
27.54 	 0.053416247640375294 
27.56 	 0.05239245412702727 
27.58 	 0.051388126441286375 
27.6 	 0.05043416080734538 
27.62 	 0.049469213383649506 
27.64 	 0.04851505593719311 
27.66 	 0.04750978489711858 
27.68 	 0.046477172541909965 
27.7 	 0.045360127377521646 
27.72 	 0.044194979255582335 
27.74 	 0.04293490799669663 
27.76 	 0.04163401651912343 
27.78 	 0.04025888545023017 
27.8 	 0.038878843581316526 
27.82 	 0.037473360754457556 
27.84 	 0.0361177829606486 
27.86 	 0.034800672914145174 
27.88 	 0.033591430981367444 
27.9 	 0.0324824854608133 
27.92 	 0.0315271517393627 
27.94 	 0.030717450806627588 
27.96 	 0.03008532287700437 
27.98 	 0.029620701298347995 
28.0 	 0.029334161220709327 
28.02 	 0.029214588836878153 
28.04 	 0.02925486410937846 
28.06 	 0.029445392128004653 
28.08 	 0.02976625239331425 
28.1 	 0.03021178767665016 
28.12 	 0.030753397641098277 
28.14 	 0.03139038775949782 
28.16 	 0.03208798637497045 
28.18 	 0.03284981040133795 
28.2 	 0.03363629057734373 
28.22 	 0.03445372109092939 
28.24 	 0.03525934403283667 
28.26 	 0.03606069249683764 
28.28 	 0.03681499876128959 
28.3 	 0.0375307024691073 
28.32 	 0.038170036997755404 
28.34 	 0.03874319004038732 
28.36 	 0.03922295369907537 
28.38 	 0.039622486291715796 
28.4 	 0.039928944762236046 
28.42 	 0.040158940791279206 
28.44 	 0.04031404543249143 
28.46 	 0.04041332784004985 
28.48 	 0.040468593595110916 
28.5 	 0.040498984334754184 
28.52 	 0.04051954465288353 
28.54 	 0.040546573519795404 
28.56 	 0.04059110930791884 
28.58 	 0.04066429015187024 
28.6 	 0.04076810336405138 
28.62 	 0.040907582447825996 
28.64 	 0.04107415807276766 
28.66 	 0.041267271021470285 
28.68 	 0.04146979836383782 
28.7 	 0.04167704194544578 
28.72 	 0.041867808700949936 
28.74 	 0.042034948183680095 
28.76 	 0.04215872366784908 
28.78 	 0.042230933347668524 
28.8 	 0.04223848381059969 
28.82 	 0.04217305479161679 
28.84 	 0.042031955404723945 
28.86 	 0.041807262232899725 
28.88 	 0.04150831659879843 
28.9 	 0.04112777648123291 
28.92 	 0.04068625779702829 
28.94 	 0.040176866440455546 
28.96 	 0.0396285946226363 
28.98 	 0.03903453092486075 
29.0 	 0.03842775722295032 
29.02 	 0.037800640082967296 
29.04 	 0.037185782441753745 
29.06 	 0.03657415192248322 
29.08 	 0.03599415938865939 
29.1 	 0.035435079315352676 
29.12 	 0.03491906098740507 
29.14 	 0.03443402141576596 
29.16 	 0.033995610356011396 
29.18 	 0.03359133628780968 
29.2 	 0.03323153523258403 
29.22 	 0.03290458518826271 
29.24 	 0.032617347777781344 
29.26 	 0.0323602602432093 
29.28 	 0.03213838852489128 
29.3 	 0.03194495030612367 
29.32 	 0.03178414063440638 
29.34 	 0.031651995905849516 
29.36 	 0.03155179682109904 
29.38 	 0.031481780263124724 
29.4 	 0.03144351735781999 
29.42 	 0.03143645768545939 
29.44 	 0.03145948773599149 
29.46 	 0.03151238271714555 
29.48 	 0.03159088001138761 
29.5 	 0.03169474514717664 
29.52 	 0.031817070374528654 
29.54 	 0.03195800787232138 
29.56 	 0.03210941449408443 
29.58 	 0.032272730835098955 
29.6 	 0.03244028852475911 
29.62 	 0.032615691558140106 
29.64 	 0.0327929093209407 
29.66 	 0.03297801069756759 
29.68 	 0.033166596132282164 
29.7 	 0.03336667665166261 
29.72 	 0.03357427706825226 
29.74 	 0.0337982020003112 
29.76 	 0.034033111169306914 
29.78 	 0.03428739050492381 
29.8 	 0.03455293191656336 
29.82 	 0.03483706976082513 
29.84 	 0.035128733805194004 
29.86 	 0.03543453851493112 
29.88 	 0.03574168460845963 
29.9 	 0.03605726574887059 
29.92 	 0.036368850568430325 
29.94 	 0.03668549999476639 
29.96 	 0.0369969644183056 
29.98 	 0.03731521519578387 
30.0 	 0.03763250366468154 
30.02 	 0.03796338032029873 
30.04 	 0.038300784030466 
30.06 	 0.03865997374197507 
30.08 	 0.03903104268380468 
30.1 	 0.03942695698177611 
30.12 	 0.03983122883725687 
30.14 	 0.04025140510482153 
30.16 	 0.04066261113389155 
30.18 	 0.041064935181293956 
30.2 	 0.04142706609393561 
30.22 	 0.041741560669097295 
30.24 	 0.041976900577204275 
30.26 	 0.042120140298309246 
30.28 	 0.04214867595214822 
30.3 	 0.042047490817604415 
30.32 	 0.04181181037460908 
30.34 	 0.04142806103319057 
30.36 	 0.04091432302756523 
30.38 	 0.04026055975400973 
30.4 	 0.03950628924187744 
30.42 	 0.038644606227080575 
30.44 	 0.037728652091173334 
30.46 	 0.03675174989495635 
30.48 	 0.03576936677355837 
30.5 	 0.03477101850393897 
30.52 	 0.033804190033242656 
30.54 	 0.03285159714107817 
30.56 	 0.031947214187081525 
30.58 	 0.03106674645213242 
30.6 	 0.030231201221510903 
30.62 	 0.02941206721818811 
30.64 	 0.028622456458589456 
30.66 	 0.027834047263771713 
30.68 	 0.027058419807079296 
30.7 	 0.02627134677836727 
30.72 	 0.025487386335778732 
30.74 	 0.024688174257669733 
30.76 	 0.02389230212138719 
30.78 	 0.023086541681912435 
30.8 	 0.022291560826860082 
30.82 	 0.02149700432940209 
30.84 	 0.02072254074952452 
30.86 	 0.01995850032834267 
30.88 	 0.01922141356048453 
30.9 	 0.018501449796796295 
30.92 	 0.017811808929336384 
30.94 	 0.017143199964270214 
30.96 	 0.016506811027894114 
30.98 	 0.01589530651246287 
31.0 	 0.01531937448101074 
31.02 	 0.014774580478817176 
31.04 	 0.014271621562720608 
31.06 	 0.013808707324763487 
31.08 	 0.013395704695678608 
31.1 	 0.013032110788900115 
31.12 	 0.012725330984073783 
31.14 	 0.012474437906686207 
31.16 	 0.012282914062515912 
31.18 	 0.012148195296116968 
31.2 	 0.012069314465521059 
31.22 	 0.012041851419594978 
31.24 	 0.012061021886047307 
31.26 	 0.01212128480800624 
31.28 	 0.012215530104409894 
31.3 	 0.0123383454931867 
31.32 	 0.012482059457274642 
31.34 	 0.012642590061500421 
31.36 	 0.012813161644793231 
31.38 	 0.012991755547268863 
31.4 	 0.013173294790565808 
31.42 	 0.01335796368147439 
31.44 	 0.013542514649285195 
31.46 	 0.013729048798180682 
31.48 	 0.013915848833998493 
31.5 	 0.014106525914355116 
31.52 	 0.014300461846317154 
31.54 	 0.014502477708655618 
31.56 	 0.014712636364331753 
31.58 	 0.014936792851335904 
31.6 	 0.015175222757964332 
31.62 	 0.015434624051899944 
31.64 	 0.01571483410715468 
31.66 	 0.016023080934684936 
31.68 	 0.016357934761330017 
31.7 	 0.0167267961518049 
31.72 	 0.017126175182202354 
31.74 	 0.017563467089103186 
31.76 	 0.018032639990121453 
31.78 	 0.018541247294524887 
31.8 	 0.01908063057038766 
31.82 	 0.019658906792984442 
31.84 	 0.020264878243267417 
31.86 	 0.020907517381374145 
31.88 	 0.02157296070008906 
31.9 	 0.02227084250272122 
31.92 	 0.022984092964369974 
31.94 	 0.023722240478967146 
31.96 	 0.02446431943275763 
31.98 	 0.025218725812331543 
32.0 	 0.025960457221133784 
32.02 	 0.02669603933867425 
32.04 	 0.02739758853180521 
32.06 	 0.02806974082371262 
32.08 	 0.028684475565968984 
32.1 	 0.029245278430086376 
32.12 	 0.02972786308507182 
32.14 	 0.030135704657130787 
32.16 	 0.030452153924506918 
32.18 	 0.03068169345738245 
32.2 	 0.03081799423358394 
32.22 	 0.03086704691657623 
32.24 	 0.030833457146319635 
32.26 	 0.030724599406056683 
32.28 	 0.030554435789185347 
32.3 	 0.030331122668235462 
32.32 	 0.030074748113653682 
32.34 	 0.029793414191105608 
32.36 	 0.029509315634663434 
32.38 	 0.02922961724585629 
32.4 	 0.028974632392175435 
32.42 	 0.028749745081330436 
32.44 	 0.028570020882896147 
32.46 	 0.028438301402352307 
32.48 	 0.0283620296341744 
32.5 	 0.028340892041578 
32.52 	 0.028373557231718558 
32.54 	 0.02845618333354754 
32.56 	 0.028578874382833398 
32.58 	 0.028734191064395082 
32.6 	 0.028905292583734584 
32.62 	 0.02908139967520936 
32.64 	 0.02924170268974535 
32.66 	 0.02937269433901885 
32.68 	 0.02945373021472666 
32.7 	 0.029469610782074575 
32.72 	 0.029404696689902088 
32.74 	 0.029243600429419977 
32.76 	 0.028980401652705556 
32.78 	 0.028601360761453518 
32.8 	 0.028113683528826344 
32.82 	 0.02750701519882884 
32.84 	 0.026802591460971963 
32.86 	 0.025994442639785644 
32.88 	 0.02511559571338228 
32.9 	 0.02416420269482644 
32.92 	 0.023180108044251246 
32.94 	 0.022164028409182843 
32.96 	 0.021156392470126052 
32.98 	 0.020158260555683028 
33.0 	 0.019205122149287237 
33.02 	 0.018296526836175605 
33.04 	 0.01745978488451887 
33.06 	 0.016692309154420475 
33.08 	 0.016012775177561295 
33.1 	 0.015417264758990036 
33.12 	 0.014917495858787025 
33.14 	 0.0145099342758139 
33.16 	 0.014201827436166428 
33.18 	 0.01399175861005798 
33.2 	 0.013884475198398007 
33.22 	 0.013881644279474224 
33.24 	 0.013986100009011742 
33.26 	 0.014202403155468894 
33.28 	 0.014530404619406627 
33.3 	 0.014976271903011464 
33.32 	 0.01553442321720107 
33.34 	 0.016210701690452287 
33.36 	 0.016991048900649536 
33.38 	 0.017879162830456166 
33.4 	 0.018850094399430965 
33.42 	 0.019904530644953893 
33.44 	 0.021006223621614365 
33.46 	 0.02215348266965084 
33.48 	 0.023301307122769975 
33.5 	 0.024447623250655037 
33.52 	 0.025544093421561467 
33.54 	 0.02659076019366611 
33.56 	 0.027542926183712707 
33.58 	 0.02840460061372793 
33.6 	 0.029141193652817105 
33.62 	 0.029761041757786846 
33.64 	 0.030243694805599755 
33.66 	 0.03060055201200789 
33.68 	 0.030825970551491323 
33.7 	 0.030932076727472356 
33.72 	 0.030925720708863437 
33.74 	 0.030817258002504132 
33.76 	 0.030622070887691668 
33.78 	 0.030346909271137902 
33.8 	 0.030011594593427813 
33.82 	 0.029618494054800125 
33.84 	 0.02918863364556138 
33.86 	 0.028720132711620446 
33.88 	 0.028233070254357184 
33.9 	 0.027721864983522432 
33.92 	 0.027204316574594243 
33.94 	 0.026671636060625798 
33.96 	 0.02613858105616512 
33.98 	 0.025593497447715725 
34.0 	 0.025047979111985565 
34.02 	 0.02448800749504808 
34.04 	 0.023922799579580926 
34.06 	 0.02333703258037596 
34.08 	 0.022739285620681397 
34.1 	 0.02211462848205497 
34.12 	 0.021473199024480378 
34.14 	 0.02080236662373822 
34.16 	 0.02011555861567257 
34.18 	 0.01940383913875782 
34.2 	 0.018684327499728183 
34.22 	 0.0179520787890232 
34.24 	 0.017226683678328164 
34.26 	 0.01650626985693691 
34.28 	 0.01581048577210928 
34.3 	 0.015138789517085482 
34.32 	 0.014508169700681042 
34.34 	 0.013917511014109487 
34.36 	 0.01337901434417454 
34.38 	 0.012889552943021278 
34.4 	 0.01245556749133772 
34.42 	 0.012071343220973004 
34.44 	 0.01173790119032654 
34.46 	 0.01144734023613695 
34.48 	 0.011196748987937674 
34.5 	 0.01097728547583087 
34.52 	 0.010784343723237048 
34.54 	 0.010609879286899562 
34.56 	 0.010450008600544881 
34.58 	 0.010299198268920581 
34.6 	 0.010156217293745063 
34.62 	 0.010019169681539918 
34.64 	 0.009890339068509106 
34.66 	 0.009771601731326148 
34.68 	 0.009668296122632572 
34.7 	 0.009585171539731692 
34.72 	 0.009529072157890879 
34.74 	 0.00950607229977925 
34.76 	 0.00952252654096575 
34.78 	 0.009584281599297166 
34.8 	 0.009695486063644215 
34.82 	 0.009860748158318427 
34.84 	 0.010080976562939955 
34.86 	 0.010359194643789376 
34.88 	 0.010692603985157614 
34.9 	 0.011082620466576064 
34.92 	 0.011522390495480431 
34.94 	 0.01201153639894554 
34.96 	 0.012538614005775248 
34.98 	 0.013100920013587038 
35.0 	 0.013681936517299226 
35.02 	 0.014276092844865819 
35.04 	 0.014862131431169677 
35.06 	 0.015431695328720857 
35.08 	 0.015960727912663543 
35.1 	 0.016439227639836986 
35.12 	 0.016844051209112428 
35.14 	 0.01716563786520172 
35.16 	 0.017386463706365637 
35.18 	 0.01749980115715695 
35.2 	 0.01749797646311826 
35.22 	 0.017378980272631493 
35.24 	 0.017147247038610966 
35.26 	 0.016806228877162033 
35.28 	 0.01637189495039665 
35.3 	 0.01585248451556005 
35.32 	 0.01527220359693678 
35.34 	 0.014642091765667737 
35.36 	 0.013989542058691575 
35.38 	 0.013325553858372212 
35.4 	 0.012675350219270952 
35.42 	 0.012046953760696453 
35.44 	 0.011459191746766335 
35.46 	 0.010914972869093842 
35.48 	 0.01042465035646724 
35.5 	 0.00998540852076828 
35.52 	 0.009599521853374903 
35.54 	 0.009259590228707886 
35.56 	 0.008962249239584354 
35.58 	 0.008697973754641423 
35.6 	 0.008461229523426206 
35.62 	 0.008243219674146486 
35.64 	 0.008039498225711863 
35.66 	 0.007844216083898336 
35.68 	 0.00765602790733081 
35.7 	 0.0074729013588929576 
35.72 	 0.007296867524517831 
35.74 	 0.007129069041247152 
35.76 	 0.006973630273909587 
35.78 	 0.006833123401805789 
35.8 	 0.006711646984985355 
35.82 	 0.00661113665893822 
35.84 	 0.006533668950163 
35.86 	 0.006479002864648392 
35.88 	 0.006446140868736735 
35.9 	 0.006432234328419555 
35.92 	 0.006433485760786889 
35.94 	 0.006445213424917123 
35.96 	 0.006462237806600022 
35.98 	 0.006479613057995709 
36.0 	 0.0064926943813770725 
36.02 	 0.006497919094272709 
36.04 	 0.006492782351910689 
36.06 	 0.006476146817086874 
36.08 	 0.006448333534972558 
36.1 	 0.006410721145944031 
36.12 	 0.006366070954574177 
36.14 	 0.006317515364013495 
36.16 	 0.006269100182182128 
36.18 	 0.006224507268661441 
36.2 	 0.006187664176743857 
36.22 	 0.006161622676828229 
36.24 	 0.006149015032279759 
36.26 	 0.00615144763567967 
36.28 	 0.006169606363467285 
36.3 	 0.0062033962323686555 
36.32 	 0.006251593089828726 
36.34 	 0.006312807999888224 
36.36 	 0.006384680517827226 
36.38 	 0.006465579673305207 
36.4 	 0.006553367395233353 
36.42 	 0.006647604050865559 
36.44 	 0.006747858216122472 
36.46 	 0.006856158236609655 
36.48 	 0.0069747127842524695 
36.5 	 0.007108528736674588 
36.52 	 0.007262268409946954 
36.54 	 0.007443323842955145 
36.56 	 0.007657375295502865 
36.58 	 0.007912642864367488 
36.6 	 0.008213512718394928 
36.62 	 0.008567026944822451 
36.64 	 0.008973728796813957 
36.66 	 0.009437617231626345 
36.68 	 0.009953233272322224 
36.7 	 0.010520254572164437 
36.72 	 0.011125983866685058 
36.74 	 0.011765382617807277 
36.76 	 0.012418715860780702 
36.78 	 0.013076931326931692 
36.8 	 0.013715333828513962 
36.82 	 0.014322721223787221 
36.84 	 0.014873434850655792 
36.86 	 0.015356866224492822 
36.88 	 0.015751577667020785 
36.9 	 0.01605045621842022 
36.92 	 0.016241144601691616 
36.94 	 0.016322120204852093 
36.96 	 0.01629290885632451 
36.98 	 0.01615807755149482 
37.0 	 0.015928692267738603 
37.02 	 0.01561408994669319 
37.04 	 0.015233533961898794 
37.06 	 0.014798450263380544 
37.08 	 0.014331250376464415 
37.1 	 0.013842330576549763 
37.12 	 0.013352256017112527 
37.14 	 0.012867826108342771 
37.16 	 0.01240426258561986 
37.18 	 0.011963451725928576 
37.2 	 0.011553950206071315 
37.22 	 0.011172902343129803 
37.24 	 0.010822946126878518 
37.26 	 0.010497910991533412 
37.28 	 0.0101966544360915 
37.3 	 0.00991177590421718 
37.32 	 0.009640921114391082 
37.34 	 0.009377436547943421 
37.36 	 0.009119825503443448 
37.38 	 0.008863406946861106 
37.4 	 0.008608537603454381 
37.42 	 0.008352737033779714 
37.44 	 0.00809812070957093 
37.46 	 0.007843879370071695 
37.48 	 0.007593168483988007 
37.5 	 0.007346096358243076 
37.52 	 0.007106123894641633 
37.54 	 0.006873763802819857 
37.56 	 0.006652391717337715 
37.58 	 0.006442768363430752 
37.6 	 0.006248081226173599 
37.62 	 0.00606930715985224 
37.64 	 0.00590931332714175 
37.66 	 0.005769060827962913 
37.68 	 0.005650681745050618 
37.7 	 0.005554568076556397 
37.72 	 0.0054814611287821715 
37.74 	 0.005430498138775783 
37.76 	 0.005400448129602149 
37.78 	 0.005388738556186481 
37.8 	 0.0053920266471226014 
37.82 	 0.005406095616550668 
37.84 	 0.0054259811813281685 
37.86 	 0.005446457871840645 
37.88 	 0.005461974777014374 
37.9 	 0.005467311501588244 
37.92 	 0.0054576126540177945 
37.94 	 0.00542873545391664 
37.96 	 0.005377670827223383 
37.98 	 0.0053021647770807355 
38.0 	 0.005201738321105953 
38.02 	 0.0050763444595682905 
38.04 	 0.00492805529340169 
38.06 	 0.004758772734741231 
38.08 	 0.0045724911979295344 
38.1 	 0.004372328448007449 
38.12 	 0.004163158538567234 
38.14 	 0.003948377611915574 
38.16 	 0.0037326647101747347 
38.18 	 0.0035188975423562445 
38.2 	 0.003310825203634421 
38.22 	 0.003110423696391293 
38.24 	 0.0029203189052398396 
38.26 	 0.002741696151011122 
38.28 	 0.0025763647004799876 
38.3 	 0.002425188551090241 
38.32 	 0.0022897244681476595 
38.34 	 0.0021710653602761373 
38.36 	 0.0020710147064229925 
38.38 	 0.00199122993008484 
38.4 	 0.0019339226277138718 
38.42 	 0.0019012349989556785 
38.44 	 0.0018954790863751306 
38.46 	 0.0019187509333516988 
38.48 	 0.0019727369466749287 
38.5 	 0.0020586508696727275 
38.52 	 0.002176629475752286 
38.54 	 0.0023261497116105105 
38.56 	 0.002505004042056778 
38.58 	 0.002710392766961646 
38.6 	 0.0029374307186220143 
38.62 	 0.0031810763107246297 
38.64 	 0.0034341218668807257 
38.66 	 0.0036899860418376836 
38.68 	 0.00394022271228078 
38.7 	 0.004177971835683808 
38.72 	 0.0043951798872630095 
38.74 	 0.004586240674482022 
38.76 	 0.004745278579302134 
38.78 	 0.004869333828026308 
38.8 	 0.004956114906134892 
38.82 	 0.005006111569417993 
38.84 	 0.005021121164670448 
38.86 	 0.005004946422738817 
38.88 	 0.004962787794188186 
38.9 	 0.004900609793107936 
38.92 	 0.004825282290563298 
38.94 	 0.0047430889216660095 
38.96 	 0.004660388029597864 
38.98 	 0.004581910960715646 
39.0 	 0.00451170590252019 
39.02 	 0.004451773197045297 
39.04 	 0.004403096684118457 
39.06 	 0.004364871323410607 
39.08 	 0.004335471139142842 
39.1 	 0.004312202416983705 
39.12 	 0.004292107653193359 
39.14 	 0.004271967297649287 
39.16 	 0.0042489149265621 
39.18 	 0.0042203717973087465 
39.2 	 0.0041845392937659015 
39.22 	 0.004140052254406449 
39.24 	 0.004086477783806834 
39.26 	 0.004023628070496623 
39.28 	 0.003952193762642983 
39.3 	 0.0038727780277706685 
39.32 	 0.0037867310468018634 
39.34 	 0.003695014846744186 
39.36 	 0.003599222079066464 
39.38 	 0.0035003710597345072 
39.4 	 0.003400031340885521 
39.42 	 0.0032991200270322896 
39.44 	 0.0031990401188258413 
39.46 	 0.0031005294565827402 
39.48 	 0.0030047372604652075 
39.5 	 0.002912167663182969 
39.52 	 0.002823652270342311 
39.54 	 0.0027394204820013254 
39.56 	 0.0026599526903996165 
39.58 	 0.0025851935101674777 
39.6 	 0.0025152859613688703 
39.62 	 0.002449924907107837 
39.64 	 0.002388980726183164 
39.66 	 0.002331975423272982 
39.68 	 0.0022786090800555837 
39.7 	 0.0022283334038334804 
39.72 	 0.0021807966330354167 
39.74 	 0.002135487523760364 
39.76 	 0.002092113547443034 
39.78 	 0.0020502901812985866 
39.8 	 0.002009863453302223 
39.82 	 0.0019706240875541617 
39.84 	 0.0019325811723524718 
39.86 	 0.001895688671302069 
39.88 	 0.0018600754799174438 
39.9 	 0.001825782786634566 
39.92 	 0.0017929590964639603 
39.94 	 0.001761620034622148 
39.96 	 0.0017318328271124783 
39.98 	 0.0017035854333452222 
40.0 	 0.001676473005211251 
