0.0 	 0.0005562249242462868 
0.02 	 0.0005792967940829454 
0.04 	 0.0005925888269822379 
0.06 	 0.0005958505239569061 
0.08 	 0.0005893215891828474 
0.1 	 0.000573974073902751 
0.12 	 0.0005513127809434924 
0.14 	 0.0005233725975964736 
0.16 	 0.0004925397222644113 
0.18 	 0.0004614407333225791 
0.2 	 0.00043280191191767334 
0.22 	 0.00040933854542715627 
0.24 	 0.00039368064263579266 
0.26 	 0.0003883318124277993 
0.28 	 0.00039566559668032604 
0.3 	 0.0004179760987666818 
0.32 	 0.00045751694144547647 
0.34 	 0.0005166349607264401 
0.36 	 0.0005977923064356372 
0.38 	 0.0007037725651558747 
0.4 	 0.0008375875811290831 
0.42 	 0.0010027737516498194 
0.44 	 0.0012030235250426653 
0.46 	 0.001442659077557843 
0.48 	 0.0017257341220486507 
0.5 	 0.0020569140374610494 
0.52 	 0.0024396634419352626 
0.54 	 0.0028780098676610254 
0.56 	 0.0033732646427939816 
0.58 	 0.003927492187242011 
0.6 	 0.004538014111904142 
0.62 	 0.005203749231907269 
0.64 	 0.005916576758871203 
0.66 	 0.00667185788555334 
0.68 	 0.007455714318747558 
0.7 	 0.008260769313590382 
0.72 	 0.009068703787549023 
0.74 	 0.009871459512938765 
0.76 	 0.010649144501135585 
0.78 	 0.011395781252530008 
0.8 	 0.012093585573536908 
0.82 	 0.01274125247965043 
0.84 	 0.013326430290943476 
0.86 	 0.01385403997977877 
0.88 	 0.014318985274414381 
0.9 	 0.014732405757886417 
0.92 	 0.015096136746270921 
0.94 	 0.015425983733503049 
0.96 	 0.015728380535557994 
0.98 	 0.016021253857698137 
1.0 	 0.016312157593497193 
1.02 	 0.016618499230270624 
1.04 	 0.01694553531102828 
1.06 	 0.0173083059231255 
1.08 	 0.017707423948757288 
1.1 	 0.0181550033010079 
1.12 	 0.018646129953076792 
1.14 	 0.019190613524608786 
1.16 	 0.01977828314456407 
1.18 	 0.020417827626856722 
1.2 	 0.02109451581756303 
1.22 	 0.021816889574516482 
1.24 	 0.022566105299544496 
1.26 	 0.02335079738694821 
1.28 	 0.02414796888323731 
1.3 	 0.024965788110396438 
1.32 	 0.02577688742775087 
1.34 	 0.026587966059502574 
1.36 	 0.02736759033042807 
1.38 	 0.028120094105461072 
1.4 	 0.028811536582591665 
1.42 	 0.02944358103114406 
1.44 	 0.029982953689969814 
1.46 	 0.030429141564690603 
1.48 	 0.03075400839489014 
1.5 	 0.030956002186435766 
1.52 	 0.03101684836079598 
1.54 	 0.030935285462147747 
1.56 	 0.03070644655140661 
1.58 	 0.03033036054200352 
1.6 	 0.029816740408300534 
1.62 	 0.029167255762185505 
1.64 	 0.028404625696282326 
1.66 	 0.027531900223966187 
1.68 	 0.026581097517005048 
1.7 	 0.025556094840954467 
1.72 	 0.024493583656174395 
1.74 	 0.02339775298242059 
1.76 	 0.022305586963633807 
1.78 	 0.021221206518587055 
1.8 	 0.020178395886154773 
1.82 	 0.019180798513630415 
1.84 	 0.018256474813294798 
1.86 	 0.017407916107044202 
1.88 	 0.016655705058504403 
1.9 	 0.016000182575420276 
1.92 	 0.015453318643002898 
1.94 	 0.015012225492652383 
1.96 	 0.014679815054741589 
1.98 	 0.014449298640638248 
2.0 	 0.014315048091061412 
2.02 	 0.014266634769884715 
2.04 	 0.014291671109236471 
2.06 	 0.014377581503754166 
2.08 	 0.01450830021245598 
2.1 	 0.014671651239579867 
2.12 	 0.01485177076371661 
2.14 	 0.015039733454326498 
2.16 	 0.015223465892990362 
2.18 	 0.015399332384895489 
2.2 	 0.015561035427565706 
2.22 	 0.01571048491290911 
2.24 	 0.01584671358246236 
2.26 	 0.01597541651666272 
2.28 	 0.016098344565365505 
2.3 	 0.0162219737738054 
2.32 	 0.01634736145933409 
2.34 	 0.0164789580875771 
2.36 	 0.016614669874613144 
2.38 	 0.016755617359324057 
2.4 	 0.01689619214429322 
2.42 	 0.017034799567842346 
2.44 	 0.01716396182344486 
2.46 	 0.017281243820466523 
2.48 	 0.01737978914019812 
2.5 	 0.017458182604711683 
2.52 	 0.017512031796559767 
2.54 	 0.017541661033751835 
2.56 	 0.017545372198251075 
2.58 	 0.017524437590357034 
2.6 	 0.017478543428686887 
2.62 	 0.01740815785666629 
2.64 	 0.01731252871708032 
2.66 	 0.017189754951390773 
2.68 	 0.017037680111674856 
2.7 	 0.016851749975522304 
2.72 	 0.016629175175601352 
2.74 	 0.01636413381722987 
2.76 	 0.016055520046351513 
2.78 	 0.01569870901777505 
2.8 	 0.015296923028438412 
2.82 	 0.014849021945202998 
2.84 	 0.014363997416458807 
2.86 	 0.013845123991703186 
2.88 	 0.013306500755323556 
2.9 	 0.012754988068013716 
2.92 	 0.012207304831367038 
2.94 	 0.011671885792395732 
2.96 	 0.01116497715076104 
2.98 	 0.010694520440589423 
3.0 	 0.010273943693106705 
3.02 	 0.00990952451657947 
3.04 	 0.0096109779393624 
3.06 	 0.009382922243554234 
3.08 	 0.009231734734700722 
3.1 	 0.009161179945345347 
3.12 	 0.00917522975252892 
3.14 	 0.009277810592385577 
3.16 	 0.009471316274707518 
3.18 	 0.009760737946700423 
3.2 	 0.010147403143569652 
3.22 	 0.010638314275909529 
3.24 	 0.011234177898699675 
3.26 	 0.011945484176776053 
3.28 	 0.012773070877329805 
3.3 	 0.013733361064812398 
3.32 	 0.014828401076472444 
3.34 	 0.016083977717791968 
3.36 	 0.01750401281634394 
3.38 	 0.019127502542195498 
3.4 	 0.020958882053801465 
3.42 	 0.023053633310462406 
3.44 	 0.02541111101393491 
3.46 	 0.02810515645288328 
3.48 	 0.031118270044784065 
3.5 	 0.03454325927538236 
3.52 	 0.038327420940034475 
3.54 	 0.04258358343452915 
3.56 	 0.0472013538231354 
3.58 	 0.05231805932650617 
3.6 	 0.05774462298683992 
3.62 	 0.06365341588994398 
3.64 	 0.06976448789226489 
3.66 	 0.07630205370358135 
3.68 	 0.08289737896392152 
3.7 	 0.08984629188271094 
3.72 	 0.09670711472415619 
3.74 	 0.1038645188434063 
3.76 	 0.11082500406817203 
3.78 	 0.11807197341259465 
3.8 	 0.1250729602930927 
3.82 	 0.13241125379552326 
3.84 	 0.13950872931875646 
3.86 	 0.14704368986519015 
3.88 	 0.1543645281161862 
3.9 	 0.16223856948774057 
3.92 	 0.16990200928470248 
3.94 	 0.1782075338162484 
3.96 	 0.18624692804339804 
3.98 	 0.19495571995737182 
4.0 	 0.20327232346642096 
4.02 	 0.212207800874107 
4.04 	 0.22057147433712446 
4.06 	 0.2294308264741522 
4.08 	 0.23752397053183705 
4.1 	 0.24594093192981684 
4.12 	 0.2534302521725075 
4.14 	 0.261060186248916 
4.16 	 0.26767636906643844 
4.18 	 0.2742814537883391 
4.2 	 0.27988655525484585 
4.22 	 0.2853986392209606 
4.24 	 0.2900238561234443 
4.26 	 0.2945670539374327 
4.28 	 0.29841004932561266 
4.3 	 0.30227487223153515 
4.32 	 0.30565523557310126 
4.34 	 0.3092284245708321 
4.36 	 0.31250978586739175 
4.38 	 0.31617524006895376 
4.4 	 0.3196711353561279 
4.42 	 0.32370554553517966 
4.44 	 0.32759263549197426 
4.46 	 0.3320841360079909 
4.48 	 0.33634899400352325 
4.5 	 0.34116596712287867 
4.52 	 0.34560630541701304 
4.54 	 0.3504323527567683 
4.56 	 0.3547176591529044 
4.58 	 0.35914712168964735 
4.6 	 0.36292122221802636 
4.62 	 0.3665846390696844 
4.64 	 0.3695740507728221 
4.66 	 0.3722473743509575 
4.68 	 0.37433517056839594 
4.7 	 0.37599134017347235 
4.72 	 0.3772309006777364 
4.74 	 0.3780184776961478 
4.76 	 0.3785891792258767 
4.78 	 0.3787573846188286 
4.8 	 0.37889031051000877 
4.82 	 0.37870203451387086 
4.84 	 0.37861231854322014 
4.86 	 0.3782824355909957 
4.88 	 0.3781313185917659 
4.9 	 0.3778026991785505 
4.92 	 0.3776888816431035 
4.94 	 0.3774339056400344 
4.96 	 0.37739863171105903 
4.98 	 0.3772265064345025 
5.0 	 0.3772577830468079 
5.02 	 0.37711641421572745 
5.04 	 0.37714762271096985 
5.06 	 0.3769200450401322 
5.08 	 0.37682554757357084 
5.1 	 0.3763255491428619 
5.12 	 0.37591715053658964 
5.14 	 0.3748885636698866 
5.16 	 0.37391673114654334 
5.18 	 0.3720426638734708 
5.2 	 0.3702096753895175 
5.22 	 0.36714261926485253 
5.24 	 0.3641384154954256 
5.26 	 0.359562239219399 
5.28 	 0.35513007127932417 
5.3 	 0.3488526046086909 
5.32 	 0.34287666284515494 
5.34 	 0.33492838910476513 
5.36 	 0.3275146323323919 
5.38 	 0.31820812219945427 
5.4 	 0.30971575165809506 
5.42 	 0.29962086161950346 
5.44 	 0.29061114623784723 
5.46 	 0.28043501248154035 
5.48 	 0.271543191071793 
5.5 	 0.2619598444983247 
5.52 	 0.25374514327235853 
5.54 	 0.24525548565505093 
5.56 	 0.23810123020406546 
5.58 	 0.23098261090814617 
5.6 	 0.22508096195997032 
5.62 	 0.21942183274770494 
5.64 	 0.21481856815065895 
5.66 	 0.21058449495765855 
5.68 	 0.2072306627344151 
5.7 	 0.20430864754161912 
5.72 	 0.20208305110974675 
5.74 	 0.20028778653333568 
5.76 	 0.1989918974809925 
5.78 	 0.19805486670875383 
5.8 	 0.19740812248031506 
5.82 	 0.19698437594522786 
5.84 	 0.19664876349028904 
5.86 	 0.1963642631088072 
5.88 	 0.19600795800864648 
5.9 	 0.19554442609855893 
5.92 	 0.19492922396202422 
5.94 	 0.1941180890077362 
5.96 	 0.19317687612150009 
5.98 	 0.1920603790516203 
6.0 	 0.19092668407409663 
6.02 	 0.18975010351144642 
6.04 	 0.18871632371480462 
6.06 	 0.1878427768525263 
6.08 	 0.18725525503237497 
6.1 	 0.18703339202484023 
6.12 	 0.18716640956896424 
6.14 	 0.1878077153086754 
6.16 	 0.1887710817118658 
6.18 	 0.19028709690476583 
6.2 	 0.1920019835568822 
6.22 	 0.19421706752048995 
6.24 	 0.19645706596152573 
6.26 	 0.1990753806134771 
6.28 	 0.20154154069425687 
6.3 	 0.20423025510045834 
6.32 	 0.20662445976278515 
6.34 	 0.2090818786449738 
6.36 	 0.2111571318589016 
6.38 	 0.21315304543242125 
6.4 	 0.21473778768627813 
6.42 	 0.2161298517089298 
6.44 	 0.2171346831804692 
6.46 	 0.21787080941697193 
6.48 	 0.21828633363463662 
6.5 	 0.2183988893278601 
6.52 	 0.2182864691966182 
6.54 	 0.21787586488076294 
6.56 	 0.21734622618145716 
6.58 	 0.21654731458330947 
6.6 	 0.21572168473161188 
6.62 	 0.21465135813626227 
6.64 	 0.21360831050092413 
6.66 	 0.2123054336905237 
6.68 	 0.21102953880826628 
6.7 	 0.2094109418268396 
6.72 	 0.20776761640729918 
6.74 	 0.20562631750152396 
6.76 	 0.20338313650104894 
6.78 	 0.20044261583323453 
6.8 	 0.19734066661183355 
6.82 	 0.1933561542334789 
6.84 	 0.18921320108352188 
6.86 	 0.1840874766691703 
6.88 	 0.17889705061827094 
6.9 	 0.17276441154295663 
6.92 	 0.16674880039865525 
6.94 	 0.1599853239912658 
6.96 	 0.1535720547816237 
6.98 	 0.14671806613590796 
7.0 	 0.140441248143651 
7.02 	 0.1340652994950742 
7.04 	 0.12843266639641568 
7.06 	 0.1229983361677747 
7.08 	 0.11838311701412926 
7.1 	 0.11417272928612267 
7.12 	 0.11076811220832002 
7.14 	 0.10787570339331157 
7.16 	 0.10570675443297692 
7.18 	 0.10407277122650949 
7.2 	 0.10303312145052947 
7.22 	 0.10248439626281287 
7.24 	 0.10236917938703788 
7.26 	 0.10264643406688158 
7.28 	 0.10317525599274953 
7.3 	 0.10395399878783271 
7.32 	 0.10479532530796358 
7.34 	 0.10571584835472803 
7.36 	 0.10652517814549027 
7.38 	 0.10723999609282851 
7.4 	 0.10771207201979628 
7.42 	 0.10794355652577739 
7.44 	 0.10786516754226604 
7.46 	 0.1074543869141968 
7.48 	 0.10673862671545294 
7.5 	 0.10566575812070739 
7.52 	 0.1043537334658515 
7.54 	 0.10272085073774603 
7.56 	 0.10094957430597434 
7.58 	 0.09893245154492497 
7.6 	 0.09688166334822192 
7.62 	 0.094670317069788 
7.64 	 0.09250936339520854 
7.66 	 0.09026051433963918 
7.68 	 0.08811464842229416 
7.7 	 0.08593130077956658 
7.72 	 0.08387562775976945 
7.74 	 0.08181423438150977 
7.76 	 0.07988932098219587 
7.78 	 0.0779819794369829 
7.8 	 0.07621594197757087 
7.82 	 0.07449064735462618 
7.84 	 0.07291293729352528 
7.86 	 0.07140041594524375 
7.88 	 0.07004102442240454 
7.9 	 0.06876745735697772 
7.92 	 0.06764562619834748 
7.94 	 0.0666194355306227 
7.96 	 0.06573172499877528 
7.98 	 0.06493476391013642 
8.0 	 0.06425118288831187 
8.02 	 0.06364066201347902 
8.04 	 0.06311214142912529 
8.06 	 0.06263360032851674 
8.08 	 0.062208680821072206 
8.1 	 0.06181590795056419 
8.12 	 0.06146142202379105 
8.14 	 0.06113726259245701 
8.16 	 0.060856751674160124 
8.18 	 0.060628350140407655 
8.2 	 0.06047211607569747 
8.22 	 0.06041490855110896 
8.24 	 0.060477050126648675 
8.26 	 0.06070424406556517 
8.28 	 0.0611052803083212 
8.3 	 0.06174373014901467 
8.32 	 0.06260197905944198 
8.34 	 0.06375998383688541 
8.36 	 0.06515897058049269 
8.38 	 0.0668945393501535 
8.4 	 0.06885547088339165 
8.42 	 0.07115375365296729 
8.44 	 0.07362082590443103 
8.46 	 0.07638687042942596 
8.48 	 0.07922951468249637 
8.5 	 0.0822983318772409 
8.52 	 0.08532972069881456 
8.54 	 0.08849095971490366 
8.56 	 0.09149749587684217 
8.58 	 0.09452792995602124 
8.6 	 0.09730132176695361 
8.62 	 0.09999607687982763 
8.64 	 0.10235915716106071 
8.66 	 0.104553430378652 
8.68 	 0.10637378484582664 
8.7 	 0.10795117180049782 
8.72 	 0.109142347830018 
8.74 	 0.11003251245554628 
8.76 	 0.11054873554051386 
8.78 	 0.11072261258688758 
8.8 	 0.11055589332017693 
8.82 	 0.11002691284303745 
8.84 	 0.10921236000561688 
8.86 	 0.10804583973501639 
8.88 	 0.10667274552133868 
8.9 	 0.1049960991126169 
8.92 	 0.10321427258293929 
8.94 	 0.10121521837347075 
8.96 	 0.09922481390838625 
8.98 	 0.09712885064897683 
9.0 	 0.09515001714244882 
9.02 	 0.09318040297994656 
9.04 	 0.09141142933011892 
9.06 	 0.08974610556427377 
9.08 	 0.08832618601080748 
9.1 	 0.08706809967369128 
9.12 	 0.08605810103656834 
9.14 	 0.085227603504314 
9.16 	 0.08461245906747758 
9.18 	 0.08415981192230844 
9.2 	 0.08386708009490172 
9.22 	 0.08369664998660473 
9.24 	 0.08362217193157397 
9.26 	 0.08361929964403868 
9.28 	 0.0836521168501848 
9.3 	 0.08370626969984284 
9.32 	 0.08374797506894507 
9.34 	 0.0837688428236166 
9.36 	 0.08374535180997321 
9.38 	 0.08367101470850098 
9.4 	 0.08353689882227269 
9.42 	 0.08333499702564125 
9.44 	 0.0830718965536291 
9.46 	 0.08273566573682041 
9.48 	 0.08234671830236111 
9.5 	 0.08188782150715031 
9.52 	 0.08138988589872226 
9.54 	 0.08082989749097354 
9.56 	 0.08024552796073213 
9.58 	 0.07960848118341833 
9.6 	 0.07896037492228836 
9.62 	 0.07826947970938863 
9.64 	 0.07758029029977079 
9.66 	 0.07686109772347328 
9.68 	 0.07615952691499615 
9.7 	 0.07544853770076759 
9.72 	 0.07477865556478402 
9.74 	 0.07413215150730881 
9.76 	 0.07355948432805295 
9.78 	 0.0730554397710243 
9.8 	 0.07266353351425738 
9.82 	 0.07239205126155002 
9.84 	 0.07226772276005063 
9.86 	 0.07231149251852571 
9.88 	 0.07252327820968639 
9.9 	 0.07293527837189104 
9.92 	 0.07351363519062978 
9.94 	 0.0743010574645823 
9.96 	 0.07522822407991378 
9.98 	 0.07634864782762361 
10.0 	 0.0775615688588858 
10.02 	 0.07893202797994667 
10.04 	 0.08033638429535181 
10.06 	 0.08185129516246155 
10.08 	 0.08334119623477974 
10.1 	 0.08489300620784164 
10.12 	 0.08637024704850954 
10.14 	 0.08786720079760642 
10.16 	 0.08925559414482916 
10.18 	 0.09063328004734968 
10.2 	 0.09188628346675519 
10.22 	 0.09311245345082515 
10.24 	 0.09421491659929974 
10.26 	 0.09528926671488663 
10.28 	 0.09625547961491203 
10.3 	 0.09720653385928162 
10.32 	 0.09807610984745697 
10.34 	 0.09895574460510173 
10.36 	 0.09978665533178994 
10.38 	 0.10066041061558763 
10.4 	 0.10151670833540738 
10.42 	 0.10244742620946522 
10.44 	 0.10338028726926203 
10.46 	 0.10440567955243162 
10.48 	 0.10543096147425057 
10.5 	 0.10654139377055849 
10.52 	 0.1076222781437735 
10.54 	 0.10874939266330073 
10.56 	 0.1097945528956097 
10.58 	 0.11082031914516244 
10.6 	 0.11170383587150581 
10.62 	 0.11249239835302983 
10.64 	 0.11309266430178351 
10.66 	 0.11353694560758955 
10.68 	 0.11378222374548096 
10.7 	 0.11384845718887274 
10.72 	 0.11375107078917178 
10.74 	 0.11350171708186793 
10.76 	 0.11316428013331062 
10.78 	 0.11274583794190418 
10.8 	 0.11233259372967373 
10.82 	 0.11192899374463613 
10.84 	 0.1116106274203557 
10.86 	 0.11137941617350926 
10.88 	 0.11127332402018014 
10.9 	 0.11129125820964203 
10.92 	 0.11142250319048476 
10.94 	 0.11166292374089064 
10.96 	 0.11196105575312204 
10.98 	 0.11230988298801198 
11.0 	 0.11263967799059589 
11.02 	 0.11293971590711904 
11.04 	 0.11314996145290546 
11.06 	 0.11325340442895572 
11.08 	 0.1132233844606679 
11.1 	 0.11303264607528407 
11.12 	 0.11270037054016174 
11.14 	 0.1121847663728069 
11.16 	 0.1115500254675311 
11.18 	 0.11073617335143712 
11.2 	 0.10984138766069257 
11.22 	 0.10878527511329265 
11.24 	 0.10768554199785076 
11.26 	 0.10644155012201015 
11.28 	 0.10517992513490464 
11.3 	 0.10378368101516594 
11.32 	 0.10238566545614507 
11.34 	 0.10086093609228489 
11.36 	 0.09935214101430054 
11.38 	 0.09773820945142517 
11.4 	 0.09617466258850312 
11.42 	 0.09455614387987733 
11.44 	 0.0930456195595577 
11.46 	 0.09156061120004444 
11.48 	 0.09025378805881977 
11.5 	 0.08906456302799069 
11.52 	 0.08810909334133736 
11.54 	 0.08733958049630022 
11.56 	 0.08681152294864315 
11.58 	 0.08647629940859564 
11.6 	 0.08631911577007788 
11.62 	 0.08627719840091669 
11.64 	 0.08627910934222445 
11.66 	 0.08623830886000929 
11.68 	 0.08606483793408085 
11.7 	 0.08564425080946671 
11.72 	 0.08492247536433545 
11.74 	 0.08375999304041647 
11.76 	 0.08219235956486923 
11.78 	 0.0800663263179485 
11.8 	 0.07753908832090815 
11.82 	 0.0744626765550856 
11.84 	 0.07111030214355943 
11.86 	 0.0673601325382758 
11.88 	 0.06355731877920626 
11.9 	 0.05961984528581511 
11.92 	 0.055899269426057684 
11.94 	 0.05235401510626223 
11.96 	 0.04928046718229574 
11.98 	 0.046666938257724194 
12.0 	 0.04471495298820964 
12.02 	 0.043428525941955516 
12.04 	 0.042897994765081174 
12.06 	 0.04313271108961596 
12.08 	 0.04410892044414134 
12.1 	 0.045838679544186085 
12.12 	 0.04818578561906078 
12.14 	 0.05117016170425365 
12.16 	 0.05454985439152475 
12.18 	 0.05836230409486708 
12.2 	 0.06228021340059595 
12.22 	 0.06636683998605447 
12.24 	 0.07025199307027839 
12.26 	 0.07402582630775034 
12.28 	 0.07733813575076304 
12.3 	 0.08029760772972014 
12.32 	 0.08264155894502255 
12.34 	 0.08448245217553299 
12.36 	 0.0856926627752075 
12.38 	 0.0863729603346848 
12.4 	 0.08653795620296764 
12.42 	 0.0862643744405383 
12.44 	 0.08567283369445353 
12.46 	 0.08480729162814575 
12.48 	 0.08383222954540025 
12.5 	 0.08275347734171463 
12.52 	 0.08171942044674055 
12.54 	 0.08069692607047584 
12.56 	 0.07978339853280557 
12.58 	 0.07891179861304749 
12.6 	 0.07812631225290015 
12.62 	 0.07733608094150168 
12.64 	 0.0765552838191344 
12.66 	 0.07568113496133551 
12.68 	 0.07473140881539497 
12.7 	 0.07360150320336258 
12.72 	 0.07234122891211332 
12.74 	 0.0708503679261891 
12.76 	 0.06922349043710617 
12.78 	 0.06736682373235463 
12.8 	 0.06541427686406616 
12.82 	 0.06327768932030604 
12.84 	 0.06111225519480444 
12.86 	 0.058833748891884176 
12.88 	 0.056597536143260574 
12.9 	 0.054322782017707974 
12.92 	 0.05214904834850231 
12.94 	 0.05000040863052332 
12.96 	 0.047993054739965964 
12.98 	 0.046058963771053604 
13.0 	 0.0442902387072582 
13.02 	 0.042629587063937845 
13.04 	 0.04114733623814225 
13.06 	 0.039797901437065984 
13.08 	 0.0386318608720689 
13.1 	 0.0376136822247757 
13.12 	 0.036774623567654346 
13.14 	 0.036085479892528985 
13.16 	 0.03555788422081996 
13.18 	 0.035164926067255124 
13.2 	 0.03489980862992924 
13.22 	 0.03473578923971302 
13.24 	 0.03465250138752942 
13.26 	 0.03462464205866201 
13.28 	 0.03462724991864832 
13.3 	 0.03464084471139326 
13.32 	 0.034646658250734916 
13.34 	 0.03463622963097748 
13.36 	 0.03460506310404331 
13.38 	 0.03455841772612604 
13.4 	 0.03450705658446022 
13.42 	 0.03446776362773345 
13.44 	 0.03445919640901479 
13.46 	 0.03450284517863678 
13.48 	 0.0346128242673678 
13.5 	 0.03480706077179175 
13.52 	 0.03508386182691326 
13.54 	 0.03545211728457058 
13.56 	 0.0358898742074117 
13.58 	 0.03639694165595392 
13.6 	 0.03693547005156849 
13.62 	 0.03750112964089786 
13.64 	 0.03805108162343697 
13.66 	 0.03858396073625758 
13.68 	 0.03906441713871196 
13.7 	 0.039500060674597146 
13.72 	 0.03987189099214565 
13.74 	 0.04019935456315489 
13.76 	 0.04048178297806167 
13.78 	 0.04074985017680113 
13.8 	 0.04101601872344669 
13.82 	 0.0413191761326967 
13.84 	 0.04167480947186959 
13.86 	 0.0421263089361584 
13.88 	 0.042680587886187865 
13.9 	 0.0433826670348908 
13.92 	 0.0442207212862496 
13.94 	 0.04524011169188689 
13.96 	 0.046403140797929815 
13.98 	 0.04775558893950728 
14.0 	 0.04923032973960541 
14.02 	 0.050874189612824666 
14.04 	 0.05259099958696653 
14.06 	 0.05442894659166253 
14.08 	 0.05626788226819391 
14.1 	 0.058156851353883474 
14.12 	 0.059962214797855434 
14.14 	 0.06173247356836606 
14.16 	 0.06333609145467896 
14.18 	 0.06481895004832247 
14.2 	 0.06606993118314546 
14.22 	 0.06712995292147782 
14.24 	 0.06792493472570181 
14.26 	 0.06848868283879732 
14.28 	 0.06879405494164603 
14.3 	 0.06886616016508501 
14.32 	 0.06872460476823056 
14.34 	 0.06838494552312631 
14.36 	 0.06790332316929905 
14.38 	 0.06728566046044572 
14.4 	 0.066608005754385 
14.42 	 0.06586743647584656 
14.44 	 0.06514229157373494 
14.46 	 0.06442263540281938 
14.48 	 0.06377522845444868 
14.5 	 0.06318602525405197 
14.52 	 0.0627023964273784 
14.54 	 0.06230979520655682 
14.56 	 0.06203412306968033 
14.58 	 0.06186388060976726 
14.6 	 0.061805187361044005 
14.62 	 0.061852167443297024 
14.64 	 0.06199432454791807 
14.66 	 0.062232272427906035 
14.68 	 0.0625419183946705 
14.7 	 0.06292918244090202 
14.72 	 0.06335874018164891 
14.74 	 0.06383871257795007 
14.76 	 0.06432484078286171 
14.78 	 0.06482293876100036 
14.8 	 0.06528330780269678 
14.82 	 0.06570427844998063 
14.84 	 0.0660366524085756 
14.86 	 0.06626620856855085 
14.88 	 0.06635313881725853 
14.9 	 0.06626648876872364 
14.92 	 0.06598697730523367 
14.94 	 0.06546449424595492 
14.96 	 0.06471173567386486 
14.98 	 0.06365974831358943 
15.0 	 0.06236217536257403 
15.02 	 0.06073500574416851 
15.04 	 0.058876320914237903 
15.06 	 0.05669413646407555 
15.08 	 0.05432669192544667 
15.1 	 0.05168282047390638 
15.12 	 0.048928377733665374 
15.14 	 0.04598081993262119 
15.16 	 0.043014972508834584 
15.18 	 0.039961242212127636 
15.2 	 0.03698329141518541 
15.22 	 0.0340245120294267 
15.24 	 0.03122121384671904 
15.26 	 0.028526816813048313 
15.28 	 0.02604187046146428 
15.3 	 0.0237262580573215 
15.32 	 0.021644779221236015 
15.34 	 0.019761456288280462 
15.36 	 0.018111425327695937 
15.38 	 0.016662173594010194 
15.4 	 0.015427691792996072 
15.42 	 0.014379170401710238 
15.44 	 0.013517303405869657 
15.46 	 0.012817174484263288 
15.48 	 0.012271798875311307 
15.5 	 0.011859829222588393 
15.52 	 0.011569931597630756 
15.54 	 0.011383634029882265 
15.56 	 0.011287087609001977 
15.58 	 0.011264063385181128 
15.6 	 0.011299458850752817 
15.62 	 0.01137905632466149 
15.64 	 0.011487798074209903 
15.66 	 0.011613725016120164 
15.68 	 0.011743347683334996 
15.7 	 0.011867548728636088 
15.72 	 0.011976008455731074 
15.74 	 0.012063110813355333 
15.76 	 0.01212303383597656 
15.78 	 0.012154094023241564 
15.8 	 0.012155596828296209 
15.82 	 0.012129700620683678 
15.84 	 0.012080440634165194 
15.86 	 0.012013030498143324 
15.88 	 0.01193477868338259 
15.9 	 0.011852561274733095 
15.92 	 0.011774829344358024 
15.94 	 0.011708527580044694 
15.96 	 0.011661139051440606 
15.98 	 0.011638444716605434 
16.0 	 0.011645534867462106 
16.02 	 0.011686554868743296 
16.04 	 0.011763729205857219 
16.06 	 0.011879826093451812 
16.08 	 0.01203440917187044 
16.1 	 0.012229407373242232 
16.12 	 0.012462006132947274 
16.14 	 0.012733547456021817 
16.16 	 0.013038711895446718 
16.18 	 0.013377944293439028 
16.2 	 0.013742887846333214 
16.22 	 0.014132443289422153 
16.24 	 0.014534826876147074 
16.26 	 0.014947009867140487 
16.28 	 0.01535429895940877 
16.3 	 0.01575218201920083 
16.32 	 0.01612492924174765 
16.34 	 0.01646795413155603 
16.36 	 0.016767450387460872 
16.38 	 0.01702067625045563 
16.4 	 0.01721881839030411 
16.42 	 0.01736259381198908 
16.44 	 0.017450140671387282 
16.46 	 0.01748622623818833 
16.48 	 0.01747599264477181 
16.5 	 0.017427622504777227 
16.52 	 0.017351484586336008 
16.54 	 0.017257735035126037 
16.56 	 0.017159225050673906 
16.58 	 0.01706660467198092 
16.6 	 0.016992582555483273 
16.62 	 0.016947415132594068 
16.64 	 0.016941815746015665 
16.66 	 0.016985454027829246 
16.68 	 0.01708586818045347 
16.7 	 0.017252174832021502 
16.72 	 0.01748757054336565 
16.74 	 0.017800168772875827 
16.76 	 0.018187010896386014 
16.78 	 0.01865381951262317 
16.8 	 0.019188976396428963 
16.82 	 0.01979369322294109 
16.84 	 0.020445428319318157 
16.86 	 0.021138964029856152 
16.88 	 0.021840568891663137 
16.9 	 0.022538183495639297 
16.92 	 0.02319042881678325 
16.94 	 0.02378049460916817 
16.96 	 0.024267356643334414 
16.98 	 0.024634057206488685 
17.0 	 0.024850826988177463 
17.02 	 0.024906386121803098 
17.04 	 0.024792205849979904 
17.06 	 0.02450744161970754 
17.08 	 0.024069319105225872 
17.1 	 0.023488755598429244 
17.12 	 0.022805000868791198 
17.14 	 0.022037462600008245 
17.16 	 0.02123640244258092 
17.18 	 0.020422819020759028 
17.2 	 0.019644161670463046 
17.22 	 0.0189153955874535 
17.24 	 0.01827003472053517 
17.26 	 0.017711979197920648 
17.28 	 0.01725600549215369 
17.3 	 0.01689437823262222 
17.32 	 0.016624990110725043 
17.34 	 0.016431929590259457 
17.36 	 0.016302433191376607 
17.38 	 0.01621779920668378 
17.4 	 0.016162021964344853 
17.42 	 0.016118543995335303 
17.44 	 0.016074118919169794 
17.46 	 0.01601729116607023 
17.48 	 0.015940854685430363 
17.5 	 0.01583911041734003 
17.52 	 0.01571141605988203 
17.54 	 0.015556749037320527 
17.56 	 0.015379597222564661 
17.58 	 0.015181720343742926 
17.6 	 0.014970438440724971 
17.62 	 0.014748409568909833 
17.64 	 0.01452356482977383 
17.66 	 0.014298090222153234 
17.68 	 0.014078941007371773 
17.7 	 0.01386713039473212 
17.72 	 0.013667836235740156 
17.74 	 0.01348076773432783 
17.76 	 0.013309172691262557 
17.78 	 0.013151672693330618 
17.8 	 0.01300982668253341 
17.82 	 0.012881512471233073 
17.84 	 0.012767002093334397 
17.86 	 0.012663756346094401 
17.88 	 0.012571178244873416 
17.9 	 0.012486561547996197 
17.92 	 0.012408810326617049 
17.94 	 0.012335216188393778 
17.96 	 0.012264486168346562 
17.98 	 0.01219400027417142 
18.0 	 0.012122502455907605 
18.02 	 0.01204749996121741 
18.04 	 0.011967958533118607 
18.06 	 0.011881535758887741 
18.08 	 0.011787583930123038 
18.1 	 0.011683950500906952 
18.12 	 0.011570528723886288 
18.14 	 0.011445410267130796 
18.16 	 0.011309141208467712 
18.18 	 0.011160085086686903 
18.2 	 0.010999455067941652 
18.22 	 0.01082584293234177 
18.24 	 0.01064102158548292 
18.26 	 0.010443698505917075 
18.28 	 0.010236022370358484 
18.3 	 0.010016697887132414 
18.32 	 0.0097880847641667 
18.34 	 0.00954884573291611 
18.36 	 0.009301491421901656 
18.38 	 0.00904473175645911 
18.4 	 0.008781292271210429 
18.42 	 0.008510125909580703 
18.44 	 0.00823430124462114 
18.46 	 0.00795323016727126 
18.48 	 0.0076704069556806495 
18.5 	 0.007385825075473652 
18.52 	 0.007103337006260844 
18.54 	 0.006823460649478068 
18.56 	 0.006550147092089095 
18.58 	 0.00628419257095792 
18.6 	 0.006029251242844741 
18.62 	 0.0057860496205675875 
18.64 	 0.0055575532364415745 
18.66 	 0.005344116664283484 
18.68 	 0.005147783993329589 
18.7 	 0.00496841134462983 
18.72 	 0.004807132419745422 
18.74 	 0.004663393499487043 
18.76 	 0.0045376428864638725 
18.78 	 0.004429154100152003 
18.8 	 0.004338009085285702 
18.82 	 0.004263569671155643 
18.84 	 0.004205826540365405 
18.86 	 0.004164404694777377 
18.88 	 0.004139344998036228 
18.9 	 0.004130575295598628 
18.92 	 0.004138177327784459 
18.94 	 0.004162301331452968 
18.96 	 0.004202949515300958 
18.98 	 0.004260348702502008 
19.0 	 0.004334258613261113 
19.02 	 0.004424844316778849 
19.04 	 0.00453150122641855 
19.06 	 0.004654289674137401 
19.08 	 0.004792261858242357 
19.1 	 0.004945534553561425 
19.12 	 0.005113098111748766 
19.14 	 0.0052956084273629 
19.16 	 0.00549263231899713 
19.18 	 0.005706244699341375 
19.2 	 0.005937583986597856 
19.22 	 0.006191379550595809 
19.24 	 0.0064715123711689415 
19.26 	 0.006786740890988066 
19.28 	 0.00714463358879068 
19.3 	 0.007559108969592862 
19.32 	 0.008041555451921497 
19.34 	 0.008611480471608451 
19.36 	 0.009282746408688144 
19.38 	 0.010079799381358837 
19.4 	 0.011015562248961526 
19.42 	 0.012117589041186705 
19.44 	 0.013392090613151091 
19.46 	 0.014867073678547402 
19.48 	 0.016534220103078572 
19.5 	 0.018419381683379712 
19.52 	 0.0204911011722082 
19.54 	 0.02277167654536651 
19.56 	 0.025199424115895732 
19.58 	 0.027793779656250173 
19.6 	 0.030460271644531675 
19.62 	 0.033218199701377 
19.64 	 0.03594494205692826 
19.66 	 0.03866318673940336 
19.68 	 0.04123495695905229 
19.7 	 0.043688762880091166 
19.72 	 0.04589041400000212 
19.74 	 0.04787411198004988 
19.76 	 0.049530409670741925 
19.78 	 0.05089632976237026 
19.8 	 0.05190414523032791 
19.82 	 0.052589268315939686 
19.84 	 0.05293391418604019 
19.86 	 0.05296765793617129 
19.88 	 0.05272029695400415 
19.9 	 0.052212916013205726 
19.92 	 0.051511592065533955 
19.94 	 0.05062826903709036 
19.96 	 0.04964910288620535 
19.98 	 0.048577841138751854 
20.0 	 0.047504171143237774 
20.02 	 0.04642540300695874 
20.04 	 0.045421242232687696 
20.06 	 0.04448439495802414 
20.08 	 0.043675576608231445 
20.1 	 0.042984280799875305 
20.12 	 0.0424475791175719 
20.14 	 0.04205246880718456 
20.16 	 0.04181124089294746 
20.18 	 0.04170856825595395 
20.2 	 0.04173377216644393 
20.22 	 0.04186936859334867 
20.24 	 0.04208653243670939 
20.26 	 0.04236653249020104 
20.28 	 0.04267043080258908 
20.3 	 0.04298035769506885 
20.32 	 0.04325779172787212 
20.34 	 0.04348869348048124 
20.36 	 0.04364564626936964 
20.38 	 0.043721057985269776 
20.4 	 0.043705983784525344 
20.42 	 0.04360001743002191 
20.44 	 0.043413834792407666 
20.46 	 0.043152191355656976 
20.48 	 0.042839918610706615 
20.5 	 0.04248266998268265 
20.52 	 0.04211006973820884 
20.54 	 0.04172405443576994 
20.56 	 0.041350243693786384 
20.58 	 0.040984157097315545 
20.6 	 0.04064290809228806 
20.62 	 0.04031612220495994 
20.64 	 0.04001329634467265 
20.66 	 0.039721515751065264 
20.68 	 0.03944719077852059 
20.7 	 0.03917928278303474 
20.72 	 0.03892601355516478 
20.74 	 0.03868161603921609 
20.76 	 0.03845845499296998 
20.78 	 0.03825706179845684 
20.8 	 0.03809245932700121 
20.82 	 0.0379699965641293 
20.84 	 0.03790275986668051 
20.86 	 0.03789778046603638 
20.88 	 0.03796047758683521 
20.9 	 0.038096005338305615 
20.92 	 0.03829746815197829 
20.94 	 0.038565200809907794 
20.96 	 0.03887818127978207 
20.98 	 0.03923022731095395 
21.0 	 0.03958826883987285 
21.02 	 0.03993944766734758 
21.04 	 0.04024489329617706 
21.06 	 0.04048653858752061 
21.08 	 0.040629378967785575 
21.1 	 0.04065307545167621 
21.12 	 0.04053746991834277 
21.14 	 0.04026377888891159 
21.16 	 0.039835656212691604 
21.18 	 0.039239466320885895 
21.2 	 0.03850608836553834 
21.22 	 0.037628917142555555 
21.24 	 0.03666185687909053 
21.26 	 0.03560431897439832 
21.28 	 0.03452222830217981 
21.3 	 0.03341705245186434 
21.32 	 0.032352639567155485 
21.34 	 0.03132711673558474 
21.36 	 0.030390076715793624 
21.38 	 0.02953198612232766 
21.4 	 0.028781906874025903 
21.42 	 0.028121551798484225 
21.44 	 0.02756038722364112 
21.46 	 0.027074056715158824 
21.48 	 0.026659035677963936 
21.5 	 0.02629009040785987 
21.52 	 0.025959672819073937 
21.54 	 0.025647124427926726 
21.56 	 0.02534868755048887 
21.58 	 0.025051975385667773 
21.6 	 0.024761244564053077 
21.62 	 0.024473323409807513 
21.64 	 0.024200353203793833 
21.66 	 0.023946672356752813 
21.68 	 0.02372857225602954 
21.7 	 0.02355437476702999 
21.72 	 0.023438829534660293 
21.74 	 0.02339002763198662 
21.76 	 0.023415448357918263 
21.78 	 0.02351925058674652 
21.8 	 0.023697663321855637 
21.82 	 0.023948814471879232 
21.84 	 0.0242568042312712 
21.86 	 0.024613912110327176 
21.88 	 0.02499487868462093 
21.9 	 0.02538849944553091 
21.92 	 0.02576593811478156 
21.94 	 0.026116054383225857 
21.96 	 0.026413402018410772 
21.98 	 0.02665011114854803 
22.0 	 0.02680987906797382 
22.02 	 0.026889653325043745 
22.04 	 0.02688493712439072 
22.06 	 0.02679693255031201 
22.08 	 0.026632063857646195 
22.1 	 0.026393684205348603 
22.12 	 0.026095756851138695 
22.14 	 0.025741293674388408 
22.16 	 0.025347696369379478 
22.18 	 0.024915785553138864 
22.2 	 0.024463063570773106 
22.22 	 0.02398738915194175 
22.24 	 0.023504423842749412 
22.26 	 0.023009240748599523 
22.28 	 0.022515036386753815 
22.3 	 0.022014880322108084 
22.32 	 0.021519846398297664 
22.34 	 0.02102213163264687 
22.36 	 0.020531631491281847 
22.38 	 0.020040964383499855 
22.4 	 0.019559971768792716 
22.42 	 0.01908285518473368 
22.44 	 0.01862015899996997 
22.46 	 0.01816826973459043 
22.48 	 0.01773833368895918 
22.5 	 0.017328665260222233 
22.52 	 0.016949977620796513 
22.54 	 0.01660153954927321 
22.56 	 0.016292162176533113 
22.58 	 0.016020967885056026 
22.6 	 0.015793753161792014 
22.62 	 0.015608907451364167 
22.64 	 0.015468977907751064 
22.66 	 0.015371767116590725 
22.68 	 0.015317114521140027 
22.7 	 0.015302789159145099 
22.72 	 0.0153266846292842 
22.74 	 0.015386981156171516 
22.76 	 0.015480134743539471 
22.78 	 0.015604862723125917 
22.8 	 0.015756453543262362 
22.82 	 0.015934230692330614 
22.84 	 0.01613274836567424 
22.86 	 0.016352359489938417 
22.88 	 0.016587752375940477 
22.9 	 0.016841146614987323 
22.92 	 0.017108382101727153 
22.94 	 0.017394322298619126 
22.96 	 0.017696384894196455 
22.98 	 0.018022133704320577 
23.0 	 0.018369802856904968 
23.02 	 0.018748739562844955 
23.04 	 0.019156178385576282 
23.06 	 0.019601826384260865 
23.08 	 0.020079944982599275 
23.1 	 0.020599575777574028 
23.12 	 0.021150937425380028 
23.14 	 0.02174244027374634 
23.16 	 0.02236054096726336 
23.18 	 0.0230139940660393 
23.2 	 0.023686619859666903 
23.22 	 0.024388593792206113 
23.24 	 0.025102015222484893 
23.26 	 0.025838737088558387 
23.28 	 0.02657911503430737 
23.3 	 0.027335865712196105 
23.32 	 0.028086925804240784 
23.34 	 0.028844681596257256 
23.36 	 0.029584516438480143 
23.38 	 0.03031806039624488 
23.4 	 0.031019711135052454 
23.42 	 0.031701374903581235 
23.44 	 0.03233975449093153 
23.46 	 0.032949120502295114 
23.48 	 0.03351202743837364 
23.5 	 0.03404695791598841 
23.52 	 0.03454398958524156 
23.54 	 0.0350261548038427 
23.56 	 0.03548950786906884 
23.58 	 0.035960136518857724 
23.6 	 0.03643569423174667 
23.62 	 0.03694279991654761 
23.64 	 0.03747530499758038 
23.66 	 0.03805805639432984 
23.68 	 0.03867670043589666 
23.7 	 0.03935303937213568 
23.72 	 0.0400623312176578 
23.74 	 0.04082312870674954 
23.76 	 0.04160064545165147 
23.78 	 0.04241068724164767 
23.8 	 0.04321117239124082 
23.82 	 0.04401613055867025 
23.84 	 0.044781054629555284 
23.86 	 0.04551959908730308 
23.88 	 0.04619107755760433 
23.9 	 0.04681042105145107 
23.92 	 0.047346807517682075 
23.94 	 0.047817767713111095 
23.96 	 0.048206044529415355 
23.98 	 0.04853198605456755 
24.0 	 0.048791580517088644 
24.02 	 0.04900665193036676 
24.04 	 0.049181950387972975 
24.06 	 0.04933812625376398 
24.08 	 0.04948170242518035 
24.1 	 0.04962908776304611 
24.12 	 0.04978181754871327 
24.14 	 0.04994968751213553 
24.16 	 0.050125347427417595 
24.18 	 0.050311193043352055 
24.2 	 0.05049151089697621 
24.22 	 0.05066246707382377 
24.24 	 0.050804878971153815 
24.26 	 0.05091153066216976 
24.28 	 0.0509672819240256 
24.3 	 0.050965125279050845 
24.32 	 0.050901060323547284 
24.34 	 0.05077125627720575 
24.36 	 0.050586335806324115 
24.38 	 0.05034672143982523 
24.4 	 0.05007568283210224 
24.42 	 0.04977657231232457 
24.44 	 0.049478477178026045 
24.46 	 0.049184595187337435 
24.48 	 0.04892102850601182 
24.5 	 0.04868749935109741 
24.52 	 0.048500031600927494 
24.54 	 0.048352889447403034 
24.56 	 0.048249306417048506 
24.58 	 0.04817823430322962 
24.6 	 0.04813240143823175 
24.62 	 0.04809746123360755 
24.64 	 0.048061594731619264 
24.66 	 0.04801009770439831 
24.68 	 0.0479338188407097 
24.7 	 0.04782051201172645 
24.72 	 0.04766961213032986 
24.74 	 0.04747321217508672 
24.76 	 0.04724199680014505 
24.78 	 0.04697284996936311 
24.8 	 0.04668624431188583 
24.82 	 0.046382708920883274 
24.84 	 0.0460874004076345 
24.86 	 0.04580200224646097 
24.88 	 0.0455493651285883 
24.9 	 0.045329237581013454 
24.92 	 0.04515578274544185 
24.94 	 0.04502419870477636 
24.96 	 0.04493654140527956 
24.98 	 0.044882281166597926 
25.0 	 0.04485225225454215 
25.02 	 0.044830864092896154 
25.04 	 0.04480276017975646 
25.06 	 0.044749485157080326 
25.08 	 0.04465706105255641 
25.1 	 0.04450705577384876 
25.12 	 0.04429446766592021 
25.14 	 0.04400347495649819 
25.16 	 0.04364310097334328 
25.18 	 0.0432015693468243 
25.2 	 0.042702654586714496 
25.22 	 0.04213837109499481 
25.24 	 0.04154332937758861 
25.26 	 0.04091132171464079 
25.28 	 0.040280582480145925 
25.3 	 0.03964349402696081 
25.32 	 0.039034039309123185 
25.34 	 0.03844006961373624 
25.36 	 0.03788574777623896 
25.38 	 0.037352796160862956 
25.4 	 0.03685433812042054 
25.42 	 0.03636674596996228 
25.44 	 0.035895353118278454 
25.46 	 0.03541395521179596 
25.48 	 0.03492592190407552 
25.5 	 0.034405775586892486 
25.52 	 0.03386046063211982 
25.54 	 0.03326746498364738 
25.56 	 0.03264034454406332 
25.58 	 0.03196005637184404 
25.6 	 0.031246858147614288 
25.62 	 0.030484508636385296 
25.64 	 0.029698246481317202 
25.66 	 0.028873921003375113 
25.68 	 0.028039689283758943 
25.7 	 0.02718339192225289 
25.72 	 0.026334345596819964 
25.74 	 0.02548261264543363 
25.76 	 0.02465692667669577 
25.78 	 0.023849375475586933 
25.8 	 0.023085975950029043 
25.82 	 0.022359850310538776 
25.84 	 0.021692016378512688 
25.86 	 0.021075278396003715 
25.88 	 0.020524082483506484 
25.9 	 0.020030065798854656 
25.92 	 0.019601013141341547 
25.94 	 0.0192276149840325 
25.96 	 0.01891243239215236 
25.98 	 0.018646346581555142 
26.0 	 0.01842892703455783 
26.02 	 0.01825260004789363 
26.04 	 0.018115953499447494 
26.06 	 0.018013805482989996 
26.08 	 0.01794485050198674 
26.1 	 0.017906339225186516 
26.12 	 0.017897178720892998 
26.14 	 0.017916533340684496 
26.16 	 0.017963139477823624 
26.18 	 0.018037570784936195 
26.2 	 0.01813818236752969 
26.22 	 0.018266982537585543 
26.24 	 0.01842228434379957 
26.26 	 0.01860820355083026 
26.28 	 0.018823714397155463 
26.3 	 0.019075969788754907 
26.32 	 0.019364974113691084 
26.34 	 0.019701389476066283 
26.36 	 0.020085449731301594 
26.38 	 0.02053070514020518 
26.4 	 0.021035211011127264 
26.42 	 0.02161356542240823 
26.44 	 0.022258021800187943 
26.46 	 0.02298176837133909 
26.48 	 0.023767713681515985 
26.5 	 0.02462571718401482 
26.52 	 0.025527660596133293 
26.54 	 0.02647984467042431 
26.56 	 0.027444744066176 
26.58 	 0.028427025163887294 
26.6 	 0.02938488679977321 
26.62 	 0.03032483061625042 
26.64 	 0.031207947343703312 
26.66 	 0.032046085956403035 
26.68 	 0.032809674030311466 
26.7 	 0.03351776385615618 
26.72 	 0.03415305065604924 
26.74 	 0.03474095777352638 
26.76 	 0.03527453576086963 
26.78 	 0.03578225036862468 
26.8 	 0.036261672266200154 
26.82 	 0.036739805630391725 
26.84 	 0.03721165111609399 
26.86 	 0.03769879012976854 
26.88 	 0.0381882889523901 
26.9 	 0.038694106215094115 
26.92 	 0.03919368648865364 
26.94 	 0.03969320126330479 
26.96 	 0.04016289886053654 
26.98 	 0.040602577850864435 
27.0 	 0.040981015237980006 
27.02 	 0.04129392627362933 
27.04 	 0.04151599580504768 
27.06 	 0.04164132635331067 
27.08 	 0.04165734853270392 
27.1 	 0.041558478817615686 
27.12 	 0.04134887792974411 
27.14 	 0.041023935090725674 
27.16 	 0.040604122108987985 
27.18 	 0.04008483485943156 
27.2 	 0.03949821657242201 
27.22 	 0.03883754268867355 
27.24 	 0.03813987467069194 
27.26 	 0.0373943505471127 
27.28 	 0.0366370567007847 
27.3 	 0.035852454876745835 
27.32 	 0.03507274290734547 
27.34 	 0.0342791601960752 
27.36 	 0.03350019711888662 
27.38 	 0.03271655477571724 
27.4 	 0.03195460832957528 
27.42 	 0.031196856951965824 
27.44 	 0.030468400875266137 
27.46 	 0.029754153052130115 
27.48 	 0.02907685607527046 
27.5 	 0.02842244737213278 
27.52 	 0.02780882663702598 
27.54 	 0.027220558218798655 
27.56 	 0.026668599322460705 
27.58 	 0.026134409285915185 
27.6 	 0.025622141914964546 
27.62 	 0.025110420154193718 
27.64 	 0.02459967403276212 
27.66 	 0.024068160175588122 
27.68 	 0.023517639011708096 
27.7 	 0.02292963187349699 
27.72 	 0.022312079470923327 
27.74 	 0.021652870404180877 
27.76 	 0.020968533072887707 
27.78 	 0.020254463969590658 
27.8 	 0.019534640709527283 
27.82 	 0.018810682070851747 
27.84 	 0.01810990326507511 
27.86 	 0.01743710582907001 
27.88 	 0.016817692639335885 
27.9 	 0.016256234868962237 
27.92 	 0.015771879710455437 
27.94 	 0.015366524452644664 
27.96 	 0.01505089458037803 
27.98 	 0.014823429242143093 
28.0 	 0.01468656722019969 
28.02 	 0.014636022001204313 
28.04 	 0.014667624382639145 
28.06 	 0.014775883951393193 
28.08 	 0.014952165879145253 
28.1 	 0.01519121438469502 
28.12 	 0.015481642814000841 
28.14 	 0.01581917131435425 
28.16 	 0.01619056360624674 
28.18 	 0.0165924460349186 
28.2 	 0.01701004879577495 
28.22 	 0.017440419981569845 
28.24 	 0.01786765392498218 
28.26 	 0.018288973276299882 
28.28 	 0.01868849311826596 
28.3 	 0.019064078283010075 
28.32 	 0.019401952006552623 
28.34 	 0.01970175035912498 
28.36 	 0.01995423426029057 
28.38 	 0.02016199796758236 
28.4 	 0.020322014101454206 
28.42 	 0.020440290830768884 
28.44 	 0.020519972863600622 
28.46 	 0.02056973829585045 
28.48 	 0.020596941907807458 
28.5 	 0.02061113833400134 
28.52 	 0.020620694935365346 
28.54 	 0.020633872962711228 
28.56 	 0.020656814488618534 
28.58 	 0.02069474740699723 
28.6 	 0.02074940274466803 
28.62 	 0.020822203093887715 
28.64 	 0.020909888897883328 
28.66 	 0.021010360244614525 
28.68 	 0.02111633079019009 
28.7 	 0.021223228837464986 
28.72 	 0.02132176075538781 
28.74 	 0.021406259928491607 
28.76 	 0.021467855648776422 
28.78 	 0.02150109533686507 
28.8 	 0.02149977056554752 
28.82 	 0.02145963289652069 
28.84 	 0.021378725124288293 
28.86 	 0.021254556480435907 
28.88 	 0.021090075148653888 
28.9 	 0.02088462897071743 
28.92 	 0.02064570056412351 
28.94 	 0.020374104100934896 
28.96 	 0.02008058648213851 
28.98 	 0.019766695428347664 
29.0 	 0.019444612778739743 
29.02 	 0.019115717406740815 
29.04 	 0.01879172241195795 
29.06 	 0.018473032144827945 
29.08 	 0.01816939999501361 
29.1 	 0.017879801913511836 
29.12 	 0.017611278696110733 
29.14 	 0.01736141162592967 
29.16 	 0.01713457399258963 
29.18 	 0.0169274297777273 
29.2 	 0.016742329820121537 
29.22 	 0.016575742613139523 
29.24 	 0.016428890455489238 
29.26 	 0.01629874652296826 
29.28 	 0.016186182731481116 
29.3 	 0.01608912129841051 
29.32 	 0.016008483928945383 
29.34 	 0.015943200798753398 
29.36 	 0.015894176325686852 
29.38 	 0.015861037857347587 
29.4 	 0.015844247043369716 
29.42 	 0.015843615103169235 
29.44 	 0.015858651417091762 
29.46 	 0.015888903991689515 
29.48 	 0.01593266683418856 
29.5 	 0.01598909698460943 
29.52 	 0.016055476850359962 
29.54 	 0.016130860625073535 
29.56 	 0.01621216165805792 
29.58 	 0.01629890028975006 
29.6 	 0.01638841270212745 
29.62 	 0.016481225336245773 
29.64 	 0.016575631112850518 
29.66 	 0.016673356288312884 
29.68 	 0.016773627175521163 
29.7 	 0.016879074458664156 
29.72 	 0.016989263507162972 
29.74 	 0.017107066167367707 
29.76 	 0.01723151870494292 
29.78 	 0.017365035837010604 
29.8 	 0.01750544749286101 
29.82 	 0.017654354936860097 
29.84 	 0.017808288719412545 
29.86 	 0.017968245255682528 
29.88 	 0.01813005238920961 
29.9 	 0.018294812498818622 
29.92 	 0.018458667658387006 
29.94 	 0.018623690538402862 
29.96 	 0.01878722209326133 
29.98 	 0.01895282635591645 
30.0 	 0.01911920616749547 
30.02 	 0.019291175389810008 
30.04 	 0.01946791963672035 
30.06 	 0.019654379220449828 
30.08 	 0.01984847830313715 
30.1 	 0.020053576916750804 
30.12 	 0.020264430986225566 
30.14 	 0.020481184781722353 
30.16 	 0.020694361598328773 
30.18 	 0.020900091791010454 
30.2 	 0.021085329971846662 
30.22 	 0.021242765744627985 
30.24 	 0.021358472042250918 
30.26 	 0.02142364664039691 
30.28 	 0.021427582254479893 
30.3 	 0.021362681060489896 
30.32 	 0.02122552393082973 
30.34 	 0.02101208046940104 
30.36 	 0.020728510404242277 
30.38 	 0.020375294078172394 
30.4 	 0.019967494561595484 
30.42 	 0.01950908146982158 
30.44 	 0.01902045593977469 
30.46 	 0.018506448730807146 
30.48 	 0.01798775927120443 
30.5 	 0.017467013624247487 
30.52 	 0.01696076122230305 
30.54 	 0.01646732734805874 
30.56 	 0.01599692185743603 
30.58 	 0.015543349048238881 
30.6 	 0.015111044205803916 
30.62 	 0.014690898353282428 
30.64 	 0.014284121111366205 
30.66 	 0.013881215607765618 
30.68 	 0.013483192720835197 
30.7 	 0.013082375345325513 
30.72 	 0.012681642379957522 
30.74 	 0.012276115125766632 
30.76 	 0.011870942016500092 
30.78 	 0.011463623725677349 
30.8 	 0.01106057144792183 
30.82 	 0.010660415090400626 
30.84 	 0.010269340343107822 
30.86 	 0.009885920859478238 
30.88 	 0.009515120989137675 
30.9 	 0.009155007493590986 
30.92 	 0.008809275089981897 
30.94 	 0.00847585331734204 
30.96 	 0.008157832580075335 
30.98 	 0.007853742200447798 
31.0 	 0.007566804003948455 
31.02 	 0.007296635169253915 
31.04 	 0.007046823908577847 
31.06 	 0.006817948512473197 
31.08 	 0.006613540086951668 
31.1 	 0.006434462716197597 
31.12 	 0.00628338167602024 
31.14 	 0.006160605978360642 
31.16 	 0.006067204701927903 
31.18 	 0.006002352828425203 
31.2 	 0.005965237601763082 
31.22 	 0.005953824458484617 
31.24 	 0.005965687006301076 
31.26 	 0.005997988256290172 
31.28 	 0.006047369213692074 
31.3 	 0.006110862651700525 
31.32 	 0.006184991912107985 
31.34 	 0.00626731468419979 
31.36 	 0.0063549067461157955 
31.38 	 0.00644627097074489 
31.4 	 0.006539393444908337 
31.42 	 0.006633834498497288 
31.44 	 0.006728529841850881 
31.46 	 0.006823977686553105 
31.48 	 0.006919905627429478 
31.5 	 0.007017549546060933 
31.52 	 0.007117222238203388 
31.54 	 0.007220732441919957 
31.56 	 0.007328793602189852 
31.58 	 0.0074436693082520445 
31.6 	 0.007566277473686763 
31.62 	 0.007699197225762213 
31.64 	 0.007843274035530663 
31.66 	 0.00800119044379539 
31.68 	 0.00817335977416642 
31.7 	 0.008362326000794729 
31.72 	 0.008567729211713794 
31.74 	 0.008791822054625862 
31.76 	 0.009033281256927636 
31.78 	 0.00929409273822679 
31.8 	 0.009571969931192359 
31.82 	 0.00986878811580619 
31.84 	 0.010181371687604104 
31.86 	 0.01051159420528725 
31.88 	 0.010855340541265706 
31.9 	 0.01121435722537397 
31.92 	 0.011583302726598703 
31.94 	 0.011963402724353154 
31.96 	 0.012347683022630528 
31.98 	 0.012736374180250185 
32.0 	 0.013120679027367825 
32.02 	 0.013499598431842593 
32.04 	 0.013862908988720892 
32.06 	 0.014208639773370434 
32.08 	 0.014526283826990838 
32.1 	 0.014813661030325862 
32.12 	 0.015061666403723075 
32.14 	 0.015268921901537317 
32.16 	 0.01542944277095184 
32.18 	 0.015543522761395182 
32.2 	 0.0156094657038217 
32.22 	 0.015629644489598783 
32.24 	 0.0156068879210404 
32.26 	 0.015545485119672384 
32.28 	 0.015452062192287983 
32.3 	 0.015332203196302603 
32.32 	 0.015194911879236479 
32.34 	 0.01504621113302444 
32.36 	 0.014895768234800738 
32.38 	 0.014749159771952718 
32.4 	 0.014615056252279223 
32.42 	 0.014497798009266302 
32.44 	 0.014403678213870412 
32.46 	 0.014335166491175605 
32.48 	 0.014295205583477938 
32.5 	 0.014283958529542158 
32.52 	 0.01430053252992606 
32.54 	 0.01434259297516318 
32.56 	 0.014405472044115812 
32.58 	 0.014484430195924788 
32.6 	 0.01457166396969849 
32.62 	 0.014660428346600037 
32.64 	 0.014741002566472266 
32.66 	 0.014805355037187986 
32.68 	 0.014843588429456153 
32.7 	 0.014847415816396864 
32.72 	 0.014808854379910275 
32.74 	 0.014720624900196563 
32.76 	 0.014578743116785305 
32.78 	 0.014378210602540771 
32.8 	 0.014120581731039372 
32.82 	 0.013804059564401276 
32.84 	 0.013436176309409128 
32.86 	 0.013018529341096399 
32.88 	 0.01256366914041192 
32.9 	 0.01207587695916966 
32.92 	 0.011570555565050546 
32.94 	 0.011053242298311788 
32.96 	 0.010539499419643187 
32.98 	 0.01003449518807472 
33.0 	 0.009551617169998888 
33.02 	 0.009094461655679321 
33.04 	 0.008672950600306461 
33.06 	 0.008288738199799653 
33.08 	 0.007948227928883325 
33.1 	 0.007651605587853303 
33.12 	 0.007402627812315281 
33.14 	 0.007200978120056938 
33.16 	 0.007048961680727138 
33.18 	 0.006946716948423022 
33.2 	 0.006896022926509722 
33.22 	 0.0068980031516969196 
33.24 	 0.006954180497546995 
33.26 	 0.0070665595354264844 
33.28 	 0.007235902072947336 
33.3 	 0.0074643743863446145 
33.32 	 0.007750822082608979 
33.34 	 0.008096458886653108 
33.36 	 0.008496762026262613 
33.38 	 0.008950880092575272 
33.4 	 0.009449731806153229 
33.42 	 0.009989785093695306 
33.44 	 0.010557113275591045 
33.46 	 0.011145789912700498 
33.48 	 0.01173811315190395 
33.5 	 0.012327022026106589 
33.52 	 0.012893435347396521 
33.54 	 0.013431009336894627 
33.56 	 0.013922381933612433 
33.58 	 0.014363671004154093 
33.6 	 0.014742041761310078 
33.62 	 0.015057034725959496 
33.64 	 0.015301956472135989 
33.66 	 0.015479629867218426 
33.68 	 0.015589533974490906 
33.7 	 0.015636700597158285 
33.72 	 0.015625490226939463 
33.74 	 0.015561655603092901 
33.76 	 0.015452518858110928 
33.78 	 0.015303224512784534 
33.8 	 0.015122229498363884 
33.82 	 0.014913251149853245 
33.84 	 0.014684564522153177 
33.86 	 0.014438168167910943 
33.88 	 0.014181379701673873 
33.9 	 0.013914493706045606 
33.92 	 0.013643448710902034 
33.94 	 0.013366921683640537 
33.96 	 0.013089257206746589 
33.98 	 0.01280761605575004 
34.0 	 0.012524778170863636 
34.02 	 0.01223664668061768 
34.04 	 0.011944858934433122 
34.06 	 0.0116446512929431 
34.08 	 0.011337377305190565 
34.1 	 0.011018524321949502 
34.12 	 0.010690236852246049 
34.14 	 0.010349232452434524 
34.16 	 0.00999930267730913 
34.18 	 0.009639039494084966 
34.2 	 0.009274109332287072 
34.22 	 0.008904999143864736 
34.24 	 0.008538711087449356 
34.26 	 0.008177011936393844 
34.28 	 0.007827138082534534 
34.3 	 0.007491139365418339 
34.32 	 0.007175238387103589 
34.34 	 0.0068807583184026366 
34.36 	 0.006611925200209247 
34.38 	 0.006368628190884282 
34.4 	 0.006152637344414346 
34.42 	 0.005962177790881912 
34.44 	 0.005796702362027729 
34.46 	 0.0056530512885163324 
34.48 	 0.005529029011164449 
34.5 	 0.005420794297692454 
34.52 	 0.0053255286336281755 
34.54 	 0.0052396516283862654 
34.56 	 0.005160842012441678 
34.58 	 0.005086694049123066 
34.6 	 0.005016283144333491 
34.62 	 0.004948973140231614 
34.64 	 0.004885634088088296 
34.66 	 0.00482746884745054 
34.68 	 0.0047769146777364435 
34.7 	 0.0047365415421326785 
34.72 	 0.004709613152834074 
34.74 	 0.004699258006669404 
34.76 	 0.004708622324193592 
34.78 	 0.004740579159756162 
34.8 	 0.004797357547805628 
34.82 	 0.004881030142205823 
34.84 	 0.0049924427592370505 
34.86 	 0.005132650047158093 
34.88 	 0.005300918469404075 
34.9 	 0.005497223478547279 
34.92 	 0.005719098832202905 
34.94 	 0.0059652988185321144 
34.96 	 0.006231352489855753 
34.98 	 0.006514496202446749 
35.0 	 0.006807968220999398 
35.02 	 0.007107236612291213 
35.04 	 0.007403316724134497 
35.06 	 0.007690066114368277 
35.08 	 0.007957091997114158 
35.1 	 0.008197459127825784 
35.12 	 0.008401027636402188 
35.14 	 0.00856146703183528 
35.16 	 0.008671039232380717 
35.18 	 0.008725577510905936 
35.2 	 0.008721684782626452 
35.22 	 0.008658525677410494 
35.24 	 0.008538064732474307 
35.26 	 0.008363148491850539 
35.28 	 0.008140812982467594 
35.3 	 0.00787698426689909 
35.32 	 0.0075822422096586935 
35.34 	 0.007264204481655348 
35.36 	 0.006934698698546116 
35.38 	 0.006601247042757323 
35.4 	 0.006274524333628581 
35.42 	 0.00596025985397735 
35.44 	 0.005666110578483929 
35.46 	 0.005394872432446619 
35.48 	 0.0051502991670177994 
35.5 	 0.0049319837811709335 
35.52 	 0.00474001311534252 
35.54 	 0.0045714255566351005 
35.56 	 0.0044238086546372155 
35.58 	 0.004292955377203664 
35.6 	 0.004175592678473052 
35.62 	 0.004067759665411607 
35.64 	 0.003966856322720172 
35.66 	 0.0038703227612169266 
35.68 	 0.0037771693586217264 
35.7 	 0.003686694192318281 
35.72 	 0.00359962257866522 
35.74 	 0.0035167925252698145 
35.76 	 0.0034400017084455733 
35.78 	 0.003370748963383536 
35.8 	 0.003310864337328508 
35.82 	 0.003261469797452137 
35.84 	 0.0032234525012842415 
35.86 	 0.003196789184718289 
35.88 	 0.003180908097455574 
35.9 	 0.0031744325748400675 
35.92 	 0.0031754586387877774 
35.94 	 0.003181656005371792 
35.96 	 0.0031904703580803656 
35.98 	 0.003199420528033842 
36.0 	 0.0032062270935290945 
36.02 	 0.0032091027617816965 
36.04 	 0.0032068174915301116 
36.06 	 0.003198815257649202 
36.08 	 0.0031852429459815843 
36.1 	 0.0031668253481380005 
36.12 	 0.0031448940807313197 
36.14 	 0.003121065182450044 
36.16 	 0.003097292341456839 
36.18 	 0.003075465360492456 
36.2 	 0.003057482369787452 
36.22 	 0.0030449019625303935 
36.24 	 0.0030390018795451723 
36.26 	 0.0030405908031819096 
36.28 	 0.0030500165408089332 
36.3 	 0.0030672038970015448 
36.32 	 0.003091593354969893 
36.34 	 0.003122428461338218 
36.36 	 0.003158622981293179 
36.38 	 0.003199268325356698 
36.4 	 0.0032434192579552613 
36.42 	 0.0032907367369685975 
36.44 	 0.003341150049163882 
36.46 	 0.0033955293170543997 
36.48 	 0.003455148614980086 
36.5 	 0.0035223332235130274 
36.52 	 0.003599631945777196 
36.54 	 0.0036905041459905784 
36.56 	 0.00379810116340559 
36.58 	 0.0039261968908657924 
36.6 	 0.004077452414102449 
36.62 	 0.004254894168003859 
36.64 	 0.004459485339103945 
36.66 	 0.004692494999034365 
36.68 	 0.004952158169663297 
36.7 	 0.005237261684199006 
36.72 	 0.00554270365624446 
36.74 	 0.005864530133034952 
36.76 	 0.006194354150685462 
36.78 	 0.006525853627938843 
36.8 	 0.0068482841513891335 
36.82 	 0.007154049653764444 
36.84 	 0.007431884710565952 
36.86 	 0.007674603770380753 
36.88 	 0.007872824559458067 
36.9 	 0.00802160679703887 
36.92 	 0.008115697512349756 
36.94 	 0.008153752689331653 
36.96 	 0.00813590638832331 
36.98 	 0.008064746847472867 
37.0 	 0.007945560526441933 
37.02 	 0.007784047562303505 
37.04 	 0.007589025000698964 
37.06 	 0.0073676513182744366 
37.08 	 0.0071299098283782395 
37.1 	 0.006882537983460139 
37.12 	 0.006634410916366172 
37.14 	 0.0063903395354689575 
37.16 	 0.006156554338603862 
37.18 	 0.005935183588692176 
37.2 	 0.005729294739672495 
37.22 	 0.005538414264957806 
37.24 	 0.005362873414715569 
37.26 	 0.0052003537666371925 
37.28 	 0.005049502230651874 
37.3 	 0.004907254986574828 
37.32 	 0.004771805318755631 
37.34 	 0.004640382980106064 
37.36 	 0.004511703856901434 
37.38 	 0.004383937383788076 
37.4 	 0.004256776232199735 
37.42 	 0.0041294575241519185 
37.44 	 0.004002581288262766 
37.46 	 0.0038761870523352253 
37.48 	 0.0037514196893295693 
37.5 	 0.0036287372747901728 
37.52 	 0.0035094699175683653 
37.54 	 0.0033942300570589316 
37.56 	 0.0032843478021277106 
37.58 	 0.003180505775867248 
37.6 	 0.003083990767972343 
37.62 	 0.0029955357256450372 
37.64 	 0.0029163241096063133 
37.66 	 0.00284702219065375 
37.68 	 0.0027885080210608543 
37.7 	 0.0027411072088618553 
37.72 	 0.0027050683072319657 
37.74 	 0.0026800396681045174 
37.76 	 0.0026653484117956875 
37.78 	 0.0026597469399341784 
37.8 	 0.002661561464398925 
37.82 	 0.002668692685390323 
37.84 	 0.002678691944539795 
37.86 	 0.002688941801740604 
37.88 	 0.0026967104761889005 
37.9 	 0.002699390015232092 
37.92 	 0.002694579345064785 
37.94 	 0.0026802384391639332 
37.96 	 0.0026548489580017144 
37.98 	 0.002617360384045075 
38.0 	 0.002567464212695981 
38.02 	 0.002505261269597025 
38.04 	 0.0024316605282682 
38.06 	 0.0023477733007563786 
38.08 	 0.002255421703676524 
38.1 	 0.0021563405542412853 
38.12 	 0.0020527641389250484 
38.14 	 0.0019465619936606866 
38.16 	 0.001839867775957725 
38.18 	 0.001734273986474104 
38.2 	 0.0016314673548642358 
38.22 	 0.0015325658274867344 
38.24 	 0.0014387249759510207 
38.26 	 0.0013506422902922774 
38.28 	 0.0012690981653309893 
38.3 	 0.0011946042081516129 
38.32 	 0.001127843838066789 
38.34 	 0.0010694179705848933 
38.36 	 0.0010201572648111644 
38.38 	 0.000980920752877037 
38.4 	 0.0009527645361516725 
38.42 	 0.0009367688965291488 
38.44 	 0.0009340643199904373 
38.46 	 0.0009456914069963623 
38.48 	 0.0009724998094259675 
38.5 	 0.0010150754676553956 
38.52 	 0.001073535288308104 
38.54 	 0.0011475806374698812 
38.56 	 0.001236206221783457 
38.58 	 0.0013379485002972416 
38.6 	 0.001450514476385936 
38.62 	 0.0015712792392986743 
38.64 	 0.0016968312698149924 
38.66 	 0.0018237287216573003 
38.68 	 0.0019479654661792817 
38.7 	 0.0020659247113963865 
38.72 	 0.0021737956476456876 
38.74 	 0.0022685843585817135 
38.76 	 0.002347539064401826 
38.78 	 0.0024090251809558896 
38.8 	 0.0024520264545527066 
38.82 	 0.0024766986341779205 
38.84 	 0.0024839961083107935 
38.86 	 0.0024758013809963605 
38.88 	 0.002454695453835557 
38.9 	 0.0024236934030282004 
38.92 	 0.0023861537793491666 
38.94 	 0.0023452754650268325 
38.96 	 0.002304135711309913 
38.98 	 0.00226515995193643 
39.0 	 0.0022302777976901562 
39.02 	 0.0022005413775649132 
39.04 	 0.002176376711385703 
39.06 	 0.0021574229980218795 
39.08 	 0.0021428333964580637 
39.1 	 0.0021312943004175773 
39.12 	 0.0021213145344886894 
39.14 	 0.0021113136296799675 
39.16 	 0.002099851173495674 
39.18 	 0.0020856693666302765 
39.2 	 0.0020678527218297546 
39.22 	 0.0020457580928064604 
39.24 	 0.002019135700607657 
39.26 	 0.0019879416634880453 
39.28 	 0.0019524692920165315 
39.3 	 0.0019130800651520094 
39.32 	 0.0018703818408104536 
39.34 	 0.0018249222210504677 
39.36 	 0.0017774209818643414 
39.38 	 0.0017284563815077928 
39.4 	 0.0016787334835545703 
39.42 	 0.0016287784651809129 
39.44 	 0.0015792151802715333 
39.46 	 0.001530475667077092 
39.48 	 0.0014830629040761619 
39.5 	 0.001437285810900108 
39.52 	 0.001393497200258332 
39.54 	 0.0013518617861594303 
39.56 	 0.0013125667060584873 
39.58 	 0.001275627697224955 
39.6 	 0.0012410731434731484 
39.62 	 0.0012087880025379125 
39.64 	 0.0011786731987092286 
39.66 	 0.0011505221575734783 
39.68 	 0.001124157746108025 
39.7 	 0.0010993338822912193 
39.72 	 0.001075852560310481 
39.74 	 0.001053482460829653 
39.76 	 0.0010320583139689409 
39.78 	 0.0010114088199796093 
39.8 	 0.0009914395932621944 
39.82 	 0.0009720638882262168 
39.84 	 0.0009532695417430778 
39.86 	 0.0009350485299151267 
39.88 	 0.0009174489130334325 
39.9 	 0.0009005033127878789 
39.92 	 0.0008842693112455045 
39.94 	 0.0008687618829611161 
39.96 	 0.0008539911383741509 
39.98 	 0.0008399233673486781 
40.0 	 0.0008263989189863195 
