0.0 	 0.006826733298544485 
0.02 	 0.0067983675765313474 
0.04 	 0.006788007123284992 
0.06 	 0.00677834974857519 
0.08 	 0.006775107807472448 
0.1 	 0.006772516812272975 
0.12 	 0.006773366844879907 
0.14 	 0.0067757448306595205 
0.16 	 0.0067805040534772215 
0.18 	 0.006787361753090889 
0.2 	 0.006796211736407572 
0.22 	 0.006807259468862662 
0.24 	 0.006820350252530724 
0.26 	 0.006835276965673324 
0.28 	 0.006852672721110652 
0.3 	 0.006871146180347691 
0.32 	 0.0068928678519795394 
0.34 	 0.006914560248768727 
0.36 	 0.0069406303558445905 
0.38 	 0.006965196498390714 
0.4 	 0.006995630965768085 
0.42 	 0.007022614309180069 
0.44 	 0.007057332640487154 
0.46 	 0.00708600896002636 
0.48 	 0.007124662226658955 
0.5 	 0.007153866185603184 
0.52 	 0.007195619783319597 
0.54 	 0.007223635035862389 
0.56 	 0.007266986844751297 
0.58 	 0.007291596627122774 
0.6 	 0.007334339916400497 
0.62 	 0.007353106005399159 
0.64 	 0.007392530913226266 
0.66 	 0.0074032865993372545 
0.68 	 0.007436641408117677 
0.7 	 0.007438078080980231 
0.72 	 0.0074632027666244345 
0.74 	 0.007455355161627371 
0.76 	 0.007471302775759505 
0.78 	 0.007455740023299413 
0.8 	 0.00746316536038593 
0.82 	 0.007442778916264158 
0.84 	 0.007443923818206469 
0.86 	 0.007422335472543386 
0.88 	 0.007420566420653443 
0.9 	 0.00740131059195092 
0.92 	 0.007400324184015313 
0.94 	 0.007386043311202327 
0.96 	 0.007388984624542541 
0.98 	 0.00738088098401082 
1.0 	 0.007389656856471225 
1.02 	 0.0073873557133498375 
1.04 	 0.007402343142478829 
1.06 	 0.007404166035673678 
1.08 	 0.007424347980968727 
1.1 	 0.007427839234918767 
1.12 	 0.007451228801411147 
1.14 	 0.007453702904133764 
1.16 	 0.007477828554038728 
1.18 	 0.007476749019084854 
1.2 	 0.0074990054769559856 
1.22 	 0.007492134819182001 
1.24 	 0.007509925879643838 
1.26 	 0.007495322371804407 
1.28 	 0.007506059524218272 
1.3 	 0.007482068044197484 
1.32 	 0.007483173199714613 
1.34 	 0.007448539597714753 
1.36 	 0.007437598902193221 
1.38 	 0.007391752095035155 
1.4 	 0.007366889849982894 
1.42 	 0.0073103290607253865 
1.44 	 0.0072707512194184615 
1.46 	 0.007205392957033165 
1.48 	 0.007151934825079048 
1.5 	 0.007081248364171438 
1.52 	 0.007016701063588047 
1.54 	 0.006945507466168579 
1.56 	 0.0068745337289790225 
1.58 	 0.006808452618130486 
1.6 	 0.006737039783771261 
1.62 	 0.006681700405891811 
1.64 	 0.006616281698261436 
1.66 	 0.006576507346943739 
1.68 	 0.006523011527506084 
1.7 	 0.006502185639798766 
1.72 	 0.006465272279297515 
1.74 	 0.006465000162347732 
1.76 	 0.006447614137160586 
1.78 	 0.006467670093777645 
1.8 	 0.006470898619291073 
1.82 	 0.006509374592209333 
1.84 	 0.0065325100603635545 
1.86 	 0.00658608991779244 
1.88 	 0.006626817045306952 
1.9 	 0.006691154346066606 
1.92 	 0.006745843275646764 
1.94 	 0.006816058627457833 
1.96 	 0.006880192386830379 
1.98 	 0.006951493256831659 
2.0 	 0.0070202531794449465 
2.02 	 0.0070886184338522715 
2.04 	 0.007157594327935506 
2.06 	 0.00722038908969777 
2.08 	 0.007286293665636449 
2.1 	 0.0073426303246305474 
2.12 	 0.007403819096613057 
2.14 	 0.007454500923537122 
2.16 	 0.007511085764297976 
2.18 	 0.007558085042003536 
2.2 	 0.007611531606115155 
2.22 	 0.007657141806575065 
2.24 	 0.007709451497574391 
2.26 	 0.007755427928969384 
2.28 	 0.007808225687872237 
2.3 	 0.007855274465699807 
2.32 	 0.007909204578839382 
2.34 	 0.007957029482761776 
2.36 	 0.008011717080998128 
2.38 	 0.008059549434684073 
2.4 	 0.008114084651666032 
2.42 	 0.008161373707750889 
2.44 	 0.0082150044872856 
2.46 	 0.008261890551983779 
2.48 	 0.008314531440396651 
2.5 	 0.008361884641355696 
2.52 	 0.008414193678582569 
2.54 	 0.008463267378672798 
2.56 	 0.008516312786592138 
2.58 	 0.008568277544471623 
2.6 	 0.008623056402091918 
2.62 	 0.008678736946755687 
2.64 	 0.008735890803252629 
2.66 	 0.00879589922768652 
2.68 	 0.008855851169038366 
2.7 	 0.008921062553961292 
2.72 	 0.008984539304522287 
2.74 	 0.00905662819717939 
2.76 	 0.009125276088100535 
2.78 	 0.009206961743126242 
2.8 	 0.009283671991349223 
2.82 	 0.009378461110254147 
2.84 	 0.00946715814362967 
2.86 	 0.009578652603856866 
2.88 	 0.009683598444355684 
2.9 	 0.00981468643908002 
2.92 	 0.009939630730114307 
2.94 	 0.010091944953962791 
2.96 	 0.010239524658683993 
2.98 	 0.010413389801732483 
3.0 	 0.010585014190787403 
3.02 	 0.0107798316257915 
3.04 	 0.01097600818674153 
3.06 	 0.011190824223217204 
3.08 	 0.011411683402589667 
3.1 	 0.011645673949154221 
3.12 	 0.011891440965986167 
3.14 	 0.01214418802927378 
3.16 	 0.01241548838913284 
3.18 	 0.012687091973565568 
3.2 	 0.012985137520029413 
3.22 	 0.013276279349253078 
3.24 	 0.01360305018923602 
3.26 	 0.013915066155145104 
3.28 	 0.014273541871734147 
3.3 	 0.014608419386189357 
3.32 	 0.015002761675634768 
3.34 	 0.015362854306256718 
3.36 	 0.015798292256760018 
3.38 	 0.016185534111876305 
3.4 	 0.016667653497544968 
3.42 	 0.01708222033845414 
3.44 	 0.017615488838815557 
3.46 	 0.018054183508053115 
3.48 	 0.018639872892279016 
3.5 	 0.019094888843199244 
3.52 	 0.019728989941139856 
3.54 	 0.020187884084397083 
3.56 	 0.020859936754380835 
3.58 	 0.021307370281782496 
3.6 	 0.02200110929055308 
3.62 	 0.02242218061535482 
3.64 	 0.023118421864677212 
3.66 	 0.02350258314921039 
3.68 	 0.02418393150874035 
3.7 	 0.024528054292198637 
3.72 	 0.025184036151370656 
3.74 	 0.02549338681538858 
3.76 	 0.026123877730739483 
3.78 	 0.026410408336707474 
3.8 	 0.027025306844904503 
3.82 	 0.027303537290203808 
3.84 	 0.027917970891454494 
3.86 	 0.028199703021695624 
3.88 	 0.02882626431488636 
3.9 	 0.029116060323685803 
3.92 	 0.029757294348187177 
3.94 	 0.03005044464119773 
3.96 	 0.030694757690028326 
3.98 	 0.03097825074432677 
4.0 	 0.031600703627020374 
4.02 	 0.03185637211937735 
4.04 	 0.03242382064005366 
4.06 	 0.03263238831086341 
4.08 	 0.03311128125267944 
4.1 	 0.033256510757947715 
4.12 	 0.033621383894553256 
4.14 	 0.03369408766304057 
4.16 	 0.0339348419809308 
4.18 	 0.03393644726471973 
4.2 	 0.034062607086721874 
4.22 	 0.03400734677686634 
4.24 	 0.034047882910968115 
4.26 	 0.033962251383204384 
4.28 	 0.03396047345808502 
4.3 	 0.03387902529382805 
4.32 	 0.03388334974187528 
4.34 	 0.0338412254586275 
4.36 	 0.033893858808458174 
4.38 	 0.03391789401887133 
4.4 	 0.03404424639523178 
4.42 	 0.03414532679480632 
4.44 	 0.03434710209428055 
4.46 	 0.034516177107738584 
4.48 	 0.03477045096275488 
4.5 	 0.03497954068663946 
4.52 	 0.03524466654085113 
4.54 	 0.035452873846567416 
4.56 	 0.03567997333304933 
4.58 	 0.035843335304676247 
4.6 	 0.03599006588163118 
4.62 	 0.036072946958039996 
4.64 	 0.036115069171899605 
4.66 	 0.036099689523478744 
4.68 	 0.03603643634321044 
4.7 	 0.03592688296011953 
4.72 	 0.03577845311542651 
4.74 	 0.035597319393496904 
4.76 	 0.03539617394778887 
4.78 	 0.03517554156009558 
4.8 	 0.03495582881125187 
4.82 	 0.03472721533115224 
4.84 	 0.03451685341894753 
4.86 	 0.034304527209268514 
4.88 	 0.03412206710047173 
4.9 	 0.03394105487808881 
4.92 	 0.03379631408186133 
4.94 	 0.03365331735193184 
4.96 	 0.033549228730884555 
4.98 	 0.03344383753773501 
5.0 	 0.03337759702955966 
5.02 	 0.03330240752023074 
5.04 	 0.03326551768489955 
5.06 	 0.033205211597721856 
5.08 	 0.033182883683315706 
5.1 	 0.03311283090315475 
5.12 	 0.03308316583242189 
5.14 	 0.03296804213138054 
5.16 	 0.03290128553900764 
5.18 	 0.032694577593120215 
5.2 	 0.03255320183452056 
5.22 	 0.03219951563666273 
5.24 	 0.03194062693576957 
5.26 	 0.031383355665768456 
5.28 	 0.03096504825009093 
5.3 	 0.030160661950626066 
5.32 	 0.029552744691269953 
5.34 	 0.028489106789227562 
5.36 	 0.027686016194977806 
5.38 	 0.02639711026276193 
5.4 	 0.025427554429216796 
5.42 	 0.023994632847890808 
5.44 	 0.0229209922585705 
5.46 	 0.021454888642000885 
5.48 	 0.020359141191396275 
5.5 	 0.018970054443544982 
5.52 	 0.01793177627279608 
5.54 	 0.016702251798124096 
5.56 	 0.01578046660972865 
5.58 	 0.014754468616561186 
5.6 	 0.01398153248480314 
5.62 	 0.013169834992385741 
5.64 	 0.012555875921637167 
5.66 	 0.011948227868734411 
5.68 	 0.011488748517566936 
5.7 	 0.011063454120723173 
5.72 	 0.010744197706173084 
5.74 	 0.010471974480899633 
5.76 	 0.010270128345390747 
5.78 	 0.010114567513529389 
5.8 	 0.009998993569754136 
5.82 	 0.009917629131413086 
5.84 	 0.009851282501492559 
5.86 	 0.009799960079355048 
5.88 	 0.009745857771807294 
5.9 	 0.009686656485584534 
5.92 	 0.009616322584019022 
5.94 	 0.00952684806586679 
5.96 	 0.009428255808058965 
5.98 	 0.009308286064080622 
6.0 	 0.009189605365352935 
6.02 	 0.00906091447702725 
6.04 	 0.008947426118176496 
6.06 	 0.008845287845053881 
6.08 	 0.008769789143407185 
6.1 	 0.008729336759206138 
6.12 	 0.008719912127308436 
6.14 	 0.008763723815520803 
6.16 	 0.008834293975796671 
6.18 	 0.008966401677418648 
6.2 	 0.009113620330965229 
6.22 	 0.009320840504604055 
6.24 	 0.009527234175797698 
6.26 	 0.009785100153446278 
6.28 	 0.010025607561176248 
6.3 	 0.010305326967162378 
6.32 	 0.010553917270633883 
6.34 	 0.010827953948900043 
6.36 	 0.011062258245368266 
6.38 	 0.011307800663833826 
6.4 	 0.011511406552930467 
6.42 	 0.01171218328526868 
6.44 	 0.01187537235838991 
6.46 	 0.012022648170493914 
6.48 	 0.012142494959908379 
6.5 	 0.012235641193529134 
6.52 	 0.012315777765628807 
6.54 	 0.012361963647137687 
6.56 	 0.012411556040833091 
6.58 	 0.012423557737007315 
6.6 	 0.012454761832726174 
6.62 	 0.012446248758843382 
6.64 	 0.012469937234070333 
6.66 	 0.012448900813567941 
6.68 	 0.012469567641556932 
6.7 	 0.012432079371412023 
6.72 	 0.012443813332716746 
6.74 	 0.01237103353226558 
6.76 	 0.01235656809487555 
6.78 	 0.012217351298668007 
6.8 	 0.012151299237035415 
6.82 	 0.01191099463849023 
6.84 	 0.011766944168020751 
6.86 	 0.011400462219577336 
6.88 	 0.011160167362124182 
6.9 	 0.010664684617706052 
6.92 	 0.010326329205348646 
6.94 	 0.009727532728230702 
6.96 	 0.009309413123355975 
6.98 	 0.008656994553619042 
7.0 	 0.008194131282784093 
7.02 	 0.0075478115646627625 
7.04 	 0.00708251985054943 
7.06 	 0.006495694611555357 
7.08 	 0.0060667712487872255 
7.1 	 0.005575665545352883 
7.12 	 0.005211120297541094 
7.14 	 0.004832450783241894 
7.16 	 0.004547464440014749 
7.18 	 0.004282023417555628 
7.2 	 0.004080435282006833 
7.22 	 0.003918159807360721 
7.24 	 0.0037948747310236975 
7.26 	 0.0037186158597979553 
7.28 	 0.0036615247039175056 
7.3 	 0.003649204982230862 
7.32 	 0.0036407710310669165 
7.34 	 0.0036670386960029125 
7.36 	 0.0036863617278748684 
7.38 	 0.003724911278656025 
7.4 	 0.003750688449317316 
7.42 	 0.0037776141136766804 
7.44 	 0.003791571794073684 
7.46 	 0.003789081755388296 
7.48 	 0.0037788678379166926 
7.5 	 0.0037379976324773178 
7.52 	 0.0036985531351271055 
7.54 	 0.0036196226664805984 
7.56 	 0.0035526078346433546 
7.58 	 0.0034431085878200538 
7.6 	 0.0033547191645919732 
7.62 	 0.003225563573173162 
7.64 	 0.0031236800958064632 
7.66 	 0.002985480182021295 
7.68 	 0.002877262979723122 
7.7 	 0.002738061295797431 
7.72 	 0.0026287468425705107 
7.74 	 0.0024936416149376832 
7.76 	 0.00238661244091585 
7.78 	 0.0022586977111201936 
7.8 	 0.002156283542874521 
7.82 	 0.002037852764801382 
7.84 	 0.0019421079425232996 
7.86 	 0.0018352865552289975 
7.88 	 0.0017482363205081845 
7.9 	 0.0016548315364531272 
7.92 	 0.0015781566835139193 
7.94 	 0.0014990796382659721 
7.96 	 0.0014335824108635984 
7.98 	 0.0013683874450404572 
8.0 	 0.0013136597730639245 
8.02 	 0.0012605651648268628 
8.04 	 0.0012151102056734272 
8.06 	 0.0011715527656476672 
8.08 	 0.0011333678666428611 
8.1 	 0.0010969120607878112 
8.12 	 0.0010643588138274675 
8.14 	 0.0010336758963862456 
8.16 	 0.0010063686725519045 
8.18 	 0.0009819744622834394 
8.2 	 0.0009613939971008684 
8.22 	 0.0009458688075746804 
8.24 	 0.0009354543718485168 
8.26 	 0.0009330004116393812 
8.28 	 0.0009376079107925609 
8.3 	 0.0009530283581572738 
8.32 	 0.0009778377094259091 
8.34 	 0.0010152488534048041 
8.36 	 0.0010643869901544648 
8.38 	 0.0011260625327917289 
8.4 	 0.0012013048349607126 
8.42 	 0.001286951198891118 
8.44 	 0.0013868517255222568 
8.46 	 0.0014934138552648462 
8.48 	 0.0016131131744293499 
8.5 	 0.00173505007156809 
8.52 	 0.0018668414181565239 
8.54 	 0.001996752161016119 
8.56 	 0.0021312723796914164 
8.58 	 0.002260749119509639 
8.6 	 0.0023884515462013933 
8.62 	 0.002509008285250392 
8.64 	 0.0026214659230097163 
8.66 	 0.0027253403268042557 
8.68 	 0.002816010284235588 
8.7 	 0.0028966559469986997 
8.72 	 0.002961013223838462 
8.74 	 0.003013274964068901 
8.76 	 0.0030485660424304844 
8.78 	 0.0030687911176684067 
8.8 	 0.003073852469475625 
8.82 	 0.003060303779074316 
8.84 	 0.0030357759547111006 
8.86 	 0.002989475232128913 
8.88 	 0.0029383530692370144 
8.9 	 0.0028639696462527376 
8.92 	 0.0027920218002965447 
8.94 	 0.0026980442013110205 
8.96 	 0.0026135376976434664 
8.98 	 0.002511153377971237 
9.0 	 0.002423658578546126 
9.02 	 0.0023245086970452907 
9.04 	 0.002243113030811468 
9.06 	 0.0021568172584839613 
9.08 	 0.0020884287970015275 
9.1 	 0.0020208875933529734 
9.12 	 0.00196922619542002 
9.14 	 0.0019221800467336626 
9.16 	 0.0018876654076912386 
9.18 	 0.0018593303078331467 
9.2 	 0.001839697382692035 
9.22 	 0.0018259609396829338 
9.24 	 0.0018172599600981805 
9.26 	 0.0018129595836100204 
9.28 	 0.0018106144434945903 
9.3 	 0.0018106124471137586 
9.32 	 0.0018103093137016896 
9.34 	 0.0018102473249729228 
9.36 	 0.0018085320973218236 
9.38 	 0.0018052465709864104 
9.4 	 0.0017998051923326435 
9.42 	 0.0017914428264686414 
9.44 	 0.001781110203582185 
9.46 	 0.0017670105973194344 
9.48 	 0.0017515852878536382 
9.5 	 0.0017320016529682727 
9.52 	 0.0017119434678276773 
9.54 	 0.0016876760703924273 
9.56 	 0.0016637707692384758 
9.58 	 0.0016358207927286371 
9.6 	 0.0016089275189095351 
9.62 	 0.0015783174086492382 
9.64 	 0.0015493264713146567 
9.66 	 0.0015172000737690857 
9.68 	 0.0014872546718545496 
9.7 	 0.0014552227357931438 
9.72 	 0.0014260968278895876 
9.74 	 0.0013965992690885664 
9.76 	 0.0013709738339425124 
9.78 	 0.0013473424544903725 
9.8 	 0.0013287123680532367 
9.82 	 0.0013147430801418124 
9.84 	 0.0013068571878450971 
9.86 	 0.0013059826406956426 
9.88 	 0.0013119728467017961 
9.9 	 0.00132636889170766 
9.92 	 0.0013478983035365925 
9.94 	 0.001377892328631259 
9.96 	 0.0014146492087212365 
9.98 	 0.001458628483224147 
10.0 	 0.0015083373566560112 
10.02 	 0.0015631272990942267 
10.04 	 0.001622044174776696 
10.06 	 0.0016835781881421748 
10.08 	 0.0017472811303475655 
10.1 	 0.0018113501197503231 
10.12 	 0.0018755769405362898 
10.14 	 0.0019384871127586568 
10.16 	 0.0019998088809746336 
10.18 	 0.0020588466477356807 
10.2 	 0.0021150692318093675 
10.22 	 0.002168751092006479 
10.24 	 0.002219057204802299 
10.26 	 0.002267209677169448 
10.28 	 0.0023121289322419352 
10.3 	 0.0023558599900405453 
10.32 	 0.0023971365135735836 
10.34 	 0.0024386977118914153 
10.36 	 0.0024790246061588105 
10.38 	 0.0025214608625040453 
10.4 	 0.002563958612493054 
10.42 	 0.0026104103776297717 
10.44 	 0.002657761119817318 
10.46 	 0.002710413534178213 
10.48 	 0.002763765111409125 
10.5 	 0.0028226946264940556 
10.52 	 0.00288071195032804 
10.54 	 0.002943101234265223 
10.56 	 0.0030016742096469545 
10.58 	 0.003061893165878599 
10.6 	 0.0031148722159715482 
10.62 	 0.0031657060331188812 
10.64 	 0.003206646169297178 
10.66 	 0.0032415291948482408 
10.68 	 0.0032659438508429697 
10.7 	 0.0032815305597621164 
10.72 	 0.0032888093835290815 
10.74 	 0.00328680226035904 
10.76 	 0.0032809267560794087 
10.78 	 0.0032681290418271978 
10.8 	 0.0032567136564859095 
10.82 	 0.0032429852640742675 
10.84 	 0.003234874922244836 
10.86 	 0.00322974666622926 
10.88 	 0.003232086721405949 
10.9 	 0.003241508883073782 
10.92 	 0.0032574705231015375 
10.94 	 0.003282026155270032 
10.96 	 0.003310047699253452 
10.98 	 0.0033451465922678014 
11.0 	 0.0033798426149636318 
11.02 	 0.0034175493003026245 
11.04 	 0.0034517517033103794 
11.06 	 0.0034834049200599855 
11.08 	 0.0035104489448929284 
11.1 	 0.003529121491614899 
11.12 	 0.0035445470944908556 
11.14 	 0.00354655311204024 
11.16 	 0.003548730278414545 
11.18 	 0.0035337517259447283 
11.2 	 0.003523379357097509 
11.22 	 0.0034933190404491375 
11.24 	 0.0034721676551379877 
11.26 	 0.0034294052990606486 
11.28 	 0.0033989802801943896 
11.3 	 0.003345042360073926 
11.32 	 0.003305909493600794 
11.34 	 0.0032414022993141785 
11.36 	 0.0031936261146453663 
11.38 	 0.0031195849026844176 
11.4 	 0.0030641244372652055 
11.42 	 0.0029839953223609822 
11.44 	 0.0029242570960094083 
11.46 	 0.002845108717972387 
11.48 	 0.0027875721276982 
11.5 	 0.002719343543965515 
11.52 	 0.002672507494956079 
11.54 	 0.0026251420906528234 
11.56 	 0.0025968742189781523 
11.58 	 0.002576383279313588 
11.6 	 0.0025706187186600527 
11.62 	 0.0025756513882235405 
11.64 	 0.0025898096889043444 
11.66 	 0.0026100509782624615 
11.68 	 0.0026343493346301693 
11.7 	 0.002651544658457702 
11.72 	 0.002670725967148208 
11.74 	 0.002662641556467456 
11.76 	 0.002659782087655793 
11.78 	 0.002606630534256846 
11.8 	 0.002567939758342688 
11.82 	 0.0024594679967412385 
11.84 	 0.002378585251697174 
11.86 	 0.002218833012156592 
11.88 	 0.0020991937458783696 
11.9 	 0.0019062922073248268 
11.92 	 0.0017607391425382263 
11.94 	 0.001561566671040016 
11.96 	 0.0014094309508062908 
11.98 	 0.0012318801885358298 
12.0 	 0.0010947450816512071 
12.02 	 0.000961289161481055 
12.04 	 0.0008588613190649794 
12.06 	 0.0007834411040730405 
12.08 	 0.0007303210259203583 
12.1 	 0.0007181561720918156 
12.12 	 0.0007215700078055598 
12.14 	 0.0007702453436782585 
12.16 	 0.0008286626141114145 
12.18 	 0.000929092875467565 
12.2 	 0.0010320459216515544 
12.22 	 0.0011690111104102373 
12.24 	 0.0012987197396033315 
12.26 	 0.0014518158787932105 
12.28 	 0.0015868482935874509 
12.3 	 0.0017331409949031065 
12.32 	 0.0018533810371925334 
12.34 	 0.001972201110802499 
12.36 	 0.0020635416763992286 
12.38 	 0.002142030850618003 
12.4 	 0.0021991542921101586 
12.42 	 0.002235786107028245 
12.44 	 0.0022621531174412987 
12.46 	 0.002265996385489649 
12.48 	 0.002271235086551727 
12.5 	 0.002257116512831165 
12.52 	 0.0022528931415737048 
12.54 	 0.0022349841167450795 
12.56 	 0.0022308835586673393 
12.58 	 0.002217738207121553 
12.6 	 0.0022185505726158112 
12.62 	 0.00221127780908705 
12.64 	 0.002216421744534059 
12.66 	 0.00220993257985689 
12.68 	 0.0022148503019386494 
12.7 	 0.0022010516271155 
12.72 	 0.0021996945862685475 
12.74 	 0.0021711446066267435 
12.76 	 0.0021584212874986323 
12.78 	 0.0021110667394645495 
12.8 	 0.0020843825887912806 
12.82 	 0.002018526751289892 
12.84 	 0.0019781059264755204 
12.86 	 0.0018976186545385017 
12.88 	 0.001845851838356152 
12.9 	 0.0017564102851580527 
12.92 	 0.0016967835593014197 
12.94 	 0.00160416322450648 
12.96 	 0.0015403126492867165 
12.98 	 0.001449382616349624 
13.0 	 0.0013845726118565393 
13.02 	 0.0012990597303767341 
13.04 	 0.0012360763182561218 
13.06 	 0.0011587578817966566 
13.08 	 0.0010999997381571326 
13.1 	 0.0010329101901640416 
13.12 	 0.0009804204947061984 
13.14 	 0.0009248266405715324 
13.16 	 0.0008801166295271852 
13.18 	 0.0008362669754839181 
13.2 	 0.0007999688078732112 
13.22 	 0.0007668266435977925 
13.24 	 0.0007383880192903025 
13.26 	 0.0007136367416503266 
13.28 	 0.0006913339048784672 
13.3 	 0.0006718593701616386 
13.32 	 0.0006532894240204643 
13.34 	 0.0006361038927211215 
13.36 	 0.0006190487266177059 
13.38 	 0.0006023133938774375 
13.4 	 0.0005855987761916979 
13.42 	 0.0005692238059117376 
13.44 	 0.0005531246391216281 
13.46 	 0.0005385705878288151 
13.48 	 0.000524519556445951 
13.5 	 0.0005138614353924539 
13.52 	 0.000503589536182017 
13.54 	 0.0004983298995248903 
13.56 	 0.0004928751464282344 
13.58 	 0.0004931007415737516 
13.6 	 0.0004921853373836034 
13.62 	 0.0004964317091056773 
13.64 	 0.0004985023473942629 
13.66 	 0.0005043308335873606 
13.68 	 0.0005072115346463571 
13.7 	 0.00051220971491051 
13.72 	 0.0005140322110988261 
13.74 	 0.0005168083766371593 
13.76 	 0.0005168048896486744 
13.78 	 0.0005175852533284373 
13.8 	 0.0005164550573422434 
13.82 	 0.0005170912050229075 
13.84 	 0.0005168734875842462 
13.86 	 0.0005203326727903448 
13.88 	 0.000523904218885104 
13.9 	 0.0005335025100733625 
13.92 	 0.0005438990556825821 
13.94 	 0.0005625550574561395 
13.96 	 0.0005822938573789661 
13.98 	 0.0006119594894251352 
14.0 	 0.0006424708097740772 
14.02 	 0.0006837514679776807 
14.04 	 0.0007249713208568117 
14.06 	 0.0007768833986702392 
14.08 	 0.0008270530701232154 
14.1 	 0.0008869073789923685 
14.12 	 0.0009426493552143653 
14.14 	 0.0010061432354184217 
14.16 	 0.0010628808637823592 
14.18 	 0.0011245389379286323 
14.2 	 0.0011772521002972167 
14.22 	 0.00123129432282384 
14.24 	 0.0012754704941788375 
14.26 	 0.0013169932669800102 
14.28 	 0.001349519973759429 
14.3 	 0.0013756476140340344 
14.32 	 0.0013953798477165675 
14.34 	 0.0014059476953945532 
14.36 	 0.0014137914035862779 
14.38 	 0.0014112711254346652 
14.4 	 0.0014097962233702098 
14.42 	 0.0013985078315575706 
14.44 	 0.0013912567988829797 
14.46 	 0.001376221481535913 
14.48 	 0.0013669517847534598 
14.5 	 0.001352835647179649 
14.52 	 0.0013449112506583943 
14.54 	 0.001335371042507178 
14.56 	 0.0013314252667885069 
14.58 	 0.00132892411908264 
14.6 	 0.0013307992366093327 
14.62 	 0.0013367631304888508 
14.64 	 0.0013456369121143505 
14.66 	 0.0013607390013900809 
14.68 	 0.0013773034455947398 
14.7 	 0.0014016808753546785 
14.72 	 0.0014262501382760334 
14.74 	 0.001459535255127551 
14.76 	 0.0014920168910169344 
14.78 	 0.0015331653494521861 
14.8 	 0.001572906731761232 
14.82 	 0.0016199003483656743 
14.84 	 0.001665488179184724 
14.86 	 0.0017150557439566227 
14.88 	 0.0017641730300835526 
14.9 	 0.0018116922831569288 
14.92 	 0.0018611177982487514 
14.94 	 0.0019008366190831456 
14.96 	 0.001946627430344229 
14.98 	 0.0019722802997204874 
15.0 	 0.002010137770045845 
15.02 	 0.002015934896356717 
15.04 	 0.002041728085884698 
15.06 	 0.0020235528039275934 
15.08 	 0.002033942557259433 
15.1 	 0.001990432135720578 
15.12 	 0.001983486342599621 
15.14 	 0.001916585100647218 
15.16 	 0.0018922181826023202 
15.18 	 0.0018069011496943438 
15.2 	 0.0017669640580856465 
15.22 	 0.0016701532717693982 
15.24 	 0.0016180904979465598 
15.26 	 0.001517154548767199 
15.28 	 0.0014573104288499933 
15.3 	 0.0013587013635647422 
15.32 	 0.001295505548402591 
15.34 	 0.0012039439444617012 
15.36 	 0.0011412393413102327 
15.38 	 0.001059540826991245 
15.4 	 0.0010002189961191407 
15.42 	 0.0009295850914360551 
15.44 	 0.0008755357997453181 
15.46 	 0.0008160326090420903 
15.48 	 0.0007682942585933176 
15.5 	 0.0007192960050395852 
15.52 	 0.000678264605903828 
15.54 	 0.0006387573691336058 
15.56 	 0.000604358368002709 
15.58 	 0.0005731038823646256 
15.6 	 0.0005449011001554632 
15.62 	 0.0005205148416723991 
15.64 	 0.0004977793910619406 
15.66 	 0.000478783981255491 
15.68 	 0.00046055942742475713 
15.7 	 0.0004454547940134128 
15.72 	 0.0004306437822512591 
15.74 	 0.0004180092180057101 
15.76 	 0.0004054878191442439 
15.78 	 0.0003941070993274836 
15.8 	 0.00038285558681449677 
15.82 	 0.0003718369143648661 
15.84 	 0.0003610622790347754 
15.86 	 0.00034991430694672156 
15.88 	 0.00033913337240360056 
15.9 	 0.0003277649472815795 
15.92 	 0.00031682267415279617 
15.94 	 0.0003054602270804432 
15.96 	 0.0002944778364827847 
15.98 	 0.0002835293769357497 
16.0 	 0.0002728040791034469 
16.02 	 0.0002627211998132925 
16.04 	 0.00025261821173835566 
16.06 	 0.00024380178594536104 
16.08 	 0.0002346764273595583 
16.1 	 0.00022744075853636458 
16.12 	 0.0002196035616720166 
16.14 	 0.0002141774812302179 
16.16 	 0.00020788434323408013 
16.18 	 0.00020440920742717295 
16.2 	 0.00019984340140544778 
16.22 	 0.00019833852439404834 
16.24 	 0.00019556348121935473 
16.26 	 0.00019586226357171007 
16.28 	 0.0001947557464749792 
16.3 	 0.00019644989607886258 
16.32 	 0.00019665894225845073 
16.34 	 0.00019910143378712244 
16.36 	 0.00020006089772116743 
16.38 	 0.00020245906191182633 
16.4 	 0.0002034889842452577 
16.42 	 0.0002050741614145401 
16.44 	 0.00020552917006926697 
16.46 	 0.00020574386189392037 
16.48 	 0.00020515933378422493 
16.5 	 0.00020378750857716045 
16.52 	 0.00020197054174746337 
16.54 	 0.0001991652195712477 
16.56 	 0.0001962093256981112 
16.58 	 0.00019242583476090707 
16.6 	 0.00018866546924570585 
16.62 	 0.00018455157637132125 
16.64 	 0.0001804941791252766 
16.66 	 0.00017679286537858403 
16.68 	 0.00017306161881004367 
16.7 	 0.00017055100691035612 
16.72 	 0.00016784561380481147 
16.74 	 0.00016729825850100437 
16.76 	 0.00016634985661184826 
16.78 	 0.00016846719864373771 
16.8 	 0.00016994748850797045 
16.82 	 0.00017522909034802165 
16.84 	 0.00017958845785596354 
16.86 	 0.0001881296443739523 
16.88 	 0.0001953862498037676 
16.9 	 0.00020665306069121624 
16.92 	 0.00021621500367413092 
16.94 	 0.00022890510636864274 
16.96 	 0.0002395404981192137 
16.98 	 0.0002516690359741702 
17.0 	 0.0002617035595048906 
17.02 	 0.0002710031773878761 
17.04 	 0.0002787203258694855 
17.06 	 0.00028329047700685 
17.08 	 0.00028739586229874713 
17.1 	 0.00028634714066417156 
17.12 	 0.0002863161492328066 
17.14 	 0.00028008528703451975 
17.16 	 0.000276269579967894 
17.18 	 0.0002664302866585155 
17.2 	 0.0002599033138744927 
17.22 	 0.000248577988820189 
17.24 	 0.0002407886117508249 
17.26 	 0.00022996135860657465 
17.28 	 0.00022231647265084461 
17.3 	 0.0002133337873015474 
17.32 	 0.00020684752088427475 
17.34 	 0.00020023463431582516 
17.36 	 0.00019535300400315693 
17.38 	 0.00019091388027748737 
17.4 	 0.00018754715888803406 
17.42 	 0.00018463255867707284 
17.44 	 0.0001823394824988043 
17.46 	 0.000180155469998595 
17.48 	 0.0001783757821218673 
17.5 	 0.00017623396050339915 
17.52 	 0.00017447776581813845 
17.54 	 0.00017193563246194188 
17.56 	 0.00016988572818057494 
17.58 	 0.00016677407726128544 
17.6 	 0.00016430424137723733 
17.62 	 0.00016067351466607642 
17.64 	 0.00015781125978322214 
17.66 	 0.00015384187225162205 
17.68 	 0.00015070835792683994 
17.7 	 0.00014662357832668292 
17.72 	 0.0001433754465312275 
17.74 	 0.0001393788056870126 
17.76 	 0.00013616523116760903 
17.78 	 0.00013240759032454524 
17.8 	 0.00012934579161574534 
17.82 	 0.0001259162319062178 
17.84 	 0.00012308231944870373 
17.86 	 0.00012001330457407747 
17.88 	 0.00011744305240978675 
17.9 	 0.00011472176347251945 
17.92 	 0.00011241650856346637 
17.94 	 0.00010999743454408215 
17.96 	 0.00010793189643132673 
17.98 	 0.00010574826033512271 
18.0 	 0.00010387834338515145 
18.02 	 0.00010185138695599517 
18.04 	 0.00010012096706374965 
18.06 	 9.816725721887909e-05 
18.08 	 9.651396856654977e-05 
18.1 	 9.455185991191828e-05 
18.12 	 9.29126786160746e-05 
18.14 	 9.086902930922754e-05 
18.16 	 8.918620764254293e-05 
18.18 	 8.700300010303478e-05 
18.2 	 8.522963182815192e-05 
18.22 	 8.286847915793895e-05 
18.24 	 8.097190996302482e-05 
18.26 	 7.841438792822929e-05 
18.28 	 7.637611956373165e-05 
18.3 	 7.361993159861577e-05 
18.32 	 7.143251673110959e-05 
18.34 	 6.848609840593166e-05 
18.36 	 6.614934991745495e-05 
18.38 	 6.302851894021886e-05 
18.4 	 6.054775244657011e-05 
18.42 	 5.727662714511055e-05 
18.44 	 5.466436214621644e-05 
18.46 	 5.127995354118398e-05 
18.48 	 4.8560350838766346e-05 
18.5 	 4.511767206395095e-05 
18.52 	 4.233116147799301e-05 
18.54 	 3.89048022714179e-05 
18.56 	 3.610979133315778e-05 
18.58 	 3.278928398188507e-05 
18.6 	 3.0058929835773454e-05 
18.62 	 2.6938367573026512e-05 
18.64 	 2.4352749870217004e-05 
18.66 	 2.1518329171258583e-05 
18.68 	 1.9154783942914053e-05 
18.7 	 1.667523241298862e-05 
18.72 	 1.4600663992409808e-05 
18.74 	 1.252403092676658e-05 
18.76 	 1.079201773890623e-05 
18.78 	 9.149063043334159e-06 
18.8 	 7.802135688580801e-06 
18.82 	 6.613636286333519e-06 
18.84 	 5.68875512742741e-06 
18.86 	 4.973022492497858e-06 
18.88 	 4.5073241848249445e-06 
18.9 	 4.285214124370012e-06 
18.92 	 4.319775721944947e-06 
18.94 	 4.616458576256933e-06 
18.96 	 5.19742931307464e-06 
18.98 	 6.042025316371668e-06 
19.0 	 7.220130139948604e-06 
19.02 	 8.645474823422637e-06 
19.04 	 1.0476237158774978e-05 
19.06 	 1.252163843401735e-05 
19.08 	 1.5069806213300883e-05 
19.1 	 1.7789866031104816e-05 
19.12 	 2.1142408383121606e-05 
19.14 	 2.462446031354313e-05 
19.16 	 2.8916360720467536e-05 
19.18 	 3.3306911107579095e-05 
19.2 	 3.8761460752996924e-05 
19.22 	 4.429745896062414e-05 
19.24 	 5.127695866237056e-05 
19.26 	 5.831129056921984e-05 
19.28 	 6.736580304589e-05 
19.3 	 7.637072439070744e-05 
19.32 	 8.826442600831363e-05 
19.34 	 9.979609663302101e-05 
19.36 	 0.00011548595588328714 
19.38 	 0.0001301018546740136 
19.4 	 0.00015064380470952233 
19.42 	 0.00016878269368987442 
19.44 	 0.0001951473700485468 
19.46 	 0.00021700106305436382 
19.48 	 0.0002497971480097899 
19.5 	 0.00027520971385495106 
19.52 	 0.0003143429410729631 
19.54 	 0.0003427540588738747 
19.56 	 0.00038709670874391915 
19.58 	 0.00041751094440263255 
19.6 	 0.00046470889701708424 
19.62 	 0.0004956587867912902 
19.64 	 0.0005422252117116692 
19.66 	 0.0005717377824195914 
19.68 	 0.0006135265205925794 
19.7 	 0.0006391802787937878 
19.72 	 0.0006721838438302331 
19.74 	 0.0006913742810204348 
19.76 	 0.0007126148805160996 
19.78 	 0.000723062103253985 
19.8 	 0.0007312579627223213 
19.82 	 0.0007316236572793128 
19.84 	 0.0007273946435012826 
19.86 	 0.0007177546888449081 
19.88 	 0.0007033377566207444 
19.9 	 0.0006852878182031177 
19.92 	 0.0006639309385834352 
19.94 	 0.0006402705448175596 
19.96 	 0.0006155522412107799 
19.98 	 0.0005896809243228453 
20.0 	 0.0005649500463474605 
20.02 	 0.0005402024792891507 
20.04 	 0.0005182180052188278 
20.06 	 0.0004973324433774984 
20.08 	 0.0004800824739726599 
20.1 	 0.0004648888015444185 
20.12 	 0.0004535196469327325 
20.14 	 0.0004448278909445021 
20.16 	 0.0004396196334684289 
20.18 	 0.00043724044803216533 
20.2 	 0.0004376087748761578 
20.22 	 0.0004404525165973319 
20.24 	 0.0004450132832637651 
20.26 	 0.00045126527178872717 
20.28 	 0.0004580326498512951 
20.3 	 0.0004654432006888296 
20.32 	 0.00047220669727727365 
20.34 	 0.00047852184993433573 
20.36 	 0.00048335306141763054 
20.38 	 0.0004868287393894167 
20.4 	 0.0004885553480890782 
20.42 	 0.0004883860966106696 
20.44 	 0.0004868293718517288 
20.46 	 0.00048328288193562455 
20.48 	 0.00047914213149426047 
20.5 	 0.0004733001143586548 
20.52 	 0.000467740294165141 
20.54 	 0.00046095826987088446 
20.56 	 0.0004551014128180936 
20.58 	 0.000448458920382958 
20.6 	 0.00044300881872680575 
20.62 	 0.0004370089851716025 
20.64 	 0.0004321505730696218 
20.66 	 0.00042676900199961214 
20.68 	 0.00042234093158578144 
20.7 	 0.0004173378375937741 
20.72 	 0.0004131525565276231 
20.74 	 0.0004084506667585467 
20.76 	 0.0004045854689179106 
20.78 	 0.0004005152493516462 
20.8 	 0.00039743598938911417 
20.82 	 0.0003947397003567066 
20.84 	 0.00039321341252373257 
20.86 	 0.0003928230781009797 
20.88 	 0.00039366753999958243 
20.9 	 0.0003963610453280718 
20.92 	 0.00040012714496806236 
20.94 	 0.00040618583986186385 
20.96 	 0.00041287247265160926 
20.98 	 0.0004218323884303597 
21.0 	 0.00043071782245758484 
21.02 	 0.0004412724228076374 
21.04 	 0.00045092637452815126 
21.06 	 0.0004610276835316438 
21.08 	 0.0004695374045405052 
21.1 	 0.0004767342529653803 
21.12 	 0.00048212028571989105 
21.14 	 0.00048412133277541216 
21.16 	 0.0004848398718561703 
21.18 	 0.0004801764358522056 
21.2 	 0.0004755448518548212 
21.22 	 0.000464089472786381 
21.24 	 0.0004544775068399681 
21.26 	 0.0004375589333752601 
21.28 	 0.0004242712917720247 
21.3 	 0.00040428139669371215 
21.32 	 0.0003891751044564718 
21.34 	 0.0003688159718677634 
21.36 	 0.0003537867633149049 
21.38 	 0.00033528322309499416 
21.4 	 0.00032178798913032157 
21.42 	 0.00030637440750795576 
21.44 	 0.0002951354085326233 
21.46 	 0.00028295656695241054 
21.48 	 0.0002739295678765032 
21.5 	 0.0002643073030661575 
21.52 	 0.0002569015812276427 
21.54 	 0.0002488048510514622 
21.56 	 0.00024224922873316475 
21.58 	 0.0002347769017612157 
21.6 	 0.00022848025091519081 
21.62 	 0.00022119959722037092 
21.64 	 0.00021498045443596713 
21.66 	 0.00020803746964281054 
21.68 	 0.0002021697816335389 
21.7 	 0.00019617427355686924 
21.72 	 0.00019126599041557606 
21.74 	 0.00018702342781513851 
21.76 	 0.00018378433227679211 
21.78 	 0.00018197759740799595 
21.8 	 0.0001809486629323086 
21.82 	 0.0001818679618927424 
21.84 	 0.00018319221522253155 
21.86 	 0.00018658584889830207 
21.88 	 0.0001898989933740267 
21.9 	 0.000194984337173303 
21.92 	 0.00019947482261359055 
21.94 	 0.00020510939697839447 
21.96 	 0.00020973439985108138 
21.98 	 0.00021469836817582873 
22.0 	 0.000218469886917547 
22.02 	 0.00022176463705743445 
22.04 	 0.0002239868838387791 
22.06 	 0.00022504050100982326 
22.08 	 0.0002254132710271733 
22.1 	 0.0002241259816024894 
22.12 	 0.00022270484302979463 
22.14 	 0.00021934655811029627 
22.16 	 0.0002164153974199275 
22.18 	 0.0002114499763521466 
22.2 	 0.00020737891245683118 
22.22 	 0.00020129826535217153 
22.24 	 0.00019643629608975173 
22.26 	 0.00018965232931039767 
22.28 	 0.00018426968633041617 
22.3 	 0.00017707170809101494 
22.32 	 0.00017134597027410048 
22.34 	 0.00016391100059293457 
22.36 	 0.00015794661098804408 
22.38 	 0.00015038644525175899 
22.4 	 0.0001442575739235127 
22.42 	 0.00013668320768442176 
22.44 	 0.0001304849346133221 
22.46 	 0.00012306114720077348 
22.48 	 0.00011694678511141162 
22.5 	 0.00010990883652526208 
22.52 	 0.00010409345894920918 
22.54 	 9.771532804428571e-05 
22.56 	 9.244239454774037e-05 
22.58 	 8.697488082262382e-05 
22.6 	 8.246458543606069e-05 
22.62 	 7.807966649779064e-05 
22.64 	 7.448746270019894e-05 
22.66 	 7.125709524469632e-05 
22.68 	 6.866056521789579e-05 
22.7 	 6.657122893422674e-05 
22.72 	 6.498176260997144e-05 
22.74 	 6.396379331923298e-05 
22.76 	 6.334522478081076e-05 
22.78 	 6.329571635977048e-05 
22.8 	 6.357716733163732e-05 
22.82 	 6.437352421506012e-05 
22.84 	 6.546131614044294e-05 
22.86 	 6.697938348498316e-05 
22.88 	 6.8782827872987e-05 
22.9 	 7.093104073641393e-05 
22.92 	 7.340581112008546e-05 
22.94 	 7.616613693148755e-05 
22.96 	 7.935516024594495e-05 
22.98 	 8.280281887949288e-05 
23.0 	 8.684226208653003e-05 
23.02 	 9.112044852014939e-05 
23.04 	 9.619400860452503e-05 
23.06 	 0.00010144844105182909 
23.08 	 0.00010770808555390282 
23.1 	 0.00011401665094767445 
23.12 	 0.00012151429103662934 
23.14 	 0.00012885266011526209 
23.16 	 0.0001375217272160811 
23.18 	 0.00014578020090895162 
23.2 	 0.00015546976796460192 
23.22 	 0.0001644988047072522 
23.24 	 0.00017502217080654322 
23.26 	 0.00018466290244977584 
23.28 	 0.0001958116977975279 
23.3 	 0.00020588166345559484 
23.32 	 0.00021739029170234853 
23.34 	 0.0002276374080498874 
23.36 	 0.00023913871761741703 
23.38 	 0.00024921736083127413 
23.4 	 0.00026026123292059613 
23.42 	 0.000269787418812621 
23.44 	 0.0002799642060947459 
23.46 	 0.0002886596660489414 
23.48 	 0.0002977917089433393 
23.5 	 0.0003056550986901738 
23.52 	 0.00031395035512564033 
23.54 	 0.0003213513596222786 
23.56 	 0.00032941444109607805 
23.58 	 0.0003370354655031574 
23.6 	 0.0003457088861383132 
23.62 	 0.0003543460189742933 
23.64 	 0.00036444825892494487 
23.66 	 0.0003747605352694257 
23.68 	 0.000386828366304207 
23.7 	 0.0003991340475491547 
23.72 	 0.0004132498699307731 
23.74 	 0.0004274199525646439 
23.76 	 0.0004431531801056019 
23.78 	 0.00045860347325283777 
23.8 	 0.0004750656402707008 
23.82 	 0.0004908387031536746 
23.84 	 0.0005068506146663106 
23.86 	 0.0005217927317632885 
23.88 	 0.0005361550258329286 
23.9 	 0.00054918668513393 
23.92 	 0.0005610047431216205 
23.94 	 0.000571433187386543 
23.96 	 0.0005803919386363355 
23.98 	 0.0005881517255908336 
24.0 	 0.0005946195445847815 
24.02 	 0.0006003146555700628 
24.04 	 0.0006052111710030606 
24.06 	 0.0006099039091553977 
24.08 	 0.0006143671376882418 
24.1 	 0.0006191778087166248 
24.12 	 0.0006241501539158634 
24.14 	 0.0006298204514971556 
24.16 	 0.0006357016100132332 
24.18 	 0.0006422882063365035 
24.2 	 0.0006487791279924312 
24.22 	 0.0006555949581492264 
24.24 	 0.0006617990558833266 
24.26 	 0.0006676411766285759 
24.28 	 0.0006724059439200649 
24.3 	 0.0006760147218612756 
24.32 	 0.0006784005527247916 
24.34 	 0.0006789935343907754 
24.36 	 0.0006786847458287808 
24.38 	 0.0006763408444876596 
24.4 	 0.0006738187180372453 
24.42 	 0.0006695205669121163 
24.44 	 0.0006659170398254742 
24.46 	 0.0006612111993610449 
24.48 	 0.0006579067691003944 
24.5 	 0.0006543327971816258 
24.52 	 0.0006524713193107254 
24.54 	 0.0006510152916606927 
24.56 	 0.0006511286153924044 
24.58 	 0.0006519173537075904 
24.6 	 0.0006537896950772937 
24.62 	 0.0006561115275575847 
24.64 	 0.0006589109814332124 
24.66 	 0.0006615196221119467 
24.68 	 0.0006641295961516287 
24.7 	 0.00066570936958658 
24.72 	 0.000667136029953954 
24.74 	 0.0006667762430076175 
24.76 	 0.0006664973373502972 
24.78 	 0.0006640260614400894 
24.8 	 0.0006621740318080757 
24.82 	 0.0006582379368469818 
24.84 	 0.0006555631469580516 
24.86 	 0.0006514169848692477 
24.88 	 0.000649042452747835 
24.9 	 0.0006461140316235987 
24.92 	 0.0006451570660701203 
24.94 	 0.0006445380590438089 
24.96 	 0.0006457194627189049 
24.98 	 0.000647757781330864 
25.0 	 0.0006511293057456011 
25.02 	 0.0006552583436203954 
25.04 	 0.0006601450694996332 
25.06 	 0.0006650054356975059 
25.08 	 0.0006701880761867828 
25.1 	 0.0006740092534226969 
25.12 	 0.0006780867536705843 
25.14 	 0.0006792171580407123 
25.16 	 0.0006810268627001758 
25.18 	 0.0006784449336412697 
25.2 	 0.000677400925723553 
25.22 	 0.0006710288106658106 
25.24 	 0.0006672703278962846 
25.26 	 0.0006579659987656131 
25.28 	 0.0006522705497194997 
25.3 	 0.0006414898983832625 
25.32 	 0.0006349806903722012 
25.34 	 0.0006242362047263014 
25.36 	 0.0006179844218140359 
25.38 	 0.0006083159545277532 
25.4 	 0.0006029837298256687 
25.42 	 0.0005946498196952484 
25.44 	 0.0005903108363232531 
25.46 	 0.0005828050508384224 
25.48 	 0.0005790024125861818 
25.5 	 0.0005713480075989883 
25.52 	 0.0005673337607482685 
25.54 	 0.0005584888723139632 
25.56 	 0.0005535076418126709 
25.58 	 0.0005426905295984157 
25.6 	 0.0005361781101286916 
25.62 	 0.0005230096198612642 
25.64 	 0.0005146624263247633 
25.66 	 0.0004991522841462819 
25.68 	 0.0004889114192973603 
25.7 	 0.0004713856823056548 
25.72 	 0.00045940506406596496 
25.74 	 0.00044044332582439085 
25.76 	 0.0004270727666715179 
25.78 	 0.00040744894102299675 
25.8 	 0.00039321116014829336 
25.82 	 0.0003737953234380902 
25.84 	 0.00035932115775945644 
25.86 	 0.00034093150558451495 
25.88 	 0.00032684794008523514 
25.9 	 0.00031009828541714204 
25.92 	 0.0002969066067053239 
25.94 	 0.0002821166033180692 
25.96 	 0.00027011452698116607 
25.98 	 0.0002573194992032344 
26.0 	 0.00024659901216984934 
26.02 	 0.00023564254302691048 
26.04 	 0.00022615295280158955 
26.06 	 0.00021680760428354368 
26.08 	 0.00020844159954358434 
26.1 	 0.0002005013566234826 
26.12 	 0.00019315979412871085 
26.14 	 0.00018647674765344047 
26.16 	 0.00018009225648480708 
26.18 	 0.00017456872223060938 
26.2 	 0.00016910034495629749 
26.22 	 0.0001646731821214441 
26.24 	 0.0001601036847107501 
26.26 	 0.0001567566151492238 
26.28 	 0.00015311948571814884 
26.3 	 0.00015093329574436594 
26.32 	 0.00014837037650955275 
26.34 	 0.00014758510790135025 
26.36 	 0.00014640317166973865 
26.38 	 0.00014744219640701873 
26.4 	 0.00014811757734617534 
26.42 	 0.00015152761713278228 
26.44 	 0.00015461728089956848 
26.46 	 0.00016091280872929833 
26.48 	 0.00016687029659086456 
26.5 	 0.00017632001139319728 
26.52 	 0.00018527192378460142 
26.54 	 0.0001977062770714445 
26.56 	 0.00020929118352370273 
26.58 	 0.0002240249024085663 
26.6 	 0.00023739777072288837 
26.62 	 0.00025333808464233517 
26.64 	 0.0002673808773389163 
26.66 	 0.00028332463290705803 
26.68 	 0.0002969990445626843 
26.7 	 0.0003120245975542401 
26.72 	 0.00032471731294744354 
26.74 	 0.0003385018848326973 
26.76 	 0.0003502059957853298 
26.78 	 0.0003631104447852747 
26.8 	 0.0003743657891748255 
26.82 	 0.0003872381320710715 
26.84 	 0.0003988658189609509 
26.86 	 0.0004126524301942955 
26.88 	 0.0004253986714055873 
26.9 	 0.000440726133044067 
26.92 	 0.00045494689619439676 
26.94 	 0.00047181938333264964 
26.96 	 0.00048730309492078745 
26.98 	 0.0005049951548922901 
27.0 	 0.0005209670348077196 
27.02 	 0.0005381339936258835 
27.04 	 0.0005534343872285386 
27.06 	 0.0005684206546304215 
27.08 	 0.0005818041078763314 
27.1 	 0.0005930771875062738 
27.12 	 0.0006035385914014461 
27.14 	 0.0006101097126128281 
27.16 	 0.000617124183159865 
27.18 	 0.0006187849178672201 
27.2 	 0.00062237375453153 
27.22 	 0.0006196416288329978 
27.24 	 0.0006202502598855113 
27.26 	 0.0006140644905719764 
27.28 	 0.0006123251148664804 
27.3 	 0.0006036690782485903 
27.32 	 0.0006001708999317284 
27.34 	 0.0005898206712458092 
27.36 	 0.0005849942507813954 
27.38 	 0.0005734898629496497 
27.4 	 0.0005676379177763292 
27.42 	 0.0005554233812384229 
27.44 	 0.0005488413996734477 
27.46 	 0.0005364207003169691 
27.48 	 0.0005294997632861128 
27.5 	 0.0005174645021557301 
27.52 	 0.0005106851623023433 
27.54 	 0.0004995696353242519 
27.56 	 0.0004933677613814676 
27.58 	 0.0004834095615673143 
27.6 	 0.00047797954820146346 
27.62 	 0.0004689334686605213 
27.64 	 0.0004640822822509989 
27.66 	 0.00045521746035827895 
27.68 	 0.0004503656249729581 
27.7 	 0.00044068516928957944 
27.72 	 0.000435036358191893 
27.74 	 0.00042364265652168907 
27.76 	 0.0004164562436935764 
27.78 	 0.00040290410123277633 
27.8 	 0.000393756496547364 
27.82 	 0.0003782381581343527 
27.84 	 0.0003671717250024739 
27.86 	 0.00035046480291432784 
27.88 	 0.0003379805770802542 
27.9 	 0.00032120732722607426 
27.92 	 0.00030812359567227343 
27.94 	 0.0002924450692724378 
27.96 	 0.0002796888781313379 
27.98 	 0.0002660559585809892 
28.0 	 0.0002544660300120833 
28.02 	 0.00024349275276303053 
28.04 	 0.00023369196774802872 
28.06 	 0.00022565040226294145 
28.08 	 0.0002180067971023167 
28.1 	 0.00021289885329305554 
28.12 	 0.00020755459347059408 
28.14 	 0.00020520210410474452 
28.16 	 0.0002021270249540477 
28.18 	 0.0002022325569193486 
28.2 	 0.00020126143540999568 
28.22 	 0.00020342126808348173 
28.24 	 0.00020425937110161773 
28.26 	 0.0002079464771757681 
28.28 	 0.00021016138153041059 
28.3 	 0.00021472308901982493 
28.32 	 0.0002177606367348502 
28.34 	 0.00022247484971362646 
28.36 	 0.00022572793961066196 
28.38 	 0.00022992801646375954 
28.4 	 0.0002328529909949645 
28.42 	 0.00023608231982449418 
28.44 	 0.0002383225024625765 
28.46 	 0.00024044892016074172 
28.48 	 0.00024191310397295995 
28.5 	 0.00024314475742974226 
28.52 	 0.00024400659121060137 
28.54 	 0.00024479791757792173 
28.56 	 0.0002454163792882021 
28.58 	 0.00024630327766989317 
28.6 	 0.00024709474333946854 
28.62 	 0.00024852181056778507 
28.64 	 0.00024982788395265206 
28.66 	 0.0002520217484359386 
28.68 	 0.0002540121491471027 
28.7 	 0.0002569281110221642 
28.72 	 0.00025956052510450685 
28.74 	 0.00026290296486829276 
28.76 	 0.00026594117522522203 
28.78 	 0.0002692409559671244 
28.8 	 0.00027231694539471535 
28.82 	 0.00027504150661374337 
28.84 	 0.0002777401700771706 
28.86 	 0.00027941036365733505 
28.88 	 0.0002813556522737586 
28.9 	 0.0002816445531123698 
28.92 	 0.000282569727612304 
28.94 	 0.0002813624861718301 
28.96 	 0.00028115214068932944 
28.98 	 0.00027855416088249773 
29.0 	 0.0002772514656047274 
29.02 	 0.00027354529980347077 
29.04 	 0.00027132511177455076 
29.06 	 0.00026689124434111066 
29.08 	 0.0002640078900069779 
29.1 	 0.00025923498129580563 
29.12 	 0.00025596030489292705 
29.14 	 0.00025117157380624727 
29.16 	 0.00024774118312701144 
29.18 	 0.00024315512954490396 
29.2 	 0.00023973697614547003 
29.22 	 0.0002354669357500353 
29.24 	 0.0002321577003761655 
29.26 	 0.0002282417004203057 
29.28 	 0.00022508653676258104 
29.3 	 0.00022153077408178142 
29.32 	 0.00021855454575671977 
29.34 	 0.00021537189990453897 
29.36 	 0.00021260726702034848 
29.38 	 0.00020983618596291887 
29.4 	 0.00020733629816192147 
29.42 	 0.00020503412704916436 
29.44 	 0.000202864796188234 
29.46 	 0.00020108108799833652 
29.48 	 0.00019929726219004536 
29.5 	 0.00019804266228780763 
29.52 	 0.00019666274267534303 
29.54 	 0.00019589235001527385 
29.56 	 0.00019488629489240074 
29.58 	 0.0001945098278414036 
29.6 	 0.00019381044006706204 
29.62 	 0.00019372728599101595 
29.64 	 0.00019326132702357968 
29.66 	 0.00019340403296293145 
29.68 	 0.00019312804436019148 
29.7 	 0.00019349154318440076 
29.72 	 0.00019341352146671635 
29.74 	 0.00019405364808469512 
29.76 	 0.0001942283948146625 
29.78 	 0.0001952291167634438 
29.8 	 0.00019572879152476814 
29.82 	 0.00019715467909559365 
29.84 	 0.00019802986357642907 
29.86 	 0.0001998897025099781 
29.88 	 0.00020114303611866132 
29.9 	 0.00020338708417302196 
29.92 	 0.00020497715754120113 
29.94 	 0.0002075350358894893 
29.96 	 0.00020941373507244357 
29.98 	 0.00021225835241077138 
30.0 	 0.00021442640786300987 
30.02 	 0.0002176313015201815 
30.04 	 0.0002201831857163591 
30.06 	 0.00022393600209895897 
30.08 	 0.00022706385448875108 
30.1 	 0.00023161217678098513 
30.12 	 0.00023555174606595223 
30.14 	 0.0002410854956099143 
30.16 	 0.000246011924789742 
30.18 	 0.0002525186011660564 
30.2 	 0.0002584273269715414 
30.22 	 0.00026557976079841244 
30.24 	 0.00027220485082024646 
30.26 	 0.00027934426025388073 
30.28 	 0.00028616093106551666 
30.3 	 0.0002924119826970972 
30.32 	 0.0002987388758574261 
30.34 	 0.0003032386671380624 
30.36 	 0.00030841117618433895 
30.38 	 0.00031057113056267357 
30.4 	 0.0003141226531664294 
30.42 	 0.0003138099486821557 
30.44 	 0.000315591760431238 
30.46 	 0.0003131453290831705 
30.48 	 0.00031333993801205463 
30.5 	 0.0003094154702086684 
30.52 	 0.00030844072067942607 
30.54 	 0.0003037609590541202 
30.56 	 0.0003021055761138273 
30.58 	 0.0002972280968022223 
30.6 	 0.000295286479331205 
30.62 	 0.0002904783800197445 
30.64 	 0.0002884497050175333 
30.66 	 0.0002836992118354232 
30.68 	 0.00028158233775841954 
30.7 	 0.0002767145453380634 
30.72 	 0.00027438303421846314 
30.74 	 0.0002692078328277938 
30.76 	 0.00026651494693810354 
30.78 	 0.00026093420896344235 
30.8 	 0.00025779329103615376 
30.82 	 0.0002518288355743598 
30.84 	 0.0002482382081035892 
30.86 	 0.00024199066304994782 
30.88 	 0.00023800730567077473 
30.9 	 0.00023159010416159813 
30.92 	 0.00022728266824544098 
30.94 	 0.00022077779098314646 
30.96 	 0.000216194018476776 
30.98 	 0.00020965111824882663 
31.0 	 0.00020481809454196362 
31.02 	 0.00019828645709787294 
31.04 	 0.00019323754296481189 
31.06 	 0.00018680161898039106 
31.08 	 0.00018160765931165792 
31.1 	 0.00017539993964576055 
31.12 	 0.00017018259639997038 
31.14 	 0.00016436555201416648 
31.16 	 0.00015928368853849168 
31.18 	 0.00015401117367493483 
31.2 	 0.00014922691468550743 
31.22 	 0.00014460430925310538 
31.24 	 0.00014024481188175335 
31.26 	 0.00013630462851240828 
31.28 	 0.0001324355262628375 
31.3 	 0.0001291359588705036 
31.32 	 0.0001257551331736181 
31.34 	 0.0001229989169393146 
31.36 	 0.00012004960855026875 
31.38 	 0.00011771361195720831 
31.4 	 0.00011510860793784252 
31.42 	 0.00011307273229879611 
31.44 	 0.00011071922591476774 
31.46 	 0.00010888649050632578 
31.48 	 0.00010670428300934128 
31.5 	 0.00010501024143017174 
31.52 	 0.00010294167407752354 
31.54 	 0.00010135665509844941 
31.56 	 9.93711634406473e-05 
31.58 	 9.790001633978397e-05 
31.6 	 9.599679131923192e-05 
31.62 	 9.467785821147117e-05 
31.64 	 9.288727137563325e-05 
31.66 	 9.178863971124132e-05 
31.68 	 9.017015193270036e-05 
31.7 	 8.938073278376302e-05 
31.72 	 8.801521706969706e-05 
31.74 	 8.763158545037702e-05 
31.76 	 8.66095390906778e-05 
31.78 	 8.672354688756784e-05 
31.8 	 8.613425040910157e-05 
31.82 	 8.682681397209314e-05 
31.84 	 8.675315044092931e-05 
31.86 	 8.809478109675157e-05 
31.88 	 8.861330143668628e-05 
31.9 	 9.066495660914351e-05 
31.92 	 9.184451031459287e-05 
31.94 	 9.464892017171407e-05 
31.96 	 9.653936790557611e-05 
31.98 	 0.00010009714402046277 
32.0 	 0.00010270522981574777 
32.02 	 0.00010694060474207891 
32.04 	 0.00011020026807650161 
32.06 	 0.00011493208970975929 
32.08 	 0.00011868438175430372 
32.1 	 0.000123621638193513 
32.12 	 0.0001276187312699446 
32.14 	 0.00013239259764719356 
32.16 	 0.00013633056275890032 
32.18 	 0.00014055939142316342 
32.2 	 0.00014413138975059945 
32.22 	 0.0001474995264562389 
32.24 	 0.00015045282332272928 
32.26 	 0.00015277765195476702 
32.28 	 0.00015495843668690085 
32.3 	 0.00015622598774326277 
32.32 	 0.00015760307229133416 
32.34 	 0.00015796610590771673 
32.36 	 0.00015863253745993666 
32.38 	 0.00015837750583493063 
32.4 	 0.00015853374760615353 
32.42 	 0.00015802869006918671 
32.44 	 0.00015795184420932 
32.46 	 0.00015758642211187286 
32.48 	 0.0001575892133435204 
32.5 	 0.00015771469661129392 
32.52 	 0.0001580978927434768 
32.54 	 0.00015897221870957127 
32.56 	 0.0001599753801824765 
32.58 	 0.00016171731341979668 
32.6 	 0.00016347423047569432 
32.62 	 0.00016603094082906042 
32.64 	 0.00016853681428436113 
32.66 	 0.00017167079407921426 
32.68 	 0.00017476805998379745 
32.7 	 0.00017807154278947317 
32.72 	 0.00018146029302958488 
32.74 	 0.00018440531800833536 
32.76 	 0.00018768154891890266 
32.78 	 0.00018970716999592072 
32.8 	 0.00019242626755064366 
32.82 	 0.0001930497406316773 
32.84 	 0.00019480431585634615 
32.86 	 0.00019372653785640318 
32.88 	 0.0001942205016633643 
32.9 	 0.00019138951281401595 
32.92 	 0.0001904884545677967 
32.94 	 0.00018609696005301985 
32.96 	 0.00018384054278020194 
32.98 	 0.00017826012163849763 
33.0 	 0.00017483402885258353 
33.02 	 0.00016851477509798033 
33.04 	 0.0001641936887999313 
33.06 	 0.00015756872787350856 
33.08 	 0.0001526521325956137 
33.1 	 0.00014607802574344262 
33.12 	 0.00014084203649479736 
33.14 	 0.00013458618292733156 
33.16 	 0.00012926585799628368 
33.18 	 0.00012353223427470693 
33.2 	 0.0001183345445567713 
33.22 	 0.00011330755939850608 
33.24 	 0.0001084426437367411 
33.26 	 0.00010432712947061113 
33.28 	 0.00010003930990037296 
33.3 	 9.707942563136195e-05 
33.32 	 9.365975205654378e-05 
33.34 	 9.212675106749523e-05 
33.36 	 8.989403693958944e-05 
33.38 	 9.004093706041273e-05 
33.4 	 8.928827959235176e-05 
33.42 	 9.127936196247722e-05 
33.44 	 9.219798232877057e-05 
33.46 	 9.603269565537128e-05 
33.48 	 9.864003309672958e-05 
33.5 	 0.00010410020674646631 
33.52 	 0.00010820476765341192 
33.54 	 0.00011485347246563856 
33.56 	 0.0001200772255479375 
33.58 	 0.0001273216925744211 
33.6 	 0.00013317548316731036 
33.62 	 0.0001403792021577254 
33.64 	 0.00014636282428569374 
33.66 	 0.0001529680891060277 
33.68 	 0.0001586589647842579 
33.7 	 0.0001642765783648082 
33.72 	 0.00016938184884818643 
33.74 	 0.00017382288040592697 
33.76 	 0.00017818942945157276 
33.78 	 0.00018144235491916418 
33.8 	 0.00018503576053313582 
33.82 	 0.00018721295339974405 
33.84 	 0.00019008298519411528 
33.86 	 0.00019136333925455967 
33.88 	 0.00019361035618876518 
33.9 	 0.00019419308356645744 
33.92 	 0.00019594084512813842 
33.94 	 0.00019601088226580115 
33.96 	 0.00019738314848526776 
33.98 	 0.00019708201917673557 
34.0 	 0.00019817827681290775 
34.02 	 0.00019757868913747136 
34.04 	 0.0001984494495587978 
34.06 	 0.0001975412037171533 
34.08 	 0.0001981709072896461 
34.1 	 0.00019686984380791383 
34.12 	 0.00019717825128769947 
34.14 	 0.0001953631880782331 
34.16 	 0.0001952304307113666 
34.18 	 0.00019279871494708325 
34.2 	 0.00019210802671706543 
34.22 	 0.00018902862587559074 
34.24 	 0.00018771165545021233 
34.26 	 0.0001840543286324298 
34.28 	 0.00018212244083500248 
34.3 	 0.00017805262924325315 
34.32 	 0.00017560373708986062 
34.34 	 0.0001713475808333084 
34.36 	 0.00016854748691750695 
34.38 	 0.00016434120866658017 
34.4 	 0.0001613864809757691 
34.42 	 0.00015742622652831052 
34.44 	 0.00015449994847752037 
34.46 	 0.0001509046996873595 
34.48 	 0.00014813718425810048 
34.5 	 0.0001449325577199485 
34.52 	 0.00014237737490818442 
34.54 	 0.0001395036157350546 
34.56 	 0.00013713554763225354 
34.58 	 0.00013447800803776273 
34.6 	 0.00013221380617025133 
34.62 	 0.00012964802201858843 
34.64 	 0.00012738387608703702 
34.66 	 0.00012482178824680269 
34.68 	 0.000122475560522221 
34.7 	 0.00011989808913495802 
34.72 	 0.00011744259585729793 
34.74 	 0.00011490900981714378 
34.76 	 0.00011238656091742323 
34.78 	 0.00011002113526067191 
34.8 	 0.00010753788891773303 
34.82 	 0.00010550369513286016 
34.84 	 0.00010321090941677017 
34.86 	 0.00010168352517791125 
34.88 	 9.97563045145929e-05 
34.9 	 9.890490945178531e-05 
34.92 	 9.752499751144416e-05 
34.94 	 9.749843079361203e-05 
34.96 	 9.683894646256938e-05 
34.98 	 9.774715370186338e-05 
35.0 	 9.795123409550645e-05 
35.02 	 9.983432501390509e-05 
35.04 	 0.00010098254120597088 
35.06 	 0.00010377073489055022 
35.08 	 0.00010584297385277588 
35.1 	 0.0001093242512447448 
35.12 	 0.00011217226007525083 
35.14 	 0.00011599055151636316 
35.16 	 0.00011933843898340466 
35.18 	 0.0001230372058622894 
35.2 	 0.0001265169720879355 
35.22 	 0.00012962358000216618 
35.24 	 0.000132838078421975 
35.26 	 0.000134964229117296 
35.28 	 0.0001375599953501187 
35.3 	 0.00013848457790402067 
35.32 	 0.00014021543946666468 
35.34 	 0.00013992297607967578 
35.36 	 0.00014068968175807967 
35.38 	 0.00013935494203228476 
35.4 	 0.0001392122593263944 
35.42 	 0.0001371400078956469 
35.44 	 0.00013626956595251907 
35.46 	 0.00013381052801376758 
35.48 	 0.0001324657502138002 
35.5 	 0.00012993357765946257 
35.52 	 0.00012837155310946538 
35.54 	 0.00012598227582167693 
35.56 	 0.0001244027965946422 
35.58 	 0.00012225020582127874 
35.6 	 0.00012076044945483518 
35.62 	 0.00011882995338590986 
35.64 	 0.00011744378295355478 
35.66 	 0.00011565570418929678 
35.68 	 0.00011432338936718439 
35.7 	 0.00011258784143618132 
35.72 	 0.00011124139721449574 
35.74 	 0.00010950438569952604 
35.76 	 0.00010809994814908122 
35.78 	 0.00010636551669743915 
35.8 	 0.00010490763603563793 
35.82 	 0.00010323137571545356 
35.84 	 0.0001017724159664825 
35.86 	 0.00010023279106226157 
35.88 	 9.885048203997699e-05 
35.9 	 9.751191087899203e-05 
35.92 	 9.627622230379432e-05 
35.94 	 9.515953451255127e-05 
35.96 	 9.410354776423283e-05 
35.98 	 9.317530119731569e-05 
36.0 	 9.228209025127058e-05 
36.02 	 9.146590330479599e-05 
36.04 	 9.067567245143698e-05 
36.06 	 8.987940531033934e-05 
36.08 	 8.911205884294241e-05 
36.1 	 8.825852906363739e-05 
36.12 	 8.744101452667684e-05 
36.14 	 8.648995562265266e-05 
36.16 	 8.557757542031454e-05 
36.18 	 8.453216125367602e-05 
36.2 	 8.351750423148603e-05 
36.22 	 8.241597590305401e-05 
36.24 	 8.132476176784718e-05 
36.26 	 8.022239875442057e-05 
36.28 	 7.909940905743216e-05 
36.3 	 7.804730254768944e-05 
36.32 	 7.693724847486064e-05 
36.34 	 7.596402068920165e-05 
36.36 	 7.489311819467958e-05 
36.38 	 7.399558985849424e-05 
36.4 	 7.296051176902009e-05 
36.42 	 7.210841057851435e-05 
36.44 	 7.107866530283424e-05 
36.46 	 7.023454920523708e-05 
36.48 	 6.917024184412394e-05 
36.5 	 6.831900959457755e-05 
36.52 	 6.719912975251584e-05 
36.54 	 6.637573766264179e-05 
36.56 	 6.522646428332294e-05 
36.58 	 6.453019724297588e-05 
36.6 	 6.344188241565261e-05 
36.62 	 6.303097553634166e-05 
36.64 	 6.215655832556482e-05 
36.66 	 6.22237748662705e-05 
36.68 	 6.175721479323987e-05 
36.7 	 6.249086802812616e-05 
36.72 	 6.262882882200727e-05 
36.74 	 6.416481942001244e-05 
36.76 	 6.505827549515584e-05 
36.78 	 6.743072841491603e-05 
36.8 	 6.913712785675514e-05 
36.82 	 7.224037685587643e-05 
36.84 	 7.469095985340901e-05 
36.86 	 7.827044045027188e-05 
36.88 	 8.12670581348841e-05 
36.9 	 8.49534342097032e-05 
36.92 	 8.820101436905845e-05 
36.94 	 9.158633772643246e-05 
36.96 	 9.475340298198893e-05 
36.98 	 9.748671857633036e-05 
37.0 	 0.00010027506658851243 
37.02 	 0.00010214225303688406 
37.04 	 0.00010434453601743466 
37.06 	 0.00010530351992853677 
37.08 	 0.00010683372395991236 
37.1 	 0.00010699733601795723 
37.12 	 0.00010788913246346363 
37.14 	 0.00010746938576503344 
37.16 	 0.00010784661305400003 
37.18 	 0.00010708465833559774 
37.2 	 0.0001071148791074722 
37.22 	 0.00010621930781890107 
37.24 	 0.0001060648080541348 
37.26 	 0.00010517301956348553 
37.28 	 0.00010495318685015805 
37.3 	 0.00010412130139324081 
37.32 	 0.00010389570214683844 
37.34 	 0.00010311382097315004 
37.36 	 0.00010288741009615249 
37.38 	 0.00010210981045125212 
37.4 	 0.0001018534452144092 
37.42 	 0.00010102979759885305 
37.44 	 0.00010070452213821953 
37.46 	 9.980069475482594e-05 
37.48 	 9.937553726571198e-05 
37.5 	 9.838015638557711e-05 
37.52 	 9.783934325915197e-05 
37.54 	 9.676042275499056e-05 
37.56 	 9.610284837284659e-05 
37.58 	 9.496240441706649e-05 
37.6 	 9.419953900272907e-05 
37.62 	 9.303156793981194e-05 
37.64 	 9.218813250477502e-05 
37.66 	 9.103954030931412e-05 
37.68 	 9.015638219019896e-05 
37.7 	 8.908619973536722e-05 
37.72 	 8.822095971187347e-05 
37.74 	 8.729340337862127e-05 
37.76 	 8.651463047632924e-05 
37.78 	 8.578553762244021e-05 
37.8 	 8.515956135324487e-05 
37.82 	 8.466024910183636e-05 
37.84 	 8.423455364731339e-05 
37.86 	 8.39593082006565e-05 
37.88 	 8.374846542265732e-05 
37.9 	 8.365084208019508e-05 
37.92 	 8.36302315726431e-05 
37.94 	 8.363018075027783e-05 
37.96 	 8.37397572929885e-05 
37.98 	 8.373989468463556e-05 
38.0 	 8.389685713035813e-05 
38.02 	 8.380318678943774e-05 
38.04 	 8.391974365518495e-05 
38.06 	 8.36606178097309e-05 
38.08 	 8.366165004674076e-05 
38.1 	 8.319929085808646e-05 
38.12 	 8.303485409890879e-05 
38.14 	 8.236645809197236e-05 
38.16 	 8.201586760637443e-05 
38.18 	 8.116526047523562e-05 
38.2 	 8.063256425257309e-05 
38.22 	 7.963683901678463e-05 
38.24 	 7.894067958225499e-05 
38.26 	 7.783765352136703e-05 
38.28 	 7.700043063749246e-05 
38.3 	 7.582163242229967e-05 
38.32 	 7.486265309622012e-05 
38.34 	 7.363368979490816e-05 
38.36 	 7.256886127975844e-05 
38.38 	 7.131580955815354e-05 
38.4 	 7.016346405924436e-05 
38.42 	 6.892159685837793e-05 
38.44 	 6.771143209115808e-05 
38.46 	 6.653176302237716e-05 
38.48 	 6.531245956584802e-05 
38.5 	 6.426232005975552e-05 
38.52 	 6.310352617558915e-05 
38.54 	 6.225934333630329e-05 
38.56 	 6.124540701993219e-05 
38.58 	 6.0678433593312165e-05 
38.6 	 5.9894095782276105e-05 
38.62 	 5.9652360232209985e-05 
38.64 	 5.916370704873779e-05 
38.66 	 5.92552617722122e-05 
38.68 	 5.9091441308173904e-05 
38.7 	 5.947460873325357e-05 
38.72 	 5.961631213470131e-05 
38.74 	 6.020168834890415e-05 
38.76 	 6.058097447965095e-05 
38.78 	 6.124715935415794e-05 
38.8 	 6.176021433732784e-05 
38.82 	 6.238074412275495e-05 
38.84 	 6.291127241667508e-05 
38.86 	 6.33852829616773e-05 
38.88 	 6.383238658573522e-05 
38.9 	 6.4108579806486e-05 
38.92 	 6.441053853257776e-05 
38.94 	 6.449540728331054e-05 
38.96 	 6.464117025707616e-05 
38.98 	 6.458837467889818e-05 
39.0 	 6.461253242765134e-05 
39.02 	 6.449814743645813e-05 
39.04 	 6.446165333348229e-05 
39.06 	 6.43556923850948e-05 
39.08 	 6.432065116534909e-05 
39.1 	 6.426594523850487e-05 
39.12 	 6.427488532378515e-05 
39.14 	 6.427994408639795e-05 
39.16 	 6.434674966538654e-05 
39.18 	 6.439224498863439e-05 
39.2 	 6.450545928730946e-05 
39.22 	 6.455827822706125e-05 
39.24 	 6.469190785120004e-05 
39.26 	 6.471912248509188e-05 
39.28 	 6.48443261680063e-05 
39.3 	 6.482196109766344e-05 
39.32 	 6.49150428104543e-05 
39.34 	 6.483072670041291e-05 
39.36 	 6.487636036282441e-05 
39.38 	 6.47279609608141e-05 
39.4 	 6.47191047524551e-05 
39.42 	 6.451203216877994e-05 
39.44 	 6.444855255442168e-05 
39.46 	 6.419330264464116e-05 
39.48 	 6.408051123355028e-05 
39.5 	 6.379071073470408e-05 
39.52 	 6.363801842802494e-05 
39.54 	 6.332866559111167e-05 
39.56 	 6.314813675191196e-05 
39.58 	 6.28338764490685e-05 
39.6 	 6.263860802958922e-05 
39.62 	 6.23322187048555e-05 
39.64 	 6.213476286485278e-05 
39.66 	 6.184618263510385e-05 
39.68 	 6.165737174869675e-05 
39.7 	 6.139352918266196e-05 
39.72 	 6.122203534492897e-05 
39.74 	 6.09876420907048e-05 
39.76 	 6.084055323707646e-05 
39.78 	 6.0640001404528744e-05 
39.8 	 6.0524769682073195e-05 
39.82 	 6.036548089096868e-05 
39.84 	 6.029403512251532e-05 
39.86 	 6.0192511340090044e-05 
39.88 	 6.019017635713312e-05 
39.9 	 6.0186087092488064e-05 
39.92 	 6.031732304878946e-05 
39.94 	 6.0525408440029927e-05 
39.96 	 6.1023859108276904e-05 
39.98 	 6.208876881903062e-05 
40.0 	 6.337208062152408e-05 
