0.0 	 1.1801303408889012 
0.02 	 1.1797219752685368 
0.04 	 1.17957262924296 
0.06 	 1.1794333659354854 
0.08 	 1.1793866248328149 
0.1 	 1.1793492974429922 
0.12 	 1.179361638762699 
0.14 	 1.1793960358648508 
0.16 	 1.1794647754081635 
0.18 	 1.1795637426846644 
0.2 	 1.1796913628489 
0.22 	 1.1798505429557875 
0.24 	 1.1800389904173414 
0.26 	 1.1802536554755576 
0.28 	 1.1805035543141607 
0.3 	 1.180768614438962 
0.32 	 1.1810798677379026 
0.34 	 1.181390232464077 
0.36 	 1.1817626418075613 
0.38 	 1.1821128875122926 
0.4 	 1.1825459958402424 
0.42 	 1.1829289905439582 
0.44 	 1.1834207440952351 
0.46 	 1.183825382782882 
0.48 	 1.1843696285679006 
0.5 	 1.184778345786838 
0.52 	 1.1853617396439207 
0.54 	 1.1857489788751525 
0.56 	 1.1863485227653057 
0.58 	 1.186681582416383 
0.6 	 1.1872644145648323 
0.62 	 1.1875076749633129 
0.64 	 1.1880344543157997 
0.66 	 1.1881567829980444 
0.68 	 1.1885888423491122 
0.7 	 1.188572368656605 
0.72 	 1.1888811088708684 
0.74 	 1.188728369122883 
0.76 	 1.1889039425123613 
0.78 	 1.1886403799982546 
0.8 	 1.188696378138302 
0.82 	 1.188366532445998 
0.84 	 1.18833846818906 
0.86 	 1.1879964000786591 
0.88 	 1.187933885708647 
0.9 	 1.187630533679103 
0.92 	 1.1875853514811363 
0.94 	 1.187356713021373 
0.96 	 1.1873705041952833 
0.98 	 1.1872302679848508 
1.0 	 1.1873256700966779 
1.02 	 1.1872642463855623 
1.04 	 1.1874418869887406 
1.06 	 1.187431342192033 
1.08 	 1.1876727223444141 
1.1 	 1.1876749911990765 
1.12 	 1.1879490537306456 
1.14 	 1.1879239901520458 
1.16 	 1.1881941433406527 
1.18 	 1.1881048349578855 
1.2 	 1.188333833886714 
1.22 	 1.1881485781823846 
1.24 	 1.1883004755773776 
1.26 	 1.1879927555214023 
1.28 	 1.1880330479181074 
1.3 	 1.1875817520923624 
1.32 	 1.1874778729581945 
1.34 	 1.1868695527351432 
1.36 	 1.1865935978640965 
1.38 	 1.18582711124475 
1.4 	 1.1853613626531985 
1.42 	 1.184453555660213 
1.44 	 1.1837976287083667 
1.46 	 1.1827875153099903 
1.48 	 1.1819645499853138 
1.5 	 1.1809133533841785 
1.52 	 1.1799722983324252 
1.54 	 1.1789579148268536 
1.56 	 1.1779699768112 
1.58 	 1.177076532130145 
1.6 	 1.176125998957225 
1.62 	 1.1754312086918102 
1.64 	 1.1746030950616864 
1.66 	 1.174166999807026 
1.68 	 1.173535074612285 
1.7 	 1.1733928925226689 
1.72 	 1.1730110085996792 
1.74 	 1.1731708922802975 
1.76 	 1.1730686845411407 
1.78 	 1.173513351855819 
1.8 	 1.1736955831701792 
1.82 	 1.1743861296141271 
1.84 	 1.1748342779994188 
1.86 	 1.1757150260916882 
1.88 	 1.1763901913619452 
1.9 	 1.177394421573493 
1.92 	 1.1782415587612827 
1.94 	 1.179298531271934 
1.96 	 1.180252569820489 
1.98 	 1.1812959926577065 
2.0 	 1.182290164500971 
2.02 	 1.183267326817809 
2.04 	 1.1842430562116806 
2.06 	 1.185122692418851 
2.08 	 1.1860390868534028 
2.1 	 1.1868153246388635 
2.12 	 1.1876553239711978 
2.14 	 1.1883454909504276 
2.16 	 1.1891159054117533 
2.18 	 1.189751866105879 
2.2 	 1.190476369071535 
2.22 	 1.1910919107441051 
2.24 	 1.1917990974229422 
2.26 	 1.192418194871313 
2.28 	 1.1931294993431802 
2.3 	 1.1937603879428995 
2.32 	 1.194483103449615 
2.34 	 1.1951204198376473 
2.36 	 1.195848587872419 
2.38 	 1.196481718426468 
2.4 	 1.1972035203534985 
2.42 	 1.197826212667645 
2.44 	 1.1985332207149084 
2.46 	 1.1991493375658666 
2.48 	 1.1998424999826114 
2.5 	 1.2004654836909723 
2.52 	 1.201155122293889 
2.54 	 1.2018025249399704 
2.56 	 1.2025033147436566 
2.58 	 1.2031904454559146 
2.6 	 1.2039151988990588 
2.62 	 1.2046521696472723 
2.64 	 1.2054087722296047 
2.66 	 1.2062029816271123 
2.68 	 1.2069968044518036 
2.7 	 1.207859447999334 
2.72 	 1.2087001150641528 
2.74 	 1.2096526000303627 
2.76 	 1.2105610758895862 
2.78 	 1.2116369050554912 
2.8 	 1.2126482853471312 
2.82 	 1.2138883884785492 
2.84 	 1.2150480197387319 
2.86 	 1.2164912816227027 
2.88 	 1.2178456226980559 
2.9 	 1.2195191465271067 
2.92 	 1.2211057433955543 
2.94 	 1.2230194415397087 
2.96 	 1.2248606627388232 
2.98 	 1.2270081617558943 
3.0 	 1.2291109258900783 
3.02 	 1.2314753556334765 
3.04 	 1.2338357716100212 
3.06 	 1.2363969840854483 
3.08 	 1.2390067868571242 
3.1 	 1.241746890739126 
3.12 	 1.2445987629342663 
3.14 	 1.2475048210242143 
3.16 	 1.2505954732033304 
3.18 	 1.2536601568230874 
3.2 	 1.2569918618761227 
3.22 	 1.2602135002121688 
3.24 	 1.263795389779693 
3.26 	 1.2671779668479006 
3.28 	 1.2710275095628734 
3.3 	 1.274579502988738 
3.32 	 1.2787228456267328 
3.34 	 1.2824525573235905 
3.36 	 1.2869209586549277 
3.38 	 1.290826196418204 
3.4 	 1.2956457400192598 
3.42 	 1.2996978732842186 
3.44 	 1.304871720240489 
3.46 	 1.308997937840881 
3.48 	 1.3144844836874392 
3.5 	 1.318556097600847 
3.52 	 1.324251177304213 
3.54 	 1.3280874946194128 
3.56 	 1.3338215115752319 
3.58 	 1.3372154740766038 
3.6 	 1.3427739547168476 
3.62 	 1.3455367997413348 
3.64 	 1.350704219916661 
3.66 	 1.3527150855544272 
3.68 	 1.3573295151870886 
3.7 	 1.3585685782588675 
3.72 	 1.3625649242272835 
3.74 	 1.3631112290295269 
3.76 	 1.3665304575644013 
3.78 	 1.366519314872142 
3.8 	 1.369473270478136 
3.82 	 1.369027622580076 
3.84 	 1.3716300670142811 
3.86 	 1.37079523947002 
3.88 	 1.3730884481565375 
3.9 	 1.3718004830497834 
3.92 	 1.3737109699653502 
3.94 	 1.371813317886463 
3.96 	 1.3731564749842593 
3.98 	 1.3704572340292718 
4.0 	 1.3709880150700922 
4.02 	 1.3673337631959352 
4.04 	 1.3668230061473667 
4.06 	 1.3621627120288604 
4.08 	 1.3604732874823253 
4.1 	 1.3548935086511569 
4.12 	 1.352034389265727 
4.14 	 1.3457575335180514 
4.16 	 1.3419013268580973 
4.18 	 1.3352479303951805 
4.2 	 1.3307059439474302 
4.22 	 1.324029512348596 
4.24 	 1.3191883070344927 
4.26 	 1.3127976058271782 
4.28 	 1.3080313479274657 
4.3 	 1.3021189323334006 
4.32 	 1.297699446481383 
4.34 	 1.2922951039599353 
4.36 	 1.288323448260713 
4.38 	 1.2832867291033794 
4.4 	 1.2796660650298044 
4.42 	 1.274723749158125 
4.44 	 1.2711844855747916 
4.46 	 1.266007225508762 
4.48 	 1.2621825612421311 
4.5 	 1.256481705625023 
4.52 	 1.2520159381523608 
4.54 	 1.2456313635447687 
4.56 	 1.2402890951628864 
4.58 	 1.2332380685902036 
4.6 	 1.226977113595161 
4.62 	 1.2194459468694232 
4.64 	 1.2124262730758883 
4.66 	 1.2047076100987453 
4.68 	 1.197232518916841 
4.7 	 1.1896329082948822 
4.72 	 1.1820475499718643 
4.74 	 1.1748019304653792 
4.76 	 1.167392672369556 
4.78 	 1.1606169081976034 
4.8 	 1.1535504744826603 
4.82 	 1.1472416366200489 
4.84 	 1.1405571405527128 
4.86 	 1.1346268899972098 
4.88 	 1.128264915208175 
4.9 	 1.1225802713685915 
4.92 	 1.1164209485102465 
4.94 	 1.110833999315752 
4.96 	 1.104724806657009 
4.98 	 1.0990885507300396 
5.0 	 1.0928594976057853 
5.02 	 1.0870372645141186 
5.04 	 1.0805112945529969 
5.06 	 1.0743874597593759 
5.08 	 1.0673937566042662 
5.1 	 1.0608891784126204 
5.12 	 1.0532832433901143 
5.14 	 1.0463763534796435 
5.16 	 1.0380693268482386 
5.18 	 1.0308230680419572 
5.2 	 1.021822053205897 
5.22 	 1.0144132728582114 
5.24 	 1.004868389220053 
5.26 	 0.9976080153387893 
5.28 	 0.9878493003314867 
5.3 	 0.9811736357882008 
5.32 	 0.9717096372509937 
5.34 	 0.966124295254797 
5.36 	 0.9575769252074309 
5.38 	 0.9535516451401562 
5.4 	 0.9465266401671973 
5.42 	 0.9443689919227943 
5.44 	 0.939301594588893 
5.46 	 0.9390638928768995 
5.48 	 0.936108808523619 
5.5 	 0.9375787318740126 
5.52 	 0.9365995270906493 
5.54 	 0.9393798420509355 
5.56 	 0.9400342305554755 
5.58 	 0.9436619201123224 
5.6 	 0.9455225264583775 
5.62 	 0.9495623617176778 
5.64 	 0.952206448919273 
5.66 	 0.9562887208053519 
5.68 	 0.9593316615910878 
5.7 	 0.9631504126759639 
5.72 	 0.9662435565947588 
5.74 	 0.9695518946755659 
5.76 	 0.9723827270009046 
5.78 	 0.9750093839491919 
5.8 	 0.9773280085863582 
5.82 	 0.9792122653481101 
5.84 	 0.980880633364068 
5.86 	 0.9821020728391285 
5.88 	 0.9831401538470037 
5.9 	 0.9839158841220186 
5.92 	 0.9845125576147106 
5.94 	 0.9851465571900244 
5.96 	 0.9856138555971488 
5.98 	 0.9864046363154281 
6.0 	 0.9870783928705089 
6.02 	 0.9882143963785868 
6.04 	 0.9893335207817499 
6.06 	 0.9908195934319295 
6.08 	 0.9924343326420879 
6.1 	 0.9940849015683003 
6.12 	 0.9960356727672346 
6.14 	 0.9975391111402705 
6.16 	 0.9995125545591984 
6.18 	 1.0005350589631252 
6.2 	 1.0021659165686299 
6.22 	 1.0024476873737045 
6.24 	 1.0034195932134498 
6.26 	 1.0028292955935183 
6.28 	 1.0029396528429055 
6.3 	 1.001480375107764 
6.32 	 1.0006595482141525 
6.34 	 0.9984409342203655 
6.36 	 0.9967365804688518 
6.38 	 0.9939341704713014 
6.4 	 0.9914790003731625 
6.42 	 0.9882956519631023 
6.44 	 0.9852723579652788 
6.46 	 0.9819062084085003 
6.48 	 0.9785138244470124 
6.5 	 0.9751304495708266 
6.52 	 0.9715500652303738 
6.54 	 0.9682570176828466 
6.56 	 0.9646161127477022 
6.58 	 0.9614443283789766 
6.6 	 0.9577867017245396 
6.62 	 0.9546896350405779 
6.64 	 0.9509655338286237 
6.66 	 0.9478466235629407 
6.68 	 0.9439374698873391 
6.7 	 0.9407066153450898 
6.72 	 0.9364872395176798 
6.74 	 0.933131413778654 
6.76 	 0.928554356790122 
6.78 	 0.9251953851347603 
6.8 	 0.9203663468810862 
6.82 	 0.9172777185902243 
6.84 	 0.9124871500557789 
6.86 	 0.9100529389086048 
6.88 	 0.905739710670827 
6.9 	 0.9043592676949034 
6.92 	 0.9010073270371838 
6.94 	 0.9009742871524652 
6.96 	 0.8989755852562872 
6.98 	 0.9003788409116764 
7.0 	 0.8999191727680671 
7.02 	 0.9026106516469887 
7.04 	 0.9036282459498172 
7.06 	 0.9072696288576182 
7.08 	 0.9094960184417361 
7.1 	 0.9136533614927131 
7.12 	 0.9167012389381592 
7.14 	 0.9209378543645484 
7.16 	 0.9243867826472614 
7.18 	 0.928322701294815 
7.2 	 0.9317748306171477 
7.22 	 0.9351132498103307 
7.24 	 0.9382218475183232 
7.26 	 0.940761033441875 
7.28 	 0.9432499503097302 
7.3 	 0.9448951350137805 
7.32 	 0.9465821453597891 
7.34 	 0.9473570190665282 
7.36 	 0.9481787939886813 
7.38 	 0.9482252386874542 
7.4 	 0.9482502710588069 
7.42 	 0.9478054682480146 
7.44 	 0.94722112531335 
7.46 	 0.9465709730710513 
7.48 	 0.9456410529923547 
7.5 	 0.9450608792476788 
7.52 	 0.9440640475994716 
7.54 	 0.9437651291237452 
7.56 	 0.9429345698290346 
7.58 	 0.9430340634470058 
7.6 	 0.9425190316363007 
7.62 	 0.9430415379591299 
7.64 	 0.9429016114882053 
7.66 	 0.9438069646840049 
7.68 	 0.9440347824989479 
7.7 	 0.9452559537635211 
7.72 	 0.9458123928708033 
7.74 	 0.9472855394475636 
7.76 	 0.9481288661889866 
7.78 	 0.9498051023934954 
7.8 	 0.9509029618822548 
7.82 	 0.9527432149948536 
7.84 	 0.9540681076445263 
7.86 	 0.9560312581974425 
7.88 	 0.9575491947201851 
7.9 	 0.9595850085141963 
7.92 	 0.9612486803827728 
7.94 	 0.9633014289461622 
7.96 	 0.965054001088102 
7.98 	 0.967074898775235 
8.0 	 0.9688630770601412 
8.02 	 0.9708247371346683 
8.04 	 0.9726148615848986 
8.06 	 0.9745206353024967 
8.08 	 0.9763107797053686 
8.1 	 0.9781944966546332 
8.12 	 0.9800175006131171 
8.14 	 0.9819324637119061 
8.16 	 0.9838476260283853 
8.18 	 0.9858467423951777 
8.2 	 0.9879209220408282 
8.22 	 0.9900326026627901 
8.24 	 0.9923147146333311 
8.26 	 0.9945213106020007 
8.28 	 0.9970170236462084 
8.3 	 0.9992429688331114 
8.32 	 1.0018974016887012 
8.34 	 1.004012028616511 
8.36 	 1.0067064506058458 
8.38 	 1.008542114242428 
8.4 	 1.011106612716627 
8.42 	 1.0124880064970563 
8.44 	 1.014727443589438 
8.46 	 1.0155046388374465 
8.48 	 1.017231590910613 
8.5 	 1.0173083716477658 
8.52 	 1.0183749915174634 
8.54 	 1.0177255838794363 
8.56 	 1.018046729379515 
8.58 	 1.0167175508546664 
8.6 	 1.016280102102712 
8.62 	 1.0143777717600067 
8.64 	 1.013235449085905 
8.66 	 1.010906636498059 
8.68 	 1.0091646458443082 
8.7 	 1.0065756531755827 
8.72 	 1.0043729720178747 
8.74 	 1.0016957057978324 
8.76 	 0.9991924348836929 
8.78 	 0.9965984632553267 
8.8 	 0.9939706430376196 
8.82 	 0.991628621258453 
8.84 	 0.9890656802903713 
8.86 	 0.9871338181457124 
8.88 	 0.9848294901890784 
8.9 	 0.9834374569761808 
8.92 	 0.9815678995509505 
8.94 	 0.98079101062543 
8.96 	 0.9794833131896393 
8.98 	 0.9793204082401576 
9.0 	 0.9786241379604546 
9.02 	 0.9789922587170249 
9.04 	 0.9788683777795358 
9.06 	 0.9796198977845632 
9.08 	 0.9799533488848017 
9.1 	 0.9809097869949897 
9.12 	 0.9815403598849454 
9.14 	 0.9825299571959468 
9.16 	 0.9832890434727324 
9.18 	 0.9841761250959039 
9.2 	 0.9849177665939202 
9.22 	 0.9856180690702179 
9.24 	 0.9862381524877502 
9.26 	 0.986720458132205 
9.28 	 0.9871633168880238 
9.3 	 0.9874411278496074 
9.32 	 0.9876959875490384 
9.34 	 0.9878138510743758 
9.36 	 0.987904778552021 
9.38 	 0.9879234039576633 
9.4 	 0.9878964913786532 
9.42 	 0.9878796730754886 
9.44 	 0.9877905026969213 
9.46 	 0.9877955324288776 
9.48 	 0.9876989353243704 
9.5 	 0.9877712098755318 
9.52 	 0.9877145845066865 
9.54 	 0.9878866795982616 
9.56 	 0.9879078228856033 
9.58 	 0.9882027587626233 
9.6 	 0.9883324887509682 
9.62 	 0.9887694691009633 
9.64 	 0.9890374574129658 
9.66 	 0.9896364322835275 
9.68 	 0.9900762224760074 
9.7 	 0.9908570114352478 
9.72 	 0.991505281504842 
9.74 	 0.9924792633864989 
9.76 	 0.993366739001384 
9.78 	 0.9945236893084847 
9.8 	 0.9956600760449875 
9.82 	 0.9969567740363202 
9.84 	 0.9983165725087294 
9.86 	 0.9996742732970221 
9.88 	 1.0011911361091106 
9.9 	 1.0025051921509849 
9.92 	 1.0040788312796447 
9.94 	 1.0052379580449478 
9.96 	 1.0067518563390612 
9.98 	 1.0076602942994926 
10.0 	 1.0090040720022004 
10.02 	 1.0095993031401969 
10.04 	 1.0106885523630738 
10.06 	 1.0109498467291376 
10.08 	 1.0117382529064773 
10.1 	 1.011685165070743 
10.12 	 1.0121671188324775 
10.14 	 1.0118502416404123 
10.16 	 1.0120552748507825 
10.18 	 1.0115431251080462 
10.2 	 1.0115253822091546 
10.22 	 1.0108910868241325 
10.24 	 1.0107172385128593 
10.26 	 1.0100271083826202 
10.28 	 1.0097647580753386 
10.3 	 1.0090688493716402 
10.32 	 1.0087755115520711 
10.34 	 1.0080993095772934 
10.36 	 1.0078111053843533 
10.38 	 1.007148591472958 
10.4 	 1.0068692204627552 
10.42 	 1.006180272038111 
10.44 	 1.0058740411014335 
10.46 	 1.0050909555118448 
10.48 	 1.0046859627952582 
10.5 	 1.003732209196999 
10.52 	 1.0031381764098277 
10.54 	 1.0019568813932571 
10.56 	 1.0010960573953518 
10.58 	 0.9996790869065674 
10.6 	 0.9985209810923316 
10.62 	 0.9969260045354419 
10.64 	 0.9955118375358427 
10.66 	 0.9938570333015473 
10.68 	 0.9923008542883155 
10.7 	 0.9907346063264325 
10.72 	 0.9891955783427475 
10.74 	 0.987849034835265 
10.76 	 0.9864813579138805 
10.78 	 0.9854210332460764 
10.8 	 0.9843196513593098 
10.82 	 0.9835203789838339 
10.84 	 0.9826854775592013 
10.86 	 0.9820372555359934 
10.88 	 0.9813739364501886 
10.9 	 0.9807211431628241 
10.92 	 0.9800746872788614 
10.94 	 0.9792709133350638 
10.96 	 0.9784818032774771 
10.98 	 0.9774373696383725 
11.0 	 0.9763930470865065 
11.02 	 0.9750979319078125 
11.04 	 0.9737625911281634 
11.06 	 0.9722799467430946 
11.08 	 0.9706949975587315 
11.1 	 0.9691322930710156 
11.12 	 0.9673919962610861 
11.14 	 0.9658636211914258 
11.16 	 0.9640785777651097 
11.18 	 0.9626747994324543 
11.2 	 0.9609389537875267 
11.22 	 0.9597122902926688 
11.24 	 0.9580865620489903 
11.26 	 0.9570588205423787 
11.28 	 0.9555766104405612 
11.3 	 0.954759842475991 
11.32 	 0.953448401316521 
11.34 	 0.9528648638636622 
11.36 	 0.9517666778509171 
11.38 	 0.9514517391597854 
11.4 	 0.9506278125797364 
11.42 	 0.9506083219019369 
11.44 	 0.9501139624582631 
11.46 	 0.9503699919573243 
11.48 	 0.9502105191717934 
11.5 	 0.9506422170544753 
11.52 	 0.9507316352372519 
11.54 	 0.9511557409850487 
11.56 	 0.9513053482136998 
11.58 	 0.9514940101699645 
11.6 	 0.9514464406344666 
11.62 	 0.951200467111906 
11.64 	 0.9507043528671677 
11.66 	 0.9499357421314175 
11.68 	 0.9488381330261634 
11.7 	 0.9476308729815296 
11.72 	 0.9459556826498244 
11.74 	 0.9445795265738104 
11.76 	 0.9425614120819251 
11.78 	 0.9414266114931972 
11.8 	 0.9394801807132879 
11.82 	 0.9390390857894431 
11.84 	 0.9376634513181397 
11.86 	 0.9382851445375909 
11.88 	 0.9379304779119524 
11.9 	 0.9397902026212397 
11.92 	 0.9407336172603294 
11.94 	 0.9437573391616356 
11.96 	 0.9460330088088619 
11.98 	 0.9499132043624212 
12.0 	 0.9533128880214544 
12.02 	 0.957578931656246 
12.04 	 0.961705250690982 
12.06 	 0.9658154931142219 
12.08 	 0.9701574148116066 
12.1 	 0.973588276712094 
12.12 	 0.9775992682886976 
12.14 	 0.979923453479034 
12.16 	 0.9830989547966719 
12.18 	 0.9840518171087111 
12.2 	 0.9860071811952512 
12.22 	 0.9855348403412492 
12.24 	 0.9860764066765124 
12.26 	 0.9843514663383431 
12.28 	 0.9835217144265868 
12.3 	 0.980912357367116 
12.32 	 0.9789860562297868 
12.34 	 0.9759749089886749 
12.36 	 0.9733930472001989 
12.38 	 0.9704604370661419 
12.4 	 0.9677117145646992 
12.42 	 0.9652167660943388 
12.44 	 0.9627032831752187 
12.46 	 0.9608052670164624 
12.48 	 0.958743349564022 
12.5 	 0.9573945922252864 
12.52 	 0.9557896764176153 
12.54 	 0.9548006271477758 
12.56 	 0.9535002616633457 
12.58 	 0.9526441858850425 
12.6 	 0.9514376396583619 
12.62 	 0.9505483150702255 
12.64 	 0.9492665474562675 
12.66 	 0.9482932451461464 
12.68 	 0.9468722423918273 
12.7 	 0.9458805350953648 
12.72 	 0.9443727463819052 
12.74 	 0.9435024325150353 
12.76 	 0.9420430782771322 
12.78 	 0.9414477552014331 
12.8 	 0.9401980312627909 
12.82 	 0.939992618622988 
12.84 	 0.9390863811820476 
12.86 	 0.9393202501854064 
12.88 	 0.9388335996925933 
12.9 	 0.9394922766037546 
12.92 	 0.9394407363828778 
12.94 	 0.9404659842773977 
12.96 	 0.9408202852577447 
12.98 	 0.9421333700781411 
13.0 	 0.9428394093616758 
13.02 	 0.944356464580914 
13.04 	 0.9453486179321191 
13.06 	 0.9469855946556436 
13.08 	 0.9481906246415115 
13.1 	 0.9498625913411165 
13.12 	 0.9511985046810425 
13.14 	 0.9528207970332516 
13.16 	 0.9541980537384981 
13.18 	 0.9556946162590506 
13.2 	 0.9570253916870998 
13.22 	 0.9583440775037019 
13.24 	 0.9595598187139455 
13.26 	 0.9606881440970707 
13.28 	 0.9617589263535202 
13.3 	 0.9627303221826984 
13.32 	 0.963675207249917 
13.34 	 0.9645580712218699 
13.36 	 0.9654372843246896 
13.38 	 0.966307298180548 
13.4 	 0.9671953629461938 
13.42 	 0.968101801404478 
13.44 	 0.9690520343159122 
13.46 	 0.9699946334688502 
13.48 	 0.9710123906887663 
13.5 	 0.9719416852789423 
13.52 	 0.9729807149344254 
13.54 	 0.9738226258852436 
13.56 	 0.9748068101090451 
13.58 	 0.9754991963655034 
13.6 	 0.9763586132130042 
13.62 	 0.9768818419437297 
13.64 	 0.9775856651777638 
13.66 	 0.9779735971480418 
13.68 	 0.9785454668483715 
13.7 	 0.9788735437748983 
13.72 	 0.9793842724882752 
13.74 	 0.9797413405936216 
13.76 	 0.9802836463712484 
13.78 	 0.9807395112428078 
13.8 	 0.9813956767026488 
13.82 	 0.9819760913065094 
13.84 	 0.9827902927051352 
13.86 	 0.9834664397809548 
13.88 	 0.98442963856044 
13.9 	 0.9851228869276988 
13.92 	 0.9861722051407373 
13.94 	 0.9867700334827784 
13.96 	 0.9877996815647448 
13.98 	 0.9881770483205055 
14.0 	 0.9890561639416003 
14.02 	 0.9890978774476504 
14.04 	 0.989691688043222 
14.06 	 0.989313349833407 
14.08 	 0.9895057166294052 
14.1 	 0.9886715206290635 
14.12 	 0.9883871151919146 
14.14 	 0.9871218492446762 
14.16 	 0.9863446421223189 
14.18 	 0.9847360950764863 
14.2 	 0.9835190313992749 
14.22 	 0.9817075457534898 
14.24 	 0.9801683827240796 
14.26 	 0.9783233361576361 
14.28 	 0.9766247832369181 
14.3 	 0.9749124383270794 
14.32 	 0.973230196965701 
14.34 	 0.9717814068474915 
14.36 	 0.9702688966824741 
14.38 	 0.9691561929570971 
14.4 	 0.9679166632860139 
14.42 	 0.9671471585755143 
14.44 	 0.9662210215544645 
14.46 	 0.9657455188627744 
14.48 	 0.9651144277186963 
14.5 	 0.9648472198915642 
14.52 	 0.9644500923286489 
14.54 	 0.9642911406191819 
14.56 	 0.9640441459103632 
14.58 	 0.9638965390876674 
14.6 	 0.9637098849161025 
14.62 	 0.9634892738259732 
14.64 	 0.9632770543040499 
14.66 	 0.9629138380296931 
14.68 	 0.9625971143140188 
14.7 	 0.9620348515586475 
14.72 	 0.9615409721732608 
14.74 	 0.960735197600313 
14.76 	 0.9599974322696561 
14.78 	 0.9589179405670961 
14.8 	 0.9578787500537606 
14.82 	 0.9565161271061513 
14.84 	 0.9551352924228107 
14.86 	 0.9535100133757252 
14.88 	 0.95177632064852 
14.9 	 0.949947086949257 
14.92 	 0.9478903217750891 
14.94 	 0.9459579450499673 
14.96 	 0.9436571382956611 
14.98 	 0.9417609651404073 
15.0 	 0.9393450435554836 
15.02 	 0.9376501867500283 
15.04 	 0.9352881564065941 
15.06 	 0.9339636293959679 
15.08 	 0.9318433758087203 
15.1 	 0.9310339954287887 
15.12 	 0.9293321956518636 
15.14 	 0.9291305872088391 
15.16 	 0.9279805939498769 
15.18 	 0.9284080190037831 
15.2 	 0.927875554758263 
15.22 	 0.9288790094860429 
15.24 	 0.9289541828618226 
15.26 	 0.9304214632263018 
15.28 	 0.9310294459971507 
15.3 	 0.9328163873033146 
15.32 	 0.9338413464434018 
15.34 	 0.935800900342616 
15.36 	 0.9371132297078161 
15.38 	 0.9391171184216128 
15.4 	 0.9405949670703304 
15.42 	 0.9425439336455017 
15.44 	 0.9440848830831093 
15.46 	 0.9459092177703857 
15.48 	 0.9474331708848261 
15.5 	 0.9490881993239199 
15.52 	 0.9505354153582337 
15.54 	 0.9519963916819055 
15.56 	 0.9533245881830288 
15.58 	 0.9545832928964441 
15.6 	 0.955765966843364 
15.62 	 0.9568290665591288 
15.64 	 0.9578552176177784 
15.66 	 0.9587431891288771 
15.68 	 0.9596174322525071 
15.7 	 0.9603626875471456 
15.72 	 0.9611044587569771 
15.74 	 0.9617477896608163 
15.76 	 0.9623886616705517 
15.78 	 0.962973849319133 
15.8 	 0.9635526047864971 
15.82 	 0.9641198499345128 
15.84 	 0.9646758104693159 
15.86 	 0.9652554074001383 
15.88 	 0.9658214300269397 
15.9 	 0.9664294911301475 
15.92 	 0.9670265927046532 
15.94 	 0.9676642092420038 
15.96 	 0.9682994523858389 
15.98 	 0.9689553943026026 
16.0 	 0.9696233791539647 
16.02 	 0.9702789008007733 
16.04 	 0.9709655901662058 
16.06 	 0.9715990990403196 
16.08 	 0.9722857896559067 
16.1 	 0.9728756701951553 
16.12 	 0.9735413746283319 
16.14 	 0.9740668498855359 
16.16 	 0.9746889198332944 
16.18 	 0.9751304170020257 
16.2 	 0.9756848676618739 
16.22 	 0.9760258110881055 
16.24 	 0.9764893461561442 
16.26 	 0.9767202373821816 
16.28 	 0.9770749564150942 
16.3 	 0.9771986419632925 
16.32 	 0.9774383976410265 
16.34 	 0.977473853107717 
16.36 	 0.9776094912656378 
16.38 	 0.9775913891690627 
16.4 	 0.9776518505514407 
16.42 	 0.9776248527394864 
16.44 	 0.9776526869858304 
16.46 	 0.9776619331006178 
16.48 	 0.9777043718894871 
16.5 	 0.977785537402749 
16.52 	 0.9778843738119098 
16.54 	 0.9780567695432699 
16.56 	 0.9782406024272132 
16.58 	 0.9785050114077193 
16.6 	 0.9787857636448656 
16.62 	 0.9791261965503305 
16.64 	 0.979499311233354 
16.66 	 0.9798862125309591 
16.68 	 0.9803322068179577 
16.7 	 0.9807248595304819 
16.72 	 0.9812100380346299 
16.74 	 0.9815577786553062 
16.76 	 0.9820337525107738 
16.78 	 0.9822778959779002 
16.8 	 0.9826819728271797 
16.82 	 0.9827615521381585 
16.84 	 0.9830215259561332 
16.86 	 0.9828850179794016 
16.88 	 0.9829311797533122 
16.9 	 0.9825532606066638 
16.92 	 0.9823372716967934 
16.94 	 0.9817355266699639 
16.96 	 0.9812511798631935 
16.98 	 0.9804948101705464 
17.0 	 0.9797919556450481 
17.02 	 0.9789951715748133 
17.04 	 0.9781779273308204 
17.06 	 0.9774758447252293 
17.08 	 0.9766811840726797 
17.1 	 0.9761941142477096 
17.12 	 0.9755557495197988 
17.14 	 0.975354787721708 
17.16 	 0.9749655000688234 
17.18 	 0.9750536439219899 
17.2 	 0.9749414199838398 
17.22 	 0.9752581378149193 
17.24 	 0.9753853931011477 
17.26 	 0.9758317027182846 
17.28 	 0.976115907474504 
17.3 	 0.976588148331636 
17.32 	 0.9769331038786312 
17.34 	 0.9773516650127722 
17.36 	 0.977676291821348 
17.38 	 0.9780004311389192 
17.4 	 0.978255961432533 
17.42 	 0.978483366042071 
17.44 	 0.97865652847458 
17.46 	 0.9788121048930194 
17.48 	 0.9789174380781004 
17.5 	 0.9790380524298034 
17.52 	 0.9791050508759329 
17.54 	 0.97922600803088 
17.56 	 0.9792865194693602 
17.58 	 0.9794330238739677 
17.6 	 0.9795123477588951 
17.62 	 0.9796965337860405 
17.64 	 0.9798093224394101 
17.66 	 0.9800316001122971 
17.68 	 0.9801818548718303 
17.7 	 0.9804345632735825 
17.72 	 0.980618123366619 
17.74 	 0.9808896353699801 
17.76 	 0.9810975088795166 
17.78 	 0.9813755901075119 
17.8 	 0.9815969608016096 
17.82 	 0.981870938542076 
17.84 	 0.9820953230121837 
17.86 	 0.9823571658371747 
17.88 	 0.9825756937342214 
17.9 	 0.9828203302587044 
17.92 	 0.9830263532042481 
17.94 	 0.9832515485673619 
17.96 	 0.9834408111121407 
17.98 	 0.983646831315062 
18.0 	 0.9838173955146265 
18.02 	 0.984006615916542 
18.04 	 0.9841586896640419 
18.06 	 0.9843352301625836 
18.08 	 0.9844709834181048 
18.1 	 0.9846403508811257 
18.12 	 0.9847636945487234 
18.14 	 0.9849323359789133 
18.16 	 0.9850485569430542 
18.18 	 0.9852232664656343 
18.2 	 0.9853384599152394 
18.22 	 0.9855257375195006 
18.24 	 0.9856461463315707 
18.26 	 0.9858517402517828 
18.28 	 0.9859832545245772 
18.3 	 0.9862120846202518 
18.32 	 0.9863601219301438 
18.34 	 0.9866165723604804 
18.36 	 0.9867863467759446 
18.38 	 0.9870746785831497 
18.4 	 0.9872716185387839 
18.42 	 0.9875961528591458 
18.44 	 0.9878261087770898 
18.46 	 0.9881909329208478 
18.48 	 0.9884598952182455 
18.5 	 0.988868093357518 
18.52 	 0.9891813826576094 
18.54 	 0.9896340727257177 
18.56 	 0.9899952598355043 
18.58 	 0.9904908921500645 
18.6 	 0.9909009124176055 
18.62 	 0.9914352410715277 
18.64 	 0.9918921543425381 
18.66 	 0.9924590123872863 
18.68 	 0.9929585934246041 
18.7 	 0.9935512184301275 
18.72 	 0.9940881715961083 
18.74 	 0.9947005634605297 
18.76 	 0.9952698688153601 
18.78 	 0.9958976774928828 
18.8 	 0.9964955607964385 
18.82 	 0.9971362725933799 
18.84 	 0.9977605327292032 
18.86 	 0.9984130674649937 
18.88 	 0.999062821127725 
18.9 	 0.9997268771382962 
18.92 	 1.0004020103760078 
18.94 	 1.0010775271261514 
18.96 	 1.0017782039328773 
18.98 	 1.0024652091204163 
19.0 	 1.0031917253501723 
19.02 	 1.0038906939993775 
19.04 	 1.0046438655522083 
19.06 	 1.0053565908068152 
19.08 	 1.0061387624947067 
19.1 	 1.0068695897304178 
19.12 	 1.007686200765064 
19.14 	 1.0084432494024917 
19.16 	 1.009304624249079 
19.18 	 1.010100323785766 
19.2 	 1.0110229797645194 
19.22 	 1.0118730103368432 
19.24 	 1.0128794288440965 
19.26 	 1.0137991918023344 
19.28 	 1.0149149210589612 
19.3 	 1.0159131285668606 
19.32 	 1.0171604610344607 
19.34 	 1.0182303213797683 
19.36 	 1.0196186533510754 
19.38 	 1.0207282736596057 
19.4 	 1.0222424860418147 
19.42 	 1.0233272454461253 
19.44 	 1.0249168084593787 
19.46 	 1.0258771938334823 
19.48 	 1.0274498125129454 
19.5 	 1.0281580229720613 
19.52 	 1.0295819041662124 
19.54 	 1.0298988790569301 
19.56 	 1.0310164393641053 
19.58 	 1.0308177819586462 
19.6 	 1.0314705813829925 
19.62 	 1.030676034597167 
19.64 	 1.0307366148926227 
19.66 	 1.029335022526899 
19.68 	 1.0287377772315254 
19.7 	 1.02679945758869 
19.72 	 1.0255614561125674 
19.74 	 1.023233064083685 
19.76 	 1.021457844821976 
19.78 	 1.0189400011584224 
19.8 	 1.0168022354542607 
19.82 	 1.0143154032887958 
19.84 	 1.0120301921942967 
19.86 	 1.0097775106649296 
19.88 	 1.007562579601504 
19.9 	 1.0056985808973107 
19.92 	 1.0037390524775047 
19.94 	 1.0023506028054123 
19.96 	 1.00077405815273 
19.98 	 0.9998757192465237 
20.0 	 0.9987410988509674 
20.02 	 0.9982830761885791 
20.04 	 0.9975825783207417 
20.06 	 0.9974669063770025 
20.08 	 0.9971371374168234 
20.1 	 0.9972373805771937 
20.12 	 0.9971754037634658 
20.14 	 0.9973565742823538 
20.16 	 0.9974378513673876 
20.18 	 0.9975752326056073 
20.2 	 0.997672418239967 
20.22 	 0.9976689648699861 
20.24 	 0.9976713743137421 
20.26 	 0.997472451440686 
20.28 	 0.9973047763972692 
20.3 	 0.996906898815935 
20.32 	 0.9965431165497378 
20.34 	 0.9959922103425626 
20.36 	 0.9954589792734765 
20.38 	 0.9948356099513649 
20.4 	 0.9942012128212692 
20.42 	 0.993595350446061 
20.44 	 0.992945817828152 
20.46 	 0.9924294829334518 
20.48 	 0.9918402000197826 
20.5 	 0.9914488072785699 
20.52 	 0.9909632216322792 
20.54 	 0.9906930994411232 
20.56 	 0.9903171726766604 
20.58 	 0.9901388559224018 
20.6 	 0.9898519010402869 
20.62 	 0.9897310142522026 
20.64 	 0.9895053874313656 
20.66 	 0.989419953763313 
20.68 	 0.989238542928125 
20.7 	 0.9891847284283362 
20.72 	 0.9890477629179654 
20.74 	 0.9890328929220188 
20.76 	 0.9889520355846122 
20.78 	 0.9889800870926063 
20.8 	 0.9889641738308745 
20.82 	 0.9890218067863255 
20.84 	 0.9890618861241917 
20.86 	 0.989111805862187 
20.88 	 0.98917244704965 
20.9 	 0.989157052454693 
20.92 	 0.9891775760402913 
20.94 	 0.9890318127698269 
20.96 	 0.9889373743324541 
20.98 	 0.9886070579286055 
21.0 	 0.9883268412540098 
21.02 	 0.9877875530692439 
21.04 	 0.987275747231223 
21.06 	 0.9865470684489157 
21.08 	 0.9858012152224008 
21.1 	 0.9849512993142143 
21.12 	 0.9840219921712354 
21.14 	 0.9831588887637304 
21.16 	 0.9821456472577514 
21.18 	 0.9813951322619261 
21.2 	 0.9804266548538458 
21.22 	 0.9799013248116926 
21.24 	 0.9791040523639295 
21.26 	 0.9788732085170061 
21.28 	 0.9783379745991897 
21.3 	 0.9784094582764163 
21.32 	 0.9781684896717047 
21.34 	 0.9784901076061255 
21.36 	 0.9785134070192466 
21.38 	 0.9789937422149171 
21.4 	 0.9792059060689373 
21.42 	 0.9797460436400003 
21.44 	 0.9800559901767896 
21.46 	 0.9805795151225267 
21.48 	 0.9809109362966391 
21.5 	 0.9813814452260627 
21.52 	 0.981692938860729 
21.54 	 0.9821145937516573 
21.56 	 0.9824039465490357 
21.58 	 0.9828076354997389 
21.6 	 0.9831013874670325 
21.62 	 0.983523679321272 
21.64 	 0.9838579510636798 
21.66 	 0.9843210347261983 
21.68 	 0.9847212754233183 
21.7 	 0.9852201979770512 
21.72 	 0.9856864159559793 
21.74 	 0.9861867908163078 
21.76 	 0.9866882943141106 
21.78 	 0.9871344998836792 
21.8 	 0.9876152999151228 
21.82 	 0.9879464427545233 
21.84 	 0.988339612480966 
21.86 	 0.988508279543372 
21.88 	 0.9887548717040774 
21.9 	 0.9887424834065958 
21.92 	 0.9888087686564572 
21.94 	 0.9886321047076161 
21.96 	 0.9885190604984927 
21.98 	 0.9882256399483128 
22.0 	 0.987967396528054 
22.02 	 0.9876218235839735 
22.04 	 0.9872742672753084 
22.06 	 0.9869412337010937 
22.08 	 0.9865659404156917 
22.1 	 0.9862963435732918 
22.12 	 0.9859462758664798 
22.14 	 0.9857705562593241 
22.16 	 0.9854819818703993 
22.18 	 0.9854109496289833 
22.2 	 0.985202404020278 
22.22 	 0.9852328888982216 
22.24 	 0.9851091010220667 
22.26 	 0.9852310439165138 
22.28 	 0.985188897171277 
22.3 	 0.9853914931960555 
22.32 	 0.9854258130479994 
22.34 	 0.9857015648151297 
22.36 	 0.9858094557268399 
22.38 	 0.9861556247030234 
22.4 	 0.9863384916092479 
22.42 	 0.9867557502246921 
22.44 	 0.9870184341424927 
22.46 	 0.9875072461029607 
22.48 	 0.9878545796683906 
22.5 	 0.9884109738986051 
22.52 	 0.9888434036400817 
22.54 	 0.9894564277203101 
22.56 	 0.9899671034861346 
22.58 	 0.9906194562051267 
22.6 	 0.9911944292534122 
22.62 	 0.99186584877356 
22.64 	 0.9924870694672584 
22.66 	 0.993158415124474 
22.68 	 0.99380756107819 
22.7 	 0.9944634937435027 
22.72 	 0.995124617533714 
22.74 	 0.9957542967527772 
22.76 	 0.9964147675174955 
22.78 	 0.997011606884707 
22.8 	 0.997662374274385 
22.82 	 0.9982241441140187 
22.84 	 0.9988605062470031 
22.86 	 0.9993898128096744 
22.88 	 1.0000125346008328 
22.9 	 1.0005163018727465 
22.92 	 1.001131514429605 
22.94 	 1.0016181252538792 
22.96 	 1.0022345327794142 
22.98 	 1.0027090087297768 
23.0 	 1.003332770964669 
23.02 	 1.0037923809724292 
23.04 	 1.0044221702375355 
23.06 	 1.0048552839009754 
23.08 	 1.0054805105965943 
23.1 	 1.0058696989364446 
23.12 	 1.0064730787825658 
23.14 	 1.0068006569271042 
23.16 	 1.0073634129308935 
23.18 	 1.0076160095692452 
23.2 	 1.0081222952901452 
23.22 	 1.0082919810953266 
23.24 	 1.0087300006906181 
23.26 	 1.008812388401268 
23.28 	 1.0091726034124209 
23.3 	 1.0091649220024896 
23.32 	 1.009438427603593 
23.34 	 1.009340684759006 
23.36 	 1.0095210087340216 
23.38 	 1.009340601568067 
23.4 	 1.0094293364202047 
23.42 	 1.0091858191171703 
23.44 	 1.0091986271601112 
23.46 	 1.0089238029582603 
23.48 	 1.0088915795955342 
23.5 	 1.0086222894843864 
23.52 	 1.0085844220612574 
23.54 	 1.0083500780667867 
23.56 	 1.0083415674248728 
23.58 	 1.00815224219042 
23.6 	 1.0081904796925854 
23.62 	 1.0080314177755603 
23.64 	 1.0081087091612542 
23.66 	 1.0079435966253254 
23.68 	 1.0080282026736198 
23.7 	 1.0078092722330505 
23.72 	 1.0078536577887507 
23.74 	 1.0075346075752747 
23.76 	 1.0074875432889845 
23.78 	 1.0070357317286236 
23.8 	 1.006855151267997 
23.82 	 1.006260782821605 
23.84 	 1.0059250552187815 
23.86 	 1.0052054850166128 
23.88 	 1.0047206251200258 
23.9 	 1.0039178523553398 
23.92 	 1.0033177978937593 
23.94 	 1.0024882757126083 
23.96 	 1.0018264479806296 
23.98 	 1.0010251571186402 
24.0 	 1.000358710767347 
24.02 	 0.999622645808492 
24.04 	 0.9989945482971101 
24.06 	 0.9983320368203986 
24.08 	 0.9977578852966021 
24.1 	 0.9971483059594168 
24.12 	 0.996613275275893 
24.14 	 0.9960176383253405 
24.16 	 0.9954849843913584 
24.18 	 0.9948635537309042 
24.2 	 0.9942916585945752 
24.22 	 0.9936220510730843 
24.24 	 0.9929837431753924 
24.26 	 0.9922724950294335 
24.28 	 0.9915691816622669 
24.3 	 0.9908517740930498 
24.32 	 0.9901162882314426 
24.34 	 0.9894448134358792 
24.36 	 0.9887309293223165 
24.38 	 0.9881538157571459 
24.4 	 0.9875160919228086 
24.42 	 0.9870583142726391 
24.44 	 0.9865307093267923 
24.46 	 0.9861832356954481 
24.48 	 0.9857659178453941 
24.5 	 0.9854890555963294 
24.52 	 0.985149022099693 
24.54 	 0.9848878512155836 
24.56 	 0.984572476467008 
24.58 	 0.9842773410168434 
24.6 	 0.983934500440304 
24.62 	 0.9835781590395245 
24.64 	 0.9831747171260276 
24.66 	 0.9827601506197925 
24.68 	 0.9822923496653455 
24.7 	 0.9818493642980624 
24.72 	 0.9813422558213366 
24.74 	 0.980914858945617 
24.76 	 0.9804116373302947 
24.78 	 0.9800407553857294 
24.8 	 0.9795858143295787 
24.82 	 0.9792931357849396 
24.84 	 0.978914540109429 
24.86 	 0.9786930086882283 
24.88 	 0.9783904474387509 
24.9 	 0.9782049866697854 
24.92 	 0.9779476984677296 
24.94 	 0.9777463220267537 
24.96 	 0.9774821083152063 
24.98 	 0.9772137485325366 
25.0 	 0.9768861506739398 
25.02 	 0.9765189318416045 
25.04 	 0.9760866077020517 
25.06 	 0.9756200672529025 
25.08 	 0.9750715960585673 
25.1 	 0.974538538190578 
25.12 	 0.9738974996580647 
25.14 	 0.9733547637941976 
25.16 	 0.9726732387910799 
25.18 	 0.9721843609540755 
25.2 	 0.9715268465594735 
25.22 	 0.971142316565442 
25.24 	 0.9705653381241165 
25.26 	 0.9703072107625623 
25.28 	 0.9698417013999706 
25.3 	 0.9696982335427761 
25.32 	 0.969341233135897 
25.34 	 0.9692738530206897 
25.36 	 0.9689928829346481 
25.38 	 0.9689529101648178 
25.4 	 0.9687012489332437 
25.42 	 0.9686494101884131 
25.44 	 0.9683856306541253 
25.46 	 0.9683061064566779 
25.48 	 0.9680094085761402 
25.5 	 0.9679131162712598 
25.52 	 0.9675886071270705 
25.54 	 0.9675061658632459 
25.56 	 0.9671798893089044 
25.58 	 0.9671496338536295 
25.6 	 0.9668581972029617 
25.62 	 0.9669155947002415 
25.64 	 0.9666964233953182 
25.66 	 0.9668681638107188 
25.68 	 0.9667535267755181 
25.7 	 0.9670553888731667 
25.72 	 0.9670693862457488 
25.74 	 0.9675051949772796 
25.76 	 0.9676613319856301 
25.78 	 0.9682217953889944 
25.8 	 0.9685203404095674 
25.82 	 0.9691830670386903 
25.84 	 0.9696098262802597 
25.86 	 0.9703425337139383 
25.88 	 0.9708712157359638 
25.9 	 0.9716383384501305 
25.92 	 0.9722367638071922 
25.94 	 0.973007138883895 
25.96 	 0.9736449861859253 
25.98 	 0.9743973124116614 
26.0 	 0.9750520664520981 
26.02 	 0.9757761103835455 
26.04 	 0.9764350532414982 
26.06 	 0.9771290016515897 
26.08 	 0.9777874223812124 
26.1 	 0.9784536426162161 
26.12 	 0.9791113209574387 
26.14 	 0.9797530548178692 
26.16 	 0.9804114604074315 
26.18 	 0.9810317247886339 
26.2 	 0.9816932441410184 
26.22 	 0.9822953475660074 
26.24 	 0.9829640121265115 
26.26 	 0.9835517650890823 
26.28 	 0.9842335348024939 
26.3 	 0.9848092413850688 
26.32 	 0.9855097826241989 
26.34 	 0.9860695337023361 
26.36 	 0.9867888163181842 
26.38 	 0.9873167583551127 
26.4 	 0.9880420652069312 
26.42 	 0.9885070007487287 
26.44 	 0.9892078912290831 
26.46 	 0.9895656349958224 
26.48 	 0.990194772965369 
26.5 	 0.990397659543765 
26.52 	 0.9908995554720885 
26.54 	 0.9909109913144349 
26.56 	 0.9912370966141562 
26.58 	 0.9910457312479932 
26.6 	 0.9911705795668513 
26.62 	 0.9907974985456092 
26.64 	 0.9907287994508203 
26.66 	 0.9902232436293292 
26.68 	 0.9900004287509172 
26.7 	 0.9894243718418488 
26.72 	 0.9891048491568895 
26.74 	 0.9885120973320422 
26.76 	 0.9881502478283578 
26.78 	 0.9875686844858734 
26.8 	 0.9871962960545381 
26.82 	 0.9866206413906932 
26.84 	 0.9862368065140732 
26.86 	 0.9856343966556917 
26.88 	 0.9852083365001614 
26.9 	 0.9845348038617392 
26.92 	 0.9840194977617548 
26.94 	 0.9832378853955877 
26.96 	 0.9825888082431453 
26.98 	 0.9816855685577862 
27.0 	 0.9808782147094045 
27.02 	 0.979871513138057 
27.04 	 0.9789126175610045 
27.06 	 0.9778508054217951 
27.08 	 0.9767800267863267 
27.1 	 0.9757306602446872 
27.12 	 0.9746119160356855 
27.14 	 0.9736445940555473 
27.16 	 0.9725496211896144 
27.18 	 0.9717186530140892 
27.2 	 0.9707088628566329 
27.22 	 0.9700425149386325 
27.24 	 0.9691565147154704 
27.26 	 0.9686568113259557 
27.28 	 0.9679083054203709 
27.3 	 0.9675599506155385 
27.32 	 0.9669451063453282 
27.34 	 0.9667273633061323 
27.36 	 0.9662356773242409 
27.38 	 0.96613021528517 
27.4 	 0.9657518200095343 
27.42 	 0.9657431214711747 
27.44 	 0.9654688883505352 
27.46 	 0.9655392504297607 
27.48 	 0.9653554958560222 
27.5 	 0.9654803482553039 
27.52 	 0.9653638243188747 
27.54 	 0.9655127705640139 
27.56 	 0.9654315536751988 
27.58 	 0.9655765855044934 
27.6 	 0.9654986517438431 
27.62 	 0.9656259705512239 
27.64 	 0.9655321360033365 
27.66 	 0.965651064766566 
27.68 	 0.9655457006548009 
27.7 	 0.9656890421382343 
27.72 	 0.965602454795631 
27.74 	 0.9658167933361417 
27.76 	 0.9657970789298314 
27.78 	 0.9661265636046027 
27.8 	 0.9662238985863287 
27.82 	 0.9666942313039326 
27.84 	 0.9669441201576495 
27.86 	 0.9675531788217219 
27.88 	 0.9679653072061731 
27.9 	 0.9686834294675725 
27.92 	 0.9692396612366273 
27.94 	 0.9700181723448378 
27.96 	 0.9706789024905619 
27.98 	 0.9714624015816662 
28.0 	 0.9721773287748365 
28.02 	 0.9729147927453636 
28.04 	 0.9736334529627397 
28.06 	 0.9742849671927408 
28.08 	 0.9749637655490941 
28.1 	 0.9755023023216449 
28.12 	 0.9761071339783922 
28.14 	 0.976516991370126 
28.16 	 0.9770227042744756 
28.18 	 0.9772972267531281 
28.2 	 0.9776863513743917 
28.22 	 0.9778271120737765 
28.24 	 0.9780900380681712 
28.26 	 0.9781080121115141 
28.28 	 0.978245217657881 
28.3 	 0.9781624720971908 
28.32 	 0.9781873288559791 
28.34 	 0.9780366457277063 
28.36 	 0.977976058783722 
28.38 	 0.9777965775586612 
28.4 	 0.97768728019966 
28.42 	 0.9775164527592324 
28.44 	 0.9773969998127607 
28.46 	 0.9772615337589232 
28.48 	 0.9771625637009318 
28.5 	 0.9770720289985699 
28.52 	 0.9770085711068435 
28.54 	 0.9769543265944439 
28.56 	 0.9769231034642196 
28.58 	 0.976882856204191 
28.6 	 0.9768653064295038 
28.62 	 0.9768113615221999 
28.64 	 0.976780851877266 
28.66 	 0.9766890478847867 
28.68 	 0.976619546369938 
28.7 	 0.9764761992422133 
28.72 	 0.9763497750323941 
28.74 	 0.9761551203088792 
28.76 	 0.9759665623478948 
28.78 	 0.9757344562545094 
28.8 	 0.975492414256856 
28.82 	 0.9752469615422067 
28.84 	 0.9749718865713354 
28.86 	 0.9747421198887468 
28.88 	 0.9744618180694467 
28.9 	 0.9742757064986614 
28.92 	 0.9740196216768761 
28.94 	 0.9738986861348136 
28.96 	 0.9736921954256221 
28.98 	 0.9736478712453368 
29.0 	 0.9735078805784529 
29.02 	 0.9735404002499088 
29.04 	 0.9734732427511966 
29.06 	 0.9735731732104332 
29.08 	 0.973575190889065 
29.1 	 0.9737269930283676 
29.12 	 0.9737873737723691 
29.14 	 0.973973757189863 
29.16 	 0.9740785217610772 
29.18 	 0.9742842185686537 
29.2 	 0.974419998510255 
29.22 	 0.9746339355454262 
29.24 	 0.9747904346775464 
29.26 	 0.9750059577511017 
29.28 	 0.9751765907965564 
29.3 	 0.9753900958423166 
29.32 	 0.9755709850012564 
29.34 	 0.9757798092631207 
29.36 	 0.9759678734245069 
29.38 	 0.9761684804321638 
29.4 	 0.976359633523882 
29.42 	 0.9765469425051603 
29.44 	 0.976735330443557 
29.46 	 0.976903505894268 
29.48 	 0.977082219992235 
29.5 	 0.977226500703427 
29.52 	 0.9773894437376605 
29.54 	 0.9775079846869565 
29.56 	 0.9776518862972429 
29.58 	 0.9777464823791872 
29.6 	 0.9778718732132741 
29.62 	 0.9779469707248467 
29.64 	 0.9780574091280594 
29.66 	 0.9781177416919192 
29.68 	 0.9782175219180261 
29.7 	 0.9782655160586253 
29.72 	 0.9783569593303479 
29.74 	 0.9783912687103591 
29.76 	 0.9784730074439414 
29.78 	 0.9784890048043232 
29.8 	 0.9785562178183091 
29.82 	 0.9785482542778582 
29.84 	 0.9785948050265229 
29.86 	 0.9785590554216693 
29.88 	 0.9785804259670398 
29.9 	 0.9785166946579721 
29.92 	 0.9785120373840819 
29.94 	 0.9784232720938884 
29.96 	 0.978395151452949 
29.98 	 0.9782845000920519 
30.0 	 0.9782359383539788 
30.02 	 0.9781025386981279 
30.04 	 0.9780324107590886 
30.06 	 0.9778680985547054 
30.08 	 0.9777670994412843 
30.1 	 0.9775563008091702 
30.12 	 0.9774060057316503 
30.14 	 0.9771300240262737 
30.16 	 0.9769066525419441 
30.18 	 0.9765516496535933 
30.2 	 0.9762342237424371 
30.22 	 0.9758001778747801 
30.24 	 0.9753805343821454 
30.26 	 0.9748872857950609 
30.28 	 0.9743778711828952 
30.3 	 0.9738648130086228 
30.32 	 0.9733002769943425 
30.34 	 0.9728184784285299 
30.36 	 0.9722491637152546 
30.38 	 0.9718480158434327 
30.4 	 0.9713269149380567 
30.42 	 0.9710402566989406 
30.44 	 0.9706082840028051 
30.46 	 0.9704457393286064 
30.48 	 0.9701213670758652 
30.5 	 0.9700685466204821 
30.52 	 0.9698460318284389 
30.54 	 0.9698732068700203 
30.56 	 0.9697296262332361 
30.58 	 0.9698046384705825 
30.6 	 0.9697119501053745 
30.62 	 0.9698115571339514 
30.64 	 0.9697480435297924 
30.66 	 0.9698632786854912 
30.68 	 0.9698197476757289 
30.7 	 0.969954195703536 
30.72 	 0.9699333876190845 
30.74 	 0.97009667592236 
30.76 	 0.9701077058104289 
30.78 	 0.9703083144600972 
30.8 	 0.9703599773234425 
30.82 	 0.9706009681795128 
30.84 	 0.9706974949627251 
30.86 	 0.9709764745956224 
30.88 	 0.9711172274615694 
30.9 	 0.9714292475592097 
30.92 	 0.9716112856278383 
30.94 	 0.971951985728633 
30.96 	 0.9721729719582384 
30.98 	 0.9725397390562407 
31.0 	 0.9727990054825375 
31.02 	 0.973189674935127 
31.04 	 0.97348689816228 
31.06 	 0.9738972440707152 
31.08 	 0.9742298611689792 
31.1 	 0.9746517634981189 
31.12 	 0.9750129428652888 
31.14 	 0.9754345021946458 
31.16 	 0.9758129697969761 
31.18 	 0.9762205988884934 
31.2 	 0.9766024694157915 
31.22 	 0.9769839606837738 
31.24 	 0.9773557125433446 
31.26 	 0.9777029474203315 
31.28 	 0.9780542831844931 
31.3 	 0.9783645932146715 
31.32 	 0.9786901656340852 
31.34 	 0.9789660495563453 
31.36 	 0.9792656456793137 
31.38 	 0.9795132226778749 
31.4 	 0.979790655088947 
31.42 	 0.9800176216115881 
31.44 	 0.9802789988291085 
31.46 	 0.9804928339282228 
31.48 	 0.9807449147258415 
31.5 	 0.9809517145956191 
31.52 	 0.9812007306982139 
31.54 	 0.9814045998750326 
31.56 	 0.9816555032787231 
31.58 	 0.9818581928805634 
31.6 	 0.9821140601356961 
31.62 	 0.9823146564094133 
31.64 	 0.9825761020846663 
31.66 	 0.9827708711723822 
31.68 	 0.9830356240874832 
31.7 	 0.9832182834990622 
31.72 	 0.9834812303849887 
31.74 	 0.9836437435387135 
31.76 	 0.9838975465821079 
31.78 	 0.9840311511705004 
31.8 	 0.9842671346828874 
31.82 	 0.9843630837705365 
31.84 	 0.9845718391043622 
31.86 	 0.9846215400168953 
31.88 	 0.9847929121522676 
31.9 	 0.984787718177139 
31.92 	 0.9849104406293825 
31.94 	 0.9848418614597857 
31.96 	 0.984903664255393 
31.98 	 0.9847647513826737 
32.0 	 0.9847537940711963 
32.02 	 0.9845418025608217 
32.04 	 0.9844496291739585 
32.06 	 0.9841691120418737 
32.08 	 0.983994327243735 
32.1 	 0.9836591973799707 
32.12 	 0.9834103465465369 
32.14 	 0.9830435930982062 
32.16 	 0.9827397788251478 
32.18 	 0.9823704197711894 
32.2 	 0.9820390203406596 
32.22 	 0.9816970210006453 
32.24 	 0.9813690341709524 
32.26 	 0.9810797009452294 
32.28 	 0.9807840932894262 
32.3 	 0.9805635060279126 
32.32 	 0.9803221145319015 
32.34 	 0.980174591215833 
32.36 	 0.9799986638641097 
32.38 	 0.9799164859606039 
32.4 	 0.9798052618661273 
32.42 	 0.9797703426839555 
32.44 	 0.9797115592002547 
32.46 	 0.9796985446844987 
32.48 	 0.9796705514878253 
32.5 	 0.9796508631674559 
32.52 	 0.9796259981454731 
32.54 	 0.9795723658805338 
32.56 	 0.979521235594334 
32.58 	 0.9794122505766171 
32.6 	 0.9793085011600408 
32.62 	 0.9791326786078887 
32.64 	 0.9789577620004146 
32.66 	 0.9787165545804699 
32.68 	 0.9784638818418652 
32.7 	 0.9781730111124896 
32.72 	 0.9778507120573716 
32.74 	 0.9775391482092135 
32.76 	 0.9771705134118503 
32.78 	 0.9768766411357578 
32.8 	 0.9764974706867495 
32.82 	 0.9762626350287201 
32.84 	 0.9759154101294976 
32.86 	 0.975776059842487 
32.88 	 0.9755020123847153 
32.9 	 0.9754825637342172 
32.92 	 0.9753138112749616 
32.94 	 0.9754224974889667 
32.96 	 0.9753767187730534 
32.98 	 0.9756057520192495 
33.0 	 0.9756850312618149 
33.02 	 0.9760147282683456 
33.04 	 0.9762085239600713 
33.06 	 0.9766134909620097 
33.08 	 0.9769040546046526 
33.1 	 0.9773589089008408 
33.12 	 0.97772672490832 
33.14 	 0.9782093903162223 
33.16 	 0.9786366023603367 
33.18 	 0.9791285210573254 
33.2 	 0.9795994712571965 
33.22 	 0.980083390902322 
33.24 	 0.9805826519529163 
33.26 	 0.9810394470141788 
33.28 	 0.9815485829962702 
33.3 	 0.9819547636804853 
33.32 	 0.9824494129233832 
33.34 	 0.982776735734567 
33.36 	 0.9832255764739443 
33.38 	 0.9834436002029571 
33.4 	 0.983810346573743 
33.42 	 0.9838918324309546 
33.44 	 0.9841404950618969 
33.46 	 0.9840683144674968 
33.48 	 0.9841706129586182 
33.5 	 0.9839437804046817 
33.52 	 0.9838863356817108 
33.54 	 0.9835226262560809 
33.56 	 0.983311168181878 
33.58 	 0.9828448671714799 
33.6 	 0.982503614941382 
33.62 	 0.981978879954194 
33.64 	 0.9815451595978483 
33.66 	 0.9810072614601499 
33.68 	 0.9805233358774255 
33.7 	 0.9800107367916597 
33.72 	 0.9795157322061501 
33.74 	 0.9790552621247411 
33.76 	 0.9785795863457775 
33.78 	 0.9781853902497817 
33.8 	 0.9777485750989281 
33.82 	 0.9774239574175634 
33.84 	 0.977035332157485 
33.86 	 0.9767759005064043 
33.88 	 0.9764367244847655 
33.9 	 0.9762335247438855 
33.92 	 0.9759394142347614 
33.94 	 0.975781605201924 
33.96 	 0.9755248680990802 
33.98 	 0.9754021655893207 
34.0 	 0.9751742756256053 
34.02 	 0.9750793980172797 
34.04 	 0.9748737863709539 
34.06 	 0.9748045531308651 
34.08 	 0.9746192643612905 
34.1 	 0.9745794481486195 
34.12 	 0.9744186192302465 
34.14 	 0.9744167471371645 
34.16 	 0.9742899494212112 
34.18 	 0.9743360799629222 
34.2 	 0.9742554106065733 
34.22 	 0.9743569560152512 
34.24 	 0.9743328556902269 
34.26 	 0.9744910654329121 
34.28 	 0.9745284622231732 
34.3 	 0.9747368978494828 
34.32 	 0.9748330862131869 
34.34 	 0.9750785414831024 
34.36 	 0.9752234161891024 
34.38 	 0.9754888184237012 
34.4 	 0.9756672092137809 
34.42 	 0.9759354915937987 
34.44 	 0.976130771408201 
34.46 	 0.9763885944253927 
34.48 	 0.9765865276442225 
34.5 	 0.9768268872890231 
34.52 	 0.977018715921136 
34.54 	 0.9772417668841036 
34.56 	 0.9774257118089343 
34.58 	 0.9776375477004167 
34.6 	 0.9778182602318893 
34.62 	 0.978027949862205 
34.64 	 0.9782140215952138 
34.66 	 0.9784297901246446 
34.68 	 0.9786300938388515 
34.7 	 0.9788558927439034 
34.72 	 0.9790759834850808 
34.74 	 0.9793095513088487 
34.76 	 0.979549301235485 
34.78 	 0.9797821530993156 
34.8 	 0.9800351720922206 
34.82 	 0.9802540913219996 
34.84 	 0.9805086161876797 
34.86 	 0.9806976774615309 
34.88 	 0.9809380397388081 
34.9 	 0.9810803389407269 
34.92 	 0.9812882448879661 
34.94 	 0.9813672440513626 
34.96 	 0.9815228352575118 
34.98 	 0.9815239735435766 
35.0 	 0.9816073963834863 
35.02 	 0.9815207101642142 
35.04 	 0.9815150205451679 
35.06 	 0.9813387532144502 
35.08 	 0.9812341895906442 
35.1 	 0.9809782384519482 
35.12 	 0.9807766846634929 
35.14 	 0.9804640759640678 
35.16 	 0.9801817667082956 
35.18 	 0.9798467358746383 
35.2 	 0.9795135341545613 
35.22 	 0.979196073571938 
35.24 	 0.9788508810761961 
35.26 	 0.9785890881582467 
35.28 	 0.978272463491732 
35.3 	 0.9780949227147466 
35.32 	 0.9778410255377513 
35.34 	 0.977761450489502 
35.36 	 0.9775916180953345 
35.38 	 0.977607209379277 
35.4 	 0.9775268819215612 
35.42 	 0.9776207125348394 
35.44 	 0.9776203790258168 
35.46 	 0.9777669738970776 
35.48 	 0.9778266550621705 
35.5 	 0.9779990623330403 
35.52 	 0.9780948639777323 
35.54 	 0.9782711371722834 
35.56 	 0.9783818537915985 
35.58 	 0.9785491174206493 
35.6 	 0.978660935864459 
35.62 	 0.9788160605415313 
35.64 	 0.9789241304088109 
35.66 	 0.9790712236325132 
35.68 	 0.9791779929861352 
35.7 	 0.9793239791361231 
35.72 	 0.9794353163014335 
35.74 	 0.979585427676975 
35.76 	 0.9797062334895942 
35.78 	 0.9798610794900632 
35.8 	 0.9799921029853437 
35.82 	 0.9801472322225749 
35.84 	 0.9802841807323274 
35.86 	 0.9804320237204392 
35.88 	 0.9805670828531247 
35.9 	 0.9807002563311883 
35.92 	 0.9808251882175371 
35.94 	 0.9809396837859795 
35.96 	 0.9810491040401009 
35.98 	 0.9811460324692898 
36.0 	 0.9812394867002937 
36.02 	 0.9813247352112492 
36.04 	 0.98140678931459 
36.06 	 0.98148887243931 
36.08 	 0.9815673292518989 
36.1 	 0.9816544469498321 
36.12 	 0.9817375744471818 
36.14 	 0.9818350935083136 
36.16 	 0.9819290296416407 
36.18 	 0.9820382394020041 
36.2 	 0.9821454611591222 
36.22 	 0.9822638170333543 
36.24 	 0.9823829993458519 
36.26 	 0.982505546346116 
36.28 	 0.9826326558491277 
36.3 	 0.9827540894574179 
36.32 	 0.9828843060111786 
36.34 	 0.983001059349906 
36.36 	 0.9831309710997843 
36.38 	 0.9832426524082144 
36.4 	 0.9833719974529448 
36.42 	 0.9834815054889535 
36.44 	 0.9836136527025492 
36.46 	 0.9837256062949244 
36.48 	 0.9838662513695903 
36.5 	 0.9839840453735627 
36.52 	 0.9841383046946416 
36.54 	 0.984260823442222 
36.56 	 0.9844296868091471 
36.58 	 0.9845489826086072 
36.6 	 0.9847264335908229 
36.62 	 0.9848273260273535 
36.64 	 0.9849991717803972 
36.66 	 0.9850610371084969 
36.68 	 0.9852058981489459 
36.7 	 0.9852063499988313 
36.72 	 0.9852987644531753 
36.74 	 0.9852186261338963 
36.76 	 0.9852339193731522 
36.78 	 0.9850626269561172 
36.8 	 0.9849828307014739 
36.82 	 0.9847229855948915 
36.84 	 0.9845424855054398 
36.86 	 0.9842119228590149 
36.88 	 0.9839409658027854 
36.9 	 0.983570966358442 
36.92 	 0.9832352914472021 
36.94 	 0.9828647373956909 
36.96 	 0.9825007578472688 
36.98 	 0.9821677138665434 
37.0 	 0.9818144671485367 
37.02 	 0.981547909880949 
37.04 	 0.98123841935235 
37.06 	 0.9810528496399762 
37.08 	 0.9808077477886796 
37.1 	 0.9807021848250637 
37.12 	 0.9805273720206081 
37.14 	 0.9804884944772471 
37.16 	 0.9803769576309916 
37.18 	 0.980384820583026 
37.2 	 0.980321377054899 
37.22 	 0.9803556368292773 
37.24 	 0.9803227370128869 
37.26 	 0.9803675633263986 
37.28 	 0.9803503360170445 
37.3 	 0.980396883780855 
37.32 	 0.9803861316693521 
37.34 	 0.9804323468528339 
37.36 	 0.9804250258290979 
37.38 	 0.9804734584613373 
37.4 	 0.9804710987575823 
37.42 	 0.9805259919984893 
37.44 	 0.980532200186955 
37.46 	 0.9805971304927277 
37.48 	 0.9806154101574007 
37.5 	 0.9806921563225858 
37.52 	 0.9807247557537584 
37.54 	 0.9808132453320019 
37.56 	 0.9808609451197992 
37.58 	 0.9809595982362064 
37.6 	 0.9810218272654914 
37.62 	 0.9811276889589693 
37.64 	 0.9812024128001909 
37.66 	 0.9813109817401 
37.68 	 0.9813943026739196 
37.7 	 0.9814994669708825 
37.72 	 0.9815853651023356 
37.74 	 0.9816799549854641 
37.76 	 0.9817607025618663 
37.78 	 0.9818378251999664 
37.8 	 0.9819052751667098 
37.82 	 0.9819600948197111 
37.84 	 0.9820075473403596 
37.86 	 0.982038861443072 
37.88 	 0.9820628780776459 
37.9 	 0.9820738735368072 
37.92 	 0.9820753942960857 
37.94 	 0.9820732697086189 
37.96 	 0.9820576367766615 
37.98 	 0.9820521657927047 
38.0 	 0.9820280207878249 
38.02 	 0.9820294671523835 
38.04 	 0.9820068417907151 
38.06 	 0.9820238396625712 
38.08 	 0.9820120164729351 
38.1 	 0.9820500457181324 
38.12 	 0.9820558449319517 
38.14 	 0.9821167269449343 
38.16 	 0.9821437184323899 
38.18 	 0.9822261778739557 
38.2 	 0.9822749540147445 
38.22 	 0.9823758856668867 
38.24 	 0.9824451117798263 
38.26 	 0.9825609480197769 
38.28 	 0.9826486263947831 
38.3 	 0.9827762282345226 
38.32 	 0.9828805900102708 
38.34 	 0.9830173487282471 
38.36 	 0.9831370072998512 
38.38 	 0.9832802064806723 
38.4 	 0.983413547381135 
38.42 	 0.9835593468245173 
38.44 	 0.9837034530106147 
38.46 	 0.9838460181588088 
38.48 	 0.9839956338705039 
38.5 	 0.9841269097827371 
38.52 	 0.9842739758646272 
38.54 	 0.9843844043076604 
38.56 	 0.9845185426317055 
38.58 	 0.9845987006119032 
38.6 	 0.984708724933853 
38.62 	 0.9847515210966359 
38.64 	 0.9848276968524332 
38.66 	 0.984830510723208 
38.68 	 0.9848669888437892 
38.7 	 0.9848330578765757 
38.72 	 0.9848297565368865 
38.74 	 0.9847682356993019 
38.76 	 0.9847314869872786 
38.78 	 0.9846559169507334 
38.8 	 0.9845974551146702 
38.82 	 0.9845228439371295 
38.84 	 0.984457182829034 
38.86 	 0.9843964358217813 
38.88 	 0.9843372765920997 
38.9 	 0.9842980986604376 
38.92 	 0.9842549005224055 
38.94 	 0.9842382913903783 
38.96 	 0.9842142327106631 
38.98 	 0.984215168453582 
39.0 	 0.9842072551418963 
39.02 	 0.9842172639595614 
39.04 	 0.9842184557168016 
39.06 	 0.9842289891052403 
39.08 	 0.9842313551513961 
39.1 	 0.9842365796164784 
39.12 	 0.9842341370245953 
39.14 	 0.9842321789530927 
39.16 	 0.9842223901109196 
39.18 	 0.9842148951669503 
39.2 	 0.9841985731353577 
39.22 	 0.9841891960302936 
39.24 	 0.9841693105443079 
39.26 	 0.9841620395177079 
39.28 	 0.9841422391688116 
39.3 	 0.984140231217015 
39.32 	 0.9841237284933382 
39.34 	 0.9841288513451827 
39.36 	 0.9841178939488934 
39.38 	 0.9841307830028967 
39.4 	 0.9841265785737686 
39.42 	 0.9841469015221975 
39.44 	 0.9841497464308737 
39.46 	 0.9841764725736689 
39.48 	 0.9841859164773024 
39.5 	 0.9842175421190213 
39.52 	 0.9842325478781603 
39.54 	 0.9842673078852069 
39.56 	 0.9842864298758512 
39.58 	 0.9843225156010479 
39.6 	 0.9843441076272473 
39.62 	 0.9843798701540285 
39.64 	 0.9844022967853026 
39.66 	 0.9844363920328594 
39.68 	 0.9844581963591755 
39.7 	 0.9844896331175876 
39.72 	 0.984509614845581 
39.74 	 0.984537679667988 
39.76 	 0.9845548428478655 
39.78 	 0.9845788783368312 
39.8 	 0.9845921987336526 
39.82 	 0.9846111873240424 
39.84 	 0.9846190953086305 
39.86 	 0.9846308888128045 
39.88 	 0.9846301332950752 
39.9 	 0.9846296588521649 
39.92 	 0.9846120485614851 
39.94 	 0.9845847717211417 
39.96 	 0.9845209036196714 
39.98 	 0.9843863185881679 
40.0 	 0.984225886854702 
