0.0 	 0.0 
0.02 	 2.136383837951679e-05 
0.04 	 4.272767675903358e-05 
0.06 	 6.409151513855037e-05 
0.08 	 8.545535351806716e-05 
0.1 	 0.00010681919189758396 
0.12 	 0.00012818303027710073 
0.14 	 0.00014954686865661752 
0.16 	 0.0001709107070361343 
0.18 	 0.00019227454541565107 
0.2 	 0.00021363838379516792 
0.22 	 0.0 
0.24 	 0.0 
0.26 	 0.0 
0.28 	 0.00029909373731323505 
0.3 	 0.0 
0.32 	 0.0 
0.34 	 0.0 
0.36 	 0.0 
0.38 	 0.0 
0.4 	 0.0 
0.42 	 0.0 
0.44 	 0.0 
0.46 	 0.0 
0.48 	 0.0 
0.5 	 0.0 
0.52 	 0.0 
0.54 	 0.0 
0.56 	 0.0 
0.58 	 0.0 
0.6 	 0.0 
0.62 	 0.0 
0.64 	 0.0 
0.66 	 0.0 
0.68 	 0.0 
0.7 	 0.0 
0.72 	 0.0 
0.74 	 0.0 
0.76 	 0.0 
0.78 	 0.0008331896968011548 
0.8 	 0.0012085211992263795 
0.82 	 0.0015171333942385337 
0.84 	 0.0021978811250383664 
0.86 	 0.003437255038350235 
0.88 	 0.004974059499374113 
0.9 	 0.007258204920025561 
0.92 	 0.01053867558401386 
0.94 	 0.015128297986352228 
0.96 	 0.021412322005342283 
0.98 	 0.029976594283982368 
1.0 	 0.04137089512746768 
1.02 	 0.056310113655892675 
1.04 	 0.07555070059482089 
1.06 	 0.09989153081291297 
1.08 	 0.13014757057784976 
1.1 	 0.1670872410119316 
1.12 	 0.2113896697083924 
1.14 	 0.263586304614909 
1.16 	 0.32400105127595197 
1.18 	 0.39271369563239 
1.2 	 0.4695139854651684 
1.22 	 0.5538881725317626 
1.24 	 0.6450202972675805 
1.26 	 0.7418154051991015 
1.28 	 0.8429457455822776 
1.3 	 0.9469001228945642 
1.32 	 1.052057994425774 
1.34 	 1.156767086927908 
1.36 	 1.2594032932363304 
1.38 	 1.358452203136713 
1.4 	 1.4525551325217996 
1.42 	 1.540571011832661 
1.44 	 1.6216237732362264 
1.46 	 1.6951745052260132 
1.48 	 1.7611259646573687 
1.5 	 1.8200417563282323 
1.52 	 1.873514683052738 
1.54 	 1.9248727611871006 
1.56 	 1.9803837704494456 
1.58 	 2.051329531704425 
1.6 	 2.1573948268630416 
1.62 	 2.3320983180268624 
1.64 	 2.6311828932451253 
1.66 	 3.1452489477478682 
1.68 	 4.01810661867033 
1.7 	 5.472663095533421 
1.72 	 7.8459466169117125 
1.74 	 11.635093640846842 
1.76 	 17.554129793095882 
1.78 	 26.60270114478514 
1.8 	 40.139367051654716 
1.82 	 59.96349697626627 
1.84 	 88.37432197451942 
1.86 	 128.24140479033696 
1.88 	 182.97190531179098 
1.9 	 256.5552532380353 
1.92 	 353.2832545543809 
1.94 	 477.8546001639666 
1.96 	 634.5564368382087 
1.98 	 827.7953661138638 
2.0 	 1060.2031147430116 
2.02 	 1334.474099919589 
2.04 	 1649.4723814488534 
2.06 	 2004.8838270026322 
2.08 	 2393.997352640134 
2.1 	 2813.0286181216716 
2.12 	 3249.200127448737 
2.14 	 3696.095697916821 
2.16 	 4136.448722101499 
2.18 	 4563.225355379947 
2.2 	 4958.256127033722 
2.22 	 5316.367685177635 
2.24 	 5622.992158865137 
2.26 	 5876.819458221674 
2.28 	 6070.583261391194 
2.3 	 6207.672051902389 
2.32 	 6289.562615309546 
2.34 	 6323.876995701768 
2.36 	 6319.65461212205 
2.38 	 6287.410395549197 
2.4 	 6240.770767138358 
2.42 	 6191.596977675355 
2.44 	 6154.635496844926 
2.46 	 6141.811851781417 
2.48 	 6165.901418093583 
2.5 	 6237.894845230424 
2.52 	 6365.959453724574 
2.54 	 6559.169584846841 
2.56 	 6818.611591894878 
2.58 	 7150.381909596375 
2.6 	 7546.250981416344 
2.62 	 8008.555173988103 
2.64 	 8518.567981841243 
2.66 	 9074.984096298063 
2.68 	 9649.679696161898 
2.7 	 10239.06989720347 
2.72 	 10809.774526447702 
2.74 	 11358.20700556178 
2.76 	 11852.35402113532 
2.78 	 12290.923439389107 
2.8 	 12650.328427053482 
2.82 	 12932.909472967727 
2.84 	 13128.314123063623 
2.86 	 13242.349755876501 
2.88 	 13278.59962086027 
2.9 	 13244.81201499464 
2.92 	 13155.19513125953 
2.94 	 13017.32686565891 
2.96 	 12850.65236681793 
2.98 	 12660.935601747215 
3.0 	 12467.904873385029 
3.02 	 12275.147184336036 
3.04 	 12099.803468505506 
3.06 	 11944.365709774447 
3.08 	 11822.734079269308 
3.1 	 11738.288142239131 
3.12 	 11702.164772968079 
3.14 	 11720.534882035192 
3.16 	 11801.840124560276 
3.18 	 11955.883937971517 
3.2 	 12186.84461208993 
3.22 	 12507.393147594938 
3.24 	 12913.91960569518 
3.26 	 13419.82151972176 
3.28 	 14009.14883964025 
3.3 	 14693.517267151816 
3.32 	 15441.15228871696 
3.34 	 16260.303707163539 
3.36 	 17103.507167015894 
3.38 	 17975.76916095241 
3.4 	 18819.434145835123 
3.42 	 19637.860551797894 
3.44 	 20373.693124383102 
3.46 	 21030.658596151923 
3.48 	 21564.190753350853 
3.5 	 21979.650374572906 
3.52 	 22255.117136982255 
3.54 	 22397.42117979386 
3.56 	 22410.558327046154 
3.58 	 22301.257033615013 
3.6 	 22095.11038345235 
3.62 	 21796.41543634305 
3.64 	 21442.964443717727 
3.66 	 21034.552126686012 
3.68 	 20611.051576520833 
3.7 	 20166.879505292913 
3.72 	 19736.778992799358 
3.74 	 19310.47904310808 
3.76 	 18914.614770852237 
3.78 	 18536.149039967993 
3.8 	 18194.093959715334 
3.82 	 17875.092714287497 
3.84 	 17592.84328642033 
3.86 	 17336.04765035423 
3.88 	 17115.781159851096 
3.9 	 16924.861575430958 
3.92 	 16773.91110285116 
3.94 	 16661.530761328213 
3.96 	 16598.9342617854 
3.98 	 16591.567442569256 
4.0 	 16650.52012031727 
4.02 	 16787.99971214695 
4.04 	 17011.82987286522 
4.06 	 17339.13581299183 
4.08 	 17768.71997626584 
4.1 	 18318.942030138478 
4.12 	 18972.308055359896 
4.14 	 19743.84569599072 
4.16 	 20593.806567264575 
4.18 	 21530.202849726484 
4.2 	 22490.410363257488 
4.22 	 23474.202199399617 
4.24 	 24404.14992243858 
4.26 	 25273.424379906664 
4.28 	 26006.733309502408 
4.3 	 26594.240783460267 
4.32 	 26983.94891229981 
4.34 	 27167.00322752306 
4.36 	 27131.610868033953 
4.38 	 26872.660859982418 
4.4 	 26423.121781226564 
4.42 	 25781.845591589845 
4.44 	 25016.18503007108 
4.46 	 24126.243623248905 
4.48 	 23193.551540576922 
4.5 	 22215.092853748443 
4.52 	 21266.147119528167 
4.54 	 20337.09036509662 
4.56 	 19484.2404568715 
4.58 	 18690.809650164018 
4.6 	 17991.37634204566 
4.62 	 17364.456758203447 
4.64 	 16827.18163636434 
4.66 	 16357.241815813904 
4.68 	 15961.117384138528 
4.7 	 15619.026464620021 
4.72 	 15332.663718275368 
4.74 	 15086.517747031783 
4.76 	 14881.004559229492 
4.78 	 14704.934421604828 
4.8 	 14558.667647140805 
4.82 	 14434.173744121019 
4.84 	 14331.423586811625 
4.86 	 14243.735550295603 
4.88 	 14169.630055842785 
4.9 	 14101.792422780958 
4.92 	 14036.285510084668 
4.94 	 13963.470681790664 
4.96 	 13876.758707056359 
4.98 	 13763.331050436022 
5.0 	 13615.21746053634 
5.02 	 13416.936520297115 
5.04 	 13162.100689773963 
5.06 	 12834.685919262494 
5.08 	 12433.941613305971 
5.1 	 11946.599344580382 
5.12 	 11381.160087108594 
5.14 	 10730.403197535436 
5.16 	 10013.344482023485 
5.18 	 9230.536037845715 
5.2 	 8409.217454821865 
5.22 	 7556.760744727791 
5.24 	 6703.237835247636 
5.26 	 5859.354340959904 
5.28 	 5051.612866154311 
5.3 	 4289.538645931319 
5.32 	 3591.232524569601 
5.34 	 2961.524715033906 
5.36 	 2408.4597692484585 
5.38 	 1930.9926342891606 
5.4 	 1528.5720128416222 
5.42 	 1195.4170020879135 
5.44 	 925.6257880099022 
5.46 	 711.0701147035974 
5.48 	 543.9090341020384 
5.5 	 416.0171070815907 
5.52 	 320.08932557021444 
5.54 	 249.5088034053305 
5.56 	 198.72527020121737 
5.58 	 163.16096812102825 
5.6 	 139.25549573455365 
5.62 	 124.35116229248484 
5.64 	 116.63214427287052 
5.66 	 115.03496137016317 
5.68 	 119.20010499671483 
5.7 	 129.44465036744867 
5.72 	 146.76048643485257 
5.74 	 172.84211675979432 
5.76 	 210.09576799422396 
5.78 	 261.67247325731233 
5.8 	 331.39027693729275 
5.82 	 423.70832244622864 
5.84 	 543.4107667594927 
5.86 	 695.5176283072645 
5.88 	 884.537279383823 
5.9 	 1114.5012844558998 
5.92 	 1387.5526642215907 
5.94 	 1704.6246976239333 
5.96 	 2063.0740656122616 
5.98 	 2458.870622681921 
6.0 	 2882.9318825329465 
6.02 	 3325.753850356398 
6.04 	 3772.1877362692653 
6.06 	 4208.892975534142 
6.08 	 4617.694646258673 
6.1 	 4985.048421449164 
6.12 	 5294.814251198792 
6.14 	 5537.618167459282 
6.16 	 5704.503422521601 
6.18 	 5793.550909472897 
6.2 	 5805.908854953835 
6.22 	 5747.860161927459 
6.24 	 5630.01888018052 
6.26 	 5464.847363582561 
6.28 	 5268.740728189793 
6.3 	 5056.698320570027 
6.32 	 4846.20615793202 
6.34 	 4651.411995187173 
6.36 	 4487.450806601634 
6.38 	 4365.9831778115895 
6.4 	 4298.723778011356 
6.42 	 4295.245895084269 
6.44 	 4364.627682796142 
6.46 	 4515.775012735139 
6.48 	 4756.075759006928 
6.5 	 5094.581834980844 
6.52 	 5536.303175678535 
6.54 	 6089.469295578616 
6.56 	 6753.612572891525 
6.58 	 7533.532877191058 
6.6 	 8418.695448645316 
6.62 	 9407.79876750157 
6.64 	 10476.599394188668 
6.66 	 11617.081967828744 
6.68 	 12791.3871271965 
6.7 	 13987.470314247363 
6.72 	 15159.128428743636 
6.74 	 16295.624674368966 
6.76 	 17351.7290459169 
6.78 	 18323.68893971691 
6.8 	 19177.05912450344 
6.82 	 19918.407762813695 
6.84 	 20530.188536095488 
6.86 	 21028.757627540355 
6.88 	 21413.46879001903 
6.9 	 21706.502746444035 
6.92 	 21918.773064301124 
6.94 	 22073.00222293429 
6.96 	 22184.292457246404 
6.98 	 22271.91391970603 
7.0 	 22349.452523908185 
7.02 	 22431.812646659913 
7.04 	 22529.1045576434 
7.06 	 22654.34232791403 
7.08 	 22815.753000537872 
7.1 	 23029.340298420175 
7.12 	 23304.687316966752 
7.14 	 23666.397040155472 
7.16 	 24127.578160871093 
7.18 	 24725.90147938329 
7.2 	 25476.258516292568 
7.22 	 26431.026011239686 
7.24 	 27598.901374191308 
7.26 	 29044.892527377582 
7.28 	 30756.511061643214 
7.3 	 32806.39017569701 
7.32 	 35140.92529549511 
7.34 	 37835.10869677658 
7.36 	 40775.08411649839 
7.38 	 44035.87029686049 
7.4 	 47433.622246584666 
7.42 	 51045.21267748024 
7.44 	 54624.99367048905 
7.46 	 58255.4934810732 
7.48 	 61659.26668181012 
7.5 	 64926.0834167391 
7.52 	 67793.72189185655 
7.54 	 70355.73728386725 
7.56 	 72415.14290323164 
7.58 	 74061.51934755761 
7.6 	 75197.89286892391 
7.62 	 75901.13052107014 
7.64 	 76180.33987715613 
7.66 	 76093.05135215263 
7.68 	 75730.61562521629 
7.7 	 75128.01983882643 
7.72 	 74416.8562839216 
7.74 	 73609.97451074231 
7.76 	 72836.7208040832 
7.78 	 72091.99443089649 
7.8 	 71473.91416225956 
7.82 	 70967.30654940469 
7.84 	 70628.21801017449 
7.86 	 70441.69024140909 
7.88 	 70424.93967017067 
7.9 	 70573.31609005085 
7.92 	 70874.35908473725 
7.94 	 71340.68328979854 
7.96 	 71937.70832066983 
7.98 	 72697.21338547317 
8.0 	 73564.72738676374 
8.02 	 74588.0139463822 
8.04 	 75690.61224328968 
8.06 	 76929.83081109282 
8.08 	 78205.36799851022 
8.1 	 79577.09537160676 
8.12 	 80924.66821746562 
8.14 	 82305.35443792737 
8.16 	 83591.27959250682 
8.18 	 84835.02063333103 
8.2 	 85921.04081405418 
8.22 	 86898.5536936787 
8.24 	 87685.787299193 
8.26 	 88333.35629586173 
8.28 	 88808.1713879522 
8.3 	 89170.45124202204 
8.32 	 89437.1442184923 
8.34 	 89689.38324776142 
8.36 	 89978.52414453618 
8.38 	 90419.89784586873 
8.4 	 91067.32600832135 
8.42 	 92083.74880603263 
8.44 	 93480.46849402635 
8.46 	 95480.02498038535 
8.48 	 97997.5424328704 
8.5 	 101325.85409956262 
8.52 	 105227.54789113962 
8.54 	 110077.09434759628 
8.56 	 115435.33643650239 
8.58 	 121771.71972451663 
8.6 	 128418.24842304595 
8.62 	 135951.63530343585 
8.64 	 143486.93460561664 
8.66 	 151710.93733861024 
8.68 	 159582.6876628556 
8.7 	 167883.36897636592 
8.72 	 175518.8414956227 
8.74 	 183328.92390192233 
8.76 	 190282.34739647162 
8.78 	 197231.51743794777 
8.8 	 203295.79951547162 
8.82 	 209300.00063364074 
8.84 	 214539.2334479539 
8.86 	 219788.58703667027 
8.88 	 224474.25204981084 
8.9 	 229318.77029403966 
8.92 	 233791.26349543766 
8.94 	 238569.2168984562 
8.96 	 243080.02116017934 
8.98 	 247960.1790731493 
9.0 	 252558.52574906152 
9.02 	 257458.20749244338 
9.04 	 261963.01852258077 
9.06 	 266566.4459223218 
9.08 	 270624.7994538225 
9.1 	 274484.29674899724 
9.12 	 277684.7033729324 
9.14 	 280360.59639788634 
9.16 	 282356.4400414398 
9.18 	 283546.68159810733 
9.2 	 284152.24815733527 
9.22 	 283776.73369996843 
9.24 	 283017.0995632845 
9.26 	 281244.50922139856 
9.28 	 279358.8179838007 
9.3 	 276580.91975910735 
9.32 	 273984.75270812033 
9.34 	 270744.59777759964 
9.36 	 267951.2613729291 
9.38 	 264826.4029065502 
9.4 	 262326.56638693204 
9.42 	 259779.4846962797 
9.44 	 257902.0303884539 
9.46 	 256143.9920419372 
9.48 	 254956.77110513631 
9.5 	 253897.4415486184 
9.52 	 253214.22796902218 
9.54 	 252547.79746153843 
9.56 	 252062.69213446527 
9.58 	 251471.64782871294 
9.6 	 250968.33542824863 
9.62 	 250351.3199862965 
9.64 	 249881.81040606918 
9.66 	 249483.9195373608 
9.68 	 249417.7845764778 
9.7 	 249788.97574997944 
9.72 	 250705.64690061563 
9.74 	 252516.34337417837 
9.76 	 255008.53125812532 
9.78 	 258834.51799012607 
9.8 	 263332.3037930345 
9.82 	 269507.41092503857 
9.84 	 276180.1257806846 
9.86 	 284721.94236453733 
9.88 	 293427.4666595302 
9.9 	 303970.50038668583 
9.92 	 314193.57617129106 
9.94 	 325885.90234072576 
9.96 	 336658.5249887317 
9.98 	 348061.41004360485 
10.0 	 357924.7870658573 
10.02 	 367016.6579963271 
10.04 	 374097.8788035953 
10.06 	 378472.5105107512 
10.08 	 380705.9809219344 
10.1 	 377986.3980459651 
10.12 	 373463.5036325221 
10.14 	 361888.8183480951 
10.16 	 349325.29944531195 
10.18 	 328456.2453771361 
10.2 	 307822.38934901863 
10.22 	 279292.86148069234 
10.24 	 252577.32654547782 
10.26 	 220489.1631906158 
10.28 	 191938.55537250498 
10.3 	 161802.469103337 
10.32 	 136360.90181110657 
10.34 	 112377.60618769375 
10.36 	 93062.72783465934 
10.38 	 76402.2575228826 
10.4 	 63500.78415787593 
10.42 	 53093.12519954304 
10.44 	 45311.6685951674 
10.46 	 39361.53179734048 
10.48 	 35069.84482563666 
10.5 	 31946.220005687235 
10.52 	 29788.755717631233 
10.54 	 28309.15368707959 
10.56 	 27358.108620991483 
10.58 	 26780.7132316337 
10.6 	 26487.512344603758 
10.62 	 26410.086033163727 
10.64 	 26506.367701868134 
10.66 	 26766.265946961914 
10.68 	 27183.59788129811 
10.7 	 27795.11673322027 
10.72 	 28624.288473584584 
10.74 	 29755.781284071538 
10.76 	 31237.20946372498 
10.78 	 33208.61178689703 
10.8 	 35726.81196014504 
10.82 	 38994.89950835684 
10.84 	 43041.554382958566 
10.86 	 48138.8931468015 
10.88 	 54216.80478317776 
10.9 	 61627.05840272764 
10.92 	 70095.43670579769 
10.94 	 80080.97702427398 
10.96 	 90981.64239979294 
10.98 	 103414.01635342458 
11.0 	 116344.92274637119 
11.02 	 130604.4220584713 
11.04 	 144701.57935437694 
11.06 	 159699.06403387713 
11.08 	 173751.00294837737 
11.1 	 188088.2636471031 
11.12 	 200758.1071383717 
11.14 	 212995.64281850727 
11.16 	 223087.52268679015 
11.18 	 232046.22567249092 
11.2 	 238738.16826063828 
11.22 	 243739.79693354358 
11.24 	 246715.00302556285 
11.26 	 247678.3272542859 
11.28 	 247116.76828150582 
11.3 	 244476.56513311187 
11.32 	 240916.26477474315 
11.34 	 235409.3089241293 
11.36 	 229542.63795540988 
11.38 	 221971.59845741204 
11.4 	 214476.22685561175 
11.42 	 205567.31418055642 
11.44 	 197045.6598205995 
11.46 	 187439.79093182375 
11.48 	 178457.2218057806 
11.5 	 168769.84062899512 
11.52 	 159904.1370084976 
11.54 	 150743.58567559483 
11.56 	 142556.52826388614 
11.58 	 134444.1007727946 
11.6 	 127365.10367609198 
11.62 	 120601.24278685667 
11.64 	 114800.92529924604 
11.66 	 109378.26533762275 
11.68 	 104727.19141245414 
11.7 	 100359.59864001133 
11.72 	 96508.10476589063 
11.74 	 92768.04204746652 
11.76 	 89308.65613969452 
11.78 	 85808.1680503927 
11.8 	 82445.26293572657 
11.82 	 78983.71085815984 
11.84 	 75642.0094374901 
11.86 	 72266.40773065398 
11.88 	 69103.09136153571 
11.9 	 66067.4717581858 
11.92 	 63394.36159138307 
11.94 	 61046.3263830339 
11.96 	 59202.979978909876 
11.98 	 57850.12891636884 
12.0 	 57080.72178930923 
12.02 	 56885.70794502931 
12.04 	 57258.40702834511 
12.06 	 58186.457974363446 
12.08 	 59567.18275479342 
12.1 	 61384.440712457 
12.12 	 63456.546909772784 
12.14 	 65766.04995405488 
12.16 	 68081.75933378079 
12.18 	 70385.56296240355 
12.2 	 72438.81477507194 
12.22 	 74220.11352358585 
12.24 	 75534.5717565044 
12.26 	 76354.29428583007 
12.28 	 76578.50109442271 
12.3 	 76173.77879504157 
12.32 	 75167.21736809892 
12.34 	 73527.34075720765 
12.36 	 71411.00277893015 
12.38 	 68798.65167406017 
12.4 	 65941.15956619405 
12.42 	 62834.640911914095 
12.44 	 59760.64225614854 
12.46 	 56722.28085537777 
12.48 	 53964.015660253826 
12.5 	 51478.32033562669 
12.52 	 49424.79092652124 
12.54 	 47770.08944571299 
12.56 	 46574.17676052545 
12.58 	 45775.5213582161 
12.6 	 45350.502411148685 
12.62 	 45221.31958827413 
12.64 	 45315.53287687278 
12.66 	 45558.24331481379 
12.68 	 45866.94471634026 
12.7 	 46186.24073077377 
12.72 	 46453.788628371214 
12.74 	 46640.838935691456 
12.76 	 46719.306173623314 
12.78 	 46683.13852732099 
12.8 	 46535.47312083667 
12.82 	 46280.90792346791 
12.84 	 45939.28266574899 
12.86 	 45511.40299659043 
12.88 	 45017.43170938718 
12.9 	 44443.70828833945 
12.92 	 43801.59385940159 
12.94 	 43060.49460382046 
12.96 	 42225.64371059534 
12.98 	 41256.41561811256 
13.0 	 40164.651606735046 
13.02 	 38913.528490826284 
13.04 	 37537.460446605306 
13.06 	 36019.14281315417 
13.08 	 34426.259733052786 
13.1 	 32772.77898127872 
13.12 	 31159.040505352626 
13.14 	 29633.47221655112 
13.16 	 28316.07607740693 
13.18 	 27282.62314643477 
13.2 	 26650.560031272555 
13.22 	 26507.38902327752 
13.24 	 26940.764257098836 
13.26 	 28030.794095336318 
13.28 	 29806.037492648178 
13.3 	 32323.507848769386 
13.32 	 35524.20075954748 
13.34 	 39436.48758931335 
13.36 	 43892.508944910296 
13.38 	 48899.91055030072 
13.4 	 54179.09261086012 
13.42 	 59735.50468424129 
13.44 	 65205.26974444903 
13.46 	 70612.52644246393 
13.48 	 75570.6604159239 
13.5 	 80137.31379803926 
13.52 	 83986.39470119777 
13.54 	 87215.01359761805 
13.56 	 89634.49372810707 
13.58 	 91381.8820338546 
13.6 	 92443.83495084931 
13.62 	 92995.97698895413 
13.64 	 93178.78217525917 
13.66 	 93201.8839419354 
13.68 	 93281.86332296263 
13.7 	 93650.72000227714 
13.72 	 94492.5356223384 
13.74 	 96045.00841356814 
13.76 	 98354.05468258694 
13.78 	 101652.38216974337 
13.8 	 105772.59414160022 
13.82 	 110949.08089669746 
13.84 	 116772.03958901767 
13.86 	 123500.88192349617 
13.88 	 130506.3142456832 
13.9 	 138096.58822870205 
13.92 	 145495.98363599632 
13.94 	 153063.8962974049 
13.96 	 159989.10862169758 
13.98 	 166650.23015403113 
14.0 	 172325.69436512963 
14.02 	 177353.08725534 
14.04 	 181211.7486743395 
14.06 	 184132.74730657434 
14.08 	 185872.5423490333 
14.1 	 186515.33775914297 
14.12 	 186127.32983190712 
14.14 	 184655.4443626337 
14.16 	 182462.68236780167 
14.18 	 179424.1262872508 
14.2 	 176135.07741002965 
14.22 	 172497.74930219367 
14.24 	 169213.2455564591 
14.26 	 166298.70486968014 
14.28 	 164374.22669146012 
14.3 	 163611.02008279352 
14.32 	 164332.80075153368 
14.34 	 166858.9254225469 
14.36 	 171029.60458399597 
14.38 	 177301.3813121052 
14.4 	 184928.7963923086 
14.42 	 194517.83682604766 
14.44 	 204759.84282764938 
14.46 	 216424.13223415133 
14.48 	 227805.10219667706 
14.5 	 239795.7083022935 
14.52 	 250590.58187048946 
14.54 	 261076.97375551835 
14.56 	 269716.13578833215 
14.58 	 277191.63203558116 
14.6 	 282564.1034192513 
14.62 	 286116.55709216546 
14.64 	 287707.2672774385 
14.66 	 287098.3449513909 
14.68 	 284960.92974881787 
14.7 	 280532.52695361397 
14.72 	 275152.52562967525 
14.74 	 267638.9768931958 
14.76 	 259765.49398803205 
14.78 	 250102.73534223696 
14.8 	 240608.46019518832 
14.82 	 229790.91988861616 
14.84 	 219573.12573698835 
14.86 	 208551.6451529667 
14.88 	 198448.29557149686 
14.9 	 188037.43679377675 
14.92 	 178734.9036571944 
14.94 	 169520.05240999878 
14.96 	 161463.39043329825 
14.98 	 153733.43986342457 
15.0 	 147076.3321828947 
15.02 	 140816.20765185409 
15.04 	 135439.650317621 
15.06 	 130393.9467673692 
15.08 	 125991.85207272903 
15.1 	 121780.37194116131 
15.12 	 117982.44987603158 
15.14 	 114229.9217066925 
15.16 	 110720.38235070377 
15.18 	 107159.41901544077 
15.2 	 103753.61048424472 
15.22 	 100269.8676618722 
15.24 	 96927.21533862456 
15.26 	 93537.65814456192 
15.28 	 90315.13875478419 
15.3 	 87098.72092790803 
15.32 	 84075.08261549956 
15.34 	 81095.72412635064 
15.36 	 78307.65504211733 
15.38 	 75568.07219156684 
15.4 	 72987.12882040755 
15.42 	 70429.06830676092 
15.44 	 67980.75738246481 
15.46 	 65518.851243136014 
15.48 	 63121.96657309357 
15.5 	 60683.371510724784 
15.52 	 58282.44883824936 
15.54 	 55829.28830381606 
15.56 	 53405.168170086545 
15.58 	 50933.9378574049 
15.6 	 48495.15581279399 
15.62 	 46022.94912635576 
15.64 	 43591.40425464053 
15.66 	 41143.4698580489 
15.68 	 38746.5105390258 
15.7 	 36353.20998810935 
15.72 	 34025.04909948832 
15.74 	 31726.08123931747 
15.76 	 29512.6867591184 
15.78 	 27360.46842646668 
15.8 	 25319.71024838218 
15.82 	 23375.1682284222 
15.84 	 21568.24680192287 
15.86 	 19888.48249455061 
15.88 	 18365.341425334533 
15.9 	 16988.59637272907 
15.92 	 15774.283086468093 
15.94 	 14709.520541063683 
15.96 	 13797.982326465519 
15.98 	 13023.734765718915 
16.0 	 12381.432700452257 
16.02 	 11853.784083305647 
16.04 	 11430.866749368675 
16.06 	 11096.679659074902 
16.08 	 10840.944041351135 
16.1 	 10651.416415198066 
16.12 	 10520.57112172629 
16.14 	 10441.530754045038 
16.16 	 10411.190359614531 
16.18 	 10428.576112002977 
16.2 	 10495.225050824265 
16.22 	 10615.51378523194 
16.24 	 10794.442185632093 
16.26 	 11040.08598382072 
16.28 	 11358.39905949154 
16.3 	 11758.542879485432 
16.32 	 12243.9704952401 
16.34 	 12821.975798985952 
16.36 	 13490.137929889133 
16.38 	 14251.851115796038 
16.4 	 15097.117950191874 
16.42 	 16025.78743757285 
16.44 	 17021.629269732257 
16.46 	 18084.36091639649 
16.48 	 19195.889884583576 
16.5 	 20361.222406753313 
16.52 	 21565.66326929168 
16.54 	 22824.167488442537 
16.56 	 24127.977713178065 
16.58 	 25502.791630403357 
16.6 	 26942.65944584153 
16.62 	 28479.643615583074 
16.64 	 30101.905377760402 
16.66 	 31840.22291380995 
16.68 	 33666.557443126265 
16.7 	 35603.8856766644 
16.72 	 37601.987814386084 
16.74 	 39674.83374317093 
16.76 	 41752.7360852284 
16.78 	 43845.83759562916 
16.8 	 45876.21571187921 
16.82 	 47858.85248491858 
16.84 	 49722.29631140373 
16.86 	 51493.40033582259 
16.88 	 53118.10726129305 
16.9 	 54636.2347355443 
16.92 	 56012.96128810224 
16.94 	 57295.13791914376 
16.96 	 58459.78631210344 
16.98 	 59550.49449781737 
17.0 	 60544.6737860227 
17.02 	 61472.918640863885 
17.04 	 62305.00451308959 
17.06 	 63053.936684699496 
17.08 	 63682.721970204 
17.1 	 64189.191370900415 
17.12 	 64539.71530117097 
17.14 	 64724.843808325364 
17.16 	 64728.88680317464 
17.18 	 64544.764310897976 
17.2 	 64186.54606636767 
17.22 	 63657.28109000197 
17.24 	 63004.295123792836 
17.26 	 62244.869903921135 
17.28 	 61453.45254415303 
17.3 	 60662.347299847555 
17.32 	 59959.81337981726 
17.34 	 59391.71026175939 
17.36 	 59042.90399866237 
17.38 	 58969.20880631042 
17.4 	 59232.565583881675 
17.42 	 59892.03731008895 
17.44 	 60964.983987161664 
17.46 	 62503.510505280094 
17.48 	 64458.39574654667 
17.5 	 66863.01294489352 
17.52 	 69585.38071781532 
17.54 	 72630.72846860159 
17.56 	 75784.3300843751 
17.58 	 79019.72071001661 
17.6 	 82065.97014279236 
17.62 	 84868.25231749013 
17.64 	 87155.63561163674 
17.66 	 88854.06249114101 
17.68 	 89767.80137937251 
17.7 	 89816.9519245313 
17.72 	 88949.87639461913 
17.74 	 87096.37614702128 
17.76 	 84380.68060892887 
17.78 	 80755.1748976532 
17.8 	 76495.5516951894 
17.82 	 71579.73308110933 
17.84 	 66361.75289961966 
17.86 	 60834.22851695751 
17.88 	 55340.45700472681 
17.9 	 49868.65319022652 
17.92 	 44684.600677857314 
17.94 	 39757.04019692589 
17.96 	 35250.21442537442 
17.98 	 31111.27387843505 
18.0 	 27416.5455935868 
18.02 	 24101.369763986953 
18.04 	 21185.407228688455 
18.06 	 18605.627384122592 
18.08 	 16354.749647715144 
18.1 	 14380.577654628785 
18.12 	 12667.645014475263 
18.14 	 11176.840815667194 
18.16 	 9892.330082207394 
18.18 	 8785.477831898943 
18.2 	 7841.584463838605 
18.22 	 7038.677659412424 
18.24 	 6362.887866443165 
18.26 	 5796.314840089848 
18.28 	 5326.0284634183035 
18.3 	 4937.270898041611 
18.32 	 4618.767006336289 
18.34 	 4358.883284922476 
18.36 	 4148.709545791871 
18.38 	 3979.7848476660974 
18.4 	 3845.813360435326 
18.42 	 3741.2416151513844 
18.44 	 3662.159767765199 
18.46 	 3605.407007827721 
18.48 	 3569.00670020846 
18.5 	 3551.666417164164 
18.52 	 3552.9418675211064 
18.54 	 3573.078267287553 
18.56 	 3612.9831871673314 
18.58 	 3674.3974804530044 
18.6 	 3759.6733144931154 
18.62 	 3872.303723465538 
18.64 	 4016.4284189050986 
18.66 	 4197.808367000418 
18.68 	 4422.885105219622 
18.7 	 4700.374658234994 
18.72 	 5039.540827240279 
18.74 	 5452.732034893442 
18.76 	 5952.236913469408 
18.78 	 6554.370150008537 
18.8 	 7273.787074346152 
18.82 	 8130.2761126611 
18.84 	 9138.634077149874 
18.86 	 10320.333275592739 
18.88 	 11685.923373443891 
18.9 	 13255.356649367703 
18.92 	 15028.38513053599 
18.94 	 17019.42742935602 
18.96 	 19209.8206413793 
18.98 	 21605.023143701368 
19.0 	 24161.59546810804 
19.02 	 26874.910605214038 
19.04 	 29674.651336305775 
19.06 	 32548.41486803172 
19.08 	 35403.63462438022 
19.1 	 38225.641999099935 
19.12 	 40911.48033481906 
19.14 	 43451.218730656314 
19.16 	 45748.264933060265 
19.18 	 47803.44432663251 
19.2 	 49543.40566795 
19.22 	 50982.60200376833 
19.24 	 52082.506361271335 
19.26 	 52869.95916516822 
19.28 	 53343.91908473858 
19.3 	 53538.80547134739 
19.32 	 53484.649434283594 
19.34 	 53216.80882634632 
19.36 	 52784.08383436344 
19.38 	 52216.44121211443 
19.4 	 51567.91636442546 
19.42 	 50858.70652293686 
19.44 	 50137.17972903949 
19.46 	 49411.937732227714 
19.48 	 48719.2491092466 
19.5 	 48056.55708148837 
19.52 	 47446.12719523084 
19.54 	 46876.36135824935 
19.56 	 46357.344372818436 
19.58 	 45871.77605935728 
19.6 	 45422.008198637945 
19.62 	 44989.13212622075 
19.64 	 44573.38884279325 
19.66 	 44158.25620679081 
19.68 	 43746.78884741176 
19.7 	 43327.53048857146 
19.72 	 42908.80346160497 
19.74 	 42484.632077689464 
19.76 	 42067.85652992747 
19.78 	 41656.18034360828 
19.8 	 41263.832449721725 
19.82 	 40889.318188006815 
19.84 	 40544.63434309543 
19.86 	 40226.653769464276 
19.88 	 39942.80057796923 
19.9 	 39687.298846022655 
19.92 	 39462.68591361329 
19.94 	 39260.99784190091 
19.96 	 39081.29398966184 
19.98 	 38914.85420843593 
20.0 	 38759.641726866954 
20.02 	 38608.05760249766 
20.04 	 38459.60506719716 
20.06 	 38309.7159078805 
20.08 	 38161.57385361985 
20.1 	 38014.96085041742 
20.12 	 37877.33161104341 
20.14 	 37752.502016565544 
20.16 	 37650.07101284075 
20.18 	 37574.91112847716 
20.2 	 37533.54647228539 
20.22 	 37526.272793088916 
20.24 	 37549.68572457535 
20.26 	 37593.02698578634 
20.28 	 37637.917743582875 
20.3 	 37658.50602672231 
20.32 	 37622.27238602098 
20.34 	 37489.8179832721 
20.36 	 37223.4518085662 
20.38 	 36778.36202760895 
20.4 	 36127.062468407654 
20.42 	 35231.75197074323 
20.44 	 34090.96260016323 
20.46 	 32685.59143357613 
20.48 	 31048.715413265432 
20.5 	 29185.37671454433 
20.52 	 27159.294359406664 
20.54 	 24995.855708553092 
20.56 	 22774.023153598886 
20.58 	 20528.00381579789 
20.6 	 18331.994170220765 
20.62 	 16215.282902860416 
20.64 	 14231.46411356468 
20.66 	 12395.284827899874 
20.68 	 10733.676065367228 
20.7 	 9244.783692058498 
20.72 	 7932.554492622034 
20.74 	 6783.089613230229 
20.76 	 5786.437243356045 
20.78 	 4923.943117009889 
20.8 	 4180.991077176904 
20.82 	 3540.239949095129 
20.84 	 2988.4153716297683 
20.86 	 2512.3808584756443 
20.88 	 2102.3520600762445 
20.9 	 1749.4092056592403 
20.92 	 1446.8263981791117 
20.94 	 1188.5136500244764 
20.96 	 969.5302543268025 
20.98 	 785.2249160787953 
21.0 	 631.4797245728937 
21.02 	 504.33323609412884 
21.04 	 400.1484922349198 
21.06 	 315.49792847607654 
21.08 	 247.28048144381927 
21.1 	 192.69821066203608 
21.12 	 149.31110798855963 
21.14 	 115.01763234836694 
21.16 	 88.05407278270026 
21.18 	 66.95818298454432 
21.2 	 50.53784213755459 
21.22 	 37.828078767810446 
21.24 	 28.053805300516146 
21.26 	 20.593326499710038 
21.28 	 14.94870855753906 
21.3 	 10.720816803416716 
21.32 	 7.589947720626658 
21.34 	 5.3005371168846604 
21.36 	 3.6494047072896167 
21.38 	 2.4762586927609926 
21.4 	 1.6562352802766123 
21.42 	 1.0933753098643642 
21.44 	 0.7154824377115385 
21.46 	 0.46978987330048994 
21.48 	 0.31875882676554007 
21.5 	 0.23756345724212902 
21.52 	 0.21193418690497154 
21.54 	 0.23577059345043222 
21.56 	 0.3123970730410601 
21.58 	 0.45142271938015177 
21.6 	 0.6711015174518398 
21.62 	 0.9986786856683111 
21.64 	 1.4701640799157525 
21.66 	 2.131748702040166 
21.68 	 3.0397110316933453 
21.7 	 4.259813908156433 
21.72 	 5.865826196993229 
21.74 	 7.936284626368445 
21.76 	 10.55008647549328 
21.78 	 13.780023387103874 
21.8 	 17.6850911074385 
21.82 	 22.301863554906184 
21.84 	 27.635364177631512 
21.86 	 33.651077828802244 
21.88 	 40.26854154491335 
21.9 	 47.358666119446816 
21.92 	 54.74464378455871 
21.94 	 62.20873130942332 
21.96 	 69.50309565816876 
21.98 	 76.36657588027134 
22.0 	 82.54338562685328 
22.02 	 87.80483786791467 
22.04 	 91.96875966152592 
22.06 	 94.917032314428 
22.08 	 96.60642140807471 
22.1 	 97.07319626340166 
22.12 	 96.42914440974185 
22.14 	 94.8501652922093 
22.16 	 92.55836743653215 
22.18 	 89.79947300768414 
22.2 	 86.81902649686063 
22.22 	 83.83899830068714 
22.24 	 81.03887458864182 
22.26 	 78.54167850318817 
22.28 	 76.40763622951432 
22.3 	 74.63437140922716 
22.32 	 73.16418149886269 
22.34 	 71.89602316785023 
22.36 	 70.70120661348605 
22.38 	 69.4400783762965 
22.4 	 67.97833202652679 
22.42 	 66.20079323903896 
22.44 	 64.02205007621836 
22.46 	 61.39270811812471 
22.48 	 58.30185340233031 
22.5 	 54.77525516864606 
22.52 	 50.87093416621352 
22.54 	 46.67190793496424 
22.56 	 42.27822688735254 
22.58 	 37.79805546600092 
22.6 	 33.339741039294935 
22.62 	 29.00440819668839 
22.64 	 24.880549118354793 
22.66 	 21.039879177904194 
22.68 	 17.53532596606464 
22.7 	 14.400377373216811 
22.72 	 11.650044822600295 
22.74 	 9.282808213738011 
22.76 	 7.283396204808637 
22.78 	 5.6259669276708975 
22.8 	 4.277332409628874 
22.82 	 3.200151744177494 
22.84 	 2.3555912748580092 
22.86 	 1.7055665458005975 
22.88 	 1.214411449845129 
22.9 	 0.8503703278623688 
22.92 	 0.5852912328431332 
22.94 	 0.395879447408777 
22.96 	 0.2635798241990843 
22.98 	 0.1718293520864535 
23.0 	 0.11123822611938149 
23.02 	 0.06955039501547813 
23.04 	 0.042627748052751005 
23.06 	 0.030168534966300432 
23.08 	 0.01743291829884052 
23.1 	 0.017448024813830853 
23.12 	 0.0 
23.14 	 0.0 
23.16 	 0.0 
23.18 	 0.0 
23.2 	 0.0 
23.22 	 0.0 
23.24 	 0.0 
23.26 	 0.0 
23.28 	 0.0 
23.3 	 0.01759908996373415 
23.32 	 0.024910235550516576 
23.34 	 0.03053484848714016 
23.36 	 0.03528881901741028 
23.38 	 0.046722687672458435 
23.4 	 0.06845351874283234 
23.42 	 0.0984922430131768 
23.44 	 0.14599781426760866 
23.46 	 0.2206114998237023 
23.48 	 0.33696592337429526 
23.5 	 0.5156717924563181 
23.52 	 0.7858995146172597 
23.54 	 1.186631451778864 
23.56 	 1.7699118226828792 
23.58 	 2.602174062197007 
23.6 	 3.7652730513839927 
23.62 	 5.35758782588855 
23.64 	 7.491949535984048 
23.66 	 10.292660741235133 
23.68 	 13.889508819786956 
23.7 	 18.409409865010204 
23.72 	 23.965610288998956 
23.74 	 30.645160498241694 
23.76 	 38.49537808933629 
23.78 	 47.51137941138362 
23.8 	 57.62523480680644 
23.82 	 68.70006967309365 
23.84 	 80.52832913639637 
23.86 	 92.83825827424955 
23.88 	 105.30486292644494 
23.9 	 117.56968426807381 
23.92 	 129.26204156601585 
23.94 	 140.02621764970178 
23.96 	 149.54458676913248 
23.98 	 157.56168588429526 
24.0 	 163.89909923428357 
24.02 	 168.46676415555177 
24.04 	 171.26336240959313 
24.06 	 172.3714239474867 
24.08 	 171.94419927482585 
24.1 	 170.18872805139287 
24.12 	 167.3462144115365 
24.14 	 163.671695278867 
24.16 	 159.41649456751128 
24.18 	 154.8124982832674 
24.2 	 150.06233887278486 
24.22 	 145.3320813468847 
24.24 	 140.75002138074112 
24.26 	 136.406977117333 
24.28 	 132.36099595752873 
24.3 	 128.64186523871464 
24.32 	 125.25789148973533 
24.34 	 122.20119453570553 
24.36 	 119.45373692796652 
24.38 	 116.99145212479121 
24.4 	 114.78855646521784 
24.42 	 112.82036095238713 
24.44 	 111.06653128605002 
24.46 	 109.51372370135073 
24.48 	 108.15934636285536 
24.5 	 107.01573183103046 
24.52 	 106.11607437233748 
24.54 	 105.52163620504386 
24.56 	 105.33095791288666 
24.58 	 105.69042649771158 
24.6 	 106.80609936604493 
24.62 	 108.95572530934989 
24.64 	 112.49932051921121 
24.66 	 117.88718126124233 
24.68 	 125.66162701984064 
24.7 	 136.45252867781144 
24.72 	 150.96085224704612 
24.74 	 169.93480583265952 
24.76 	 194.13056058659424 
24.78 	 224.27279209247337 
24.8 	 261.0022539367573 
24.82 	 304.84488546292937 
24.84 	 356.17608675865006 
24.86 	 415.2443002083914 
24.88 	 482.1944052914598 
24.9 	 557.1969812759207 
24.92 	 640.5588392373209 
24.94 	 732.9796778617654 
24.96 	 835.7230698155321 
24.98 	 950.9559897980536 
25.0 	 1081.8653688027405 
25.02 	 1232.9624915510792 
25.04 	 1409.9424279830757 
25.06 	 1619.8166877378599 
25.08 	 1870.2750750371579 
25.1 	 2169.6194194159525 
25.12 	 2525.432580429766 
25.14 	 2944.5617711306904 
25.16 	 3431.004792040266 
25.18 	 3986.5775786314157 
25.2 	 4608.011439369773 
25.22 	 5289.246969683333 
25.24 	 6017.725353997422 
25.26 	 6779.198666348525 
25.28 	 7553.127571403667 
25.3 	 8320.28236874236 
25.32 	 9057.174170120103 
25.34 	 9745.65286666266 
25.36 	 10366.50628243164 
25.38 	 10909.26012624449 
25.4 	 11365.39180382299 
25.42 	 11736.273635244692 
25.44 	 12026.631113338957 
25.46 	 12249.353247091683 
25.48 	 12419.729543633146 
25.5 	 12557.308911612115 
25.52 	 12681.146782666412 
25.54 	 12810.206686728166 
25.56 	 12959.519671013537 
25.58 	 13141.115556373312 
25.6 	 13360.748497215951 
25.62 	 13620.889470050823 
25.64 	 13917.510737843395 
25.66 	 14245.62030649689 
25.68 	 14595.522637043321 
25.7 	 14960.269693307031 
25.72 	 15330.849381845557 
25.74 	 15704.27514723244 
25.76 	 16077.293843719415 
25.78 	 16453.96955009983 
25.8 	 16837.698623718174 
25.82 	 17238.042067485432 
25.84 	 17661.035515259184 
25.86 	 18116.212916980643 
25.88 	 18605.377261262114 
25.9 	 19131.493488453554 
25.92 	 19686.24203158617 
25.94 	 20262.15226569551 
25.96 	 20839.452912529283 
25.98 	 21401.405509548444 
26.0 	 21921.305946622553 
26.02 	 22379.025507555885 
26.04 	 22749.52016067231 
26.06 	 23017.08506519009 
26.08 	 23167.131119698366 
26.1 	 23194.534237984943 
26.12 	 23100.308632132 
26.14 	 22891.94281013563 
26.16 	 22585.7195998687 
26.18 	 22199.387711922816 
26.2 	 21759.517808486682 
26.22 	 21289.03533033555 
26.24 	 20817.751108472836 
26.26 	 20368.25570147751 
26.28 	 19967.11921024062 
26.3 	 19632.344114375668 
26.32 	 19382.819119976193 
26.34 	 19229.541442762125 
26.36 	 19181.520390487956 
26.38 	 19241.97543882402 
26.4 	 19409.672506104307 
26.42 	 19680.573676337182 
26.44 	 20044.284874219382 
26.46 	 20491.093165946724 
26.48 	 21003.726343205726 
26.5 	 21569.179223300827 
26.52 	 22166.415162618006 
26.54 	 22781.80917903933 
26.56 	 23393.871825972048 
26.58 	 23990.64865095716 
26.6 	 24553.015616537265 
26.62 	 25072.124044405868 
26.64 	 25533.151066525206 
26.66 	 25930.91828303491 
26.68 	 26255.990354141362 
26.7 	 26506.87901553293 
26.72 	 26679.994521637636 
26.74 	 26777.32052081031 
26.76 	 26801.03787281237 
26.78 	 26756.192505287123 
26.8 	 26650.034932686543 
26.82 	 26489.94396457642 
26.84 	 26286.85334555529 
26.86 	 26049.395991234236 
26.88 	 25790.334577872374 
26.9 	 25518.367881169524 
26.92 	 25246.265294164055 
26.94 	 24981.9102000843 
26.96 	 24736.812557211677 
26.98 	 24517.78243887124 
27.0 	 24334.586279934272 
27.02 	 24193.307886479663 
27.04 	 24102.059359156905 
27.06 	 24066.79523735749 
27.08 	 24094.14621693088 
27.1 	 24190.326572770307 
27.12 	 24360.289527978137 
27.14 	 24610.399662272284 
27.16 	 24943.175224141072 
27.18 	 25364.48815422576 
27.2 	 25873.16090254894 
27.22 	 26473.510267595517 
27.24 	 27159.085301880215 
27.26 	 27931.325529441085 
27.28 	 28776.908678407934 
27.3 	 29693.065890744652 
27.32 	 30658.49607473377 
27.34 	 31665.316245338712 
27.36 	 32684.372879984112 
27.38 	 33702.7505409423 
27.4 	 34685.550870878986 
27.42 	 35616.35732874926 
27.44 	 36458.97541118229 
27.46 	 37196.58575366842 
27.48 	 37798.10804991269 
27.5 	 38250.59032177544 
27.52 	 38535.131210013606 
27.54 	 38647.06985067894 
27.56 	 38585.247406891074 
27.58 	 38356.259975734196 
27.6 	 37978.30512309829 
27.62 	 37468.987450143104 
27.64 	 36861.90431670405 
27.66 	 36181.27144826741 
27.68 	 35467.00058012909 
27.7 	 34742.252188528364 
27.72 	 34041.960952200185 
27.74 	 33380.123364561 
27.76 	 32777.57370478043 
27.78 	 32234.18330154918 
27.8 	 31753.469051686356 
27.82 	 31321.789025820046 
27.84 	 30929.20864248955 
27.86 	 30554.585431860753 
27.88 	 30183.45575284358 
27.9 	 29795.812407939797 
27.92 	 29382.385331359485 
27.94 	 28931.592455511818 
27.96 	 28445.47791861443 
27.98 	 27923.694184513275 
28.0 	 27379.734029512932 
28.02 	 26822.06374313058 
28.04 	 26270.503390570644 
28.06 	 25736.55708072086 
28.08 	 25239.20537997712 
28.1 	 24787.143391405232 
28.12 	 24392.996268637842 
28.14 	 24059.490962273092 
28.16 	 23791.151368275154 
28.18 	 23585.06675630031 
28.2 	 23439.385277788355 
28.22 	 23348.15824296685 
28.24 	 23306.368638652417 
28.26 	 23307.82126625464 
28.28 	 23346.92621488142 
28.3 	 23418.738243263473 
28.32 	 23518.115639215353 
28.34 	 23641.41315552609 
28.36 	 23783.815557063874 
28.38 	 23942.46194657013 
28.4 	 24112.673548985018 
28.42 	 24292.271618974075 
28.44 	 24477.167460618504 
28.46 	 24666.457822351764 
28.48 	 24857.568042509625 
28.5 	 25051.63346518936 
28.52 	 25248.19583028944 
28.54 	 25450.578904407277 
28.56 	 25660.055565084152 
28.58 	 25881.335832441437 
28.6 	 26116.090848642103 
28.62 	 26369.04068324938 
28.64 	 26640.67050487524 
28.66 	 26934.497148482445 
28.68 	 27248.7307788451 
28.7 	 27585.075965915163 
28.72 	 27939.060163721548 
28.74 	 28310.36144381307 
28.76 	 28691.675730673913 
28.78 	 29080.271802232135 
28.8 	 29465.688319176144 
28.82 	 29842.03616028648 
28.84 	 30195.453557609995 
28.86 	 30516.42227267407 
28.88 	 30788.56329804421 
28.9 	 30999.69896755585 
28.92 	 31133.963204058626 
28.94 	 31179.60783332334 
28.96 	 31126.288863812148 
28.98 	 30967.178728117586 
29.0 	 30702.581072546705 
29.02 	 30334.40236794741 
29.04 	 29876.07994829741 
29.06 	 29339.096480268603 
29.08 	 28747.952159255667 
29.1 	 28120.611298783773 
29.12 	 27486.366669772713 
29.14 	 26863.813792290806 
29.16 	 26279.215510194954 
29.18 	 25745.952572108217 
29.2 	 25281.323867480376 
29.22 	 24890.36778797766 
29.24 	 24579.624066867647 
29.26 	 24346.451909668944 
29.28 	 24188.874624024553 
29.3 	 24099.93851611336 
29.32 	 24073.291849879228 
29.34 	 24101.322705288178 
29.36 	 24176.632262972787 
29.38 	 24292.73478275821 
29.4 	 24442.086532530007 
29.42 	 24618.66137339394 
29.44 	 24813.624375728785 
29.46 	 25019.54372697893 
29.48 	 25225.047833763885 
29.5 	 25420.352104670223 
29.52 	 25592.241416032044 
29.54 	 25729.94893547831 
29.56 	 25821.57725520484 
29.58 	 25858.624284694633 
29.6 	 25834.59192266116 
29.62 	 25746.2818821594 
29.64 	 25594.97162886858 
29.66 	 25383.37044210319 
29.68 	 25119.4702607603 
29.7 	 24809.451907146136 
29.72 	 24464.150959862865 
29.74 	 24089.398395844066 
29.76 	 23694.877642865868 
29.78 	 23283.649530890736 
29.8 	 22862.904365946823 
29.82 	 22433.749751969463 
29.84 	 22003.002972055725 
29.86 	 21573.41457492687 
29.88 	 21155.365081090324 
29.9 	 20757.36025861358 
29.92 	 20396.412519291443 
29.94 	 20089.121835001362 
29.96 	 19859.533424989455 
29.98 	 19731.98458251359 
30.0 	 19735.060944322635 
30.02 	 19898.064068597745 
30.04 	 20249.156983934663 
30.06 	 20817.70649684506 
30.08 	 21623.94880397634 
30.1 	 22690.083482104666 
30.12 	 24018.19343553465 
30.14 	 25614.190007522633 
30.16 	 27450.71414340135 
30.18 	 29509.142391969366 
30.2 	 31725.231204286534 
30.22 	 34053.36467151841 
30.24 	 36395.46247979597 
30.26 	 38686.388930950925 
30.28 	 40811.68161393085 
30.3 	 42703.75843090882 
30.32 	 44260.44105187036 
30.34 	 45432.37504148313 
30.36 	 46158.884624254846 
30.38 	 46424.18533309444 
30.4 	 46225.902252032734 
30.42 	 45584.95938914469 
30.44 	 44554.115056580005 
30.46 	 43181.04838799083 
30.48 	 41553.110482120064 
30.5 	 39727.10327713768 
30.52 	 37797.78134208658 
30.54 	 35814.08261135814 
30.56 	 33856.21147191107 
30.58 	 31955.490037902397 
30.6 	 30167.57096949369 
30.62 	 28505.767201100443 
30.64 	 27003.096492310913 
30.66 	 25661.946000106745 
30.68 	 24502.3208467906 
30.7 	 23526.592123988474 
30.72 	 22753.97222696786 
30.74 	 22197.858588201976 
30.76 	 21886.98084433639 
30.78 	 21853.48499678834 
30.8 	 22139.902773722923 
30.82 	 22798.051804761326 
30.84 	 23878.573207913392 
30.86 	 25444.26266463775 
30.88 	 27535.626221587456 
30.9 	 30208.12491725727 
30.92 	 33462.8220597735 
30.94 	 37324.94334761 
30.96 	 41723.76493313959 
30.98 	 46636.49733572057 
31.0 	 51899.50937205695 
31.02 	 57439.39655430069 
31.04 	 63005.37850524596 
31.06 	 68490.27473674799 
31.08 	 73597.28340669656 
31.1 	 78216.82069296649 
31.12 	 82075.77663838833 
31.14 	 85096.16164345853 
31.16 	 87103.29358492322 
31.18 	 88074.34222517294 
31.2 	 87981.66872509853 
31.22 	 86862.08371205226 
31.24 	 84835.63011695475 
31.26 	 81983.01498916684 
31.28 	 78525.74065591284 
31.3 	 74559.27933344044 
31.32 	 70337.06139665448 
31.34 	 65938.94433761307 
31.36 	 61588.24057435736 
31.38 	 57329.15845938717 
31.4 	 53320.51571103824 
31.42 	 49566.385203291706 
31.44 	 46156.5501196735 
31.46 	 43063.3200099237 
31.48 	 40322.17113803842 
31.5 	 37887.77551448474 
31.52 	 35762.122471769 
31.54 	 33895.49454896752 
31.56 	 32274.38580454893 
31.58 	 30853.610992517166 
31.6 	 29615.99704944665 
31.62 	 28525.07858991073 
31.64 	 27566.008474128903 
31.66 	 26711.652986387755 
31.68 	 25951.354525432438 
31.7 	 25265.821051153638 
31.72 	 24648.095647687285 
31.74 	 24084.38969337332 
31.76 	 23570.027196341016 
31.78 	 23094.45204462555 
31.8 	 22653.8948344845 
31.82 	 22239.36886006285 
31.84 	 21847.187737002656 
31.86 	 21469.04644285371 
31.88 	 21101.176848754447 
31.9 	 20735.76532835077 
31.92 	 20369.366627087646 
31.94 	 19995.038195457113 
31.96 	 19610.520657938112 
31.98 	 19210.591685429357 
32.0 	 18795.35165814584 
32.02 	 18362.421685485595 
32.04 	 17915.4050101135 
32.06 	 17455.7145129654 
32.08 	 16990.973164388633 
32.1 	 16526.502297266023 
32.12 	 16073.197274652 
32.14 	 15639.023775102685 
32.16 	 15235.8616054559 
32.18 	 14871.646145001114 
32.2 	 14555.839399396951 
32.22 	 14292.9904318878 
32.24 	 14086.79040878746 
32.26 	 13935.712026064783 
32.28 	 13835.883346444964 
32.3 	 13779.070388125901 
32.32 	 13754.731041493515 
32.34 	 13749.998402735448 
32.36 	 13751.236842916202 
32.38 	 13745.077991013888 
32.4 	 13719.70355949431 
32.42 	 13665.686344157411 
32.44 	 13577.184365462563 
32.46 	 13451.560806877105 
32.48 	 13290.700472827126 
32.5 	 13099.054307677989 
32.52 	 12885.29164091732 
32.54 	 12659.189237751607 
32.56 	 12433.72761256188 
32.58 	 12221.744451675288 
32.6 	 12038.364397740856 
32.62 	 11898.408983826268 
32.64 	 11818.747146226759 
32.66 	 11817.20711486358 
32.68 	 11914.033396618532 
32.7 	 12132.729049831018 
32.72 	 12499.238776030425 
32.74 	 13045.083674515903 
32.76 	 13802.126295491167 
32.78 	 14808.975601009735 
32.8 	 16098.249406206745 
32.82 	 17709.015440125506 
32.84 	 19662.312751774552 
32.86 	 21985.540014506165 
32.88 	 24670.53317622784 
32.9 	 27719.52078840441 
32.92 	 31078.623486216093 
32.94 	 34716.95067334577 
32.96 	 38528.56031468727 
32.98 	 42453.10160062415 
33.0 	 46343.648334840545 
33.02 	 50126.798479602585 
33.04 	 53643.710957381336 
33.06 	 56831.85663181535 
33.08 	 59559.17753354737 
33.1 	 61796.154733683914 
33.12 	 63471.247056161905 
33.14 	 64599.4996944957 
33.16 	 65184.85099949503 
33.18 	 65283.66202098206 
33.2 	 64965.8950655997 
33.22 	 64313.07102393439 
33.24 	 63432.5621288843 
33.26 	 62408.515589330134 
33.28 	 61350.325001870166 
33.3 	 60323.55121125513 
33.32 	 59409.75018374345 
33.34 	 58641.481736003945 
33.36 	 58055.11277030821 
33.38 	 57644.47280210889 
33.4 	 57397.09995967477 
33.42 	 57270.34947218316 
33.44 	 57211.23358856043 
33.46 	 57149.49699951452 
33.48 	 57009.610824789444 
33.5 	 56708.076318590785 
33.52 	 56171.76020409252 
33.54 	 55322.27041960217 
33.56 	 54115.856583269364 
33.58 	 52498.22209308861 
33.6 	 50476.162376997374 
33.62 	 48033.54012854421 
33.64 	 45234.46072376935 
33.66 	 42104.1393889806 
33.68 	 38751.93095856899 
33.7 	 35233.9673252026 
33.72 	 31677.62412196924 
33.74 	 28149.143424538845 
33.76 	 24762.4769525733 
33.78 	 21571.361626441212 
33.8 	 18653.11454623363 
33.82 	 16033.851052962451 
33.84 	 13746.509411838953 
33.86 	 11786.790067156046 
33.88 	 10150.157717810798 
33.9 	 8809.763113220377 
33.92 	 7738.551261451756 
33.94 	 6899.704628385157 
33.96 	 6258.963315000519 
33.98 	 5780.702259460324 
34.0 	 5434.0605431779595 
34.02 	 5190.952732459096 
34.04 	 5028.484413537283 
34.06 	 4927.509600484805 
34.08 	 4873.07664661287 
34.1 	 4853.303040938699 
34.12 	 4859.020790344771 
34.14 	 4883.070243877786 
34.16 	 4919.800314957928 
34.18 	 4964.81223977587 
34.2 	 5014.558422441079 
34.22 	 5066.413931804987 
34.24 	 5118.369898814752 
34.26 	 5169.239622586042 
34.28 	 5218.363109164583 
34.3 	 5265.797091491241 
34.32 	 5311.978239214428 
34.34 	 5357.849625001286 
34.36 	 5404.489693144173 
34.38 	 5453.217988573379 
34.4 	 5505.226319543001 
34.42 	 5561.739734596643 
34.44 	 5623.67134326081 
34.46 	 5691.893293772649 
34.48 	 5766.899262616307 
34.5 	 5849.199098433144 
34.52 	 5938.946111425401 
34.54 	 6036.445548774983 
34.56 	 6141.707432546035 
34.58 	 6255.06796167144 
34.6 	 6376.654200542463 
34.62 	 6507.140895821206 
34.64 	 6647.125381694451 
34.66 	 6798.044777076821 
34.68 	 6961.421876853242 
34.7 	 7139.935854709056 
34.72 	 7336.415648552746 
34.74 	 7555.032963325281 
34.76 	 7799.847056126789 
34.78 	 8076.151225391207 
34.8 	 8388.3839903469 
34.82 	 8741.848470648989 
34.84 	 9139.905518435296 
34.86 	 9586.523480004653 
34.88 	 10082.758262854335 
34.9 	 10630.706956046735 
34.92 	 11229.214239237688 
34.94 	 11879.665200828582 
34.96 	 12580.577150582058 
34.98 	 13335.33842069766 
35.0 	 14144.9411488578 
35.02 	 15017.539771718966 
35.04 	 15958.229514874858 
35.06 	 16980.503084995475 
35.08 	 18091.807306379906 
35.1 	 19307.75651344132 
35.12 	 20632.21598075664 
35.14 	 22076.237951004765 
35.16 	 23631.587565012556 
35.18 	 25297.175704862322 
35.2 	 27045.328792562617 
35.22 	 28858.182443081263 
35.24 	 30686.865156367294 
35.26 	 32498.24253827144 
35.28 	 34228.8366491554 
35.3 	 35838.553372955634 
35.32 	 37263.48291875765 
35.34 	 38469.085972168534 
35.36 	 39408.131165120576 
35.38 	 40063.51011998528 
35.4 	 40418.10084225627 
35.42 	 40478.84993421331 
35.44 	 40263.45555250506 
35.46 	 39802.595101749546 
35.48 	 39144.47222340101 
35.5 	 38338.79131531058 
35.52 	 37455.907639429024 
35.54 	 36561.28757679063 
35.56 	 35742.51952182691 
35.58 	 35084.8726613552 
35.6 	 34696.80650154121 
35.62 	 34696.641708046634 
35.64 	 35224.16481519431 
35.66 	 36448.36837210397 
35.68 	 38546.964087804794 
35.7 	 41750.733170281266 
35.72 	 46260.21770518842 
35.74 	 52361.50961404963 
35.76 	 60222.566256829195 
35.78 	 70159.25760453398 
35.8 	 82202.01656079765 
35.82 	 96667.50957216701 
35.84 	 113305.38523641891 
35.86 	 132428.83655923037 
35.88 	 153363.46463882652 
35.9 	 176461.0329156103 
35.92 	 200541.4291407239 
35.94 	 226077.39027034517 
35.96 	 251427.30259898468 
35.98 	 277271.69008267985 
36.0 	 301706.947921515 
36.02 	 325669.4197625254 
36.04 	 347304.83142687316 
36.06 	 367793.29810476856 
36.08 	 385630.9085210503 
36.1 	 402178.59288156754 
36.12 	 416424.5212430214 
36.14 	 429821.0833883783 
36.16 	 441747.0891516624 
36.18 	 453656.45698951214 
36.2 	 465022.6241145379 
36.22 	 477238.5480714374 
36.24 	 489540.34482279915 
36.26 	 503249.6975368293 
36.28 	 517162.52428766753 
36.3 	 532567.2779785998 
36.32 	 547819.0668265286 
36.34 	 564212.723233613 
36.36 	 579827.803665521 
36.38 	 595942.0441278154 
36.4 	 610601.5387749192 
36.42 	 624942.9263555917 
36.44 	 637230.3473747029 
36.46 	 648250.9989422621 
36.48 	 656738.6296993953 
36.5 	 662902.5748940456 
36.52 	 666219.6514009628 
36.54 	 666160.8301464972 
36.56 	 663226.4000271234 
36.58 	 656139.3001632392 
36.6 	 646612.5655405126 
36.62 	 632806.2495828635 
36.64 	 617593.3908541695 
36.66 	 598916.3601562316 
36.68 	 580412.2172392928 
36.7 	 560184.3567444833 
36.72 	 541946.9323166815 
36.74 	 524221.7280075584 
36.76 	 510038.3731379353 
36.78 	 498402.56535893906 
36.8 	 491084.6933728471 
36.82 	 487501.13197993365 
36.84 	 487932.75309441984 
36.86 	 492087.13402466144 
36.88 	 498891.2131416081 
36.9 	 508211.50812641805 
36.92 	 518085.23943881836 
36.94 	 528362.3129314331 
36.96 	 536927.4302682478 
36.98 	 543377.2500673772 
37.0 	 546325.1975292618 
37.02 	 544884.7736654355 
37.04 	 539167.4551970278 
37.06 	 527718.4116417654 
37.08 	 512482.7400768533 
37.1 	 491585.6108645543 
37.12 	 468502.1836278892 
37.14 	 441242.8510450425 
37.16 	 413965.28630772064 
37.18 	 384831.7864110953 
37.2 	 357694.30322735436 
37.22 	 330973.35591430357 
37.24 	 307544.6729545246 
37.26 	 286078.0614326824 
37.28 	 268311.3648874703 
37.3 	 253140.44739249186 
37.32 	 241373.88289064646 
37.34 	 232132.76141179394 
37.36 	 225619.2689540959 
37.38 	 221178.05697876113 
37.4 	 218670.493733475 
37.42 	 217635.6713526735 
37.44 	 217757.9233455401 
37.46 	 218712.74630973997 
37.48 	 220101.54897426724 
37.5 	 221668.22889246375 
37.52 	 223006.87965429766 
37.54 	 223875.46053395764 
37.56 	 223951.3644495114 
37.58 	 222982.38166475194 
37.6 	 220833.98836323194 
37.62 	 217253.44355676512 
37.64 	 212379.77079789966 
37.66 	 205992.3874068237 
37.68 	 198524.1042322558 
37.7 	 189818.93819073008 
37.72 	 180532.3245239586 
37.74 	 170579.89343469392 
37.76 	 160695.471644971 
37.78 	 150838.37091728838 
37.8 	 141661.82016326633 
37.82 	 133121.74161137923 
37.84 	 125680.16962413072 
37.86 	 119253.1670843439 
37.88 	 114079.81407556853 
37.9 	 110030.93796210008 
37.92 	 107158.25025581158 
37.94 	 105312.1414939226 
37.96 	 104426.29557748325 
37.98 	 104370.64672896346 
38.0 	 105033.3884962525 
38.02 	 106344.91466012133 
38.04 	 108207.25822701558 
38.06 	 110646.99617528678 
38.08 	 113619.29974144204 
38.1 	 117275.6304926457 
38.12 	 121635.31310373986 
38.14 	 126990.95052309603 
38.16 	 133392.6036302084 
38.18 	 141267.0673069402 
38.2 	 150598.62854024625 
38.22 	 161911.01943750403 
38.24 	 174959.31087491772 
38.26 	 190305.40520348624 
38.28 	 207276.6595825377 
38.3 	 226416.26156165823 
38.32 	 246468.71786701796 
38.34 	 267919.37530524924 
38.36 	 288930.1284530555 
38.38 	 309893.1260615886 
38.4 	 328642.6813965733 
38.42 	 345414.21400313923 
38.44 	 358237.135588891 
38.46 	 367097.69492564455 
38.48 	 370873.33237260033 
38.5 	 369243.72700763855 
38.52 	 362441.415866071 
38.54 	 349900.0848658146 
38.56 	 333280.828416535 
38.58 	 311946.16534072446 
38.6 	 288522.76093058405 
38.62 	 262465.90769609495 
38.64 	 236573.78185384197 
38.66 	 210425.18620810853 
38.68 	 186274.59401294668 
38.7 	 163742.2996881944 
38.72 	 144216.67080912914 
38.74 	 127284.44189554374 
38.76 	 113548.95897822804 
38.78 	 102568.37089483485 
38.8 	 94440.5055212036 
38.82 	 88758.71973982287 
38.84 	 85387.47893971519 
38.86 	 84019.05395664266 
38.88 	 84451.39586751064 
38.9 	 86500.87805843083 
38.92 	 89955.64467578026 
38.94 	 94741.06730489574 
38.96 	 100621.2934585057 
38.98 	 107597.5766612967 
39.0 	 115373.34843165755 
39.02 	 124000.9863732523 
39.04 	 133102.91016639877 
39.06 	 142781.39794665555 
39.08 	 152593.11241284845 
39.1 	 162710.2676819067 
39.12 	 172668.7399674484 
39.14 	 182735.18371026515 
39.16 	 192471.81740007625 
39.18 	 202246.94986041554 
39.2 	 211664.2386798086 
39.22 	 221168.77310668293 
39.24 	 230371.08846634306 
39.26 	 239737.45375128154 
39.28 	 248817.62217765095 
39.3 	 258031.0326082695 
39.32 	 266813.6203640486 
39.34 	 275482.63808706705 
39.36 	 283374.7407631822 
39.38 	 290679.1311805564 
39.4 	 296739.3283945649 
39.42 	 301621.1737496818 
39.44 	 304846.5690906406 
39.46 	 306383.1846961273 
39.48 	 306097.55377334415 
39.5 	 303892.4888222117 
39.52 	 300059.20257032156 
39.54 	 294466.2319648307 
39.56 	 287778.3447283267 
39.58 	 279848.9262378692 
39.6 	 271553.32475123607 
39.62 	 262733.8318624032 
39.64 	 254272.1881906901 
39.66 	 245992.84346640494 
39.68 	 238614.9273711473 
39.7 	 231936.27061050097 
39.72 	 226421.56396273416 
39.74 	 221838.23393384155 
39.76 	 218383.594457675 
39.78 	 215799.18429432932 
39.8 	 214062.50279112294 
39.82 	 212903.30981397955 
39.84 	 212166.90983412202 
39.86 	 211594.26826779425 
39.88 	 211005.6627768929 
39.9 	 210180.38370339447 
39.92 	 209014.4350585138 
39.94 	 207347.8583301495 
39.96 	 205217.15186207116 
39.98 	 202531.63645419735 
40.0 	 199476.52413950182 
40.02 	 196020.8099699551 
40.04 	 192451.72277635126 
40.06 	 188774.21461251154 
40.08 	 185300.37154626256 
40.1 	 182043.90712023346 
40.12 	 179267.04402876316 
40.14 	 176972.56042031865 
40.16 	 175323.83087054428 
40.18 	 174305.4520813058 
40.2 	 173964.39035977543 
40.22 	 174269.8357898245 
40.24 	 175159.41550003208 
40.26 	 176593.86661288503 
40.28 	 178424.04340615554 
40.3 	 180608.8978735151 
40.32 	 182944.91372330586 
40.34 	 185394.0466868983 
40.36 	 187737.3379751847 
40.38 	 189942.26791361862 
40.4 	 191815.0253529658 
40.42 	 193328.0148391171 
40.44 	 194347.23060983102 
40.46 	 194845.54633437516 
40.48 	 194770.36141574054 
40.5 	 194088.0312059414 
40.52 	 192833.521774077 
40.54 	 190961.09875764747 
40.56 	 188587.20063736124 
40.58 	 185654.22413742257 
40.6 	 182346.92181218183 
40.62 	 178603.220747578 
40.64 	 174658.82356153106 
40.66 	 170458.5174475071 
40.68 	 166266.81625525074 
40.7 	 162044.33143118178 
40.72 	 158055.9903594489 
40.74 	 154279.0388782153 
40.76 	 150944.9924251979 
40.78 	 148038.27466753093 
40.8 	 145722.35819218683 
40.82 	 143972.0682599298 
40.84 	 142855.4153062082 
40.86 	 142320.862344495 
40.88 	 142330.55496644136 
40.9 	 142798.77820309158 
40.92 	 143596.8280077578 
40.94 	 144612.04141006575 
40.96 	 145667.20009155388 
40.98 	 146644.1355022899 
41.0 	 147377.44370203742 
41.02 	 147770.5504963178 
41.04 	 147727.98196028612 
41.06 	 147195.14070419557 
41.08 	 146179.66108474508 
41.1 	 144673.20557307932 
41.12 	 142782.34306823998 
41.14 	 140532.4438551507 
41.16 	 138093.3648129162 
41.18 	 135503.22904364608 
41.2 	 132948.0888045863 
41.22 	 130461.42971763649 
41.24 	 128207.49878464168 
41.26 	 126208.73310750342 
41.28 	 124587.56512490973 
41.3 	 123358.48612192899 
41.32 	 122595.57553573156 
41.34 	 122310.28436247777 
41.36 	 122525.14998063954 
41.38 	 123248.18148129257 
41.4 	 124444.48975974073 
41.42 	 126111.74779007508 
41.44 	 128151.62180323302 
41.46 	 130542.9869160205 
41.48 	 133126.67663341344 
41.5 	 135859.61059292167 
41.52 	 138541.40899455835 
41.54 	 141113.1299847687 
41.56 	 143371.30321590032 
41.58 	 145255.1609282806 
41.6 	 146606.40204338048 
41.62 	 147378.75055835358 
41.64 	 147501.4395395766 
41.66 	 146954.06303223342 
41.68 	 145773.12352192303 
41.7 	 143964.92412775735 
41.72 	 141661.69223124016 
41.74 	 138885.55231779738 
41.76 	 135826.61606747686 
41.78 	 132504.766958572 
41.8 	 129120.42134569827 
41.82 	 125674.48934303106 
41.84 	 122339.21923811943 
41.86 	 119088.6360645001 
41.88 	 116048.25064072276 
41.9 	 113167.75927464302 
41.92 	 110526.00336652962 
41.94 	 108056.79181864753 
41.96 	 105802.20579223099 
41.98 	 103688.33523423386 
42.0 	 101732.32498330147 
42.02 	 99858.1279791722 
42.04 	 98069.6890856686 
42.06 	 96294.42837484699 
42.08 	 94536.75995456656 
42.1 	 92736.54337888432 
42.12 	 90914.24281034511 
42.14 	 89033.3201544769 
42.16 	 87141.99628806976 
42.18 	 85234.00672096242 
42.2 	 83384.4915343602 
42.22 	 81612.27898067179 
42.24 	 80001.94314173074 
42.26 	 78579.13823673068 
42.28 	 77409.56223384426 
42.3 	 76502.0279950053 
42.32 	 75878.0573503789 
42.34 	 75513.04329509882 
42.36 	 75375.78832999275 
42.38 	 75408.0038194169 
42.4 	 75539.406226579 
42.42 	 75694.22293997541 
42.44 	 75793.0304049881 
42.46 	 75766.6307665182 
42.48 	 75559.01517961673 
42.5 	 75127.6115288194 
42.52 	 74460.76890150832 
42.54 	 73550.01015932973 
42.56 	 72429.84879300829 
42.58 	 71119.46356488427 
42.6 	 69684.60218370671 
42.62 	 68157.28742635938 
42.64 	 66612.52982828644 
42.66 	 65080.287631495485 
42.68 	 63626.20820053149 
42.7 	 62269.08648812908 
42.72 	 61055.22045126199 
42.74 	 59989.8191521992 
42.76 	 59097.571466412664 
42.78 	 58371.46547461628 
42.8 	 57816.230900708 
42.82 	 57414.72026217096 
42.84 	 57154.71889559275 
42.86 	 57011.17593506346 
42.88 	 56959.7045670796 
42.9 	 56971.495644569084 
42.92 	 57018.27827852138 
42.94 	 57075.24167938524 
42.96 	 57122.127620921856 
42.98 	 57148.57918533885 
43.0 	 57154.36558036868 
43.02 	 57152.550016842186 
43.04 	 57168.90914055813 
43.06 	 57241.94114046134 
43.08 	 57418.1771294666 
43.1 	 57753.59595356073 
43.12 	 58298.80485240854 
43.14 	 59111.68605394966 
43.16 	 60224.91875241193 
43.18 	 61682.292875769366 
43.2 	 63480.58827891482 
43.22 	 65640.91254938854 
43.24 	 68117.39573649845 
43.26 	 70910.75618665999 
43.28 	 73938.18051183915 
43.3 	 77190.54628424467 
43.32 	 80561.96493387166 
43.34 	 84046.10215523861 
43.36 	 87529.76363693536 
43.38 	 91018.63109151585 
43.4 	 94405.12330568818 
43.42 	 97710.41207789199 
43.44 	 100840.49396234158 
43.46 	 103830.09982605805 
43.48 	 106601.56076599442 
43.5 	 109197.24259983894 
43.52 	 111554.07186598839 
43.54 	 113713.70785568285 
43.56 	 115623.09308243549 
43.58 	 117314.24153965345 
43.6 	 118739.40014413839 
43.62 	 119913.50137571516 
43.64 	 120792.28458320537 
43.66 	 121369.50564078415 
43.68 	 121607.5224868255 
43.7 	 121479.16609193028 
43.72 	 120961.635773397 
43.74 	 120011.53450503854 
43.76 	 118632.41064568008 
43.78 	 116773.04274293227 
43.8 	 114474.60704876432 
43.82 	 111688.30585910522 
43.84 	 108499.33769983632 
43.86 	 104870.27091169148 
43.88 	 100927.56706678843 
43.9 	 96649.36607224039 
43.92 	 92190.12705993299 
43.94 	 87541.43408803223 
43.96 	 82865.30303453737 
43.98 	 78159.95421132767 
44.0 	 73574.16885649765 
44.02 	 69105.16433209727 
44.04 	 64873.703090336574 
44.06 	 60870.68219933334 
44.08 	 57182.36509138948 
44.1 	 53790.82186615356 
44.12 	 50747.72521395341 
44.14 	 48025.28616560788 
44.16 	 45643.786509041005 
44.18 	 43565.302242215505 
44.2 	 41783.898008050644 
44.22 	 40253.05673221094 
44.24 	 38948.384037846896 
44.26 	 37819.60228276703 
44.28 	 36834.49215279581 
44.3 	 35946.768507625886 
44.32 	 35127.962809738114 
44.34 	 34343.639836860515 
44.36 	 33577.94330894179 
44.38 	 32812.75224468625 
44.4 	 32048.05155870206 
44.42 	 31281.484673711686 
44.44 	 30526.490157681103 
44.46 	 29792.37103992493 
44.48 	 29101.04033841984 
44.5 	 28469.26758827997 
44.52 	 27923.729968037336 
44.54 	 27487.238471196462 
44.56 	 27190.535275856913 
44.58 	 27063.632882821606 
44.6 	 27141.56922845816 
44.62 	 27461.63219068455 
44.64 	 28059.432162588888 
44.66 	 28973.74857012425 
44.68 	 30229.099161365288 
44.7 	 31852.444871462547 
44.72 	 33838.80566522449 
44.74 	 36186.96087804503 
44.76 	 38845.25095844109 
44.78 	 41774.2416950952 
44.8 	 44871.03217505755 
44.82 	 48062.85200323903 
44.84 	 51211.4176471482 
44.86 	 54231.76432101504 
44.88 	 56984.37216089094 
44.9 	 59401.47692455635 
44.92 	 61381.78351353767 
44.94 	 62898.98874003198 
44.96 	 63917.164341203854 
44.98 	 64459.32476881361 
45.0 	 64557.49819958889 
45.02 	 64272.55521379472 
45.04 	 63683.00426423129 
45.06 	 62863.52182123801 
45.08 	 61905.95392377511 
45.1 	 60874.1760386618 
45.12 	 59844.512239435484 
45.14 	 58855.039744468755 
45.16 	 57951.99609607465 
45.18 	 57145.343682846185 
45.2 	 56451.12715860457 
45.22 	 55857.54928416995 
45.24 	 55358.29588612396 
45.26 	 54928.24325490162 
45.28 	 54547.6621822948 
45.3 	 54184.46977098625 
45.32 	 53812.83360218735 
45.34 	 53398.202581486716 
45.36 	 52915.557913001685 
45.38 	 52333.02063019388 
45.4 	 51634.71522890342 
45.42 	 50798.517165366975 
45.44 	 49826.56281504789 
45.46 	 48713.63029899956 
45.48 	 47485.50237664773 
45.5 	 46157.27015476945 
45.52 	 44777.001057413305 
45.54 	 43377.231461764204 
45.56 	 42019.54188663199 
45.58 	 40745.74471448919 
45.6 	 39618.32055087645 
45.62 	 38678.62957604185 
45.64 	 37978.39872152258 
45.66 	 37550.6729343516 
45.68 	 37428.15789110661 
45.7 	 37630.19894359399 
45.72 	 38164.601300646704 
45.74 	 39032.45247270553 
45.76 	 40211.25959852054 
45.78 	 41679.24667022658 
45.8 	 43379.52556369286 
45.82 	 45265.08667774843 
45.84 	 47246.41049138878 
45.86 	 49255.51905073633 
45.88 	 51182.97890873811 
45.9 	 52953.27641998765 
45.92 	 54461.11404619942 
45.94 	 55643.208369155065 
45.96 	 56426.610940787374 
45.98 	 56778.44452924794 
46.0 	 56678.45564231226 
46.02 	 56132.07151423882 
46.04 	 55174.426891501076 
46.06 	 53842.87381217217 
46.08 	 52211.954067883715 
46.1 	 50333.68217593193 
46.12 	 48295.90056213761 
46.14 	 46145.87469592605 
46.16 	 43961.00291547051 
46.18 	 41770.913991329326 
46.2 	 39630.01200816057 
46.22 	 37547.719386531455 
46.24 	 35555.31676973126 
46.26 	 33647.66870855041 
46.28 	 31840.403223105128 
46.3 	 30122.423279246377 
46.32 	 28502.411623857108 
46.34 	 26970.123820344055 
46.36 	 25533.013589214373 
46.38 	 24184.610885035763 
46.4 	 22932.81552985005 
46.42 	 21774.35436006396 
46.44 	 20716.365156977165 
46.46 	 19756.36214900695 
46.48 	 18898.534014727687 
46.5 	 18138.73090726775 
46.52 	 17476.659912881474 
46.54 	 16905.267911471077 
46.56 	 16419.779937252828 
46.58 	 16010.64239322679 
46.6 	 15670.106018460976 
46.62 	 15387.745120243422 
46.64 	 15155.07655817548 
46.66 	 14962.68505413727 
46.68 	 14803.257864769792 
46.7 	 14669.555549695642 
46.72 	 14556.244308290556 
46.74 	 14458.284193926032 
46.76 	 14371.995488342896 
46.78 	 14293.74448528144 
46.8 	 14220.688021869453 
46.82 	 14149.78076915065 
46.84 	 14078.535429409123 
46.86 	 14004.315635010747 
46.88 	 13925.243794497408 
46.9 	 13839.580610139226 
46.92 	 13746.710307861438 
46.94 	 13646.322648349025 
46.96 	 13539.330640513752 
46.98 	 13426.68603442165 
47.0 	 13310.180460705003 
47.02 	 13190.986414166768 
47.04 	 13070.465164222991 
47.06 	 12948.72621733598 
47.08 	 12825.648512559785 
47.1 	 12699.710400616697 
47.12 	 12569.334836258486 
47.14 	 12431.978348213139 
47.16 	 12285.715491279698 
47.18 	 12128.311598775199 
47.2 	 11958.847958474891 
47.22 	 11776.470815221623 
47.24 	 11581.93325065178 
47.26 	 11375.935665720463 
47.28 	 11160.640869954748 
47.3 	 10937.78821956075 
47.32 	 10710.326241716644 
47.34 	 10480.552401860261 
47.36 	 10251.890327470017 
47.38 	 10027.150487817844 
47.4 	 9810.262220359233 
47.42 	 9604.578444337354 
47.44 	 9414.287138856664 
47.46 	 9242.716940637558 
47.48 	 9093.311820422678 
47.5 	 8968.113822674202 
47.52 	 8868.445753518545 
47.54 	 8793.897279095168 
47.56 	 8742.96095883419 
47.58 	 8712.71358472381 
47.6 	 8699.491190294877 
47.62 	 8699.11342501015 
47.64 	 8707.442491346495 
47.66 	 8720.749282581357 
47.68 	 8735.945020870497 
47.7 	 8750.754805479055 
47.72 	 8763.60026653092 
47.74 	 8773.537669661035 
47.76 	 8780.001416082765 
47.78 	 8782.683384769358 
47.8 	 8781.383906354227 
47.82 	 8775.974442982577 
47.84 	 8766.430371533539 
47.86 	 8752.835915183256 
47.88 	 8735.493919688433 
47.9 	 8714.839722402552 
47.92 	 8691.51420832965 
47.94 	 8666.144436201566 
47.96 	 8639.391838027244 
47.98 	 8611.6968958012 
48.0 	 8583.397677616362 
48.02 	 8554.550203207771 
48.04 	 8525.15764862702 
48.06 	 8495.063879196648 
48.08 	 8464.224146446202 
48.1 	 8432.575072067444 
48.12 	 8400.251403595292 
48.14 	 8367.365548988653 
48.16 	 8334.151199363667 
48.18 	 8300.681615404445 
48.2 	 8266.994690298372 
48.22 	 8232.81673887559 
48.24 	 8197.715067995368 
48.26 	 8160.845307061706 
48.28 	 8121.131490751225 
48.3 	 8077.007904803981 
48.32 	 8026.63747962729 
48.34 	 7967.640634022955 
48.36 	 7897.435462628204 
48.38 	 7812.984372841628 
48.4 	 7711.37493132195 
48.42 	 7589.573686850745 
48.44 	 7445.28933564736 
48.46 	 7276.605529339803 
48.48 	 7083.02967760335 
48.5 	 6864.806199634707 
48.52 	 6623.979550804228 
48.54 	 6363.271510641505 
48.56 	 6087.034997436437 
48.58 	 5799.7743247511235 
48.6 	 5506.9762388334075 
48.62 	 5213.514969443937 
48.64 	 4924.420380191904 
48.66 	 4643.436923948446 
48.68 	 4373.793334408439 
48.7 	 4117.096580282966 
48.72 	 3874.139934054899 
48.74 	 3644.1928997204423 
48.76 	 3425.8568644032266 
48.78 	 3216.7081353500266 
48.8 	 3014.1727474560894 
48.82 	 2815.3936789987806 
48.84 	 2618.0389694723403 
48.86 	 2420.207820262053 
48.88 	 2221.0453234637453 
48.9 	 2020.517989986703 
48.92 	 1819.739269966587 
48.94 	 1620.5522039890354 
48.96 	 1425.5763620677853 
48.98 	 1237.6794780119599 
49.0 	 1059.8699899329413 
49.02 	 894.8245241677453 
49.04 	 744.7892441031621 
49.06 	 611.3026995325206 
49.08 	 495.21278849362295 
49.1 	 396.6285507293533 
49.12 	 315.05925750572425 
49.14 	 249.5260831683317 
49.16 	 198.75618041814616 
49.18 	 161.34393150222706 
49.2 	 135.91841521565817 
49.22 	 121.26456608904229 
49.24 	 116.41151484488675 
49.26 	 120.67104235883954 
49.28 	 133.63338059054158 
49.3 	 155.12205907869136 
49.32 	 185.11313028290877 
49.34 	 223.63309965051116 
49.36 	 270.63667800536774 
49.38 	 325.892953535572 
49.4 	 388.8694674787487 
49.42 	 458.66226919369717 
49.44 	 533.9357745001176 
49.46 	 612.9454675676793 
49.48 	 693.5642323782874 
49.5 	 773.4136020608069 
49.52 	 849.9680349385894 
49.54 	 920.760085978915 
49.56 	 983.5122609922156 
49.58 	 1036.340248182277 
49.6 	 1077.8442726975088 
49.62 	 1107.230629821341 
49.64 	 1124.3151277926813 
49.66 	 1129.5222185463238 
49.68 	 1123.8002928876663 
49.7 	 1108.5158715753291 
49.72 	 1085.3240674083306 
49.74 	 1056.0168209437593 
49.76 	 1022.4063098448302 
49.78 	 986.1903983231964 
49.8 	 948.8891703169724 
49.82 	 911.7642380496553 
49.84 	 875.8164467707712 
49.86 	 841.7618069297554 
49.88 	 810.0731015573118 
49.9 	 780.9936356179625 
49.92 	 754.5969356168372 
49.94 	 730.8151007380932 
49.96 	 709.495551078756 
49.98 	 690.4269034382343 
50.0 	 673.3812468447591 
50.02 	 658.1290210587256 
50.04 	 644.4636679452005 
50.06 	 632.2040844061405 
50.08 	 621.2043438243508 
50.1 	 611.3472916861097 
50.12 	 602.5455733715579 
50.14 	 594.7326656936202 
50.16 	 587.8624667807378 
50.18 	 581.9039378768645 
50.2 	 576.8447247753265 
50.22 	 572.6928591111496 
50.24 	 569.4861575346567 
50.26 	 567.300565485019 
50.28 	 566.263090434945 
50.3 	 566.5629105135932 
50.32 	 568.4623359940176 
50.34 	 572.3041208328618 
50.36 	 578.5121326136097 
50.38 	 587.5861117176674 
50.4 	 600.0815185177355 
50.42 	 616.5824435831427 
50.44 	 637.650971204816 
50.46 	 663.7738735642928 
50.48 	 695.2803539128765 
50.5 	 732.2722875803868 
50.52 	 774.5272731886821 
50.54 	 821.4433784926003 
50.56 	 871.965431215271 
50.58 	 924.590874750608 
50.6 	 977.3656225920657 
50.62 	 1027.9894957037088 
50.64 	 1073.908566881503 
50.66 	 1112.5176186901583 
50.68 	 1141.32953041423 
50.7 	 1158.2132276874027 
50.72 	 1161.5712046389156 
50.74 	 1150.5116988065836 
50.76 	 1124.9478684206201 
50.78 	 1085.616844431789 
50.8 	 1034.04757331803 
50.82 	 972.4081753062355 
50.84 	 903.3581828770064 
50.86 	 829.7896136334904 
50.88 	 754.6403567194395 
50.9 	 680.6406558700612 
50.92 	 610.1791390652038 
50.94 	 545.1490312307387 
50.96 	 486.9213639018055 
50.98 	 436.3227769768291 
51.0 	 393.71089942395815 
51.02 	 359.0518976061186 
51.04 	 332.0492182411688 
51.06 	 312.2584352616658 
51.08 	 299.21153295314485 
51.1 	 292.51342678451454 
51.12 	 291.9219678340329 
51.14 	 297.3957658929006 
51.16 	 309.1140147931033 
51.18 	 327.46781434009756 
51.2 	 353.01956382646915 
51.22 	 386.4427438561713 
51.24 	 428.42864163158305 
51.26 	 479.58975819887723 
51.28 	 540.3317713494372 
51.3 	 610.7519731967806 
51.32 	 690.5110223574031 
51.34 	 778.7775394301641 
51.36 	 874.148073653753 
51.38 	 974.6951719540472 
51.4 	 1077.9777639976992 
51.42 	 1181.2244926880633 
51.44 	 1281.4410947450547 
51.46 	 1375.7033804534035 
51.48 	 1461.3158277803723 
51.5 	 1536.1261094089632 
51.52 	 1598.6505583875917 
51.54 	 1648.2943575798402 
51.56 	 1685.3620218005547 
51.58 	 1711.0976649370432 
51.6 	 1727.5445873162344 
51.62 	 1737.395288101809 
51.64 	 1743.7284999154676 
51.66 	 1749.7377977020403 
51.68 	 1758.4230821691258 
51.7 	 1772.3109403158614 
51.72 	 1793.1912122026863 
51.74 	 1821.9393808577079 
51.76 	 1858.3706830741464 
51.78 	 1901.237408388699 
51.8 	 1948.2383704718845 
51.82 	 1996.210256529035 
51.84 	 2041.2909987339026 
51.86 	 2079.264470250853 
51.88 	 2105.836385398187 
51.9 	 2117.0334136025103 
51.92 	 2109.513981213555 
51.94 	 2080.8844326897747 
51.96 	 2029.9475743374117 
51.98 	 1956.806498022069 
52.0 	 1862.9681652696997 
52.02 	 1751.1729738587023 
52.04 	 1625.32391268164 
52.06 	 1490.0844202215872 
52.08 	 1350.6754739986889 
52.1 	 1212.3731450101225 
52.12 	 1080.2693067527573 
52.14 	 958.8261567518189 
52.16 	 851.7028940022597 
52.18 	 761.4807057756556 
52.2 	 689.6198385221255 
52.22 	 636.3911243279885 
52.24 	 600.9734616463098 
52.26 	 581.5625151887747 
52.28 	 575.5764283496952 
52.3 	 579.87945390117 
52.32 	 591.042500509742 
52.34 	 605.609913189107 
52.36 	 620.3531477710443 
52.38 	 632.5068973225156 
52.4 	 639.9527961394155 
52.42 	 641.3559338136936 
52.44 	 636.2268326730205 
52.46 	 624.9132663110437 
52.48 	 608.521157420794 
52.5 	 588.7639886624779 
52.52 	 567.7717042011632 
52.54 	 547.8546187220107 
52.56 	 531.2727852328242 
52.58 	 520.0052779099865 
52.6 	 515.5672372525277 
52.62 	 518.8703529504718 
52.64 	 530.151972783339 
52.66 	 548.9717896227965 
52.68 	 574.2683255492783 
52.7 	 604.4809783410136 
52.72 	 637.6973542378944 
52.74 	 671.8435146464261 
52.76 	 704.853896988415 
52.78 	 734.8533868018926 
52.8 	 760.2815730188189 
52.82 	 780.0033689166935 
52.84 	 793.3478450027785 
52.86 	 800.1211274068447 
52.88 	 800.5611422473501 
52.9 	 795.2689098940588 
52.92 	 785.1140984276019 
52.94 	 771.1287634715202 
52.96 	 754.41049255848 
52.98 	 736.0256970045577 
53.0 	 716.9460481566744 
53.02 	 697.9905688664385 
53.04 	 679.807583478082 
53.06 	 662.8599443721454 
53.08 	 647.4432744214289 
53.1 	 633.7006728177054 
53.12 	 621.657973816193 
53.14 	 611.2491582277556 
53.16 	 602.3511844469148 
53.18 	 594.8061213281628 
53.2 	 588.4459998037948 
53.22 	 583.1056724124172 
53.24 	 578.6358632306749 
53.26 	 574.9070475601308 
53.28 	 571.8135569683184 
53.3 	 569.2720537575885 
53.32 	 567.2213326365923 
53.34 	 565.6197225022946 
53.36 	 564.4448836893963 
53.38 	 563.6934377970313 
53.4 	 563.3832149699118 
53.42 	 563.5562965901207 
53.44 	 564.2837929975184 
53.46 	 565.67132176256 
53.48 	 567.8643547976291 
53.5 	 571.0536021108828 
53.52 	 575.4774292736521 
53.54 	 581.4234439413594 
53.56 	 589.2233515558933 
53.58 	 599.2466694478184 
53.6 	 611.8835220766423 
53.62 	 627.5282774588547 
53.64 	 646.5489492317643 
53.66 	 669.2637425745412 
53.68 	 695.9017207813765 
53.7 	 726.5817670413634 
53.72 	 761.2743394837436 
53.74 	 799.7953244625779 
53.76 	 841.7781924712502 
53.78 	 886.6906682297918 
53.8 	 933.8193209803242 
53.82 	 982.3068619826664 
53.84 	 1031.1425947998114 
53.86 	 1079.2102963320835 
53.88 	 1125.2769192094242 
53.9 	 1168.0430597044456 
53.92 	 1206.1326156125044 
53.94 	 1238.1485574243425 
53.96 	 1262.6802974370441 
53.98 	 1278.3749691806584 
54.0 	 1283.9817149211149 
54.02 	 1278.4398963843626 
54.04 	 1260.9612542296593 
54.06 	 1231.11198448696 
54.08 	 1188.9037239178886 
54.1 	 1134.8250429453897 
54.12 	 1069.8940400781262 
54.14 	 995.599755500382 
54.16 	 913.881826772657 
54.18 	 826.9790179975283 
54.2 	 737.3409053849638 
54.22 	 647.428149163385 
54.24 	 559.6011434313338 
54.26 	 475.94237571871196 
54.28 	 398.1795120293772 
54.3 	 327.5868324084069 
54.32 	 264.9781285101065 
54.34 	 210.70249609415785 
54.36 	 164.70347897062317 
54.38 	 126.58268503275657 
54.4 	 95.69204921326298 
54.42 	 71.21989915502301 
54.44 	 52.27778219649333 
54.46 	 37.97136334907845 
54.48 	 27.458158175300948 
54.5 	 19.987288445257473 
54.52 	 14.925139574996457 
54.54 	 11.768283723534926 
54.56 	 10.14801466860609 
54.58 	 9.829882672959526 
54.6 	 10.711892246840378 
54.62 	 12.823483509742282 
54.64 	 16.326162444353933 
54.66 	 21.51731055019351 
54.68 	 28.83374832296193 
54.7 	 38.85485092254513 
54.72 	 52.29993336106722 
54.74 	 70.0173450018652 
54.76 	 92.95957066883422 
54.78 	 122.14296553569197 
54.8 	 158.5864534998529 
54.82 	 203.23531969093173 
54.84 	 256.8636568873056 
54.86 	 319.976811951633 
54.88 	 392.70073503770965 
54.9 	 474.70393771586555 
54.92 	 565.1164948546982 
54.94 	 662.5261040896231 
54.96 	 764.9692925145335 
54.98 	 870.0407953616267 
55.0 	 974.9710893881156 
55.02 	 1076.8426128629499 
55.04 	 1172.722450258913 
55.06 	 1259.9242544913025 
55.08 	 1336.1300565423112 
55.1 	 1399.606894787988 
55.12 	 1449.2522084208028 
55.14 	 1484.6910254350178 
55.16 	 1506.2176006955663 
55.18 	 1514.7544399661322 
55.2 	 1511.7154960760383 
55.22 	 1498.8685310872095 
55.24 	 1478.1801766069166 
55.26 	 1451.653785119018 
55.28 	 1421.2160403131506 
55.3 	 1388.592160373007 
55.32 	 1355.264120584456 
55.34 	 1322.4092250933468 
55.36 	 1290.9237361126084 
55.38 	 1261.415583962256 
55.4 	 1234.2647587286358 
55.42 	 1209.6438342610227 
55.44 	 1187.584455427994 
55.46 	 1168.001585780389 
55.48 	 1150.746997580781 
55.5 	 1135.6248752278527 
55.52 	 1122.426941302533 
55.54 	 1110.9377001707878 
55.56 	 1100.9542837720069 
55.58 	 1092.2846340015574 
55.6 	 1084.7576053466364 
55.62 	 1078.2181644260552 
55.64 	 1072.5328407875245 
55.66 	 1067.585473191437 
55.68 	 1063.2820778735954 
55.7 	 1059.549705966894 
55.72 	 1056.343084205397 
55.74 	 1053.6470264002342 
55.76 	 1051.484172384947 
55.78 	 1049.9182708751082 
55.8 	 1049.0589900544553 
55.82 	 1049.0610034754577 
55.84 	 1050.1201693471755 
55.86 	 1052.4634031062503 
55.88 	 1056.3315729572428 
55.9 	 1061.958115305738 
55.92 	 1069.5380780722837 
55.94 	 1079.19936780055 
55.96 	 1090.9646343787927 
55.98 	 1104.727256966578 
56.0 	 1120.2213187798393 
56.02 	 1137.0207573036062 
56.04 	 1154.5361672126485 
56.06 	 1172.05202913305 
56.08 	 1188.760019344569 
56.1 	 1203.8314818109038 
56.12 	 1216.4758746268972 
56.14 	 1226.021594363754 
56.16 	 1231.968625575659 
56.18 	 1234.0387416776953 
56.2 	 1232.1907079093908 
56.22 	 1226.614062743363 
56.24 	 1217.6977709902321 
56.26 	 1205.9738248507267 
56.28 	 1192.0605119595598 
56.3 	 1176.5897187465769 
56.32 	 1160.160583852308 
56.34 	 1143.287189184602 
56.36 	 1126.3868095607143 
56.38 	 1109.7629374300664 
56.4 	 1093.6259085391578 
56.42 	 1078.0997002583097 
56.44 	 1063.2536755307085 
56.46 	 1049.1112032581987 
56.48 	 1035.6729291150011 
56.5 	 1022.9153570696669 
56.52 	 1010.8025668119315 
56.54 	 999.2797668844559 
56.56 	 988.2838375649695 
56.58 	 977.7429895275942 
56.6 	 967.5943475801179 
56.62 	 957.7912285837848 
56.64 	 948.322288737614 
56.66 	 939.2145014305416 
56.68 	 930.5395236028211 
56.7 	 922.3997227197552 
56.72 	 914.9153288862418 
56.74 	 908.1963509820431 
56.76 	 902.3226160192008 
56.78 	 897.3211624949026 
56.8 	 893.1607974628903 
56.82 	 889.7533786145526 
56.84 	 886.9723466469239 
56.86 	 884.6752282182595 
56.88 	 882.7317039805697 
56.9 	 881.043899601127 
56.92 	 879.5586401741608 
56.94 	 878.2643048181659 
56.96 	 877.1772365545042 
56.98 	 876.3187774309226 
57.0 	 875.6928189684111 
57.02 	 875.2685572156764 
57.04 	 874.9760133915272 
57.06 	 874.714633170477 
57.08 	 874.3740564315074 
57.1 	 873.8600365824872 
57.12 	 873.1184816511217 
57.14 	 872.1485857336078 
57.16 	 871.0011482389216 
57.18 	 869.7591478597258 
57.2 	 868.5064979064115 
57.22 	 867.2902184494866 
57.24 	 866.0885946468707 
57.26 	 864.791889786721 
57.28 	 863.2047291363882 
57.3 	 861.0686146001816 
57.32 	 858.1037895666888 
57.34 	 854.0579363021143 
57.36 	 848.7557188579417 
57.38 	 842.1317786789604 
57.4 	 834.2481692752929 
57.42 	 825.2824547313522 
57.44 	 815.5025231799701 
57.46 	 805.2200333580807 
57.48 	 794.7499136695151 
57.5 	 784.3673235771249 
57.52 	 774.2890135965605 
57.54 	 764.662682064263 
57.56 	 755.5818818641702 
57.58 	 747.1022263322546 
57.6 	 739.2684791191207 
57.62 	 732.1284466805271 
57.64 	 725.743445491079 
57.66 	 720.179942057104 
57.68 	 715.4972941402888 
57.7 	 711.7260272185852 
57.72 	 708.8530325057402 
57.74 	 706.8115778975714 
57.76 	 705.4860373550083 
57.78 	 704.726112284285 
57.8 	 704.3706667162196 
57.82 	 704.2726896691112 
57.84 	 704.3205996250057 
57.86 	 704.4497295626928 
57.88 	 704.6420861202648 
57.9 	 704.9150241512183 
57.92 	 705.3026481509106 
57.94 	 705.8356285668 
57.96 	 706.5247866065035 
57.98 	 707.3530971897144 
58.0 	 708.2770413642347 
58.02 	 709.2370279786256 
58.04 	 710.1721926852719 
58.06 	 711.0361490905851 
58.08 	 711.8078987716823 
58.1 	 712.4962281833172 
58.12 	 713.135647191877 
58.14 	 713.7764881371246 
58.16 	 714.471345717817 
58.18 	 715.262615279619 
58.2 	 716.1734321445368 
58.22 	 717.2049208062335 
58.24 	 718.3386485211438 
58.26 	 719.5439870382977 
58.28 	 720.7862905312445 
58.3 	 722.0347297994365 
58.32 	 723.2659173734208 
58.34 	 724.464161271582 
58.36 	 725.6168660190133 
58.38 	 726.7081990128336 
58.4 	 727.7109417874661 
58.42 	 728.5797834353443 
58.44 	 729.2453111435217 
58.46 	 729.6102888036736 
58.48 	 729.546597211048 
58.5 	 728.8931230217984 
58.52 	 727.4541975174384 
58.54 	 724.9986177919183 
58.56 	 721.2622013175735 
58.58 	 715.9527615731236 
58.6 	 708.7639221644921 
58.62 	 699.391934401724 
58.64 	 687.5644500870253 
58.66 	 673.0668375538387 
58.68 	 655.7779804444324 
58.7 	 635.6916466732014 
58.72 	 612.9412330836706 
58.74 	 587.7973090049172 
58.76 	 560.6649708630965 
58.78 	 532.0485891166754 
58.8 	 502.5204151225827 
58.82 	 472.66261985417145 
58.84 	 443.0244553873759 
58.86 	 414.0669816635316 
58.88 	 386.134984785989 
58.9 	 359.4300741447863 
58.92 	 334.015901760737 
58.94 	 309.82939664234334 
58.96 	 286.71793860087 
58.98 	 264.47658631155326 
59.0 	 242.89689156428022 
59.02 	 221.80435792375945 
59.04 	 201.0930926442372 
59.06 	 180.74095107096076 
59.08 	 160.81508060752583 
59.1 	 141.4587389465238 
59.12 	 122.87139477572505 
59.14 	 105.27868257577924 
59.16 	 88.90390012675752 
59.18 	 73.93989091707857 
59.2 	 60.52925227536381 
59.22 	 48.75126293248571 
59.24 	 38.61873428103688 
59.26 	 30.08172343324229 
59.28 	 23.03787537410228 
59.3 	 17.345731812371493 
59.32 	 12.840004959772527 
59.34 	 9.345265363075866 
59.36 	 6.68870407177683 
59.38 	 4.708739740024254 
59.4 	 3.261076904062288 
59.42 	 2.2228784312980423 
59.44 	 1.4910796644706408 
59.46 	 0.9860131666608201 
59.48 	 0.6416827046772735 
59.5 	 0.41189915315951825 
59.52 	 0.26214203792913954 
59.54 	 0.16214919494260022 
59.56 	 0.10059444098721773 
59.58 	 0.06364287453258051 
59.6 	 0.0 
59.62 	 0.0 
59.64 	 0.0 
59.66 	 0.0 
59.68 	 0.0 
59.7 	 0.0 
59.72 	 0.0 
59.74 	 0.0 
59.76 	 0.0 
59.78 	 0.0 
59.8 	 0.0 
59.82 	 0.0 
59.84 	 0.0 
59.86 	 0.0 
59.88 	 0.0 
59.9 	 0.0 
59.92 	 0.0 
59.94 	 0.0 
59.96 	 0.0 
59.98 	 0.0 
