0.0 	 0.0 
0.02 	 6.35892877961836e-06 
0.04 	 1.321955791597039e-05 
0.06 	 2.02437409413157e-05 
0.08 	 2.7070781162334508e-05 
0.1 	 3.3350596582221847e-05 
0.12 	 3.877584011321181e-05 
0.14 	 4.3108778179077506e-05 
0.16 	 4.619957059527164e-05 
0.18 	 4.799397383521544e-05 
0.2 	 4.853013894898994e-05 
0.22 	 4.792578210276498e-05 
0.24 	 4.635828415355498e-05 
0.26 	 4.404102586906743e-05 
0.28 	 4.1199408190000514e-05 
0.3 	 3.80495883876305e-05 
0.32 	 3.478213026619585e-05 
0.34 	 3.1551724509894255e-05 
0.36 	 2.8473096467179737e-05 
0.38 	 2.5622359844652275e-05 
0.4 	 2.3042508522800587e-05 
0.42 	 2.075150409355056e-05 
0.44 	 1.8751487498073536e-05 
0.46 	 1.703794802563823e-05 
0.48 	 1.560813132139437e-05 
0.5 	 1.4468475062634258e-05 
0.52 	 1.3641367823958417e-05 
0.54 	 1.3172015095914768e-05 
0.56 	 1.313669796325529e-05 
0.58 	 1.3654311976908613e-05 
0.6 	 1.4903924131597585e-05 
0.62 	 1.715239606594594e-05 
0.64 	 2.0798165669026816e-05 
0.66 	 2.6440382396917497e-05 
0.68 	 3.498709886277473e-05 
0.7 	 4.782243476876949e-05 
0.72 	 6.706070208976459e-05 
0.74 	 9.592526044521023e-05 
0.76 	 0.0001393006983966161 
0.78 	 0.0002045174126271624 
0.8 	 0.00030243543974683203 
0.82 	 0.0004488960826832446 
0.84 	 0.0006666010856770751 
0.86 	 0.0009874548827200752 
0.88 	 0.001455361019174661 
0.9 	 0.002129395925631318 
0.92 	 0.0030871915781681193 
0.94 	 0.004428247806781631 
0.96 	 0.00627677601088509 
0.98 	 0.0087835666298926 
1.0 	 0.012126296802531952 
1.02 	 0.016507679421549935 
1.04 	 0.02215092586505237 
1.06 	 0.029292169640360542 
1.08 	 0.03816977966714062 
1.1 	 0.04901086214167178 
1.12 	 0.062015668392607526 
1.14 	 0.07734103257110951 
1.16 	 0.09508428584260294 
1.18 	 0.11526926346092882 
1.2 	 0.13783598588658913 
1.22 	 0.16263533488360304 
1.24 	 0.1894295804265752 
1.26 	 0.2178990044604426 
1.28 	 0.24765420380754782 
1.3 	 0.27825304128693296 
1.32 	 0.30922075024153267 
1.34 	 0.34007146046422454 
1.36 	 0.37032945214479046 
1.38 	 0.39954878679047434 
1.4 	 0.42733063865040755 
1.42 	 0.4533387232703683 
1.44 	 0.4773148468822732 
1.46 	 0.4990990921559278 
1.48 	 0.5186630602957989 
1.5 	 0.5361707884566177 
1.52 	 0.5520917745729197 
1.54 	 0.5674058117718065 
1.56 	 0.5839624431162383 
1.58 	 0.6050915732555588 
1.6 	 0.6366088715097719 
1.62 	 0.6884219579966899 
1.64 	 0.7770206063544642 
1.66 	 0.9292217016620514 
1.68 	 1.1876261460030304 
1.7 	 1.618309813817645 
1.72 	 2.32128261367573 
1.74 	 3.4441665570826854 
1.76 	 5.199316068580696 
1.78 	 7.884183098262457 
1.8 	 11.904081801697139 
1.82 	 17.79563104652644 
1.84 	 26.24809890433224 
1.86 	 38.118762639287915 
1.88 	 54.43742887062097 
1.9 	 76.39469718547146 
1.92 	 105.30869596750941 
1.94 	 142.5661465895356 
1.96 	 189.53589447890369 
1.98 	 247.45647155799853 
2.0 	 317.3035624113181 
2.02 	 399.6478993166355 
2.04 	 494.5183346932206 
2.06 	 601.2877315824024 
2.08 	 718.6000165558871 
2.1 	 844.3546488767547 
2.12 	 975.7597112521532 
2.14 	 1109.4572234020866 
2.16 	 1241.7150970964374 
2.18 	 1368.6708146912677 
2.2 	 1486.6040418891725 
2.22 	 1592.2104649523033 
2.24 	 1682.8481938667853 
2.26 	 1756.7314024736015 
2.28 	 1813.0529747315875 
2.3 	 1852.0275467290035 
2.32 	 1874.8567413319706 
2.34 	 1883.6277218275457 
2.36 	 1881.1628373905571 
2.38 	 1870.8410785273547 
2.4 	 1856.4110682970515 
2.42 	 1841.8109539026036 
2.44 	 1831.004062896709 
2.46 	 1827.83216532496 
2.48 	 1835.8822991253976 
2.5 	 1858.3597370257373 
2.52 	 1897.959593627006 
2.54 	 1956.7328504317331 
2.56 	 2035.9485126098073 
2.58 	 2135.9608609723987 
2.6 	 2256.09758836369 
2.62 	 2394.5892184648724 
2.64 	 2548.5611226693845 
2.66 	 2714.1058618928687 
2.68 	 2886.445560817978 
2.7 	 3060.1826025337677 
2.72 	 3229.6239583508964 
2.74 	 3389.1522739240727 
2.76 	 3533.6077760789112 
2.78 	 3658.6410286966043 
2.8 	 3760.9985428266727 
2.82 	 3838.7111014012976 
2.84 	 3891.167141338878 
2.86 	 3919.0685339471324 
2.88 	 3924.281088151923 
2.9 	 3909.6046400917685 
2.92 	 3878.495828193776 
2.94 	 3834.779613473047 
2.96 	 3782.383305566929 
2.98 	 3725.1201781543077 
3.0 	 3666.5401674406257 
3.02 	 3609.8543304205705 
3.04 	 3557.9292642258924 
3.06 	 3513.3387655937595 
3.08 	 3478.4533947971295 
3.1 	 3455.5446327169425 
3.12 	 3446.8790170286443 
3.14 	 3454.778902759433 
3.16 	 3481.630173411122 
3.18 	 3529.8231951790267 
3.2 	 3601.621365624533 
3.22 	 3698.9613795743235 
3.24 	 3823.200107192434 
3.26 	 3974.8336187217337 
3.28 	 4153.222871526399 
3.3 	 4356.366162430172 
3.32 	 4580.759023254823 
3.34 	 4821.3767067292065 
3.36 	 5071.802595584832 
3.38 	 5324.508759398076 
3.4 	 5571.274653698141 
3.42 	 5803.709686521965 
3.44 	 6013.828528817813 
3.46 	 6194.617763199899 
3.48 	 6340.5308936720185 
3.5 	 6447.856502884465 
3.52 	 6514.920353182422 
3.54 	 6542.103857677072 
3.56 	 6531.684962407419 
3.58 	 6487.5291806840005 
3.6 	 6414.67492723051 
3.62 	 6318.8661935142545 
3.64 	 6206.086277264043 
3.66 	 6082.139531095347 
3.68 	 5952.315925800229 
3.7 	 5821.158298879504 
3.72 	 5692.337214037564 
3.74 	 5568.625673960013 
3.76 	 5451.956984408742 
3.78 	 5343.544406643655 
3.8 	 5244.040543285453 
3.82 	 5153.716730462666 
3.84 	 5072.646765668707 
3.86 	 5000.883747605833 
3.88 	 4938.622497145035 
3.9 	 4886.342184354115 
3.92 	 4844.924074476578 
3.94 	 4815.737873329068 
3.96 	 4800.687599546983 
3.98 	 4802.205214771652 
4.0 	 4823.1786304682155 
4.02 	 4866.801469237197 
4.04 	 4936.336185531993 
4.06 	 5034.790455972019 
4.08 	 5164.518967984191 
4.1 	 5326.777717419906 
4.12 	 5521.2734934621685 
4.14 	 5745.7643748845885 
4.16 	 5995.774414823891 
4.18 	 6264.484212007805 
4.2 	 6542.846843914115 
4.22 	 6819.9556011380155 
4.24 	 7083.658294801561 
4.26 	 7321.376983209883 
4.28 	 7521.057731053917 
4.3 	 7672.148908049273 
4.32 	 7766.494108554992 
4.34 	 7799.030395598261 
4.36 	 7768.204505511387 
4.38 	 7676.055801408249 
4.4 	 7527.959201871172 
4.42 	 7332.066445898697 
4.44 	 7098.522218161065 
4.46 	 6838.556688129514 
4.48 	 6563.564464263115 
4.5 	 6284.271646949701 
4.52 	 6010.070463340177 
4.54 	 5748.569980456318 
4.56 	 5505.377687766865 
4.58 	 5284.096048553006 
4.6 	 5086.49477449175 
4.62 	 4912.805905562999 
4.64 	 4762.0850039502575 
4.66 	 4632.586381437923 
4.68 	 4522.110663688831 
4.7 	 4428.296175181852 
4.72 	 4348.83890493493 
4.74 	 4281.637195501991 
4.76 	 4224.865693538452 
4.78 	 4176.988276897531 
4.8 	 4136.722063058888 
4.82 	 4102.965031572569 
4.84 	 4074.699199124431 
4.86 	 4050.880493250988 
4.88 	 4030.3260272832213 
4.9 	 4011.6095773824477 
4.92 	 3992.976536909544 
4.94 	 3972.2900137937863 
4.96 	 3947.0194082199937 
4.98 	 3914.281111998003 
5.0 	 3870.9374254151835 
5.02 	 3813.754247953962 
5.04 	 3739.6108832261507 
5.06 	 3645.747222901977 
5.08 	 3530.025880973247 
5.1 	 3391.1810096944578 
5.12 	 3229.0229525699137 
5.14 	 3044.5695978199615 
5.16 	 2840.0816255002296 
5.18 	 2618.989275213576 
5.2 	 2385.711432433783 
5.22 	 2145.381728944635 
5.24 	 1903.5086929148654 
5.26 	 1665.6056677480312 
5.28 	 1436.8297690596644 
5.3 	 1221.6670196901582 
5.32 	 1023.6934829025154 
5.34 	 845.4311056987681 
5.36 	 688.3040858968802 
5.38 	 552.6890564668615 
5.4 	 438.0421449880193 
5.42 	 343.07932174612193 
5.44 	 265.9839275789769 
5.46 	 204.6166318233327 
5.48 	 156.7074618976594 
5.5 	 120.01576859047604 
5.52 	 92.45077657092129 
5.54 	 72.15162335694878 
5.56 	 57.53074763081147 
5.58 	 47.287771292165225 
5.6 	 40.402603332904754 
5.62 	 36.116609375770864 
5.64 	 33.90970758673709 
5.66 	 33.47956289343336 
5.68 	 34.72699223720442 
5.7 	 37.74950095621725 
5.72 	 42.84268478305813 
5.74 	 50.50713168954757 
5.76 	 61.45651176156631 
5.78 	 76.62086415781853 
5.8 	 97.13787147781053 
5.82 	 124.32443333760254 
5.84 	 159.6214435628365 
5.86 	 204.50664432371963 
5.88 	 260.3739468111001 
5.9 	 328.3825914508948 
5.92 	 409.28554650026695 
5.94 	 503.25281083942923 
5.96 	 609.71067656048 
5.98 	 727.221248959363 
6.0 	 853.4264480919479 
6.02 	 985.0765623590664 
6.04 	 1118.1551019763506 
6.06 	 1248.0999617725236 
6.08 	 1370.107333909424 
6.1 	 1479.4916143896276 
6.12 	 1572.0641447431444 
6.14 	 1644.4881615096972 
6.16 	 1694.5681580326275 
6.18 	 1721.4392387127798 
6.2 	 1725.6349695614485 
6.22 	 1709.0286280172825 
6.24 	 1674.659885690058 
6.26 	 1626.4739567014533 
6.28 	 1569.0106919341856 
6.3 	 1507.0854608911407 
6.32 	 1445.5015142089946 
6.34 	 1388.8255303634198 
6.36 	 1341.2457562405045 
6.38 	 1306.5176080066044 
6.4 	 1287.9870079779812 
6.42 	 1288.6691320718744 
6.44 	 1311.3512931913776 
6.46 	 1358.6845632113293 
6.48 	 1433.230074105779 
6.5 	 1537.4327921947288 
6.52 	 1673.507354856711 
6.54 	 1843.2360437087684 
6.56 	 2047.6962062023756 
6.58 	 2286.9509157750695 
6.6 	 2559.749557539368 
6.62 	 2863.29164954175 
6.64 	 3193.1055454231873 
6.66 	 3543.082921834286 
6.68 	 3905.6909487706407 
6.7 	 4272.359278323921 
6.72 	 4634.0123628353 
6.74 	 4981.693747847579 
6.76 	 5307.21231602931 
6.78 	 5603.734293029186 
6.8 	 5866.25059271571 
6.82 	 6091.8659686033325 
6.84 	 6279.881543554232 
6.86 	 6431.671213552454 
6.88 	 6550.38020349465 
6.9 	 6640.496191121345 
6.92 	 6707.356731193242 
6.94 	 6756.659869894548 
6.96 	 6794.038419799066 
6.98 	 6824.7445176347555 
7.0 	 6853.472882174793 
7.02 	 6884.3318627403605 
7.04 	 6920.953637869698 
7.06 	 6966.7205398358665 
7.08 	 7025.074088317021 
7.1 	 7099.866619290919 
7.12 	 7195.711552003201 
7.14 	 7318.286463693192 
7.16 	 7474.5427781832805 
7.18 	 7672.777284517834 
7.2 	 7922.524918064485 
7.22 	 8234.240810873676 
7.24 	 8618.754112947046 
7.26 	 9086.497406096021 
7.28 	 9646.543258214866 
7.3 	 10305.511383009276 
7.32 	 11066.44187206009 
7.34 	 11927.756457863947 
7.36 	 12882.444578956154 
7.38 	 13917.608704722614 
7.4 	 15014.480631576687 
7.42 	 16148.97730620724 
7.44 	 17292.805124124767 
7.46 	 18415.053261919624 
7.48 	 19484.149689771857 
7.5 	 20469.99908793559 
7.52 	 21346.08954350975 
7.54 	 22091.35078925798 
7.56 	 22691.57225318285 
7.58 	 23140.24059900316 
7.6 	 23438.725682250453 
7.62 	 23595.820144075653 
7.64 	 23626.709850602012 
7.66 	 23551.510201403737 
7.68 	 23393.54021330264 
7.7 	 23177.51935942266 
7.72 	 22927.862351846834 
7.74 	 22667.218390784572 
7.76 	 22415.35973152236 
7.78 	 22188.47625309799 
7.8 	 21998.884184343726 
7.82 	 21855.11335707421 
7.84 	 21762.30210102262 
7.86 	 21722.804636111414 
7.88 	 21736.903824520607 
7.9 	 21803.522629926847 
7.92 	 21920.83983173535 
7.94 	 22086.737752483652 
7.96 	 22299.039363692693 
7.98 	 22555.525732208254 
8.0 	 22853.758402499203 
8.02 	 23190.760876487977 
8.04 	 23562.63510022547 
8.06 	 23964.199930834417 
8.08 	 24388.737419534606 
8.1 	 24827.919530109866 
8.12 	 25271.964437470295 
8.14 	 25710.041126154614 
8.16 	 26130.90796914824 
8.18 	 26523.740025136765 
8.2 	 26879.07528920968 
8.22 	 27189.795317997916 
8.24 	 27452.052111597248 
8.26 	 27666.060491218468 
8.28 	 27836.69116658724 
8.3 	 27973.820462805696 
8.32 	 28092.41379349429 
8.34 	 28212.337249978646 
8.36 	 28357.902289353162 
8.38 	 28557.151781084136 
8.4 	 28840.893499639045 
8.42 	 29241.483732347173 
8.44 	 29791.36460949923 
8.46 	 30521.369574110457 
8.48 	 31458.835755147516 
8.5 	 32625.60007648563 
8.52 	 34036.003431933015 
8.54 	 35695.075443180955 
8.56 	 37597.109270496985 
8.58 	 39724.84896718036 
8.6 	 42049.490588246925 
8.62 	 44531.63772820362 
8.64 	 47123.25507912702 
8.66 	 49770.541009993525 
8.68 	 52417.510162737395 
8.7 	 55009.961637219865 
8.72 	 57499.429016661634 
8.74 	 59846.68169466526 
8.76 	 62024.38033319008 
8.78 	 64018.57979129231 
8.8 	 65828.90735792062 
8.82 	 67467.40201274928 
8.84 	 68956.15793141823 
8.86 	 70324.05016810283 
8.88 	 71602.9153344355 
8.9 	 72823.60574765013 
8.92 	 74012.33060921937 
8.94 	 75187.6477713252 
8.96 	 76358.38456181942 
8.98 	 77522.65808457986 
9.0 	 78668.04673090759 
9.02 	 79772.8468957735 
9.04 	 80808.24265869652 
9.06 	 81741.13110999396 
9.08 	 82537.29061134018 
9.1 	 83164.5601355182 
9.12 	 83595.71801733138 
9.14 	 83810.80589004855 
9.16 	 83798.72997162635 
9.18 	 83558.07298764092 
9.2 	 83097.14790509353 
9.22 	 82433.40137193602 
9.24 	 81592.31696941312 
9.26 	 80605.97130702078 
9.28 	 79511.36539137874 
9.3 	 78348.60495928353 
9.32 	 77158.95759612336 
9.34 	 75982.79198910725 
9.36 	 74857.41903580377 
9.38 	 73814.90705789588 
9.4 	 72880.0214519531 
9.42 	 72068.51853881111 
9.44 	 71386.07446337235 
9.46 	 70828.1260035031 
9.48 	 70380.82574022809 
9.5 	 70023.17137660237 
9.52 	 69730.1794516817 
9.54 	 69476.77444815869 
9.56 	 69241.90019008634 
9.58 	 69012.27306878215 
9.6 	 68785.21331863033 
9.62 	 68570.11608342269 
9.64 	 68388.3376881267 
9.66 	 68271.53163312089 
9.68 	 68258.71792940226 
9.7 	 68392.5535421896 
9.72 	 68715.35020116792 
9.74 	 69265.34299207098 
9.76 	 70073.56315533353 
9.78 	 71161.45280697959 
9.8 	 72539.13681790348 
9.82 	 74204.09978194007 
9.84 	 76139.95296789541 
9.86 	 78315.04045163032 
9.88 	 80680.81509877325 
9.9 	 83170.17104819522 
9.92 	 85696.18336024837 
9.94 	 88151.90215765877 
9.96 	 90411.91142829985 
9.98 	 92336.25090135635 
10.0 	 93777.00983272478 
10.02 	 94587.47246945479 
10.04 	 94633.20102929899 
10.06 	 93803.98026317135 
10.08 	 92025.21758477962 
10.1 	 89267.27455693252 
10.12 	 85551.34133262301 
10.14 	 80950.84827174695 
10.16 	 75587.98124871033 
10.18 	 69625.53255023526 
10.2 	 63254.96126661176 
10.22 	 56682.04349989526 
10.24 	 50111.77870288046 
10.26 	 43734.24314971655 
10.28 	 37712.854435993024 
10.3 	 32176.08705583752 
10.32 	 27213.144732085362 
10.34 	 22873.54787516542 
10.36 	 19170.123026630703 
10.38 	 16084.549207080636 
10.4 	 13574.4539266564 
10.42 	 11581.055348179152 
10.44 	 10036.485363252128 
10.46 	 8870.15330991578 
10.48 	 8013.769555152317 
10.5 	 7404.896133676341 
10.52 	 6989.095011827876 
10.54 	 6720.885913201458 
10.56 	 6563.802142909559 
10.58 	 6489.852551166358 
10.6 	 6478.6749509503115 
10.62 	 6516.6168670447805 
10.64 	 6595.917545756332 
10.66 	 6714.100992756475 
10.68 	 6873.629404399796 
10.7 	 7081.812019916015 
10.72 	 7350.916175302501 
10.74 	 7698.384607382364 
10.76 	 8147.026193734838 
10.78 	 8725.01866755661 
10.8 	 9465.54607806901 
10.82 	 10405.897300149141 
10.84 	 11585.881484243662 
10.86 	 13045.476943769461 
10.88 	 14821.722378504033 
10.9 	 16944.978027432004 
10.92 	 19434.816457337747 
10.94 	 22295.928479387272 
10.96 	 25514.52496920102 
10.98 	 29055.755781555283 
11.0 	 32862.63331799907 
11.02 	 36856.83198254579 
11.04 	 40941.541589493856 
11.06 	 45006.30436194835 
11.08 	 48933.49665819693 
11.1 	 52605.87120550759 
11.12 	 55914.39669967837 
11.14 	 58765.553792055725 
11.16 	 61087.288267216085 
11.18 	 62832.98159850454 
11.2 	 63983.05319598421 
11.22 	 64544.11779632615 
11.24 	 64545.93632499793 
11.26 	 64036.66951147446 
11.28 	 63077.1294039824 
11.3 	 61734.799069776236 
11.32 	 60078.34886495103 
11.34 	 58173.23187653836 
11.36 	 56078.72085897765 
11.38 	 53846.49397313579 
11.4 	 51520.62983034586 
11.42 	 49138.67257050216 
11.44 	 46733.30349523665 
11.46 	 44334.12126354197 
11.48 	 41969.08607988903 
11.5 	 39665.30829738461 
11.52 	 37449.03115343445 
11.54 	 35344.83817840649 
11.56 	 33374.275933613724 
11.58 	 31554.1960155992 
11.6 	 29895.1707783181 
11.62 	 28400.321184769284 
11.64 	 27064.820555618 
11.66 	 25876.22195257713 
11.68 	 24815.622124891943 
11.7 	 23859.544936280014 
11.72 	 22982.322443292593 
11.74 	 22158.68660966401 
11.76 	 21366.265507133005 
11.78 	 20587.703338823263 
11.8 	 19812.18556223607 
11.82 	 19036.236013991533 
11.84 	 18263.747449801613 
11.86 	 17505.29605148203 
11.88 	 16776.86264582785 
11.9 	 16098.131191287026 
11.92 	 15490.555819807836 
11.94 	 14975.38317107302 
11.96 	 14571.792261267468 
11.98 	 14295.277131220062 
12.0 	 14156.35596170872 
12.02 	 14159.651199360509 
12.04 	 14303.35343153569 
12.06 	 14579.059637550248 
12.08 	 14971.96386040769 
12.1 	 15461.37313211882 
12.12 	 16021.520329681705 
12.14 	 16622.64496945945 
12.16 	 17232.30974798054 
12.18 	 17816.913013336074 
12.2 	 18343.34482932769 
12.22 	 18780.71785813756 
12.24 	 19102.08620726721 
12.26 	 19286.048890105947 
12.28 	 19318.123365642547 
12.3 	 19191.772426624273 
12.32 	 18908.977494387294 
12.34 	 18480.27484104254 
12.36 	 17924.208233942616 
12.38 	 17266.199643809086 
12.4 	 16536.894462063767 
12.42 	 15770.09285132876 
12.44 	 15000.427154241903 
12.46 	 14260.979585321544 
12.48 	 13581.04893680032 
12.5 	 12984.266368084145 
12.52 	 12487.22830385137 
12.54 	 12098.76220650227 
12.56 	 11819.874712117118 
12.58 	 11644.35965892163 
12.6 	 11559.975090492546 
12.62 	 11550.042021797219 
12.64 	 11595.280387622153 
12.66 	 11675.683095420289 
12.68 	 11772.238142566266 
12.7 	 11868.338824381504 
12.72 	 11950.76808877922 
12.74 	 12010.198425057337 
12.76 	 12041.206151534181 
12.78 	 12041.85195685718 
12.8 	 12012.922712567057 
12.82 	 11956.959287528476 
12.84 	 11877.209542695136 
12.86 	 11776.644694989656 
12.88 	 11657.16199329733 
12.9 	 11519.069388768761 
12.92 	 11360.911678815384 
12.94 	 11179.656203533754 
12.96 	 10971.213831585828 
12.98 	 10731.232209067044 
13.0 	 10456.067426589694 
13.02 	 10143.821017554488 
13.04 	 9795.323766573909 
13.06 	 9414.956446079017 
13.08 	 9011.218342807582 
13.1 	 8596.983288866151 
13.12 	 8189.414589782184 
13.14 	 7809.539336540375 
13.16 	 7481.504900943022 
13.18 	 7231.5540846625145 
13.2 	 7086.761463579549 
13.22 	 7073.575619599457 
13.24 	 7216.215377328217 
13.26 	 7534.977821962069 
13.28 	 8044.534568266913 
13.3 	 8752.31961006282 
13.32 	 9657.142006524118 
13.34 	 10748.181037327382 
13.36 	 12004.530098318588 
13.38 	 13395.439543014341 
13.4 	 14881.363032058935 
13.42 	 16415.83809923573 
13.44 	 17948.137852744974 
13.46 	 19426.531030788392 
13.48 	 20801.898978950943 
13.5 	 22031.3965882032 
13.52 	 23081.821231074522 
13.54 	 23932.373305847064 
13.56 	 24576.550031931507 
13.58 	 25022.99968916552 
13.6 	 25295.261830659067 
13.62 	 25430.41543983891 
13.64 	 25476.74034727406 
13.66 	 25490.56176979445 
13.68 	 25532.493434870845 
13.7 	 25663.325033881207 
13.72 	 25939.819245699207 
13.74 	 26410.694883823355 
13.76 	 27113.074740550986 
13.78 	 28069.6646227324 
13.8 	 29286.89718975805 
13.82 	 30754.214921974173 
13.84 	 32444.579563490097 
13.86 	 34316.18590815873 
13.88 	 36315.237982147555 
13.9 	 38379.532946699204 
13.92 	 40442.51168312998 
13.94 	 42437.39185252041 
13.96 	 44301.0095010958 
13.98 	 45977.05983917662 
14.0 	 47418.53715919016 
14.02 	 48589.30942935418 
14.04 	 49464.90050030728 
14.06 	 50032.66629334295 
14.08 	 50291.61849152688 
14.1 	 50252.1557356876 
14.12 	 49935.904857234025 
14.14 	 49375.762484723564 
14.16 	 48616.081416001085 
14.18 	 47712.79622737892 
14.2 	 46733.1623965791 
14.22 	 45754.72420172225 
14.24 	 44863.15152256454 
14.26 	 44148.702711847676 
14.28 	 43701.2703141074 
14.3 	 43604.22073963306 
14.32 	 43927.505368567385 
14.34 	 44720.748377032636 
14.36 	 46007.15678800574 
14.38 	 47779.113514705285 
14.4 	 49996.18763134547 
14.42 	 52586.03668053636 
14.44 	 55448.318437366885 
14.46 	 58461.32993600894 
14.48 	 61490.71633608073 
14.5 	 64399.30609872492 
14.52 	 67056.98194184228 
14.54 	 69349.51422704324 
14.56 	 71185.45984099153 
14.58 	 72500.53140223275 
14.6 	 73259.21311508756 
14.62 	 73453.77495070385 
14.64 	 73101.15331731798 
14.66 	 72238.37646705969 
14.68 	 70917.29256349661 
14.7 	 69199.30992721402 
14.72 	 67150.70824156588 
14.74 	 64838.86805670798 
14.76 	 62329.54110610496 
14.78 	 59685.08855362318 
14.8 	 56963.47859144455 
14.82 	 54217.77228250419 
14.84 	 51495.83383369537 
14.86 	 48840.06203834185 
14.88 	 46287.02955021173 
14.9 	 43867.01113682022 
14.92 	 41603.46072075163 
14.94 	 39512.547116220034 
14.96 	 37602.875595341065 
14.98 	 35875.50960288579 
15.0 	 34324.37152535257 
15.02 	 32937.05271132116 
15.04 	 31696.009893699153 
15.06 	 30580.075175006492 
15.08 	 29566.165362690073 
15.1 	 28631.047720408038 
15.12 	 27753.006065739704 
15.14 	 26913.255544756412 
15.16 	 26096.977004608114 
15.18 	 25293.881422029168 
15.2 	 24498.267629047517 
15.22 	 23708.59633353745 
15.24 	 22926.661885852696 
15.26 	 22156.49139238766 
15.28 	 21403.13062746517 
15.3 	 20671.482506654644 
15.32 	 19965.34545782678 
15.34 	 19286.75914527589 
15.36 	 18635.710885237895 
15.38 	 18010.197455961847 
15.4 	 17406.58409085241 
15.42 	 16820.163953796233 
15.44 	 16245.802843259571 
15.46 	 15678.556667757257 
15.48 	 15114.170696583522 
15.5 	 14549.403794715377 
15.52 	 13982.160096801277 
15.54 	 13411.44706965883 
15.56 	 12837.206313143864 
15.58 	 12260.077937124943 
15.6 	 11681.160065800635 
15.62 	 11101.813833764256 
15.64 	 10523.545020204965 
15.66 	 9947.971051846043 
15.68 	 9376.86122516043 
15.7 	 8812.222411727405 
15.72 	 8256.394452553464 
15.74 	 7712.119459355555 
15.76 	 7182.5563361976 
15.78 	 6671.223903968728 
15.8 	 6181.870350406544 
15.82 	 5718.280584942388 
15.84 	 5284.044108278565 
15.86 	 4882.312612285624 
15.88 	 4515.5780198880975 
15.9 	 4185.498287437386 
15.92 	 3892.791029574335 
15.94 	 3637.2054186777655 
15.96 	 3417.572598859301 
15.98 	 3231.9256730455 
16.0 	 3077.673431783651 
16.02 	 2951.808105884035 
16.04 	 2851.1266467567184 
16.06 	 2772.4469250235466 
16.08 	 2712.803951580043 
16.1 	 2669.615742628029 
16.12 	 2640.812784898633 
16.14 	 2624.9284520993247 
16.16 	 2621.1497824656462 
16.18 	 2629.32876931107 
16.2 	 2649.95414774043 
16.22 	 2684.083270448173 
16.24 	 2733.233862347115 
16.26 	 2799.2369549242853 
16.28 	 2884.0555657016694 
16.3 	 2989.578680976415 
16.32 	 3117.4062290404845 
16.34 	 3268.6468458596914 
16.36 	 3443.754773102079 
16.38 	 3642.4334995340055 
16.4 	 3863.6303335980033 
16.42 	 4105.637236370513 
16.44 	 4366.299255132201 
16.46 	 4643.3143178997125 
16.48 	 4934.589681909899 
16.5 	 5238.604474293996 
16.52 	 5554.718185415635 
16.54 	 5883.364712661168 
16.56 	 6226.082234321391 
16.58 	 6585.350457441559 
16.6 	 6964.236061779519 
16.62 	 7365.879933789654 
16.64 	 7792.890296925207 
16.66 	 8246.728181422977 
16.68 	 8727.180965555568 
16.7 	 9232.013213542572 
16.72 	 9756.86181367944 
16.74 	 10295.407538275582 
16.76 	 10839.813162510502 
16.78 	 11381.376249788682 
16.8 	 11911.309865832967 
16.82 	 12421.542856015056 
16.84 	 12905.426632686604 
16.86 	 13358.248446530502 
16.88 	 13777.479636531601 
16.9 	 14162.726657081164 
16.92 	 14515.396487145734 
16.94 	 14838.129592660554 
16.96 	 15134.086811705083 
16.98 	 15406.196719336278 
17.0 	 15656.474611050522 
17.02 	 15885.512914891258 
17.04 	 16092.21752837744 
17.06 	 16273.829130063477 
17.08 	 16426.228198899582 
17.1 	 16544.48326147587 
17.12 	 16623.5696206164 
17.14 	 16659.165298471402 
17.16 	 16648.425057071072 
17.18 	 16590.642528267228 
17.2 	 16487.732363275252 
17.22 	 16344.494186825708 
17.24 	 16168.651802131617 
17.26 	 15970.688129485106 
17.28 	 15763.513595471815 
17.3 	 15562.01040129252 
17.32 	 15382.487715449019 
17.34 	 15242.066884658647 
17.36 	 15157.997053299207 
17.38 	 15146.886840956273 
17.4 	 15223.83292322359 
17.42 	 15401.43522646579 
17.44 	 15688.711468916083 
17.46 	 16089.957898442071 
17.48 	 16603.642141738335 
17.5 	 17221.449942163104 
17.52 	 17927.63157003707 
17.54 	 18698.79829499416 
17.56 	 19504.299548850686 
17.58 	 20307.266003530352 
17.6 	 21066.3357553041 
17.62 	 21737.99743441718 
17.64 	 22279.39623933425 
17.66 	 22651.369783674647 
17.68 	 22821.4237561201 
17.7 	 22766.334330713715 
17.72 	 22474.08241854159 
17.74 	 21944.8855268603 
17.76 	 21191.190422794705 
17.78 	 20236.61143221372 
17.8 	 19113.92739200747 
17.82 	 17862.36519628078 
17.84 	 16524.48118022388 
17.86 	 15142.989968236292 
17.88 	 13757.878334367677 
17.9 	 12404.082460050242 
17.92 	 11109.912308258337 
17.94 	 9896.29400722905 
17.96 	 8776.789649855871 
17.98 	 7758.261513052812 
18.0 	 6841.987069972529 
18.02 	 6025.0079414578895 
18.04 	 5301.508373180931 
18.06 	 4664.059081092044 
18.08 	 4104.61880128458 
18.1 	 3615.2461334021446 
18.12 	 3188.5274800430434 
18.14 	 2817.765726609162 
18.16 	 2496.995649240797 
18.18 	 2220.8966739615676 
18.2 	 1984.6652057994197 
18.22 	 1783.8924393865373 
18.24 	 1614.474577857719 
18.26 	 1472.5649836522327 
18.28 	 1354.5646772608504 
18.3 	 1257.1398595928695 
18.32 	 1177.2524627436067 
18.34 	 1112.1909451857487 
18.36 	 1059.5920839637722 
18.38 	 1017.4488862428623 
18.4 	 984.1037982891662 
18.42 	 958.2294437753004 
18.44 	 938.8009258799833 
18.46 	 925.0643627578161 
18.48 	 916.5060731208873 
18.5 	 912.8260350734714 
18.52 	 913.9182270135482 
18.54 	 919.8594632456918 
18.56 	 930.9074986505814 
18.58 	 947.5085437422266 
18.6 	 970.3138783921901 
18.62 	 1000.2049040029057 
18.64 	 1038.325624974674 
18.66 	 1086.121083877046 
18.68 	 1145.3795786437993 
18.7 	 1218.275477111655 
18.72 	 1307.4080776429194 
18.74 	 1415.8302890323732 
18.76 	 1547.0590749752077 
18.78 	 1705.057917501924 
18.8 	 1894.1804208086903 
18.82 	 2119.0641181957453 
18.84 	 2384.465095131269 
18.86 	 2695.0276384684894 
18.88 	 3054.988968208369 
18.9 	 3467.827039301486 
18.92 	 3935.868794670602 
18.94 	 4459.886014839963 
18.96 	 5038.714572479443 
18.98 	 5668.938807490291 
19.0 	 6344.684335052503 
19.02 	 7057.558748977666 
19.04 	 7796.769959537687 
19.06 	 8549.436788286119 
19.08 	 9301.087362598133 
19.1 	 10036.320057698653 
19.12 	 10739.581987330803 
19.14 	 11396.004199652398 
19.16 	 11992.2232620386 
19.18 	 12517.117466577534 
19.2 	 12962.3929722367 
19.22 	 13322.970070855425 
19.24 	 13597.140493392075 
19.26 	 13786.490441368027 
19.28 	 13895.607576508806 
19.3 	 13931.61036175882 
19.32 	 13903.552367760054 
19.34 	 13821.760924284652 
19.36 	 13697.16855830946 
19.38 	 13540.6880373949 
19.4 	 13362.669565672884 
19.42 	 13172.46436793262 
19.44 	 12978.10516418559 
19.46 	 12786.102963720608 
19.48 	 12601.352326727938 
19.5 	 12427.133769754335 
19.52 	 12265.201351314327 
19.54 	 12115.944078409046 
19.56 	 11978.609967977249 
19.58 	 11851.58020331632 
19.6 	 11732.677538503825 
19.62 	 11619.488602115904 
19.64 	 11509.675494133957 
19.66 	 11401.249833630483 
19.68 	 11292.783710523154 
19.7 	 11183.537543448894 
19.72 	 11073.494277958762 
19.74 	 10963.301232847432 
19.76 	 10854.13303919491 
19.78 	 10747.499156663202 
19.8 	 10645.025464071636 
19.82 	 10548.240394872639 
19.84 	 10458.392163759805 
19.86 	 10376.316018883292 
19.88 	 10302.361071922303 
19.9 	 10236.377195919113 
19.92 	 10177.75545441363 
19.94 	 10125.511464834088 
19.96 	 10078.399978154834 
19.98 	 10035.049901283553 
20.0 	 9994.11062007787 
20.02 	 9954.401392988448 
20.04 	 9915.054816556785 
20.06 	 9875.642735904317 
20.08 	 9836.269201542693 
20.1 	 9797.611620479955 
20.12 	 9760.889952371786 
20.14 	 9727.746370731298 
20.16 	 9700.025315799314 
20.18 	 9679.456343549244 
20.2 	 9667.258435468671 
20.22 	 9663.702139186227 
20.24 	 9667.681907541772 
20.26 	 9676.361859319572 
20.28 	 9684.960832529368 
20.3 	 9686.734993925858 
20.32 	 9673.19791606978 
20.34 	 9634.590317730801 
20.36 	 9560.577849341547 
20.38 	 9441.120198025212 
20.4 	 9267.424050292382 
20.42 	 9032.871662274802 
20.44 	 8733.810381099383 
20.46 	 8370.098760912004 
20.48 	 7945.331484071269 
20.5 	 7466.704772499463 
20.52 	 6944.530507494861 
20.54 	 6391.453512804002 
20.56 	 5821.464887142748 
20.58 	 5248.828681558855 
20.6 	 4687.045888202283 
20.62 	 4147.968123887986 
20.64 	 3641.1462643560326 
20.66 	 3173.4619089761304 
20.68 	 2749.0486666867273 
20.7 	 2369.472656091421 
20.72 	 2034.112893872558 
20.74 	 1740.6658544251254 
20.76 	 1485.6953295113108 
20.78 	 1265.15732346757 
20.8 	 1074.846828775245 
20.82 	 910.7347651937184 
20.84 	 769.1849548498391 
20.86 	 647.0593216721904 
20.88 	 541.7323554084292 
20.9 	 451.04246238367455 
20.92 	 373.20857385169256 
20.94 	 306.73662776283226 
20.96 	 250.33405982729312 
20.98 	 202.84303447989944 
21.0 	 163.1963044051395 
21.02 	 130.39429471844338 
21.04 	 103.4987008438479 
21.06 	 81.63652410500477 
21.08 	 64.00866665680965 
21.1 	 49.8984210461821 
21.12 	 38.67685864509061 
21.14 	 29.803781311320012 
21.16 	 22.82424270521253 
21.18 	 17.361525028991082 
21.2 	 13.107867128488419 
21.22 	 9.814267333465448 
21.24 	 7.280459396976281 
21.26 	 5.345815346495395 
21.28 	 3.881573088509544 
21.3 	 2.784489859796115 
21.32 	 1.9718178863019558 
21.34 	 1.3773883995480916 
21.36 	 0.9485576971956444 
21.38 	 0.6437889989824491 
21.4 	 0.43069118563605485 
21.42 	 0.2843899410194954 
21.44 	 0.18615525914237507 
21.46 	 0.12224542258677742 
21.48 	 0.08295025649292968 
21.5 	 0.061827653078847404 
21.52 	 0.055130206884776774 
21.54 	 0.06141633735565312 
21.56 	 0.0813346857536757 
21.58 	 0.11756300085335444 
21.6 	 0.17487348668835573 
21.62 	 0.26028560483798724 
21.64 	 0.3832546769235261 
21.66 	 0.555831032417262 
21.68 	 0.792711600281901 
21.7 	 1.111096583742638 
21.72 	 1.5302619733613538 
21.74 	 2.0707683662638137 
21.76 	 2.75325166001141 
21.78 	 3.5967839142434626 
21.8 	 4.616852500977897 
21.82 	 5.823078315351379 
21.84 	 7.216870784069242 
21.86 	 8.789286332209006 
21.88 	 10.51940307722989 
21.9 	 12.37353309118105 
21.92 	 14.305553143916942 
21.94 	 16.258540551448338 
21.96 	 18.16775703879602 
21.98 	 19.964845311776855 
22.0 	 21.582914795215355 
22.02 	 22.96202547086178 
22.04 	 24.054463630112565 
22.06 	 24.829166938030625 
22.08 	 25.274713329760637 
22.1 	 25.40043806149076 
22.12 	 25.235467872158274 
22.14 	 24.82572815351262 
22.16 	 24.229246642830823 
22.18 	 23.510302450238772 
22.2 	 22.733116076624036 
22.22 	 21.955822049498316 
22.24 	 21.225406171840884 
22.26 	 20.57413738461406 
22.28 	 20.017807792883143 
22.3 	 19.55585008946519 
22.32 	 19.17316752758115 
22.34 	 18.84332057963905 
22.36 	 18.532589016977553 
22.38 	 18.20437811462013 
22.4 	 17.823460166688644 
22.42 	 17.359624385897945 
22.44 	 16.79042994706619 
22.46 	 16.10289648081013 
22.48 	 15.294103212264812 
22.5 	 14.370785834110924 
22.52 	 13.348108452365663 
22.54 	 12.247841864834221 
22.56 	 11.096199616838138 
22.58 	 9.92157427393338 
22.6 	 8.752385094654688 
22.62 	 7.615202612950492 
22.64 	 6.533263082759566 
22.66 	 5.525432728165299 
22.68 	 4.6056332175078545 
22.7 	 3.78269910914232 
22.72 	 3.0606071466606344 
22.74 	 2.438996969995871 
22.76 	 1.9138928662559365 
22.78 	 1.478535678315934 
22.8 	 1.1242414123784361 
22.82 	 0.841216507095603 
22.84 	 0.6192769595065148 
22.86 	 0.44843729925162523 
22.88 	 0.3193536689514063 
22.9 	 0.2236212727652774 
22.92 	 0.15393898539373432 
22.94 	 0.10416236132972571 
22.96 	 0.06927063162115747 
22.98 	 0.04527399919172053 
23.0 	 0.029085456075764144 
23.02 	 0.01837741273097465 
23.04 	 0.011438601233601924 
23.06 	 0.007041796252017687 
23.08 	 0.004328476481785876 
23.1 	 0.00271297137840809 
23.12 	 0.001806034108023746 
23.14 	 0.0013561168461294626 
23.16 	 0.001205759773696285 
23.18 	 0.001260254659476052 
23.2 	 0.0014659214406707872 
23.22 	 0.0017957855898183249 
23.24 	 0.002241055885489615 
23.26 	 0.0028075190113879983 
23.28 	 0.0035167809031027147 
23.3 	 0.004413227641916092 
23.32 	 0.005578711655536373 
23.34 	 0.007158361665029724 
23.36 	 0.009402617985386495 
23.38 	 0.01273260090523544 
23.4 	 0.017838110980583924 
23.42 	 0.025819646407637273 
23.44 	 0.038387282546621625 
23.46 	 0.058129299804533595 
23.48 	 0.08886101696608056 
23.5 	 0.13605817370244427 
23.52 	 0.20736824496045994 
23.54 	 0.3131764919044076 
23.56 	 0.46718143733852024 
23.58 	 0.6869082170560105 
23.6 	 0.9940610676155196 
23.62 	 1.4145931228064625 
23.64 	 1.9783593562174866 
23.66 	 2.7182242897354003 
23.68 	 3.668526580776109 
23.7 	 4.862861698217666 
23.72 	 6.33123078359238 
23.74 	 8.096711398478194 
23.76 	 10.171920370294563 
23.78 	 12.555640899515009 
23.8 	 15.230053201808188 
23.82 	 18.159019475612347 
23.84 	 21.287815740006597 
23.86 	 24.5445720883941 
23.88 	 27.84349015027675 
23.9 	 31.08967698876552 
23.92 	 34.18520379126047 
23.94 	 37.03580527899629 
23.96 	 39.557517728826646 
23.98 	 41.68253418018623 
24.0 	 43.36364172421622 
24.02 	 44.57678523321331 
24.04 	 45.32154478850635 
24.06 	 45.61957959009366 
24.08 	 45.511335776791874 
24.1 	 45.05150186341186 
24.12 	 44.30379887391079 
24.14 	 43.33570479032515 
24.16 	 42.21364315793856 
24.18 	 40.99903497042354 
24.2 	 39.745449824777154 
24.22 	 38.496926127048255 
24.24 	 37.287385595569695 
24.26 	 36.14096110140726 
24.28 	 35.07299633459964 
24.3 	 34.09145970393913 
24.32 	 33.198535766134114 
24.34 	 32.39220430988089 
24.36 	 31.6676781102409 
24.38 	 31.018634655529905 
24.4 	 30.438236648488395 
24.42 	 29.9199855443463 
24.44 	 29.458489279158268 
24.46 	 29.05024916151917 
24.48 	 28.69458220884395 
24.5 	 28.39479456598554 
24.52 	 28.159708668076547 
24.54 	 28.005619589699716 
24.56 	 27.958711139357913 
24.58 	 28.057895649948065 
24.6 	 28.357950206263897 
24.62 	 28.93270723492645 
24.64 	 29.87792695196537 
24.66 	 31.313350889474375 
24.68 	 33.38333852568178 
24.7 	 36.25546177032584 
24.72 	 40.1165187070092 
24.74 	 45.165669023917765 
24.76 	 51.60481391542293 
24.78 	 59.6269388892943 
24.8 	 69.40386390386426 
24.82 	 81.0756087640925 
24.84 	 94.74424368478172 
24.86 	 110.47548274323452 
24.88 	 128.31120941921344 
24.9 	 148.2954403789874 
24.92 	 170.51484049724758 
24.94 	 195.15280318678435 
24.96 	 222.5534388893314 
24.98 	 253.28884767635608 
25.0 	 288.2202022071954 
25.02 	 328.5409521763158 
25.04 	 375.78944416710164 
25.06 	 431.818956733367 
25.08 	 498.7159628922663 
25.1 	 578.6624807862463 
25.12 	 673.7454335670018 
25.14 	 785.7243686498911 
25.16 	 915.7776233574377 
25.18 	 1064.2546777879752 
25.2 	 1230.4674715452645 
25.22 	 1412.5544690790844 
25.24 	 1607.4472665667886 
25.26 	 1810.960296297157 
25.28 	 2018.010374833602 
25.3 	 2222.9560727933135 
25.32 	 2420.029532952145 
25.34 	 2603.818196433556 
25.36 	 2769.7435722850605 
25.38 	 2914.4807312339485 
25.4 	 3036.266591295288 
25.42 	 3135.0569813838742 
25.44 	 3212.5103581809417 
25.46 	 3271.7973762685842 
25.48 	 3317.257218720694 
25.5 	 3353.940639406799 
25.52 	 3387.0934925977817 
25.54 	 3421.6414085628794 
25.56 	 3461.7354966483917 
25.58 	 3510.410797997868 
25.6 	 3569.394810010035 
25.62 	 3639.0845640405505 
25.64 	 3718.6896903941883 
25.66 	 3806.518097585042 
25.68 	 3900.362774383384 
25.7 	 3997.9350251554497 
25.72 	 4097.282955603693 
25.74 	 4197.135336655488 
25.76 	 4297.120291864806 
25.78 	 4397.82474718453 
25.8 	 4500.682374841985 
25.82 	 4607.702085425489 
25.84 	 4721.0726332972135 
25.86 	 4842.698150427849 
25.88 	 4973.731390109214 
25.9 	 5114.174068324832 
25.92 	 5262.606210984609 
25.94 	 5416.089678138882 
25.96 	 5570.267371156222 
25.98 	 5719.652544249048 
26.0 	 5858.076273418554 
26.02 	 5979.2395531824 
26.04 	 6077.302986793859 
26.06 	 6147.443536168235 
26.08 	 6186.314522434435 
26.1 	 6192.360509163705 
26.12 	 6165.959939874172 
26.14 	 6109.391699470798 
26.16 	 6026.643298420785 
26.18 	 5923.0949444758435 
26.2 	 5805.123361802329 
26.22 	 5679.6712944665605 
26.24 	 5553.824057892328 
26.26 	 5434.42522676818 
26.28 	 5327.752076302006 
26.3 	 5239.260204001174 
26.32 	 5173.397792279785 
26.34 	 5133.484299403246 
26.36 	 5121.646090150252 
26.38 	 5138.801905879518 
26.4 	 5184.69287391704 
26.42 	 5257.953601614371 
26.44 	 5356.221702544948 
26.46 	 5476.282332023217 
26.48 	 5614.242099889942 
26.5 	 5765.72378172867 
26.52 	 5926.0705768737935 
26.54 	 6090.547243315469 
26.56 	 6254.52590554658 
26.58 	 6413.646758593423 
26.6 	 6563.947781053395 
26.62 	 6701.9620049985815 
26.64 	 6824.784820158019 
26.66 	 6930.116344870954 
26.68 	 7016.284636673502 
26.7 	 7082.254533424645 
26.72 	 7127.624774484235 
26.74 	 7152.61358769668 
26.76 	 7158.030994125682 
26.78 	 7145.235307841533 
26.8 	 7116.071947465285 
26.82 	 7072.794576428114 
26.84 	 7017.971263833446 
26.86 	 6954.38113472451 
26.88 	 6884.909168495653 
26.9 	 6812.447854369379 
26.92 	 6739.814015277376 
26.94 	 6669.6872567446635 
26.96 	 6604.573472665247 
26.98 	 6546.793174081657 
27.0 	 6498.490769001202 
27.02 	 6461.6579828499325 
27.04 	 6438.162896935116 
27.06 	 6429.775851186354 
27.08 	 6438.184625283542 
27.1 	 6464.993483622979 
27.12 	 6511.703253215863 
27.14 	 6579.671994519193 
27.16 	 6670.057594209177 
27.18 	 6783.74463298376 
27.2 	 6921.258363815593 
27.22 	 7082.669003641351 
27.24 	 7267.490255168013 
27.26 	 7474.577324299307 
27.28 	 7702.031658214633 
27.3 	 7947.121840419471 
27.32 	 8206.23195535403 
27.34 	 8474.849651313802 
27.36 	 8747.605617032004 
27.38 	 9018.374051704634 
27.4 	 9280.440042338352 
27.42 	 9526.73484972141 
27.44 	 9750.134289151514 
27.46 	 9943.80898773357 
27.48 	 10101.608595238204 
27.5 	 10218.455389969107 
27.52 	 10290.716754442039 
27.54 	 10316.52162369411 
27.56 	 10295.984437702751 
27.58 	 10231.302617440948 
27.6 	 10126.701071337216 
27.62 	 9988.209939291637 
27.64 	 9823.27888418141 
27.66 	 9640.250844697115 
27.68 	 9447.737500723319 
27.7 	 9253.954619527529 
27.72 	 9066.085029037413 
27.74 	 8889.738124902186 
27.76 	 8728.566763802826 
27.78 	 8584.085793918339 
27.8 	 8455.713359081974 
27.82 	 8341.029555285271 
27.84 	 8236.220638395762 
27.86 	 8136.654415101439 
27.88 	 8037.516827381229 
27.9 	 7934.433258314895 
27.92 	 7824.0016854781925 
27.94 	 7704.178016670439 
27.96 	 7574.47490126913 
27.98 	 7435.960995804998 
28.0 	 7291.074310616628 
28.02 	 7143.28694684008 
28.04 	 6996.6757967913845 
28.06 	 6855.462238619829 
28.08 	 6723.5826009836455 
28.1 	 6604.340925664905 
28.12 	 6500.178503063144 
28.14 	 6412.574015859499 
28.16 	 6342.067528673391 
28.18 	 6288.38437192402 
28.2 	 6250.623699997559 
28.22 	 6227.472426553198 
28.24 	 6217.408246384531 
28.26 	 6218.864194448384 
28.28 	 6230.339429931391 
28.3 	 6250.454025559369 
28.32 	 6277.95696507229 
28.34 	 6311.704349218309 
28.36 	 6350.627906472495 
28.38 	 6393.712226063774 
28.4 	 6439.993538679921 
28.42 	 6488.584922433893 
28.44 	 6538.7244132495625 
28.46 	 6589.835507088099 
28.48 	 6641.585401057308 
28.5 	 6693.925793636548 
28.52 	 6747.104104139009 
28.54 	 6801.638760310043 
28.56 	 6858.25934613086 
28.58 	 6917.8192399378 
28.6 	 6981.193348070972 
28.62 	 7049.175541776616 
28.64 	 7122.389026436942 
28.66 	 7201.218507585173 
28.68 	 7285.7667921327875 
28.7 	 7375.831987293346 
28.72 	 7470.8964675681045 
28.74 	 7570.1167151029695 
28.76 	 7672.304782135527 
28.78 	 7775.897353214322 
28.8 	 7878.916124397467 
28.82 	 7978.931615483723 
28.84 	 8073.049341105794 
28.86 	 8157.940354011692 
28.88 	 8229.936056383876 
28.9 	 8285.199450827433 
28.92 	 8319.972560813765 
28.94 	 8330.88468917116 
28.96 	 8315.291432905624 
28.98 	 8271.603093910297 
29.0 	 8199.556015897364 
29.02 	 8100.383050777119 
29.04 	 7976.849938316223 
29.06 	 7833.141427591908 
29.08 	 7674.601722533474 
29.1 	 7507.354767645195 
29.12 	 7337.8473927547875 
29.14 	 7172.369406645784 
29.16 	 7016.607526768629 
29.18 	 6875.28417461787 
29.2 	 6751.918748310466 
29.22 	 6648.730325374744 
29.24 	 6566.679949921413 
29.26 	 6505.631055688974 
29.28 	 6464.591199485184 
29.3 	 6441.98939194485 
29.32 	 6435.94209527462 
29.34 	 6444.4673645712555 
29.36 	 6465.6194004446215 
29.38 	 6497.532720669496 
29.4 	 6538.383352458957 
29.42 	 6586.290775003696 
29.44 	 6639.19594405304 
29.46 	 6694.75547952311 
29.48 	 6750.288993496151 
29.5 	 6802.805949969283 
29.52 	 6849.122150402327 
29.54 	 6886.0568815000615 
29.56 	 6910.683605762703 
29.58 	 6920.593531996689 
29.6 	 6914.125485779421 
29.62 	 6890.518844333377 
29.64 	 6849.958709806066 
29.66 	 6793.501846421169 
29.68 	 6722.894480616442 
29.7 	 6640.31426444387 
29.72 	 6548.084039382632 
29.74 	 6448.411139658123 
29.76 	 6343.201403442049 
29.78 	 6233.982702536253 
29.8 	 6121.951712358659 
29.82 	 6008.1343652888645 
29.84 	 5893.629919667618 
29.86 	 5779.895015718174 
29.88 	 5669.019867999747 
29.9 	 5563.953889932358 
29.92 	 5468.650266863172 
29.94 	 5388.114336038942 
29.96 	 5328.354602007258 
29.98 	 5296.244082134869 
30.0 	 5299.301592320129 
30.02 	 5345.398212581704 
30.04 	 5442.3866095248695 
30.06 	 5597.644835106523 
30.08 	 5817.526574962546 
30.1 	 6106.720081545395 
30.12 	 6467.538887616537 
30.14 	 6899.195994325655 
30.16 	 7397.143361394055 
30.18 	 7952.58186485856 
30.2 	 8552.254985018693 
30.22 	 9178.626116506233 
30.24 	 9810.502585749235 
30.26 	 10424.112657037003 
30.28 	 10994.573695818452 
30.3 	 11497.622634148041 
30.32 	 11911.427425059392 
30.34 	 12218.271742125931 
30.36 	 12405.911453787252 
30.38 	 12468.440556796522 
30.4 	 12406.569784472102 
30.42 	 12227.301236050705 
30.44 	 11943.062694385331 
30.46 	 11570.431954342052 
30.48 	 11128.62408537135 
30.5 	 10637.92811807332 
30.52 	 10118.265154758212 
30.54 	 9588.003441045234 
30.56 	 9063.116770086302 
30.58 	 8556.720786734271 
30.6 	 8078.97593837665 
30.62 	 7637.311603803306 
30.64 	 7236.905327093074 
30.66 	 6881.34280068392 
30.68 	 6573.384715135902 
30.7 	 6315.771336927747 
30.72 	 6112.000610116853 
30.74 	 5967.018045937849 
30.76 	 5887.755993071326 
30.78 	 5883.4574593374255 
30.8 	 5965.718587317309 
30.82 	 6148.188307708689 
30.84 	 6445.87784265246 
30.86 	 6874.059866305455 
30.88 	 7446.778427580621 
30.9 	 8175.044344215596 
30.92 	 9064.851252251921 
30.94 	 10115.20594207097 
30.96 	 11316.411654184856 
30.98 	 12648.862672957564 
31.0 	 14082.592841472155 
31.02 	 15577.764246749617 
31.04 	 17086.186995992604 
31.06 	 18553.836462381554 
31.08 	 19924.19772281964 
31.1 	 21142.140057616067 
31.12 	 22157.930031397802 
31.14 	 22930.948598622126 
31.16 	 23432.69645965085 
31.18 	 23648.752198534447 
31.2 	 23579.477875825265 
31.22 	 23239.425767879016 
31.24 	 22655.561743651673 
31.26 	 21864.559362826174 
31.28 	 20909.513381136523 
31.3 	 19836.46016097233 
31.32 	 18691.07435763 
31.34 	 17515.844994001203 
31.36 	 16347.935728646673 
31.38 	 15217.823219042075 
31.4 	 14148.702715921087 
31.42 	 13156.566030496515 
31.44 	 12250.802308413711 
31.46 	 11435.148571975607 
31.48 	 10708.821093998175 
31.5 	 10067.682956555864 
31.52 	 9505.338741121868 
31.54 	 9014.085824382344 
31.56 	 8585.686780522956 
31.58 	 8211.955069081669 
31.6 	 7885.16520167943 
31.62 	 7598.309575315345 
31.64 	 7345.228922590163 
31.66 	 7120.643987391497 
31.68 	 6920.114446935401 
31.7 	 6739.948536183332 
31.72 	 6577.083925173357 
31.74 	 6428.957320046545 
31.76 	 6293.376954872437 
31.78 	 6168.408586174463 
31.8 	 6052.281932584986 
31.82 	 5943.3210357493 
31.84 	 5839.899156649827 
31.86 	 5740.416893631781 
31.88 	 5643.301327708226 
31.9 	 5547.023990360523 
31.92 	 5450.135873257503 
31.94 	 5351.317992578771 
31.96 	 5249.445672334497 
31.98 	 5143.663442122594 
32.0 	 5033.465315495577 
32.02 	 4918.772628391775 
32.04 	 4799.999217793467 
32.06 	 4678.092227659282 
32.08 	 4554.536854434213 
32.1 	 4431.315253017201 
32.12 	 4310.813662410156 
32.14 	 4195.677304444267 
32.16 	 4088.6192091856956 
32.18 	 3992.196063725526 
32.2 	 3908.570554928566 
32.22 	 3839.284491852015 
32.24 	 3785.0692830999365 
32.26 	 3745.7193117084257 
32.28 	 3720.048960139036 
32.3 	 3705.945613161064 
32.32 	 3700.5197197418215 
32.34 	 3700.340424724658 
32.36 	 3701.7333811753433 
32.38 	 3701.1082507679266 
32.4 	 3695.2788865031516 
32.42 	 3681.740291926568 
32.44 	 3658.8731325256526 
32.46 	 3626.0577230060994 
32.48 	 3583.693071632455 
32.5 	 3533.130377478255 
32.52 	 3476.5421192391236 
32.54 	 3416.755876816952 
32.56 	 3357.085418637438 
32.58 	 3301.1902893745896 
32.6 	 3252.989650657429 
32.62 	 3216.647260409403 
32.64 	 3196.6330710826805 
32.66 	 3197.8537818972927 
32.68 	 3225.8306323145066 
32.7 	 3286.888861127859 
32.72 	 3388.311134195736 
32.74 	 3538.398969666121 
32.76 	 3746.384249188491 
32.78 	 4022.1397124268515 
32.8 	 4375.6545617490865 
32.82 	 4816.269143497494 
32.84 	 5351.699234885823 
32.86 	 5986.921552392558 
32.88 	 6723.031476730711 
32.9 	 7556.2142405703 
32.92 	 8476.984660221538 
32.94 	 9469.842327454373 
32.96 	 10513.456621069994 
32.98 	 11581.440785143697 
33.0 	 12643.702972263412 
33.02 	 13668.284674378545 
33.04 	 14623.525642719093 
33.06 	 15480.341423341868 
33.08 	 16214.37466493537 
33.1 	 16807.789452729026 
33.12 	 17250.518377298748 
33.14 	 17540.83840873725 
33.16 	 17685.232984885675 
33.18 	 17697.580840444785 
33.2 	 17597.784182537755 
33.22 	 17409.999871496482 
33.24 	 17160.661856509458 
33.26 	 16876.480991842458 
33.28 	 16582.583948549673 
33.3 	 16300.913922971007 
33.32 	 16048.9712321649 
33.34 	 15838.93003588912 
33.36 	 15677.134463548797 
33.38 	 15563.95633159244 
33.4 	 15493.98708045171 
33.42 	 15456.535432943992 
33.44 	 15436.404746756252 
33.46 	 15414.924875079407 
33.48 	 15371.208285362412 
33.5 	 15283.587010410392 
33.52 	 15131.166262745985 
33.54 	 14895.405613134411 
33.56 	 14561.61516347384 
33.58 	 14120.238872858306 
33.6 	 13567.79638585489 
33.62 	 12907.372504264848 
33.64 	 12148.580535101466 
33.66 	 11306.978764599176 
33.68 	 10402.981104766463 
33.7 	 9460.36385275429 
33.72 	 8504.5202061834 
33.74 	 7560.64397694164 
33.76 	 6652.0285981060515 
33.78 	 5798.646379370877 
33.8 	 5016.130079912838 
33.82 	 4315.222011652773 
33.84 	 3701.694841771793 
33.86 	 3176.6927668240955 
33.88 	 2737.399607096736 
33.9 	 2377.9162656704902 
33.92 	 2090.2249273022057 
33.94 	 1865.1290736912877 
33.96 	 1693.0822726035026 
33.98 	 1564.8490783789566 
34.0 	 1471.972693226378 
34.02 	 1407.0517476963314 
34.04 	 1363.849676314914 
34.06 	 1337.2733558973457 
34.08 	 1323.2630517150683 
34.1 	 1318.6344503370342 
34.12 	 1320.907432104709 
34.14 	 1328.1472463289285 
34.16 	 1338.8337900938168 
34.18 	 1351.765331326786 
34.2 	 1365.9953939233196 
34.22 	 1380.7962878883618 
34.24 	 1395.6401021426495 
34.26 	 1410.1876595879157 
34.28 	 1424.277441761118 
34.3 	 1437.9091324304063 
34.32 	 1451.2194793191418 
34.34 	 1464.4509894681782 
34.36 	 1477.9160877730292 
34.38 	 1491.960528007164 
34.4 	 1506.9300169772368 
34.42 	 1523.1433448061814 
34.44 	 1540.8740848153247 
34.46 	 1560.3414751343028 
34.48 	 1581.7097603572377 
34.5 	 1605.0943368416793 
34.52 	 1630.5726858664973 
34.54 	 1658.1983312850432 
34.56 	 1688.016803567354 
34.58 	 1720.083567133239 
34.6 	 1754.4847105933338 
34.62 	 1791.3615289886989 
34.64 	 1830.9396488153711 
34.66 	 1873.5619611898205 
34.68 	 1919.7225128617897 
34.7 	 1970.0961327905786 
34.72 	 2025.5566516093572 
34.74 	 2087.175894698591 
34.76 	 2156.1968598044837 
34.78 	 2233.9779327523584 
34.8 	 2321.9104192510827 
34.82 	 2421.3182442802886 
34.84 	 2533.3550463530228 
34.86 	 2658.918457508595 
34.88 	 2798.602591054146 
34.9 	 2952.7066289765608 
34.92 	 3121.3097019557435 
34.94 	 3304.410769508774 
34.96 	 3502.118657911705 
34.98 	 3714.8641869195326 
35.0 	 3943.5960248910906 
35.02 	 4189.9168813674105 
35.04 	 4456.118451326373 
35.06 	 4745.082670298303 
35.08 	 5060.032638312415 
35.1 	 5404.137232818877 
35.12 	 5779.996311775094 
35.14 	 6189.055362077971 
35.16 	 6631.01622337698 
35.18 	 7103.321152767128 
35.2 	 7600.788706059648 
35.22 	 8115.47044170179 
35.24 	 8636.777388827186 
35.26 	 9151.89619353716 
35.28 	 9646.480076470145 
35.3 	 10105.56375616239 
35.32 	 10514.619684541298 
35.34 	 10860.65066942032 
35.36 	 11133.205617732021 
35.38 	 11325.213213265108 
35.4 	 11433.552771663659 
35.42 	 11459.319457372685 
35.44 	 11407.787245111973 
35.46 	 11288.120612538845 
35.48 	 11112.927642865645 
35.5 	 10897.776366369613 
35.52 	 10660.8077728629 
35.54 	 10422.570159298144 
35.56 	 10206.169850240147 
35.58 	 10037.78455886193 
35.6 	 9947.52142187498 
35.62 	 9970.527515940901 
35.64 	 10148.183678278563 
35.66 	 10529.14173284484 
35.68 	 11169.911459027828 
35.7 	 12134.67864683099 
35.72 	 13494.051071914886 
35.74 	 15322.494810840079 
35.76 	 17694.343914259895 
35.78 	 20678.439484257615 
35.8 	 24331.667290412985 
35.82 	 28691.893032792224 
35.84 	 33771.00825035795 
35.86 	 39548.95840025902 
35.88 	 45969.6881144775 
35.9 	 52939.874655001746 
35.92 	 60331.112100902144 
35.94 	 67985.86099355861 
35.96 	 75727.02214057908 
35.98 	 83370.48511706648 
36.0 	 90739.51650262385 
36.02 	 97679.47239707073 
36.04 	 104071.11971365953 
36.06 	 109840.88459040789 
36.08 	 114966.63271577895 
36.1 	 119478.10208660032 
36.12 	 123451.78831080826 
36.14 	 127000.82674767898 
36.16 	 130261.1067595207 
36.18 	 133375.37511253127 
36.2 	 136477.3454438225 
36.22 	 139677.77821004557 
36.24 	 143054.13444422887 
36.26 	 146644.79746445757 
36.28 	 150448.10790604414 
36.3 	 154425.7065419874 
36.32 	 158509.0663021238 
36.34 	 162607.7334638281 
36.36 	 166617.75078049928 
36.38 	 170428.99873581767 
36.4 	 173930.69446876037 
36.42 	 177014.90803194727 
36.44 	 179578.5444353415 
36.46 	 181524.65882456952 
36.48 	 182764.12506340197 
36.5 	 183218.53431921022 
36.52 	 182824.80165152566 
36.54 	 181541.40759864048 
36.56 	 179355.63500041718 
36.58 	 176290.71475464036 
36.6 	 172411.56972856456 
36.62 	 167827.88833233947 
36.64 	 162693.54907156786 
36.66 	 157201.88206327352 
36.68 	 151576.79065074192 
36.7 	 146060.26305046992 
36.72 	 140897.20291079965 
36.74 	 136318.76162578736 
36.76 	 132525.4681652137 
36.78 	 129671.45663421639 
36.8 	 127851.02881307552 
36.82 	 127088.6877719416 
36.84 	 127333.64365266662 
36.86 	 128459.60220055246 
36.88 	 130270.36422410625 
36.9 	 132511.35858017285 
36.92 	 134886.6977781999 
36.94 	 137080.72083191667 
36.96 	 138782.35394342715 
36.98 	 139710.08957092566 
37.0 	 139635.0792321215 
37.02 	 138399.8517827564 
37.04 	 135930.5507056467 
37.06 	 132241.30425869377 
37.08 	 127430.30265108834 
37.1 	 121668.20378163684 
37.12 	 115180.4474067751 
37.14 	 108225.76536419496 
37.16 	 101073.51999731048 
37.18 	 93982.44291887796 
37.2 	 87182.91730983321 
37.22 	 80864.24958786603 
37.24 	 75167.55060751364 
37.26 	 70184.0407025459 
37.28 	 65957.93321981326 
37.3 	 62492.62095302663 
37.32 	 59758.719885518956 
37.34 	 57702.596297766984 
37.36 	 56254.26100141159 
37.38 	 55333.882919525466 
37.4 	 54856.5757231099 
37.42 	 54735.47922889622 
37.44 	 54883.44440616108 
37.46 	 55213.811253329666 
37.48 	 55640.83610948192 
37.5 	 56080.28801497191 
37.52 	 56450.61193588061 
37.54 	 56674.876061302 
37.56 	 56683.510791657645 
37.58 	 56417.63984699814 
37.6 	 55832.62979416956 
37.62 	 54901.37020883184 
37.64 	 53616.762340814625 
37.66 	 51992.94819608236 
37.68 	 50064.949241561764 
37.7 	 47886.58487834407 
37.72 	 45526.77358952236 
37.74 	 43064.54536513738 
37.76 	 40583.273931893615 
37.78 	 38164.740690675404 
37.8 	 35883.65262087578 
37.82 	 33803.15496302092 
37.84 	 31971.724608242224 
37.86 	 30421.632985557546 
37.88 	 29168.964782448318 
37.9 	 28215.005737063268 
37.92 	 27548.694369167057 
37.94 	 27149.780428339254 
37.96 	 26992.343660929906 
37.98 	 27048.384159539568 
38.0 	 27291.276036466705 
38.02 	 27698.95346636306 
38.04 	 28256.75016391881 
38.06 	 28959.82645064971 
38.08 	 29815.089669795587 
38.1 	 30842.45287341004 
38.12 	 32075.202584823313 
38.14 	 33559.18517916211 
38.16 	 35350.501790875336 
38.18 	 37511.449774266686 
38.2 	 40104.58235716432 
38.22 	 43184.98101503842 
38.24 	 46791.1325489413 
38.26 	 50935.13952207175 
38.28 	 55593.31412516075 
38.3 	 60698.44436751124 
38.32 	 66135.10866374089 
38.34 	 71739.29441236772 
38.36 	 77303.22090227844 
38.38 	 82585.69146643282 
38.4 	 87327.56653321817 
38.42 	 91271.1637813804 
38.44 	 94181.6874926315 
38.46 	 95868.30292124441 
38.48 	 96202.31333286976 
38.5 	 95130.12460067679 
38.52 	 92679.28205007185 
38.54 	 88956.7513237977 
38.56 	 84139.64584497368 
38.58 	 78459.60423924738 
38.6 	 72182.82340009625 
38.62 	 65588.22801027595 
38.64 	 58946.341247206445 
38.66 	 52501.124692802245 
38.68 	 46456.45648116177 
38.7 	 40968.14060097205 
38.72 	 36141.52998628526 
38.74 	 32034.13278252294 
38.76 	 28662.051081972182 
38.78 	 26008.82286556489 
38.8 	 24035.200740720393 
38.82 	 22688.565942993 
38.84 	 21910.979622242812 
38.86 	 21645.245023355186 
38.88 	 21838.729879147188 
38.9 	 22445.029808590913 
38.92 	 23423.811035626815 
38.94 	 24739.341507216443 
38.96 	 26358.30311709322 
38.98 	 28247.48124125817 
39.0 	 30371.861695482126 
39.02 	 32693.54177403381 
39.04 	 35171.695268953205 
39.06 	 37763.6382902125 
39.08 	 40426.8441963238 
39.1 	 43121.57647059135 
39.12 	 45813.67383072562 
39.14 	 48476.95569001935 
39.16 	 51094.734549114095 
39.18 	 53660.029612848855 
39.2 	 56174.26307253624 
39.22 	 58644.462553323676 
39.24 	 61079.25371062233 
39.26 	 63484.16280705379 
39.28 	 65856.9178677121 
39.3 	 68183.5045654306 
39.32 	 70435.68028683572 
39.34 	 72570.47746254024 
39.36 	 74531.95674609754 
39.38 	 76255.14206826316 
39.4 	 77671.73554997705 
39.42 	 78716.92693011145 
39.44 	 79336.4290967746 
39.46 	 79492.8216372629 
39.48 	 79170.37764247302 
39.5 	 78377.76870720743 
39.52 	 77148.34908984788 
39.54 	 75538.05676550829 
39.56 	 73621.27715390481 
39.58 	 71485.24384966608 
39.6 	 69223.66817160937 
39.62 	 66930.289228973 
39.64 	 64692.936517039896 
39.66 	 62588.534023289045 
39.68 	 60679.29232391194 
39.7 	 59010.173058339285 
39.72 	 57607.59482850585 
39.74 	 56479.2888581062 
39.76 	 55615.196825207655 
39.78 	 54989.310360159856 
39.8 	 54562.35675341736 
39.82 	 54285.21902466796 
39.84 	 54102.93317072338 
39.86 	 53959.03764235322 
39.88 	 53799.97791310255 
39.9 	 53579.21590161429 
39.92 	 53260.681474425706 
39.94 	 52821.2440405929 
39.96 	 52251.976380022854 
39.98 	 51558.1173178539 
40.0 	 50757.79186094038 
40.02 	 49879.69000283444 
40.04 	 48960.01391220116 
40.06 	 48039.06072453929 
40.08 	 47157.808724184884 
40.1 	 46354.823827367836 
40.12 	 45663.71570838437 
40.14 	 45111.268655353255 
40.16 	 44716.271834535044 
40.18 	 44488.9938220932 
40.2 	 44431.19694043763 
40.22 	 44536.56997125924 
40.24 	 44791.467683717514 
40.26 	 45175.87165814026 
40.28 	 45664.516538441654 
40.3 	 46228.148035937666 
40.32 	 46834.88691629897 
40.34 	 47451.66575094258 
40.36 	 48045.68691350672 
40.38 	 48585.82953985427 
40.4 	 49043.91943720427 
40.42 	 49395.7767706607 
40.44 	 49621.97495106696 
40.46 	 49708.278224600224 
40.48 	 49645.76788531348 
40.5 	 49430.70785846576 
40.52 	 49064.2297875909 
40.54 	 48551.92876792707 
40.56 	 47903.45137343189 
40.58 	 47132.130717345826 
40.6 	 46254.68617759139 
40.62 	 45290.96724408277 
40.64 	 44263.69024646947 
40.66 	 43198.099401532774 
40.68 	 42121.4819560557 
40.7 	 41062.48006860199 
40.72 	 40050.166107471 
40.74 	 39112.87914904784 
40.76 	 38276.85502990563 
40.78 	 37564.71765850459 
40.8 	 36993.93328021224 
40.82 	 36575.359453794874 
40.84 	 36312.042768832485 
40.86 	 36198.428391902635 
40.88 	 36220.13421050437 
40.9 	 36354.40755505351 
40.92 	 36571.32153024685 
40.94 	 36835.68461322355 
40.96 	 37109.54138834949 
40.98 	 37355.04945167731 
41.0 	 37537.44558816193 
41.02 	 37627.77979375436 
41.04 	 37605.109309505235 
41.06 	 37457.908210647736 
41.08 	 37184.552571346794 
41.1 	 36792.86908645411 
41.12 	 36298.86315140272 
41.14 	 35724.847333616235 
41.16 	 35097.25435735208 
41.18 	 34444.43050360169 
41.2 	 33794.66673004979 
41.22 	 33174.64683292065 
41.24 	 32608.392599987077 
41.26 	 32116.685866498006 
41.28 	 31716.86565153768 
41.3 	 31422.848693829583 
41.32 	 31245.20980375979 
41.34 	 31191.182772766722 
41.36 	 31264.494838978346 
41.38 	 31465.0153439268 
41.4 	 31788.268138831372 
41.42 	 32224.91446426289 
41.44 	 32760.34845193096 
41.46 	 33374.555408418884 
41.48 	 34042.36270391558 
41.5 	 34734.16791617605 
41.52 	 35417.16597494518 
41.54 	 36057.02589242459 
41.56 	 36619.8987152284 
41.58 	 37074.581659584735 
41.6 	 37394.62741801226 
41.62 	 37560.17811624233 
41.64 	 37559.32272690653 
41.66 	 37388.82349151431 
41.68 	 37054.12582456792 
41.7 	 36568.64862626478 
41.72 	 35952.43676999123 
41.74 	 35230.33254093732 
41.76 	 34429.87653216703 
41.78 	 33579.17229104405 
41.8 	 32704.93879902679 
41.82 	 31830.9323947562 
41.84 	 30976.852660151486 
41.86 	 30157.76750519941 
41.88 	 29384.0160973613 
41.9 	 28661.488666058598 
41.92 	 27992.150089588955 
41.94 	 27374.67384194311 
41.96 	 26805.081338424905 
41.98 	 26277.329313088456 
42.0 	 25783.84057837486 
42.02 	 25316.01644986494 
42.04 	 24864.790217076294 
42.06 	 24421.27421938901 
42.08 	 23977.519860961 
42.1 	 23527.359101988462 
42.12 	 23067.24157411622 
42.14 	 22596.93909333782 
42.16 	 22119.972255003097 
42.18 	 21643.62952505435 
42.2 	 21178.497614268526 
42.22 	 20737.494995440513 
42.24 	 20334.484306463215 
42.26 	 19982.617421602194 
42.28 	 19692.62346574845 
42.3 	 19471.27356708485 
42.32 	 19320.241746044896 
42.34 	 19235.5312384584 
42.36 	 19207.558310728713 
42.38 	 19221.894197480287 
42.4 	 19260.574969528232 
42.42 	 19303.812967405735 
42.44 	 19331.893028517145 
42.46 	 19327.01876324795 
42.48 	 19274.890068919896 
42.5 	 19165.839196388446 
42.52 	 18995.420820047988 
42.54 	 18764.43039405677 
42.56 	 18478.401978175527 
42.58 	 18146.699823189992 
42.6 	 17781.35824033832 
42.62 	 17395.836927041666 
42.64 	 17003.844412466122 
42.66 	 16618.345956046884 
42.68 	 16250.823066213256 
42.7 	 15910.800438436161 
42.72 	 15605.612534505042 
42.74 	 15340.353566315292 
42.76 	 15117.944671279087 
42.78 	 14939.259656034052 
42.8 	 14803.271291774625 
42.82 	 14707.206942826471 
42.84 	 14646.727861769434 
42.86 	 14616.164305133181 
42.88 	 14608.844352269989 
42.9 	 14617.546339733582 
42.92 	 14635.0844024076 
42.94 	 14655.007508110184 
42.96 	 14672.360212951915 
42.98 	 14684.424746460389 
43.0 	 14691.345456944677 
43.02 	 14696.533349871197 
43.04 	 14706.763300757533 
43.06 	 14731.909145232785 
43.08 	 14784.308272921504 
43.1 	 14877.800379104365 
43.12 	 15026.535388278942 
43.14 	 15243.683723253434 
43.16 	 15540.200343471519 
43.18 	 15923.788283436508 
43.2 	 16398.17852085818 
43.22 	 16962.79637420331 
43.24 	 17612.82929520285 
43.26 	 18339.657351798516 
43.28 	 19131.565352974045 
43.3 	 19974.63077406821 
43.32 	 20853.67635752325 
43.34 	 21753.18806265162 
43.36 	 22658.122247457384 
43.38 	 23554.55356741429 
43.4 	 24430.14074652516 
43.42 	 25274.407047281868 
43.44 	 26078.844778789306 
43.46 	 26836.85992328839 
43.48 	 27543.576730323817 
43.5 	 28195.525713409443 
43.52 	 28790.243489328757 
43.54 	 29325.819216981527 
43.56 	 29800.428445049565 
43.58 	 30211.898753020927 
43.6 	 30557.35084108867 
43.62 	 30832.953024512088 
43.64 	 31033.817135774392 
43.66 	 31154.05136060243 
43.68 	 31186.972500607335 
43.7 	 31125.46799091426 
43.72 	 30962.487149519508 
43.74 	 30691.631172726204 
43.76 	 30307.801638387748 
43.78 	 29807.857620313385 
43.8 	 29191.223026256524 
43.82 	 28460.380792864005 
43.84 	 27621.192126022746 
43.86 	 26682.989643727647 
43.88 	 25658.413944458855 
43.9 	 24562.992084348854 
43.92 	 23414.48929439442 
43.94 	 22232.0957089771 
43.96 	 21035.531301380408 
43.98 	 19844.159591892534 
44.0 	 18676.19212255373 
44.02 	 17548.043191037523 
44.04 	 16473.863433034156 
44.06 	 15465.24914136713 
44.08 	 14531.099297935263 
44.1 	 13677.579628705615 
44.12 	 12908.154408694934 
44.14 	 12223.660038977452 
44.16 	 11622.414114549452 
44.18 	 11100.372752611267 
44.2 	 10651.360839110612 
44.22 	 10267.400457991756 
44.24 	 9939.151462476917 
44.26 	 9656.457831450907 
44.28 	 9408.96960385134 
44.3 	 9186.789247270692 
44.32 	 8981.078956114201 
44.34 	 8784.565056146203 
44.36 	 8591.887957498766 
44.38 	 8399.768616764391 
44.4 	 8206.990747205762 
44.42 	 8014.226486594464 
44.44 	 7823.756409627399 
44.46 	 7639.148232410524 
44.48 	 7464.959609437302 
44.5 	 7306.51846154447 
44.52 	 7169.810852313791 
44.54 	 7061.47513058842 
44.56 	 6988.86713863054 
44.58 	 6960.131106992932 
44.6 	 6984.191015331384 
44.62 	 7070.573409595876 
44.64 	 7228.9885076767005 
44.66 	 7468.632178717593 
44.68 	 7797.223295085458 
44.7 	 8219.851245985665 
44.72 	 8737.766174815637 
44.74 	 9347.287586602077 
44.76 	 10039.024370796064 
44.78 	 10797.583750953312 
44.8 	 11601.896779416265 
44.82 	 12426.209127406151 
44.84 	 13241.689823361563 
44.86 	 14018.513438579315 
44.88 	 14728.190546330563 
44.9 	 15345.872435545685 
44.92 	 15852.348961296215 
44.94 	 16235.495382621362 
44.96 	 16490.99921193921 
44.98 	 16622.29857271345 
45.0 	 16639.771979396108 
45.02 	 16559.317475660326 
45.04 	 16400.53091884537 
45.06 	 16184.728556528244 
45.08 	 15933.054683651437 
45.1 	 15664.875130569182 
45.12 	 15396.591636957251 
45.14 	 15140.934498089588 
45.16 	 14906.7157335239 
45.18 	 14698.964990826575 
45.2 	 14519.333931454805 
45.22 	 14366.645130521218 
45.24 	 14237.476337540857 
45.26 	 14126.703596164045 
45.28 	 14027.967732958543 
45.3 	 13934.067948194546 
45.32 	 13837.314942723378 
45.34 	 13729.888570957095 
45.36 	 13604.239888796894 
45.38 	 13453.557331095562 
45.4 	 13272.287688472212 
45.42 	 13056.672569671018 
45.44 	 12805.238187312314 
45.46 	 12519.166811197276 
45.48 	 12202.485027435492 
45.5 	 11862.02598055904 
45.52 	 11507.155285295557 
45.54 	 11149.285909897473 
45.56 	 10801.237880461642 
45.58 	 10476.517159555593 
45.6 	 10188.590479342023 
45.62 	 9950.219216375635 
45.64 	 9772.88960504842 
45.66 	 9666.34584543063 
45.68 	 9638.205484835056 
45.7 	 9693.62057147314 
45.72 	 9834.948403365759 
45.74 	 10061.412908738275 
45.76 	 10368.76784393319 
45.78 	 10749.008234955305 
45.8 	 11190.206835574227 
45.82 	 11676.56810410308 
45.84 	 12188.786328479124 
45.86 	 12704.764773213019 
45.88 	 13200.7024360935 
45.9 	 13652.492797190826 
45.92 	 14037.317014462413 
45.94 	 14335.265536841953 
45.96 	 14530.798237485847 
45.98 	 14613.86047374014 
46.0 	 14580.511276783604 
46.02 	 14432.984027387374 
46.04 	 14179.178146328972 
46.06 	 13831.658406575028 
46.08 	 13406.3025945259 
46.1 	 12920.777681340543 
46.12 	 12393.033907844932 
46.14 	 11839.985788709038 
46.16 	 11276.50506538566 
46.18 	 10714.792953993681 
46.2 	 10164.138951236 
46.22 	 9631.021287073872 
46.24 	 9119.467227562352 
46.26 	 8631.573248729193 
46.28 	 8168.085044230113 
46.3 	 7728.951670256845 
46.32 	 7313.7913754440415 
46.34 	 6922.233035978632 
46.36 	 6554.121785418482 
46.38 	 6209.597223666116 
46.4 	 5889.066145366182 
46.42 	 5593.099166776975 
46.44 	 5322.2829846878 
46.46 	 5077.058614884457 
46.48 	 4857.572043715119 
46.5 	 4663.55816728691 
46.52 	 4494.2722679873 
46.54 	 4348.4760238632525 
46.56 	 4224.477635478121 
46.58 	 4120.218698486518 
46.6 	 4033.394681787333 
46.62 	 3961.5920246569103 
46.64 	 3902.4235028208695 
46.66 	 3853.6448627783675 
46.68 	 3813.239593235285 
46.7 	 3779.464478277689 
46.72 	 3750.8553123443016 
46.74 	 3726.198725562979 
46.76 	 3704.4813483940247 
46.78 	 3684.830609773784 
46.8 	 3666.461747269003 
46.82 	 3648.6430284131575 
46.84 	 3630.686192792593 
46.86 	 3611.962676336355 
46.88 	 3591.939581346849 
46.9 	 3570.22403579979 
46.92 	 3546.601790083857 
46.94 	 3521.05639388995 
46.96 	 3493.7591396267826 
46.98 	 3465.0264268899255 
47.0 	 3435.2488966651154 
47.02 	 3404.8038234397204 
47.04 	 3373.967090364333 
47.06 	 3342.842330823662 
47.08 	 3311.322042306527 
47.1 	 3279.089184970054 
47.12 	 3245.659377023649 
47.14 	 3210.455268640081 
47.16 	 3172.8980749010307 
47.18 	 3132.498191687536 
47.2 	 3088.928046565558 
47.22 	 3042.0654978059565 
47.24 	 2992.0038107751157 
47.26 	 2939.0324517518934 
47.28 	 2883.5994439354613 
47.3 	 2826.2690885380066 
47.32 	 2767.6876814533503 
47.34 	 2708.5648721544358 
47.36 	 2649.671051897437 
47.38 	 2591.843862929142 
47.4 	 2535.9918977346324 
47.42 	 2483.08260083745 
47.44 	 2434.1048424350033 
47.46 	 2390.003792385175 
47.48 	 2351.5946031367234 
47.5 	 2319.469406669037 
47.52 	 2293.916773968194 
47.54 	 2274.872486743467 
47.56 	 2261.9150252754166 
47.58 	 2254.309865439381 
47.6 	 2251.095928471522 
47.62 	 2251.198218155846 
47.64 	 2253.5453080807188 
47.66 	 2257.1702931704626 
47.68 	 2261.278976550312 
47.7 	 2265.2778575693683 
47.72 	 2268.764390368322 
47.74 	 2271.4902687418603 
47.76 	 2273.3130429196 
47.78 	 2274.1512697603953 
47.8 	 2273.9541331617543 
47.82 	 2272.6897217109213 
47.84 	 2270.3491932608576 
47.86 	 2266.9590348870697 
47.88 	 2262.591897770772 
47.9 	 2257.368250261378 
47.92 	 2251.445413440558 
47.94 	 2244.995733930115 
47.96 	 2238.179870074516 
47.98 	 2231.123044931126 
48.0 	 2223.901163654458 
48.02 	 2216.5404029221713 
48.04 	 2209.029508476468 
48.06 	 2201.3401156424034 
48.08 	 2193.4482093110605 
48.1 	 2185.349960830083 
48.12 	 2177.0673828015665 
48.14 	 2168.642601519016 
48.16 	 2160.1228188684036 
48.18 	 2151.5401298256043 
48.2 	 2142.8907211986693 
48.22 	 2134.116746809276 
48.24 	 2125.0921006437147 
48.26 	 2115.611420579788 
48.28 	 2105.380843995033 
48.3 	 2094.0097057338216 
48.32 	 2081.004268484554 
48.34 	 2065.7668898466227 
48.36 	 2047.605681108758 
48.38 	 2025.7597664899 
48.4 	 1999.4432816415217 
48.42 	 1967.9075234512109 
48.44 	 1930.5160846294734 
48.46 	 1886.8236419780376 
48.48 	 1836.6465415510638 
48.5 	 1780.113234237615 
48.52 	 1717.6850885163196 
48.54 	 1650.1425780015384 
48.56 	 1578.5372482194966 
48.58 	 1504.114988389962 
48.6 	 1428.2199461697717 
48.62 	 1352.1903597322198 
48.64 	 1277.2576178235274 
48.66 	 1204.4584142917681 
48.68 	 1134.5675777711108 
48.7 	 1068.0566313036206 
48.72 	 1005.0807454077628 
48.74 	 945.4945787208007 
48.76 	 888.895428243912 
48.78 	 834.6899645907955 
48.8 	 782.1785621736166 
48.82 	 730.6490396402005 
48.84 	 679.4699172215514 
48.86 	 628.1725932116198 
48.88 	 576.5125737937052 
48.9 	 524.5022216779201 
48.92 	 472.41120556925057 
48.94 	 420.73535389830477 
48.96 	 370.1391229392501 
48.98 	 321.3805264302852 
49.0 	 275.22946625183107 
49.02 	 232.39061900561583 
49.04 	 193.4404454506848 
49.06 	 158.78493453805976 
49.08 	 128.64103729408757 
49.1 	 103.04111042798948 
49.12 	 81.85668905847716 
49.14 	 64.8359329274353 
49.16 	 51.64826528665051 
49.18 	 41.92993370014328 
49.2 	 35.3251910972938 
49.22 	 31.519184112514797 
49.24 	 30.260131826482766 
49.26 	 31.36975796743138 
49.28 	 34.74209199200286 
49.3 	 40.33166737239818 
49.32 	 48.13286914422793 
49.34 	 58.15278250928936 
49.36 	 70.3804081798819 
49.38 	 84.75552412577073 
49.4 	 101.14071875950947 
49.42 	 119.30009403359531 
49.44 	 138.88773650051405 
49.46 	 159.44822127453799 
49.48 	 180.43016732155215 
49.5 	 201.2123173033063 
49.52 	 221.13997412943863 
49.54 	 239.5681477604309 
49.56 	 255.9067120090204 
49.58 	 269.6624501041874 
49.6 	 280.47318283951256 
49.62 	 288.13019381045956 
49.64 	 292.5867295543027 
49.66 	 293.95219444079237 
49.68 	 292.473470942679 
49.7 	 288.5062837778504 
49.72 	 282.4804760776855 
49.74 	 274.8633763194473 
49.76 	 266.1251298635508 
49.78 	 256.7090785743263 
49.8 	 247.00919339194826 
49.82 	 237.35541359343648 
49.84 	 228.0067116392954 
49.86 	 219.15091389016058 
49.88 	 210.90982303433225 
49.9 	 203.34799909127835 
49.92 	 196.48360587304722 
49.94 	 190.299939406871 
49.96 	 184.75654505606943 
49.98 	 179.79913858671574 
50.0 	 175.36783440732643 
50.02 	 171.40343468933 
50.04 	 167.8517437344099 
50.06 	 164.6660463322311 
50.08 	 161.80802937474363 
50.1 	 159.24753073602307 
50.12 	 156.96156280363857 
50.14 	 154.93307416827463 
50.16 	 153.14987966219954 
50.18 	 151.60411046440063 
50.2 	 150.29242340064445 
50.22 	 149.21707737713967 
50.24 	 148.38785109110339 
50.26 	 147.82465200242794 
50.28 	 147.56055764902072 
50.3 	 147.6449354121793 
50.32 	 148.1462001106839 
50.34 	 149.1536853267748 
50.36 	 150.7780259033606 
50.38 	 153.14938930581172 
50.4 	 156.412880387732 
50.42 	 160.72051712155402 
50.44 	 166.21937738537824 
50.46 	 173.035883113333 
50.48 	 181.2567273527291 
50.5 	 190.90763178653052 
50.52 	 201.93186818925213 
50.54 	 214.17116081816195 
50.56 	 227.3520489934763 
50.58 	 241.0808670074811 
50.6 	 254.8500631625538 
50.62 	 268.05757709929634 
50.64 	 280.03947751828167 
50.66 	 290.1142036966394 
50.68 	 297.6348324046204 
50.7 	 302.04414830321593 
50.72 	 302.9262690706074 
50.74 	 300.048426746824 
50.76 	 293.38735013797765 
50.78 	 283.1364617292168 
50.8 	 269.6925445605976 
50.82 	 253.62325645743942 
50.84 	 235.6194126474429 
50.86 	 216.43789384853204 
50.88 	 196.84205309469218 
50.9 	 177.54645684429877 
50.92 	 159.17176877119616 
50.94 	 142.21380711619173 
50.96 	 127.02863196359765 
50.98 	 113.83333508428537 
51.0 	 102.7203546005774 
51.02 	 93.68185578090433 
51.04 	 86.64010631393944 
51.06 	 81.47979258060361 
51.08 	 78.0787308146352 
51.1 	 76.33422445743923 
51.12 	 76.18320234762332 
51.14 	 77.61507735826741 
51.16 	 80.6768961397015 
51.18 	 85.47078994970546 
51.2 	 92.14403394108568 
51.22 	 100.87226976928342 
51.24 	 111.83674430918698 
51.26 	 125.19683923813284 
51.28 	 141.0597307005989 
51.3 	 159.449673198183 
51.32 	 180.28002696390897 
51.34 	 203.3315757538364 
51.36 	 228.24073405931435 
51.38 	 254.50077629674098 
51.4 	 281.478172485717 
51.42 	 308.44453395730335 
51.44 	 334.6227285479661 
51.46 	 359.24368985520124 
51.48 	 381.60864894128076 
51.5 	 401.1502823728074 
51.52 	 417.4858463898029 
51.54 	 430.4558721814429 
51.56 	 440.1433916579725 
51.58 	 446.8707531367864 
51.6 	 451.1735637750405 
51.62 	 453.7538004573619 
51.64 	 455.41632265835375 
51.66 	 456.99464014115597 
51.68 	 459.2726949365487 
51.7 	 462.9095966866649 
51.72 	 468.3737925363488 
51.74 	 475.8922076905724 
51.76 	 485.41862331997567 
51.78 	 496.624099998789 
51.8 	 508.91069472924244 
51.82 	 521.4481006439239 
51.84 	 533.2311823090997 
51.86 	 543.154720502699 
51.88 	 550.1000965428132 
51.9 	 553.0272753453597 
51.92 	 551.0644775416176 
51.94 	 543.5875718482023 
51.96 	 530.2816443391558 
51.98 	 511.1784971652926 
52.0 	 486.6659476880573 
52.02 	 457.46754029226383 
52.04 	 424.59431372486546 
52.06 	 389.27317238912946 
52.08 	 352.85877375032277 
52.1 	 316.7373309555056 
52.12 	 282.2311562654605 
52.14 	 250.51214020212336 
52.16 	 222.53085590684995 
52.18 	 198.96591072240705 
52.2 	 180.1959034308578 
52.22 	 166.29422171917943 
52.24 	 157.0451682386252 
52.26 	 151.97864026348282 
52.28 	 150.41978474665794 
52.3 	 151.5495964407618 
52.32 	 154.47218144969213 
52.34 	 158.28426171998004 
52.36 	 162.14240758715414 
52.38 	 165.32349650240343 
52.4 	 167.2741075728554 
52.42 	 167.64509126776227 
52.44 	 166.30848481325793 
52.46 	 163.35528326100143 
52.48 	 159.074234633496 
52.5 	 153.91362732564494 
52.52 	 148.42974582526537 
52.54 	 143.22704524833551 
52.56 	 138.89593517287364 
52.58 	 135.954246449223 
52.6 	 134.79795673723874 
52.62 	 135.66564389152543 
52.64 	 138.6195717453858 
52.66 	 143.5444907874718 
52.68 	 150.1633754388948 
52.7 	 158.06762887920684 
52.72 	 166.75794223997426 
52.74 	 175.69112644915654 
52.76 	 184.3279137120707 
52.78 	 192.1769611035283 
52.8 	 198.8310285428071 
52.82 	 203.99243873580053 
52.84 	 207.48630464607055 
52.86 	 209.26145259642146 
52.88 	 209.38029652389858 
52.9 	 207.99997507560374 
52.92 	 205.34773763031245 
52.94 	 201.69380779247973 
52.96 	 197.32477797195378 
52.98 	 192.52006885395915 
53.0 	 187.533237160972 
53.02 	 182.5790679832805 
53.04 	 177.82657397332017 
53.06 	 173.39734819785627 
53.08 	 169.36824734742356 
53.1 	 165.77714057587352 
53.12 	 162.63042959091575 
53.14 	 159.91118128247683 
53.16 	 157.58695374840323 
53.18 	 155.61667856773363 
53.2 	 153.95623669032264 
53.22 	 152.56260024637513 
53.24 	 151.39659379101386 
53.26 	 150.42445537465693 
53.28 	 149.6184567996688 
53.3 	 148.95688123929875 
53.32 	 148.4236610908941 
53.34 	 148.0079538374135 
53.36 	 147.70388333566544 
53.38 	 147.51060501290615 
53.4 	 147.43277507947337 
53.42 	 147.48142592372528 
53.44 	 147.67518002015464 
53.46 	 148.04167606919845 
53.48 	 148.61903205962128 
53.5 	 149.45712661184118 
53.52 	 150.6184404622794 
53.54 	 152.17816847373976 
53.56 	 154.22330088143343 
53.58 	 156.85039768487619 
53.6 	 160.16185865937413 
53.62 	 164.26063160529054 
53.64 	 169.2434964164209 
53.66 	 175.1932875373776 
53.68 	 182.17063187299837 
53.7 	 190.20593473195729 
53.72 	 199.2923982230046 
53.74 	 209.38077665612158 
53.76 	 220.37636134938552 
53.78 	 232.13837499709456 
53.8 	 244.4816059466126 
53.82 	 257.1798072081143 
53.84 	 269.97020657216774 
53.86 	 282.5584843111098 
53.88 	 294.62379294237576 
53.9 	 305.82378343302264 
53.92 	 315.8000723536198 
53.94 	 324.1850027943901 
53.96 	 330.61077541502345 
53.98 	 334.7219388588638 
54.0 	 336.19177866979095 
54.02 	 334.7423671927407 
54.04 	 330.16706305779235 
54.06 	 322.3532797235372 
54.08 	 311.30261050462764 
54.1 	 297.14511015578546 
54.12 	 280.14481937254976 
54.14 	 260.6944903957682 
54.16 	 239.29881260352064 
54.18 	 216.547021013203 
54.2 	 193.07731058999653 
54.22 	 169.53668869549432 
54.24 	 146.54055428383015 
54.26 	 124.63628409052708 
54.28 	 104.27445321643408 
54.3 	 85.7901617314608 
54.32 	 69.39550641752729 
54.34 	 55.1827858524342 
54.36 	 43.136793509912295 
54.38 	 33.15370692384136 
54.4 	 25.063700253625044 
54.42 	 18.654479521597608 
54.44 	 13.69337639773293 
54.46 	 9.946304768875512 
54.48 	 7.192639710608589 
54.5 	 5.235792823414802 
54.52 	 3.9098384876165877 
54.54 	 3.0829420859177272 
54.56 	 2.6585423947380282 
54.58 	 2.575263940448159 
54.6 	 2.8064153207355647 
54.62 	 3.3597054740467516 
54.64 	 4.2775182888279035 
54.66 	 5.637758237363476 
54.68 	 7.554943817837603 
54.7 	 10.180910127024536 
54.72 	 13.704220656083672 
54.74 	 18.347222501632135 
54.76 	 24.359654894968127 
54.78 	 32.007882441400604 
54.8 	 41.55920191303945 
54.82 	 53.2612668950572 
54.84 	 67.31744924095528 
54.86 	 83.8598237155489 
54.88 	 102.92229160639695 
54.9 	 124.41699095830683 
54.92 	 148.11741462335988 
54.94 	 173.65144539818863 
54.96 	 200.5067618971395 
54.98 	 228.0498063925306 
55.0 	 255.55787753876106 
55.02 	 282.262147707864 
55.04 	 307.39779115132404 
55.06 	 330.2562302764575 
55.08 	 350.23398967762057 
55.1 	 366.87290949713815 
55.12 	 379.8874919300999 
55.14 	 389.17678016678565 
55.16 	 394.82013256847335 
55.18 	 397.05823587519706 
55.2 	 396.2623875768731 
55.22 	 392.8962250045698 
55.24 	 387.4745531498567 
55.26 	 380.52371732177653 
55.28 	 372.54718906090807 
55.3 	 363.99887572353964 
55.32 	 355.26535464225736 
55.34 	 346.6569911475168 
55.36 	 338.4068980202203 
55.38 	 330.67603415564747 
55.4 	 323.56244902056784 
55.42 	 317.11271802832357 
55.44 	 311.33389805873804 
55.46 	 306.20475706313374 
55.48 	 301.6854947011453 
55.5 	 297.7255905998985 
55.52 	 294.2697423903146 
55.54 	 291.26206934324915 
55.56 	 288.64886895365316 
55.58 	 286.3802502116302 
55.6 	 284.4109606090747 
55.62 	 282.70070047356313 
55.64 	 281.21419195207227 
55.66 	 279.92124146456484 
55.68 	 278.79699512890977 
55.7 	 277.822526112263 
55.72 	 276.985806148109 
55.74 	 276.283005393754 
55.76 	 275.7199496661881 
55.78 	 275.3134612048775 
55.8 	 275.09223666288585 
55.82 	 275.0968862494267 
55.84 	 275.37877584660595 
55.86 	 275.9973798555084 
55.88 	 277.01596650108235 
55.9 	 278.4956016530844 
55.92 	 280.48767459732466 
55.94 	 283.02541559062774 
55.96 	 286.1151699663646 
55.98 	 289.7284727742554 
56.0 	 293.79616408225377 
56.02 	 298.2058196026126 
56.04 	 302.80357668040676 
56.06 	 307.40098193060186 
56.08 	 311.786803421481 
56.1 	 315.74293414855254 
56.12 	 319.06271700149824 
56.14 	 321.56942102403053 
56.16 	 323.1323514039518 
56.18 	 323.67827442283306 
56.2 	 323.19648168100133 
56.22 	 321.73680058240683 
56.24 	 319.40099203781784 
56.26 	 316.32903213042084 
56.28 	 312.682535828736 
56.3 	 308.62789668775406 
56.32 	 304.321536665606 
56.34 	 299.8990454941762 
56.36 	 295.46909384553334 
56.38 	 291.1120371766402 
56.4 	 286.8822990044433 
56.42 	 282.81309871211505 
56.44 	 278.9219532689761 
56.46 	 275.21562167354875 
56.48 	 271.69367535401705 
56.5 	 268.3505085333678 
56.52 	 265.1761737725679 
56.54 	 262.1567901378283 
56.56 	 259.2753380948556 
56.58 	 256.51342311736744 
56.6 	 253.8541393467877 
56.62 	 251.28563810601744 
56.64 	 248.80457096830298 
56.66 	 246.41837955048837 
56.68 	 244.14552670176786 
56.7 	 242.01319763187217 
56.72 	 240.05264145197305 
56.74 	 238.29299914568367 
56.76 	 236.75497381134167 
56.78 	 235.44587630413525 
56.8 	 234.357342322809 
56.82 	 233.46639992016657 
56.84 	 232.73971867188283 
56.86 	 232.14002136933917 
56.88 	 231.63303024765207 
56.9 	 231.1931407354551 
56.92 	 230.8063393065212 
56.94 	 230.46963708936124 
56.96 	 230.18727586895454 
56.98 	 229.96489951071547 
57.0 	 229.80349557264555 
57.02 	 229.69500745908513 
57.04 	 229.6210503244056 
57.06 	 229.5552518106513 
57.08 	 229.468634980034 
57.1 	 229.33648466119578 
57.12 	 229.14458342207942 
57.14 	 228.89275082926306 
57.16 	 228.59428235895066 
57.18 	 228.27099773578723 
57.2 	 227.94487278832383 
57.22 	 227.6282909389598 
57.24 	 227.3155024670086 
57.26 	 226.97774733601057 
57.28 	 226.56369154635902 
57.3 	 226.00554454175077 
57.32 	 225.22979784745243 
57.34 	 224.1703300076831 
57.36 	 222.78097977543135 
57.38 	 221.0447728875449 
57.4 	 218.97777855308397 
57.42 	 216.62686218009006 
57.44 	 214.06205110634482 
57.46 	 211.3654614788644 
57.48 	 208.61943256651702 
57.5 	 205.89651435501946 
57.52 	 203.25328155942137 
57.54 	 200.72880898860777 
57.56 	 198.34736563102905 
57.58 	 196.1238200335336 
57.6 	 194.0696770772347 
57.62 	 192.19771732158452 
57.64 	 190.52383568127544 
57.66 	 189.06566728559207 
57.68 	 187.83864108161015 
57.7 	 186.8509076670203 
57.72 	 186.0989226566098 
57.74 	 185.56525181273182 
57.76 	 185.2194832308006 
57.78 	 185.02220143913 
57.8 	 184.93107931505384 
57.82 	 184.9075377712626 
57.84 	 184.922277093829 
57.86 	 184.9583249810912 
57.88 	 185.01096010039836 
57.9 	 185.0847386155844 
57.92 	 185.18862113000228 
57.94 	 185.3306544379614 
57.96 	 185.5136913689559 
57.98 	 185.73324590288578 
58.0 	 185.9779108739765 
58.02 	 186.23201759856642 
58.04 	 186.47960739015653 
58.06 	 186.70847870543662 
58.08 	 186.91313822113312 
58.1 	 187.0958762076293 
58.12 	 187.2657712609185 
58.14 	 187.43602531422675 
58.16 	 187.62046485276224 
58.18 	 187.8302055879952 
58.2 	 188.07134095992302 
58.22 	 188.34414432006622 
58.24 	 188.64379842748696 
58.26 	 188.96223217098472 
58.28 	 189.29037560137814 
58.3 	 189.6201021274981 
58.32 	 189.94529850255535 
58.34 	 190.26181254224403 
58.36 	 190.566364691422 
58.38 	 190.8547659282432 
58.4 	 191.11989250056888 
58.42 	 191.3498163940231 
58.44 	 191.52632433330794 
58.46 	 191.62385919434504 
58.48 	 191.6087731621442 
58.5 	 191.43875302159825 
58.52 	 191.06237831531763 
58.54 	 190.4189641987415 
58.56 	 189.43904498969573 
58.58 	 188.04598103918573 
58.6 	 186.15914764679738 
58.62 	 183.69896003773115 
58.64 	 180.59362739953775 
58.66 	 176.78708655895383 
58.68 	 172.24714846039166 
58.7 	 166.97260842163044 
58.72 	 160.99800981749786 
58.74 	 154.39494964081035 
58.76 	 147.26925613431303 
58.78 	 139.75398295417855 
58.8 	 131.99884216279168 
58.82 	 124.1573144831289 
58.84 	 116.37311277730879 
58.86 	 108.76784748652867 
58.88 	 101.43161165754528 
58.9 	 94.4177837051211 
58.92 	 87.74270627196512 
58.94 	 81.3901483744313 
58.96 	 75.31972580756637 
58.98 	 69.47786918110529 
59.0 	 63.80959057758975 
59.02 	 58.2692625708629 
59.04 	 52.828883891274415 
59.06 	 47.48280513838833 
59.08 	 42.24852368959772 
59.1 	 37.16380691947465 
59.12 	 32.28095011839582 
59.14 	 27.659332234535995 
59.16 	 23.357555651995817 
59.18 	 19.42635184586445 
59.2 	 15.903151659176983 
59.22 	 12.80883306695841 
59.24 	 10.146754446083294 
59.26 	 7.903831009138485 
59.28 	 6.053166230450141 
59.3 	 4.557629750513365 
59.32 	 3.3737719261020263 
59.34 	 2.4555561843884894 
59.36 	 1.7575365560332943 
59.38 	 1.2372714792054598 
59.4 	 0.8569152492332655 
59.42 	 0.5840452620566853 
59.44 	 0.39185796279186635 
59.46 	 0.2589003939539694 
59.48 	 0.16850516390186487 
59.5 	 0.1080752345200452 
59.52 	 0.06833191685169031 
59.54 	 0.04260373054157926 
59.56 	 0.026201413942141344 
59.58 	 0.01589864249811332 
59.6 	 0.009519901070514113 
59.62 	 0.005625881590427788 
59.64 	 0.0032813346258336626 
59.66 	 0.0018888381103462657 
59.68 	 0.0010729340762970897 
59.7 	 0.0006013190348782898 
59.72 	 0.00033241717772899775 
59.74 	 0.00018120897002512834 
59.76 	 9.737515728811467e-05 
59.78 	 5.156228483342828e-05 
59.8 	 2.6894825942142733e-05 
59.82 	 1.3813173527001909e-05 
59.84 	 6.983035071652745e-06 
59.86 	 3.4734763081642082e-06 
59.88 	 1.6994365118202055e-06 
59.9 	 8.175730100607375e-07 
59.92 	 3.866339651290667e-07 
59.94 	 1.796829831965101e-07 
59.96 	 8.20426723603978e-08 
59.98 	 3.6796070333207234e-08 
