0.0 	 1.8403284613666044e-08 
0.02 	 1.9480839397982436e-08 
0.04 	 2.0249198976672013e-08 
0.06 	 2.0672155823623625e-08 
0.08 	 2.0732445106703145e-08 
0.1 	 2.043313169477407e-08 
0.12 	 1.9797074917672953e-08 
0.14 	 1.8864555911920804e-08 
0.16 	 1.7689388934043624e-08 
0.18 	 1.6334022735005666e-08 
0.2 	 1.4864238583592818e-08 
0.22 	 1.3344058214115212e-08 
0.24 	 1.1831392646378339e-08 
0.26 	 1.0374812700403932e-08 
0.28 	 9.011635692678806e-09 
0.3 	 7.767333159255414e-09 
0.32 	 6.656102597743438e-09 
0.34 	 5.682331946826829e-09 
0.36 	 4.8426293727844005e-09 
0.38 	 4.128090146873688e-09 
0.4 	 3.5265171012863244e-09 
0.42 	 3.0243849048349436e-09 
0.44 	 2.6084246811205987e-09 
0.46 	 2.2667890595931046e-09 
0.48 	 1.989828359575245e-09 
0.5 	 1.770560875088547e-09 
0.52 	 1.6049543866033969e-09 
0.54 	 1.492156619525953e-09 
0.56 	 1.4348277326574562e-09 
0.58 	 1.4397490167493666e-09 
0.6 	 1.5189219726763187e-09 
0.62 	 1.6914455142077067e-09 
0.64 	 1.986581802960533e-09 
0.66 	 2.448608250139124e-09 
0.68 	 3.144316408395613e-09 
0.7 	 4.1743621969520565e-09 
0.72 	 5.690086353968238e-09 
0.74 	 7.917877228012353e-09 
0.76 	 1.1193576040585631e-08 
0.78 	 1.6009724750367318e-08 
0.8 	 2.3078480618870747e-08 
0.82 	 3.341258579279959e-08 
0.84 	 4.842567232317815e-08 
0.86 	 7.00512175431339e-08 
0.88 	 1.0087649030851337e-07 
0.9 	 1.442838892236169e-07 
0.92 	 2.045872860993198e-07 
0.94 	 2.8714600398351037e-07 
0.96 	 3.984342775949096e-07 
0.98 	 5.460412029399989e-07 
1.0 	 7.385750666659785e-07 
1.02 	 9.85450249954577e-07 
1.04 	 1.2965406602683073e-06 
1.06 	 1.6816994422691244e-06 
1.08 	 2.1501552140218362e-06 
1.1 	 2.7098231324922535e-06 
1.12 	 3.3665719253950818e-06 
1.14 	 4.123526224445065e-06 
1.16 	 4.980455755983203e-06 
1.18 	 5.933353597777784e-06 
1.2 	 6.974220542227702e-06 
1.22 	 8.091152786786482e-06 
1.24 	 9.268667000977953e-06 
1.26 	 1.0488341144474144e-05 
1.28 	 1.1729599570658935e-05 
1.3 	 1.2970718762961734e-05 
1.32 	 1.4189795502943692e-05 
1.34 	 1.536579190909746e-05 
1.36 	 1.647936273393751e-05 
1.38 	 1.7513656484186057e-05 
1.4 	 1.8454821721857543e-05 
1.42 	 1.929251403434461e-05 
1.44 	 2.0020237785803578e-05 
1.46 	 2.063597063400657e-05 
1.48 	 2.114315128042384e-05 
1.5 	 2.155280076290888e-05 
1.52 	 2.188743601580768e-05 
1.54 	 2.2188334031915045e-05 
1.56 	 2.2528089044202775e-05 
1.58 	 2.303178212120996e-05 
1.6 	 2.3911194366844206e-05 
1.62 	 2.551865401281696e-05 
1.64 	 2.842877431992477e-05 
1.66 	 3.3559305979868885e-05 
1.68 	 4.234288075244442e-05 
1.7 	 5.6964857412214265e-05 
1.72 	 8.0675956126308e-05 
1.74 	 0.00011819523382831675 
1.76 	 0.00017618467325348187 
1.78 	 0.00026381841477828114 
1.8 	 0.0003933206244427586 
1.82 	 0.0005806064467819551 
1.84 	 0.0008455010663981067 
1.86 	 0.0012123361213696592 
1.88 	 0.0017088966818626253 
1.9 	 0.002367343062017464 
1.92 	 0.003219779321152638 
1.94 	 0.004301778848629928 
1.96 	 0.005640076483483126 
1.98 	 0.007265505308663649 
2.0 	 0.009183760980368097 
2.02 	 0.01141211312232865 
2.04 	 0.013917376738889719 
2.06 	 0.016699041934398032 
2.08 	 0.01967236860726155 
2.1 	 0.022823449440316404 
2.12 	 0.02601645777867794 
2.14 	 0.029236075339974243 
2.16 	 0.03231322591552244 
2.18 	 0.03524481282900017 
2.2 	 0.037860883430897635 
2.22 	 0.04017924425599471 
2.24 	 0.042066047097411075 
2.26 	 0.043561028324021374 
2.28 	 0.04459481517047429 
2.3 	 0.04522430655504958 
2.32 	 0.04545404753651202 
2.34 	 0.045351248519320236 
2.36 	 0.044982661270777304 
2.38 	 0.044419765372095917 
2.4 	 0.043765091273797546 
2.42 	 0.04309042317404262 
2.44 	 0.04250319495686866 
2.46 	 0.04207344034375351 
2.48 	 0.04188574221166732 
2.5 	 0.04200704637137223 
2.52 	 0.04247644127015234 
2.54 	 0.04335613085658068 
2.56 	 0.04462130522093741 
2.58 	 0.04632819099144976 
2.6 	 0.048375142355825185 
2.62 	 0.050813968950327804 
2.64 	 0.05346409312578737 
2.66 	 0.05637845265748514 
2.68 	 0.05931284721189223 
2.7 	 0.06232820429991886 
2.72 	 0.06515157423128304 
2.74 	 0.06785480286984923 
2.76 	 0.07018443751116729 
2.78 	 0.07221895818831742 
2.8 	 0.07377212738380055 
2.82 	 0.07491916267066781 
2.84 	 0.07557209397883677 
2.86 	 0.07579213630895298 
2.88 	 0.07559344381850373 
2.9 	 0.07501573537536257 
2.92 	 0.07415278261576969 
2.94 	 0.07302023063214037 
2.96 	 0.07175435579764414 
2.98 	 0.0703493590383816 
3.0 	 0.0689480945373186 
3.02 	 0.06753118614817773 
3.04 	 0.0662244323069915 
3.06 	 0.06500724946899959 
3.08 	 0.06397877518988551 
3.1 	 0.06313163072063391 
3.12 	 0.06253647933100179 
3.14 	 0.06221165231287703 
3.16 	 0.06219614158669022 
3.18 	 0.0625407444695794 
3.2 	 0.06324135266016588 
3.22 	 0.06438063185537458 
3.24 	 0.0658909607402637 
3.26 	 0.06788094767774012 
3.28 	 0.07019688743441177 
3.3 	 0.07296667702904348 
3.32 	 0.0759383470320328 
3.34 	 0.07925493545591583 
3.36 	 0.08257720116902685 
3.38 	 0.0860599088925686 
3.4 	 0.08931667837160889 
3.42 	 0.09250583346630233 
3.44 	 0.0952573745529631 
3.46 	 0.09771711872535603 
3.48 	 0.0996010405728309 
3.5 	 0.10102216661978321 
3.52 	 0.10183522037472237 
3.54 	 0.10210415915121383 
3.56 	 0.10183991117288974 
3.58 	 0.10105124828809796 
3.6 	 0.09988264709485467 
3.62 	 0.09829189758557846 
3.64 	 0.09650596295915541 
3.66 	 0.09444224307888249 
3.68 	 0.09235244236410689 
3.7 	 0.09012670776395176 
3.72 	 0.0879969280240759 
3.74 	 0.08583964952317065 
3.76 	 0.08384463958216169 
3.78 	 0.08188787468315381 
3.8 	 0.08011449884426888 
3.82 	 0.07841129232729231 
3.84 	 0.07688771505556026 
3.86 	 0.07545055981917312 
3.88 	 0.0741856941173695 
3.9 	 0.07302740496510475 
3.92 	 0.07204756326413725 
3.94 	 0.07121443286607981 
3.96 	 0.07058936784914059 
3.98 	 0.07017980244514539 
4.0 	 0.0700309591940555 
4.02 	 0.07019143238248624 
4.04 	 0.07067337373594106 
4.06 	 0.07156298574717863 
4.08 	 0.0728120052835914 
4.1 	 0.07453492819815608 
4.12 	 0.07659266248215615 
4.14 	 0.0791160082255443 
4.16 	 0.0818560471020812 
4.18 	 0.08494887632239019 
4.2 	 0.08804515643049635 
4.22 	 0.09127586257730279 
4.24 	 0.0942394665785443 
4.26 	 0.0970475153982706 
4.28 	 0.09932868684636748 
4.3 	 0.10115514468484298 
4.32 	 0.10227997985554826 
4.34 	 0.10271722190291618 
4.36 	 0.10241662350849456 
4.38 	 0.10132790680657837 
4.4 	 0.09961700923941379 
4.42 	 0.09718022292675689 
4.44 	 0.09435559255198224 
4.46 	 0.09100604504462281 
4.48 	 0.08755198402969828 
4.5 	 0.08384003361274718 
4.52 	 0.08027619378871143 
4.54 	 0.07670027434383705 
4.56 	 0.07343705938589824 
4.58 	 0.07032595462770543 
4.6 	 0.0675887115210701 
4.62 	 0.06507266897402 
4.64 	 0.06291036523556907 
4.66 	 0.06096681555103119 
4.68 	 0.059314380777614015 
4.7 	 0.05784293191077564 
4.72 	 0.05659193867250499 
4.74 	 0.05547801284235505 
4.76 	 0.05452554412309539 
4.78 	 0.05367465828463296 
4.8 	 0.05294266274242135 
4.82 	 0.052286674407543074 
4.84 	 0.05171811804196346 
4.86 	 0.05120308739497584 
4.88 	 0.05074516899123073 
4.9 	 0.05031118343006496 
4.92 	 0.04989512507666522 
4.94 	 0.049457152211390354 
4.96 	 0.048983075214482905 
4.98 	 0.048421279089741996 
5.0 	 0.04775611012003081 
5.02 	 0.04692303927098217 
5.04 	 0.04591723210798386 
5.06 	 0.044665376204928886 
5.08 	 0.04318852619722385 
5.1 	 0.04141388898694835 
5.12 	 0.039400505226049494 
5.14 	 0.0370881764271786 
5.16 	 0.03457640374741011 
5.18 	 0.03182769792146336 
5.2 	 0.028971010392407417 
5.22 	 0.025994408896414568 
5.24 	 0.023033919937239054 
5.26 	 0.020096275616531278 
5.28 	 0.01729899385223538 
5.3 	 0.014653798953478441 
5.32 	 0.012241032649004413 
5.34 	 0.0100640888952038 
5.36 	 0.008160696752588206 
5.38 	 0.0065193918309704255 
5.4 	 0.0051424593627810225 
5.42 	 0.004005425669945913 
5.44 	 0.0030890073736850317 
5.46 	 0.002362704912292053 
5.48 	 0.0017994731791735694 
5.5 	 0.001370159239559623 
5.52 	 0.0010494983294341345 
5.54 	 0.0008143424229519599 
5.56 	 0.0006456480701517436 
5.58 	 0.0005276734307150435 
5.6 	 0.00044830905549990906 
5.62 	 0.0003984999281549392 
5.64 	 0.00037206317899452613 
5.66 	 0.0003653000654231759 
5.68 	 0.0003768070597660589 
5.7 	 0.0004073335133164369 
5.72 	 0.00045971727451201566 
5.74 	 0.0005389461612782206 
5.76 	 0.0006520875311048426 
5.78 	 0.000808416099156562 
5.8 	 0.0010189789647633226 
5.82 	 0.0012966898431143374 
5.84 	 0.0016549249203701955 
5.86 	 0.0021078526861062164 
5.88 	 0.0026671243392613515 
5.9 	 0.0033436483062728676 
5.92 	 0.0041409074815376935 
5.94 	 0.005060915898304382 
5.96 	 0.0060919284917040906 
5.98 	 0.007222808011156373 
6.0 	 0.008422304078677221 
6.02 	 0.009666085746392512 
6.04 	 0.010905448665313483 
6.06 	 0.012108332107486608 
6.08 	 0.01321836415053184 
6.1 	 0.014205298463965661 
6.12 	 0.015020252753329593 
6.14 	 0.015644837570458914 
6.16 	 0.016052463635572257 
6.18 	 0.016243205718250497 
6.2 	 0.016220785531463888 
6.22 	 0.0160044023404803 
6.24 	 0.01562575512204549 
6.26 	 0.01511782808622988 
6.28 	 0.014529156686750823 
6.3 	 0.013897737363860173 
6.32 	 0.013274828497867831 
6.34 	 0.012695408977894932 
6.36 	 0.012202903024137025 
6.38 	 0.011825574518246309 
6.4 	 0.011595307862247215 
6.42 	 0.011535079082320312 
6.44 	 0.011666831075422903 
6.46 	 0.012012293741031046 
6.48 	 0.012585448321966246 
6.5 	 0.013409405876537064 
6.52 	 0.014487551900423489 
6.54 	 0.015843007384443747 
6.56 	 0.01745953083717995 
6.58 	 0.01935589572472533 
6.6 	 0.021483913959011704 
6.62 	 0.023854845731229393 
6.64 	 0.026379918522426687 
6.66 	 0.029065037236219612 
6.68 	 0.03178304486902394 
6.7 	 0.03454242460345001 
6.72 	 0.037193567934302785 
6.74 	 0.039757313942561684 
6.76 	 0.04208744714713429 
6.78 	 0.044223403354606526 
6.8 	 0.04604880254688729 
6.82 	 0.04762120360505521 
6.84 	 0.048870764708619854 
6.86 	 0.04986635862385978 
6.88 	 0.050585691816499044 
6.9 	 0.051098779421662334 
6.92 	 0.05141780439457004 
6.94 	 0.051604411564424316 
6.96 	 0.051686028672244554 
6.98 	 0.051710824917551856 
7.0 	 0.05170537268468761 
7.02 	 0.05170591416760486 
7.04 	 0.05173073096275505 
7.06 	 0.051812302538684456 
7.08 	 0.05196155218675488 
7.1 	 0.0522199168457072 
7.12 	 0.05259536555470259 
7.14 	 0.053152462782201856 
7.16 	 0.053897056489490884 
7.18 	 0.054929144632232765 
7.2 	 0.05624262091386461 
7.22 	 0.057980609173366775 
7.24 	 0.060099462601140026 
7.26 	 0.06278786690751072 
7.28 	 0.065923208420529 
7.3 	 0.06974011045539916 
7.32 	 0.07398784485356819 
7.34 	 0.07895112507069316 
7.36 	 0.08421105630818895 
7.38 	 0.09011265066269707 
7.4 	 0.09605868162034555 
7.42 	 0.10246288184306565 
7.44 	 0.10858535475926913 
7.46 	 0.11489939562212069 
7.48 	 0.12060626866524893 
7.5 	 0.12620106747629803 
7.52 	 0.13094242254911062 
7.54 	 0.13528694859004423 
7.56 	 0.138667655290371 
7.58 	 0.1414424317167486 
7.6 	 0.14329933070973372 
7.62 	 0.1444620335556838 
7.64 	 0.14489052392299792 
7.66 	 0.14467459462106508 
7.68 	 0.14399495307819518 
7.7 	 0.142836384314168 
7.72 	 0.1415029783995786 
7.74 	 0.1399153620648523 
7.76 	 0.1383951603757528 
7.78 	 0.13683823141909346 
7.8 	 0.1355037031190198 
7.82 	 0.13429536615700594 
7.84 	 0.13337133773496274 
7.86 	 0.13266893949908945 
7.88 	 0.13224281870182442 
7.9 	 0.13208206035465966 
7.92 	 0.1321538002982195 
7.94 	 0.1325085670613344 
7.96 	 0.13304273992206003 
7.98 	 0.133868708272033 
8.0 	 0.13482040084364952 
8.02 	 0.13606409277363757 
8.04 	 0.13737254864913614 
8.06 	 0.13895180959926026 
8.08 	 0.140516773231729 
8.1 	 0.14229556538389906 
8.12 	 0.14396071334782584 
8.14 	 0.14574331300898807 
8.16 	 0.1473058700793836 
8.18 	 0.14886408511530977 
8.2 	 0.15011506250345005 
8.22 	 0.1512452627654814 
8.24 	 0.15203034319381337 
8.26 	 0.1526241453030986 
8.28 	 0.15290753357627437 
8.3 	 0.153014895515142 
8.32 	 0.1529274025940202 
8.34 	 0.15279211778680454 
8.36 	 0.15264691840607592 
8.38 	 0.15269890585403026 
8.4 	 0.15296187102307607 
8.42 	 0.1537570974807707 
8.44 	 0.15496529592137404 
8.46 	 0.15707483047418097 
8.48 	 0.15971125488423868 
8.5 	 0.16357892809465663 
8.52 	 0.1679344685142196 
8.54 	 0.17374419556034096 
8.56 	 0.17981747122970396 
8.58 	 0.18742088996593523 
8.6 	 0.1949016939722171 
8.62 	 0.20383886322038752 
8.64 	 0.2121850653067254 
8.66 	 0.2217921047856364 
8.68 	 0.2303668897680137 
8.7 	 0.23993195079053206 
8.72 	 0.24815040391201507 
8.74 	 0.2570718015692508 
8.76 	 0.26451805890988433 
8.78 	 0.27242809481830976 
8.8 	 0.27892430643903887 
8.82 	 0.285751846245293 
8.84 	 0.2913691569044347 
8.86 	 0.2973203002544305 
8.88 	 0.30232441264032806 
8.9 	 0.3077765845673183 
8.92 	 0.3125139434192948 
8.94 	 0.3178520808466279 
8.96 	 0.32261090919000973 
8.98 	 0.32806755551061056 
9.0 	 0.3329679544813863 
9.02 	 0.3385312078503621 
9.04 	 0.34348572618036205 
9.06 	 0.3489030597027484 
9.08 	 0.3536509957574605 
9.1 	 0.35851125607238193 
9.12 	 0.36269844167033966 
9.14 	 0.36655027041165517 
9.16 	 0.3698203439344636 
9.18 	 0.37228823947951034 
9.2 	 0.37436387930633247 
9.22 	 0.3752390465299999 
9.24 	 0.37598563755880243 
9.26 	 0.375283424215752 
9.28 	 0.3747532829583109 
9.3 	 0.37273400291924247 
9.32 	 0.3711838111511057 
9.34 	 0.3683264123590394 
9.36 	 0.36618793626146656 
9.38 	 0.36309704822947514 
9.4 	 0.36087916285488614 
9.42 	 0.3581218953524378 
9.44 	 0.35625349919931804 
9.46 	 0.35417467752933113 
9.48 	 0.35285453810463546 
9.5 	 0.35146788408680735 
9.52 	 0.3506133969986279 
9.54 	 0.3496496812794018 
9.56 	 0.34899098677514523 
9.58 	 0.3480991483258709 
9.6 	 0.34738024246115434 
9.62 	 0.3463868891003458 
9.64 	 0.34557369799902704 
9.66 	 0.3446666883346819 
9.68 	 0.3440518806187674 
9.7 	 0.343784757511806 
9.72 	 0.34392682603050945 
9.74 	 0.345040406328051 
9.76 	 0.3465731235415197 
9.78 	 0.34974574491747085 
9.8 	 0.3531776958744934 
9.82 	 0.358843039918831 
9.84 	 0.364448490117517 
9.86 	 0.37272746986360605 
9.88 	 0.3805305217797966 
9.9 	 0.39121847327323855 
9.92 	 0.40100758334825615 
9.94 	 0.4135456439869028 
9.96 	 0.4248711535661177 
9.98 	 0.43828552514490754 
10.0 	 0.4504261018955292 
10.02 	 0.4632541983155352 
10.04 	 0.47513487690670203 
10.06 	 0.4853515334320047 
10.08 	 0.4953832229177266 
10.1 	 0.5003496138156305 
10.12 	 0.5062088513791511 
10.14 	 0.5027605063135194 
10.16 	 0.501307695813236 
10.18 	 0.48629265528830046 
10.2 	 0.47413854896638513 
10.22 	 0.44583126215137003 
10.24 	 0.4211463044651518 
10.26 	 0.3813793031788617 
10.28 	 0.34641763457199554 
10.3 	 0.30158961522656175 
10.32 	 0.263183432528042 
10.34 	 0.22177638203284525 
10.36 	 0.187789548967144 
10.38 	 0.15576323448914273 
10.4 	 0.13066700903922113 
10.42 	 0.10928706387568263 
10.44 	 0.0932236497982219 
10.46 	 0.08050200774795137 
10.48 	 0.07127537543614954 
10.5 	 0.06434348750179335 
10.52 	 0.059459820528752316 
10.54 	 0.05593870974360878 
10.56 	 0.053524643355344396 
10.58 	 0.05186375504095907 
10.6 	 0.050782199007548906 
10.62 	 0.050130703349647934 
10.64 	 0.04981223450588577 
10.66 	 0.04980644122404331 
10.68 	 0.05007183949344036 
10.7 	 0.05068431395023488 
10.72 	 0.05163848943500741 
10.74 	 0.053103986380287405 
10.76 	 0.055085708192012146 
10.78 	 0.057860901649566865 
10.8 	 0.061392031803227456 
10.82 	 0.06608511671223183 
10.84 	 0.07175811352047691 
10.86 	 0.07897923906052057 
10.88 	 0.08726110917464784 
10.9 	 0.09740315195443425 
10.92 	 0.108413040339578 
10.94 	 0.12144748554289236 
10.96 	 0.1348252564579851 
10.98 	 0.15022052139311942 
11.0 	 0.16517018673221337 
11.02 	 0.18197213956019925 
11.04 	 0.19745028650752888 
11.06 	 0.21446739279169968 
11.08 	 0.22940254836233176 
11.1 	 0.2454025055701431 
11.12 	 0.2588483756660668 
11.14 	 0.2727115205242777 
11.16 	 0.28391391851808906 
11.18 	 0.29474194820335375 
11.2 	 0.3031570439104653 
11.22 	 0.31035475851874383 
11.24 	 0.31566107531180015 
11.26 	 0.31899057905321915 
11.28 	 0.32110311049074414 
11.3 	 0.3206827565449267 
11.32 	 0.3197419053352881 
11.34 	 0.3159652651897992 
11.36 	 0.3122763683030653 
11.38 	 0.3056767439739212 
11.4 	 0.2996254960704276 
11.42 	 0.29076846193568634 
11.44 	 0.2827805003233634 
11.46 	 0.2722569726623379 
11.48 	 0.2628401211207731 
11.5 	 0.25133954408020404 
11.52 	 0.2411548694998896 
11.54 	 0.22950332448306573 
11.56 	 0.219348798244568 
11.58 	 0.20840293369630536 
11.6 	 0.19904449443297684 
11.62 	 0.18945643187074038 
11.64 	 0.18138179412032923 
11.66 	 0.1733847393873311 
11.68 	 0.16664874294178855 
11.7 	 0.16001911635575045 
11.72 	 0.15429125477254402 
11.74 	 0.1485156599602591 
11.76 	 0.1432957230264734 
11.78 	 0.13784293617411153 
11.8 	 0.1327214637784964 
11.82 	 0.1272870734519085 
11.84 	 0.1221358824675062 
11.86 	 0.1167680044322051 
11.88 	 0.11179809804054423 
11.9 	 0.10687066766310986 
11.92 	 0.10254750559691606 
11.94 	 0.0986032258016319 
11.96 	 0.09545969405572037 
11.98 	 0.09299327393865521 
12.0 	 0.09142156239130464 
12.02 	 0.09069434708636027 
12.04 	 0.09080219878322371 
12.06 	 0.09175289747580194 
12.08 	 0.09332749767298183 
12.1 	 0.09558776252285531 
12.12 	 0.09815323204105626 
12.14 	 0.10113302262347389 
12.16 	 0.10405606568934578 
12.18 	 0.1070555207053799 
12.2 	 0.1096587864437811 
12.22 	 0.11198076318731448 
12.24 	 0.11364630699362353 
12.26 	 0.11470384624785536 
12.28 	 0.11496752744489559 
12.3 	 0.11438773087889026 
12.32 	 0.11302786965344373 
12.34 	 0.11074395938200707 
12.36 	 0.10785279313183854 
12.38 	 0.10415508134962734 
12.4 	 0.10015841271922345 
12.42 	 0.09565969849494645 
12.44 	 0.09124109184690661 
12.46 	 0.08672828287318968 
12.48 	 0.08264586508770969 
12.5 	 0.07884802914419362 
12.52 	 0.07570125060483207 
12.54 	 0.07306992383668724 
12.56 	 0.07112545225460386 
12.58 	 0.0697320009566698 
12.6 	 0.06889290467113342 
12.62 	 0.06848036524020557 
12.64 	 0.06839533233974504 
12.66 	 0.06853552641947973 
12.68 	 0.06877223233910323 
12.7 	 0.06904038987759119 
12.72 	 0.06923769720471251 
12.74 	 0.06933503682750845 
12.76 	 0.06928424873477787 
12.78 	 0.06907963523430762 
12.8 	 0.06872615471088377 
12.82 	 0.06822328536301907 
12.84 	 0.06760859332798821 
12.86 	 0.06686858259499005 
12.88 	 0.06604864333320373 
12.9 	 0.06510956140335952 
12.92 	 0.06409015421545831 
12.94 	 0.06292229260712087 
12.96 	 0.06164165488923652 
12.98 	 0.060159205152156614 
13.0 	 0.058525956001268 
13.02 	 0.05664969634765734 
13.04 	 0.05461940371676962 
13.06 	 0.052362861470737355 
13.08 	 0.05002052806946573 
13.1 	 0.04756212381066598 
13.12 	 0.04517448628235331 
13.14 	 0.042881759044120324 
13.16 	 0.04089133093211586 
13.18 	 0.03927798750020534 
13.2 	 0.03822781663528649 
13.22 	 0.03784607239607346 
13.24 	 0.0382474283136382 
13.26 	 0.039541464269482775 
13.28 	 0.04172075378665829 
13.3 	 0.04488510889191454 
13.32 	 0.048861920349318404 
13.34 	 0.05375327253545624 
13.36 	 0.05919729920267108 
13.38 	 0.0653332530889585 
13.4 	 0.07161954691060711 
13.42 	 0.07826726625719446 
13.44 	 0.08461013375385487 
13.46 	 0.09093774218991728 
13.48 	 0.09655909913391926 
13.5 	 0.10181101136324767 
13.52 	 0.10610245565213497 
13.54 	 0.1097661445912189 
13.56 	 0.11242231273252323 
13.58 	 0.11436192103020631 
13.6 	 0.11547111666404071 
13.62 	 0.11599870054443207 
13.64 	 0.11606493608649682 
13.66 	 0.11590860016703093 
13.68 	 0.11576490096883645 
13.7 	 0.11590133587940642 
13.72 	 0.1164940567414604 
13.74 	 0.11786587316610324 
13.76 	 0.11996041616105522 
13.78 	 0.1231777327056285 
13.8 	 0.12711072358510933 
13.82 	 0.13227106347361453 
13.84 	 0.137869381875151 
13.86 	 0.14456926822918914 
13.88 	 0.15125647635535078 
13.9 	 0.15875732223555214 
13.92 	 0.16576169856275771 
13.94 	 0.1732065842733705 
13.96 	 0.17975923582249306 
13.98 	 0.18635105154975715 
14.0 	 0.19181050145530992 
14.02 	 0.19691561449581274 
14.04 	 0.20081611828484083 
14.06 	 0.20400484671347704 
14.08 	 0.20606259994863815 
14.1 	 0.20712462178193805 
14.12 	 0.20724869406991053 
14.14 	 0.20622953748828474 
14.16 	 0.20457747495659886 
14.18 	 0.2018631820004207 
14.2 	 0.1989447745491825 
14.22 	 0.19536200584132205 
14.24 	 0.1921207267192228 
14.26 	 0.18893633614129604 
14.28 	 0.1866670735881174 
14.3 	 0.18534938056029596 
14.32 	 0.18535238209198782 
14.34 	 0.18709627507938845 
14.36 	 0.1901796651600878 
14.38 	 0.19543499818102952 
14.4 	 0.20157984153771472 
14.42 	 0.20988627442230776 
14.44 	 0.21829808391127925 
14.46 	 0.2284975855694806 
14.48 	 0.23795439461226667 
14.5 	 0.2485877912997179 
14.52 	 0.2578211304752386 
14.54 	 0.26748218293726506 
14.56 	 0.27541827375649786 
14.58 	 0.28297144554385517 
14.6 	 0.2888236163140534 
14.62 	 0.2935015776107945 
14.64 	 0.2967793708460283 
14.66 	 0.2982024100420877 
14.68 	 0.2986912278251641 
14.7 	 0.2968372675640982 
14.72 	 0.2945703083885407 
14.74 	 0.28971648276486967 
14.76 	 0.284946296499546 
14.78 	 0.27760553005020083 
14.8 	 0.2707807019482684 
14.82 	 0.2616482099879501 
14.84 	 0.2533897784688565 
14.86 	 0.24328726019165256 
14.88 	 0.23433904023566796 
14.9 	 0.2241248050662313 
14.92 	 0.21525035059317035 
14.94 	 0.20568316581041998 
14.96 	 0.19751876144679012 
14.98 	 0.18911267335866166 
15.0 	 0.1820337947669762 
15.02 	 0.17497156684219992 
15.04 	 0.16903989328603974 
15.06 	 0.1631903296725365 
15.08 	 0.1582064656729104 
15.1 	 0.15323590369570003 
15.12 	 0.1488672615171129 
15.14 	 0.14439312946175745 
15.16 	 0.1403177621264664 
15.18 	 0.1360434697259278 
15.2 	 0.13205541127035378 
15.22 	 0.12784230266411556 
15.24 	 0.12388696619664727 
15.26 	 0.11974717751332686 
15.28 	 0.11588508441284757 
15.3 	 0.11191170024503999 
15.32 	 0.10823886787751946 
15.34 	 0.10451660504170386 
15.36 	 0.10108807276112992 
15.38 	 0.09763276341393047 
15.4 	 0.09442822853462912 
15.42 	 0.09118024212048294 
15.44 	 0.08812037555586236 
15.46 	 0.08498165809659101 
15.48 	 0.08197272287027045 
15.5 	 0.07885494511143064 
15.52 	 0.07582910350111692 
15.54 	 0.0726835148221635 
15.56 	 0.0696146773769037 
15.58 	 0.06643430652672976 
15.6 	 0.06333050228382756 
15.62 	 0.060135103894787566 
15.64 	 0.057022423441992834 
15.66 	 0.05384366007566212 
15.68 	 0.05075679126756832 
15.7 	 0.047634369986025035 
15.72 	 0.04461829809331724 
15.74 	 0.04160525611875999 
15.76 	 0.038721524168838325 
15.78 	 0.03588864239448019 
15.8 	 0.03321567684900198 
15.82 	 0.030645969789629586 
15.84 	 0.028267764059659483 
15.86 	 0.026039835287138532 
15.88 	 0.02402608878011288 
15.9 	 0.022193433483464264 
15.92 	 0.02058053641607518 
15.94 	 0.01915696613736156 
15.96 	 0.0179390775564862 
15.98 	 0.016896975313299124 
16.0 	 0.016030775650045438 
16.02 	 0.015312044754784903 
16.04 	 0.014731976990611158 
16.06 	 0.01426608072902453 
16.08 	 0.013903232620222085 
16.1 	 0.013625349032383577 
16.12 	 0.013423683001291577 
16.14 	 0.013288082850657808 
16.16 	 0.013214619912451781 
16.18 	 0.013201385153741767 
16.2 	 0.013249575202330773 
16.22 	 0.013364623440775962 
16.24 	 0.013551193671115243 
16.26 	 0.013819971638756754 
16.28 	 0.01417565482034483 
16.3 	 0.014631105016473994 
16.32 	 0.015186432201083766 
16.34 	 0.015853411636459282 
16.36 	 0.016623144793177818 
16.38 	 0.017504391674634866 
16.4 	 0.018477045714513394 
16.42 	 0.019547872439033734 
16.44 	 0.02068720108378996 
16.46 	 0.02190428775012452 
16.48 	 0.02316516262326705 
16.5 	 0.024488041995523888 
16.52 	 0.025840733065671136 
16.54 	 0.027255706370776032 
16.56 	 0.02870499877078097 
16.58 	 0.03023628210218612 
16.6 	 0.031821237378360075 
16.62 	 0.03351834080327114 
16.64 	 0.035287752472362696 
16.66 	 0.037191382802861904 
16.68 	 0.03916528435513655 
16.7 	 0.04126906294406646 
16.72 	 0.043408044635357704 
16.74 	 0.04563908066351778 
16.76 	 0.047841216062494495 
16.78 	 0.0500733196912767 
16.8 	 0.0522030174594449 
16.82 	 0.054297514480340245 
16.84 	 0.05623193526166212 
16.86 	 0.05808512532663204 
16.88 	 0.05975403095086896 
16.9 	 0.06132675810489375 
16.92 	 0.06272561570116536 
16.94 	 0.06404017428586897 
16.96 	 0.06521064002005507 
16.98 	 0.06631754708686556 
17.0 	 0.0673065226509006 
17.02 	 0.06823971075445139 
17.04 	 0.06905950748645673 
17.06 	 0.06980472573740831 
17.08 	 0.07041621064756168 
17.1 	 0.0709101189953732 
17.12 	 0.07123815912861048 
17.14 	 0.07139905545804408 
17.16 	 0.07137270435226416 
17.18 	 0.07114800709241102 
17.2 	 0.07074661424570651 
17.22 	 0.07015577134127912 
17.24 	 0.06944181382376526 
17.26 	 0.06859816049652562 
17.28 	 0.06772610761168389 
17.3 	 0.0668323952836249 
17.32 	 0.06603345825841299 
17.34 	 0.0653551967528942 
17.36 	 0.06490339195398692 
17.38 	 0.0647262139939056 
17.4 	 0.06488993834262005 
17.42 	 0.06546386392555838 
17.44 	 0.06644480843960568 
17.46 	 0.06791787785071378 
17.48 	 0.06978352209085768 
17.5 	 0.07213539175972021 
17.52 	 0.07476257964629683 
17.54 	 0.07775999447225432 
17.56 	 0.08081443046892887 
17.58 	 0.08401279987358444 
17.6 	 0.08698227686530569 
17.62 	 0.08978553065434856 
17.64 	 0.09206618999584093 
17.66 	 0.09383821497211227 
17.68 	 0.09485629452266897 
17.7 	 0.09506204806865887 
17.72 	 0.09440580647773734 
17.74 	 0.09275029961336378 
17.76 	 0.0902826984742571 
17.78 	 0.08680731234228138 
17.8 	 0.08272333801378974 
17.82 	 0.07781568733017262 
17.84 	 0.07260812611478488 
17.86 	 0.06690100163967733 
17.88 	 0.0612256918583075 
17.9 	 0.05541130891770005 
17.92 	 0.049897814071886815 
17.94 	 0.04453764842852419 
17.96 	 0.03963225437587585 
17.98 	 0.035048938087509564 
18.0 	 0.03095773105019232 
18.02 	 0.027239980253346428 
18.04 	 0.023972326410978084 
18.06 	 0.021055238912017233 
18.08 	 0.018513328056479504 
18.1 	 0.016269970447137655 
18.12 	 0.014326638019605648 
18.14 	 0.012628140101761358 
18.16 	 0.011167223029622565 
18.18 	 0.009904700021434181 
18.2 	 0.008829798231051011 
18.22 	 0.007913461644950548 
18.24 	 0.007143148394383838 
18.26 	 0.006496027614072274 
18.28 	 0.005959146805560848 
18.3 	 0.005514244932359947 
18.32 	 0.005149471954648272 
18.34 	 0.004850734689341549 
18.36 	 0.004608460531865712 
18.38 	 0.004412528839014059 
18.4 	 0.004256104022316769 
18.42 	 0.004132574515605616 
18.44 	 0.004037660232795571 
18.46 	 0.003967574319039016 
18.48 	 0.003920109401934892 
18.5 	 0.0038936497244958118 
18.52 	 0.0038876109650601847 
18.54 	 0.003902136381012183 
18.56 	 0.003938042077914841 
18.58 	 0.0039971521014788135 
18.6 	 0.004081741260605592 
18.62 	 0.004195570982481133 
18.64 	 0.004342676328249017 
18.66 	 0.004529298929934299 
18.68 	 0.004761672333195271 
18.7 	 0.005049253123931686 
18.72 	 0.005400837854064177 
18.74 	 0.005829843573913741 
18.76 	 0.00634752697433795 
18.78 	 0.0069717065587628375 
18.8 	 0.007714893440988272 
18.82 	 0.008599026805019316 
18.84 	 0.00963476862128897 
18.86 	 0.010846860197222162 
18.88 	 0.012238497836662317 
18.9 	 0.013835009792974258 
18.92 	 0.015624139698280408 
18.94 	 0.017629554134904617 
18.96 	 0.01981463274020953 
18.98 	 0.022200471453493742 
19.0 	 0.02471906186823613 
19.02 	 0.02739041366367977 
19.04 	 0.03011342013916751 
19.06 	 0.03291065207609286 
19.08 	 0.03565411790802441 
19.1 	 0.038373026046161864 
19.12 	 0.04092694369060336 
19.14 	 0.04335392481648543 
19.16 	 0.04552102930370182 
19.18 	 0.04747408678912545 
19.2 	 0.0491078340596834 
19.22 	 0.05047179928324225 
19.24 	 0.05150291258172609 
19.26 	 0.05224885613083129 
19.28 	 0.052693408813739157 
19.3 	 0.05287714312149341 
19.32 	 0.05282481143044591 
19.34 	 0.052566069371609195 
19.36 	 0.05215323033105055 
19.38 	 0.0516031415785226 
19.4 	 0.05097973603782578 
19.42 	 0.05028700269159276 
19.44 	 0.04958666945959131 
19.46 	 0.04887123795163288 
19.48 	 0.04819120255448001 
19.5 	 0.04752981750379952 
19.52 	 0.046922702509107565 
19.54 	 0.04634657749988869 
19.56 	 0.045823237120663975 
19.58 	 0.04532593222024688 
19.6 	 0.04486705710915889 
19.62 	 0.044419711574575034 
19.64 	 0.04399289273492508 
19.66 	 0.04356265705594877 
19.68 	 0.04313999621250238 
19.7 	 0.04270597420652192 
19.72 	 0.042276375045870646 
19.74 	 0.04183754142235725 
19.76 	 0.04140942767581174 
19.78 	 0.04098216736039227 
19.8 	 0.04057667840538033 
19.82 	 0.040184532601625425 
19.84 	 0.03982379955348787 
19.86 	 0.0394854956651943 
19.88 	 0.039182327358495896 
19.9 	 0.03890390969941203 
19.92 	 0.03865721674599726 
19.94 	 0.03843079215642881 
19.96 	 0.03822737687306402 
19.98 	 0.038035522954730686 
20.0 	 0.03785630346516802 
20.02 	 0.037679714649363864 
20.04 	 0.0375079780052271 
20.06 	 0.03733406636284257 
20.08 	 0.0371635792459134 
20.1 	 0.03699363677303716 
20.12 	 0.03683377452237388 
20.14 	 0.03668515199314805 
20.16 	 0.0365590157323401 
20.18 	 0.03645815264249639 
20.2 	 0.036390276944589586 
20.22 	 0.03635487647338129 
20.24 	 0.03634951484901198 
20.26 	 0.0363643123041999 
20.28 	 0.03638226666438205 
20.3 	 0.036379629919286706 
20.32 	 0.036326641093256166 
20.34 	 0.03618543741517783 
20.36 	 0.0359234854861904 
20.38 	 0.0354939157213913 
20.4 	 0.03487748705992264 
20.42 	 0.03402759145034758 
20.44 	 0.03295428045564634 
20.46 	 0.03162148592448719 
20.48 	 0.03007682056067459 
20.5 	 0.028301933305125496 
20.52 	 0.026377398119790008 
20.54 	 0.024303179909360824 
20.56 	 0.022176117654848893 
20.58 	 0.020007760382466436 
20.6 	 0.017889341707593747 
20.62 	 0.01583312898138213 
20.64 	 0.013907072058591744 
20.66 	 0.012114824611142433 
20.68 	 0.010493964375941413 
20.7 	 0.009036145667864896 
20.72 	 0.007752342559105618 
20.74 	 0.006625121846274394 
20.76 	 0.005648766578212778 
20.78 	 0.004802778762531777 
20.8 	 0.004074946984584499 
20.82 	 0.0034469849240715174 
20.84 	 0.00290693263847089 
20.86 	 0.002441162226168549 
20.88 	 0.002040581178122105 
20.9 	 0.0016960050563973826 
20.92 	 0.0014010569611955291 
20.94 	 0.0011495069061820938 
20.96 	 0.0009365901379788648 
20.98 	 0.0007575972666729221 
21.0 	 0.0006085129346609663 
21.02 	 0.0004853756407938527 
21.04 	 0.0003846268507022924 
21.06 	 0.0003028750687498268 
21.08 	 0.00023708945372522501 
21.1 	 0.0001845231608909503 
21.12 	 0.00014279796860214124 
21.14 	 0.00010986255722850197 
21.16 	 8.400309619364227e-05 
21.18 	 6.379853464629063e-05 
21.2 	 4.809384615457981e-05 
21.22 	 3.595461418604352e-05 
21.24 	 2.663199585369024e-05 
21.26 	 1.9525950972841845e-05 
21.28 	 1.4156856418900576e-05 
21.3 	 1.0140764874821318e-05 
21.32 	 7.170745512242692e-06 
21.34 	 5.0018583274538975e-06 
21.36 	 3.439709385378772e-06 
21.38 	 2.3312524722540633e-06 
21.4 	 1.5574151912728078e-06 
21.42 	 1.0269509374907182e-06 
21.44 	 6.712930924689171e-07 
21.46 	 4.4022519691071226e-07 
21.48 	 2.9831106212223603e-07 
21.5 	 2.2204827106000668e-07 
21.52 	 1.9772919478257342e-07 
21.54 	 2.1998090713874164e-07 
21.56 	 2.9093767550214884e-07 
21.58 	 4.1997264924963654e-07 
21.6 	 6.238833200807703e-07 
21.62 	 9.273879490846353e-07 
21.64 	 1.3637452211901146e-06 
21.66 	 1.9752664150901385e-06 
21.68 	 2.8134389481514307e-06 
21.7 	 3.938365095386481e-06 
21.72 	 5.417186507141564e-06 
21.74 	 7.321259281039809e-06 
21.76 	 9.721831074595097e-06 
21.78 	 1.2684310549927475e-05 
21.8 	 1.6261110212133615e-05 
21.82 	 2.0483827864710405e-05 
21.84 	 2.5354950340691143e-05 
21.86 	 3.0840802529802144e-05 
21.88 	 3.686568199193553e-05 
21.9 	 4.330990077966938e-05 
21.92 	 5.0010509744977284e-05 
21.94 	 5.676815117314182e-05 
21.96 	 6.335662901083545e-05 
21.98 	 6.953888324731816e-05 
22.0 	 7.50834264297579e-05 
22.02 	 7.978470562073097e-05 
22.04 	 8.34799257367242e-05 
22.06 	 8.606532115361498e-05 
22.08 	 8.750514783412212e-05 
22.1 	 8.783587839031266e-05 
22.12 	 8.716200482381148e-05 
22.14 	 8.564545109434976e-05 
22.16 	 8.348921168759156e-05 
22.18 	 8.091659515026355e-05 
22.2 	 7.814997664865085e-05 
22.22 	 7.538945187094862e-05 
22.24 	 7.279630240799121e-05 
22.26 	 7.04803192135401e-05 
22.28 	 6.849470377174604e-05 
22.3 	 6.683625188875537e-05 
22.32 	 6.545238586445148e-05 
22.34 	 6.425192625459263e-05 
22.36 	 6.311946060731197e-05 
22.38 	 6.193020181657726e-05 
22.4 	 6.0564702430542644e-05 
22.42 	 5.892095415968327e-05 
22.44 	 5.69239047127849e-05 
22.46 	 5.4530698237926714e-05 
22.48 	 5.173290316882445e-05 
22.5 	 4.855451595562979e-05 
22.52 	 4.504812223126734e-05 
22.54 	 4.128807341677733e-05 
22.56 	 3.736361664982916e-05 
22.58 	 3.337066475211836e-05 
22.6 	 2.9405037015718263e-05 
22.62 	 2.555569810243786e-05 
22.64 	 2.1900231634775238e-05 
22.66 	 1.8501079990416395e-05 
22.68 	 1.5404001057209015e-05 
22.7 	 1.2637449811811187e-05 
22.72 	 1.0213621596198684e-05 
22.74 	 8.130142573346102e-06 
22.76 	 6.372652397858045e-06 
22.78 	 4.917569087858431e-06 
22.8 	 3.7350395035673465e-06 
22.82 	 2.7916492188167584e-06 
22.84 	 2.0528455037745016e-06 
22.86 	 1.4848819595703613e-06 
22.88 	 1.0562865858397185e-06 
22.9 	 7.38827844717956e-07 
22.92 	 5.080422084252035e-07 
22.94 	 3.4338687069169196e-07 
22.96 	 2.2811005249668485e-07 
22.98 	 1.4892486100302882e-07 
23.0 	 9.556920447175757e-08 
23.02 	 6.031854515865849e-08 
23.04 	 3.750286574465439e-08 
23.06 	 2.3062196305274497e-08 
23.08 	 1.41604993241839e-08 
23.1 	 8.865752814420622e-09 
23.12 	 5.895543529824711e-09 
23.14 	 4.422044309744138e-09 
23.16 	 3.927492962793328e-09 
23.18 	 4.100550249595966e-09 
23.2 	 4.7645761115822356e-09 
23.22 	 5.830399738648664e-09 
23.24 	 7.2682077400064226e-09 
23.26 	 9.095543462433248e-09 
23.28 	 1.138106898686439e-08 
23.3 	 1.4266792670207768e-08 
23.32 	 1.8015100059587575e-08 
23.34 	 2.3091364583528354e-08 
23.36 	 3.029830889661959e-08 
23.38 	 4.098460792806932e-08 
23.4 	 5.7357073625601186e-08 
23.42 	 8.293221656151468e-08 
23.44 	 1.2316734339537257e-07 
23.46 	 1.8631116270215726e-07 
23.48 	 2.8450568627649783e-07 
23.5 	 4.351515292891e-07 
23.52 	 6.625132404489398e-07 
23.54 	 9.994893669924339e-07 
23.56 	 1.4894002612912174e-06 
23.58 	 2.187568383439731e-06 
23.6 	 3.1623724199724637e-06 
23.62 	 4.495404542376039e-06 
23.64 	 6.280286055847721e-06 
23.66 	 8.619794045658996e-06 
23.68 	 1.1620908114947364e-05 
23.7 	 1.538783981777968e-05 
23.72 	 2.0012915714941876e-05 
23.74 	 2.5566321542032626e-05 
23.76 	 3.208475869305078e-05 
23.78 	 3.9561459649308554e-05 
23.8 	 4.7937031400403184e-05 
23.82 	 5.70952936209744e-05 
23.84 	 6.68614663385664e-05 
23.86 	 7.700865664538576e-05 
23.88 	 8.726616098358925e-05 
23.9 	 9.733728821695926e-05 
23.92 	 0.0001069156212997899 
23.94 	 0.0001157090821742419 
23.96 	 0.0001234573211573535 
23.98 	 0.00012995303467446066 
24.0 	 0.00013505243190331528 
24.02 	 0.00013868561254387732 
24.04 	 0.00014085540299636296 
24.06 	 0.00014163384435399016 
24.08 	 0.00014115056162032687 
24.1 	 0.00013957883474563783 
24.12 	 0.0001371193941893816 
24.14 	 0.0001339833287213675 
24.16 	 0.00013037821739294005 
24.18 	 0.0001264946293140408 
24.2 	 0.00012249894789788696 
24.22 	 0.00011852671280094915 
24.24 	 0.00011468259193903598 
24.26 	 0.00011103997896852874 
24.28 	 0.00010764569613535218 
24.3 	 0.00010452310694848024 
24.32 	 0.0001016783419364134 
24.34 	 9.910411852787716e-05 
24.36 	 9.678518100423902e-05 
24.38 	 9.470124305486626e-05 
24.4 	 9.283088198660576e-05 
24.42 	 9.115348324844147e-05 
24.44 	 8.965215332332237e-05 
24.46 	 8.831558383130998e-05 
24.48 	 8.714126769914734e-05 
24.5 	 8.613862494238793e-05 
24.52 	 8.533389698082474e-05 
24.54 	 8.477570340772065e-05 
24.56 	 8.454243457471381e-05 
24.58 	 8.47505329883475e-05 
24.6 	 8.556377457509591e-05 
24.62 	 8.720272286474343e-05 
24.64 	 8.995275842128307e-05 
24.66 	 9.41704340046609e-05 
24.68 	 0.00010028403282819401 
24.7 	 0.00010879037084766149 
24.72 	 0.00012024019566986439 
24.74 	 0.00013522056102176645 
24.76 	 0.00015432094027799677 
24.78 	 0.00017810533504536332 
24.8 	 0.00020706570373776471 
24.82 	 0.00024160494523042355 
24.84 	 0.0002819989770146359 
24.86 	 0.00032842983509170914 
24.88 	 0.0003809858146682881 
24.9 	 0.0004397889032567642 
24.92 	 0.0005050488525250961 
24.94 	 0.0005773069528512347 
24.96 	 0.0006575143119421144 
24.98 	 0.0007473647638578815 
25.0 	 0.0008492939096284978 
25.02 	 0.0009668249417850381 
25.04 	 0.0011043050358369483 
25.06 	 0.0012671947883410753 
25.08 	 0.0014613028258723736 
25.1 	 0.0016930796416219167 
25.12 	 0.0019680940873643494 
25.14 	 0.002291685031598174 
25.16 	 0.002666417339954908 
25.18 	 0.0030938509525551177 
25.2 	 0.0035706660837519877 
25.22 	 0.004092635849912558 
25.24 	 0.004649028140289629 
25.26 	 0.005229800659555811 
25.28 	 0.005817920002548725 
25.3 	 0.006400084385658876 
25.32 	 0.006956958193756005 
25.34 	 0.007476468391208354 
25.36 	 0.007942636427632904 
25.38 	 0.008349282132988045 
25.4 	 0.008688773824289453 
25.42 	 0.008963608367318984 
25.44 	 0.009176495811318927 
25.46 	 0.009338164475118663 
25.48 	 0.009459598898124415 
25.5 	 0.009556139824010724 
25.52 	 0.009641769195497583 
25.54 	 0.009731177600529505 
25.56 	 0.00983526726725889 
25.58 	 0.009963526902202414 
25.6 	 0.010119661610204443 
25.62 	 0.010306168108781657 
25.64 	 0.010519128572042243 
25.66 	 0.010755719846730261 
25.68 	 0.011007548970580244 
25.7 	 0.011270585375538208 
25.72 	 0.011536809567954682 
25.74 	 0.011805304916391288 
25.76 	 0.012072267172820825 
25.78 	 0.012342097255413995 
25.8 	 0.01261584060585758 
25.82 	 0.0129020570645627 
25.84 	 0.013203560738074618 
25.86 	 0.013529088468176935 
25.88 	 0.013878017330295978 
25.9 	 0.014254594368886509 
25.92 	 0.014650385109961873 
25.94 	 0.015062406209470242 
25.96 	 0.015473587206901777 
25.98 	 0.015874478284841516 
26.0 	 0.016243021534748152 
26.02 	 0.016567215060144788 
26.04 	 0.01682671740704646 
26.06 	 0.017012075638187532 
26.08 	 0.01711145841373137 
26.1 	 0.017121905411989807 
26.12 	 0.017044069700729674 
26.14 	 0.01688278109120205 
26.16 	 0.016650926282458022 
26.18 	 0.016359684624518044 
26.2 	 0.016030285455045087 
26.22 	 0.01567711405958412 
26.24 	 0.015324142439504777 
26.26 	 0.014985526213654947 
26.28 	 0.014682722143929327 
26.3 	 0.014426985213307023 
26.32 	 0.014233565657438347 
26.34 	 0.01410930978687669 
26.36 	 0.01406138068925851 
26.38 	 0.014091792080880053 
26.4 	 0.014199270522798782 
26.42 	 0.014381455633058439 
26.44 	 0.0146295020339126 
26.46 	 0.014937850330099277 
26.48 	 0.015291925953395572 
26.5 	 0.015684630216604833 
26.52 	 0.01609816376504196 
26.54 	 0.01652562176335664 
26.56 	 0.016948651108439645 
26.58 	 0.017361865725200647 
26.6 	 0.01774867413455837 
26.62 	 0.0181058430902955 
26.64 	 0.018420202830788827 
26.66 	 0.018690690441867577 
26.68 	 0.01890856252516805 
26.7 	 0.019074639206437042 
26.72 	 0.01918508410358849 
26.74 	 0.019242279220784267 
26.76 	 0.019247298659532064 
26.78 	 0.01920378501081389 
26.8 	 0.01911717552171589 
26.82 	 0.018991987847834183 
26.84 	 0.018836892152051272 
26.86 	 0.018656746796842438 
26.88 	 0.01846192371865909 
26.9 	 0.018257048665520675 
26.92 	 0.018052656880792856 
26.94 	 0.017852770040454012 
26.96 	 0.017666950929497622 
26.98 	 0.01749864112449649 
27.0 	 0.017355882838454642 
27.02 	 0.017241940571550263 
27.04 	 0.017163232172097545 
27.06 	 0.017123390899300504 
27.08 	 0.017127193399348418 
27.1 	 0.017179027892569147 
27.12 	 0.017281765732076487 
27.14 	 0.017440590679763744 
27.16 	 0.017655815971716286 
27.18 	 0.01793310347637314 
27.2 	 0.018269217128429154 
27.22 	 0.01866970322882558 
27.24 	 0.019126604186293028 
27.26 	 0.019644576376720447 
27.28 	 0.02020983623230624 
27.3 	 0.020825323819643842 
27.32 	 0.021470797966307333 
27.34 	 0.022146821320735064 
27.36 	 0.022827092599746194 
27.38 	 0.02350957788781535 
27.4 	 0.024163866901804644 
27.42 	 0.024785776877902576 
27.44 	 0.025344496767145567 
27.46 	 0.02583489384696025 
27.48 	 0.026230861164565217 
27.5 	 0.02652816768332208 
27.52 	 0.02671087846286577 
27.54 	 0.02677780734231601 
27.56 	 0.026727402852422966 
27.58 	 0.02656322558723863 
27.6 	 0.026299269637682622 
27.62 	 0.025944086907442637 
27.64 	 0.02552416169950359 
27.66 	 0.025051031205102364 
27.68 	 0.02455674200757298 
27.7 	 0.024051736977596435 
27.72 	 0.023565008632639037 
27.74 	 0.023101257660600696 
27.76 	 0.022679403771168647 
27.78 	 0.022295440729619354 
27.8 	 0.02195560961152911 
27.82 	 0.021647598126255708 
27.84 	 0.021367644790044996 
27.86 	 0.021098907706963575 
27.88 	 0.02083404648812876 
27.9 	 0.02055711686332426 
27.92 	 0.02026422863815394 
27.94 	 0.019944921450600242 
27.96 	 0.01960320039032988 
27.98 	 0.01923588536773811 
28.0 	 0.01885502405328126 
28.02 	 0.018463245872547124 
28.04 	 0.01807699257541089 
28.06 	 0.01770110249864263 
28.08 	 0.017351242745610132 
28.1 	 0.017030781682547826 
28.12 	 0.016750579120489117 
28.14 	 0.01651055248815827 
28.16 	 0.016315412580648725 
28.18 	 0.01616188500017255 
28.2 	 0.0160497007918314 
28.22 	 0.015974103394895273 
28.24 	 0.01593212038285009 
28.26 	 0.01591930741961965 
28.28 	 0.015931873534864867 
28.3 	 0.01596659568512239 
28.32 	 0.016019670247298976 
28.34 	 0.016089039582570804 
28.36 	 0.016170895817753016 
28.38 	 0.01626392370700319 
28.4 	 0.016364254752391904 
28.42 	 0.01647117760942156 
28.44 	 0.016581125823547937 
28.46 	 0.016694325038074727 
28.48 	 0.016808170198922244 
28.5 	 0.016924287985017914 
28.52 	 0.017041449174238874 
28.54 	 0.017162771608243334 
28.56 	 0.01728812136260787 
28.58 	 0.017421606535979125 
28.6 	 0.0175632490017717 
28.62 	 0.017717296006496946 
28.64 	 0.017882812479537033 
28.66 	 0.01806344800557494 
28.68 	 0.018256546154028712 
28.7 	 0.01846480279853368 
28.72 	 0.01868356627591332 
28.74 	 0.01891444663322195 
28.76 	 0.019150744857934568 
28.78 	 0.01939269275961031 
28.8 	 0.01963143490207981 
28.82 	 0.01986522542216293 
28.84 	 0.0200830667797376 
28.86 	 0.020280724725859595 
28.88 	 0.020445881876593422 
28.9 	 0.020572137124091887 
28.92 	 0.020648122510112492 
28.94 	 0.020666900317121945 
28.96 	 0.02062159377965699 
28.98 	 0.020507320246061795 
29.0 	 0.02032520893248869 
29.02 	 0.020074804556743812 
29.04 	 0.019766857844445616 
29.06 	 0.01940611106890347 
29.08 	 0.019011362714366764 
29.1 	 0.018591031446116946 
29.12 	 0.018167456883486012 
29.14 	 0.01774948572601465 
29.16 	 0.017357392069209176 
29.18 	 0.01699707447597145 
29.2 	 0.016682438366569262 
29.22 	 0.016414623194241494 
29.24 	 0.016199758354220124 
29.26 	 0.016034710933216408 
29.28 	 0.01591927351470289 
29.3 	 0.01584818077662983 
29.32 	 0.015817701690550107 
29.34 	 0.015822712502927237 
29.36 	 0.015858283344615358 
29.38 	 0.01592047718257912 
29.4 	 0.01600390110454902 
29.42 	 0.016105267603296596 
29.44 	 0.01621811449118023 
29.46 	 0.016338487857481643 
29.48 	 0.016458198418044048 
29.5 	 0.01657186556499814 
29.52 	 0.016670196022420723 
29.54 	 0.01674705407333845 
29.56 	 0.01679426843797161 
29.58 	 0.016806792298511192 
29.6 	 0.016780362155524 
29.62 	 0.016712781606092006 
29.64 	 0.016605306163502632 
29.66 	 0.01645892832757464 
29.68 	 0.016279723995671656 
29.7 	 0.016070417383333282 
29.72 	 0.015839311543631454 
29.74 	 0.015588596114286033 
29.76 	 0.015326082829794304 
29.78 	 0.015052040587510668 
29.8 	 0.014772784582493186 
29.82 	 0.014487287491071704 
29.84 	 0.014201616746460238 
29.86 	 0.013915812295205564 
29.88 	 0.013638117679086254 
29.9 	 0.013372348386627344 
29.92 	 0.01313075178654963 
29.94 	 0.012922545420244427 
29.96 	 0.012764011918263547 
29.98 	 0.012669724386769323 
30.0 	 0.012658067273326102 
30.02 	 0.012747417134931802 
30.04 	 0.012954638868416036 
30.06 	 0.01329908075462608 
30.08 	 0.013790785611517278 
30.1 	 0.0144459586537533 
30.12 	 0.015260854681163628 
30.14 	 0.016243575220464213 
30.16 	 0.017369251847390504 
30.18 	 0.018633779695079865 
30.2 	 0.019986833359432587 
30.22 	 0.021411394930369237 
30.24 	 0.022834616014937765 
30.26 	 0.02423077699572862 
30.28 	 0.025516926373161487 
30.3 	 0.026666713255087942 
30.32 	 0.0276065971925374 
30.34 	 0.028318266969248183 
30.36 	 0.028757293637868338 
30.38 	 0.02891913185330468 
30.4 	 0.028800131298671667 
30.42 	 0.028410181167500593 
30.44 	 0.027785048084979492 
30.46 	 0.026944652416978875 
30.48 	 0.025950960235590285 
30.5 	 0.02482642057333767 
30.52 	 0.023640696149405508 
30.54 	 0.022411377880046483 
30.56 	 0.021199987462539736 
30.58 	 0.02001500717384813 
30.6 	 0.01890169218974358 
30.62 	 0.017859698491951435 
30.64 	 0.016918125630851367 
30.66 	 0.01607204052960529 
30.68 	 0.015340078091249989 
30.7 	 0.014719141102604945 
30.72 	 0.014225093631621152 
30.74 	 0.013863231484474865 
30.76 	 0.013653091209689806 
30.78 	 0.013612977408428203 
30.8 	 0.013768383062349121 
30.82 	 0.01415120034979435 
30.84 	 0.014788333422348258 
30.86 	 0.015720329247237427 
30.88 	 0.016962563765562072 
30.9 	 0.018554482967568838 
30.92 	 0.020480032005814608 
30.94 	 0.02276697087806822 
30.96 	 0.025346947795917067 
30.98 	 0.028230511017699196 
31.0 	 0.03128501192394975 
31.02 	 0.03450686838244618 
31.04 	 0.037705767527638684 
31.06 	 0.04087337956644098 
31.08 	 0.043791206042905706 
31.1 	 0.0464552144158998 
31.12 	 0.04866571830230461 
31.14 	 0.05042648420300225 
31.16 	 0.0516064601798406 
31.18 	 0.05221535386690325 
31.2 	 0.05222461433128962 
31.22 	 0.051646287852804736 
31.24 	 0.050558192309291525 
31.26 	 0.04897157699328263 
31.28 	 0.047043100608438235 
31.3 	 0.044779757622355504 
31.32 	 0.042370842403546854 
31.34 	 0.039814434075252036 
31.36 	 0.03728730721260578 
31.38 	 0.03477444815553503 
31.4 	 0.03241154885734186 
31.42 	 0.030169731914581627 
31.44 	 0.02813591459436735 
31.46 	 0.02627099525723427 
31.48 	 0.024620625459608532 
31.5 	 0.023141714741890463 
31.52 	 0.021852258083827323 
31.54 	 0.020711180079579124 
31.56 	 0.019721603722166397 
31.58 	 0.018848396557966267 
31.6 	 0.01808876141558198 
31.62 	 0.017415020640787402 
31.64 	 0.016823416379989017 
31.66 	 0.01629339685285056 
31.68 	 0.01582224610327614 
31.7 	 0.015395167368499012 
31.72 	 0.015010729971810997 
31.74 	 0.014658167951889442 
31.76 	 0.014336804332445052 
31.78 	 0.014038324047716691 
31.8 	 0.013762179041461488 
31.82 	 0.01350135327683674 
31.84 	 0.013255071928653273 
31.86 	 0.013016966810683598 
31.88 	 0.012786044744290008 
31.9 	 0.012556372711010429 
31.92 	 0.012327068863174057 
31.94 	 0.012092780033181712 
31.96 	 0.01185331951897759 
31.98 	 0.011604359804162374 
32.0 	 0.011347152636801137 
32.02 	 0.01107903587967439 
32.04 	 0.010803390561557102 
32.06 	 0.010519794747491165 
32.08 	 0.01023403671880468 
32.1 	 0.009948052786404019 
32.12 	 0.009669525820340669 
32.14 	 0.009402069269872181 
32.16 	 0.009153807293865739 
32.18 	 0.008928508185464534 
32.2 	 0.008732625625010653 
32.22 	 0.008568134559383603 
32.24 	 0.008437776062205788 
32.26 	 0.008340153851486811 
32.28 	 0.008273249206700832 
32.3 	 0.008231913598192857 
32.32 	 0.00820998235532006 
32.34 	 0.008199741450761218 
32.36 	 0.00819312012523879 
32.38 	 0.008182198169976836 
32.4 	 0.008160017786190184 
32.42 	 0.008120965132203437 
32.44 	 0.008061724909651227 
32.46 	 0.007980576272633119 
32.48 	 0.007878896028516096 
32.5 	 0.0077589971065989295 
32.52 	 0.007626355182782265 
32.54 	 0.007486311406628262 
32.56 	 0.007346902567448855 
32.58 	 0.007215235614979892 
32.6 	 0.00710052471054174 
32.62 	 0.00701108326563471 
32.64 	 0.006956940265575578 
32.66 	 0.006948275309369245 
32.68 	 0.006996728263337881 
32.7 	 0.007115956011843507 
32.72 	 0.007320327396937539 
32.74 	 0.0076284081782769676 
32.76 	 0.008057022437926237 
32.78 	 0.008629252570156091 
32.8 	 0.009360748495949714 
32.82 	 0.010275675386478573 
32.84 	 0.011380538603889805 
32.86 	 0.012694556963449807 
32.88 	 0.01420412786797712 
32.9 	 0.01591754507070347 
32.92 	 0.017791258132490224 
32.94 	 0.019820371183590455 
32.96 	 0.021928203502410103 
32.98 	 0.02410027100042095 
33.0 	 0.026234353671245082 
33.02 	 0.02831467487569753 
33.04 	 0.03023178844878147 
33.06 	 0.0319778280585962 
33.08 	 0.033460041294971425 
33.1 	 0.0346847450072512 
33.12 	 0.0355969609287539 
33.14 	 0.03621864099833728 
33.16 	 0.03654277425281646 
33.18 	 0.03660372325744118 
33.2 	 0.03643800140386733 
33.22 	 0.03608573175328821 
33.24 	 0.035610242335311494 
33.26 	 0.035049100181294306 
33.28 	 0.03447045531264271 
33.3 	 0.0339013990171471 
33.32 	 0.03339539481668149 
33.34 	 0.03296342688602838 
33.36 	 0.0326323388754115 
33.38 	 0.032394689093296486 
33.4 	 0.032247781857642564 
33.42 	 0.03216669445259801 
33.44 	 0.032124342176911645 
33.46 	 0.03208191126954595 
33.48 	 0.03199940045428165 
33.5 	 0.0318297826505833 
33.52 	 0.03153575571175983 
33.54 	 0.031069463626871414 
33.56 	 0.030412782646912197 
33.58 	 0.029525414584992506 
33.6 	 0.028421039758303773 
33.62 	 0.027074606490491662 
33.64 	 0.025535409652417275 
33.66 	 0.0237978697290937 
33.68 	 0.021939269665885053 
33.7 	 0.019971652227099634 
33.72 	 0.017983244282010175 
33.74 	 0.01599547728983228 
33.76 	 0.014087600861118611 
33.78 	 0.012279051288577515 
33.8 	 0.010625161197680012 
33.82 	 0.009134146051278961 
33.84 	 0.007832324276435267 
33.86 	 0.006713566783216863 
33.88 	 0.005779566344221734 
33.9 	 0.005012995227755636 
33.92 	 0.004400501490052233 
33.94 	 0.003919955262942042 
33.96 	 0.003552709519667875 
33.98 	 0.0032778236588237608 
34.0 	 0.0030780621458051053 
34.02 	 0.002937096330967773 
34.04 	 0.002842025235756859 
34.06 	 0.0027818011618970465 
34.08 	 0.002747966209615514 
34.1 	 0.0027337128666194595 
34.12 	 0.002733838957906173 
34.14 	 0.0027442803717432898 
34.16 	 0.002761818135035933 
34.18 	 0.0027839876600464475 
34.2 	 0.002808757776359579 
34.22 	 0.0028346842118256938 
34.24 	 0.0028606045870385568 
34.26 	 0.0028858898646341633 
34.28 	 0.0029101362889027453 
34.3 	 0.0029334095623430602 
34.32 	 0.0029559183339884798 
34.34 	 0.0029782177275540765 
34.36 	 0.0030008696969672935 
34.38 	 0.003024634204913125 
34.4 	 0.003050128158057616 
34.42 	 0.0030780579453332053 
34.44 	 0.0031088751125714098 
34.46 	 0.0031430941902676644 
34.48 	 0.0031809221932831405 
34.5 	 0.003222681264272934 
34.52 	 0.0032683769919743767 
34.54 	 0.0033182294026657903 
34.56 	 0.003372150369704921 
34.58 	 0.0034303890447330895 
34.6 	 0.0034929043742635306 
34.62 	 0.0035601435640815944 
34.64 	 0.0036323010172840935 
34.66 	 0.0037102528773105556 
34.68 	 0.003794667423554674 
34.7 	 0.003887110270322169 
34.72 	 0.003988913156611752 
34.74 	 0.0041024687509744855 
34.76 	 0.004229704655993098 
34.78 	 0.00437364800132562 
34.8 	 0.0045363284525082115 
34.82 	 0.004720828098659324 
34.84 	 0.00492845841662994 
34.86 	 0.005161669964919847 
34.88 	 0.005420367202858627 
34.9 	 0.005706132143186208 
34.92 	 0.006017488671396523 
34.94 	 0.0063558220347471545 
34.96 	 0.006719249358281955 
34.98 	 0.00711044478325576 
35.0 	 0.007528544440886822 
35.02 	 0.007979006880647274 
35.04 	 0.008462729564590704 
35.06 	 0.00898830996042754 
35.08 	 0.009557303729428876 
35.1 	 0.010179883820090902 
35.12 	 0.010854945863972528 
35.14 	 0.011590990632267748 
35.16 	 0.012379663591503137 
35.18 	 0.013224208701035666 
35.2 	 0.014105253751742604 
35.22 	 0.01501872390866871 
35.24 	 0.015933646939744063 
35.26 	 0.01683943733243605 
35.28 	 0.01769751265888326 
35.3 	 0.018494470688106904 
35.32 	 0.01919212472023233 
35.34 	 0.019779452657238104 
35.36 	 0.02022811249734177 
35.38 	 0.020534102721609132 
35.4 	 0.02068628658261035 
35.42 	 0.020690094276473087 
35.44 	 0.02055417782215766 
35.46 	 0.02029317659129029 
35.48 	 0.01993307698123421 
35.5 	 0.019496100514132 
35.52 	 0.01902055657468706 
35.54 	 0.018535694516819187 
35.56 	 0.018088391039060396 
35.58 	 0.017717908825925756 
35.6 	 0.0174797382015053 
35.62 	 0.017430316590119975 
35.64 	 0.017636305333293946 
35.66 	 0.018180082654105107 
35.68 	 0.019138146554676348 
35.7 	 0.020624062066734884 
35.72 	 0.02270853824457805 
35.74 	 0.025534433979616238 
35.76 	 0.029126727652474066 
35.78 	 0.033652829629836845 
35.8 	 0.03902526706568853 
35.82 	 0.04544319275567492 
35.84 	 0.05262482017891962 
35.86 	 0.06083604763353872 
35.88 	 0.06952998490299249 
35.9 	 0.07910000278052196 
35.92 	 0.08870714261730993 
35.94 	 0.09892915818107667 
35.96 	 0.10867742111959527 
35.98 	 0.11872719490529367 
36.0 	 0.12785560745087285 
36.02 	 0.1369869816835356 
36.04 	 0.14492450720470754 
36.06 	 0.15265313039061715 
36.08 	 0.15915014469925176 
36.1 	 0.16537826537703063 
36.12 	 0.1705600175366356 
36.14 	 0.17559434233616023 
36.16 	 0.17990610079649777 
36.18 	 0.18433529176434535 
36.2 	 0.1883714133854918 
36.22 	 0.19282944540506883 
36.24 	 0.19710300053107738 
36.26 	 0.2020247201143909 
36.28 	 0.20679060229656163 
36.3 	 0.2122835617062185 
36.32 	 0.21749981785021347 
36.34 	 0.22337367496172875 
36.36 	 0.2287849892147828 
36.38 	 0.23467163782475423 
36.4 	 0.23992464896131455 
36.42 	 0.24538669173392746 
36.44 	 0.25009843903818657 
36.46 	 0.25467199610425995 
36.48 	 0.25843762092122013 
36.5 	 0.26162994097117304 
36.52 	 0.2640131282096449 
36.54 	 0.2653204570674464 
36.56 	 0.2658880746588017 
36.58 	 0.26489364139122035 
36.6 	 0.26333494977224864 
36.62 	 0.2598987899857557 
36.64 	 0.25622088738910637 
36.66 	 0.2507008648207327 
36.68 	 0.2454226194300872 
36.7 	 0.2387932445873556 
36.72 	 0.23299241449629635 
36.74 	 0.22670866561327396 
36.76 	 0.2217868665064334 
36.78 	 0.21734939971283931 
36.8 	 0.21454158903597034 
36.82 	 0.21293750997134175 
36.84 	 0.21281623734416721 
36.86 	 0.21414021473715053 
36.88 	 0.21640420462940652 
36.9 	 0.21984275266744663 
36.92 	 0.22346180163398127 
36.94 	 0.22757451852591815 
36.96 	 0.23113050037716457 
36.98 	 0.2342421551772532 
37.0 	 0.23627836356166157 
37.02 	 0.23685787626083069 
37.04 	 0.2361709902057793 
37.06 	 0.2331745885611126 
37.08 	 0.2290788657454859 
37.1 	 0.22224862939529288 
37.12 	 0.2148135409095357 
37.14 	 0.20483987850650398 
37.16 	 0.19498366293170627 
37.18 	 0.1833704755179866 
37.2 	 0.17263990133819426 
37.22 	 0.1612148873362426 
37.24 	 0.1512539717665399 
37.26 	 0.14153873541503864 
37.28 	 0.13353287817071713 
37.3 	 0.12633612569713987 
37.32 	 0.12076016528662789 
37.34 	 0.11616680246577712 
37.36 	 0.11289108627037231 
37.38 	 0.11051098442264143 
37.4 	 0.10906581193522553 
37.42 	 0.10830346220886995 
37.44 	 0.10809828822207661 
37.46 	 0.10831359602197443 
37.48 	 0.10874454678772762 
37.5 	 0.10931070435723819 
37.52 	 0.10979493189099487 
37.54 	 0.11011805776992208 
37.56 	 0.11011736743587658 
37.58 	 0.10967353281174211 
37.6 	 0.10874520660225022 
37.62 	 0.10715397743171995 
37.64 	 0.10503082462638655 
37.66 	 0.10214713598176116 
37.68 	 0.09881858207190719 
37.7 	 0.09479820401001236 
37.72 	 0.09054600411415321 
37.74 	 0.08583374199302732 
37.76 	 0.081179930726266 
37.78 	 0.07639607206455075 
37.8 	 0.0719582997434499 
37.82 	 0.06771494421739613 
37.84 	 0.06402265645277372 
37.86 	 0.060751323221588716 
37.88 	 0.05810918280000496 
37.9 	 0.055978145950043745 
37.92 	 0.05443492209450669 
37.94 	 0.05337768140063248 
37.96 	 0.05279338158815452 
37.98 	 0.05261003510263204 
38.0 	 0.052769672736004816 
38.02 	 0.0532455436578158 
38.04 	 0.05397004810209303 
38.06 	 0.054975534110961156 
38.08 	 0.05620540849140882 
38.1 	 0.05776356105534826 
38.12 	 0.05960566244958275 
38.14 	 0.06191726296217483 
38.16 	 0.06463993234725965 
38.18 	 0.06804549404011802 
38.2 	 0.07199956405612774 
38.22 	 0.07685872202242076 
38.24 	 0.082319049864125 
38.26 	 0.08882114540012563 
38.28 	 0.09579276098203147 
38.3 	 0.10376563899825457 
38.32 	 0.11184379916186737 
38.34 	 0.12065197209156378 
38.36 	 0.12901178962974316 
38.38 	 0.13759650171907392 
38.4 	 0.1451152513147223 
38.42 	 0.15216099663826976 
38.44 	 0.15761543893967284 
38.46 	 0.16179468777058326 
38.48 	 0.16408277524927856 
38.5 	 0.16434584700944213 
38.52 	 0.1627280764902163 
38.54 	 0.15861531705299087 
38.56 	 0.15297575225401838 
38.58 	 0.144879459793331 
38.6 	 0.13592448524319528 
38.62 	 0.1251398917340475 
38.64 	 0.11435209153831676 
38.66 	 0.10276248507751296 
38.68 	 0.09198608175280601 
38.7 	 0.08144522192381333 
38.72 	 0.07226301473932689 
38.74 	 0.06401736416714184 
38.76 	 0.057304942447281494 
38.78 	 0.051792886646691835 
38.8 	 0.04769053383942584 
38.82 	 0.044736845745445786 
38.84 	 0.04292937407651363 
38.86 	 0.0420891118377165 
38.88 	 0.042123484979165016 
38.9 	 0.042941106857424235 
38.92 	 0.044409658345776225 
38.94 	 0.04651667556581878 
38.96 	 0.04909255787256488 
38.98 	 0.052188990553049805 
39.0 	 0.055585094721210065 
39.02 	 0.059386704373544916 
39.04 	 0.06331487642420752 
39.06 	 0.06752833611169809 
39.08 	 0.07170090019056642 
39.1 	 0.07604779470486119 
39.12 	 0.0802205529149499 
39.14 	 0.08449226602579298 
39.16 	 0.08851748960232324 
39.18 	 0.09262093673116135 
39.2 	 0.09646984095618918 
39.22 	 0.10042506399414168 
39.24 	 0.10415308644703083 
39.26 	 0.10802794584805706 
39.28 	 0.11168790589280785 
39.3 	 0.1154934584448427 
39.32 	 0.11903682095809258 
39.34 	 0.1226377017090653 
39.36 	 0.12585906617367473 
39.38 	 0.12895252891481696 
39.4 	 0.13151274404073385 
39.42 	 0.1336956986982951 
39.44 	 0.1352181618786242 
39.46 	 0.13611784513692912 
39.48 	 0.13631943876601582 
39.5 	 0.13573596401973065 
39.52 	 0.13454303286136401 
39.54 	 0.1325476833898889 
39.56 	 0.1301532181538481 
39.58 	 0.12710071560892305 
39.6 	 0.12393613738545699 
39.62 	 0.12037996611668675 
39.64 	 0.11700498424428223 
39.66 	 0.11354535882818283 
39.68 	 0.11049488621220688 
39.7 	 0.10761827733664169 
39.72 	 0.10526434661721927 
39.74 	 0.10323158694006822 
39.76 	 0.10170646139128883 
39.78 	 0.10051793640561889 
39.8 	 0.09971402298240788 
39.82 	 0.09914916528657233 
39.84 	 0.098784209608903 
39.86 	 0.09849406531670814 
39.88 	 0.09821566994595742 
39.9 	 0.09783970515062315 
39.92 	 0.0973380047925864 
39.94 	 0.09661342605319054 
39.96 	 0.0957111257380558 
39.98 	 0.09454462138042385 
40.0 	 0.093239875271918 
40.02 	 0.09172137104770436 
40.04 	 0.09017258576920438 
40.06 	 0.08852951592184301 
40.08 	 0.08699085645466353 
40.1 	 0.08550388030655201 
40.12 	 0.08423871998609327 
40.14 	 0.08315364442915721 
40.16 	 0.08235921479699118 
40.18 	 0.08182561048844063 
40.2 	 0.08159097164467431 
40.22 	 0.08163930631449151 
40.24 	 0.08193931831095069 
40.26 	 0.08249005474553246 
40.28 	 0.08320459455298453 
40.3 	 0.08409577292186006 
40.32 	 0.08504168331377564 
40.34 	 0.08606454640429455 
40.36 	 0.08703210693329944 
40.38 	 0.08796877021102983 
40.4 	 0.08875730580419428 
40.42 	 0.0894153048759175 
40.44 	 0.08986241442786627 
40.46 	 0.09010016497336676 
40.48 	 0.09009952686916338 
40.5 	 0.08983859902557313 
40.52 	 0.08934510042163313 
40.54 	 0.08857053443859923 
40.56 	 0.08759688658637928 
40.58 	 0.08635174711660049 
40.6 	 0.08496334023371406 
40.62 	 0.08334378935799447 
40.64 	 0.08165562244233039 
40.66 	 0.07980744805979025 
40.68 	 0.07798052407130668 
40.7 	 0.07609156746922259 
40.72 	 0.07432128867862782 
40.74 	 0.07260190909992434 
40.76 	 0.07109176254237698 
40.78 	 0.06973954050351458 
40.8 	 0.06865999616827928 
40.82 	 0.06781348509410301 
40.84 	 0.06725552952456929 
40.86 	 0.0669508999743249 
40.88 	 0.06689126383802359 
40.9 	 0.06704029996353746 
40.92 	 0.0673361549837804 
40.94 	 0.06774017821618708 
40.96 	 0.06816211678002708 
40.98 	 0.06856356467062935 
41.0 	 0.06885984040865598 
41.02 	 0.06901664340507133 
41.04 	 0.0689869472797504 
41.06 	 0.06874313061674733 
41.08 	 0.06829463912092591 
41.1 	 0.06762049217005323 
41.12 	 0.06678580170026369 
41.14 	 0.06577376301112473 
41.16 	 0.06468705556191377 
41.18 	 0.06350977740964532 
41.2 	 0.062356384651190644 
41.22 	 0.06121023839892205 
41.24 	 0.0601748753758541 
41.26 	 0.0592345312787593 
41.28 	 0.05846791070547156 
41.3 	 0.05786418894565393 
41.32 	 0.05747097974129059 
41.34 	 0.05728604785895857 
41.36 	 0.057322797782870215 
41.38 	 0.05758814936834491 
41.4 	 0.058058383111838675 
41.42 	 0.0587466363812419 
41.44 	 0.05959052017973366 
41.46 	 0.06060476517706683 
41.48 	 0.06169224224238911 
41.5 	 0.06286522485169946 
41.52 	 0.0640049178892943 
41.54 	 0.06511869213079342 
41.56 	 0.06608838970442564 
41.58 	 0.06691533884026495 
41.6 	 0.06750887938769656 
41.62 	 0.06786387269771034 
41.64 	 0.067940442957148 
41.66 	 0.06772702893067406 
41.68 	 0.06724591917918561 
41.7 	 0.06647936113637744 
41.72 	 0.06550672000058394 
41.74 	 0.06430379613370846 
41.76 	 0.0629874357182002 
41.78 	 0.061525863257038696 
41.8 	 0.06004731350932335 
41.82 	 0.058511286795067674 
41.84 	 0.05703477096016068 
41.86 	 0.05556902370549894 
41.88 	 0.05420714491663363 
41.9 	 0.05289492551877981 
41.92 	 0.0516993081602161 
41.94 	 0.050564395410711005 
41.96 	 0.04953503462131336 
41.98 	 0.04855641500022441 
42.0 	 0.04765744894034167 
42.02 	 0.04678560583062459 
42.04 	 0.0459605384548853 
42.06 	 0.04513306903121062 
42.08 	 0.044321212779035536 
42.1 	 0.04348193095848452 
42.12 	 0.042639816511839304 
42.14 	 0.04176237727917082 
42.16 	 0.04088668005630622 
42.18 	 0.039994131166517025 
42.2 	 0.03913369342846276 
42.22 	 0.03829952061689453 
42.24 	 0.037543532143251034 
42.26 	 0.036865775939259535 
42.28 	 0.036306835061576066 
42.3 	 0.03586287020986196 
42.32 	 0.03555052672979553 
42.34 	 0.035354707387098956 
42.36 	 0.03526419211201702 
42.38 	 0.03525181922682667 
42.4 	 0.0352858654021062 
42.42 	 0.03533293070990417 
42.44 	 0.03535626936188168 
42.46 	 0.0353250299608822 
42.48 	 0.035214100415317695 
42.5 	 0.03500228323061463 
42.52 	 0.034686947310174125 
42.54 	 0.03425900600389424 
42.56 	 0.03373964638239354 
42.58 	 0.03312945556109681 
42.6 	 0.032466267032368004 
42.62 	 0.03175504423581105 
42.64 	 0.03103916643942384 
42.66 	 0.030322746949693984 
42.68 	 0.02964484938238216 
42.7 	 0.029005712241359685 
42.72 	 0.028434367688885572 
42.74 	 0.02792664484350254 
42.76 	 0.027499842911651026 
42.78 	 0.02714615779198085 
42.8 	 0.026871744082457974 
42.82 	 0.026666002966873215 
42.84 	 0.02652553707166702 
42.86 	 0.02643766779394824 
42.88 	 0.026392078649405223 
42.9 	 0.026375431420060068 
42.92 	 0.026374827098384738 
42.94 	 0.026379215166876083 
42.96 	 0.02637904148515615 
42.98 	 0.026369756753695853 
43.0 	 0.02635091355093086 
43.02 	 0.026328295800805243 
43.04 	 0.02631321492757732 
43.06 	 0.026322966244179003 
43.08 	 0.0263777163526601 
43.1 	 0.026503416868924635 
43.12 	 0.02672058510828161 
43.14 	 0.027057803080414188 
43.16 	 0.027524839023081917 
43.18 	 0.028146774204834798 
43.2 	 0.028913559475103275 
43.22 	 0.029843945276842185 
43.24 	 0.030904597346610267 
43.26 	 0.03210975409997226 
43.28 	 0.03340554806556309 
43.3 	 0.03480662790110288 
43.32 	 0.03624548022006869 
43.34 	 0.0377421510961203 
43.36 	 0.03922350986978988 
43.38 	 0.04071767918669038 
43.4 	 0.042152825784157355 
43.42 	 0.0435648698927547 
43.44 	 0.04488803419399878 
43.46 	 0.04616343346151567 
43.48 	 0.047333731937314445 
43.5 	 0.04844126889121363 
43.52 	 0.04943740364490114 
43.54 	 0.05036113328418392 
43.56 	 0.05117135809983374 
43.58 	 0.051899196888923416 
43.6 	 0.052509786286162985 
43.62 	 0.0530224708147261 
43.64 	 0.05340859527618299 
43.66 	 0.05367300327895331 
43.68 	 0.05379544623781663 
43.7 	 0.05376507771716428 
43.72 	 0.05357450357262396 
43.74 	 0.05319781074593729 
43.76 	 0.05264619622522187 
43.78 	 0.05188132209955697 
43.8 	 0.050938219171593115 
43.82 	 0.04977064248063088 
43.84 	 0.048439921334219926 
43.86 	 0.04689741097551044 
43.88 	 0.045228380697915294 
43.9 	 0.043386710977495954 
43.92 	 0.041473800839254484 
43.94 	 0.0394489319703845 
43.96 	 0.0374180276135573 
43.98 	 0.03534620176337718 
44.0 	 0.0333319734511125 
44.02 	 0.03134511834863649 
44.04 	 0.029467919878943507 
44.06 	 0.02767323964509363 
44.08 	 0.026022878481142663 
44.1 	 0.024491364282498814 
44.12 	 0.023119615897019632 
44.14 	 0.021882484012036466 
44.16 	 0.020801871384609434 
44.18 	 0.01985177745984708 
44.2 	 0.01903831008769107 
44.22 	 0.018334323350765055 
44.24 	 0.017734688972815257 
44.26 	 0.017212443453592175 
44.28 	 0.01675702813090304 
44.3 	 0.016344444816064754 
44.32 	 0.015964738857705767 
44.34 	 0.015599854346542747 
44.36 	 0.015244991216042766 
44.38 	 0.014889677475094317 
44.4 	 0.014536024362710964 
44.42 	 0.014180750884417406 
44.44 	 0.013831892592211025 
44.46 	 0.01349154783621393 
44.48 	 0.013171365261485858 
44.5 	 0.012877060391278805 
44.52 	 0.012622055606778914 
44.54 	 0.01241518106326469 
44.56 	 0.012271085799503827 
44.58 	 0.01220236947657365 
44.6 	 0.01222471226274999 
44.62 	 0.012354677445751876 
44.64 	 0.012606912469490698 
44.66 	 0.01299962001173685 
44.68 	 0.013540721728688792 
44.7 	 0.01424461815404059 
44.72 	 0.015103886568522384 
44.74 	 0.016122695548464853 
44.76 	 0.01727057067542537 
44.78 	 0.01853803108439182 
44.8 	 0.01987002062702437 
44.82 	 0.02124604836772102 
44.84 	 0.022594477358851152 
44.86 	 0.02389208357309698 
44.88 	 0.025066908911827338 
44.9 	 0.026103120819001225 
44.92 	 0.026946992275732252 
44.94 	 0.02759733836162413 
44.96 	 0.028031674199561665 
44.98 	 0.02826478368426864 
45.0 	 0.028307365029616352 
45.02 	 0.02818531457269531 
45.04 	 0.02793324782973976 
45.06 	 0.027579546677497388 
45.08 	 0.02716749092760892 
45.1 	 0.026719448129778407 
45.12 	 0.026273381333118715 
45.14 	 0.02584070482393491 
45.16 	 0.025446354357375158 
45.18 	 0.025090529265784388 
45.2 	 0.024784253441370252 
45.22 	 0.024519407288129822 
45.24 	 0.024296291982047247 
45.26 	 0.024101919424346235 
45.28 	 0.02392997527186038 
45.3 	 0.02376496436341983 
45.32 	 0.023597564010014064 
45.34 	 0.02341120606625539 
45.36 	 0.023197038262143133 
45.38 	 0.022939099675252848 
45.4 	 0.022633031208213177 
45.42 	 0.022266108196324217 
45.44 	 0.021842567388290386 
45.46 	 0.02135588323153345 
45.48 	 0.020821368355896885 
45.5 	 0.02024047537844941 
45.52 	 0.019638774751281732 
45.54 	 0.019025112072853644 
45.56 	 0.018431021318030236 
45.58 	 0.017869941634806055 
45.6 	 0.01737323207650458 
45.62 	 0.01695527045789801 
45.64 	 0.016641503374637167 
45.66 	 0.016444152798699763 
45.68 	 0.01637863128002565 
45.7 	 0.016452855879079974 
45.72 	 0.016669356821216303 
45.74 	 0.017029987216386773 
45.76 	 0.017522031603321154 
45.78 	 0.01813958153941006 
45.8 	 0.018853196817717105 
45.82 	 0.019648382671219173 
45.84 	 0.02048038333361366 
45.86 	 0.021327645618708906 
45.88 	 0.022136524769377747 
45.9 	 0.022882953430012388 
45.92 	 0.023515820700136587 
45.94 	 0.024014934558718237 
45.96 	 0.02434486007370834 
45.98 	 0.02449491611022384 
46.0 	 0.024454901362969687 
46.02 	 0.024225932153322544 
46.04 	 0.023824659336139968 
46.06 	 0.023261780162946402 
46.08 	 0.022573826962645406 
46.1 	 0.021775349703152754 
46.12 	 0.020910783473942478 
46.14 	 0.01999202113957699 
46.16 	 0.01906001367832139 
46.18 	 0.01811968685705856 
46.2 	 0.017201974259778395 
46.22 	 0.016304233623569614 
46.24 	 0.015446594080841376 
46.26 	 0.014621312477060333 
46.28 	 0.01384066360904012 
46.3 	 0.013095360481178273 
46.32 	 0.012393615084266067 
46.34 	 0.011727369591988002 
46.36 	 0.011103393038534953 
46.38 	 0.01051598598861188 
46.4 	 0.009971351789908245 
46.42 	 0.009465797920373465 
46.44 	 0.009004559717933644 
46.46 	 0.008584820125362993 
46.48 	 0.008209996101580202 
46.5 	 0.007876997880463447 
46.52 	 0.0075868511109052844 
46.54 	 0.007335571692823678 
46.56 	 0.0071218877039444335 
46.58 	 0.006941015779323825 
46.6 	 0.006790132553008831 
46.62 	 0.006664288768186229 
46.64 	 0.006560161874092096 
46.66 	 0.006473388615921282 
46.68 	 0.006401035339085778 
46.7 	 0.006339777393374521 
46.72 	 0.006287464731778632 
46.74 	 0.006241783911432097 
46.76 	 0.006201258284674702 
46.78 	 0.006164218287031856 
46.8 	 0.006129528159459742 
46.82 	 0.006095792446635675 
46.84 	 0.006062023285337213 
46.86 	 0.00602700760775154 
46.88 	 0.0059900244483390595 
46.9 	 0.0059502399963654385 
46.92 	 0.00590748581292319 
46.94 	 0.005861527150752692 
46.96 	 0.0058128633141093285 
46.98 	 0.005761785975716677 
47.0 	 0.005709180198280992 
47.02 	 0.005655423985519363 
47.04 	 0.0056012232093045735 
47.06 	 0.005546500539885178 
47.08 	 0.005491330690190519 
47.1 	 0.005434941323071015 
47.12 	 0.0053767897299279955 
47.14 	 0.005315664821794767 
47.16 	 0.005250884888099335 
47.18 	 0.005181359277524826 
47.2 	 0.005106850218301829 
47.22 	 0.005026837380310253 
47.24 	 0.004941811330688171 
47.26 	 0.0048518948252086105 
47.28 	 0.004758191101865828 
47.3 	 0.00466125201687919 
47.32 	 0.0045625199179984656 
47.34 	 0.0044627797778523295 
47.36 	 0.004363670901991851 
47.38 	 0.0042662012324190405 
47.4 	 0.00417220939847369 
47.42 	 0.004082947669364177 
47.44 	 0.0040003388766848905 
47.46 	 0.003925647922852306 
47.48 	 0.0038604482772820127 
47.5 	 0.003805490255129482 
47.52 	 0.003761410800874426 
47.54 	 0.0037279572677065965 
47.56 	 0.0037045334689159897 
47.58 	 0.003689859134506683 
47.6 	 0.003682399953062733 
47.62 	 0.003680373943905465 
47.64 	 0.0036820319198184676 
47.66 	 0.003685801684045592 
47.68 	 0.003690371862184581 
47.7 	 0.00369479192635494 
47.72 	 0.0036983885634650493 
47.74 	 0.0037007726624677887 
47.76 	 0.003701701699142703 
47.78 	 0.0037010508338221073 
47.8 	 0.0036987368094035093 
47.82 	 0.003694705543640573 
47.84 	 0.003688952814424957 
47.86 	 0.0036815084503976922 
47.88 	 0.0036725107112805587 
47.9 	 0.003662131269708624 
47.92 	 0.0036506540218589133 
47.94 	 0.0036383265719905776 
47.96 	 0.003625443745678039 
47.98 	 0.0036121723736777236 
48.0 	 0.0035986729834375335 
48.02 	 0.003584950435539282 
48.04 	 0.0035710257711302662 
48.06 	 0.003556814608242916 
48.08 	 0.0035423186048046 
48.1 	 0.00352749140730338 
48.12 	 0.0035124102997954564 
48.14 	 0.003497101509246427 
48.16 	 0.0034816840593668635 
48.18 	 0.003466167516540138 
48.2 	 0.0034505896384362266 
48.22 	 0.0034348156886541714 
48.24 	 0.0034186884107757893 
48.26 	 0.003401835741168748 
48.28 	 0.003383835601440046 
48.3 	 0.0033640149453857808 
48.32 	 0.0033416414966548286 
48.34 	 0.0033157002100913453 
48.36 	 0.003285160389603392 
48.38 	 0.0032487252200095592 
48.4 	 0.003205243117636317 
48.42 	 0.0031534041151211685 
48.44 	 0.003092334754743529 
48.46 	 0.00302116747492506 
48.48 	 0.002939795858001349 
48.5 	 0.0028482248301555458 
48.52 	 0.0027474167602290172 
48.54 	 0.0026383839536860097 
48.56 	 0.0025230541269926315 
48.58 	 0.0024031686647895383 
48.6 	 0.0022811230845073234 
48.62 	 0.002158814439393238 
48.64 	 0.002038437313232403 
48.66 	 0.0019214329733406356 
48.68 	 0.0018092326003704658 
48.7 	 0.0017024098648453598 
48.72 	 0.0016013694932030754 
48.74 	 0.0015057361922928142 
48.76 	 0.0014149928263276735 
48.78 	 0.0013280801281098597 
48.8 	 0.001243984715309364 
48.82 	 0.0011614807580333105 
48.84 	 0.0010796481222203054 
48.86 	 0.000997664239415209 
48.88 	 0.0009152130814592482 
48.9 	 0.0008322478024468952 
48.92 	 0.0007492576005084879 
48.94 	 0.000666973055772063 
48.96 	 0.0005864955782902286 
48.98 	 0.0005089813699494503 
49.0 	 0.00043568225183923665 
49.02 	 0.00036767921663877033 
49.04 	 0.00030590114784033267 
49.06 	 0.00025096416296619285 
49.08 	 0.0002032152406806271 
49.1 	 0.00016268600285598495 
49.12 	 0.00012916973893925242 
49.14 	 0.00010225427957225375 
49.16 	 8.141102862749122e-05 
49.18 	 6.605547428104223e-05 
49.2 	 5.561958666172865e-05 
49.22 	 4.959919782861018e-05 
49.24 	 4.7591267185079094e-05 
49.26 	 4.930875910123151e-05 
49.28 	 5.457886180249182e-05 
49.3 	 6.332445190541354e-05 
49.32 	 7.553039412629282e-05 
49.34 	 9.120272720336356e-05 
49.36 	 0.00011031723791196058 
49.38 	 0.00013277554686305402 
49.4 	 0.00015835466037112888 
49.42 	 0.00018668367653052652 
49.44 	 0.0002172132226106722 
49.46 	 0.00024923358170014207 
49.48 	 0.0002818753050660109 
49.5 	 0.00031417550004887186 
49.52 	 0.00034510585407886905 
49.54 	 0.0003736719635870921 
49.56 	 0.0003989497747261149 
49.58 	 0.00042018461760842955 
49.6 	 0.00043681164971848187 
49.62 	 0.0004485189131828972 
49.64 	 0.0004552363189970121 
49.66 	 0.0004571434461778004 
49.68 	 0.00045462956073691677 
49.7 	 0.0004482521605066963 
49.72 	 0.00043868591641891506 
49.74 	 0.00042665674971070875 
49.76 	 0.000412901409494775 
49.78 	 0.00039810481336796476 
49.8 	 0.00038288393128803225 
49.82 	 0.00036774556095799256 
49.84 	 0.0003530954230050742 
49.86 	 0.00033921922731830706 
49.88 	 0.0003263084841870115 
49.9 	 0.0003144581704485895 
49.92 	 0.00030369818375687623 
49.94 	 0.0002939984675762124 
49.96 	 0.0002852975876575795 
49.98 	 0.0002775082798192977 
50.0 	 0.0002705387700662447 
50.02 	 0.00026429503727612837 
50.04 	 0.00025869395702371423 
50.06 	 0.00025366143322323904 
50.08 	 0.0002491387573870568 
50.1 	 0.00024507783250559225 
50.12 	 0.00024144347926558136 
50.14 	 0.00023820812999709334 
50.16 	 0.00023535313027227723 
50.18 	 0.0002328652806870621 
50.2 	 0.00023073939582288368 
50.22 	 0.00022897800618563514 
50.24 	 0.00022759590282513866 
50.26 	 0.00022662278772593139 
50.28 	 0.0002261089065617555 
50.3 	 0.00022612909759386733 
50.32 	 0.0002267872659042194 
50.34 	 0.00022821928866331522 
50.36 	 0.00023059290360433795 
50.38 	 0.00023410616796163897 
50.4 	 0.00023897836209099384 
50.42 	 0.00024544063572235435 
50.44 	 0.0002537137763935462 
50.46 	 0.0002639898040757988 
50.48 	 0.00027639571827200906 
50.5 	 0.0002909705760466325 
50.52 	 0.00030762139500822264 
50.54 	 0.00032610865142259726 
50.56 	 0.00034600887253032124 
50.58 	 0.0003667273281360517 
50.6 	 0.00038748551991300075 
50.62 	 0.00040737568809896964 
50.64 	 0.00042538465240583916 
50.66 	 0.0004404871226330731 
50.68 	 0.00045170039902038713 
50.7 	 0.00045818890093269997 
50.72 	 0.00045932587284793457 
50.74 	 0.0004547656545432417 
50.76 	 0.0004444814696357151 
50.78 	 0.0004287689602086367 
50.8 	 0.000408240410872924 
50.82 	 0.00038375293567760095 
50.84 	 0.00035636372960246075 
50.86 	 0.00032721193585664624 
50.88 	 0.0002974615181342173 
50.9 	 0.0002681849632895386 
50.92 	 0.0002403260318644223 
50.94 	 0.0002146255838573531 
50.96 	 0.00019162330031354032 
50.98 	 0.00017163934674424954 
51.0 	 0.00015481244564294428 
51.02 	 0.00014112441030759957 
51.04 	 0.00013045584549619752 
51.06 	 0.0001226279020648578 
51.08 	 0.00011745376140305056 
51.1 	 0.00011477478430348359 
51.12 	 0.00011449293367480963 
51.14 	 0.0001165888523841099 
51.16 	 0.00012112951685249903 
51.18 	 0.00012826508704604896 
51.2 	 0.00013821184431234506 
51.22 	 0.0001512300819245446 
51.24 	 0.00016758513479850682 
51.26 	 0.00018751297149931242 
51.28 	 0.00021116558970633056 
51.3 	 0.00023857781666262345 
51.32 	 0.0002696092525337545 
51.34 	 0.0003039338411995857 
51.36 	 0.00034099550565183575 
51.38 	 0.00038004434282886307 
51.4 	 0.0004201208242298548 
51.42 	 0.00046015144801662093 
51.44 	 0.0004989638652895973 
51.46 	 0.0005354304106520764 
51.48 	 0.0005684986253781606 
51.5 	 0.0005973444999495901 
51.52 	 0.0006213903277201204 
51.54 	 0.0006404175715375727 
51.56 	 0.00065454561960099 
51.58 	 0.0006642670538370633 
51.6 	 0.0006703767063421739 
51.62 	 0.0006739244187913885 
51.64 	 0.0006761050012189079 
51.66 	 0.0006781578440176377 
51.68 	 0.0006812439064141746 
51.7 	 0.0006863409393580648 
51.72 	 0.0006941375037042141 
51.74 	 0.0007049714510888077 
51.76 	 0.0007187646314007816 
51.78 	 0.0007350358216826928 
51.8 	 0.0007528886179883915 
51.82 	 0.0007711059176670441 
51.84 	 0.0007881916980435368 
51.86 	 0.0008025271101750495 
51.88 	 0.0008124554688237336 
51.9 	 0.0008164541167882121 
51.92 	 0.0008132412114534357 
51.94 	 0.0008019015407801023 
51.96 	 0.0007819863086433184 
51.98 	 0.0007535368823416015 
52.0 	 0.0007171499541243137 
52.02 	 0.0006738755066919317 
52.04 	 0.0006252327688741965 
52.06 	 0.0005730059632470419 
52.08 	 0.0005192177491034182 
52.1 	 0.00046588443996566705 
52.12 	 0.00041497257297607663 
52.14 	 0.00036818403040610686 
52.16 	 0.0003269274229442832 
52.18 	 0.00029218174427773474 
52.2 	 0.00026450513983210195 
52.22 	 0.00024399063199769352 
52.24 	 0.00023031792081669677 
52.26 	 0.00022278657305800504 
52.28 	 0.00022040155506426712 
52.3 	 0.0002219563073479551 
52.32 	 0.00022613412946278466 
52.34 	 0.00023161081023605556 
52.36 	 0.00023715028215161847 
52.38 	 0.00024169652292139313 
52.4 	 0.0002444413242883724 
52.42 	 0.00024487753373161956 
52.44 	 0.0002428210490166941 
52.46 	 0.00023840721461406856 
52.48 	 0.00023206082299562087 
52.5 	 0.0002244365293338239 
52.52 	 0.00021634795057906686 
52.54 	 0.00020867472289131533 
52.56 	 0.00020227737797444534 
52.58 	 0.00019790697911988513 
52.6 	 0.00019613780241830745 
52.62 	 0.0001973132333665926 
52.64 	 0.00020151980221765867 
52.66 	 0.0002085868857164564 
52.68 	 0.0002181072650894635 
52.7 	 0.00022948641184466313 
52.72 	 0.00024199540404576394 
52.74 	 0.00025484759552076497 
52.76 	 0.0002672582749475867 
52.78 	 0.0002785188841712146 
52.8 	 0.00028803858305728877 
52.82 	 0.0002953909017190932 
52.84 	 0.00030032364748056967 
52.86 	 0.00030276697561971327 
52.88 	 0.0003028134469080102 
52.9 	 0.0003006930400160142 
52.92 	 0.00029673709034956685 
52.94 	 0.00029133703085240946 
52.96 	 0.0002849095575754996 
52.98 	 0.0002778575696970771 
53.0 	 0.00027054919472784293 
53.02 	 0.00026329279010901797 
53.04 	 0.00025633353252508466 
53.06 	 0.00024984477023831767 
53.08 	 0.0002439380308697595 
53.1 	 0.00023866593357512315 
53.12 	 0.00023403801957406903 
53.14 	 0.00023002825268402487 
53.16 	 0.00022659003841983552 
53.18 	 0.00022366300952102424 
53.2 	 0.00022118372438619145 
53.22 	 0.00021908939063250136 
53.24 	 0.00021732369298501538 
53.26 	 0.00021583746619962933 
53.28 	 0.00021459086414152883 
53.3 	 0.00021355223487577388 
53.32 	 0.0002126984737225737 
53.34 	 0.00021201366926831787 
53.36 	 0.00021148930700626997 
53.38 	 0.00021112388533422842 
53.4 	 0.00021092391425610855 
53.42 	 0.0002109049260610794 
53.44 	 0.00021109329280938113 
53.46 	 0.00021152827381811187 
53.48 	 0.00021226389102137644 
53.5 	 0.0002133710978401219 
53.52 	 0.00021493834847215746 
53.54 	 0.00021707259653887265 
53.56 	 0.0002198967208514556 
53.58 	 0.0002235479822229176 
53.6 	 0.00022817047632320156 
53.62 	 0.0002339104537586779 
53.64 	 0.00024090308115727734 
53.66 	 0.00024926604611981613 
53.68 	 0.00025908206216212603 
53.7 	 0.00027039466807097536 
53.72 	 0.00028318977563235255 
53.74 	 0.0002973986594933463 
53.76 	 0.0003128816552089285 
53.78 	 0.0003294415497915291 
53.8 	 0.0003468099393960604 
53.82 	 0.000364670244816668 
53.84 	 0.000382644336122405 
53.86 	 0.00040032112164797693 
53.88 	 0.0004172411323192667 
53.9 	 0.00043292689549162295 
53.92 	 0.0004468675731230058 
53.94 	 0.00045855074317156276 
53.96 	 0.0004674549322439651 
53.98 	 0.0004730846933504565 
54.0 	 0.0004749801327925366 
54.02 	 0.00047275371423789145 
54.04 	 0.0004661190595929326 
54.06 	 0.000454919248722427 
54.08 	 0.00043916538524089587 
54.1 	 0.00041903942417747636 
54.12 	 0.00039492492376437923 
54.14 	 0.0003673709552535287 
54.16 	 0.00033710049532273813 
54.18 	 0.00030493708531400095 
54.2 	 0.00027178970681930337 
54.22 	 0.00023856199351012596 
54.24 	 0.00020612708969962142 
54.26 	 0.00017524808228031765 
54.28 	 0.0001465619804527769 
54.3 	 0.00012053360088809955 
54.32 	 9.746115192463962e-05 
54.34 	 7.746890092720752e-05 
54.36 	 6.053365237470429e-05 
54.38 	 4.650525766475449e-05 
54.4 	 3.5142873919215e-05 
54.42 	 2.614535752572925e-05 
54.44 	 1.9184133766447447e-05 
54.46 	 1.3928746970514967e-05 
54.48 	 1.0068338512119297e-05 
54.5 	 7.326059010687547e-06 
54.52 	 5.4684669412210575e-06 
54.54 	 4.310132737733981e-06 
54.56 	 3.715245475601017e-06 
54.58 	 3.597362493189047e-06 
54.6 	 3.918616975038608e-06 
54.62 	 4.6892180876111e-06 
54.64 	 5.9677277625081335e-06 
54.66 	 7.862151516685138e-06 
54.68 	 1.0531327592434724e-05 
54.7 	 1.4185850490825265e-05 
54.72 	 1.9087034678727665e-05 
54.74 	 2.5542885811697668e-05 
54.76 	 3.3898767513078794e-05 
54.78 	 4.45229090071695e-05 
54.8 	 5.778355502174468e-05 
54.82 	 7.402196779256844e-05 
54.84 	 9.351569921841445e-05 
54.86 	 0.00011644520562719766 
54.88 	 0.00014285082634047925 
54.9 	 0.00017260905860334578 
54.92 	 0.00020539744100076768 
54.94 	 0.0002407017843381473 
54.96 	 0.00027780273754577435 
54.98 	 0.00031582938682300353 
55.0 	 0.000353771448175147 
55.02 	 0.0003905768668372122 
55.04 	 0.00042517875833725135 
55.06 	 0.0004566129665784543 
55.08 	 0.0004840385198525484 
55.1 	 0.0005068385962572026 
55.12 	 0.0005246151064013226 
55.14 	 0.0005372421178194804 
55.16 	 0.0005448289314101511 
55.18 	 0.0005477161938526493 
55.2 	 0.0005464189867108182 
55.22 	 0.0005415798636307697 
55.24 	 0.0005339135045913878 
55.26 	 0.0005241441564867987 
55.28 	 0.000512971205188354 
55.3 	 0.0005010159471484012 
55.32 	 0.0004888160507900889 
55.34 	 0.00047679363569264125 
55.36 	 0.00046527392621931114 
55.38 	 0.00045447315527501544 
55.4 	 0.00044452953590486236 
55.42 	 0.0004355024619932411 
55.44 	 0.0004274040761134183 
55.46 	 0.0004202013821760407 
55.48 	 0.00041384145534565476 
55.5 	 0.0004082519296242829 
55.52 	 0.000403358139573609 
55.54 	 0.000399081125477983 
55.56 	 0.0003953481222489773 
55.58 	 0.0003920890050683504 
55.6 	 0.00038924240311985926 
55.62 	 0.0003867518141619608 
55.64 	 0.00038456940548801824 
55.66 	 0.00038265286981751975 
55.68 	 0.00038096855007526537 
55.7 	 0.0003794898066803199 
55.72 	 0.0003782004310119585 
55.74 	 0.0003770945803572316 
55.76 	 0.00037618030711209156 
55.78 	 0.00037548005002486156 
55.8 	 0.0003750328560367856 
55.82 	 0.0003748936384159118 
55.84 	 0.00037513200023893054 
55.86 	 0.00037582857805179185 
55.88 	 0.0003770686874681517 
55.9 	 0.0003789352119763448 
55.92 	 0.00038149669595554693 
55.94 	 0.00038479839761247387 
55.96 	 0.00038884702819285804 
55.98 	 0.00039360447858782224 
56.0 	 0.00039897450966926357 
56.02 	 0.0004048057431796629 
56.04 	 0.0004108870124822604 
56.06 	 0.00041696466715982194 
56.08 	 0.00042275032482065497 
56.1 	 0.00042795089179540436 
56.12 	 0.0004322852733920721 
56.14 	 0.0004355167325682528 
56.16 	 0.0004374683776867173 
56.18 	 0.00043804322103654507 
56.2 	 0.0004372279667047872 
56.22 	 0.00043509114197032035 
56.24 	 0.00043177235621460103 
56.26 	 0.0004274607468366308 
56.28 	 0.0004223770913335493 
56.3 	 0.00041674503667394523 
56.32 	 0.00041077819476603196 
56.34 	 0.00040465779489546157 
56.36 	 0.000398532634702459 
56.38 	 0.0003925090171900947 
56.4 	 0.00038666218695278926 
56.42 	 0.00038103482677022437 
56.44 	 0.00037565212006544215 
56.46 	 0.0003705212195008726 
56.48 	 0.0003656428972728396 
56.5 	 0.000361007853641706 
56.52 	 0.00035660387237069536 
56.54 	 0.0003524107355804851 
56.56 	 0.00034840659912352715 
56.58 	 0.0003445653857043938 
56.6 	 0.00034086533463528024 
56.62 	 0.00033728933092989926 
56.64 	 0.00033383375169488035 
56.66 	 0.0003305074725524727 
56.68 	 0.00032733600955644717 
56.7 	 0.000324354750037003 
56.72 	 0.00032160614174233016 
56.74 	 0.0003191282161299747 
56.76 	 0.00031694904507879185 
56.78 	 0.00031507751975665116 
56.8 	 0.0003135026114558274 
56.82 	 0.00031219288565359455 
56.84 	 0.00031110384962110765 
56.86 	 0.00031018518925400205 
56.88 	 0.0003093911717341625 
56.9 	 0.0003086872812034267 
56.92 	 0.00030805488312773776 
56.94 	 0.0003074897566049757 
56.96 	 0.0003069976105981956 
56.98 	 0.0003065857747813046 
57.0 	 0.0003062555698451165 
57.02 	 0.0003059961090842391 
57.04 	 0.00030578289610040524 
57.06 	 0.000305580742852689 
57.08 	 0.0003053511276730908 
57.1 	 0.00030506116332170504 
57.12 	 0.000304692070966479 
57.14 	 0.0003042436108274692 
57.16 	 0.00030373362423806325 
57.18 	 0.0003031910368429767 
57.2 	 0.00030264517945475627 
57.22 	 0.00030211237199195075 
57.24 	 0.0003015851084466781 
57.26 	 0.000301025140907862 
57.28 	 0.00030036461251860405 
57.3 	 0.0002995136619554322 
57.32 	 0.000298375348325061 
57.34 	 0.00029686215186788107 
57.36 	 0.0002949137402760195 
57.38 	 0.0002925076280314835 
57.4 	 0.0002896661174937424 
57.42 	 0.00028645092908266594 
57.44 	 0.0002829557541909135 
57.46 	 0.00027928854189364756 
57.48 	 0.0002755590626768122 
57.5 	 0.0002718623031400229 
57.52 	 0.0002682737341928595 
57.54 	 0.0002648439880810083 
57.56 	 0.0002616056679309684 
57.58 	 0.0002585774637903573 
57.6 	 0.00025577497074967 
57.62 	 0.0002532141835314584 
57.64 	 0.00025091631408500346 
57.66 	 0.0002489038134672079 
57.68 	 0.0002471970931335586 
57.7 	 0.00024580619920749625 
57.72 	 0.0002447264175315893 
57.74 	 0.00024393428748667987 
57.76 	 0.00024338970475543237 
57.78 	 0.000243040533136027 
57.8 	 0.00024283105917146603 
57.82 	 0.00024271046339827167 
57.84 	 0.0002426402255476031 
57.86 	 0.0002425980220299875 
57.88 	 0.00024257762685138973 
57.9 	 0.00024258498814730655 
57.92 	 0.00024263179880413865 
57.94 	 0.00024272857246888333 
57.96 	 0.00024287896055117156 
57.98 	 0.00024307707761222176 
58.0 	 0.0002433079038854989 
58.02 	 0.00024355097396521632 
58.04 	 0.0002437853570100044 
58.06 	 0.00024399517556437578 
58.08 	 0.0002441732257050291 
58.1 	 0.00024432257546035666 
58.12 	 0.0002444550602155605 
58.14 	 0.00024458795905134024 
58.16 	 0.0002447392652692017 
58.18 	 0.00024492349464444875 
58.2 	 0.00024514850733542534 
58.22 	 0.00024541467600122126 
58.24 	 0.0002457156221047831 
58.26 	 0.0002460408766459948 
58.28 	 0.00024637853664481274 
58.3 	 0.00024671809951389354 
58.32 	 0.000247051535800332 
58.34 	 0.00024737353684854306 
58.36 	 0.00024767977994544194 
58.38 	 0.0002479649193283748 
58.4 	 0.0002482196644676998 
58.42 	 0.0002484286349566036 
58.44 	 0.0002485682032201865 
58.46 	 0.00024860533967842216 
58.48 	 0.00024849651979437807 
58.5 	 0.00024818704649983174 
58.52 	 0.0002476105758699445 
58.54 	 0.0002466886792532615 
58.56 	 0.00024533197237228295 
58.58 	 0.00024344143659249157 
58.6 	 0.00024091369786160077 
58.62 	 0.00023764595857144968 
58.64 	 0.0002335468060738677 
58.66 	 0.00022854380208083054 
58.68 	 0.00022259723055184264 
58.7 	 0.000215705348163662 
58.72 	 0.00020791496101778704 
58.74 	 0.00019931799376912256 
58.76 	 0.00019005326969239928 
58.78 	 0.00018029157600290687 
58.8 	 0.00017022798553121898 
58.82 	 0.00016005918119068712 
58.84 	 0.00014997189271203452 
58.86 	 0.0001401214014884763 
58.88 	 0.00013062471712358255 
58.9 	 0.00012154913130684631 
58.92 	 0.00011291623919500796 
58.94 	 0.00010470386745051522 
58.96 	 9.686042812711539e-05 
58.98 	 8.931601584869231e-05 
59.0 	 8.200026519012247e-05 
59.02 	 7.485379805163264e-05 
59.04 	 6.784095990495515e-05 
59.06 	 6.095393661887721e-05 
59.08 	 5.421542774607559e-05 
59.1 	 4.7673398596304464e-05 
59.12 	 4.13949886502639e-05 
59.14 	 3.5455803542836055e-05 
59.16 	 2.993077872593371e-05 
59.18 	 2.48843112743522e-05 
59.2 	 2.0363946914399764e-05 
59.22 	 1.639576528886575e-05 
59.24 	 1.2983540400124972e-05 
59.26 	 1.0109897502255394e-05 
59.28 	 7.739897429003121e-06 
59.3 	 5.8255198463057405e-06 
59.32 	 4.310768511249499e-06 
59.34 	 3.1364037507745955e-06 
59.36 	 2.2440359291851515e-06 
59.38 	 1.5791875981231196e-06 
59.4 	 1.093327021210807e-06 
59.42 	 7.449073110262699e-07 
59.44 	 4.996065279672631e-07 
59.46 	 3.29971113080335e-07 
59.48 	 2.146843370533585e-07 
59.5 	 1.3764402870903104e-07 
59.52 	 8.69959372516913e-08 
59.54 	 5.4220970709645054e-08 
59.56 	 3.333410518681702e-08 
59.58 	 2.0219417571934653e-08 
59.6 	 1.2102794790628813e-08 
59.62 	 7.149712259950568e-09 
59.64 	 4.168629956286343e-09 
59.66 	 2.398736303136659e-09 
59.68 	 1.3620901612412756e-09 
59.7 	 7.631025607917391e-10 
59.72 	 4.217029636029405e-10 
59.74 	 2.2979904259750063e-10 
59.76 	 1.234417623743201e-10 
59.78 	 6.534187640804796e-11 
59.8 	 3.4070129193876636e-11 
59.82 	 1.7492190171583024e-11 
59.84 	 8.839764818846012e-12 
59.86 	 4.395483732784793e-12 
59.88 	 2.149776009276503e-12 
59.9 	 1.0338578416632804e-12 
59.92 	 4.887428052236649e-13 
59.94 	 2.270562687630413e-13 
59.96 	 1.0363646674798314e-13 
59.98 	 4.6464425488382717e-14 
