0.0 	 1.0536712127723509e-08 
0.02 	 1.0536712127723509e-08 
0.04 	 1.0536712127723509e-08 
0.06 	 1.0536712127723509e-08 
0.08 	 1.0536712127723509e-08 
0.1 	 1.0536712127723509e-08 
0.12 	 1.0536712127723509e-08 
0.14 	 1.0536712127723509e-08 
0.16 	 1.0536712127723509e-08 
0.18 	 1.0536712127723509e-08 
0.2 	 1.0536712127723509e-08 
0.22 	 0.0 
0.24 	 0.0 
0.26 	 0.0 
0.28 	 1.0536712127723509e-08 
0.3 	 0.0 
0.32 	 0.0 
0.34 	 0.0 
0.36 	 0.0 
0.38 	 0.0 
0.4 	 0.0 
0.42 	 0.0 
0.44 	 0.0 
0.46 	 0.0 
0.48 	 0.0 
0.5 	 0.0 
0.52 	 0.0 
0.54 	 0.0 
0.56 	 0.0 
0.58 	 0.0 
0.6 	 0.0 
0.62 	 0.0 
0.64 	 0.0 
0.66 	 0.0 
0.68 	 0.0 
0.7 	 0.0 
0.72 	 0.0 
0.74 	 0.0 
0.76 	 0.0 
0.78 	 1.0536712127723509e-08 
0.8 	 1.4901161193847656e-08 
0.82 	 1.8250120749944284e-08 
0.84 	 2.5809568279517847e-08 
0.86 	 3.942476676500724e-08 
0.88 	 5.5755039852469285e-08 
0.9 	 7.955043205642187e-08 
0.92 	 1.1299364930468128e-07 
0.94 	 1.587515752960929e-07 
0.96 	 2.2001300841917694e-07 
0.98 	 3.017255176799981e-07 
1.0 	 4.0808510594454865e-07 
1.02 	 5.445553873366596e-07 
1.04 	 7.165738963213319e-07 
1.06 	 9.295625745832065e-07 
1.08 	 1.1886887075430796e-06 
1.1 	 1.4983263923773514e-06 
1.12 	 1.8617508648795463e-06 
1.14 	 2.2807296940400994e-06 
1.16 	 2.7551437102204162e-06 
1.18 	 3.2828411357144375e-06 
1.2 	 3.859429515819787e-06 
1.22 	 4.47835057005826e-06 
1.24 	 5.1310650752023176e-06 
1.26 	 5.8073918354585555e-06 
1.28 	 6.49599198209675e-06 
1.3 	 7.1848324915331865e-06 
1.32 	 7.861792487430549e-06 
1.34 	 8.515241151728104e-06 
1.36 	 9.134436120378966e-06 
1.38 	 9.710041874789943e-06 
1.4 	 1.0234353563211312e-05 
1.42 	 1.0701612074528571e-05 
1.44 	 1.1108193521616344e-05 
1.46 	 1.1452950484565132e-05 
1.48 	 1.1737741244838839e-05 
1.5 	 1.1968670739276666e-05 
1.52 	 1.2158201588189083e-05 
1.54 	 1.2329263454519668e-05 
1.56 	 1.2522198589201615e-05 
1.58 	 1.2806609645998652e-05 
1.6 	 1.33004237304394e-05 
1.62 	 1.4199977882596708e-05 
1.64 	 1.5825703164688682e-05 
1.66 	 1.8689718683201916e-05 
1.68 	 2.3592176107145963e-05 
1.7 	 3.1754524843933215e-05 
1.72 	 4.499587781110753e-05 
1.74 	 6.595936430074998e-05 
1.76 	 9.838354429743285e-05 
1.78 	 0.00014742174924622684 
1.8 	 0.00021996513095273645 
1.82 	 0.0003249910425490279 
1.84 	 0.00047376622731774864 
1.86 	 0.000680097454402648 
1.88 	 0.0009600246580738547 
1.9 	 0.0013319353258739862 
1.92 	 0.0018150042680853274 
1.94 	 0.002429684415372982 
1.96 	 0.003193522712893521 
1.98 	 0.004123952244030626 
2.0 	 0.005228955030699684 
2.02 	 0.006516503105063434 
2.04 	 0.007975734848183936 
2.06 	 0.009600145579903317 
2.08 	 0.011353144294216466 
2.1 	 0.013213281348941317 
2.12 	 0.01511807262952112 
2.14 	 0.017036691555384134 
2.16 	 0.01888990268301591 
2.18 	 0.020647679490900572 
2.2 	 0.022231158915272376 
2.22 	 0.023622065089167123 
2.24 	 0.024761405156220037 
2.26 	 0.025650139805664593 
2.28 	 0.026263427313921537 
2.3 	 0.026622985525624365 
2.32 	 0.026741655330075983 
2.34 	 0.02665774340491908 
2.36 	 0.02641418208088415 
2.38 	 0.02605857593907078 
2.4 	 0.025649731047197862 
2.42 	 0.025237314532190348 
2.44 	 0.024881029016931847 
2.46 	 0.02462732421203441 
2.48 	 0.02452453167562559 
2.5 	 0.024612394495633697 
2.52 	 0.024918342688298404 
2.54 	 0.02547246473764919 
2.56 	 0.02627312995060232 
2.58 	 0.027337913143028175 
2.6 	 0.028629497414576585 
2.62 	 0.030151485056221724 
2.64 	 0.031828670148483396 
2.66 	 0.033652711528296166 
2.68 	 0.03551680825738859 
2.7 	 0.03740697335650913 
2.72 	 0.03920157880236989 
2.74 	 0.04088980537797438 
2.76 	 0.04235955214114983 
2.78 	 0.04361094970342653 
2.8 	 0.044565583403515026 
2.82 	 0.04523795414940445 
2.84 	 0.045598068462436546 
2.86 	 0.04567250666859412 
2.88 	 0.045479493060900746 
2.9 	 0.045050916189879345 
2.92 	 0.0444396131456153 
2.94 	 0.04367473780979604 
2.96 	 0.042824203190494244 
2.98 	 0.041908813210308586 
3.0 	 0.04099473204922908 
3.02 	 0.04009364973694569 
3.04 	 0.03926092789084865 
3.06 	 0.03850325914408378 
3.08 	 0.03786369835846794 
3.1 	 0.03735071320046779 
3.12 	 0.03699707940380903 
3.14 	 0.036819137467712364 
3.16 	 0.03683990242517152 
3.18 	 0.037086034436071655 
3.2 	 0.037566187528479796 
3.22 	 0.03831481706917673 
3.24 	 0.03931596094405984 
3.26 	 0.04060550972047462 
3.28 	 0.04213022053602929 
3.3 	 0.043920538326549574 
3.32 	 0.04587725760583159 
3.34 	 0.04802175336894119 
3.36 	 0.050211329791393276 
3.38 	 0.052459797381597006 
3.4 	 0.054598846914258856 
3.42 	 0.05664008448559686 
3.44 	 0.05842075221425505 
3.46 	 0.059955993139086394 
3.48 	 0.061123715788488 
3.5 	 0.061945328777604405 
3.52 	 0.06236530458923704 
3.54 	 0.062409482532007336 
3.56 	 0.062095267923674265 
3.58 	 0.06144720642184529 
3.6 	 0.06054098763760784 
3.62 	 0.05939259938984117 
3.64 	 0.05810844698286877 
3.66 	 0.056690202811689155 
3.68 	 0.05524693105580633 
3.7 	 0.053764152729421574 
3.72 	 0.0523346308201153 
3.74 	 0.05093042170930486 
3.76 	 0.04962099658699882 
3.78 	 0.048370830012021186 
3.8 	 0.04722833807018433 
3.82 	 0.04615733936165308 
3.84 	 0.04519190372168354 
3.86 	 0.04430151865823884 
3.88 	 0.04351318029245224 
3.9 	 0.042807153018466805 
3.92 	 0.04220890608085507 
3.94 	 0.041713295709457164 
3.96 	 0.04134669931698492 
3.98 	 0.04112066897692865 
4.0 	 0.041060443860327374 
4.02 	 0.04119350317493442 
4.04 	 0.041536078593064116 
4.06 	 0.04212668075144582 
4.08 	 0.04295876691122393 
4.1 	 0.044072974114323954 
4.12 	 0.045423310035506675 
4.14 	 0.04704215774265934 
4.16 	 0.04883139433456235 
4.18 	 0.050807481370701305 
4.2 	 0.052820671263077275 
4.22 	 0.054869906094476 
4.24 	 0.05677454396735517 
4.26 	 0.05852080850354041 
4.28 	 0.05993739474966079 
4.3 	 0.061006339563537 
4.32 	 0.06161374202867599 
4.34 	 0.06174585825290272 
4.36 	 0.06138254870697215 
4.38 	 0.06051908977887319 
4.4 	 0.05923621171497093 
4.42 	 0.05753704591974423 
4.44 	 0.05557685115634007 
4.46 	 0.053359367992193346 
4.48 	 0.05106755535862297 
4.5 	 0.04869579335831139 
4.52 	 0.046409426954626146 
4.54 	 0.04418641755556675 
4.56 	 0.04214775672879433 
4.58 	 0.04025487323379929 
4.6 	 0.0385800142094776 
4.62 	 0.037074478624147506 
4.64 	 0.03577249476783313 
4.66 	 0.034624218849733 
4.68 	 0.03364133837291227 
4.7 	 0.032780224954408986 
4.72 	 0.03204287228471641 
4.74 	 0.03139543415096479 
4.76 	 0.03083763926328435 
4.78 	 0.030345271130893383 
4.8 	 0.02991825236724191 
4.82 	 0.029539335205441372 
4.84 	 0.029207863985537732 
4.86 	 0.028909691644973527 
4.88 	 0.02864141806280368 
4.9 	 0.028387952138065248 
4.92 	 0.028141219751731193 
4.94 	 0.027881892943809692 
4.96 	 0.027597019915657342 
4.98 	 0.027261518324923767 
5.0 	 0.02686027190236981 
5.02 	 0.02636364618991277 
5.04 	 0.025760275247573586 
5.06 	 0.025020187233820854 
5.08 	 0.024143539452511412 
5.1 	 0.02310627562643204 
5.12 	 0.021926655736825437 
5.14 	 0.020592484547231286 
5.16 	 0.019141910542805594 
5.18 	 0.01757733335502322 
5.2 	 0.015951740140522634 
5.22 	 0.014279762881760213 
5.24 	 0.012618541736107006 
5.26 	 0.010988030218257385 
5.28 	 0.009437391353652572 
5.3 	 0.00798344875694032 
5.32 	 0.006658673497272329 
5.34 	 0.005470536638993595 
5.36 	 0.004432313118851769 
5.38 	 0.0035404149688323017 
5.4 	 0.0027922093086545437 
5.42 	 0.0021755845631170555 
5.44 	 0.001678388026567848 
5.46 	 0.0012846227541535014 
5.48 	 0.000979042490459275 
5.5 	 0.0007461125187605565 
5.52 	 0.0005719893471009484 
5.54 	 0.000444254602126484 
5.56 	 0.00035256088797083464 
5.58 	 0.00028842832068265103 
5.6 	 0.0002452901695533918 
5.62 	 0.00021825759235610847 
5.64 	 0.00020398347355601285 
5.66 	 0.00020047916580663835 
5.68 	 0.00020700656982381251 
5.7 	 0.00022400879913620522 
5.72 	 0.0002530864770584765 
5.74 	 0.00029702534619578566 
5.76 	 0.0003597912918319804 
5.78 	 0.0004465663838380137 
5.8 	 0.0005635956016416486 
5.82 	 0.000718124653648611 
5.84 	 0.0009178489567429901 
5.86 	 0.0011707558934815675 
5.88 	 0.0014838658565912608 
5.9 	 0.0018633068839255644 
5.92 	 0.0023119774597424106 
5.94 	 0.002830728114202922 
5.96 	 0.0034144785335944896 
5.98 	 0.004055928785796246 
6.0 	 0.004739570170001247 
6.02 	 0.0054494094189039485 
6.04 	 0.006160446452038311 
6.06 	 0.006850954530977308 
6.08 	 0.0074916496371453915 
6.1 	 0.008061119751996396 
6.12 	 0.008534049031455214 
6.14 	 0.00889632135841956 
6.16 	 0.009134672040621383 
6.18 	 0.009247241063118227 
6.2 	 0.009237072470946815 
6.22 	 0.009115314046425151 
6.24 	 0.008899817238778803 
6.26 	 0.00861111778981047 
6.28 	 0.008275667070890105 
6.3 	 0.007917395172825654 
6.32 	 0.0075638103933869764 
6.34 	 0.007236880100907086 
6.36 	 0.00695982647570103 
6.38 	 0.006750208788691811 
6.4 	 0.006625450176730215 
6.42 	 0.006599466522680871 
6.44 	 0.0066852424509241445 
6.46 	 0.006895338720180491 
6.48 	 0.0072398502738719875 
6.5 	 0.0077312730696141 
6.52 	 0.00837583465939308 
6.54 	 0.00918454240095406 
6.56 	 0.01015519180957345 
6.58 	 0.011293501686875675 
6.6 	 0.012582203069185486 
6.62 	 0.014017993575411669 
6.64 	 0.015563529206026307 
6.66 	 0.017205949791329576 
6.68 	 0.018888479850418256 
6.7 	 0.020593027615398832 
6.72 	 0.022251576517406585 
6.74 	 0.02384882262455431 
6.76 	 0.02531931128561909 
6.78 	 0.026658704672967912 
6.8 	 0.02781819334446283 
6.82 	 0.028808859858818103 
6.84 	 0.029606881312822554 
6.86 	 0.030237461368447665 
6.88 	 0.03070113372651637 
6.9 	 0.0310310587500299 
6.92 	 0.03124395276191893 
6.94 	 0.03137312380584237 
6.96 	 0.0314406972799274 
6.98 	 0.03147443505344635 
7.0 	 0.03149377176159598 
7.02 	 0.03151977318388264 
7.04 	 0.03156654847539298 
7.06 	 0.03165210403577157 
7.08 	 0.03178757337532838 
7.1 	 0.031994768733551976 
7.12 	 0.032286362117941086 
7.14 	 0.0326956338501278 
7.16 	 0.0332396571519612 
7.18 	 0.033969059049050364 
7.2 	 0.034902696232793774 
7.22 	 0.03611042927517801 
7.24 	 0.03760183635938482 
7.26 	 0.039462898447152304 
7.28 	 0.04167364771541936 
7.3 	 0.044329355013451754 
7.32 	 0.04735413832426337 
7.34 	 0.05084576112926891 
7.36 	 0.05464782455702214 
7.38 	 0.058858074290967136 
7.4 	 0.06322813874862854 
7.42 	 0.06785891932762624 
7.44 	 0.07242262981054705 
7.46 	 0.07702893348117863 
7.48 	 0.08131161447058627 
7.5 	 0.0853913282048481 
7.52 	 0.08892573503002908 
7.54 	 0.09204156605342569 
7.56 	 0.09448512094167127 
7.58 	 0.09637829484053446 
7.6 	 0.09759957034526079 
7.62 	 0.09825374212066071 
7.64 	 0.09835702271869665 
7.66 	 0.09798781123786471 
7.68 	 0.09726712829757053 
7.7 	 0.09624253281427532 
7.72 	 0.09508452600158455 
7.74 	 0.09381051786592771 
7.76 	 0.09258582283388614 
7.78 	 0.09140359350994326 
7.8 	 0.0903875865316996 
7.82 	 0.08951738691300923 
7.84 	 0.08886239477395612 
7.86 	 0.08840219509037753 
7.88 	 0.08815685592949467 
7.9 	 0.08811893911925467 
7.92 	 0.08827135429734059 
7.94 	 0.08862833466748478 
7.96 	 0.08914548613482398 
7.98 	 0.08986088662386003 
8.0 	 0.09070588597645993 
8.02 	 0.09173826068035837 
8.04 	 0.09286280465863614 
8.06 	 0.09414896764028514 
8.08 	 0.09547310124370881 
8.1 	 0.09690783493160507 
8.12 	 0.0983061583830347 
8.14 	 0.09973773729726496 
8.16 	 0.10104774853287175 
8.18 	 0.10230048505026947 
8.2 	 0.1033573827965478 
8.22 	 0.10427892789833375 
8.24 	 0.1049682171135077 
8.26 	 0.10548738138491548 
8.28 	 0.10579823382932745 
8.3 	 0.10597384666551754 
8.32 	 0.10603528889196574 
8.34 	 0.10607934115062385 
8.36 	 0.10616672358232787 
8.38 	 0.10643288150817386 
8.4 	 0.10693974036488677 
8.42 	 0.10787646999187962 
8.44 	 0.10925322369562863 
8.46 	 0.1113263544519217 
8.48 	 0.11399220622784545 
8.5 	 0.11758642164409348 
8.52 	 0.1218275981692919 
8.54 	 0.12714371978956143 
8.56 	 0.1330211919681297 
8.58 	 0.1399957908702747 
8.6 	 0.14729368161401676 
8.62 	 0.15557255949635462 
8.64 	 0.16381529260245103 
8.66 	 0.17280441191406926 
8.68 	 0.18135180258058822 
8.7 	 0.19034621699088244 
8.72 	 0.198546888526068 
8.74 	 0.20690709507530078 
8.76 	 0.21426449962330485 
8.78 	 0.22158360661891974 
8.8 	 0.22787755967235576 
8.82 	 0.23407577571038943 
8.84 	 0.23939236007425913 
8.86 	 0.24469620951480267 
8.88 	 0.24935001239410914 
8.9 	 0.2541589597819319 
8.92 	 0.2585349434628022 
8.94 	 0.2632283811987071 
8.96 	 0.2676067616349179 
8.98 	 0.2723713550309078 
9.0 	 0.2768059053752927 
9.02 	 0.28155032334753943 
9.04 	 0.2858428822250814 
9.06 	 0.2902238578469678 
9.08 	 0.29399339273431263 
9.1 	 0.29753080544685695 
9.12 	 0.30033984006141234 
9.14 	 0.30257051620298914 
9.16 	 0.3040591315560069 
9.18 	 0.3046756277196824 
9.2 	 0.30466256619693743 
9.22 	 0.30359994694548204 
9.24 	 0.30213186493928673 
9.26 	 0.2995910895961306 
9.28 	 0.2969410466538683 
9.3 	 0.2933560807011457 
9.32 	 0.2899788407506619 
9.34 	 0.2859359426350912 
9.36 	 0.28238120284276985 
9.38 	 0.2784929913200561 
9.4 	 0.2752772036451804 
9.42 	 0.27202559879141314 
9.44 	 0.26948748024312025 
9.46 	 0.2670846102443773 
9.48 	 0.2652858218441018 
9.5 	 0.26362739977408867 
9.52 	 0.26236565506583187 
9.54 	 0.26112655386543054 
9.56 	 0.26007972954865066 
9.58 	 0.2589281958621764 
9.6 	 0.2578716053389532 
9.62 	 0.2567028203961638 
9.64 	 0.25568981952755754 
9.66 	 0.2547541449011775 
9.68 	 0.25416040086163666 
9.7 	 0.25401382818265467 
9.72 	 0.25442142336741136 
9.74 	 0.2557327575754057 
9.76 	 0.2577274750491392 
9.78 	 0.261059297517402 
9.8 	 0.2650537113426364 
9.82 	 0.27071670218463795 
9.84 	 0.2768554973134101 
9.86 	 0.28483926048937713 
9.88 	 0.29295414437484046 
9.9 	 0.3028670800789086 
9.92 	 0.3124218905154558 
9.94 	 0.32339627696685 
9.96 	 0.33341574487272696 
9.98 	 0.3440179952655691 
10.0 	 0.3530592562716227 
10.02 	 0.3613049249674222 
10.04 	 0.36754232615823884 
10.06 	 0.3711010533137971 
10.08 	 0.37255036593687346 
10.1 	 0.36915658935406787 
10.12 	 0.36401852155418263 
10.14 	 0.35204082998658115 
10.16 	 0.33915026349700744 
10.18 	 0.31826257544936104 
10.2 	 0.2976842516909204 
10.22 	 0.2695657841352108 
10.24 	 0.2433045508411532 
10.26 	 0.21198040384515776 
10.28 	 0.1841725638247226 
10.3 	 0.1549543407611921 
10.32 	 0.1303364819162314 
10.34 	 0.1072050058193444 
10.36 	 0.0886077787557925 
10.38 	 0.07260468816528688 
10.4 	 0.06022843463424927 
10.42 	 0.050260452884271646 
10.44 	 0.042811986853449 
10.46 	 0.037118988522944235 
10.48 	 0.03300869754942421 
10.5 	 0.030011382767387507 
10.52 	 0.027931383642518928 
10.54 	 0.0264936687505876 
10.56 	 0.02555512314511415 
10.58 	 0.0249684911204978 
10.6 	 0.02464853623623863 
10.62 	 0.024530202081814147 
10.64 	 0.024573352869505058 
10.66 	 0.02476774175723857 
10.68 	 0.02510680856965386 
10.7 	 0.02562362391193838 
10.72 	 0.026338785255868274 
10.74 	 0.02732894730327885 
10.76 	 0.028636226261586302 
10.78 	 0.030386997292598323 
10.8 	 0.03263069586699394 
10.82 	 0.03554973530886201 
10.84 	 0.03916647543266303 
10.86 	 0.043724223127244694 
10.88 	 0.049154224723198026 
10.9 	 0.05577001575722455 
10.92 	 0.06331737974399974 
10.94 	 0.07220509901198863 
10.96 	 0.08188399913987991 
10.98 	 0.0929036746355582 
11.0 	 0.10433032906297358 
11.02 	 0.11690473827795307 
11.04 	 0.12928853805409124 
11.06 	 0.14243052352865807 
11.08 	 0.15468328497915407 
11.1 	 0.16714544476552104 
11.12 	 0.17808368419472073 
11.14 	 0.18859985531534706 
11.16 	 0.19718183912121232 
11.18 	 0.20473332138509376 
11.2 	 0.21026145310323843 
11.22 	 0.2142838372445968 
11.24 	 0.21651354746421875 
11.26 	 0.21697287425821216 
11.28 	 0.21609710205646587 
11.3 	 0.21340992757911084 
11.32 	 0.2099304907656492 
11.34 	 0.20477003503916763 
11.36 	 0.19931540376062687 
11.38 	 0.1924026166924036 
11.4 	 0.18557955807678417 
11.42 	 0.1775594473145124 
11.44 	 0.1699012897650615 
11.46 	 0.16133663711484234 
11.48 	 0.1533373898725885 
11.5 	 0.14476141737708922 
11.52 	 0.1369187884478164 
11.54 	 0.12885131626183458 
11.56 	 0.12164243438916295 
11.58 	 0.11452202483908148 
11.6 	 0.10830494620706843 
11.62 	 0.10237678379480207 
11.64 	 0.09728552680189977 
11.66 	 0.0925312241672793 
11.68 	 0.0884448277991957 
11.7 	 0.08461139995558058 
11.72 	 0.0812254268079368 
11.74 	 0.07794461574198254 
11.76 	 0.07491039023027853 
11.78 	 0.07185205050145355 
11.8 	 0.0689190887968291 
11.82 	 0.0659137293455991 
11.84 	 0.06301837232506341 
11.86 	 0.060104585264942494 
11.88 	 0.05737687121631371 
11.9 	 0.05476417544278074 
11.92 	 0.05246023165447182 
11.94 	 0.050432562367267224 
11.96 	 0.04882791890031899 
11.98 	 0.04763249601527248 
12.0 	 0.046920651839518185 
12.02 	 0.04668254519761351 
12.04 	 0.046910342227862466 
12.06 	 0.0475916146931003 
12.08 	 0.04864026730846284 
12.1 	 0.05004132030003378 
12.12 	 0.05164516181556151 
12.14 	 0.053436609899187054 
12.16 	 0.05522719957483382 
12.18 	 0.05700226686434726 
12.2 	 0.05856893566790959 
12.22 	 0.05991095399319547 
12.24 	 0.06087236571084945 
12.26 	 0.06143258978590978 
12.28 	 0.06151263361614556 
12.3 	 0.06108804346708093 
12.32 	 0.06018296668495716 
12.34 	 0.05877457891016049 
12.36 	 0.056990502679111904 
12.38 	 0.05481698044152951 
12.4 	 0.0524554626112922 
12.42 	 0.04990377145019006 
12.44 	 0.04738607120168611 
12.46 	 0.04490466598767469 
12.48 	 0.042652599135818266 
12.5 	 0.04062283060259713 
12.52 	 0.03894003510886899 
12.54 	 0.03757632857324474 
12.56 	 0.036577277271273176 
12.58 	 0.035892894715085936 
12.6 	 0.035503190630795954 
12.62 	 0.03534595360346866 
12.64 	 0.035363549071777606 
12.66 	 0.03549679077878746 
12.68 	 0.03568094804873668 
12.7 	 0.03587275410890852 
12.72 	 0.036023827550011815 
12.74 	 0.03611210065986641 
12.76 	 0.0361161573797966 
12.78 	 0.036031722083976786 
12.8 	 0.03586162714033506 
12.82 	 0.035609811256873417 
12.84 	 0.03529189776719827 
12.86 	 0.03490881301872704 
12.88 	 0.03447630214616297 
12.9 	 0.03398414944270548 
12.92 	 0.033441305788330065 
12.94 	 0.03282468479268342 
12.96 	 0.032138611081166474 
12.98 	 0.03135253257932351 
13.0 	 0.03047589570408294 
13.02 	 0.029481220216450065 
13.04 	 0.028395081723079547 
13.06 	 0.027204830416852052 
13.08 	 0.025961986741115238 
13.1 	 0.02467730905855281 
13.12 	 0.02342642767251958 
13.14 	 0.022245542596587942 
13.16 	 0.021224282030685895 
13.18 	 0.020418627234746942 
13.2 	 0.019915363387741247 
13.22 	 0.01977840763313263 
13.24 	 0.020071404034345954 
13.26 	 0.020851999407887834 
13.28 	 0.02213920364703749 
13.3 	 0.023973015790980528 
13.32 	 0.02630727821059377 
13.34 	 0.02916071878457181 
13.36 	 0.03240707057593165 
13.38 	 0.03605020826538796 
13.4 	 0.039882535056258585 
13.42 	 0.043907210667814195 
13.44 	 0.0478563149549421 
13.46 	 0.05174787462252064 
13.48 	 0.05529923865743392 
13.5 	 0.05855403649357268 
13.52 	 0.061275670729104816 
13.54 	 0.0635372501977514 
13.56 	 0.06520355984730872 
13.58 	 0.06637677610031044 
13.6 	 0.06704939629873839 
13.62 	 0.06735081889711746 
13.64 	 0.0673842635783851 
13.66 	 0.06730228641914475 
13.68 	 0.06726156097364162 
13.7 	 0.06742894741265343 
13.72 	 0.0679358820452894 
13.74 	 0.06895152770786907 
13.76 	 0.0705065819780365 
13.78 	 0.07276527411841227 
13.8 	 0.07560489179881272 
13.82 	 0.07919020962723794 
13.84 	 0.08322591958338989 
13.86 	 0.08789469337075394 
13.88 	 0.09274657595104654 
13.9 	 0.09799952612439451 
13.92 	 0.10310212024477687 
13.94 	 0.10830931701980687 
13.96 	 0.11304746477394023 
13.98 	 0.11758571738814545 
14.0 	 0.12141653316089603 
14.02 	 0.12478045529508494 
14.04 	 0.12731367960405118 
14.06 	 0.12918186169765197 
14.08 	 0.1302172175394936 
14.1 	 0.13048219838459313 
14.12 	 0.1300263217193636 
14.14 	 0.12881562178458572 
14.16 	 0.1271061687924347 
14.18 	 0.12481317646154855 
14.2 	 0.12235263786489718 
14.22 	 0.11965742791489355 
14.24 	 0.1172141905806742 
14.26 	 0.11503372101121774 
14.28 	 0.11354325546856833 
14.3 	 0.11285799791643204 
14.32 	 0.11319756005725276 
14.34 	 0.1147773300078435 
14.36 	 0.11748236443661507 
14.38 	 0.12162113717440856 
14.4 	 0.12667703150070345 
14.42 	 0.13306075937931458 
14.44 	 0.13987284904642266 
14.46 	 0.14763632247429978 
14.48 	 0.15518534702694087 
14.5 	 0.16312827007569647 
14.52 	 0.17023699906698875 
14.54 	 0.17711689505673378 
14.56 	 0.18272643479423714 
14.58 	 0.18753330965319961 
14.6 	 0.19090616778387387 
14.62 	 0.19304183827794702 
14.64 	 0.1938499003226045 
14.66 	 0.1931757225568401 
14.68 	 0.19147632799608144 
14.7 	 0.18824424842770437 
14.72 	 0.18438327317819042 
14.74 	 0.1791049976188257 
14.76 	 0.17360048342756845 
14.78 	 0.1669167170284913 
14.8 	 0.16036330755248848 
14.82 	 0.15294683234088133 
14.84 	 0.14594899545275575 
14.86 	 0.1384365085018857 
14.88 	 0.13155285228410965 
14.9 	 0.12448409916954468 
14.92 	 0.11816704470152628 
14.94 	 0.11192479490810511 
14.96 	 0.10646290217638275 
14.98 	 0.10123072757085393 
15.0 	 0.09671801140369479 
15.02 	 0.09247802328897385 
15.04 	 0.08882880391134938 
15.06 	 0.08540598103202761 
15.08 	 0.08241323183038146 
15.1 	 0.07955292924999648 
15.12 	 0.07696999272947673 
15.14 	 0.07442345552849379 
15.16 	 0.07204174144048764 
15.18 	 0.0696328876426414 
15.2 	 0.06733106087615257 
15.22 	 0.06498477447309313 
15.24 	 0.06273596687542918 
15.26 	 0.06046273461947374 
15.28 	 0.058303285130198626 
15.3 	 0.05615341499902557 
15.32 	 0.05413328272912263 
15.34 	 0.05214689128362633 
15.36 	 0.05028851717882604 
15.38 	 0.04846607325713368 
15.4 	 0.04674997527944657 
15.42 	 0.04505296691665723 
15.44 	 0.04343047002871694 
15.46 	 0.041803496803209335 
15.48 	 0.04022216019157518 
15.5 	 0.03861836032425357 
15.52 	 0.03704263744229876 
15.54 	 0.035437812331677004 
15.56 	 0.03385552252565173 
15.58 	 0.03224746852389197 
15.6 	 0.0306640551575649 
15.62 	 0.029063588895588792 
15.64 	 0.02749286108264163 
15.66 	 0.025915821763343404 
15.68 	 0.024374873192582594 
15.7 	 0.022840149351825354 
15.72 	 0.021350204815815562 
15.74 	 0.019882341578802355 
15.76 	 0.018471763603213325 
15.78 	 0.01710300238794122 
15.8 	 0.01580729183142987 
15.82 	 0.014574849962937274 
15.84 	 0.013431220963485308 
15.86 	 0.012369561129439117 
15.88 	 0.01140786400597823 
15.9 	 0.010539407598271605 
15.92 	 0.00977377627810452 
15.94 	 0.009102611905635763 
15.96 	 0.00852782980072457 
15.98 	 0.008039232608832752 
16.0 	 0.007633201825434242 
16.02 	 0.007298780907151767 
16.04 	 0.007029600187570671 
16.06 	 0.006815588080737092 
16.08 	 0.0066502333578127865 
16.1 	 0.0065258534158161565 
16.12 	 0.0064376906828833335 
16.14 	 0.00638140735196751 
16.16 	 0.006354989796160401 
16.18 	 0.006357733575935034 
16.2 	 0.0063904665786420276 
16.22 	 0.006455739469755326 
16.24 	 0.006556468914433154 
16.26 	 0.006697423186479253 
16.28 	 0.006882061496785388 
16.3 	 0.007115767173056454 
16.32 	 0.007400446898756582 
16.34 	 0.007740316644984567 
16.36 	 0.00813371437479492 
16.38 	 0.008582488024541797 
16.4 	 0.00908042188687837 
16.42 	 0.009627245618206513 
16.44 	 0.010213042541464627 
16.46 	 0.01083750127828904 
16.48 	 0.011489651853251362 
16.5 	 0.01217238640458691 
16.52 	 0.01287681936644023 
16.54 	 0.013611790842448832 
16.56 	 0.014371973817456146 
16.58 	 0.015172565571707052 
16.6 	 0.01600988455876139 
16.62 	 0.016902827435967223 
16.64 	 0.017844175710327977 
16.66 	 0.018851978216746165 
16.68 	 0.019909414598776407 
16.7 	 0.021029878011288486 
16.72 	 0.022183514813064437 
16.74 	 0.023378437873731776 
16.76 	 0.02457348503078522 
16.78 	 0.025774618222650644 
16.8 	 0.02693606374641775 
16.82 	 0.028066749375619295 
16.84 	 0.029124931790424087 
16.86 	 0.03012657963231354 
16.88 	 0.031040304720323972 
16.9 	 0.03188965966637018 
16.92 	 0.0326545724278039 
16.94 	 0.03336262315439822 
16.96 	 0.03400064864835754 
16.98 	 0.0345942176131965 
17.0 	 0.03513038011558241 
17.02 	 0.03562706976903787 
17.04 	 0.036066929268413234 
17.06 	 0.03645767811705501 
17.08 	 0.036778124484501226 
17.1 	 0.03702726386838599 
17.12 	 0.03718596975445184 
17.14 	 0.03724912026892162 
17.16 	 0.037208030405841794 
17.18 	 0.03705899918189959 
17.2 	 0.036810472017411174 
17.22 	 0.036464542146127585 
17.24 	 0.03604862651999461 
17.26 	 0.03557284491164076 
17.28 	 0.0350799023535527 
17.3 	 0.03458827750811406 
17.32 	 0.03414823107463498 
17.34 	 0.03378567228387646 
17.36 	 0.03354855475417062 
17.38 	 0.03346812293037893 
17.4 	 0.03357895082253035 
17.42 	 0.033913824041750924 
17.44 	 0.03448179060592302 
17.46 	 0.03531148627141007 
17.48 	 0.03637423689964791 
17.5 	 0.0376880546264206 
17.52 	 0.03917777183380578 
17.54 	 0.04084572770044681 
17.56 	 0.04257069408437156 
17.58 	 0.04433762709349537 
17.6 	 0.045994538630053476 
17.62 	 0.047511110506773306 
17.64 	 0.048736318565607444 
17.66 	 0.04962978758939852 
17.68 	 0.05008344041673527 
17.7 	 0.05005424014858634 
17.72 	 0.04951507692922668 
17.74 	 0.04842864263919209 
17.76 	 0.046865784301602056 
17.78 	 0.04480169366289847 
17.8 	 0.04239083835541496 
17.82 	 0.03962216494971432 
17.84 	 0.0366926286668758 
17.86 	 0.03359869249737322 
17.88 	 0.03053029871484052 
17.9 	 0.027480867306631324 
17.92 	 0.024596635349293284 
17.94 	 0.02185986285536933 
17.96 	 0.01936026321657258 
17.98 	 0.017068051059941226 
18.0 	 0.015024362576530413 
18.02 	 0.013192975801129698 
18.04 	 0.011583934949251142 
18.06 	 0.010162075093720448 
18.08 	 0.008922802927943748 
18.1 	 0.007837067430929531 
18.12 	 0.006895940697292875 
18.14 	 0.006077676915993374 
18.16 	 0.005373268984929265 
18.18 	 0.004766804439165725 
18.2 	 0.0042499934771113345 
18.22 	 0.0038106453443864396 
18.24 	 0.00344100467350864 
18.26 	 0.0031311726919572022 
18.28 	 0.002873975876412493 
18.3 	 0.0026612868851258677 
18.32 	 0.0024868890622789367 
18.34 	 0.0023444001244717254 
18.36 	 0.0022289287216599434 
18.38 	 0.002135845892588306 
18.4 	 0.002061703497161734 
18.42 	 0.0020034659114792955 
18.44 	 0.001958989901502832 
18.46 	 0.0019265417658682075 
18.48 	 0.0019050273852334397 
18.5 	 0.0018937221858865683 
18.52 	 0.0018923564557920478 
18.54 	 0.0019010284936521425 
18.56 	 0.0019201881953883903 
18.58 	 0.0019507259068726945 
18.6 	 0.001993852340242767 
18.62 	 0.0020513773872836614 
18.64 	 0.0021254453858475524 
18.66 	 0.0022190485092970997 
18.68 	 0.0023355254954459345 
18.7 	 0.0024794005679634047 
18.72 	 0.002655467254156262 
18.74 	 0.0028701222519570374 
18.76 	 0.0031297035433107733 
18.78 	 0.0034426367682201743 
18.8 	 0.0038164410744107777 
18.82 	 0.004261294039611515 
18.84 	 0.004784716564279005 
18.86 	 0.0053976890311260226 
18.88 	 0.006105438641720297 
18.9 	 0.006918077771739657 
18.92 	 0.007835144508356129 
18.94 	 0.008863817333158467 
18.96 	 0.009994033565448292 
18.98 	 0.011228308967595722 
19.0 	 0.012543762845343621 
19.02 	 0.013937739477372325 
19.04 	 0.015373562139747745 
19.06 	 0.01684468032387436 
19.08 	 0.01830312755981009 
19.1 	 0.019741368151441705 
19.12 	 0.0211063498743371 
19.14 	 0.022393184353500184 
19.16 	 0.023552388122518298 
19.18 	 0.02458478492946857 
19.2 	 0.02545308660503478 
19.22 	 0.026165222986269103 
19.24 	 0.02670192886734393 
19.26 	 0.027077497159153675 
19.28 	 0.027291896560027007 
19.3 	 0.027363219545376037 
19.32 	 0.027307243202762257 
19.34 	 0.027142396179482543 
19.36 	 0.026893879939709108 
19.38 	 0.026577206046546287 
19.4 	 0.026220059968222506 
19.42 	 0.02583282559204843 
19.44 	 0.025440138241773737 
19.46 	 0.02504637486371384 
19.48 	 0.024669904045079714 
19.5 	 0.02430937923314242 
19.52 	 0.02397600288617308 
19.54 	 0.023663836763767897 
19.56 	 0.02337790154635003 
19.58 	 0.02310940132424477 
19.6 	 0.022859466302218065 
19.62 	 0.022618533271058318 
19.64 	 0.022386695770809067 
19.66 	 0.02215563634607022 
19.68 	 0.02192688367415824 
19.7 	 0.021694694413374856 
19.72 	 0.02146324190012598 
19.74 	 0.02122953784796632 
19.76 	 0.02099999883396768 
19.78 	 0.02077346699802081 
19.8 	 0.02055702186727712 
19.82 	 0.020349889040882398 
19.84 	 0.020158004924998814 
19.86 	 0.019979770260697378 
19.88 	 0.01981882754940259 
19.9 	 0.019672261636336688 
19.92 	 0.01954128566773445 
19.94 	 0.019421913074428438 
19.96 	 0.019313644119615937 
19.98 	 0.019212140349343466 
20.0 	 0.019116376926033195 
20.02 	 0.01902259256766115 
20.04 	 0.01893053683031932 
20.06 	 0.01883795822558152 
20.08 	 0.01874642228509218 
20.1 	 0.018655818886554078 
20.12 	 0.01856980000820284 
20.14 	 0.018490220914145834 
20.16 	 0.01842175909532047 
20.18 	 0.018366763208390417 
20.2 	 0.01832837910795185 
20.22 	 0.01830670177806838 
20.24 	 0.018300022558206685 
20.26 	 0.018303059106552534 
20.28 	 0.018306843330915715 
20.3 	 0.018298811175761757 
20.32 	 0.018263211415457132 
20.34 	 0.01818101855558664 
20.36 	 0.018034109270942355 
20.38 	 0.017800984849043865 
20.4 	 0.017468608406689564 
20.42 	 0.01701901138875961 
20.44 	 0.016451829481994185 
20.46 	 0.015758197713816056 
20.48 	 0.014954417843319653 
20.5 	 0.014043238417815792 
20.52 	 0.013055603511632296 
20.54 	 0.012003928404617484 
20.56 	 0.010926283738724904 
20.58 	 0.009839140814459637 
20.6 	 0.008778055388235081 
20.62 	 0.007756962570957551 
20.64 	 0.006801359262234066 
20.66 	 0.0059180961985208416 
20.68 	 0.005119809204374487 
20.7 	 0.004405368431610992 
20.72 	 0.003776410007555921 
20.74 	 0.0032260762606875775 
20.76 	 0.0027494113738461227 
20.78 	 0.0023373476385594154 
20.8 	 0.0019827672298665332 
20.82 	 0.001677288618672034 
20.84 	 0.0014144873693150376 
20.86 	 0.0011880288812653027 
20.88 	 0.0009931864302047018 
20.9 	 0.0008256594352281672 
20.92 	 0.0006821982023617768 
20.94 	 0.0005598650064035987 
20.96 	 0.00045627420208450793 
20.98 	 0.00036918531231383816 
21.0 	 0.00029661693497114356 
21.02 	 0.00023666863427300602 
21.04 	 0.0001875993270167682 
21.06 	 0.00014777261951129752 
21.08 	 0.00011571110949262397 
21.1 	 9.008470348670591e-05 
21.12 	 6.973551798557767e-05 
21.14 	 5.36679822094143e-05 
21.16 	 4.1047774108598656e-05 
21.18 	 3.118412271984317e-05 
21.2 	 2.3514549366177124e-05 
21.22 	 1.7584285722352434e-05 
21.24 	 1.3028460269333944e-05 
21.26 	 9.554744356316685e-06 
21.28 	 6.929276286729917e-06 
21.3 	 4.964826750213457e-06 
21.32 	 3.5116191677225675e-06 
21.34 	 2.450085790946307e-06 
21.36 	 1.685297615481404e-06 
21.38 	 1.1424682485305949e-06 
21.4 	 7.634209695685441e-07 
21.42 	 5.035071277282522e-07 
21.44 	 3.29177409922697e-07 
21.46 	 2.1593834081574437e-07 
21.48 	 1.463806830673553e-07 
21.5 	 1.0899259774631108e-07 
21.52 	 9.714368589524402e-08 
21.54 	 1.0796917040787219e-07 
21.56 	 1.4292691717483756e-07 
21.58 	 2.0634207761475785e-07 
21.6 	 3.064716428697576e-07 
21.62 	 4.5564427529038954e-07 
21.64 	 6.701382047465103e-07 
21.66 	 9.708080786665793e-07 
21.68 	 1.3830212355475424e-06 
21.7 	 1.9363627526667905e-06 
21.72 	 2.6639446474270506e-06 
21.74 	 3.600920406160707e-06 
21.76 	 4.78247771645216e-06 
21.78 	 6.240909803242008e-06 
21.8 	 8.00214901776119e-06 
21.82 	 1.0081896505696018e-05 
21.84 	 1.248154609081773e-05 
21.86 	 1.5184645179341671e-05 
21.88 	 1.815408688406425e-05 
21.9 	 2.1330997935962172e-05 
21.92 	 2.4635246442737552e-05 
21.94 	 2.796858841434646e-05 
21.96 	 3.1219621927858524e-05 
21.98 	 3.4271369299072176e-05 
22.0 	 3.700968800845299e-05 
22.02 	 3.9332989613837466e-05 
22.04 	 4.1160871923483554e-05 
22.06 	 4.2441865987001146e-05 
22.08 	 4.315814328432083e-05 
22.1 	 4.332742534774653e-05 
22.12 	 4.3001045763131705e-05 
22.14 	 4.225871649365647e-05 
22.16 	 4.12004307441152e-05 
22.18 	 3.9936322700506486e-05 
22.2 	 3.857605072359555e-05 
22.22 	 3.7218413182374865e-05 
22.24 	 3.594301011164714e-05 
22.26 	 3.4804135039259317e-05 
22.28 	 3.3828084338216195e-05 
22.3 	 3.301336877037387e-05 
22.32 	 3.2334053675423636e-05 
22.34 	 3.174516045969815e-05 
22.36 	 3.118967527690487e-05 
22.38 	 3.060595581378314e-05 
22.4 	 2.9934934525901933e-05 
22.42 	 2.9126172133068038e-05 
22.44 	 2.8142491975445228e-05 
22.46 	 2.696266811392571e-05 
22.48 	 2.5582435095301937e-05 
22.5 	 2.4013624650604132e-05 
22.52 	 2.228215307452307e-05 
22.54 	 2.0424783893761873e-05 
22.56 	 1.8485597667000553e-05 
22.58 	 1.6512063387733786e-05 
22.6 	 1.4551561857939779e-05 
22.62 	 1.264815662014326e-05 
22.64 	 1.0840251677940352e-05 
22.66 	 9.15881238562755e-06 
22.68 	 7.62652362581707e-06 
22.7 	 6.2575430029336e-06 
22.72 	 5.05795657035415e-06 
22.74 	 4.026657994836654e-06 
22.76 	 3.1565851170855276e-06 
22.78 	 2.4361233914015467e-06 
22.8 	 1.8505208478439426e-06 
22.82 	 1.3832821053355158e-06 
22.84 	 1.0173248761116436e-06 
22.86 	 7.359499321036606e-07 
22.88 	 5.235590365755816e-07 
22.9 	 3.662928507710056e-07 
22.92 	 2.518913374003316e-07 
22.94 	 1.7022579399937187e-07 
22.96 	 1.1323902125336724e-07 
22.98 	 7.375698489406456e-08 
23.0 	 4.7706993203109864e-08 
23.02 	 2.9802322387695312e-08 
23.04 	 1.8250120749944284e-08 
23.06 	 1.2904784139758924e-08 
23.08 	 7.450580596923828e-09 
23.1 	 7.450580596923828e-09 
23.12 	 0.0 
23.14 	 0.0 
23.16 	 0.0 
23.18 	 0.0 
23.2 	 0.0 
23.22 	 0.0 
23.24 	 0.0 
23.26 	 0.0 
23.28 	 0.0 
23.3 	 7.450580596923828e-09 
23.32 	 1.0536712127723509e-08 
23.34 	 1.2904784139758924e-08 
23.36 	 1.4901161193847656e-08 
23.38 	 1.971238338250362e-08 
23.4 	 2.8855974571462102e-08 
23.42 	 4.148307712994532e-08 
23.44 	 6.143906154658885e-08 
23.46 	 9.275898037842462e-08 
23.48 	 1.4156103134155273e-07 
23.5 	 2.164518691053085e-07 
23.52 	 3.2959873021535075e-07 
23.54 	 4.972390447099085e-07 
23.56 	 7.410238241646502e-07 
23.58 	 1.0885499686199204e-06 
23.6 	 1.5737665120611223e-06 
23.62 	 2.237408236785328e-06 
23.64 	 3.1261023863043923e-06 
23.66 	 4.29110107825128e-06 
23.68 	 5.785768019164814e-06 
23.7 	 7.66209174133326e-06 
23.72 	 9.96620084126939e-06 
23.74 	 1.2733183926814666e-05 
23.76 	 1.598151622117291e-05 
23.78 	 1.9707957455568167e-05 
23.8 	 2.3883148430758425e-05 
23.82 	 2.844927786824799e-05 
23.84 	 3.33194837458315e-05 
23.86 	 3.838065406867487e-05 
23.88 	 4.3498064353553346e-05 
23.9 	 4.85236294647667e-05 
23.92 	 5.330471949827096e-05 
23.94 	 5.7695380068502944e-05 
23.96 	 6.156582592654128e-05 
23.98 	 6.481227514675515e-05 
24.0 	 6.736295837645473e-05 
24.02 	 6.918262841305672e-05 
24.04 	 7.027256885074682e-05 
24.06 	 7.06684349011999e-05 
24.08 	 7.04347330871858e-05 
24.1 	 6.965777155267208e-05 
24.12 	 6.84375440083653e-05 
24.14 	 6.687936512622112e-05 
24.16 	 6.508668490384403e-05 
24.18 	 6.31546815130538e-05 
24.2 	 6.116629456380582e-05 
24.22 	 5.918929691746941e-05 
24.24 	 5.727586816288477e-05 
24.26 	 5.546277753865533e-05 
24.28 	 5.3773359596566806e-05 
24.3 	 5.221940050141269e-05 
24.32 	 5.0803935145915776e-05 
24.34 	 4.952342860139893e-05 
24.36 	 4.837024457663697e-05 
24.38 	 4.7334332487988386e-05 
24.4 	 4.6404980533565575e-05 
24.42 	 4.5571954175181116e-05 
24.44 	 4.482680994517606e-05 
24.46 	 4.416395108714462e-05 
24.48 	 4.358213155738991e-05 
24.5 	 4.3086118163696744e-05 
24.52 	 4.268905454225843e-05 
24.54 	 4.2415323634371905e-05 
24.56 	 4.2304201113469764e-05 
24.58 	 4.241403580258409e-05 
24.6 	 4.282691330160863e-05 
24.62 	 4.365337580963806e-05 
24.64 	 4.503654050230569e-05 
24.66 	 4.7155172525321095e-05 
24.68 	 5.0224237251044486e-05 
24.7 	 5.4492967876077746e-05 
24.72 	 6.023816022483244e-05 
24.74 	 6.775455091826348e-05 
24.76 	 7.733909665260797e-05 
24.78 	 8.927525812740243e-05 
24.8 	 0.00010381220214287454 
24.82 	 0.00012115266245161285 
24.84 	 0.0001414389401424629 
24.86 	 0.0001647625035271531 
24.88 	 0.00019117346768344787 
24.9 	 0.0002207319675735694 
24.92 	 0.00025355186963252563 
24.94 	 0.00028990206670803897 
24.96 	 0.0003302734298890544 
24.98 	 0.00037551199218064095 
25.0 	 0.000426863515798072 
25.02 	 0.00048609190233759583 
25.04 	 0.0005554217490648404 
25.06 	 0.0006375887257127007 
25.08 	 0.0007355865517251312 
25.1 	 0.0008526399249741621 
25.12 	 0.0009916809501459485 
25.14 	 0.0011553437593071793 
25.16 	 0.0013451369871241568 
25.18 	 0.0015617097470342258 
25.2 	 0.0018037188108484471 
25.22 	 0.0020687337057192267 
25.24 	 0.002351791622816371 
25.26 	 0.002647285871038252 
25.28 	 0.0029471726421322723 
25.3 	 0.003243944168384519 
25.32 	 0.0035284571262128926 
25.34 	 0.003793675276512515 
25.36 	 0.004032171473354887 
25.38 	 0.004239938004038035 
25.4 	 0.004413737717976814 
25.42 	 0.0045541833083409915 
25.44 	 0.004663185695148326 
25.46 	 0.004745812615466968 
25.48 	 0.004808045199041056 
25.5 	 0.004857493458497704 
25.52 	 0.004901552810491596 
25.54 	 0.00494756001241645 
25.56 	 0.0050013112427574734 
25.58 	 0.005067427231231243 
25.6 	 0.005148096159662896 
25.62 	 0.00524423530716905 
25.64 	 0.0053542589458233794 
25.66 	 0.005476215617616008 
25.68 	 0.0056063532436196216 
25.7 	 0.0057419859591593915 
25.72 	 0.005879644652233724 
25.74 	 0.0060181800948390166 
25.76 	 0.0061563445447859145 
25.78 	 0.006295693882130109 
25.8 	 0.006437523873877611 
25.82 	 0.006585481363308489 
25.84 	 0.006741856142268798 
25.86 	 0.006910265319930706 
25.88 	 0.007091368198029288 
25.9 	 0.007286264573308304 
25.92 	 0.0074917564388024376 
25.94 	 0.007704978472888204 
25.96 	 0.007918400284979041 
25.98 	 0.008125666169468365 
26.0 	 0.008316659139333054 
26.02 	 0.008483786014521585 
26.04 	 0.008617615000313605 
26.06 	 0.008712278266251264 
26.08 	 0.00876234797994473 
26.1 	 0.008765990091783029 
26.12 	 0.008723694261327462 
26.14 	 0.008638391758256087 
26.16 	 0.008516320932583935 
26.18 	 0.008364253384560351 
26.2 	 0.008192261422686321 
26.22 	 0.008009015277755974 
26.24 	 0.00782574708234961 
26.26 	 0.0076509425946781374 
26.28 	 0.007494555441843743 
26.3 	 0.007363295606684443 
26.32 	 0.0072641848119695185 
26.34 	 0.007201268170972017 
26.36 	 0.007177834633915186 
26.38 	 0.007194998231270129 
26.4 	 0.007252205596102439 
26.42 	 0.00734785820900232 
26.44 	 0.007477991072768565 
26.46 	 0.007638905101850412 
26.48 	 0.007824096481417261 
26.5 	 0.00802866934055085 
26.52 	 0.008244755290803703 
26.54 	 0.008467264337293664 
26.56 	 0.008688201049462482 
26.58 	 0.008903132578203724 
26.6 	 0.009104980713190894 
26.62 	 0.009290496058686702 
26.64 	 0.009454226897978412 
26.66 	 0.00959430627717093 
26.68 	 0.009707298975264513 
26.7 	 0.009792716036015468 
26.72 	 0.00984929417583955 
26.74 	 0.009877829848256572 
26.76 	 0.009879189820291956 
26.78 	 0.009855293579958221 
26.8 	 0.009808866310178254 
26.82 	 0.009742672250415606 
26.84 	 0.009660773887641692 
26.86 	 0.009566376652964621 
26.88 	 0.009464191921827491 
26.9 	 0.009357426851078607 
26.92 	 0.009250770627742667 
26.94 	 0.009147109504829139 
26.96 	 0.009050648053733387 
26.98 	 0.008963860070243572 
27.0 	 0.008890292084672591 
27.02 	 0.008832135727113057 
27.04 	 0.008792316055709765 
27.06 	 0.008772962994671549 
27.08 	 0.008776446470267782 
27.1 	 0.008804977840629542 
27.12 	 0.008860303272049475 
27.14 	 0.008944676742792515 
27.16 	 0.009058948668130123 
27.18 	 0.009205184069538696 
27.2 	 0.009382885401597513 
27.22 	 0.009593547639153566 
27.24 	 0.009834762184366137 
27.26 	 0.01010698268422698 
27.28 	 0.010405323798446414 
27.3 	 0.010728727672581177 
27.32 	 0.011069448366984957 
27.34 	 0.011424603757724064 
27.36 	 0.011783651510802972 
27.38 	 0.012141930113071596 
27.4 	 0.01248687776022729 
27.42 	 0.012812617941188714 
27.44 	 0.013106181544993085 
27.46 	 0.013361597097770598 
27.48 	 0.013567791484207961 
27.5 	 0.013720226309568956 
27.52 	 0.013812243920505313 
27.54 	 0.013842306552978089 
27.56 	 0.013810134325238085 
27.58 	 0.013718221740810221 
27.6 	 0.013573202363223711 
27.62 	 0.013381478773879026 
27.64 	 0.01315514246042696 
27.66 	 0.012902904276063621 
27.68 	 0.01263904333834843 
27.7 	 0.012371832346066949 
27.72 	 0.012113709930777273 
27.74 	 0.011869633445574216 
27.76 	 0.011646975652758499 
27.78 	 0.011445644603323164 
27.8 	 0.011266842142100535 
27.82 	 0.01110568269889741 
27.84 	 0.010958608302589634 
27.86 	 0.010818102953459205 
27.88 	 0.01067903521656098 
27.9 	 0.010534328442845001 
27.92 	 0.010380719660659222 
27.94 	 0.010214139001675447 
27.96 	 0.010035335458035132 
27.98 	 0.009844212720040097 
28.0 	 0.009645550528544853 
28.02 	 0.009442345470927904 
28.04 	 0.009241579677682712 
28.06 	 0.009047292026079257 
28.08 	 0.008866136248654474 
28.1 	 0.008701136584906184 
28.12 	 0.008556687271710536 
28.14 	 0.008433700384078485 
28.16 	 0.008333714851277546 
28.18 	 0.008255662834128314 
28.2 	 0.00819884990846917 
28.22 	 0.008161151602480833 
28.24 	 0.008140774891726857 
28.26 	 0.008135520585711273 
28.28 	 0.008143406839450255 
28.3 	 0.008162682112172592 
28.32 	 0.00819153137870786 
28.34 	 0.008228665599292797 
28.36 	 0.008272392429823605 
28.38 	 0.008321703567738509 
28.4 	 0.008374962154260401 
28.42 	 0.008431403652878653 
28.44 	 0.008489603234905772 
28.46 	 0.008549244132416799 
28.48 	 0.008609431573530803 
28.5 	 0.008670557358697354 
28.52 	 0.00873246101782372 
28.54 	 0.008796289683701646 
28.56 	 0.00886247893908838 
28.58 	 0.008932649438242287 
28.6 	 0.009007369201322432 
28.62 	 0.009088255492709115 
28.64 	 0.00917546249333596 
28.66 	 0.009270187378298298 
28.68 	 0.009371798832391908 
28.7 	 0.009480868311743473 
28.72 	 0.009595844111768453 
28.74 	 0.009716603410557073 
28.76 	 0.009840629001252163 
28.78 	 0.009966977974769581 
28.8 	 0.010092062459217493 
28.82 	 0.010213869450017078 
28.84 	 0.010327664664941382 
28.86 	 0.010430211520653638 
28.88 	 0.010515939080321585 
28.9 	 0.010580725817801758 
28.92 	 0.010619203561191554 
28.94 	 0.010627422545865602 
28.96 	 0.010601922196679298 
28.98 	 0.01054044839377865 
29.0 	 0.010443178847282695 
29.02 	 0.010310835586574904 
29.04 	 0.010148055358505348 
29.06 	 0.00995879865731825 
29.08 	 0.00975143068429884 
29.1 	 0.00953207816770655 
29.12 	 0.00931068838787655 
29.14 	 0.009093560233374022 
29.16 	 0.008889568966288192 
29.18 	 0.008703210828255072 
29.2 	 0.008540293331036826 
29.22 	 0.008402469197876183 
29.24 	 0.008291893105159494 
29.26 	 0.008207618920114184 
29.28 	 0.008148926822660834 
29.3 	 0.008113423413566825 
29.32 	 0.008098924339340011 
29.34 	 0.008102827530552116 
29.36 	 0.008122609603193902 
29.38 	 0.008156060602159492 
29.4 	 0.00820062161647625 
29.42 	 0.008254249518572123 
29.44 	 0.008313965629319246 
29.46 	 0.00837726916263538 
29.48 	 0.00844034786084983 
29.5 	 0.008499930458414465 
29.52 	 0.008551608247904727 
29.54 	 0.008591802000419398 
29.56 	 0.008616564904895062 
29.58 	 0.008623093063307299 
29.6 	 0.008609257975853993 
29.62 	 0.008574035796876945 
29.64 	 0.008517894955091542 
29.66 	 0.008441778795776242 
29.68 	 0.008348383798240369 
29.7 	 0.00823979766448479 
29.72 	 0.008119647389648738 
29.74 	 0.007989890302948265 
29.76 	 0.007853755381131373 
29.78 	 0.007712269316238099 
29.8 	 0.007567822937077319 
29.82 	 0.007420788580791443 
29.84 	 0.00727342500699658 
29.86 	 0.007126641503645157 
29.88 	 0.0069838637501726695 
29.9 	 0.006847889776179142 
29.92 	 0.0067243146107709185 
29.94 	 0.006618582450203384 
29.96 	 0.006538574234777391 
29.98 	 0.006492245973544909 
30.0 	 0.0064889293237610345 
30.02 	 0.006538166314478279 
30.04 	 0.006649099710780846 
30.06 	 0.006831242960377831 
30.08 	 0.007091090030109034 
30.1 	 0.007435761045866194 
30.12 	 0.007865769170399 
30.14 	 0.008382879156008239 
30.16 	 0.008977969731343217 
30.18 	 0.009644798957145198 
30.2 	 0.010362240783160805 
30.22 	 0.011115305303910987 
30.24 	 0.011871928771606824 
30.26 	 0.01261087139274475 
30.28 	 0.01329488073815023 
30.3 	 0.01390206446268056 
30.32 	 0.014399332727198271 
30.34 	 0.014770856912060466 
30.36 	 0.014997171766521288 
30.38 	 0.015073439028099378 
30.4 	 0.014999184240722527 
30.42 	 0.014781489161516451 
30.44 	 0.014437732822006371 
30.46 	 0.01398360378562861 
30.48 	 0.013447588242734334 
30.5 	 0.012848217703925106 
30.52 	 0.012216241393169529 
30.54 	 0.011567529749317062 
30.56 	 0.010928003754910742 
30.58 	 0.010307748830514052 
30.6 	 0.009724667102543768 
30.62 	 0.009182974417792807 
30.64 	 0.008693219272023434 
30.66 	 0.008256068032291888 
30.68 	 0.007877849758165903 
30.7 	 0.007559211114748751 
30.72 	 0.007306204754866993 
30.74 	 0.007123001634204326 
30.76 	 0.0070186785650029355 
30.78 	 0.00700338361004228 
30.8 	 0.007090564624810224 
30.82 	 0.007296606547413073 
30.84 	 0.007637475509879966 
30.86 	 0.008132981328170957 
30.88 	 0.008795762472977956 
30.9 	 0.00964319870626911 
30.92 	 0.010675270921730744 
30.94 	 0.011899663337655119 
30.96 	 0.013293470150308398 
30.98 	 0.014849107055910573 
31.0 	 0.016514194116817062 
31.02 	 0.018265177706842703 
31.04 	 0.020022197414541008 
31.06 	 0.02175120310376614 
31.08 	 0.023358050914912765 
31.1 	 0.024808219554535257 
31.12 	 0.02601544382316672 
31.14 	 0.02695548744457679 
31.16 	 0.027573567216330735 
31.18 	 0.02786308015364315 
31.2 	 0.027815919934927505 
31.22 	 0.027444364033847247 
31.24 	 0.026786939170804075 
31.26 	 0.025869661069973585 
31.28 	 0.02476287832634722 
31.3 	 0.02349704187319659 
31.32 	 0.022152272922071455 
31.34 	 0.020753857218451636 
31.36 	 0.019372138719978466 
31.38 	 0.01802098205798506 
31.4 	 0.01675022016975675 
31.42 	 0.015560978179358918 
31.44 	 0.014481269310810563 
31.46 	 0.0135022025174967 
31.48 	 0.012634702245732708 
31.5 	 0.011864361761398035 
31.52 	 0.011191618669614697 
31.54 	 0.010600738284322588 
31.56 	 0.010087343697496413 
31.58 	 0.009637174008243016 
31.6 	 0.00924474853082653 
31.62 	 0.008898582081720717 
31.64 	 0.008593958205164226 
31.66 	 0.008322344329172145 
31.68 	 0.008080359524209277 
31.7 	 0.007861944621863815 
31.72 	 0.007664891625639817 
31.74 	 0.007484874967050015 
31.76 	 0.007320410185844634 
31.78 	 0.007168191452459235 
31.8 	 0.00702702642733566 
31.82 	 0.00689410842747426 
31.84 	 0.006768279866562938 
31.86 	 0.0066469561046455395 
31.88 	 0.006528962758173913 
31.9 	 0.00641187744703329 
31.92 	 0.0062946337962464655 
31.94 	 0.006175088028616287 
31.96 	 0.006052547137417914 
31.98 	 0.005925405942082538 
32.0 	 0.005793704010578551 
32.02 	 0.00565671704927619 
32.04 	 0.005515564275203269 
32.06 	 0.005370688192882206 
32.08 	 0.005224439701827126 
32.1 	 0.005078456568581428 
32.12 	 0.004936084267101697 
32.14 	 0.0047997607968680725 
32.16 	 0.004673118627729485 
32.18 	 0.004558572122683578 
32.2 	 0.004458997308991211 
32.22 	 0.0043757589893791814 
32.24 	 0.004309956100154231 
32.26 	 0.004261089213274234 
32.28 	 0.00422794366974231 
32.3 	 0.004207975698850858 
32.32 	 0.004197943385834815 
32.34 	 0.004193903747200206 
32.36 	 0.0041916892223770475 
32.38 	 0.004187223963385786 
32.4 	 0.004176914103377834 
32.42 	 0.00415790215136575 
32.44 	 0.004128427825989889 
32.46 	 0.004087709180812757 
32.48 	 0.004036339395893962 
32.5 	 0.003975689039324037 
32.52 	 0.003908404840636989 
32.54 	 0.003837462726572415 
32.56 	 0.0037668018888816867 
32.58 	 0.003700308603409878 
32.6 	 0.003642551593198961 
32.62 	 0.003597996718330255 
32.64 	 0.003571717634385188 
32.66 	 0.0035690652976213995 
32.68 	 0.0035961068892378387 
32.7 	 0.003659877699962086 
32.72 	 0.0037681318988347897 
32.74 	 0.003930284791245046 
32.76 	 0.004155831501529476 
32.78 	 0.0044562740917897786 
32.8 	 0.0048412848310126835 
32.82 	 0.00532245093559696 
32.84 	 0.005905916168572266 
32.86 	 0.0065997183962126175 
32.88 	 0.007401207042426457 
32.9 	 0.008310853881876312 
32.92 	 0.009312317513359071 
32.94 	 0.010396180335530926 
32.96 	 0.011530586679867191 
32.98 	 0.012697394133239937 
33.0 	 0.013852625929346647 
33.02 	 0.014974375715448704 
33.04 	 0.01601528243110739 
33.06 	 0.016956836072053925 
33.08 	 0.017759838726767178 
33.1 	 0.01841574466992939 
33.12 	 0.01890351341700357 
33.14 	 0.019227927555944345 
33.16 	 0.019390454198212607 
33.18 	 0.01940814163140403 
33.2 	 0.019302038136725052 
33.22 	 0.019096573414254196 
33.24 	 0.018823789826132798 
33.26 	 0.018508764716959645 
33.28 	 0.018183998080531946 
33.3 	 0.017868927778075142 
33.32 	 0.01758768020183196 
33.34 	 0.01734982771867339 
33.36 	 0.017166045439534157 
33.38 	 0.01703441274550858 
33.4 	 0.016951155574921172 
33.42 	 0.016903600282435118 
33.44 	 0.016876052591293583 
33.46 	 0.016847765243991786 
33.48 	 0.016796486829669142 
33.5 	 0.016697672351166967 
33.52 	 0.0165298856787552 
33.54 	 0.01627019521181581 
33.56 	 0.015905906007421415 
33.58 	 0.015421255434078589 
33.6 	 0.014818453378983387 
33.62 	 0.014092976037415494 
33.64 	 0.013263839460791543 
33.66 	 0.012338617746820773 
33.68 	 0.01134950947203832 
33.7 	 0.010313058307237166 
33.72 	 0.009266609501888871 
33.74 	 0.00822954704680984 
33.76 	 0.00723514889618418 
33.78 	 0.006299030932094148 
33.8 	 0.005443653625441249 
33.82 	 0.004676490628599072 
33.84 	 0.004006986748205825 
33.86 	 0.0034337163896271715 
33.88 	 0.0029551886878684125 
33.9 	 0.0025634234879974645 
33.92 	 0.0022503996258488724 
33.94 	 0.0020052775331414817 
33.96 	 0.0018179860702926462 
33.98 	 0.0016780815150080847 
34.0 	 0.001576526889281887 
34.02 	 0.0015051112149730857 
34.04 	 0.0014571470575542424 
34.06 	 0.0014270482661800094 
34.08 	 0.0014104558061304542 
34.1 	 0.0014039086740638938 
34.12 	 0.0014047387463236242 
34.14 	 0.0014108644213104242 
34.16 	 0.0014206445863531876 
34.18 	 0.0014328033797877306 
34.2 	 0.0014463134207306548 
34.22 	 0.0014604156922199867 
34.24 	 0.0014745304295289386 
34.26 	 0.0014883159385550974 
34.28 	 0.0015015828824230615 
34.3 	 0.0015143484836167597 
34.32 	 0.0015267391237614079 
34.34 	 0.00153902635281735 
34.36 	 0.0015515199509605908 
34.38 	 0.0015645981523930157 
34.4 	 0.001578601683719801 
34.42 	 0.0015938800056011326 
34.44 	 0.0016106924235608866 
34.46 	 0.0016292859161011481 
34.48 	 0.001649798615221558 
34.5 	 0.001672372956475776 
34.52 	 0.0016970491647458569 
34.54 	 0.0017239107624793528 
34.56 	 0.0017529568160796747 
34.58 	 0.001784279437172663 
34.6 	 0.001817910902552547 
34.62 	 0.0018540394621547518 
34.64 	 0.001892830887233702 
34.66 	 0.0019346895649572514 
34.68 	 0.0019800433185421158 
34.7 	 0.002029647705130184 
34.72 	 0.0020842990894418237 
34.74 	 0.0021451732670869214 
34.76 	 0.0022134114175589082 
34.78 	 0.002290502085699253 
34.8 	 0.002377688107173667 
34.82 	 0.0024764543924904203 
34.84 	 0.0025877325386811302 
34.86 	 0.002712623902753537 
34.88 	 0.002851403678077713 
34.9 	 0.00300464070458054 
34.92 	 0.0031719837913269477 
34.94 	 0.0033537997452804122 
34.96 	 0.0035496453821850307 
34.98 	 0.003760452118292621 
35.0 	 0.003986473920529266 
35.02 	 0.004229981576187322 
35.04 	 0.004492379493766325 
35.06 	 0.004777431492138777 
35.08 	 0.005087192779326227 
35.1 	 0.005426009173484424 
35.12 	 0.005794916665632457 
35.14 	 0.00619696632433993 
35.16 	 0.006629791320889805 
35.18 	 0.007093033791502574 
35.2 	 0.007578886947583783 
35.22 	 0.008082308993101594 
35.24 	 0.008589590345848042 
35.26 	 0.00909145501881767 
35.28 	 0.009570164197394973 
35.3 	 0.010014553531793424 
35.32 	 0.010406832789910479 
35.34 	 0.010737449867607569 
35.36 	 0.010993333683210461 
35.38 	 0.01116984110175841 
35.4 	 0.011262335686964657 
35.42 	 0.011272894301924949 
35.44 	 0.011206581616112226 
35.46 	 0.011072061366765343 
35.48 	 0.010882850357670722 
35.5 	 0.01065285193376921 
35.52 	 0.010401672963422738 
35.54 	 0.010147519280169045 
35.56 	 0.009914692231095604 
35.58 	 0.009726795554598915 
35.6 	 0.00961380553026615 
35.62 	 0.009608361913085407 
35.64 	 0.009748972289000346 
35.66 	 0.010082136654387317 
35.68 	 0.010656661237148578 
35.7 	 0.011535906225132224 
35.72 	 0.012774739381341136 
35.74 	 0.014451516983859623 
35.76 	 0.01661183369915276 
35.78 	 0.019341959758383594 
35.8 	 0.022649325427215632 
35.82 	 0.02662016697940421 
35.84 	 0.031184470729223843 
35.86 	 0.03642739417059269 
35.88 	 0.04216239799823248 
35.9 	 0.04848531206811468 
35.92 	 0.05507108137188038 
35.94 	 0.06204901408121385 
35.96 	 0.06896815050696709 
35.98 	 0.0760151570968487 
36.0 	 0.08266822970016244 
36.02 	 0.0891844418465528 
36.04 	 0.09505651092654319 
36.06 	 0.10060832431904057 
36.08 	 0.10542925397910832 
36.1 	 0.10989237896451447 
36.12 	 0.11372197154043269 
36.14 	 0.11731549921972051 
36.16 	 0.12050389964372672 
36.18 	 0.12368423888593001 
36.2 	 0.12671304830791608 
36.22 	 0.1299699334433986 
36.24 	 0.1332465972551634 
36.26 	 0.1369025537806755 
36.28 	 0.14060980144201826 
36.3 	 0.14471837612988667 
36.32 	 0.14878088259642075 
36.34 	 0.15314886382926257 
36.36 	 0.15730082081756883 
36.38 	 0.1615835548148668 
36.4 	 0.16546735987316155 
36.42 	 0.1692607426286068 
36.44 	 0.17249396648232587 
36.46 	 0.1753809253243668 
36.48 	 0.1775797987881659 
36.5 	 0.1791482904667679 
36.52 	 0.17994612412044256 
36.54 	 0.17983175249953295 
36.56 	 0.17894165299433085 
36.58 	 0.17693272924095582 
36.6 	 0.17426849528482705 
36.62 	 0.17045441180622883 
36.64 	 0.16626582879629756 
36.66 	 0.16114971533374406 
36.68 	 0.15608567440283147 
36.7 	 0.15056385971905406 
36.72 	 0.14558274925288645 
36.74 	 0.14074458423625213 
36.76 	 0.13686209255356185 
36.78 	 0.1336670523132709 
36.8 	 0.13163288683551588 
36.82 	 0.1306013514683755 
36.84 	 0.13064601788347185 
36.86 	 0.13168687935564094 
36.88 	 0.1334353100997161 
36.9 	 0.13585447726673744 
36.92 	 0.1384188872285023 
36.94 	 0.14108822453679193 
36.96 	 0.14329777785010692 
36.98 	 0.14494070569563416 
37.0 	 0.1456482712270166 
37.02 	 0.14518578076733873 
37.04 	 0.14358481684178642 
37.06 	 0.1404599981558833 
37.08 	 0.1363312273775919 
37.1 	 0.13070165275262535 
37.12 	 0.12449716977804087 
37.14 	 0.11719028472772867 
37.16 	 0.10988642530405897 
37.18 	 0.10209803369879802 
37.2 	 0.09484728644269452 
37.22 	 0.08771472204151362 
37.24 	 0.08146186775786306 
37.26 	 0.07573515705911124 
37.28 	 0.07099356604816509 
37.3 	 0.0669435190345686 
37.32 	 0.06379761868387457 
37.34 	 0.06132223157602444 
37.36 	 0.05956966350813659 
37.38 	 0.05836581688100738 
37.4 	 0.05767324796223833 
37.42 	 0.057369639788316114 
37.44 	 0.057371202516262584 
37.46 	 0.057591998287552904 
37.48 	 0.057926774079372224 
37.5 	 0.05830798190751068 
37.52 	 0.058628834132705906 
37.54 	 0.05882582826232271 
37.56 	 0.05881443860368187 
37.58 	 0.05852879741758305 
37.6 	 0.05793405107965374 
37.62 	 0.05696442322997372 
37.64 	 0.055656944419500906 
37.66 	 0.05395437698653525 
37.68 	 0.05197065348659698 
37.7 	 0.04966540899765231 
37.72 	 0.04721055618190236 
37.74 	 0.044584281248265314 
37.76 	 0.04197855448719818 
37.78 	 0.03938271988444385 
37.8 	 0.03696722446251276 
37.82 	 0.03472028593014452 
37.84 	 0.032762079301485614 
37.86 	 0.03107027798102922 
37.88 	 0.029706717149085106 
37.9 	 0.028637257982046936 
37.92 	 0.027874886753611907 
37.94 	 0.027380220690807883 
37.96 	 0.027135604143689405 
37.98 	 0.027106861757771706 
38.0 	 0.027264629893313116 
38.02 	 0.027590555295547766 
38.04 	 0.02805896914195308 
38.06 	 0.028676534797630493 
38.08 	 0.029431405024001475 
38.1 	 0.030362576884842535 
38.12 	 0.03147477340500616 
38.14 	 0.03284338505032152 
38.16 	 0.03448094899976152 
38.18 	 0.036497307955311156 
38.2 	 0.038887809512593935 
38.22 	 0.041787034462298325 
38.24 	 0.045131004780045635 
38.26 	 0.049063890756812174 
38.28 	 0.05341144144864538 
38.3 	 0.05831290375362017 
38.32 	 0.06344423019930205 
38.34 	 0.06892993042346338 
38.36 	 0.0742967914521661 
38.38 	 0.07964578541266554 
38.4 	 0.08442062590288574 
38.42 	 0.0886826518706698 
38.44 	 0.09192699240765341 
38.46 	 0.09415170830811691 
38.48 	 0.09507062958064451 
38.5 	 0.09460372199143827 
38.52 	 0.09281269139828308 
38.54 	 0.08955465481553057 
38.56 	 0.08525682074591387 
38.58 	 0.07975781628913294 
38.6 	 0.07373074148438716 
38.62 	 0.06703729118806934 
38.64 	 0.06039282172371425 
38.66 	 0.053689789003828536 
38.68 	 0.04750321317997365 
38.7 	 0.04173551215689056 
38.72 	 0.03673972861039091 
38.74 	 0.03240944045266885 
38.76 	 0.028897163509058268 
38.78 	 0.026089243105281275 
38.8 	 0.02400946065665994 
38.82 	 0.02255336378016832 
38.84 	 0.021685567742462872 
38.86 	 0.02132705149775802 
38.88 	 0.02142576823418573 
38.9 	 0.02193444961183511 
38.92 	 0.022798769903200254 
38.94 	 0.023999276676316985 
38.96 	 0.025475738028585652 
38.98 	 0.02722804640668224 
39.0 	 0.029180767940437915 
39.02 	 0.031346835258770744 
39.04 	 0.03363051893757507 
39.06 	 0.03605746723507984 
39.08 	 0.03851555878896596 
39.1 	 0.0410481916110503 
39.12 	 0.043538223098238966 
39.14 	 0.0460529208085059 
39.16 	 0.0484819736012576 
39.18 	 0.050918239058045385 
39.2 	 0.0532619728120125 
39.22 	 0.05562525900854737 
39.24 	 0.05791016499881539 
39.26 	 0.06023396050816108 
39.28 	 0.0624835193679445 
39.3 	 0.06476423153911963 
39.32 	 0.06693454466681609 
39.34 	 0.06907417466142077 
39.36 	 0.07101692650610014 
39.38 	 0.0728104924523945 
39.4 	 0.07429074513776228 
39.42 	 0.07547463692013599 
39.44 	 0.07624304486456485 
39.46 	 0.07658851906304696 
39.48 	 0.07647835564537772 
39.5 	 0.07588897675476641 
39.52 	 0.07489379568953389 
39.54 	 0.07346063208363839 
39.56 	 0.07175590629826238 
39.58 	 0.06974349094302339 
39.6 	 0.0676418948948186 
39.62 	 0.06541198905791085 
39.64 	 0.06327338098511764 
39.66 	 0.06118227045597776 
39.68 	 0.05931735430664875 
39.7 	 0.05762805867640251 
39.72 	 0.05622951956144613 
39.74 	 0.05506356975161534 
39.76 	 0.05417880989249579 
39.78 	 0.05351072642731759 
39.8 	 0.05305341612910054 
39.82 	 0.05273961852490088 
39.84 	 0.052530816115570096 
39.86 	 0.05236274816095054 
39.88 	 0.052190900205435965 
39.9 	 0.051960714175886845 
39.92 	 0.05164658078684107 
39.94 	 0.05120912087053004 
39.96 	 0.050657529160316836 
39.98 	 0.04996960412011019 
40.0 	 0.04919122382783069 
40.02 	 0.048314881850742564 
40.04 	 0.047411485304587914 
40.06 	 0.04648229406564789 
40.08 	 0.04560415404811669 
40.1 	 0.04478036221388612 
40.12 	 0.044075308399019644 
40.14 	 0.04348949782398738 
40.16 	 0.043062880251564115 
40.18 	 0.04279143650107158 
40.2 	 0.04268645931311183 
40.22 	 0.04274014413920021 
40.24 	 0.04293696489486813 
40.26 	 0.043267088504018406 
40.28 	 0.04369379250052537 
40.3 	 0.04420688594310347 
40.32 	 0.044756451152183956 
40.34 	 0.045333131177856506 
40.36 	 0.04588337175534294 
40.38 	 0.04639926823521912 
40.4 	 0.046833550699325745 
40.42 	 0.047179605925241785 
40.44 	 0.04740487833397215 
40.46 	 0.04750293369764381 
40.48 	 0.04746114300026447 
40.5 	 0.04727151902811607 
40.52 	 0.046942792716453435 
40.54 	 0.046464042001103344 
40.56 	 0.045863806279144756 
40.58 	 0.04512826314478192 
40.6 	 0.044302499525004764 
40.62 	 0.04337157504830114 
40.64 	 0.042392854258645044 
40.66 	 0.04135301313218037 
40.68 	 0.0403162809814633 
40.7 	 0.03927310700297894 
40.72 	 0.038287677023189894 
40.74 	 0.03735439670924604 
40.76 	 0.03652921684199697 
40.78 	 0.03580821069383724 
40.8 	 0.03523074722148675 
40.82 	 0.03479053201611848 
40.84 	 0.03450378996283352 
40.86 	 0.03435785409005453 
40.88 	 0.03434338372678104 
40.9 	 0.03443951369541506 
40.92 	 0.0346150567815427 
40.94 	 0.03484275164179642 
40.96 	 0.03507984383960776 
40.98 	 0.035297875936397945 
41.0 	 0.035457081804336224 
41.02 	 0.035534324331244815 
41.04 	 0.03550677595898333 
41.06 	 0.03536147359390818 
41.08 	 0.035100422372659444 
41.1 	 0.034721790252012885 
41.12 	 0.03425131305789987 
41.14 	 0.03369520772729451 
41.16 	 0.03309430556738273 
41.18 	 0.03245780367582226 
41.2 	 0.03183029834207613 
41.22 	 0.031219789674889697 
41.24 	 0.030665538657149143 
41.26 	 0.030172827536123673 
41.28 	 0.029770822708741235 
41.3 	 0.02946285348656984 
41.32 	 0.02926646783865854 
41.34 	 0.02918423611649079 
41.36 	 0.029221367722390878 
41.38 	 0.02937959876987573 
41.4 	 0.029650440991195785 
41.42 	 0.03003317708552925 
41.44 	 0.030504238421076666 
41.46 	 0.031058471194459314 
41.48 	 0.03165790485161837 
41.5 	 0.0322922343455099 
41.52 	 0.032913804264935384 
41.54 	 0.033508636743545636 
41.56 	 0.034028477690088384 
41.58 	 0.03445901932430324 
41.6 	 0.03476285458333608 
41.62 	 0.03492919857978148 
41.64 	 0.03494148551155523 
41.66 	 0.03479510562841518 
41.68 	 0.03449892608049837 
41.7 	 0.03405465339879728 
41.72 	 0.033493763728510234 
41.74 	 0.032821653196423835 
41.76 	 0.03208338757827972 
41.78 	 0.0312837562752967 
41.8 	 0.030470142097068113 
41.82 	 0.029642779773289295 
41.84 	 0.02884229771713648 
41.86 	 0.02806253655174821 
41.88 	 0.027333028353000676 
41.9 	 0.026641858706709317 
41.92 	 0.02600752465979999 
41.94 	 0.02541437711169744 
41.96 	 0.024872249714104934 
41.98 	 0.02436370286219116 
42.0 	 0.02389271519718597 
42.02 	 0.023441381280576927 
42.04 	 0.023010598666108523 
42.06 	 0.022583316330422976 
42.08 	 0.022160564003088308 
42.1 	 0.02172824427475408 
42.12 	 0.021291163266686168 
42.14 	 0.020840774980303824 
42.16 	 0.020388380463796412 
42.18 	 0.019932517579888006 
42.2 	 0.01949075492049307 
42.22 	 0.01906747138305205 
42.24 	 0.018682390814716857 
42.26 	 0.01834144702168768 
42.28 	 0.0180599049205845 
42.3 	 0.017839735351163552 
42.32 	 0.017685867669085083 
42.34 	 0.01759247515839353 
42.36 	 0.017552207427208557 
42.38 	 0.01755142242156807 
42.4 	 0.01757371329757125 
42.42 	 0.017601427760352364 
42.44 	 0.017616098224083807 
42.46 	 0.017601667473844267 
42.48 	 0.017545171086639097 
42.5 	 0.017436787648809068 
42.52 	 0.017273887524647973 
42.54 	 0.01705458195008528 
42.56 	 0.016786949580327132 
42.58 	 0.01647550145631015 
42.6 	 0.0161355232228849 
42.62 	 0.01577446646352094 
42.64 	 0.015409713292214132 
42.66 	 0.01504819600535541 
42.68 	 0.01470508225924246 
42.7 	 0.01438468798785391 
42.72 	 0.014097671496075789 
42.74 	 0.013845188138385442 
42.76 	 0.01363288479572454 
42.78 	 0.013459088330813914 
42.8 	 0.013324834815632501 
42.82 	 0.01322611872891235 
42.84 	 0.013160077828538824 
42.86 	 0.013120901012675941 
42.88 	 0.013102940778899078 
42.9 	 0.01309954332232047 
42.92 	 0.013104190945128089 
42.94 	 0.0131111729372613 
42.96 	 0.013115834539009425 
42.98 	 0.013115802040189275 
43.0 	 0.013111029047699051 
43.02 	 0.013104517438830553 
43.04 	 0.01310217722215407 
43.06 	 0.013112821641244577 
43.08 	 0.013147086878551104 
43.1 	 0.013217751625510135 
43.12 	 0.013336342065274457 
43.14 	 0.013516026449755853 
43.16 	 0.013764188559911301 
43.18 	 0.014090736638775048 
43.2 	 0.014494826545801882 
43.22 	 0.014981168000068717 
43.24 	 0.01553918285251852 
43.26 	 0.016168935490812737 
43.28 	 0.016851452238333387 
43.3 	 0.017584581823791714 
43.32 	 0.01834414307751333 
43.34 	 0.019128657737225475 
43.36 	 0.019912340447852006 
43.38 	 0.02069648430958096 
43.4 	 0.021456637352165887 
43.42 	 0.022197642491260498 
43.44 	 0.022898180504613213 
43.46 	 0.023566190082503012 
43.48 	 0.024184095805703333 
43.5 	 0.024761573658485563 
43.52 	 0.02528438340850887 
43.54 	 0.02576203837569665 
43.56 	 0.02618258600978293 
43.58 	 0.026553351103795003 
43.6 	 0.02686359850963166 
43.62 	 0.02711678824516164 
43.64 	 0.02730299440798413 
43.66 	 0.027420898321171717 
43.68 	 0.02746209326486888 
43.7 	 0.02742055190559891 
43.72 	 0.027291243520879117 
43.74 	 0.027064501787701967 
43.76 	 0.026741260143797185 
43.78 	 0.02631011014635191 
43.8 	 0.025780472791595118 
43.82 	 0.025141498367659474 
43.84 	 0.024412506304983886 
43.86 	 0.023585201410274686 
43.88 	 0.022688146209829216 
43.9 	 0.021716524204562868 
43.92 	 0.02070512748416032 
43.94 	 0.019652121071481825 
43.96 	 0.018593916053199804 
43.98 	 0.01753012036385317 
44.0 	 0.016494095887765327 
44.02 	 0.015485181234927856 
44.04 	 0.0145303877999404 
44.06 	 0.013627603935856727 
44.08 	 0.012796062567717726 
44.1 	 0.012031656298423824 
44.12 	 0.01134584647326976 
44.14 	 0.010732316193237251 
44.16 	 0.010195497615397077 
44.18 	 0.009726819272155077 
44.2 	 0.009324864078696347 
44.22 	 0.00897916503525585 
44.24 	 0.008684206702565549 
44.26 	 0.008428715102753555 
44.28 	 0.008205459401559234 
44.3 	 0.008004089854451427 
44.32 	 0.007818240743695503 
44.34 	 0.00764023046307132 
44.36 	 0.007466522545686119 
44.38 	 0.007293083538665762 
44.4 	 0.007119909727193268 
44.42 	 0.006946477443148523 
44.44 	 0.00677576990854245 
44.46 	 0.006609847451311272 
44.48 	 0.006453563135302209 
44.5 	 0.006310621173062147 
44.52 	 0.006186914305427875 
44.54 	 0.006087468463379493 
44.56 	 0.0060190562481870985 
44.58 	 0.005988276654329638 
44.6 	 0.006002828301672699 
44.62 	 0.006070893397600216 
44.64 	 0.0062002688136486616 
44.66 	 0.006399437399620154 
44.68 	 0.006673718247178272 
44.7 	 0.007028960072669294 
44.72 	 0.007463955786684707 
44.74 	 0.007978329306399431 
44.76 	 0.008560589663844596 
44.78 	 0.00920195939708269 
44.8 	 0.009879702621607672 
44.82 	 0.010577755210832004 
44.84 	 0.011265669885430289 
44.86 	 0.011924777681865164 
44.88 	 0.012524452390656589 
44.9 	 0.013049886333567831 
44.92 	 0.013478935103595385 
44.94 	 0.013805953992575393 
44.96 	 0.014023196629365117 
44.98 	 0.014135856490435557 
45.0 	 0.014151093640494479 
45.02 	 0.014082374907320389 
45.04 	 0.013947006011573771 
45.06 	 0.01376142309173272 
45.08 	 0.013545790032755977 
45.1 	 0.013314117358409183 
45.12 	 0.013083112245738843 
45.14 	 0.012861094500195229 
45.16 	 0.01265815160577264 
45.18 	 0.01247643329986033 
45.2 	 0.012319412856726714 
45.22 	 0.012184484115836133 
45.24 	 0.012070241044805594 
45.26 	 0.011971180705321221 
45.28 	 0.011882985051626637 
45.3 	 0.011798653651187988 
45.32 	 0.011712558868185537 
45.34 	 0.011617186182091685 
45.36 	 0.011507107235354348 
45.38 	 0.01137541207312565 
45.4 	 0.01121867999063822 
45.42 	 0.01103213917650971 
45.44 	 0.010816292752781193 
45.46 	 0.010570046337466861 
45.48 	 0.010299032005249613 
45.5 	 0.010006554057214493 
45.52 	 0.009703056867360641 
45.54 	 0.00939560240365074 
45.56 	 0.009097528496170827 
45.58 	 0.008817871501468733 
45.6 	 0.008570122814270841 
45.62 	 0.008363183462969348 
45.64 	 0.008208179414673658 
45.66 	 0.008112181219388804 
45.68 	 0.008082173782875863 
45.7 	 0.008122246039900525 
45.72 	 0.008233989991516278 
45.74 	 0.008417546148644931 
45.76 	 0.008667971772489815 
45.78 	 0.008980487219620803 
45.8 	 0.009342759009337448 
45.82 	 0.009744601828745956 
45.84 	 0.010166700659627523 
45.86 	 0.010594407569928433 
45.88 	 0.011004187361861867 
45.9 	 0.011379835335855529 
45.92 	 0.01169877715356079 
45.94 	 0.011947498900316144 
45.96 	 0.012110435848844185 
45.98 	 0.012180646807530955 
46.0 	 0.012153909642485 
46.02 	 0.012031514042249548 
46.04 	 0.011821112284199848 
46.06 	 0.011530818202838914 
46.08 	 0.011176692528423729 
46.1 	 0.010769947936845527 
46.12 	 0.010329440463148822 
46.14 	 0.009865318684049792 
46.16 	 0.009394152766869248 
46.18 	 0.008922280578661153 
46.2 	 0.0084613187359123 
46.22 	 0.008013263965734149 
46.24 	 0.007584772405760814 
46.26 	 0.007174723645574817 
46.28 	 0.006786424712039646 
46.3 	 0.006417483232997921 
46.32 	 0.0060697231659821655 
46.34 	 0.005740936426179889 
46.36 	 0.005432684393384876 
46.38 	 0.005143564458355642 
46.4 	 0.00487523128519869 
46.42 	 0.004626962472000669 
46.44 	 0.004400248192342637 
46.46 	 0.0041945328483143605 
46.48 	 0.004010678261176559 
46.5 	 0.003847775914899198 
46.52 	 0.003705736676764696 
46.54 	 0.0035830387546419477 
46.56 	 0.00347864561414253 
46.58 	 0.0033905105492277694 
46.6 	 0.003316972300655042 
46.62 	 0.0032558061688061552 
46.64 	 0.003205202107448446 
46.66 	 0.0031631561170426944 
46.68 	 0.0031281119241593227 
46.7 	 0.003098531404556873 
46.72 	 0.0030732814083102595 
46.74 	 0.003051292740270824 
46.76 	 0.003031784975897563 
46.78 	 0.0030139887274005118 
46.8 	 0.002997302545464311 
46.82 	 0.0029810834159936777 
46.84 	 0.0029648069392465416 
46.86 	 0.0029479182314208767 
46.88 	 0.0029300230103896678 
46.9 	 0.002910756752673765 
46.92 	 0.0028899917563993817 
46.94 	 0.0028676647430032442 
46.96 	 0.0028439694880013785 
46.98 	 0.0028191075711485507 
47.0 	 0.0027934564979066614 
47.02 	 0.002767263246406391 
47.04 	 0.002740813959880045 
47.06 	 0.0027141319179858968 
47.08 	 0.0026871920530211753 
47.1 	 0.002659676017330069 
47.12 	 0.0026312544071974008 
47.14 	 0.0026013961529204326 
47.16 	 0.002569700353022212 
47.18 	 0.002535702135953998 
47.2 	 0.0024992124320121377 
47.22 	 0.0024600560610772166 
47.24 	 0.002418393659147196 
47.26 	 0.002374374594839036 
47.28 	 0.0023284530874559104 
47.3 	 0.002280994280028737 
47.32 	 0.002232614755294952 
47.34 	 0.002183794394672056 
47.36 	 0.0021352468241411476 
47.38 	 0.0020875568110698033 
47.4 	 0.0020415409752431654 
47.42 	 0.001997894655235817 
47.44 	 0.0019574856486399106 
47.46 	 0.0019210016849688912 
47.48 	 0.0018891532958354594 
47.5 	 0.0018623586858766657 
47.52 	 0.0018408860582890332 
47.54 	 0.0018246435561542873 
47.56 	 0.0018133119343943273 
47.58 	 0.0018062789744276223 
47.6 	 0.0018027799805628453 
47.62 	 0.0018019445773690594 
47.64 	 0.0018029126617838467 
47.66 	 0.001804910160118499 
47.68 	 0.0018072967690311492 
47.7 	 0.0018096015637785175 
47.72 	 0.0018114983869702986 
47.74 	 0.001812792756480148 
47.76 	 0.0018133686137924252 
47.78 	 0.0018131632503593383 
47.8 	 0.0018121364427934733 
47.82 	 0.0018102627076398176 
47.84 	 0.0018075380300916345 
47.86 	 0.0018039808355404608 
47.88 	 0.0017996545584175968 
47.9 	 0.0017946498112476875 
47.92 	 0.0017890993661113705 
47.94 	 0.001783132928652421 
47.96 	 0.0017768870578030024 
47.98 	 0.001770452660358481 
48.0 	 0.0017638994454122162 
48.02 	 0.0017572390687583006 
48.04 	 0.0017504723163766396 
48.06 	 0.0017435672752478058 
48.08 	 0.0017365149373768725 
48.1 	 0.0017293024892543684 
48.12 	 0.0017219577522592676 
48.14 	 0.0017145039240752766 
48.16 	 0.001706989004895652 
48.18 	 0.001699428069719264 
48.2 	 0.0016918289306153732 
48.22 	 0.001684135649063529 
48.24 	 0.0016762598655332833 
48.26 	 0.0016680292224939212 
48.28 	 0.0016592243310078686 
48.3 	 0.001649526146586174 
48.32 	 0.0016385607583807571 
48.34 	 0.0016258441716449732 
48.36 	 0.0016108519239175939 
48.38 	 0.001592967511180472 
48.4 	 0.0015716009562567496 
48.42 	 0.001546138603122789 
48.44 	 0.0015161189361633898 
48.46 	 0.0014811575240582786 
48.48 	 0.0014411602571298792 
48.5 	 0.0013961830759469589 
48.52 	 0.001346647774222152 
48.54 	 0.0012931130930211629 
48.56 	 0.0012364681884800316 
48.58 	 0.001177631492979664 
48.6 	 0.001117719325795584 
48.62 	 0.0010577219015835539 
48.64 	 0.000998659368487762 
48.66 	 0.0009412896267271368 
48.68 	 0.0008862648304577815 
48.7 	 0.0008339075781086254 
48.72 	 0.0007843751939186058 
48.74 	 0.0007375163617097088 
48.76 	 0.0006930448546913832 
48.78 	 0.0006504676286459485 
48.8 	 0.0006092620727088183 
48.82 	 0.0005688492409196655 
48.84 	 0.0005287571806120314 
48.86 	 0.0004886017566422982 
48.88 	 0.0004482105249965452 
48.9 	 0.0004075770196209484 
48.92 	 0.0003669260499685181 
48.94 	 0.0003266291100290629 
48.96 	 0.00028721353561212174 
48.98 	 0.00024925577882750925 
49.0 	 0.0002133596754564523 
49.02 	 0.0001800613069140188 
49.04 	 0.00014980929539688815 
49.06 	 0.00012290925791072968 
49.08 	 9.952750661969347e-05 
49.1 	 7.968164799415342e-05 
49.12 	 6.326881695695643e-05 
49.14 	 5.008833830784351e-05 
49.16 	 3.9880867319721906e-05 
49.18 	 3.2360851284372606e-05 
49.2 	 2.72501580859323e-05 
49.22 	 2.430234234819272e-05 
49.24 	 2.3320277992114914e-05 
49.26 	 2.416375832428358e-05 
49.28 	 2.6748540034062755e-05 
49.3 	 3.103719525556821e-05 
49.32 	 3.7022861611428836e-05 
49.34 	 4.470877442243384e-05 
49.36 	 5.408381638584867e-05 
49.38 	 6.509980855566991e-05 
49.4 	 7.764843790231909e-05 
49.42 	 9.154741822412288e-05 
49.44 	 0.00010652864055600691 
49.46 	 0.00012224287424379555 
49.48 	 0.0001382651801892654 
49.5 	 0.0001541212183757865 
49.52 	 0.00016930811874006982 
49.54 	 0.00018333539108452817 
49.56 	 0.00019575114340071554 
49.58 	 0.00020618243743501775 
49.6 	 0.00021435329739130518 
49.62 	 0.00022010867435599674 
49.64 	 0.0002234148868199938 
49.66 	 0.00022435920361924368 
49.68 	 0.00022313278216446784 
49.7 	 0.0002200094592930932 
49.72 	 0.00021531988566095622 
49.74 	 0.0002094213147694973 
49.76 	 0.0002026744374152692 
49.78 	 0.00019541671317095628 
49.8 	 0.00018794984593572175 
49.82 	 0.00018052387928102072 
49.84 	 0.00017333684583764795 
49.86 	 0.00016653011014665533 
49.88 	 0.00016019671037206118 
49.9 	 0.00015438417307267723 
49.92 	 0.0001491064008589313 
49.94 	 0.00014434933958957366 
49.96 	 0.0001400822386562093 
49.98 	 0.00013626279124057006 
50.0 	 0.0001328454975958535 
50.02 	 0.00012978460550621098 
50.04 	 0.00012703897015749934 
50.06 	 0.00012457252827106384 
50.08 	 0.00012235620275189668 
50.1 	 0.00012036662780243456 
50.12 	 0.00011858633980562272 
50.14 	 0.00011700200118448834 
50.16 	 0.00011560431152601476 
50.18 	 0.00011438694625516468 
50.2 	 0.00011334726230155518 
50.22 	 0.00011248662493147286 
50.24 	 0.00011181224519223305 
50.26 	 0.00011133880583593314 
50.28 	 0.00011109098373724922 
50.3 	 0.00011110560847676276 
50.32 	 0.00011143378693415403 
50.34 	 0.00011214230761391746 
50.36 	 0.00011331374072875683 
50.38 	 0.00011504538075543728 
50.4 	 0.0001174452730027266 
50.42 	 0.00012062689249838595 
50.44 	 0.00012469923073898164 
50.46 	 0.00012975638420139547 
50.48 	 0.0001358615104256057 
50.5 	 0.0001430332633973797 
50.52 	 0.0001512269523258112 
50.54 	 0.00016032388283811604 
50.56 	 0.00017011712297116283 
50.58 	 0.00018031281959646138 
50.6 	 0.00019052956205537234 
50.62 	 0.00020031910117527556 
50.64 	 0.00020918446882775725 
50.66 	 0.0002166194948984236 
50.68 	 0.00022214179394267855 
50.7 	 0.00022533901314647045 
50.72 	 0.00022590321888643457 
50.74 	 0.00022366416244192587 
50.76 	 0.00021860828161955918 
50.78 	 0.00021088209306807028 
50.8 	 0.00020078563305670556 
50.82 	 0.00018874252791909948 
50.84 	 0.00017527108202202105 
50.86 	 0.00016093387388658586 
50.88 	 0.00014630149055343942 
50.9 	 0.00013190338204348666 
50.92 	 0.00011820198982986938 
50.94 	 0.0001055630988852698 
50.96 	 9.425084168675644e-05 
50.98 	 8.442360249899423e-05 
51.0 	 7.614880433189897e-05 
51.02 	 6.941808020035279e-05 
51.04 	 6.41723026625719e-05 
51.06 	 6.032387000651676e-05 
51.08 	 5.778076232081874e-05 
51.1 	 5.646518199083744e-05 
51.12 	 5.632896344923142e-05 
51.14 	 5.7362739521098076e-05 
51.16 	 5.959968807054946e-05 
51.18 	 6.311377632457867e-05 
51.2 	 6.801185806317712e-05 
51.22 	 7.442201246118811e-05 
51.24 	 8.247554662222953e-05 
51.26 	 9.228840174750677e-05 
51.28 	 0.00010393655427883712 
51.3 	 0.00011743656518443421 
51.32 	 0.00013272104560603303 
51.34 	 0.0001496281753885775 
51.36 	 0.0001678865159543658 
51.38 	 0.0001871244520691493 
51.4 	 0.00020687237971151032 
51.42 	 0.00022659806551269507 
51.44 	 0.00024572735965928857 
51.46 	 0.0002637004369011516 
51.48 	 0.0002800021568830855 
51.5 	 0.0002942222203760074 
51.52 	 0.00030607898754034143 
51.54 	 0.00031546136959486546 
51.56 	 0.00032243050339666535 
51.58 	 0.0003272271181500695 
51.6 	 0.00033024434551794145 
51.62 	 0.0003319987632603155 
51.64 	 0.00033307992560602576 
51.66 	 0.00033409840202866954 
51.68 	 0.0003356268506166122 
51.7 	 0.00033814673779918313 
51.72 	 0.0003419982725549119 
51.74 	 0.0003473468186387181 
51.76 	 0.0003541554298267424 
51.78 	 0.0003621847260838036 
51.8 	 0.0003709950879605019 
51.82 	 0.00037998346682945413 
51.84 	 0.0003884147862933185 
51.86 	 0.0003954877598857735 
51.88 	 0.0004003874762205768 
51.9 	 0.0004023612804479441 
51.92 	 0.0004007777022775337 
51.94 	 0.0003951862656688755 
51.96 	 0.00038536432392789847 
51.98 	 0.0003713363236675347 
52.0 	 0.0003533929788604568 
52.02 	 0.0003320584413010571 
52.04 	 0.00030807642349798517 
52.06 	 0.0002823335812077846 
52.08 	 0.00025582080727593704 
52.1 	 0.00022953790383942944 
52.12 	 0.00020444827779591475 
52.14 	 0.00018139473313061547 
52.16 	 0.0001610669248215259 
52.18 	 0.0001439496640809665 
52.2 	 0.00013031519860575458 
52.22 	 0.00012021068536603095 
52.24 	 0.0001134770279926374 
52.26 	 0.0001097697885239458 
52.28 	 0.00010859835524097712 
52.3 	 0.00010936840011649667 
52.32 	 0.00011143119874664364 
52.34 	 0.00011413401206216748 
52.36 	 0.00011686788354707271 
52.38 	 0.00011911202235320537 
52.4 	 0.00012046821649026675 
52.42 	 0.00012068628733630208 
52.44 	 0.00011967546541988383 
52.46 	 0.00011750254818896292 
52.48 	 0.00011437673184342174 
52.5 	 0.00011062104637267123 
52.52 	 0.00010663624758526974 
52.54 	 0.00010285634453807096 
52.56 	 9.970525296478566e-05 
52.58 	 9.755353169372615e-05 
52.6 	 9.668417461754282e-05 
52.62 	 9.726662344029657e-05 
52.64 	 9.934369930634578e-05 
52.66 	 0.00010283122267201726 
52.68 	 0.000107528830749419 
52.7 	 0.00011314304188123578 
52.72 	 0.00011931499855128006 
52.74 	 0.00012565617354723865 
52.76 	 0.00013178019476895884 
52.78 	 0.00013733686862971796 
52.8 	 0.00014203532482906625 
52.82 	 0.0001456645623520799 
52.84 	 0.0001481005475594169 
52.86 	 0.00014930845659779727 
52.88 	 0.00014933406485932903 
52.9 	 0.00014829078332120624 
52.92 	 0.00014634192630533102 
52.94 	 0.0001436808182539083 
52.96 	 0.00014051269722147256 
52.98 	 0.00013703668681934572 
53.0 	 0.0001334339776231805 
53.02 	 0.00012985708745148292 
53.04 	 0.0001264265585907989 
53.06 	 0.00012322827161503097 
53.08 	 0.00012031690075283936 
53.1 	 0.00011771870446828492 
53.12 	 0.00011543812628998504 
53.14 	 0.00011346255284738395 
53.16 	 0.00011176880900123069 
53.18 	 0.00011032728300826242 
53.2 	 0.00010910654647568497 
53.22 	 0.00010807574122440511 
53.24 	 0.00010720699604943968 
53.26 	 0.00010647613965227504 
53.28 	 0.00010586345368876348 
53.3 	 0.00010535338208937695 
53.32 	 0.00010493448656272546 
53.34 	 0.00010459895839227456 
53.36 	 0.00010434257415407552 
53.38 	 0.00010416462059608437 
53.4 	 0.00010406830318320076 
53.42 	 0.00010406130059803701 
53.44 	 0.00010415663825162523 
53.46 	 0.00010437368909437924 
53.48 	 0.00010473914798946506 
53.5 	 0.00010528801065662357 
53.52 	 0.00010606400371635058 
53.54 	 0.00010711986067891097 
53.56 	 0.00010851635771051472 
53.58 	 0.00011032114139076595 
53.6 	 0.00011260554968521667 
53.62 	 0.00011544159477939568 
53.64 	 0.00011889633505150382 
53.66 	 0.00012302757285239809 
53.68 	 0.0001278766439655736 
53.7 	 0.00013346458379586275 
53.72 	 0.00013978514262267337 
53.74 	 0.00014680370813305101 
53.76 	 0.00015445224925449933 
53.78 	 0.0001626324358400588 
53.8 	 0.00017121286966486046 
53.82 	 0.00018003598170678758 
53.84 	 0.00018891633114529347 
53.86 	 0.0001976494261691576 
53.88 	 0.00020600969102896387 
53.9 	 0.0002137597411216188 
53.92 	 0.0002206485129155248 
53.94 	 0.00022642148824127231 
53.96 	 0.00023082204779120884 
53.98 	 0.00023360450029416067 
54.0 	 0.00023454215218033202 
54.02 	 0.0002334433797091987 
54.04 	 0.00023016656085732948 
54.06 	 0.00022463495890990935 
54.08 	 0.00021685319799291287 
54.1 	 0.00020691285479492455 
54.12 	 0.00019500188390798864 
54.14 	 0.00018139376563299514 
54.16 	 0.00016644364279620505 
54.18 	 0.00015056059309944062 
54.2 	 0.000134191456931638 
54.22 	 0.00011778443186031202 
54.24 	 0.00010176882003993981 
54.26 	 8.652276933073686e-05 
54.28 	 7.235939012736862e-05 
54.3 	 5.950897005501339e-05 
54.32 	 4.8117836698412994e-05 
54.34 	 3.824774834390445e-05 
54.36 	 2.9886781700449835e-05 
54.38 	 2.29610067929406e-05 
54.4 	 1.7351330496375896e-05 
54.42 	 1.2909179620986384e-05 
54.44 	 9.472287371449226e-06 
54.46 	 6.877559881204224e-06 
54.48 	 4.971530754316282e-06 
54.5 	 3.617538855259932e-06 
54.52 	 2.7003395718752793e-06 
54.54 	 2.1284028092748933e-06 
54.56 	 1.8346893983345008e-06 
54.58 	 1.7765221620069738e-06 
54.6 	 1.935215703175439e-06 
54.62 	 2.3158485194538833e-06 
54.64 	 2.9473332900650792e-06 
54.66 	 3.883060769810225e-06 
54.68 	 5.201497861059135e-06 
54.7 	 7.006703619782325e-06 
54.72 	 9.427811129006646e-06 
54.74 	 1.2617016538836476e-05 
54.76 	 1.674505184719216e-05 
54.78 	 2.1993900650739445e-05 
54.8 	 2.8545743249867107e-05 
54.82 	 3.656924385866107e-05 
54.84 	 4.620202830255588e-05 
54.86 	 5.753320004743483e-05 
54.88 	 7.05835403794408e-05 
54.9 	 8.529161081424843e-05 
54.92 	 0.00010149935490797222 
54.94 	 0.00011895156662532165 
54.96 	 0.0001372944889060823 
54.98 	 0.0001560956167437778 
55.0 	 0.00017485774571270762 
55.02 	 0.00019305785378293723 
55.04 	 0.00021017092748109846 
55.06 	 0.00022571688917961472 
55.08 	 0.0002392823299252233 
55.1 	 0.0002505591696641875 
55.12 	 0.00025935258958408015 
55.14 	 0.00026559821278594525 
55.16 	 0.00026935143115263305 
55.18 	 0.0002707798633691538 
55.2 	 0.00027013870520753837 
55.22 	 0.0002677459843994958 
55.24 	 0.000263954779716881 
55.26 	 0.0002591242135567661 
55.28 	 0.0002535992079618515 
55.3 	 0.0002476882498544423 
55.32 	 0.00024165600760724728 
55.34 	 0.0002357124609642092 
55.36 	 0.00023001721008755437 
55.38 	 0.00022467826807016656 
55.4 	 0.0002197629068890867 
55.42 	 0.0002153013839320751 
55.44 	 0.0002112988383888182 
55.46 	 0.0002077396492078162 
55.48 	 0.0002045969827717949 
55.5 	 0.000201835586310568 
55.52 	 0.00019941804379871152 
55.54 	 0.00019730571112935784 
55.56 	 0.00019546224172453251 
55.58 	 0.00019385325981969082 
55.6 	 0.00019244814923984613 
55.62 	 0.0001912191952909797 
55.64 	 0.0001901425458825855 
55.66 	 0.00018919745074462934 
55.68 	 0.00018836711830016035 
55.7 	 0.00018763850621587584 
55.72 	 0.00018700349027142202 
55.74 	 0.00018645928228437183 
55.76 	 0.0001860097895764877 
55.78 	 0.00018566618350693918 
55.8 	 0.00018544773684720984 
55.82 	 0.00018538164773531778 
55.84 	 0.00018550235055903548 
55.86 	 0.00018584971464510736 
55.88 	 0.00018646601521562998 
55.9 	 0.00018739215558305288 
55.92 	 0.0001886622089687911 
55.94 	 0.00019029836063192557 
55.96 	 0.00019230421053712026 
55.98 	 0.00019466057510888395 
56.0 	 0.000197320239155667 
56.02 	 0.0002002078562769778 
56.04 	 0.00020321943631751327 
56.06 	 0.00020622894706562618 
56.08 	 0.00020909421249156045 
56.1 	 0.00021166968428108071 
56.12 	 0.00021381672082071383 
56.14 	 0.00021541777611373754 
56.16 	 0.00021638560968893872 
56.18 	 0.000216672046907801 
56.2 	 0.00021627057783289057 
56.22 	 0.0002152151920367231 
56.24 	 0.0002135748085859125 
56.26 	 0.0002114433255308448 
56.28 	 0.00020892963224622402 
56.3 	 0.0002061448459614374 
56.32 	 0.00020319419051760177 
56.34 	 0.00020016784852657323 
56.36 	 0.00019713893152451396 
56.38 	 0.00019416054031079822 
56.4 	 0.0001912694077481333 
56.42 	 0.0001884871163434761 
56.44 	 0.00018582567300602732 
56.46 	 0.00018328903206505306 
56.48 	 0.00018087717370517196 
56.5 	 0.00017858586335499146 
56.52 	 0.0001764087041094273 
56.54 	 0.00017433601582273953 
56.56 	 0.00017235667959182767 
56.58 	 0.00017045808079068871 
56.6 	 0.00016862917614922075 
56.62 	 0.00016686175890196867 
56.64 	 0.0001651537883496306 
56.66 	 0.00016350989739724722 
56.68 	 0.00016194248872265543 
56.7 	 0.00016046929019473686 
56.72 	 0.00015911111113456813 
56.74 	 0.00015788695459688994 
56.76 	 0.0001568105516829235 
56.78 	 0.00015588644350249178 
56.8 	 0.00015510905211785632 
56.82 	 0.0001544629209244476 
56.84 	 0.00015392594815381573 
56.86 	 0.0001534733023692765 
56.88 	 0.00015308229479012528 
56.9 	 0.00015273589313423783 
56.92 	 0.00015242483533269043 
56.94 	 0.00015214707098619006 
56.96 	 0.0001519053952313429 
56.98 	 0.00015170346468420525 
57.0 	 0.0001515419109499492 
57.02 	 0.0001514153626726021 
57.04 	 0.000151311681433214 
57.06 	 0.0001512134601830714 
57.08 	 0.0001511016217189648 
57.1 	 0.00015095989918858607 
57.12 	 0.00015077898283063427 
57.14 	 0.00015055877467773035 
57.16 	 0.00015030808239372965 
57.18 	 0.00015004125253477023 
57.2 	 0.00014977277276544178 
57.22 	 0.0001495107505293141 
57.24 	 0.00014925143697912848 
57.26 	 0.00014897592515830506 
57.28 	 0.00014865058698150524 
57.3 	 0.00014823097477232965 
57.32 	 0.00014766904456130247 
57.34 	 0.00014692153965359774 
57.36 	 0.00014595850205900758 
57.38 	 0.00014476892151386457 
57.4 	 0.0001433636985808048 
57.42 	 0.00014177356195742004 
57.44 	 0.00014004470872198562 
57.46 	 0.00013823078566074093 
57.48 	 0.00013638592599793124 
57.5 	 0.00013455736532323422 
57.52 	 0.0001327822570224321 
57.54 	 0.00013108586523382284 
57.56 	 0.000129484140070814 
57.58 	 0.00012798651004050437 
57.6 	 0.00012660053253440323 
57.62 	 0.00012533427535411505 
57.64 	 0.00012419810710363247 
57.66 	 0.0001232032630318978 
57.68 	 0.0001223597471131795 
57.7 	 0.00012167262044870966 
57.72 	 0.00012113948024490632 
57.74 	 0.00012074876625148619 
57.76 	 0.0001204805842842627 
57.78 	 0.00012030914848856101 
57.8 	 0.00012020685920896459 
57.82 	 0.00012014856469277945 
57.84 	 0.00012011519013395995 
57.86 	 0.00012009568515654498 
57.88 	 0.00012008696890659534 
57.9 	 0.00012009198684249493 
57.92 	 0.00012011653290125034 
57.94 	 0.00012016580838647249 
57.96 	 0.00012024162933172718 
57.98 	 0.0001203410718117259 
58.0 	 0.00012045671012012756 
58.02 	 0.00012057839633195122 
58.04 	 0.0001206957801264029 
58.06 	 0.00012080098516603009 
58.08 	 0.00012089045774842454 
58.1 	 0.00012096570586134106 
58.12 	 0.00012103260116610152 
58.14 	 0.00012109969169378144 
58.16 	 0.0001211758974185206 
58.18 	 0.00012126839681124569 
58.2 	 0.00012138109417862584 
58.22 	 0.00012151415922518855 
58.24 	 0.00012166444902854184 
58.26 	 0.00012182676014764246 
58.28 	 0.00012199521629756585 
58.3 	 0.0001221645950105441 
58.32 	 0.00012233093965385695 
58.34 	 0.0001224916001649865 
58.36 	 0.0001226444534886375 
58.38 	 0.00012278683252379564 
58.4 	 0.00012291415069177347 
58.42 	 0.00012301877283365473 
58.44 	 0.00012308900609212192 
58.46 	 0.00012310847893549562 
58.48 	 0.00012305563304894286 
58.5 	 0.00012290337624423686 
58.52 	 0.00012261882875609935 
58.54 	 0.00012216316819754032 
58.56 	 0.00012149207000830431 
58.58 	 0.00012055655467447047 
58.6 	 0.00011930532098528021 
58.62 	 0.0001176875799090133 
58.64 	 0.0001156578937022831 
58.66 	 0.00011318059200161847 
58.68 	 0.00011023577292521628 
58.7 	 0.00010682286709248055 
58.72 	 0.00010296476142510409 
58.74 	 9.87073467101626e-05 
58.76 	 9.411903436892916e-05 
58.78 	 8.928480221211857e-05 
58.8 	 8.430089987387641e-05 
58.82 	 7.926510959202428e-05 
58.84 	 7.42695620637799e-05 
58.86 	 6.939148307289969e-05 
58.88 	 6.468851432539133e-05 
58.9 	 6.01942412382598e-05 
58.92 	 5.591910756215741e-05 
58.94 	 5.185233480059479e-05 
58.96 	 4.796817741804125e-05 
58.98 	 4.423217439360533e-05 
59.0 	 4.060932512579383e-05 
59.02 	 3.707035084445459e-05 
59.04 	 3.359747436142611e-05 
59.06 	 3.0186929978568172e-05 
59.08 	 2.6849865398608927e-05 
59.1 	 2.3610116392822415e-05 
59.12 	 2.050086517907444e-05 
59.14 	 1.7559613326696446e-05 
59.16 	 1.4823422082391359e-05 
59.18 	 1.2324226502529476e-05 
59.2 	 1.0085546338106738e-05 
59.22 	 8.120322815936299e-06 
59.24 	 6.430412198375212e-06 
59.26 	 5.007222542229611e-06 
59.28 	 3.833452235668057e-06 
59.3 	 2.88531850257523e-06 
59.32 	 2.1351081381076123e-06 
59.34 	 1.5534594547256363e-06 
59.36 	 1.1114857941744657e-06 
59.38 	 7.822045185697432e-07 
59.4 	 5.415398526006512e-07 
59.42 	 3.69010642082685e-07 
59.44 	 2.474445388528051e-07 
59.46 	 1.635737597949814e-07 
59.48 	 1.0641557616804317e-07 
59.5 	 6.828569911354542e-08 
59.52 	 4.344397704933063e-08 
59.54 	 2.6863450374185958e-08 
59.56 	 1.666000468656264e-08 
59.58 	 1.0536712127723509e-08 
59.6 	 0.0 
59.62 	 0.0 
59.64 	 0.0 
59.66 	 0.0 
59.68 	 0.0 
59.7 	 0.0 
59.72 	 0.0 
59.74 	 0.0 
59.76 	 0.0 
59.78 	 0.0 
59.8 	 0.0 
59.82 	 0.0 
59.84 	 0.0 
59.86 	 0.0 
59.88 	 0.0 
59.9 	 0.0 
59.92 	 0.0 
59.94 	 0.0 
59.96 	 0.0 
59.98 	 0.0 
