0.0 	 0.002344057404361268 
0.02 	 0.002344108879319406 
0.04 	 0.0023442642026886796 
0.06 	 0.002344523245165442 
0.08 	 0.0023448862167095683 
0.1 	 0.0023453532310350545 
0.12 	 0.002345924570925969 
0.14 	 0.0023466005078959474 
0.16 	 0.0023473814079686003 
0.18 	 0.0023482676794973558 
0.2 	 0.002349259783037972 
0.22 	 0.0023503582559501576 
0.24 	 0.002351563664799628 
0.26 	 0.0023528766720321975 
0.28 	 0.00235429796141009 
0.3 	 0.0023558283198511906 
0.32 	 0.002357468558490305 
0.34 	 0.0023592195914778455 
0.36 	 0.0023610823663382514 
0.38 	 0.0023630579303059204 
0.4 	 0.0023651473756728645 
0.42 	 0.0023673518911365723 
0.44 	 0.0023696727223887722 
0.46 	 0.0023721112099476622 
0.48 	 0.002374668762704016 
0.5 	 0.002377346885012079 
0.52 	 0.0023801471606562227 
0.54 	 0.0023830712714555755 
0.56 	 0.0023861209902217573 
0.58 	 0.002389298191632844 
0.6 	 0.0023926048546127595 
0.62 	 0.0023960430640516217 
0.64 	 0.0023996150257512092 
0.66 	 0.0024033230541229632 
0.68 	 0.0024071696076076506 
0.7 	 0.00241115725073765 
0.72 	 0.00241528872788842 
0.74 	 0.002419566873273223 
0.76 	 0.0024239947629834707 
0.78 	 0.002428575513486 
0.8 	 0.002433312600260165 
0.82 	 0.00243820941488167 
0.84 	 0.0024432699385914082 
0.86 	 0.0024484977878045733 
0.88 	 0.0024538976219547187 
0.9 	 0.0024594731522355907 
0.92 	 0.0024652299938492397 
0.94 	 0.002471171695786329 
0.96 	 0.0024773052580672876 
0.98 	 0.00248363363919457 
1.0 	 0.002490165843853434 
1.02 	 0.002496903624966397 
1.04 	 0.0025038588096436406 
1.06 	 0.002511031190565911 
1.08 	 0.0025184363778312947 
1.1 	 0.0025260714452496206 
1.12 	 0.0025339567526304427 
1.14 	 0.00254208611152628 
1.16 	 0.0025504853977363308 
1.18 	 0.0025591450857173673 
1.2 	 0.0025680969107415848 
1.22 	 0.0025773286064584952 
1.24 	 0.0025868775361805037 
1.26 	 0.002596730028699665 
1.28 	 0.002606928268815679 
1.3 	 0.002617459155022457 
1.32 	 0.0026283684977061517 
1.34 	 0.0026396461454967755 
1.36 	 0.0026513402863969303 
1.38 	 0.0026634462386669047 
1.4 	 0.0026760136750378716 
1.42 	 0.002689045852732109 
1.44 	 0.0027025937986485714 
1.46 	 0.002716671085783439 
1.48 	 0.002731331157047024 
1.5 	 0.0027466002478437677 
1.52 	 0.002762537151263651 
1.54 	 0.0027791829463585434 
1.56 	 0.0027966081599979384 
1.58 	 0.00281486943510101 
1.6 	 0.00283406288356599 
1.62 	 0.002854254945341469 
1.64 	 0.002875598483023397 
1.66 	 0.002898142754365076 
1.68 	 0.0029221682809827338 
1.7 	 0.0029476227019006596 
1.72 	 0.0029750716277137305 
1.74 	 0.003004142321266682 
1.76 	 0.0030360173729327817 
1.78 	 0.0030695105703986755 
1.8 	 0.0031070735344912023 
1.82 	 0.0031457252049269307 
1.84 	 0.003190363131481513 
1.86 	 0.0032344846059277777 
1.88 	 0.00328735761955469 
1.9 	 0.0033362920315611368 
1.92 	 0.0033977261900096645 
1.94 	 0.003449241169918505 
1.96 	 0.0035179612525598615 
1.98 	 0.003567867125699545 
2.0 	 0.0036403390786141506 
2.02 	 0.003682697655008177 
2.04 	 0.0037529626604409817 
2.06 	 0.003781105266030017 
2.08 	 0.0038414281631557762 
2.1 	 0.003849633235857376 
2.12 	 0.003892038192846961 
2.14 	 0.0038773374721490076 
2.16 	 0.00389574679931231 
2.18 	 0.003859199335880298 
2.2 	 0.0038515475023057784 
2.22 	 0.0037985081627257343 
2.24 	 0.0037680122346918 
2.26 	 0.0037072616825449796 
2.28 	 0.0036621731231486175 
2.3 	 0.0036041056717405315 
2.32 	 0.0035558428026210708 
2.34 	 0.0035101935757852636 
2.36 	 0.003470524291666697 
2.38 	 0.003444300967715353 
2.4 	 0.003422678075622277 
2.42 	 0.0034188770975725254 
2.44 	 0.0034207706543755907 
2.46 	 0.003438067953667036 
2.48 	 0.0034644327934937238 
2.5 	 0.0034976324205880666 
2.52 	 0.003545110549412658 
2.54 	 0.0035860436927536874 
2.56 	 0.003647494361660636 
2.58 	 0.0036862569123222175 
2.6 	 0.00375155817109054 
2.62 	 0.003778115011759583 
2.64 	 0.003835463822824845 
2.66 	 0.003841511311167527 
2.68 	 0.0038794025946289664 
2.7 	 0.00386011355182407 
2.72 	 0.003869825783646496 
2.74 	 0.003824992146616559 
2.76 	 0.0038029414559457896 
2.78 	 0.0037371545823785485 
2.8 	 0.003686176952744129 
2.82 	 0.003607909048083269 
2.84 	 0.0035366996433744908 
2.86 	 0.003456410129789543 
2.88 	 0.003377103656260901 
2.9 	 0.003304848015254613 
2.92 	 0.0032296991247889356 
2.94 	 0.003173048352194631 
2.96 	 0.0031116597061849115 
2.98 	 0.003074699093298174 
3.0 	 0.0030328335022163084 
3.02 	 0.003016456949068286 
3.04 	 0.002996482250131741 
3.06 	 0.002999492638048886 
3.08 	 0.00300167662681838 
3.1 	 0.0030218634360704767 
3.12 	 0.003045518077061949 
3.14 	 0.0030800816391602258 
3.16 	 0.00312388570495356 
3.18 	 0.003169095583337383 
3.2 	 0.0032304896589743074 
3.22 	 0.003280983215750218 
3.24 	 0.003355058729344476 
3.26 	 0.003403457068752687 
3.28 	 0.0034820746885956644 
3.3 	 0.00351947107141866 
3.32 	 0.0035913413449828466 
3.34 	 0.0036087456885830504 
3.36 	 0.0036608912896936587 
3.38 	 0.003651194813289958 
3.4 	 0.0036716922162200807 
3.42 	 0.003631497161755488 
3.44 	 0.0036127910114133466 
3.46 	 0.0035435673576095315 
3.48 	 0.003485138194263227 
3.5 	 0.0033933517871186365 
3.52 	 0.0033024298195817427 
3.54 	 0.0031984087369231777 
3.56 	 0.0030880924163066746 
3.58 	 0.002983694630006913 
3.6 	 0.002869103479086476 
3.62 	 0.002774850657392338 
3.64 	 0.0026690147891333567 
3.66 	 0.0025918331436888143 
3.68 	 0.002503060011390999 
3.7 	 0.002445536786047675 
3.72 	 0.0023769869861937675 
3.74 	 0.0023381885147564277 
3.76 	 0.002289181515046112 
3.78 	 0.0022663059562098506 
3.8 	 0.0022342922728226656 
3.82 	 0.002224279125016402 
3.84 	 0.002206578293563882 
3.86 	 0.0022071474823146925 
3.88 	 0.0022020337914054606 
3.9 	 0.0022120413375963086 
3.92 	 0.0022191321505964645 
3.94 	 0.002238336303213106 
3.96 	 0.002258359293790785 
3.98 	 0.0022867148228006592 
4.0 	 0.0023207054440292775 
4.02 	 0.0023573180383294964 
4.04 	 0.0024053158584584258 
4.06 	 0.002447322735864106 
4.08 	 0.0025068105320938646 
4.1 	 0.002548655501156336 
4.12 	 0.002613261290050957 
4.14 	 0.0026468723689170763 
4.16 	 0.002706034071097965 
4.18 	 0.0027221078876686253 
4.2 	 0.00276230497589586 
4.22 	 0.002752406644925922 
4.24 	 0.0027601419164604403 
4.26 	 0.002719036116734691 
4.28 	 0.0026850277477394224 
4.3 	 0.0026126851043377407 
4.32 	 0.002535836151813235 
4.34 	 0.002438555622946693 
4.36 	 0.00232769392484136 
4.38 	 0.002217572798032333 
4.4 	 0.0020894813206630185 
4.42 	 0.00198164882250828 
4.44 	 0.0018557759341552885 
4.46 	 0.0017639925943138568 
4.48 	 0.0016563306159938218 
4.5 	 0.0015889958719077074 
4.52 	 0.0015081406169060976 
4.54 	 0.001466792993607654 
4.56 	 0.0014135942545243755 
4.58 	 0.0013943047030262185 
4.6 	 0.001364261503375459 
4.62 	 0.0013605366890776787 
4.64 	 0.0013470000680431858 
4.66 	 0.0013524252678786127 
4.68 	 0.0013490724585732072 
4.7 	 0.0013587472806963676 
4.72 	 0.0013607817655305974 
4.74 	 0.0013715693284671584 
4.76 	 0.0013758465852311886 
4.78 	 0.0013859296574851524 
4.8 	 0.0013904849264677265 
4.82 	 0.001398730253344503 
4.84 	 0.0014021435196369851 
4.86 	 0.0014075943509812073 
4.88 	 0.00140847918820287 
4.9 	 0.0014101246931257985 
4.92 	 0.0014069003894666779 
4.94 	 0.0014037636958107661 
4.96 	 0.0013947886759061955 
4.98 	 0.0013863009456368928 
5.0 	 0.001370366271355249 
5.02 	 0.0013569104732042076 
5.04 	 0.0013339671399211792 
5.06 	 0.001317377363201805 
5.08 	 0.0012892082741450825 
5.1 	 0.0012729406553974895 
5.12 	 0.0012433791708187892 
5.14 	 0.0012321021512954895 
5.16 	 0.001206481820727567 
5.18 	 0.0012050328181916286 
5.2 	 0.0011888910433846148 
5.22 	 0.0012008906572473297 
5.24 	 0.00119839751904735 
5.26 	 0.0012251100016542854 
5.28 	 0.001237928336014683 
5.3 	 0.0012779355509137716 
5.32 	 0.0013050125256938948 
5.34 	 0.0013548548530177569 
5.36 	 0.0013931308913860982 
5.38 	 0.0014485447033284716 
5.4 	 0.0014941287287036074 
5.42 	 0.00155126673476546 
5.44 	 0.0016005325344250858 
5.46 	 0.0016567096869478431 
5.48 	 0.00170696996112523 
5.5 	 0.0017608286842492743 
5.52 	 0.0018105269337466456 
5.54 	 0.0018617924336861763 
5.56 	 0.001910350678519151 
5.58 	 0.0019594338291793263 
5.6 	 0.002006956671633078 
5.62 	 0.0020545994999277666 
5.64 	 0.0021015935723559843 
5.66 	 0.002148636670543751 
5.68 	 0.0021958179696960622 
5.7 	 0.0022430722431736444 
5.72 	 0.002291252246100627 
5.74 	 0.002339406888154517 
5.76 	 0.0023893973554879847 
5.78 	 0.0024388912782320445 
5.8 	 0.002491354419312962 
5.82 	 0.0025421733578848437 
5.84 	 0.0025973714684727842 
5.86 	 0.002648802653867691 
5.88 	 0.0027062709630235374 
5.9 	 0.0027567339352548 
5.92 	 0.0028149968292435494 
5.94 	 0.0028621252160135197 
5.96 	 0.0029186512716703242 
5.98 	 0.0029597617067292723 
6.0 	 0.003011340017884368 
6.02 	 0.00304426400525861 
6.04 	 0.0030878441652219587 
6.06 	 0.0031118797479908014 
6.08 	 0.0031456837393307557 
6.1 	 0.0031622781172623102 
6.12 	 0.003186771980289463 
6.14 	 0.0031995802533252176 
6.16 	 0.003217829336788806 
6.18 	 0.0032320167314779844 
6.2 	 0.0032491449298324595 
6.22 	 0.0032701255748615156 
6.24 	 0.0032920198752449613 
6.26 	 0.0033241087804884197 
6.28 	 0.0033559241688827643 
6.3 	 0.0034014489272812276 
6.32 	 0.0034465747018905804 
6.34 	 0.003505755167397029 
6.36 	 0.0035655978831566986 
6.38 	 0.0036370687542534607 
6.4 	 0.0037115041940836637 
6.42 	 0.003793013311383979 
6.44 	 0.003881007759844604 
6.46 	 0.003969804079388147 
6.48 	 0.004069702582620554 
6.5 	 0.00416243047252655 
6.52 	 0.004271713834470336 
6.54 	 0.004364049331587981 
6.56 	 0.004478778234961549 
6.58 	 0.004565312995202759 
6.6 	 0.0046797754922840145 
6.62 	 0.0047545875102510265 
6.64 	 0.004861670441842972 
6.66 	 0.004919625217594766 
6.68 	 0.00501211331175529 
6.7 	 0.0050504558705514145 
6.72 	 0.005122968572192866 
6.74 	 0.005142512972070406 
6.76 	 0.005193355961536092 
6.78 	 0.00519869758111466 
6.8 	 0.0052307683979439966 
6.82 	 0.005229337063215989 
6.84 	 0.005249537380013205 
6.86 	 0.005249789247739742 
6.88 	 0.005267101017030433 
6.9 	 0.005276539437916568 
6.92 	 0.005299641630364254 
6.94 	 0.005323468820690455 
6.96 	 0.005359005323823231 
6.98 	 0.00539990310758373 
7.0 	 0.005452078915129058 
7.02 	 0.0055110249565879 
7.04 	 0.005582437778345636 
7.06 	 0.005659950322205263 
7.08 	 0.005752974314269137 
7.1 	 0.005850027204643872 
7.12 	 0.005967905767488452 
7.14 	 0.006085952115424208 
7.16 	 0.006232937520769724 
7.18 	 0.006372849867444107 
7.2 	 0.006553070451616381 
7.22 	 0.006713241798304309 
7.24 	 0.006928410718204215 
7.26 	 0.007102725923794746 
7.28 	 0.007349302553739693 
7.3 	 0.007526018850824043 
7.32 	 0.007792851427712664 
7.34 	 0.007955290058696624 
7.36 	 0.008222869040805734 
7.38 	 0.00835206678679038 
7.4 	 0.008594205712175994 
7.42 	 0.00867272635024688 
7.44 	 0.00886089023565282 
7.46 	 0.008876600459447949 
7.48 	 0.008986335953679533 
7.5 	 0.008935336961987386 
7.52 	 0.008953310407645345 
7.54 	 0.008841723249460526 
7.56 	 0.00877096225827361 
7.58 	 0.008615158547453056 
7.6 	 0.008475944029875556 
7.62 	 0.008300386246528568 
7.64 	 0.008125569557323548 
7.66 	 0.007957812293106556 
7.68 	 0.00778388972587062 
7.7 	 0.007647923924022708 
7.72 	 0.007505494685614591 
7.74 	 0.007416204655601513 
7.76 	 0.007323745051218874 
7.78 	 0.007285008641739594 
7.8 	 0.007247881572226921 
7.82 	 0.007254702476230362 
7.84 	 0.007268502624721383 
7.86 	 0.007311345844199192 
7.88 	 0.00736696458318333 
7.9 	 0.0074358055529409875 
7.92 	 0.007523637427986216 
7.94 	 0.007610123045176686 
7.96 	 0.007722006071841933 
7.98 	 0.007819538474587225 
8.0 	 0.00794843829909884 
8.02 	 0.008051067420725994 
8.04 	 0.008189598483849479 
8.06 	 0.008291003165506136 
8.08 	 0.008430312379864151 
8.1 	 0.008523871114296514 
8.12 	 0.008654098047501162 
8.14 	 0.00873435210587519 
8.16 	 0.008847022033996593 
8.18 	 0.008912107098669035 
8.2 	 0.00900382209826716 
8.22 	 0.009057979758809485 
8.24 	 0.009134055682478269 
8.26 	 0.009189184856092533 
8.28 	 0.009265694879385377 
8.3 	 0.009341021150528917 
8.32 	 0.009444115826238974 
8.34 	 0.009563471762114379 
8.36 	 0.00972569180137255 
8.38 	 0.00991262988880953 
8.4 	 0.010166848909589361 
8.42 	 0.010438676339348925 
8.44 	 0.010810943488859484 
8.46 	 0.011173427674579848 
8.48 	 0.011676203034633334 
8.5 	 0.012120783373418209 
8.52 	 0.012747985891773221 
8.54 	 0.013252582671453779 
8.56 	 0.013977645389101338 
8.58 	 0.014510702428463283 
8.6 	 0.015288542488355655 
8.62 	 0.015814620324261244 
8.64 	 0.01658807687370969 
8.66 	 0.017073271840739507 
8.68 	 0.017783852663858814 
8.7 	 0.018200637256569868 
8.72 	 0.01880190642341064 
8.74 	 0.019134065048348085 
8.76 	 0.019603926401007738 
8.78 	 0.01985137481458121 
8.8 	 0.02019823846578921 
8.82 	 0.020379188104175352 
8.84 	 0.020638182221326594 
8.86 	 0.02078520935840689 
8.88 	 0.021004510487491145 
8.9 	 0.021153765390732115 
8.92 	 0.021375956969394167 
8.94 	 0.021553364226721074 
8.96 	 0.021799444305750766 
8.98 	 0.022010058402322247 
9.0 	 0.022272326668670506 
9.02 	 0.022497015418429446 
9.04 	 0.022742604415466893 
9.06 	 0.0229423596738708 
9.08 	 0.02312470895405781 
9.1 	 0.02325042474844577 
9.12 	 0.023323757624082044 
9.14 	 0.02332873525099858 
9.16 	 0.023260792670717855 
9.18 	 0.023113178520471372 
9.2 	 0.022893272429650554 
9.22 	 0.0225856442356227 
9.24 	 0.02222742838684897 
9.26 	 0.02178130990065586 
9.28 	 0.02132118604349266 
9.3 	 0.020785190518062827 
9.32 	 0.0202769820146026 
9.34 	 0.019717822135679103 
9.36 	 0.01922302426567929 
9.38 	 0.018709517292602496 
9.4 	 0.018282780178272943 
9.42 	 0.017866109982714807 
9.44 	 0.017539305765876617 
9.46 	 0.017237224526996997 
9.48 	 0.017009678277150633 
9.5 	 0.01680331282025758 
9.52 	 0.01664533370461803 
9.54 	 0.016492262698604702 
9.56 	 0.016362829311202014 
9.58 	 0.01622221026537937 
9.6 	 0.016093725604444355 
9.62 	 0.015952672022327988 
9.64 	 0.015830961061913652 
9.66 	 0.01571887118997228 
9.68 	 0.015647923795446432 
9.7 	 0.01563048808326701 
9.72 	 0.015679581974862855 
9.74 	 0.01583694933331856 
9.76 	 0.01607874237443278 
9.78 	 0.016483071109556536 
9.8 	 0.016975924185628946 
9.82 	 0.01768069232498754 
9.84 	 0.01846194898029513 
9.86 	 0.019501840365769196 
9.88 	 0.020588269919265004 
9.9 	 0.021978281080580024 
9.92 	 0.023366290346879984 
9.94 	 0.025089365546311096 
9.96 	 0.026752505659587228 
9.98 	 0.028733179343956965 
10.0 	 0.030620094863564484 
10.02 	 0.03269177160575926 
10.04 	 0.034725781497043806 
10.06 	 0.03660727392557027 
10.08 	 0.03867855650185948 
10.1 	 0.039976972678154976 
10.12 	 0.041910395836613275 
10.14 	 0.04216246935631006 
10.16 	 0.043659370217159786 
10.18 	 0.042426087311623145 
10.2 	 0.043040939197121104 
10.22 	 0.0400956533215349 
10.24 	 0.039399591020314546 
10.26 	 0.03501955477442137 
10.28 	 0.03300576525329559 
10.3 	 0.028086375175429966 
10.32 	 0.025361175119405825 
10.34 	 0.020930601036271 
10.36 	 0.018256237186124014 
10.38 	 0.01484563596928091 
10.4 	 0.012649640049739709 
10.42 	 0.01025732077334589 
10.44 	 0.008619552769696925 
10.46 	 0.0070147386861571775 
10.48 	 0.005850252727074703 
10.5 	 0.004786894510866098 
10.52 	 0.003973564217204505 
10.54 	 0.0032627465475551613 
10.56 	 0.002693824340224853 
10.58 	 0.002208700048958553 
10.6 	 0.0018059794873858009 
10.62 	 0.0014675523331312765 
10.64 	 0.0011794000811361958 
10.66 	 0.0009415277031896258 
10.68 	 0.0007372235197741821 
10.7 	 0.0005757560312235336 
10.72 	 0.00044070362513710704 
10.74 	 0.0003468085855467162 
10.76 	 0.0002796817085864728 
10.78 	 0.0002557461144619045 
10.8 	 0.00026677238754763827 
10.82 	 0.0003229941058920521 
10.84 	 0.00043171036598419024 
10.86 	 0.0005822436440968267 
10.88 	 0.0008130956384048982 
10.9 	 0.0010720056545336053 
10.92 	 0.001447073617975193 
10.94 	 0.0018251417754685522 
10.96 	 0.0023547552926591196 
10.98 	 0.0028571431241200544 
11.0 	 0.0035308131753551387 
11.02 	 0.004153646692656013 
11.04 	 0.004935094557431308 
11.06 	 0.0056591889743925665 
11.08 	 0.006489144306739071 
11.1 	 0.007272806799340044 
11.12 	 0.008080401324244684 
11.14 	 0.00885744323439488 
11.16 	 0.009576259161765572 
11.18 	 0.010264908712647413 
11.2 	 0.010846652830698609 
11.22 	 0.011368644546185988 
11.24 	 0.011789026518185659 
11.26 	 0.012090397815315441 
11.28 	 0.012346746914101904 
11.3 	 0.012409417226591219 
11.32 	 0.012513462609375229 
11.34 	 0.01235220406908536 
11.36 	 0.012322000477123769 
11.38 	 0.011971156077071467 
11.4 	 0.011825125536203667 
11.42 	 0.011325629996472577 
11.44 	 0.01108086145990823 
11.46 	 0.010475407105207711 
11.48 	 0.010150599629981112 
11.5 	 0.009485705948587966 
11.52 	 0.009105785585647088 
11.54 	 0.008432744294295691 
11.56 	 0.008030030523390663 
11.58 	 0.007398632829506538 
11.6 	 0.0070076703838022995 
11.62 	 0.006454816204536138 
11.64 	 0.006103279149518889 
11.66 	 0.00564413175858322 
11.68 	 0.005345417975856544 
11.7 	 0.004972672740033554 
11.72 	 0.004724280846321155 
11.74 	 0.00441527471797067 
11.76 	 0.004203180623188771 
11.78 	 0.00393085860609662 
11.8 	 0.0037372426248156823 
11.82 	 0.0034805130214607062 
11.84 	 0.0032913914849628015 
11.86 	 0.0030414438920250736 
11.88 	 0.0028514916587073415 
11.9 	 0.0026124300703596697 
11.92 	 0.0024258017481169213 
11.94 	 0.0022103359052770477 
11.96 	 0.0020379772928051355 
11.98 	 0.0018609349510983184 
12.0 	 0.001716063162016503 
12.02 	 0.0015887917357007902 
12.04 	 0.0014824320698071229 
12.06 	 0.0014097137953308187 
12.08 	 0.0013475452251148026 
12.1 	 0.0013268557933678194 
12.12 	 0.001307768284118798 
12.14 	 0.0013298589860822733 
12.16 	 0.0013460833171151482 
12.18 	 0.0013961187325798857 
12.2 	 0.0014346203955025569 
12.22 	 0.00149382412548896 
12.24 	 0.0015386489530632287 
12.26 	 0.0015868946667305464 
12.28 	 0.0016221230797216302 
12.3 	 0.001641726540965351 
12.32 	 0.0016545768964655923 
12.34 	 0.0016346669491282648 
12.36 	 0.0016181256637569394 
12.38 	 0.0015579150110212852 
12.4 	 0.0015121608797910384 
12.42 	 0.0014211799150635545 
12.44 	 0.001353186923519787 
12.46 	 0.0012477887780258457 
12.48 	 0.0011690019085754126 
12.5 	 0.0010665932457402246 
12.52 	 0.0009893613081138719 
12.54 	 0.0009031049499701408 
12.56 	 0.0008371500828925744 
12.58 	 0.0007732375344716613 
12.6 	 0.0007234235909328574 
12.62 	 0.0006812621862834292 
12.64 	 0.0006473133136909775 
12.66 	 0.000621675778144631 
12.68 	 0.0005996430542692537 
12.7 	 0.0005835240867344769 
12.72 	 0.0005681156416376668 
12.74 	 0.0005552659090396164 
12.76 	 0.0005419503727056226 
12.78 	 0.0005283877051032789 
12.8 	 0.0005145004767752882 
12.82 	 0.00049871387976644 
12.84 	 0.000483399893814613 
12.86 	 0.000465484228469658 
12.88 	 0.00044885550349606316 
12.9 	 0.0004292423552903839 
12.92 	 0.00041139138079909136 
12.94 	 0.00038993246580519634 
12.96 	 0.00037038788826053475 
12.98 	 0.0003462741660823071 
13.0 	 0.0003241943678996758 
13.02 	 0.0002967322213986776 
13.04 	 0.0002717375743247202 
13.06 	 0.00024155781423650528 
13.08 	 0.0002147715623456041 
13.1 	 0.0001847841706824123 
13.12 	 0.00015954550382641782 
13.14 	 0.00013501519077687316 
13.16 	 0.00011689147896286174 
13.18 	 0.0001044248061625519 
13.2 	 0.00010045136602093774 
13.22 	 0.00010624815079125901 
13.24 	 0.00012355584129859017 
13.26 	 0.00015163681545528936 
13.28 	 0.00019569828468286065 
13.3 	 0.00024675913120558837 
13.32 	 0.00031949471037132695 
13.34 	 0.0003906183300282058 
13.36 	 0.0004887279299940866 
13.38 	 0.0005737129922496653 
13.4 	 0.0006878791500763875 
13.42 	 0.0007778118896098578 
13.44 	 0.000893609041277627 
13.46 	 0.000977716310496013 
13.48 	 0.0010787472094606193 
13.5 	 0.001146145882269705 
13.52 	 0.0012189486064544438 
13.54 	 0.001261813758040365 
13.56 	 0.0013009150149792489 
13.58 	 0.001318412632978833 
13.6 	 0.001329394669045081 
13.62 	 0.0013302618058902821 
13.64 	 0.0013293295141082579 
13.66 	 0.0013308106939314442 
13.68 	 0.0013407794005794742 
13.7 	 0.001363524630861618 
13.72 	 0.001407602072402649 
13.74 	 0.0014688646908916749 
13.76 	 0.0015643075926535463 
13.78 	 0.0016728838070877489 
13.8 	 0.0018263046031344048 
13.82 	 0.00198104013465728 
13.84 	 0.0021863208657057027 
13.86 	 0.0023773871777275557 
13.88 	 0.00261652622608995 
13.9 	 0.00282757346676752 
13.92 	 0.0030743308121336473 
13.94 	 0.00328452353815565 
13.96 	 0.003509971742014732 
13.98 	 0.0036961666312526615 
14.0 	 0.003874392838597157 
14.02 	 0.004013921668227378 
14.04 	 0.004126088806000545 
14.06 	 0.004200084978591912 
14.08 	 0.004236307088907885 
14.1 	 0.004233410050495242 
14.12 	 0.004193604733879576 
14.14 	 0.004114309779550468 
14.16 	 0.004009809867786161 
14.18 	 0.0038713194302155266 
14.2 	 0.0037275784924220294 
14.22 	 0.0035667620527212963 
14.24 	 0.0034246890310221157 
14.26 	 0.0032946629067393085 
14.28 	 0.0032066091430598257 
14.3 	 0.003164746958253325 
14.32 	 0.0031835198829638636 
14.34 	 0.003275588118486449 
14.36 	 0.003439806962538521 
14.38 	 0.003688760405985129 
14.4 	 0.00401064427471153 
14.42 	 0.004413675360278167 
14.44 	 0.004874082506217326 
14.46 	 0.005404289034167523 
14.48 	 0.005956959507269956 
14.5 	 0.006565774009354127 
14.52 	 0.007149567446596937 
14.54 	 0.007771126230229327 
14.56 	 0.008325513861580211 
14.58 	 0.008886127882953251 
14.6 	 0.009363446895347653 
14.62 	 0.009795604362774567 
14.64 	 0.01016592797524235 
14.66 	 0.010421654927875506 
14.68 	 0.010670980066261753 
14.7 	 0.010729103065973388 
14.72 	 0.010854837230678045 
14.74 	 0.010720712862793852 
14.76 	 0.010728189983657878 
14.78 	 0.010428615416232224 
14.8 	 0.010329990781487315 
14.82 	 0.009906769425446027 
14.84 	 0.009721339771815598 
14.86 	 0.009224765892319572 
14.88 	 0.008978639205170745 
14.9 	 0.008460280415404167 
14.92 	 0.008183731312368391 
14.94 	 0.007688515854271087 
14.96 	 0.0074110717409472575 
14.98 	 0.006970548259505791 
15.0 	 0.006715604263559415 
15.02 	 0.00634468962273425 
15.04 	 0.006125855189881546 
15.06 	 0.005823895851533394 
15.08 	 0.005644282107108671 
15.1 	 0.005399476424182618 
15.12 	 0.005253786265194861 
15.14 	 0.005049209179414997 
15.16 	 0.0049275886037637205 
15.18 	 0.004747048819303414 
15.2 	 0.004639298069584234 
15.22 	 0.004471504447823752 
15.24 	 0.0043703005231030805 
15.26 	 0.00421032592933704 
15.28 	 0.004112551342625025 
15.3 	 0.003960562171172697 
15.32 	 0.003866629272547933 
15.34 	 0.0037249947490410355 
15.36 	 0.0036369101203726525 
15.38 	 0.0035073781068923242 
15.4 	 0.003426736535487748 
15.42 	 0.003308959125503495 
15.44 	 0.0032358260737981345 
15.46 	 0.003127501578951066 
15.48 	 0.003060442634141307 
15.5 	 0.0029584420942606665 
15.52 	 0.0028952890588775193 
15.54 	 0.0027968369882150307 
15.56 	 0.0027355295875370767 
15.58 	 0.002638810132811909 
15.6 	 0.002577851392867265 
15.62 	 0.0024819682970656947 
15.64 	 0.0024204291066225346 
15.66 	 0.002325056046606411 
15.68 	 0.0022623619964706964 
15.7 	 0.0021674736401664733 
15.72 	 0.0021032554623592417 
15.74 	 0.0020091073935242817 
15.76 	 0.0019432427971458734 
15.78 	 0.0018505041835026005 
15.8 	 0.001783282092532736 
15.82 	 0.0016931086646302573 
15.84 	 0.0016253464327052722 
15.86 	 0.001539249817419326 
15.88 	 0.0014722311040900758 
15.9 	 0.0013917597304124096 
15.92 	 0.0013269814958091408 
15.94 	 0.0012533512162267069 
15.96 	 0.0011921813102552747 
15.98 	 0.0011260120169136077 
16.0 	 0.0010693983423893526 
16.02 	 0.001010642685289085 
16.04 	 0.0009589736734655976 
16.06 	 0.0009070292885929309 
16.08 	 0.0008601652333858237 
16.1 	 0.0008140987771899614 
16.12 	 0.000771527425694872 
16.14 	 0.0007303260313955236 
16.16 	 0.0006913719988562313 
16.18 	 0.0006541602795296579 
16.2 	 0.0006181895761854882 
16.22 	 0.0005843795675534794 
16.24 	 0.0005509619611748514 
16.26 	 0.0005203198127722204 
16.28 	 0.0004893228671185259 
16.3 	 0.0004619404854753893 
16.32 	 0.0004335307566192064 
16.34 	 0.00040969970006640385 
16.36 	 0.0003842370894877689 
16.38 	 0.00036425079254545124 
16.4 	 0.00034209814169957323 
16.42 	 0.0003260522428124092 
16.44 	 0.00030737658101169594 
16.46 	 0.0002950672531354576 
16.48 	 0.00027974386163950085 
16.5 	 0.0002707438404451888 
16.52 	 0.0002584446155568756 
16.54 	 0.0002523505853908588 
16.56 	 0.00024279582096844852 
16.58 	 0.00023952316975031377 
16.6 	 0.0002327548402961765 
16.62 	 0.00023268782024602415 
16.64 	 0.00022917179670387092 
16.66 	 0.00023302997106622498 
16.68 	 0.00023347102633546272 
16.7 	 0.00024191402562455386 
16.72 	 0.0002468426596730238 
16.74 	 0.0002600044876664997 
16.76 	 0.000269360701463838 
16.78 	 0.0002865730288010983 
16.8 	 0.0002995471414786177 
16.82 	 0.0003194323754190201 
16.84 	 0.00033468246759388103 
16.86 	 0.000355602438620728 
16.88 	 0.0003717365827671482 
16.9 	 0.00039236879503483276 
16.92 	 0.00040841715992561816 
16.94 	 0.00042813229228494344 
16.96 	 0.00044374617110357593 
16.98 	 0.00046256249061827134 
17.0 	 0.00047784271957650057 
17.02 	 0.0004959826709652407 
17.04 	 0.0005110482783682996 
17.06 	 0.0005283582979692399 
17.08 	 0.0005429038423534624 
17.1 	 0.0005584787260216268 
17.12 	 0.0005715703319776043 
17.14 	 0.00058381597625088 
17.16 	 0.000594044588773769 
17.18 	 0.000601185351448015 
17.2 	 0.0006071088672356603 
17.22 	 0.0006079206280362153 
17.24 	 0.0006086005096611383 
17.26 	 0.0006030555811895289 
17.28 	 0.0005984984476435297 
17.3 	 0.0005880963487387327 
17.32 	 0.0005795119343859018 
17.34 	 0.0005672566279740698 
17.36 	 0.0005571355671072282 
17.38 	 0.0005472478829217918 
17.4 	 0.0005392669160812906 
17.42 	 0.0005367116583910111 
17.44 	 0.0005354029138290507 
17.46 	 0.0005452247856927838 
17.48 	 0.0005552946937183634 
17.5 	 0.0005817045447213092 
17.52 	 0.0006069622365033797 
17.54 	 0.0006521525355844374 
17.56 	 0.0006942321984825644 
17.58 	 0.0007570515279776946 
17.6 	 0.0008143748089363534 
17.62 	 0.0008892727779148515 
17.64 	 0.0009567816833440986 
17.66 	 0.001033741777454337 
17.68 	 0.0011036875212152193 
17.7 	 0.0011698515960321795 
17.72 	 0.001233449287767865 
17.74 	 0.0012764525179131847 
17.76 	 0.0013258337917426415 
17.78 	 0.0013376932489430821 
17.8 	 0.001367552734907517 
17.82 	 0.0013471867326327908 
17.84 	 0.0013557235312921085 
17.86 	 0.001308719024928912 
17.88 	 0.0012976748974230586 
17.9 	 0.001233566474447993 
17.92 	 0.0012073476726247746 
17.94 	 0.0011360838239087036 
17.96 	 0.001100258673631471 
17.98 	 0.0010296047027128486 
18.0 	 0.0009893735213889862 
18.02 	 0.0009239820064396206 
18.04 	 0.0008832038250201626 
18.06 	 0.0008250242957767869 
18.08 	 0.0007860074256242062 
18.1 	 0.0007352687821322872 
18.12 	 0.0006991064047756964 
18.14 	 0.0006552360827595917 
18.16 	 0.0006223011162870831 
18.18 	 0.0005844966808639982 
18.2 	 0.0005548198330708505 
18.22 	 0.0005222851781516873 
18.24 	 0.0004957431291709724 
18.26 	 0.00046773357103937303 
18.28 	 0.0004441084883081179 
18.3 	 0.00041992017511474975 
18.32 	 0.0003989170312077442 
18.34 	 0.00037788753456277933 
18.36 	 0.00035915783503799424 
18.38 	 0.0003406855260113819 
18.4 	 0.0003238633240212769 
18.42 	 0.00030742897490849725 
18.44 	 0.0002921657746189792 
18.46 	 0.0002773426355334541 
18.48 	 0.0002633297640565459 
18.5 	 0.0002497798545231457 
18.52 	 0.00023675636473730754 
18.54 	 0.0002242187714909702 
18.56 	 0.00021196993603846606 
18.58 	 0.00020024880598414426 
18.6 	 0.00018860233966075878 
18.62 	 0.0001775604829077461 
18.64 	 0.00016638668564137476 
18.66 	 0.00015594821460608062 
18.68 	 0.00014516860241515264 
18.7 	 0.00013533208737048186 
18.72 	 0.00012493965540944912 
18.74 	 0.00011580140061776528 
18.76 	 0.00010589362331107178 
18.78 	 9.767755686654306e-05 
18.8 	 8.849869997256927e-05 
18.82 	 8.158418796097123e-05 
18.84 	 7.356501559878777e-05 
18.86 	 6.849764144506082e-05 
18.88 	 6.226941485582203e-05 
18.9 	 5.973558697511259e-05 
18.92 	 5.608743880592647e-05 
18.94 	 5.683540054698605e-05 
18.96 	 5.6589794049066527e-05 
18.98 	 6.128935177767707e-05 
19.0 	 6.509750245155667e-05 
19.02 	 7.414895610225096e-05 
19.04 	 8.225309720254881e-05 
19.06 	 9.558225195898794e-05 
19.08 	 0.00010763257896440229 
19.1 	 0.00012453879196915884 
19.12 	 0.0001395576379562742 
19.14 	 0.00015869837311312208 
19.16 	 0.00017523464273036665 
19.18 	 0.00019480584664152706 
19.2 	 0.00021123833222588478 
19.22 	 0.00022933401489210796 
19.24 	 0.0002442137837593798 
19.26 	 0.0002592531569230005 
19.28 	 0.00027156631063047387 
19.3 	 0.0002826277681064565 
19.32 	 0.00029191031917162065 
19.34 	 0.00029885123461959094 
19.36 	 0.0003051574169335157 
19.38 	 0.000308503359392994 
19.4 	 0.00031227527218524 
19.42 	 0.0003129596947253657 
19.44 	 0.00031485611444210924 
19.46 	 0.0003139255021056594 
19.48 	 0.0003146536665254321 
19.5 	 0.00031302486316164087 
19.52 	 0.00031320052845318315 
19.54 	 0.0003115086737961014 
19.56 	 0.00031155907084039756 
19.58 	 0.0003101026908198096 
19.6 	 0.0003102247713581459 
19.62 	 0.00030900275444073217 
19.64 	 0.00030918581980947423 
19.66 	 0.00030801061744602015 
19.68 	 0.00030811787132800633 
19.7 	 0.0003067682071097245 
19.72 	 0.00030664816135835823 
19.74 	 0.00030500426701895035 
19.76 	 0.00030458677468612273 
19.78 	 0.0003026950166823948 
19.8 	 0.0003020337120809319 
19.82 	 0.0003000826360676025 
19.84 	 0.0002993339610476837 
19.86 	 0.0002975688386305985 
19.88 	 0.0002969288765937378 
19.9 	 0.00029555575612255115 
19.92 	 0.00029519044555034203 
19.94 	 0.00029431206957549307 
19.96 	 0.00029430956339376163 
19.98 	 0.0002939097831773911 
20.0 	 0.0002942672944847613 
20.02 	 0.00029424092905774526 
20.04 	 0.00029488691498668305 
20.06 	 0.0002951064302746617 
20.08 	 0.0002959555860790754 
20.1 	 0.00029636329667283057 
20.12 	 0.00029739702103715127 
20.14 	 0.00029809769450186914 
20.16 	 0.00029944740680675164 
20.18 	 0.00030075413254604643 
20.2 	 0.0003027442981756643 
20.22 	 0.00030512246897419456 
20.24 	 0.0003082237533286365 
20.26 	 0.00031210589955329976 
20.28 	 0.00031677516641006963 
20.3 	 0.0003222826797070339 
20.32 	 0.00032872505935057825 
20.34 	 0.00033540498413628096 
20.36 	 0.0003433552481700701 
20.38 	 0.0003500804836443209 
20.4 	 0.00035872135374423854 
20.42 	 0.00036386984896991635 
20.44 	 0.00037195633493593234 
20.46 	 0.00037386285552923234 
20.48 	 0.00038002588487288225 
20.5 	 0.0003775361966047353 
20.52 	 0.0003806545357409596 
20.54 	 0.0003735195631984159 
20.56 	 0.00037302166393709857 
20.58 	 0.0003619398471571918 
20.6 	 0.0003579284548679151 
20.62 	 0.0003442417106463674 
20.64 	 0.00033740285478973535 
20.66 	 0.0003226284642668305 
20.68 	 0.00031397184340368274 
20.7 	 0.0002993930396413993 
20.72 	 0.0002899404493359918 
20.74 	 0.0002763917329418273 
20.76 	 0.0002669413757041494 
20.78 	 0.0002548002266509223 
20.8 	 0.00024583639390054986 
20.82 	 0.00023514723540587356 
20.84 	 0.00022688015296547993 
20.86 	 0.00021751371390632104 
20.88 	 0.00020998151567548802 
20.9 	 0.00020175917663988114 
20.92 	 0.0001949247294974996 
20.94 	 0.00018768284865575583 
20.96 	 0.00018149188579835035 
20.98 	 0.00017509738568912618 
21.0 	 0.0001694986702069963 
21.02 	 0.00016384116729579342 
21.04 	 0.0001587859767211299 
21.06 	 0.0001537670200184193 
21.08 	 0.00014920440640484392 
21.1 	 0.00014473261416531784 
21.12 	 0.000140608264113399 
21.14 	 0.00013659996819612464 
21.16 	 0.00013285891862419586 
21.18 	 0.0001292406122025456 
21.2 	 0.00012583106150393234 
21.22 	 0.00012254083174065148 
21.24 	 0.00011941680991959735 
21.26 	 0.00011640400248998888 
21.28 	 0.0001135262871316831 
21.3 	 0.00011074998567767625 
21.32 	 0.00010808574946484269 
21.34 	 0.00010551291721329424 
21.36 	 0.00010303483457507587 
21.38 	 0.00010063864727987276 
21.4 	 9.832394645253055e-05 
21.42 	 9.608247198113684e-05 
21.44 	 9.391211665697494e-05 
21.46 	 9.180729664093311e-05 
21.48 	 8.976530957070656e-05 
21.5 	 8.778215895650271e-05 
21.52 	 8.585505474806282e-05 
21.54 	 8.39810246381661e-05 
21.56 	 8.215733229161528e-05 
21.58 	 8.038181521379994e-05 
21.6 	 7.86516922861314e-05 
21.62 	 7.696566605325796e-05 
21.64 	 7.53206181138932e-05 
21.66 	 7.371642553813289e-05 
21.68 	 7.21491446830265e-05 
21.7 	 7.062039353168978e-05 
21.72 	 6.912471582060972e-05 
21.74 	 6.766625554289981e-05 
21.76 	 6.623720484538788e-05 
21.78 	 6.48450982204606e-05 
21.8 	 6.347893610056182e-05 
21.82 	 6.215031460758795e-05 
21.84 	 6.084447380968205e-05 
21.86 	 5.957717831475839e-05 
21.88 	 5.832995948368425e-05 
21.9 	 5.7121949605658075e-05 
21.92 	 5.593194061265138e-05 
21.94 	 5.4780596351193884e-05 
21.96 	 5.36459242500867e-05 
21.98 	 5.254749655307401e-05 
22.0 	 5.146517531644623e-05 
22.02 	 5.041467095200129e-05 
22.04 	 4.938035769243527e-05 
22.06 	 4.8372005172632746e-05 
22.08 	 4.73803512445803e-05 
22.1 	 4.640852672744206e-05 
22.12 	 4.545404097163422e-05 
22.14 	 4.45142791451122e-05 
22.16 	 4.359235170559062e-05 
22.18 	 4.268199057950793e-05 
22.2 	 4.17896248656976e-05 
22.22 	 4.090780031708039e-05 
22.24 	 4.004374061923376e-05 
22.26 	 3.9190765722939004e-05 
22.28 	 3.8355009255130294e-05 
22.3 	 3.753145757072663e-05 
22.32 	 3.672442463962681e-05 
22.34 	 3.593033150754232e-05 
22.36 	 3.515208258240923e-05 
22.38 	 3.438655901068113e-05 
22.4 	 3.3636357744151124e-05 
22.42 	 3.289767727475289e-05 
22.44 	 3.217398927053434e-05 
22.46 	 3.145999966712039e-05 
22.48 	 3.0760817822832096e-05 
22.5 	 3.0069438386339606e-05 
22.52 	 2.9392726884547205e-05 
22.54 	 2.872232616531241e-05 
22.56 	 2.8066390414093173e-05 
22.58 	 2.741594413944406e-05 
22.6 	 2.6779619398424185e-05 
22.62 	 2.6148657337037203e-05 
22.64 	 2.553130554801242e-05 
22.66 	 2.491972484309141e-05 
22.68 	 2.432109635280162e-05 
22.7 	 2.372893699482605e-05 
22.72 	 2.314897840943174e-05 
22.74 	 2.2576236788021443e-05 
22.76 	 2.2014915898056466e-05 
22.78 	 2.146143552376181e-05 
22.8 	 2.091862534617017e-05 
22.82 	 2.0384067781954627e-05 
22.84 	 1.985949997956855e-05 
22.86 	 1.9343374640069375e-05 
22.88 	 1.8836648769423984e-05 
22.9 	 1.833837110327027e-05 
22.92 	 1.784899510713122e-05 
22.94 	 1.736794640961446e-05 
22.96 	 1.6895384630204107e-05 
22.98 	 1.643095743286707e-05 
23.0 	 1.597467046247083e-05 
23.02 	 1.55262947437824e-05 
23.04 	 1.5085764981271134e-05 
23.06 	 1.4652918139471973e-05 
23.08 	 1.4227661964769945e-05 
23.1 	 1.3809868512581507e-05 
23.12 	 1.339943921508025e-05 
23.14 	 1.2996265726717298e-05 
23.16 	 1.2600251521712635e-05 
23.18 	 1.22113004414149e-05 
23.2 	 1.1829320636599853e-05 
23.22 	 1.1454224632206163e-05 
23.24 	 1.1085925524854564e-05 
23.26 	 1.0724342781745113e-05 
23.28 	 1.0369393773777201e-05 
23.3 	 1.0021004001520668e-05 
23.32 	 9.679093802506703e-06 
23.34 	 9.343594574210903e-06 
23.36 	 9.014427113720745e-06 
23.38 	 8.691530351204414e-06 
23.4 	 8.374820101353851e-06 
23.42 	 8.064249120681023e-06 
23.44 	 7.75971609465317e-06 
23.46 	 7.46120482961019e-06 
23.48 	 7.168570892199724e-06 
23.5 	 6.881868742343236e-06 
23.52 	 6.600859188044073e-06 
23.54 	 6.3257467007178315e-06 
23.56 	 6.056103628488548e-06 
23.58 	 5.792424002418457e-06 
23.6 	 5.533938617288892e-06 
23.62 	 5.281644999598594e-06 
23.64 	 5.034211138384738e-06 
23.66 	 4.793418257122785e-06 
23.68 	 4.557096834089217e-06 
23.7 	 4.32811069843096e-06 
23.72 	 4.103177281624815e-06 
23.74 	 3.886468192758849e-06 
23.76 	 3.6734042263132867e-06 
23.78 	 3.469498860421324e-06 
23.8 	 3.2688957531875936e-06 
23.82 	 3.078198937057939e-06 
23.84 	 2.8905803092636343e-06 
23.86 	 2.7131838859704605e-06 
23.88 	 2.5388020071524663e-06 
23.9 	 2.374367790441348e-06 
23.92 	 2.2130641223863357e-06 
23.94 	 2.060852538819862e-06 
23.96 	 1.9120590461878293e-06 
23.98 	 1.7711124817504192e-06 
24.0 	 1.6340079502212192e-06 
24.02 	 1.503420738321192e-06 
24.04 	 1.377179501808956e-06 
24.06 	 1.2563432020151902e-06 
24.08 	 1.1403709919255135e-06 
24.1 	 1.0291020348788435e-06 
24.12 	 9.231703880260276e-07 
24.14 	 8.216928981996602e-07 
24.16 	 7.259436897561549e-07 
24.18 	 6.347691273323016e-07 
24.2 	 5.496230617585231e-07 
24.22 	 4.694012045940908e-07 
24.24 	 3.9543441729185497e-07 
24.26 	 3.26838802873433e-07 
24.28 	 2.646834898178005e-07 
24.3 	 2.0835860337384756e-07 
24.32 	 1.5865384272037534e-07 
24.34 	 1.1521788050372738e-07 
24.36 	 7.860826462428332e-08 
24.38 	 4.8689581091723084e-08 
24.4 	 2.5855307257099752e-08 
24.42 	 1.0142510854516476e-08 
24.44 	 1.845634916605981e-09 
24.46 	 1.1418025442006319e-09 
24.48 	 8.282248496477073e-09 
24.5 	 2.3563500449919243e-08 
24.52 	 4.7247045209007653e-08 
24.54 	 7.972904514252088e-08 
24.56 	 1.2135227542349467e-07 
24.58 	 1.725629102546144e-07 
24.6 	 2.3391392506480358e-07 
24.62 	 3.057567703032067e-07 
24.64 	 3.8911411757526155e-07 
24.66 	 4.838897452350225e-07 
24.68 	 5.920798404452204e-07 
24.7 	 7.124239174966419e-07 
24.72 	 8.48784775567084e-07 
24.74 	 9.975070309348127e-07 
24.76 	 1.165733320399284e-06 
24.78 	 1.3456208770238939e-06 
24.8 	 1.549561008135462e-06 
24.82 	 1.763329129931774e-06 
24.84 	 2.0069600580496024e-06 
24.86 	 2.257611903599013e-06 
24.88 	 2.545543007214591e-06 
24.9 	 2.837301093574779e-06 
24.92 	 3.1760856500064216e-06 
24.94 	 3.515672898404029e-06 
24.96 	 3.915766919389395e-06 
24.98 	 4.313192101018459e-06 
25.0 	 4.790600206875938e-06 
25.02 	 5.258051888494766e-06 
25.04 	 5.833887221824761e-06 
25.06 	 6.3814339203829925e-06 
25.08 	 7.07746620828036e-06 
25.1 	 7.705566331302943e-06 
25.12 	 8.534957564085285e-06 
25.14 	 9.226200504612099e-06 
25.16 	 1.0181039011111097e-05 
25.18 	 1.0895656970761236e-05 
25.2 	 1.193579582630546e-05 
25.22 	 1.2615168043159283e-05 
25.24 	 1.3664971226883375e-05 
25.26 	 1.4243957838704759e-05 
25.28 	 1.5203301467414256e-05 
25.3 	 1.562809277831655e-05 
25.32 	 1.6399548192955595e-05 
25.34 	 1.6645667836595965e-05 
25.36 	 1.717074680714405e-05 
25.38 	 1.7255681650556895e-05 
25.4 	 1.7543581928701662e-05 
25.42 	 1.752823853690284e-05 
25.44 	 1.7659301860786385e-05 
25.46 	 1.7633486222551495e-05 
25.48 	 1.7731436321872967e-05 
25.5 	 1.778478687044429e-05 
25.52 	 1.7969945492931744e-05 
25.54 	 1.8159826130871933e-05 
25.56 	 1.850620212003145e-05 
25.58 	 1.883911432585927e-05 
25.6 	 1.9354674002873077e-05 
25.62 	 1.9791302904022032e-05 
25.64 	 2.0428032742986665e-05 
25.66 	 2.0908519745784185e-05 
25.68 	 2.159572181816622e-05 
25.7 	 2.2071318533119934e-05 
25.72 	 2.2755992456790877e-05 
25.74 	 2.321115213086509e-05 
25.76 	 2.3885053854132395e-05 
25.78 	 2.4338863177671714e-05 
25.8 	 2.5036378297613594e-05 
25.82 	 2.5521636463517247e-05 
25.84 	 2.6287216619088573e-05 
25.86 	 2.6817233037336052e-05 
25.88 	 2.7658912663673272e-05 
25.9 	 2.8200427176638424e-05 
25.92 	 2.9055480872515773e-05 
25.94 	 2.9523987350291544e-05 
25.96 	 3.025828214314538e-05 
25.98 	 3.0540018254013205e-05 
26.0 	 3.098696458918652e-05 
26.02 	 3.09788955303388e-05 
26.04 	 3.100403460973283e-05 
26.06 	 3.0656354245536346e-05 
26.08 	 3.0218212421514228e-05 
26.1 	 2.9562937957538277e-05 
26.12 	 2.87399045777835e-05 
26.14 	 2.789284304976683e-05 
26.16 	 2.686343719356452e-05 
26.18 	 2.5996628497324507e-05 
26.2 	 2.4985951724328902e-05 
26.22 	 2.4281294654933906e-05 
26.24 	 2.350115775666739e-05 
26.26 	 2.3104374713841866e-05 
26.28 	 2.2709970875603317e-05 
26.3 	 2.2700951516346505e-05 
26.32 	 2.277135949660191e-05 
26.34 	 2.315607593954806e-05 
26.36 	 2.3693367201326022e-05 
26.38 	 2.4413114821103734e-05 
26.4 	 2.53518581472005e-05 
26.42 	 2.6302350312914832e-05 
26.44 	 2.7524771059752637e-05 
26.46 	 2.857879633615817e-05 
26.48 	 2.99345009441667e-05 
26.5 	 3.096377601193852e-05 
26.52 	 3.229320374514894e-05 
26.54 	 3.318626184127137e-05 
26.56 	 3.434462335392369e-05 
26.58 	 3.501867305171745e-05 
26.6 	 3.589539633753545e-05 
26.62 	 3.630174352808684e-05 
26.64 	 3.683178129722443e-05 
26.66 	 3.695623961436192e-05 
26.68 	 3.7123054749187094e-05 
26.7 	 3.6983621297536945e-05 
26.72 	 3.6816114766947466e-05 
26.74 	 3.645933759669472e-05 
26.76 	 3.6024714333803256e-05 
26.78 	 3.552039781301465e-05 
26.8 	 3.49134812959018e-05 
26.82 	 3.434652758527097e-05 
26.84 	 3.367589145736718e-05 
26.86 	 3.313528967267932e-05 
26.88 	 3.2508295642950545e-05 
26.9 	 3.2075620967622314e-05 
26.92 	 3.158614414472705e-05 
26.94 	 3.13271944076546e-05 
26.96 	 3.1049413574165224e-05 
26.98 	 3.101137083259221e-05 
27.0 	 3.10002955157615e-05 
27.02 	 3.121377543520892e-05 
27.04 	 3.150987502130869e-05 
27.06 	 3.199264712992225e-05 
27.08 	 3.2626188275573973e-05 
27.1 	 3.3385033542800156e-05 
27.12 	 3.437648820426041e-05 
27.14 	 3.540552572513616e-05 
27.16 	 3.6760799592061095e-05 
27.18 	 3.8036936968867964e-05 
27.2 	 3.97383492102106e-05 
27.22 	 4.121567377806685e-05 
27.24 	 4.321062403087495e-05 
27.26 	 4.481547967440999e-05 
27.28 	 4.700530334851377e-05 
27.3 	 4.8633547249507076e-05 
27.32 	 5.086637962936408e-05 
27.34 	 5.238455095838323e-05 
27.36 	 5.44578332827533e-05 
27.38 	 5.571038611567694e-05 
27.4 	 5.7388995767716174e-05 
27.42 	 5.82138057680986e-05 
27.44 	 5.9266716392572995e-05 
27.46 	 5.952035272973329e-05 
27.48 	 5.9771938934487724e-05 
27.5 	 5.9363735290734665e-05 
27.52 	 5.874706850470619e-05 
27.54 	 5.7675415287130164e-05 
27.56 	 5.6267772914743826e-05 
27.58 	 5.4644096897243614e-05 
27.6 	 5.266472308756131e-05 
27.62 	 5.0706407061133836e-05 
27.64 	 4.846774477387321e-05 
27.66 	 4.644948812040076e-05 
27.68 	 4.4273486820275214e-05 
27.7 	 4.2448410205476436e-05 
27.72 	 4.057793664797134e-05 
27.74 	 3.9101457703074264e-05 
27.76 	 3.764096218737156e-05 
27.78 	 3.653348858443115e-05 
27.8 	 3.544071126317854e-05 
27.82 	 3.460538505673688e-05 
27.84 	 3.3735262278997696e-05 
27.86 	 3.301928179058483e-05 
27.88 	 3.2201326510222226e-05 
27.9 	 3.147130030458294e-05 
27.92 	 3.0588162475815556e-05 
27.94 	 2.9787233480334666e-05 
27.96 	 2.8820846307071774e-05 
27.98 	 2.798520097423435e-05 
28.0 	 2.701245944515017e-05 
28.02 	 2.6243785114601156e-05 
28.04 	 2.5390175230992916e-05 
28.06 	 2.480213993807189e-05 
28.08 	 2.4182348857071648e-05 
28.1 	 2.385102065817582e-05 
28.12 	 2.352692507026932e-05 
28.14 	 2.3468456104867924e-05 
28.16 	 2.3439155857979165e-05 
28.18 	 2.3618442820626105e-05 
28.2 	 2.3837448493220293e-05 
28.22 	 2.419405140078934e-05 
28.24 	 2.4597083557212295e-05 
28.26 	 2.507008354157959e-05 
28.28 	 2.559704667212967e-05 
28.3 	 2.613782865729972e-05 
28.32 	 2.6741379949702604e-05 
28.34 	 2.7314458094937736e-05 
28.36 	 2.7958265414208016e-05 
28.38 	 2.853736521580306e-05 
28.4 	 2.9192627303481222e-05 
28.42 	 2.97590510509306e-05 
28.44 	 3.0405500815156247e-05 
28.46 	 3.095046829049255e-05 
28.48 	 3.158121181768594e-05 
28.5 	 3.210852216503933e-05 
28.52 	 3.2732894434588593e-05 
28.54 	 3.325708246096577e-05 
28.56 	 3.389633790437618e-05 
28.58 	 3.4434928053512466e-05 
28.6 	 3.5111023060315616e-05 
28.62 	 3.567424866823989e-05 
28.64 	 3.639722456921692e-05 
28.66 	 3.698047591625954e-05 
28.68 	 3.774046694793566e-05 
28.7 	 3.832222049191031e-05 
28.72 	 3.908776167948383e-05 
28.74 	 3.96313578425865e-05 
28.76 	 4.035078020532199e-05 
28.78 	 4.0806442140682494e-05 
28.8 	 4.140866525999713e-05 
28.82 	 4.171464190224655e-05 
28.84 	 4.2110623847301795e-05 
28.86 	 4.2197115224704015e-05 
28.88 	 4.228906451979362e-05 
28.9 	 4.2090870756094757e-05 
28.92 	 4.179613840026333e-05 
28.94 	 4.1276283478525466e-05 
28.96 	 4.0563533217368017e-05 
28.98 	 3.9741290587982894e-05 
29.0 	 3.866324575691876e-05 
29.02 	 3.763148351020308e-05 
29.04 	 3.6332579908546493e-05 
29.06 	 3.5248761236889075e-05 
29.08 	 3.3935667526704207e-05 
29.1 	 3.298255934476575e-05 
29.12 	 3.1866567267149245e-05 
29.14 	 3.119749129357392e-05 
29.16 	 3.0434941810002582e-05 
29.18 	 3.01301840166587e-05 
29.2 	 2.9787581632923395e-05 
29.22 	 2.9842610860426105e-05 
29.24 	 2.9897941327592485e-05 
29.26 	 3.0244505471692596e-05 
29.28 	 3.061714465510843e-05 
29.3 	 3.116026868566799e-05 
29.32 	 3.1749745582758154e-05 
29.34 	 3.239888109847404e-05 
29.36 	 3.3112296535968046e-05 
29.38 	 3.379364453816961e-05 
29.4 	 3.4551796336016235e-05 
29.42 	 3.5203349077395206e-05 
29.44 	 3.5930845537655486e-05 
29.46 	 3.649270736196642e-05 
29.48 	 3.710833622585143e-05 
29.5 	 3.7522168503289464e-05 
29.52 	 3.7944856223690454e-05 
29.54 	 3.816762044452853e-05 
29.56 	 3.834033697374564e-05 
29.58 	 3.83649759714258e-05 
29.6 	 3.828261946162677e-05 
29.62 	 3.815061679903635e-05 
29.64 	 3.787088157731444e-05 
29.66 	 3.76648406668733e-05 
29.68 	 3.7290784952057486e-05 
29.7 	 3.710861704733237e-05 
29.72 	 3.675241279967257e-05 
29.74 	 3.667937093578045e-05 
29.76 	 3.643188137652091e-05 
29.78 	 3.652994127684305e-05 
29.8 	 3.645703061426314e-05 
29.82 	 3.6778478796406154e-05 
29.84 	 3.694510643151114e-05 
29.86 	 3.755843071177659e-05 
29.88 	 3.806166705663707e-05 
29.9 	 3.906827687313937e-05 
29.92 	 4.0055230946320765e-05 
29.94 	 4.15816684714151e-05 
29.96 	 4.3239535895467884e-05 
29.98 	 4.540470363627097e-05 
30.0 	 4.792568747131266e-05 
30.02 	 5.079372583968333e-05 
30.04 	 5.432372986632923e-05 
30.06 	 5.78550246746445e-05 
30.08 	 6.243066321189763e-05 
30.1 	 6.644210911219805e-05 
30.12 	 7.191825475846835e-05 
30.14 	 7.60665059271155e-05 
30.16 	 8.204814713240843e-05 
30.18 	 8.58513607900718e-05 
30.2 	 9.166618536527185e-05 
30.22 	 9.457036840386136e-05 
30.24 	 9.933366518721462e-05 
30.26 	 0.00010081360962915693 
30.28 	 0.00010361933026376894 
30.3 	 0.00010329754188162068 
30.32 	 0.00010350427368183115 
30.34 	 0.00010127111202734877 
30.36 	 9.876527186488626e-05 
30.38 	 9.486679584724612e-05 
30.4 	 9.015198666062344e-05 
30.42 	 8.518728478733875e-05 
30.44 	 7.922842914982822e-05 
30.46 	 7.401716916859911e-05 
30.48 	 6.791836727788429e-05 
30.5 	 6.327805359953642e-05 
30.52 	 5.796841891060676e-05 
30.54 	 5.451089087202247e-05 
30.56 	 5.057784021222176e-05 
30.58 	 4.862192809455782e-05 
30.6 	 4.631876542214322e-05 
30.62 	 4.5935858443121526e-05 
30.64 	 4.530276877879507e-05 
30.66 	 4.644031114164329e-05 
30.68 	 4.7458929305338925e-05 
30.7 	 5.006805725909799e-05 
30.72 	 5.279282130174062e-05 
30.74 	 5.6905755221818186e-05 
30.76 	 6.15398991059405e-05 
30.78 	 6.726869098753116e-05 
30.8 	 7.416364843511963e-05 
30.82 	 8.161454701873935e-05 
30.84 	 9.117678136295277e-05 
30.86 	 0.00010030397497505324 
30.88 	 0.00011280631671277852 
30.9 	 0.00012326698048111535 
30.92 	 0.00013858781706355518 
30.94 	 0.00014967796903854092 
30.96 	 0.00016702882181323373 
30.98 	 0.00017773690910093936 
31.0 	 0.0001954856693663703 
31.02 	 0.00020461485630168805 
31.04 	 0.0002203559401043216 
31.06 	 0.000226634858543145 
31.08 	 0.0002376405760994945 
31.1 	 0.0002398336704568896 
31.12 	 0.0002438603594148128 
31.14 	 0.00024099711125884048 
31.16 	 0.00023714088344696171 
31.18 	 0.00022891048429767713 
31.2 	 0.00021803481101705699 
31.22 	 0.0002051444730523803 
31.24 	 0.00018957688854506769 
31.26 	 0.00017374208188900063 
31.28 	 0.00015639520212141185 
31.3 	 0.00013984626375876686 
31.32 	 0.00012327158833846385 
31.34 	 0.0001080389702032923 
31.36 	 9.386917341755098e-05 
31.38 	 8.125687049532786e-05 
31.4 	 7.014649284322276e-05 
31.42 	 6.060735608208372e-05 
31.44 	 5.2489329558968675e-05 
31.46 	 4.5824742000713984e-05 
31.48 	 4.024242435460704e-05 
31.5 	 3.591561566121631e-05 
31.52 	 3.228692670027821e-05 
31.54 	 2.9685138292437812e-05 
31.56 	 2.746179708496119e-05 
31.58 	 2.604811201185395e-05 
31.6 	 2.478746608883614e-05 
31.62 	 2.415623469909435e-05 
31.64 	 2.3536143758353674e-05 
31.66 	 2.340969378348167e-05 
31.68 	 2.3212655563435585e-05 
31.7 	 2.3412371883720045e-05 
31.72 	 2.3497448687792892e-05 
31.74 	 2.3910323943081804e-05 
31.76 	 2.4184958436806307e-05 
31.78 	 2.473656373319077e-05 
31.8 	 2.5135230250831746e-05 
31.82 	 2.577300272855182e-05 
31.84 	 2.6245201684895544e-05 
31.86 	 2.693136794588715e-05 
31.88 	 2.7438053750886067e-05 
31.9 	 2.8149272850550833e-05 
31.92 	 2.8665161637026728e-05 
31.94 	 2.9395704378849057e-05 
31.96 	 2.991476879951878e-05 
31.98 	 3.068044230122769e-05 
32.0 	 3.122185946455549e-05 
32.02 	 3.206168674466734e-05 
32.04 	 3.2672649201119615e-05 
32.06 	 3.364478186245762e-05 
32.08 	 3.4395860521550106e-05 
32.1 	 3.5565023857717636e-05 
32.12 	 3.653521135988252e-05 
32.14 	 3.795247433831383e-05 
32.16 	 3.920547068726128e-05 
32.18 	 4.088645992225798e-05 
32.2 	 4.2445507889539125e-05 
32.22 	 4.435722696896145e-05 
32.24 	 4.6189554542149086e-05 
32.26 	 4.825516181966383e-05 
32.28 	 5.027597229595462e-05 
32.3 	 5.239996630920491e-05 
32.32 	 5.449916012537693e-05 
32.34 	 5.660528457368092e-05 
32.36 	 5.8689792249207386e-05 
32.38 	 6.075643693314791e-05 
32.4 	 6.279204605919367e-05 
32.42 	 6.486994226299971e-05 
32.44 	 6.690472457555718e-05 
32.46 	 6.910989541543791e-05 
32.48 	 7.126976977619161e-05 
32.5 	 7.375676570245826e-05 
32.52 	 7.621853763475287e-05 
32.54 	 7.914826771828928e-05 
32.56 	 8.210724228845057e-05 
32.58 	 8.562469922575905e-05 
32.6 	 8.927482288474133e-05 
32.62 	 9.350371468770103e-05 
32.64 	 9.803790569967656e-05 
32.66 	 0.00010308582033382869 
32.68 	 0.00010870870420689618 
32.7 	 0.00011466475792282395 
32.72 	 0.00012159655938739508 
32.74 	 0.00012850045495308346 
32.76 	 0.00013694550726952792 
32.78 	 0.00014471842698702457 
32.8 	 0.0001547803027036612 
32.82 	 0.00016313507761093947 
32.84 	 0.00017468483215887827 
32.86 	 0.00018306349026246866 
32.88 	 0.0001956009107647922 
32.9 	 0.00020319602489996953 
32.92 	 0.00021577081419899786 
32.94 	 0.000221653521870814 
32.96 	 0.00023291931443007082 
32.98 	 0.00023623892576036441 
33.0 	 0.0002446873253876318 
33.02 	 0.0002448740875226923 
33.04 	 0.0002492291602172096 
33.06 	 0.000246147387505218 
33.08 	 0.00024580083714741146 
33.1 	 0.0002398282631075106 
33.12 	 0.00023511749621247952 
33.14 	 0.00022712464630806912 
33.16 	 0.000219285117274107 
33.18 	 0.00021047802755089573 
33.2 	 0.0002012590674910056 
33.22 	 0.0001928889445060026 
33.24 	 0.00018400676762930576 
33.26 	 0.0001770358092533051 
33.28 	 0.00016970566768544746 
33.3 	 0.0001645660647577143 
33.32 	 0.00015926947559768122 
33.34 	 0.0001558069921590319 
33.36 	 0.00015230466970411448 
33.38 	 0.00014990042361041447 
33.4 	 0.00014741177691336515 
33.42 	 0.00014520730959979733 
33.44 	 0.00014267361549343056 
33.46 	 0.0001398191793749767 
33.48 	 0.0001362024565218215 
33.5 	 0.0001320806103232143 
33.52 	 0.00012666600234052304 
33.54 	 0.00012106896587084172 
33.56 	 0.00011371519755109903 
33.58 	 0.00010695121262484803 
33.6 	 9.819936188341879e-05 
33.62 	 9.108068281600117e-05 
33.64 	 8.204114544345533e-05 
33.66 	 7.570653363128362e-05 
33.68 	 6.772981634348061e-05 
33.7 	 6.331737090054123e-05 
33.72 	 5.7575475962154316e-05 
33.74 	 5.586457199970592e-05 
33.76 	 5.302894267334977e-05 
33.78 	 5.42206316512407e-05 
33.8 	 5.436184622760466e-05 
33.82 	 5.809782552850177e-05 
33.84 	 6.0801515048082996e-05 
33.86 	 6.638055112136173e-05 
33.88 	 7.097701841119349e-05 
33.9 	 7.763127160974841e-05 
33.92 	 8.342331124602998e-05 
33.94 	 9.052572951997529e-05 
33.96 	 9.694290492802416e-05 
33.98 	 0.00010409292349355239 
34.0 	 0.00011075349647050337 
34.02 	 0.00011776098299596446 
34.04 	 0.00012446006989499508 
34.06 	 0.00013127951023274515 
34.08 	 0.00013793899394251447 
34.1 	 0.00014460089021015138 
34.12 	 0.00015121514090641485 
34.14 	 0.00015777946781141293 
34.16 	 0.00016437715440124946 
34.18 	 0.00017091192290668645 
34.2 	 0.00017753766897039814 
34.22 	 0.00018411321792667997 
34.24 	 0.00019082195023221326 
34.26 	 0.0001975097703576293 
34.28 	 0.00020436437769137593 
34.3 	 0.0002112341781202539 
34.32 	 0.000218301147306939 
34.34 	 0.00022541596895681972 
34.36 	 0.00023275913866035783 
34.38 	 0.0002401716043459779 
34.4 	 0.00024784719577696657 
34.42 	 0.00025559955395426485 
34.44 	 0.0002636551699209941 
34.46 	 0.000271783295019898 
34.48 	 0.0002802611410751637 
34.5 	 0.00028880053013340666 
34.52 	 0.0002977430545961994 
34.54 	 0.0003067345529770345 
34.56 	 0.0003161904411597229 
34.58 	 0.000325684605002815 
34.6 	 0.00033571421143772836 
34.62 	 0.00034577421298487054 
34.64 	 0.0003564542989847045 
34.66 	 0.00036715663424121954 
34.68 	 0.00037858315875205354 
34.7 	 0.0003900135882048625 
34.72 	 0.0004022989472626478 
34.74 	 0.00041454085971263444 
34.76 	 0.0004278016716287664 
34.78 	 0.00044091821515565 
34.8 	 0.00045525474342542657 
34.82 	 0.00046927361594090465 
34.84 	 0.00048475098948498895 
34.86 	 0.0004996653483719719 
34.88 	 0.0005163125374246493 
34.9 	 0.0005321054501600294 
34.92 	 0.0005499417425912265 
34.94 	 0.000566624120103005 
34.96 	 0.0005857032061059063 
34.98 	 0.0006033365945776192 
35.0 	 0.0006237760898410781 
35.02 	 0.000642448184898164 
35.04 	 0.000664405448315872 
35.06 	 0.000684147337465204 
35.08 	 0.0007077231238949896 
35.1 	 0.000728396687363589 
35.12 	 0.0007534918741962987 
35.14 	 0.0007747118527594878 
35.16 	 0.0008009068503322526 
35.18 	 0.000822069214864172 
35.2 	 0.0008486129681308056 
35.22 	 0.0008690666450152565 
35.24 	 0.0008950360652837798 
35.26 	 0.0009143708549025833 
35.28 	 0.0009389964761044838 
35.3 	 0.0009573586148422195 
35.32 	 0.0009804319207489568 
35.34 	 0.0009987529849004066 
35.36 	 0.0010209725000666224 
35.38 	 0.0010410221636368287 
35.4 	 0.0010641398798962609 
35.42 	 0.001088382589263407 
35.44 	 0.0011150997343780337 
35.46 	 0.0011464261333971344 
35.48 	 0.001180125709982753 
35.5 	 0.001221597871289354 
35.52 	 0.0012661055902409605 
35.54 	 0.0013208449647699866 
35.56 	 0.0013803944081289918 
35.58 	 0.001451623328542784 
35.6 	 0.0015310469127668388 
35.62 	 0.0016221084916505802 
35.64 	 0.0017270520182676027 
35.66 	 0.0018410927005252356 
35.68 	 0.0019778803423396198 
35.7 	 0.002116928830400766 
35.72 	 0.0022917115390372954 
35.74 	 0.0024552219601603 
35.76 	 0.0026722849664596185 
35.78 	 0.00285573863899827 
35.8 	 0.0031152384649652427 
35.82 	 0.003309730402912693 
35.84 	 0.003605472224598421 
35.86 	 0.003798867662671464 
35.88 	 0.0041169050575825235 
35.9 	 0.004296167653009604 
35.92 	 0.0046151189775843066 
35.94 	 0.004768654134569207 
35.96 	 0.005062690652458071 
35.98 	 0.005181956937628503 
36.0 	 0.005426924741724883 
36.02 	 0.00550781559640406 
36.04 	 0.00568933971654513 
36.06 	 0.005734228835864133 
36.08 	 0.005854437913113112 
36.1 	 0.005874219910969723 
36.12 	 0.0059528376271536804 
36.14 	 0.005966345978968939 
36.16 	 0.0060340730403220045 
36.18 	 0.006062998977546685 
36.2 	 0.006149684402831429 
36.22 	 0.006210870508730409 
36.24 	 0.0063344930018071335 
36.26 	 0.0064341955941147845 
36.28 	 0.006595981588378453 
36.3 	 0.006729064147250623 
36.32 	 0.0069158348205015895 
36.34 	 0.007068923760353757 
36.36 	 0.007259607576555335 
36.38 	 0.007415050606409509 
36.4 	 0.007586873769019731 
36.42 	 0.007724863709092024 
36.44 	 0.007856276121520919 
36.46 	 0.00795449415570207 
36.48 	 0.008025097101300623 
36.5 	 0.008057682277012585 
36.52 	 0.008048116151173554 
36.54 	 0.007987589843300296 
36.56 	 0.00788256092844733 
36.58 	 0.007707801853929963 
36.6 	 0.007502983775942709 
36.62 	 0.007212385343624215 
36.64 	 0.006922455691981534 
36.66 	 0.006545475742418864 
36.68 	 0.006208115745522704 
36.7 	 0.005805361259113906 
36.72 	 0.005476449498006956 
36.74 	 0.005123588510807269 
36.76 	 0.004863162921448428 
36.78 	 0.0046258214324728375 
36.8 	 0.004480512811111621 
36.82 	 0.00439445330853143 
36.84 	 0.004384247781756994 
36.86 	 0.004448996855199012 
36.88 	 0.004562419922786527 
36.9 	 0.0047449065339005185 
36.92 	 0.004942254202899317 
36.94 	 0.005183394832786905 
36.96 	 0.005406258149665239 
36.98 	 0.005629077266600389 
37.0 	 0.0058141368056809925 
37.02 	 0.005937699222239219 
37.04 	 0.006031692737875689 
37.06 	 0.005993193207887596 
37.08 	 0.005965355520502369 
37.1 	 0.005743714908761098 
37.12 	 0.0055926964671460695 
37.14 	 0.005219237253834634 
37.16 	 0.004972126794929142 
37.18 	 0.00451763277320154 
37.2 	 0.0042198584919131855 
37.22 	 0.003763856510338408 
37.24 	 0.003463271748429841 
37.26 	 0.003065459485237741 
37.28 	 0.002798602922457166 
37.3 	 0.0024877356081058977 
37.32 	 0.002274266416035936 
37.34 	 0.0020534028181018503 
37.36 	 0.0018981656920014067 
37.38 	 0.0017559285501189037 
37.4 	 0.001654276747847679 
37.42 	 0.0015740228536696473 
37.44 	 0.0015166007279785898 
37.46 	 0.001481064512781577 
37.48 	 0.001456545114938394 
37.5 	 0.0014490240063821103 
37.52 	 0.0014451655797911341 
37.54 	 0.0014493314216901078 
37.56 	 0.0014535044691145079 
37.58 	 0.0014536488910227693 
37.6 	 0.0014538136327815077 
37.62 	 0.001436466219928679 
37.64 	 0.0014228574397221643 
37.66 	 0.0013794990453944145 
37.68 	 0.0013464951309986152 
37.7 	 0.001275925439416093 
37.72 	 0.0012231833622269297 
37.74 	 0.0011317875383523306 
37.76 	 0.0010639385608923687 
37.78 	 0.0009631735209519787 
37.8 	 0.0008880621620095935 
37.82 	 0.0007902910173325895 
37.84 	 0.0007164592464839217 
37.86 	 0.0006312483402971102 
37.88 	 0.0005656640105436572 
37.9 	 0.0004980367266857643 
37.92 	 0.0004448182161893017 
37.94 	 0.0003955519060366205 
37.96 	 0.00035590039443856973 
37.98 	 0.00032302614576580174 
38.0 	 0.00029610491742369457 
38.02 	 0.00027671855580051533 
38.04 	 0.0002610313716493445 
38.06 	 0.00025291952624374676 
38.08 	 0.000247804635770912 
38.1 	 0.00025071266316225536 
38.12 	 0.0002576716828290997 
38.14 	 0.00027408551272933976 
38.16 	 0.0002976230849041212 
38.18 	 0.0003328322431843468 
38.2 	 0.0003803251333790422 
38.22 	 0.00044155814612968576 
38.24 	 0.0005216326118026724 
38.26 	 0.0006162820643847538 
38.28 	 0.0007354995375995233 
38.3 	 0.0008685457488354593 
38.32 	 0.001026977719859276 
38.34 	 0.0011974685902471065 
38.36 	 0.0013848284435909021 
38.38 	 0.0015814312384015078 
38.4 	 0.00177618330270972 
38.42 	 0.001973484086149371 
38.44 	 0.002146683793658122 
38.46 	 0.002306274268348111 
38.48 	 0.002429419927978096 
38.5 	 0.002509565283905797 
38.52 	 0.002563072819447345 
38.54 	 0.0025354563267642825 
38.56 	 0.0025139778263934126 
38.58 	 0.0023785093743698043 
38.6 	 0.002291411069218239 
38.62 	 0.0020780536457307808 
38.64 	 0.0019456087832107308 
38.66 	 0.001700563669779222 
38.68 	 0.0015475444119252264 
38.7 	 0.0013135534996145256 
38.72 	 0.0011626045230535842 
38.74 	 0.0009663167029440859 
38.76 	 0.0008335012702407529 
38.78 	 0.0006843108980209865 
38.8 	 0.0005779350834571247 
38.82 	 0.000473771739027919 
38.84 	 0.0003959212113018184 
38.86 	 0.0003299085123033097 
38.88 	 0.00027915968782732576 
38.9 	 0.00024402761980517443 
38.92 	 0.00021779297662828683 
38.94 	 0.00020768138867831512 
38.96 	 0.00020335817662254154 
38.98 	 0.0002138436232803973 
39.0 	 0.0002288221999238658 
39.02 	 0.00025619249134268684 
39.04 	 0.0002873720958356303 
39.06 	 0.00032796367236897963 
39.08 	 0.00037153607999699986 
39.1 	 0.0004216196760003168 
39.12 	 0.00047355624761167447 
39.14 	 0.0005298748334262108 
39.16 	 0.0005869697382202253 
39.18 	 0.0006475992045811283 
39.2 	 0.0007084010591527104 
39.22 	 0.0007732539143388991 
39.24 	 0.0008381166686249656 
39.26 	 0.0009084370874709564 
39.28 	 0.000978369928675157 
39.3 	 0.001055098803241628 
39.32 	 0.0011298466074349286 
39.34 	 0.0012114672468641716 
39.36 	 0.001287840708300871 
39.38 	 0.0013687948710776156 
39.4 	 0.0014403068998750275 
39.42 	 0.001511067266352029 
39.44 	 0.0015693214053597005 
39.46 	 0.0016186509196751 
39.48 	 0.0016559633452022922 
39.5 	 0.0016747960652439818 
39.52 	 0.0016868251872106579 
39.54 	 0.001672027042787262 
39.56 	 0.0016592269778393333 
39.58 	 0.0016152060102568072 
39.6 	 0.001582625284756921 
39.62 	 0.0015199026914607167 
39.64 	 0.0014756510433803398 
39.66 	 0.0014072984671956656 
39.68 	 0.0013604159881272784 
39.7 	 0.001298239478639017 
39.72 	 0.0012566565786516738 
39.74 	 0.0012085794851067976 
39.76 	 0.0011775892890317063 
39.78 	 0.0011466171065936423 
39.8 	 0.0011280549823353535 
39.82 	 0.0011125069314579536 
39.84 	 0.0011047363254144819 
39.86 	 0.0010993582399307354 
39.88 	 0.001098092192118268 
39.9 	 0.0010958229113117 
39.92 	 0.0010956236623541411 
39.94 	 0.001089746345126162 
39.96 	 0.0010857695977066963 
39.98 	 0.0010719074061450392 
40.0 	 0.0010613036781082629 
40.02 	 0.0010385590147882285 
40.04 	 0.0010210805429549177 
40.06 	 0.000991895269209187 
40.08 	 0.0009696188284903838 
40.1 	 0.0009385502963097407 
40.12 	 0.0009149821268334374 
40.14 	 0.000887075645879723 
40.16 	 0.0008660636704508894 
40.18 	 0.0008455080903026555 
40.2 	 0.0008303193772550846 
40.22 	 0.0008197025014466321 
40.24 	 0.0008124352708168712 
40.26 	 0.0008125350170749432 
40.28 	 0.0008138662045590132 
40.3 	 0.0008237650368360511 
40.32 	 0.0008329682001991071 
40.34 	 0.0008503410682449728 
40.36 	 0.0008655221502100819 
40.38 	 0.0008870579924964337 
40.4 	 0.0009055652702745314 
40.42 	 0.0009275081615320077 
40.44 	 0.000946432817373784 
40.46 	 0.0009651650678159467 
40.48 	 0.0009818017269759738 
40.5 	 0.0009943337791221863 
40.52 	 0.0010064880800803745 
40.54 	 0.0010107577399688593 
40.56 	 0.0010168805783553655 
40.58 	 0.001011877889100166 
40.6 	 0.001011103159251253 
40.62 	 0.000996917458843432 
40.64 	 0.0009891037569481663 
40.66 	 0.0009669583400545135 
40.68 	 0.000952773535580202 
40.7 	 0.000925008892243339 
40.72 	 0.0009060047609871551 
40.74 	 0.0008758994458733293 
40.76 	 0.00085446635309243 
40.78 	 0.0008258089124397036 
40.8 	 0.0008049072890155953 
40.82 	 0.0007813304432223158 
40.84 	 0.000763963394314015 
40.86 	 0.0007481603345737787 
40.88 	 0.0007366653100483922 
40.9 	 0.0007296864722204664 
40.92 	 0.0007250529396761584 
40.94 	 0.0007259184849259904 
40.96 	 0.0007274157736636397 
40.98 	 0.0007332554034262192 
41.0 	 0.0007385947458698762 
41.02 	 0.0007453957700687557 
41.04 	 0.0007514309014005619 
41.06 	 0.0007552205577075604 
41.08 	 0.0007589213259134611 
41.1 	 0.000756942787652424 
41.12 	 0.0007562391826555529 
41.14 	 0.0007476233324369744 
41.16 	 0.0007418116655378976 
41.18 	 0.0007275115799425635 
41.2 	 0.000717166170549447 
41.22 	 0.0006993369878140729 
41.24 	 0.0006859074664703502 
41.26 	 0.0006671600211270143 
41.28 	 0.0006525221923382426 
41.3 	 0.0006353995317627139 
41.32 	 0.0006215443355448767 
41.34 	 0.000608295110252973 
41.36 	 0.0005971684628523799 
41.38 	 0.0005896622249138928 
41.4 	 0.0005830361090662694 
41.42 	 0.000582621904663937 
41.44 	 0.0005818710646516826 
41.46 	 0.0005890976887296998 
41.48 	 0.0005948676044268775 
41.5 	 0.0006091492093244574 
41.52 	 0.0006210403258480732 
41.54 	 0.000640462690932159 
41.56 	 0.000656920378802312 
41.58 	 0.0006783886477596908 
41.6 	 0.0006969287921675455 
41.62 	 0.0007167440979067182 
41.64 	 0.000734493478761219 
41.66 	 0.0007492419610014837 
41.68 	 0.0007636205401355206 
41.7 	 0.0007710578433792124 
41.72 	 0.000780361527712457 
41.74 	 0.0007799182359221435 
41.76 	 0.0007836050002430037 
41.78 	 0.0007763023042677543 
41.8 	 0.0007749120312748632 
41.82 	 0.0007627782715092291 
41.84 	 0.0007575659706039187 
41.86 	 0.0007428777157016497 
41.88 	 0.0007353423983949103 
41.9 	 0.0007200253250255884 
41.92 	 0.0007115203171427502 
41.94 	 0.0006968632880727894 
41.96 	 0.0006883792484121413 
41.98 	 0.0006750040048742873 
42.0 	 0.000667096361226033 
42.02 	 0.0006550369978494289 
42.04 	 0.0006478194462296075 
42.06 	 0.0006366284012772688 
42.08 	 0.0006298013656604588 
42.1 	 0.0006187136528635879 
42.12 	 0.0006116725050516873 
42.14 	 0.000599894978902189 
42.16 	 0.0005919706681552061 
42.18 	 0.0005790691774710185 
42.2 	 0.0005698668178523553 
42.22 	 0.0005560845167961729 
42.24 	 0.0005457745400225051 
42.26 	 0.0005320741271138954 
42.28 	 0.0005214590122274433 
42.3 	 0.0005092058390769685 
42.32 	 0.0004994780491363829 
42.34 	 0.0004898866292380251 
42.36 	 0.00048216181206933045 
42.38 	 0.00047576604376037697 
42.4 	 0.0004706126336752139 
42.42 	 0.0004670092297721967 
42.44 	 0.00046420761555810157 
42.46 	 0.00046218696870241094 
42.48 	 0.00046082620694555554 
42.5 	 0.0004588213776172745 
42.52 	 0.0004576617074202 
42.54 	 0.0004543003439167836 
42.56 	 0.0004522098693530876 
42.58 	 0.0004467209766676253 
42.6 	 0.000442994913217211 
42.62 	 0.0004353238344114213 
42.64 	 0.00042978990921196936 
42.66 	 0.0004204432122784869 
42.68 	 0.00041337454576797307 
42.7 	 0.0004031376239940868 
42.72 	 0.0003950683922799619 
42.74 	 0.00038474605459249545 
42.76 	 0.0003762880420070055 
42.78 	 0.0003665398681360197 
42.8 	 0.00035824848318900213 
42.82 	 0.00034950645648338036 
42.84 	 0.0003417909966386825 
42.86 	 0.00033421670482444374 
42.88 	 0.00032727257252692537 
42.9 	 0.00032073788903266083 
42.92 	 0.00031450184472746546 
42.94 	 0.0003086201107989602 
42.96 	 0.000302781931410337 
42.98 	 0.0002970297697681601 
43.0 	 0.0002911370068371154 
43.02 	 0.00028506916713681106 
43.04 	 0.00027872243661972276 
43.06 	 0.0002722132976434322 
43.08 	 0.00026528928927258466 
43.1 	 0.0002586872082499875 
43.12 	 0.0002514879789469546 
43.14 	 0.0002455903776253038 
43.16 	 0.0002388343772884414 
43.18 	 0.0002346794778496754 
43.2 	 0.0002293217504746111 
43.22 	 0.00022788822216465997 
43.24 	 0.00022484494419591265 
43.26 	 0.00022678884862626137 
43.28 	 0.00022668875464903435 
43.3 	 0.00023221171970041896 
43.32 	 0.00023527239190289343 
43.34 	 0.0002441409157152022 
43.36 	 0.00025019291959167656 
43.38 	 0.0002618657675514493 
43.4 	 0.000270478691487915 
43.42 	 0.0002842758365359155 
43.44 	 0.0002949165895875437 
43.46 	 0.00031017360954753095 
43.48 	 0.0003223423078137593 
43.5 	 0.00033851436712013783 
43.52 	 0.0003518273214520341 
43.54 	 0.0003685216776827204 
43.56 	 0.0003827284405977618 
43.58 	 0.0003996586804495116 
43.6 	 0.0004145948585419958 
43.62 	 0.0004314722474886573 
43.64 	 0.00044696692974628943 
43.66 	 0.0004633687551301703 
43.68 	 0.00047913961856605575 
43.7 	 0.0004944072687821071 
43.72 	 0.0005099801068626255 
43.74 	 0.000523195304844722 
43.76 	 0.0005378782590581332 
43.78 	 0.000547948239829344 
43.8 	 0.0005608791348463889 
43.82 	 0.0005667312722595043 
43.84 	 0.0005769991079916236 
43.86 	 0.0005778403255410826 
43.88 	 0.0005846567666134774 
43.9 	 0.0005802073184874625 
43.92 	 0.0005830778845959553 
43.94 	 0.0005736792218093655 
43.96 	 0.0005725147226816061 
43.98 	 0.0005590622817590327 
44.0 	 0.0005541921478813209 
44.02 	 0.000537930493305702 
44.04 	 0.0005300228502642893 
44.06 	 0.0005122992587977263 
44.08 	 0.000502229568072948 
44.1 	 0.00048429226942887194 
44.12 	 0.0004730073072608806 
44.14 	 0.0004558771351027582 
44.16 	 0.00044427611639517715 
44.18 	 0.0004286717582329943 
44.2 	 0.0004175014772779881 
44.22 	 0.00040379444395119885 
44.24 	 0.0003935569240880522 
44.26 	 0.0003817602389546331 
44.28 	 0.0003726533637933498 
44.3 	 0.0003624680711410567 
44.32 	 0.0003543907225109607 
44.34 	 0.00034532054033705356 
44.36 	 0.000337953429696178 
44.38 	 0.0003294598911314122 
44.4 	 0.0003223944032910553 
44.42 	 0.00031403650214650153 
44.44 	 0.0003068986347358135 
44.46 	 0.00029840909457683597 
44.48 	 0.00029093464197802544 
44.5 	 0.0002822261322829745 
44.52 	 0.0002742803779127419 
44.54 	 0.00026541930426411285 
44.56 	 0.000256993821244965 
44.58 	 0.0002481935505093671 
44.6 	 0.00023942584831367943 
44.62 	 0.00023108241419044455 
44.64 	 0.00022231680210343797 
44.66 	 0.0002150552709022049 
44.68 	 0.00020690764972030622 
44.7 	 0.00020156542316596138 
44.72 	 0.00019490957376031704 
44.74 	 0.0001923901766066073 
44.76 	 0.00018819353970403382 
44.78 	 0.00018918746607419774 
44.8 	 0.00018820585400595877 
44.82 	 0.00019286516309769487 
44.84 	 0.00019531636001674337 
44.86 	 0.0002030381439816028 
44.88 	 0.0002084291117726506 
44.9 	 0.000217897657028165 
44.92 	 0.00022511936704482585 
44.94 	 0.00023464926882611463 
44.96 	 0.00024230881573443537 
44.98 	 0.00025036221608083775 
45.0 	 0.00025719808684318145 
45.02 	 0.00026283393630561455 
45.04 	 0.0002680370215456223 
45.06 	 0.00027108774785520993 
45.08 	 0.00027442125354970603 
45.1 	 0.0002753586983926021 
45.12 	 0.00027707402453113796 
45.14 	 0.00027669201338853576 
45.16 	 0.00027732003371297784 
45.18 	 0.0002764150085071972 
45.2 	 0.00027654233365755776 
45.22 	 0.00027571129924841467 
45.24 	 0.0002758223562611695 
45.26 	 0.0002753931381187052 
45.28 	 0.00027579636459583375 
45.3 	 0.0002758360385760742 
45.32 	 0.0002766432083830619 
45.34 	 0.0002769876437489337 
45.36 	 0.0002781108978769553 
45.38 	 0.00027840067617892567 
45.4 	 0.0002795621382031559 
45.42 	 0.00027930919603529736 
45.44 	 0.00028008519526643406 
45.46 	 0.00027879275892497363 
45.48 	 0.0002787099270859938 
45.5 	 0.0002760277585208483 
45.52 	 0.000274696078849002 
45.54 	 0.00027055294161934957 
45.56 	 0.0002677910257067303 
45.58 	 0.000262447085660938 
45.6 	 0.0002583540371402415 
45.62 	 0.00025236001801622054 
45.64 	 0.0002473170183177476 
45.66 	 0.0002414157971134843 
45.68 	 0.00023603468878487124 
45.7 	 0.00023105337954422415 
45.72 	 0.00022610033553277918 
45.74 	 0.0002228515976906928 
45.76 	 0.00021915462124029689 
45.78 	 0.0002183279716127439 
45.8 	 0.00021665249386918994 
45.82 	 0.0002186701534143192 
45.84 	 0.00021955288746088812 
45.86 	 0.00022440384667631952 
45.88 	 0.00022797885776660128 
45.9 	 0.00023510329679208444 
45.92 	 0.00024099932584111918 
45.94 	 0.0002493211332316434 
45.96 	 0.0002567051937641742 
45.98 	 0.0002648614949427294 
46.0 	 0.0002726389016614828 
46.02 	 0.00027934498244807775 
46.04 	 0.00028644392799868695 
46.06 	 0.00029083636034065943 
46.08 	 0.0002964637562895434 
46.1 	 0.0002982657856170242 
46.12 	 0.0003020417099569538 
46.14 	 0.000301498388545141 
46.16 	 0.0003034384840549656 
46.18 	 0.0003010943617733542 
46.2 	 0.0003014769863763209 
46.22 	 0.00029792896901249024 
46.24 	 0.0002971250487698922 
46.26 	 0.0002928559307306554 
46.28 	 0.00029119697438208833 
46.3 	 0.0002865232150915951 
46.32 	 0.0002842445343589853 
46.34 	 0.00027934969699697774 
46.36 	 0.0002766004817921904 
46.38 	 0.0002716013538424053 
46.4 	 0.00026848753806484933 
46.42 	 0.0002634893162402033 
46.44 	 0.0002601150055460188 
46.46 	 0.00025523553898903746 
46.48 	 0.00025172322938274167 
46.5 	 0.00024708739620134045 
46.52 	 0.00024357354412661198 
46.54 	 0.00023929077456308012 
46.56 	 0.00023590499765632417 
46.58 	 0.0002320461285722392 
46.6 	 0.00022888769106550023 
46.62 	 0.00022547380541171737 
46.64 	 0.00022259782131919196 
46.66 	 0.00021960571770054564 
46.68 	 0.00021702475308584828 
46.7 	 0.00021440461267663264 
46.72 	 0.00021210254049733936 
46.74 	 0.0002097976097285181 
46.76 	 0.00020774652889217973 
46.78 	 0.00020570525793564055 
46.8 	 0.00020387637915819973 
46.82 	 0.00020205380783829612 
46.84 	 0.00020041897666372302 
46.86 	 0.00019877189783902018 
46.88 	 0.0001972997412328497 
46.9 	 0.00019578387264457462 
46.92 	 0.00019443815275138192 
46.94 	 0.00019301247015736793 
46.96 	 0.0001917573634089456 
46.98 	 0.00019039324790434713 
47.0 	 0.00018920315410749617 
47.02 	 0.0001878903073943183 
47.04 	 0.00018675639734262798 
47.06 	 0.00018549879502256217 
47.08 	 0.00018442579686427107 
47.1 	 0.0001832286585337418 
47.12 	 0.00018222275293877747 
47.14 	 0.00018107912396655515 
47.16 	 0.00018013508009173099 
47.18 	 0.00017902133525152114 
47.2 	 0.0001781176989343752 
47.22 	 0.00017700027620959038 
47.24 	 0.00017610483809032764 
47.26 	 0.0001749520230652322 
47.28 	 0.00017403196690876047 
47.3 	 0.00017282217922930964 
47.32 	 0.00017185132373254665 
47.34 	 0.00017057473944953694 
47.36 	 0.00016953539106564358 
47.38 	 0.0001681928485729817 
47.4 	 0.00016707615411178664 
47.42 	 0.00016568059793966376 
47.44 	 0.00016448997312506792 
47.46 	 0.00016307006973652666 
47.48 	 0.00016182657480438918 
47.5 	 0.00016042623354361793 
47.52 	 0.00015916923134897746 
47.54 	 0.0001578379080407442 
47.56 	 0.00015661589508503442 
47.58 	 0.00015539256622798008 
47.6 	 0.00015424720567462028 
47.62 	 0.00015314783256174897 
47.64 	 0.00015210097706103542 
47.66 	 0.00015111769393875025 
47.68 	 0.00015016943585839914 
47.7 	 0.00014928066781082891 
47.72 	 0.0001484176666328805 
47.74 	 0.00014760053294071978 
47.76 	 0.00014680659613925515 
47.78 	 0.00014604342370316207 
47.8 	 0.00014530503712012528 
47.82 	 0.00014458298384834308 
47.84 	 0.0001438891500076573 
47.86 	 0.00014319786967791979 
47.88 	 0.0001425387041017421 
47.9 	 0.0001418703263568032 
47.92 	 0.0001412378593816304 
47.94 	 0.00014058872410540048 
47.96 	 0.00013997893739726042 
47.98 	 0.0001393498154480388 
48.0 	 0.00013876287446556432 
48.02 	 0.00013815647813170712 
48.04 	 0.0001375943775425446 
48.06 	 0.0001370124852003093 
48.08 	 0.0001364765073928313 
48.1 	 0.00013591950404924678 
48.12 	 0.00013541002819219755 
48.14 	 0.00013487886156629403 
48.16 	 0.00013439734348043484 
48.18 	 0.000133895454021741 
48.2 	 0.00013344630748805258 
48.22 	 0.00013297960346298228 
48.24 	 0.000132570352158304 
48.26 	 0.0001321454109639659 
48.28 	 0.00013178530074144397 
48.3 	 0.00013140679211035586 
48.32 	 0.0001311044955341908 
48.34 	 0.00013077192545820165 
48.36 	 0.0001305320417922861 
48.38 	 0.00013023560145621044 
48.4 	 0.00013005366346323876 
48.42 	 0.00012977066475124854 
48.44 	 0.0001296283806156831 
48.46 	 0.0001293236495176962 
48.48 	 0.00012918806373112928 
48.5 	 0.00012882075388155118 
48.52 	 0.00012865004880172122 
48.54 	 0.00012818537471890706 
48.56 	 0.00012794013346235063 
48.58 	 0.00012736073271299819 
48.6 	 0.00012701576782627507 
48.62 	 0.0001263271046052929 
48.64 	 0.00012587841616038697 
48.66 	 0.0001251058785975803 
48.68 	 0.0001245699649506478 
48.7 	 0.00012374931159930266 
48.72 	 0.000123155588850293 
48.74 	 0.00012232072987214767 
48.76 	 0.00012170021396750996 
48.78 	 0.00012087268508782449 
48.8 	 0.00012024702700222466 
48.82 	 0.00011943073999991994 
48.84 	 0.0001188055653197564 
48.86 	 0.00011798874933162211 
48.88 	 0.00011735391051748439 
48.9 	 0.00011651743977504014 
48.92 	 0.00011585403196741932 
48.94 	 0.00011498234871353695 
48.96 	 0.00011427311254440703 
48.98 	 0.00011336256968553655 
49.0 	 0.00011260060586776506 
49.02 	 0.00011166155684747464 
49.04 	 0.00011085344340886413 
49.06 	 0.00010990596841708268 
49.08 	 0.00010906868032823634 
49.1 	 0.00010813505979186165 
49.12 	 0.00010728928865030422 
49.14 	 0.00010638728833771866 
49.16 	 0.00010555093907232323 
49.18 	 0.00010469059247507074 
49.2 	 0.00010387518792180162 
49.22 	 0.00010305946425979698 
49.24 	 0.00010227014608303598 
49.26 	 0.00010149816313537904 
49.28 	 0.00010073631781732318 
49.3 	 0.00010000717051066363 
49.32 	 9.927400527241289e-05 
49.34 	 9.858954760057288e-05 
49.36 	 9.788899244189639e-05 
49.38 	 9.725453836067581e-05 
49.4 	 9.659428125355802e-05 
49.42 	 9.601694696209959e-05 
49.44 	 9.540707740787444e-05 
49.46 	 9.489234700153743e-05 
49.48 	 9.434198579824124e-05 
49.5 	 9.388990089916292e-05 
49.52 	 9.340314065464674e-05 
49.54 	 9.300589555840948e-05 
49.56 	 9.257889209053208e-05 
49.58 	 9.222117015549658e-05 
49.6 	 9.184186575999896e-05 
49.62 	 9.15040262117977e-05 
49.64 	 9.115479159193175e-05 
49.66 	 9.081763200418653e-05 
49.68 	 9.047971982429977e-05 
49.7 	 9.012882553256439e-05 
49.72 	 8.978675693868844e-05 
49.74 	 8.941481710129732e-05 
49.76 	 8.905908040763952e-05 
49.78 	 8.866568879604194e-05 
49.8 	 8.829314063461923e-05 
49.82 	 8.788274844574335e-05 
49.84 	 8.749518198932655e-05 
49.86 	 8.707441383799577e-05 
49.88 	 8.667632317747504e-05 
49.9 	 8.625170653452416e-05 
49.92 	 8.584821146284274e-05 
49.94 	 8.542483258036162e-05 
49.96 	 8.502030035003514e-05 
49.98 	 8.460138681319734e-05 
50.0 	 8.419884239552112e-05 
50.02 	 8.37859883147553e-05 
50.04 	 8.338712948058684e-05 
50.06 	 8.298081374497751e-05 
50.08 	 8.258634978684424e-05 
50.1 	 8.218645773161409e-05 
50.12 	 8.17965083045125e-05 
50.14 	 8.140268225079194e-05 
50.16 	 8.101705664146792e-05 
50.18 	 8.062883395519683e-05 
50.2 	 8.02471299777512e-05 
50.22 	 7.986394438233654e-05 
50.24 	 7.948552284388631e-05 
50.26 	 7.910671002093237e-05 
50.28 	 7.873067566434194e-05 
50.3 	 7.835562323380207e-05 
50.32 	 7.798095895542496e-05 
50.34 	 7.760948832756504e-05 
50.36 	 7.723545602203968e-05 
50.38 	 7.686843781075122e-05 
50.4 	 7.649528502040159e-05 
50.42 	 7.613536688799861e-05 
50.44 	 7.576524664925314e-05 
50.46 	 7.541740407754901e-05 
50.48 	 7.50552090713636e-05 
50.5 	 7.472666366992688e-05 
50.52 	 7.438025056259413e-05 
50.54 	 7.407928237254174e-05 
50.56 	 7.375849217015475e-05 
50.58 	 7.349198091561546e-05 
50.6 	 7.320616378261565e-05 
50.62 	 7.297636357721039e-05 
50.64 	 7.273084581908308e-05 
50.66 	 7.253265178777537e-05 
50.68 	 7.232543953823897e-05 
50.7 	 7.21457050654065e-05 
50.72 	 7.196611522791175e-05 
50.74 	 7.17859798877473e-05 
50.76 	 7.161634280090452e-05 
50.78 	 7.141613170300664e-05 
50.8 	 7.123631502462126e-05 
50.82 	 7.100113080279509e-05 
50.84 	 7.079414765333044e-05 
50.86 	 7.051775816997194e-05 
50.88 	 7.027409208018042e-05 
50.9 	 6.995953673847527e-05 
50.92 	 6.967847714818294e-05 
50.94 	 6.933547457338097e-05 
50.96 	 6.902329203313282e-05 
50.98 	 6.866399123206674e-05 
51.0 	 6.83302333428626e-05 
51.02 	 6.796530776718956e-05 
51.04 	 6.761906927841106e-05 
51.06 	 6.725555750916705e-05 
51.08 	 6.690314848916281e-05 
51.1 	 6.654437666550313e-05 
51.12 	 6.618887749949837e-05 
51.14 	 6.583593358768204e-05 
51.16 	 6.547831312740492e-05 
51.18 	 6.513219492599918e-05 
51.2 	 6.477328556843698e-05 
51.22 	 6.443689444656168e-05 
51.24 	 6.407947019025502e-05 
51.26 	 6.375878817055066e-05 
51.28 	 6.340903572258635e-05 
51.3 	 6.311296991590366e-05 
51.32 	 6.27806890252184e-05 
51.34 	 6.251930337923128e-05 
51.36 	 6.22163694385471e-05 
51.38 	 6.1997726223621e-05 
51.4 	 6.17348919819712e-05 
51.42 	 6.156145890186032e-05 
51.44 	 6.134440911139468e-05 
51.46 	 6.121058101292572e-05 
51.48 	 6.103686182974222e-05 
51.5 	 6.092908926087522e-05 
51.52 	 6.07875588410657e-05 
51.54 	 6.068764259469874e-05 
51.56 	 6.056119724674963e-05 
51.58 	 6.045185397483591e-05 
51.6 	 6.0322739025920066e-05 
51.62 	 6.019336098405683e-05 
51.64 	 6.004914652810655e-05 
51.66 	 5.9899456690362505e-05 
51.68 	 5.973739647439506e-05 
51.7 	 5.957753164497932e-05 
51.72 	 5.940564796141117e-05 
51.74 	 5.925257939158151e-05 
51.76 	 5.908703114461988e-05 
51.78 	 5.895848734992039e-05 
51.8 	 5.8818024031291786e-05 
51.82 	 5.8725823481624576e-05 
51.84 	 5.862502390844069e-05 
51.86 	 5.856990669361968e-05 
51.88 	 5.8513307947463e-05 
51.9 	 5.848303059081556e-05 
51.92 	 5.846211631610867e-05 
51.94 	 5.8433728558417366e-05 
51.96 	 5.842800420347692e-05 
51.98 	 5.837390069684273e-05 
52.0 	 5.835599022387103e-05 
52.02 	 5.825187926355155e-05 
52.04 	 5.819509928332041e-05 
52.06 	 5.8027134235344315e-05 
52.08 	 5.7912981492538594e-05 
52.1 	 5.768154438402786e-05 
52.12 	 5.7504534815005315e-05 
52.14 	 5.7223522782281905e-05 
52.16 	 5.699190367943245e-05 
52.18 	 5.668413492293701e-05 
52.2 	 5.641660295724276e-05 
52.22 	 5.6107222580391784e-05 
52.24 	 5.58271094078865e-05 
52.26 	 5.553716921053897e-05 
52.28 	 5.5266083950383363e-05 
52.3 	 5.500797624534971e-05 
52.32 	 5.4760664131662185e-05 
52.34 	 5.453631092992258e-05 
52.36 	 5.431788905609725e-05 
52.38 	 5.4119868468976856e-05 
52.4 	 5.392593862844926e-05 
52.42 	 5.3741091395358545e-05 
52.44 	 5.3560551298653954e-05 
52.46 	 5.3374984082248525e-05 
52.48 	 5.3194638608372596e-05 
52.5 	 5.299855732816047e-05 
52.52 	 5.2808030355523074e-05 
52.54 	 5.2598805248140845e-05 
52.56 	 5.239408823132035e-05 
52.58 	 5.217655561326264e-05 
52.6 	 5.196100649384149e-05 
52.62 	 5.1745065658260526e-05 
52.64 	 5.152765824658597e-05 
52.66 	 5.132424956762137e-05 
52.68 	 5.11159370120093e-05 
52.7 	 5.0933024329948485e-05 
52.72 	 5.074274079930282e-05 
52.74 	 5.058276856927076e-05 
52.76 	 5.0414583996510536e-05 
52.78 	 5.027416058939358e-05 
52.8 	 5.012648274564784e-05 
52.82 	 4.999810123454313e-05 
52.84 	 4.9864910782157696e-05 
52.86 	 4.9739764954244255e-05 
52.88 	 4.961309024484334e-05 
52.9 	 4.9483775539960634e-05 
52.92 	 4.935628124132878e-05 
52.94 	 4.9218445480449386e-05 
52.96 	 4.908519957686163e-05 
52.98 	 4.893782157310718e-05 
53.0 	 4.879684213724395e-05 
53.02 	 4.8641425728119516e-05 
53.04 	 4.8493180465264875e-05 
53.06 	 4.833247935721496e-05 
53.08 	 4.8178851458194565e-05 
53.1 	 4.801571221001334e-05 
53.12 	 4.7858966546503236e-05 
53.14 	 4.769561664739889e-05 
53.16 	 4.753769537105871e-05 
53.18 	 4.7375510762253455e-05 
53.2 	 4.7217732258432755e-05 
53.22 	 4.705733617563803e-05 
53.24 	 4.6900398588042205e-05 
53.26 	 4.674189987320346e-05 
53.28 	 4.658603401099928e-05 
53.3 	 4.642925853389334e-05 
53.32 	 4.6274399321919435e-05 
53.34 	 4.6119042790499595e-05 
53.36 	 4.5964946312702226e-05 
53.38 	 4.581064485980656e-05 
53.4 	 4.5656938849496516e-05 
53.42 	 4.550329907886304e-05 
53.44 	 4.534950036298159e-05 
53.46 	 4.5196146003439684e-05 
53.48 	 4.504169875362975e-05 
53.5 	 4.488838007157952e-05 
53.52 	 4.473276489467769e-05 
53.54 	 4.4579549827698454e-05 
53.56 	 4.442249263880722e-05 
53.58 	 4.427001981031615e-05 
53.6 	 4.4111790788418565e-05 
53.62 	 4.3961513751233045e-05 
53.64 	 4.3803247869994265e-05 
53.66 	 4.365755290592961e-05 
53.68 	 4.350146418957439e-05 
53.7 	 4.336354163462041e-05 
53.72 	 4.32128918164555e-05 
53.74 	 4.308631661851146e-05 
53.76 	 4.294507387332689e-05 
53.78 	 4.283318138785021e-05 
53.8 	 4.2705441172985675e-05 
53.82 	 4.261068163211093e-05 
53.84 	 4.250002487888012e-05 
53.86 	 4.242345765016102e-05 
53.88 	 4.233239885226699e-05 
53.9 	 4.227335136002451e-05 
53.92 	 4.2202888941540814e-05 
53.94 	 4.2158681719706394e-05 
53.96 	 4.2107842518337785e-05 
53.98 	 4.207352420770139e-05 
54.0 	 4.203885352341113e-05 
54.02 	 4.200711377488312e-05 
54.04 	 4.198231374604373e-05 
54.06 	 4.194395347304598e-05 
54.08 	 4.192010758724603e-05 
54.1 	 4.186537396499393e-05 
54.12 	 4.183213278209401e-05 
54.14 	 4.175278832241171e-05 
54.16 	 4.1700445015089764e-05 
54.18 	 4.15918870606055e-05 
54.2 	 4.151368912595633e-05 
54.22 	 4.137619409482444e-05 
54.24 	 4.1269942991035126e-05 
54.26 	 4.110842251034067e-05 
54.28 	 4.0976663502972625e-05 
54.3 	 4.079902232679003e-05 
54.32 	 4.064779152052669e-05 
54.34 	 4.046261888311896e-05 
54.36 	 4.029937024679966e-05 
54.38 	 4.011389424882656e-05 
54.4 	 3.994548776185679e-05 
54.42 	 3.976442775313245e-05 
54.44 	 3.959583768511569e-05 
54.46 	 3.942126438200073e-05 
54.48 	 3.925519167150037e-05 
54.5 	 3.908708318969025e-05 
54.52 	 3.892424629455488e-05 
54.54 	 3.8761290192285495e-05 
54.56 	 3.8601009013789944e-05 
54.58 	 3.8441314229576136e-05 
54.6 	 3.8282078626808444e-05 
54.62 	 3.8123679727143136e-05 
54.64 	 3.7963582527696384e-05 
54.66 	 3.780480432764657e-05 
54.68 	 3.764189461315864e-05 
54.7 	 3.748172784823134e-05 
54.72 	 3.7314431973598665e-05 
54.74 	 3.7153035396205066e-05 
54.76 	 3.698077128519519e-05 
54.78 	 3.68200761983907e-05 
54.8 	 3.664404675834512e-05 
54.82 	 3.6488241743570095e-05 
54.84 	 3.631217128990245e-05 
54.86 	 3.616768499549624e-05 
54.88 	 3.599806347140054e-05 
54.9 	 3.5872678949578e-05 
54.92 	 3.571806423064165e-05 
54.94 	 3.561908563696726e-05 
54.96 	 3.5488306542296134e-05 
54.98 	 3.5420199564082405e-05 
55.0 	 3.531984731187579e-05 
55.02 	 3.5282233125639803e-05 
55.04 	 3.521434651005487e-05 
55.06 	 3.520131158994081e-05 
55.08 	 3.516228588550896e-05 
55.1 	 3.516350816091911e-05 
55.12 	 3.514481423610359e-05 
55.14 	 3.514818371922328e-05 
55.16 	 3.513866907759292e-05 
55.18 	 3.5133368128856714e-05 
55.2 	 3.512219457085058e-05 
55.22 	 3.5101035468929146e-05 
55.24 	 3.5080102501154194e-05 
55.26 	 3.504037642622596e-05 
55.28 	 3.500545908938805e-05 
55.3 	 3.494830792568225e-05 
55.32 	 3.489881739006094e-05 
55.34 	 3.482773678033145e-05 
55.36 	 3.4765580709501376e-05 
55.38 	 3.4684825650119104e-05 
55.4 	 3.461304306013677e-05 
55.42 	 3.4526477646583894e-05 
55.44 	 3.444816203719095e-05 
55.46 	 3.435871634195452e-05 
55.48 	 3.427642293192497e-05 
55.5 	 3.418603019471859e-05 
55.52 	 3.4101601220735534e-05 
55.54 	 3.4011385090621836e-05 
55.56 	 3.392601842963806e-05 
55.58 	 3.3836540415784584e-05 
55.6 	 3.375094342096078e-05 
55.62 	 3.366240903586613e-05 
55.64 	 3.3576942903873685e-05 
55.66 	 3.348933618346188e-05 
55.68 	 3.3404112843142613e-05 
55.7 	 3.3317272349103576e-05 
55.72 	 3.3232207233524404e-05 
55.74 	 3.314588413758943e-05 
55.76 	 3.30607409589105e-05 
55.78 	 3.297469046816889e-05 
55.8 	 3.28891708939701e-05 
55.82 	 3.280330965663916e-05 
55.84 	 3.271722594608311e-05 
55.86 	 3.263183994687868e-05 
55.88 	 3.254536077860154e-05 
55.9 	 3.2461289783193304e-05 
55.92 	 3.237518554075202e-05 
55.94 	 3.229386682635577e-05 
55.96 	 3.220962458477039e-05 
55.98 	 3.213287778465705e-05 
56.0 	 3.20525412787512e-05 
56.02 	 3.198205065261491e-05 
56.04 	 3.190771190816892e-05 
56.06 	 3.184432373929478e-05 
56.08 	 3.177736953826117e-05 
56.1 	 3.172050455921412e-05 
56.12 	 3.166092871076133e-05 
56.14 	 3.160846616753074e-05 
56.16 	 3.1554634872728326e-05 
56.18 	 3.1503441716517014e-05 
56.2 	 3.145252060823126e-05 
56.22 	 3.1399438744732875e-05 
56.24 	 3.134832254621162e-05 
56.26 	 3.129113336438673e-05 
56.28 	 3.123741315929988e-05 
56.3 	 3.1175307928268176e-05 
56.32 	 3.1117803944360845e-05 
56.34 	 3.105120941397775e-05 
56.36 	 3.098989853848165e-05 
56.38 	 3.0919895968631074e-05 
56.4 	 3.085543755948987e-05 
56.42 	 3.0783183667071305e-05 
56.44 	 3.0716417015249516e-05 
56.46 	 3.0642838696772245e-05 
56.48 	 3.0574503909091336e-05 
56.5 	 3.050025930146255e-05 
56.52 	 3.043093676668919e-05 
56.54 	 3.035646319238378e-05 
56.56 	 3.0286573540698903e-05 
56.58 	 3.0212091580591646e-05 
56.6 	 3.0141853092229154e-05 
56.62 	 3.00673614715471e-05 
56.64 	 2.999675960888792e-05 
56.66 	 2.992213623185531e-05 
56.68 	 2.9851024200522248e-05 
56.7 	 2.9776249471747108e-05 
56.72 	 2.9704584547424288e-05 
56.74 	 2.9629933235454464e-05 
56.76 	 2.955797976053412e-05 
56.78 	 2.9483991313741508e-05 
56.8 	 2.941229351725113e-05 
56.82 	 2.9339506001452945e-05 
56.84 	 2.9268620867883898e-05 
56.86 	 2.9197285008811336e-05 
56.88 	 2.912749932542988e-05 
56.9 	 2.9057529669009363e-05 
56.92 	 2.898881686508813e-05 
56.94 	 2.892001627107902e-05 
56.96 	 2.8852258851159814e-05 
56.98 	 2.8784580451544825e-05 
57.0 	 2.871781569768035e-05 
57.02 	 2.8651391727361995e-05 
57.04 	 2.8585818444823997e-05 
57.06 	 2.8520740467504852e-05 
57.08 	 2.8456489186629027e-05 
57.1 	 2.8392605748769943e-05 
57.12 	 2.832954843779455e-05 
57.14 	 2.826654263147795e-05 
57.16 	 2.8204395443688028e-05 
57.18 	 2.814209876307587e-05 
57.2 	 2.808075385541852e-05 
57.22 	 2.801936075469361e-05 
57.24 	 2.795909837694259e-05 
57.26 	 2.7898994397586737e-05 
57.28 	 2.7840292234575478e-05 
57.3 	 2.778157973406069e-05 
57.32 	 2.7724617598878347e-05 
57.34 	 2.7666753557184265e-05 
57.36 	 2.7611036559953795e-05 
57.38 	 2.7552942357950187e-05 
57.4 	 2.749739944889097e-05 
57.42 	 2.7437995328844974e-05 
57.44 	 2.7381500604713398e-05 
57.46 	 2.7320244565658584e-05 
57.48 	 2.7262146028668816e-05 
57.5 	 2.719917353721698e-05 
57.52 	 2.7139439805581052e-05 
57.54 	 2.707527606953133e-05 
57.56 	 2.7014240962467613e-05 
57.58 	 2.694941554110707e-05 
57.6 	 2.688743992598561e-05 
57.62 	 2.6822340368759776e-05 
57.64 	 2.675970353213285e-05 
57.66 	 2.6694696798624363e-05 
57.68 	 2.6631726831105098e-05 
57.7 	 2.6567297076576106e-05 
57.72 	 2.650449069504161e-05 
57.74 	 2.6441168336352436e-05 
57.76 	 2.6379094702228294e-05 
57.78 	 2.6317220873612303e-05 
57.8 	 2.625627182843178e-05 
57.82 	 2.6195844321443092e-05 
57.84 	 2.6136078634716247e-05 
57.86 	 2.6076847908033088e-05 
57.88 	 2.6018085878033506e-05 
57.9 	 2.59598126421273e-05 
57.92 	 2.5901883143303965e-05 
57.94 	 2.5844514473913926e-05 
57.96 	 2.5787415985353062e-05 
57.98 	 2.5731038393797322e-05 
58.0 	 2.567488511785845e-05 
58.02 	 2.5619545542854143e-05 
58.04 	 2.5564395446139296e-05 
58.06 	 2.550999630286546e-05 
58.08 	 2.54557595695105e-05 
58.1 	 2.5402129151731642e-05 
58.12 	 2.5348645634503222e-05 
58.14 	 2.529569378388351e-05 
58.16 	 2.5242885142698313e-05 
58.18 	 2.519068102281142e-05 
58.2 	 2.513862221132903e-05 
58.22 	 2.50873326966618e-05 
58.24 	 2.5036191551302766e-05 
58.26 	 2.4985965111683813e-05 
58.28 	 2.4935896300675258e-05 
58.3 	 2.4886813121085175e-05 
58.32 	 2.483791923265996e-05 
58.34 	 2.4790037777878947e-05 
58.36 	 2.4742420427197554e-05 
58.38 	 2.4695849943213632e-05 
58.4 	 2.4649682107148353e-05 
58.42 	 2.460460173787784e-05 
58.44 	 2.4560149935620572e-05 
58.46 	 2.451676044863855e-05 
58.48 	 2.447434621181519e-05 
58.5 	 2.4432787378893093e-05 
58.52 	 2.4392713508856578e-05 
58.54 	 2.4352964532643147e-05 
58.56 	 2.4315409889575562e-05 
58.58 	 2.4277162340100477e-05 
58.6 	 2.424202630057083e-05 
58.62 	 2.4204547423691325e-05 
58.64 	 2.4171266156358464e-05 
58.66 	 2.41333438277957e-05 
58.68 	 2.4100784598117477e-05 
58.7 	 2.4060873643616604e-05 
58.72 	 2.4027444954650452e-05 
58.74 	 2.398404875381601e-05 
58.76 	 2.3948074521478752e-05 
58.78 	 2.3900232706902005e-05 
58.8 	 2.386046718140066e-05 
58.82 	 2.3808103261209072e-05 
58.84 	 2.3764134832347403e-05 
58.86 	 2.370805247582795e-05 
58.88 	 2.366036746117931e-05 
58.9 	 2.3601868315132402e-05 
58.92 	 2.3551523850083952e-05 
58.94 	 2.3491838799667016e-05 
58.96 	 2.3439917839731193e-05 
58.98 	 2.3379752350298053e-05 
59.0 	 2.332689650571015e-05 
59.02 	 2.3266315367228836e-05 
59.04 	 2.3212571436864628e-05 
59.06 	 2.3151239625242414e-05 
59.08 	 2.30962566836022e-05 
59.1 	 2.3033851120026028e-05 
59.12 	 2.2977263368626384e-05 
59.14 	 2.2913802939793392e-05 
59.16 	 2.285555739941744e-05 
59.18 	 2.279149075204318e-05 
59.2 	 2.2731957197404163e-05 
59.22 	 2.2668014592471437e-05 
59.24 	 2.2607869965667853e-05 
59.26 	 2.2544808788675613e-05 
59.28 	 2.248480807187903e-05 
59.3 	 2.2423199036018544e-05 
59.32 	 2.2363968099561676e-05 
59.34 	 2.2304102460558208e-05 
59.36 	 2.2246032678034998e-05 
59.38 	 2.21879462746614e-05 
59.4 	 2.213119508444704e-05 
59.42 	 2.2074755598709807e-05 
59.44 	 2.2019310283847414e-05 
59.46 	 2.196431111157547e-05 
59.48 	 2.1910066730172554e-05 
59.5 	 2.1856294699454857e-05 
59.52 	 2.1803115419820346e-05 
59.54 	 2.1750385589416472e-05 
59.56 	 2.169814049596034e-05 
59.58 	 2.1646306209164733e-05 
59.6 	 2.1594884122763377e-05 
59.62 	 2.1543833871429253e-05 
59.64 	 2.1493145727822204e-05 
59.66 	 2.1442795518605728e-05 
59.68 	 2.1392771362673345e-05 
59.7 	 2.134305715677567e-05 
59.72 	 2.1293641854173646e-05 
59.74 	 2.1244513671664054e-05 
59.76 	 2.1195663087828138e-05 
59.78 	 2.1147080873384384e-05 
59.8 	 2.1098758968708384e-05 
59.82 	 2.1050689817320148e-05 
59.84 	 2.100286657729172e-05 
59.86 	 2.0955282883768603e-05 
59.88 	 2.0907932870894473e-05 
59.9 	 2.0860811074106308e-05 
59.92 	 2.081391240738682e-05 
59.94 	 2.076723211308768e-05 
59.96 	 2.0720765734149562e-05 
59.98 	 2.0674509082332752e-05 
