0.0 	 1.1017575735666665 
0.02 	 1.1017587476934356 
0.04 	 1.1017622904979283 
0.06 	 1.1017681988195724 
0.08 	 1.1017764770946203 
0.1 	 1.1017871274219844 
0.12 	 1.1018001556132848 
0.14 	 1.1018155670785288 
0.16 	 1.10183336923657 
0.18 	 1.101853570323098 
0.2 	 1.101876179613378 
0.22 	 1.1019012079800274 
0.24 	 1.1019286668052086 
0.26 	 1.1019585694961007 
0.28 	 1.1019909297824368 
0.3 	 1.1020257635758977 
0.32 	 1.1020630871679733 
0.34 	 1.1021029190183027 
0.36 	 1.102145278164164 
0.38 	 1.1021901857232417 
0.4 	 1.102237663643971 
0.42 	 1.1022877358654555 
0.44 	 1.1023404274139066 
0.46 	 1.102395765253422 
0.48 	 1.1024537776760617 
0.5 	 1.1025144949067212 
0.52 	 1.102577948728659 
0.54 	 1.1026441728937981 
0.56 	 1.1027132029506632 
0.58 	 1.1027850764773504 
0.6 	 1.1028598331209267 
0.62 	 1.102937514620976 
0.64 	 1.1030181651307025 
0.66 	 1.1031018309212368 
0.68 	 1.103188561161802 
0.7 	 1.1032784070432573 
0.72 	 1.1033714234180165 
0.74 	 1.1034676667487036 
0.76 	 1.1035671985038018 
0.78 	 1.1036700805981048 
0.8 	 1.1037763825217732 
0.82 	 1.1038861713637325 
0.84 	 1.1039995268847156 
0.86 	 1.1041165200878196 
0.88 	 1.1042372446987552 
0.9 	 1.1043617725783637 
0.92 	 1.1044902174142768 
0.94 	 1.104622646033563 
0.96 	 1.1047592013927767 
0.98 	 1.104899935594335 
1.0 	 1.105045034317851 
1.02 	 1.10519452114199 
1.04 	 1.1053486421775456 
1.06 	 1.1055073756604137 
1.08 	 1.1056710488137622 
1.1 	 1.1058395777215746 
1.12 	 1.1060133912973715 
1.14 	 1.1061923315051962 
1.16 	 1.106376944836302 
1.18 	 1.1065669975138102 
1.2 	 1.106763159927028 
1.22 	 1.10696513558204 
1.24 	 1.1071737122520644 
1.26 	 1.107388559672672 
1.28 	 1.1076105637585114 
1.3 	 1.1078394028729595 
1.32 	 1.1080760332609998 
1.34 	 1.1083201924330675 
1.36 	 1.1085728779584016 
1.38 	 1.1088339391077922 
1.4 	 1.1091043932995013 
1.42 	 1.1093842519606425 
1.44 	 1.1096745469070532 
1.46 	 1.1099754987287436 
1.48 	 1.1102881728789913 
1.5 	 1.1106130436668684 
1.52 	 1.110951267650087 
1.54 	 1.1113036114419939 
1.56 	 1.111671450139269 
1.58 	 1.112055846948977 
1.6 	 1.1124586743606644 
1.62 	 1.1128811557726193 
1.64 	 1.1133262908479356 
1.66 	 1.1137948801368238 
1.68 	 1.114292482953787 
1.7 	 1.1148177065509395 
1.72 	 1.1153818376210638 
1.74 	 1.1159767892041492 
1.76 	 1.116626204086801 
1.78 	 1.1173053214024464 
1.8 	 1.1180630211946563 
1.82 	 1.1188383453017645 
1.84 	 1.1197283150955621 
1.86 	 1.120602093640256 
1.88 	 1.1216415683759111 
1.9 	 1.122595258711375 
1.92 	 1.123782032025561 
1.94 	 1.1247643472587472 
1.96 	 1.1260615172714925 
1.98 	 1.1269813437904541 
2.0 	 1.1283056783749636 
2.02 	 1.1290372920230427 
2.04 	 1.1302597223969726 
2.06 	 1.130665216557526 
2.08 	 1.1316300166063564 
2.1 	 1.1315966419724564 
2.12 	 1.1321587366619739 
2.14 	 1.131639912340412 
2.16 	 1.1317101685188593 
2.18 	 1.1307536313533086 
2.2 	 1.1303352035373195 
2.22 	 1.1290842935777508 
2.24 	 1.1282838314556085 
2.26 	 1.1269481039958114 
2.28 	 1.1259548481141985 
2.3 	 1.1247592624603076 
2.32 	 1.123798751321121 
2.34 	 1.122929680728928 
2.36 	 1.1222095203463662 
2.38 	 1.1217756018119855 
2.4 	 1.1214420075780485 
2.42 	 1.121458671900152 
2.44 	 1.1215738430094495 
2.46 	 1.1219686163175506 
2.48 	 1.1225072619216587 
2.5 	 1.1231367545108495 
2.52 	 1.123994007287679 
2.54 	 1.1246660313423915 
2.56 	 1.1256716796909114 
2.58 	 1.126172591822413 
2.6 	 1.1271132040273897 
2.62 	 1.127243532956448 
2.64 	 1.127896792971792 
2.66 	 1.1275136596421507 
2.68 	 1.1276942723532535 
2.7 	 1.1267504382628215 
2.72 	 1.1263574199306428 
2.74 	 1.1249214658470588 
2.76 	 1.1239697642254378 
2.78 	 1.1222153077523938 
2.8 	 1.120836501716838 
2.82 	 1.1190000156717945 
2.84 	 1.1174081326590841 
2.86 	 1.115728959215314 
2.88 	 1.1141630022867668 
2.9 	 1.1128277434986626 
2.92 	 1.1114935219212048 
2.94 	 1.1106046854284242 
2.96 	 1.1096378553370954 
2.98 	 1.1092141217998517 
3.0 	 1.1086740148222618 
3.02 	 1.1086740194002591 
3.04 	 1.1085617634338132 
3.06 	 1.108913925267589 
3.08 	 1.1091982331739214 
3.1 	 1.1098202438314821 
3.12 	 1.1104544093246194 
3.14 	 1.1112550016116614 
3.16 	 1.11217675010685 
3.18 	 1.1130435665349434 
3.2 	 1.114160306015463 
3.22 	 1.114946162747241 
3.24 	 1.1161173334867447 
3.26 	 1.1166398331824192 
3.28 	 1.1176720463683951 
3.3 	 1.1177366976515897 
3.32 	 1.118403818290969 
3.34 	 1.117849440914845 
3.36 	 1.117938902657818 
3.38 	 1.1166908691141573 
3.4 	 1.1160635110010413 
3.42 	 1.114172435367903 
3.44 	 1.112812978735494 
3.46 	 1.110459034669579 
3.48 	 1.1084940330104651 
3.5 	 1.1059499806091342 
3.52 	 1.1036214372106086 
3.54 	 1.101185081447657 
3.56 	 1.0987868535956682 
3.58 	 1.0967076747957611 
3.6 	 1.094509105176134 
3.62 	 1.0929366349773237 
3.64 	 1.0911234385487238 
3.66 	 1.0900941559414108 
3.68 	 1.0887463832911302 
3.7 	 1.0882072316289122 
3.72 	 1.0873146594335434 
3.74 	 1.087166043767798 
3.76 	 1.0866653563028497 
3.78 	 1.0868029578250638 
3.8 	 1.0866170346125121 
3.82 	 1.08695894974854 
3.84 	 1.087024890773846 
3.86 	 1.0875207909809592 
3.88 	 1.0878023858532457 
3.9 	 1.0884278682991626 
3.92 	 1.0889138961609977 
3.94 	 1.0896545634533397 
3.96 	 1.0903455167191107 
3.98 	 1.0911744788915358 
4.0 	 1.0920598589259294 
4.02 	 1.0929129676263651 
4.04 	 1.0939427642193036 
4.06 	 1.0946993331392232 
4.08 	 1.0957579624629543 
4.1 	 1.0962385937575798 
4.12 	 1.0971348086774504 
4.14 	 1.097127158038817 
4.16 	 1.0976137956967316 
4.18 	 1.096927941083875 
4.2 	 1.0967566497411112 
4.22 	 1.0952962677273546 
4.24 	 1.0942960221893152 
4.26 	 1.0921180406607787 
4.28 	 1.0902698935261317 
4.3 	 1.0876028287737638 
4.32 	 1.0850766371828973 
4.34 	 1.0822803668433598 
4.36 	 1.0794088443912633 
4.38 	 1.0768825844494048 
4.4 	 1.0740735750073942 
4.42 	 1.0721444222867098 
4.44 	 1.069763478565874 
4.46 	 1.0686011666380755 
4.48 	 1.0668746623841823 
4.5 	 1.0664677294716873 
4.52 	 1.0654465105513236 
4.54 	 1.065643415563186 
4.56 	 1.0652328218213927 
4.58 	 1.0658190788787236 
4.6 	 1.06584761091023 
4.62 	 1.0666189786186775 
4.64 	 1.0669072401755186 
4.66 	 1.0677125650942372 
4.68 	 1.068116923210527 
4.7 	 1.0688668319271748 
4.72 	 1.0692927228351272 
4.74 	 1.0699457504666336 
4.76 	 1.0703395155929465 
4.78 	 1.0708806367773782 
4.8 	 1.071212451977426 
4.82 	 1.0716347513051587 
4.84 	 1.0718823583207329 
4.86 	 1.072176861892376 
4.88 	 1.072315463947039 
4.9 	 1.0724702243964508 
4.92 	 1.0724707746374114 
4.94 	 1.0724781985596499 
4.96 	 1.0723143719635753 
4.98 	 1.0721840878860236 
5.0 	 1.0718461942501527 
5.02 	 1.071618594965894 
5.04 	 1.0711298142020034 
5.06 	 1.070883457446718 
5.08 	 1.0703109470782275 
5.1 	 1.070157191288387 
5.12 	 1.0696101155783109 
5.14 	 1.0696723427639887 
5.16 	 1.0692827643188925 
5.18 	 1.069664787371738 
5.2 	 1.0695552657260914 
5.22 	 1.0703105518935623 
5.24 	 1.0705603076758212 
5.26 	 1.071675566202623 
5.28 	 1.0722996352518717 
5.3 	 1.0737005274408518 
5.32 	 1.0746506714626292 
5.34 	 1.0762267016998395 
5.36 	 1.0774121106158288 
5.38 	 1.0790489582943263 
5.4 	 1.0803659669463077 
5.42 	 1.0819719852158851 
5.44 	 1.0833302011639394 
5.46 	 1.0848492844370978 
5.48 	 1.086186262819871 
5.5 	 1.0875970543164568 
5.52 	 1.0888806335497698 
5.54 	 1.0901873413824532 
5.56 	 1.0914097349406213 
5.58 	 1.0926308888189538 
5.6 	 1.0937999713780582 
5.62 	 1.0949594213476934 
5.64 	 1.0960911877128483 
5.66 	 1.0972127102697764 
5.68 	 1.0983264268575303 
5.7 	 1.0994310791590391 
5.72 	 1.1005466025378068 
5.74 	 1.1016509940563974 
5.76 	 1.1027866585568467 
5.78 	 1.103900444149862 
5.8 	 1.1050698306120308 
5.82 	 1.1061917000055785 
5.84 	 1.1073984128345276 
5.86 	 1.1085114471402662 
5.88 	 1.1097426737874208 
5.9 	 1.1108117219819587 
5.92 	 1.1120334068603257 
5.94 	 1.1130081241118703 
5.96 	 1.114165949981189 
5.98 	 1.1149920826335693 
6.0 	 1.1160216463115513 
6.02 	 1.11665955177299 
6.04 	 1.1175054569560927 
6.06 	 1.117950022172231 
6.08 	 1.1185883235743022 
6.1 	 1.1188813333419056 
6.12 	 1.119335905342844 
6.14 	 1.1195632810297835 
6.16 	 1.1199073579816976 
6.18 	 1.1201798909578544 
6.2 	 1.120520021502036 
6.22 	 1.1209443324173167 
6.24 	 1.1213925533241542 
6.26 	 1.1220442355882936 
6.28 	 1.1226903169935607 
6.3 	 1.1236000168933222 
6.32 	 1.1244951002209234 
6.34 	 1.1256510595688705 
6.36 	 1.1268070661157152 
6.38 	 1.1281688667869418 
6.4 	 1.1295692058704327 
6.42 	 1.1310825335800565 
6.44 	 1.1326943848923865 
6.46 	 1.134298209642224 
6.48 	 1.1360777396405772 
6.5 	 1.1377019404123034 
6.52 	 1.1395900857228183 
6.54 	 1.1411491493338048 
6.56 	 1.143063307168092 
6.58 	 1.1444558863413419 
6.6 	 1.1462875598939968 
6.62 	 1.147409573146236 
6.64 	 1.1490365354426268 
6.66 	 1.1498075725246506 
6.68 	 1.151121416328951 
6.7 	 1.1515147113299462 
6.72 	 1.1524546838865477 
6.74 	 1.152515868776862 
6.76 	 1.1530937182255245 
6.78 	 1.1529368639264579 
6.8 	 1.1532394902483645 
6.82 	 1.1530194205858453 
6.84 	 1.153186144462903 
6.86 	 1.1530579151308407 
6.88 	 1.1532418264293856 
6.9 	 1.1533246544793505 
6.92 	 1.153655301850477 
6.94 	 1.154015259878077 
6.96 	 1.1545781067178533 
6.98 	 1.1552334633737147 
7.0 	 1.1560715435073967 
7.02 	 1.1570132437014595 
7.04 	 1.1581449318269452 
7.06 	 1.159358719138462 
7.08 	 1.1607989424724627 
7.1 	 1.1622768676129651 
7.12 	 1.164049281560603 
7.14 	 1.1657841884937843 
7.16 	 1.1679165218014622 
7.18 	 1.1698801156406766 
7.2 	 1.1723812611173625 
7.22 	 1.1744930286336963 
7.24 	 1.177317495384219 
7.26 	 1.1794176825593816 
7.28 	 1.1824302972271858 
7.3 	 1.1842734775886097 
7.32 	 1.1872323340964552 
7.34 	 1.1885150312497081 
7.36 	 1.1910892876379335 
7.38 	 1.1915134244608814 
7.4 	 1.193341997262732 
7.42 	 1.192699145736257 
7.44 	 1.1934794604587844 
7.46 	 1.191727593982461 
7.48 	 1.1913078504658716 
7.5 	 1.1886103824943033 
7.52 	 1.1870520190334959 
7.54 	 1.1837599840314819 
7.56 	 1.1813432328581424 
7.58 	 1.1779209731339135 
7.6 	 1.1750848484160135 
7.62 	 1.1720003304520807 
7.64 	 1.1692334829343356 
7.66 	 1.166849011352664 
7.68 	 1.16456937228109 
7.7 	 1.1630701555919034 
7.72 	 1.1615372657931857 
7.74 	 1.1609204544191014 
7.76 	 1.160208998446064 
7.78 	 1.1603295168132925 
7.8 	 1.1603633112210132 
7.82 	 1.1610091498537731 
7.84 	 1.1616291120164466 
7.86 	 1.16259119565282 
7.88 	 1.1636224773603954 
7.9 	 1.1647347745289267 
7.92 	 1.1660279100237012 
7.94 	 1.167172943588926 
7.96 	 1.1686123108862236 
7.98 	 1.1697043148000605 
8.0 	 1.1711941746690995 
8.02 	 1.1721598895751997 
8.04 	 1.1736071348025816 
8.06 	 1.1743811140791933 
8.08 	 1.1756922503670302 
8.1 	 1.1762324259560641 
8.12 	 1.1773320745032623 
8.14 	 1.1776482293672101 
8.16 	 1.1785131386979324 
8.18 	 1.178692429790007 
8.2 	 1.179385261203215 
8.22 	 1.1795987171794067 
8.24 	 1.180283974633446 
8.26 	 1.180765055057526 
8.28 	 1.1816955090010712 
8.3 	 1.182692166917657 
8.32 	 1.1841644936758267 
8.34 	 1.1858750468760497 
8.36 	 1.1881633113146899 
8.38 	 1.1906710090092776 
8.4 	 1.1939524409301139 
8.42 	 1.1971741075191351 
8.44 	 1.2014630475079449 
8.46 	 1.2051258308386323 
8.48 	 1.2102312500937946 
8.5 	 1.2138894492952497 
8.52 	 1.2194107242947652 
8.54 	 1.2225095167040516 
8.56 	 1.2278818593022236 
8.58 	 1.2298629455339334 
8.6 	 1.2344539635777414 
8.62 	 1.2348810695662278 
8.64 	 1.2381230989521927 
8.66 	 1.2367911574109536 
8.68 	 1.2383160860029276 
8.7 	 1.2353060485254617 
8.72 	 1.2350390512025922 
8.74 	 1.2306937286374182 
8.76 	 1.2288668681557324 
8.78 	 1.223687773822743 
8.8 	 1.2207567739664256 
8.82 	 1.2152500815824423 
8.84 	 1.2117338292062227 
8.86 	 1.206256425051995 
8.88 	 1.2025553465387508 
8.9 	 1.1972186564351444 
8.92 	 1.1934842816357851 
8.94 	 1.1881547123921148 
8.96 	 1.18426356496319 
8.98 	 1.1786574770578873 
9.0 	 1.1742950626341078 
9.02 	 1.1681248194083929 
9.04 	 1.162938043104232 
9.06 	 1.1560485224929948 
9.08 	 1.1498032139044305 
9.1 	 1.1422513839627357 
9.12 	 1.134940194921983 
9.14 	 1.1270000701775638 
9.16 	 1.1188726051499025 
9.18 	 1.11097618205983 
9.2 	 1.1024932092669775 
9.22 	 1.0951341855772105 
9.24 	 1.0868697251823618 
9.26 	 1.0804982424706053 
9.28 	 1.0730197816645899 
9.3 	 1.0679476221119428 
9.32 	 1.061697655715792 
9.34 	 1.0580260224780462 
9.36 	 1.0532220553719889 
9.38 	 1.0508087905574992 
9.4 	 1.0473868538615376 
9.42 	 1.0458794871646937 
9.44 	 1.0435172701741773 
9.46 	 1.0424673913833897 
9.48 	 1.0407075591747055 
9.5 	 1.0397390449612254 
9.52 	 1.038182202818741 
9.54 	 1.0371389960008917 
9.56 	 1.035622098029467 
9.58 	 1.0346136550844967 
9.6 	 1.0332777076991315 
9.62 	 1.0325852111003546 
9.64 	 1.0317828510045328 
9.66 	 1.0316633186609774 
9.68 	 1.0317431902713363 
9.7 	 1.0322299442327116 
9.72 	 1.0333098031824612 
9.74 	 1.034111574111048 
9.76 	 1.0359538126041181 
9.78 	 1.0364861767151532 
9.8 	 1.0385063259250042 
9.82 	 1.0380017612121344 
9.84 	 1.0393482346372245 
9.86 	 1.036967488572129 
9.88 	 1.0365981146359313 
9.9 	 1.0315185866972223 
9.92 	 1.0282650634448693 
9.94 	 1.0197812346329849 
9.96 	 1.0124578131474011 
9.98 	 1.000131862544742 
10.0 	 0.9877465172654392 
10.02 	 0.9716027735587857 
10.04 	 0.9536723396695395 
10.06 	 0.9343892369033219 
10.08 	 0.9112930431891059 
10.1 	 0.8903422958600152 
10.12 	 0.8636137681957334 
10.14 	 0.8433097881422168 
10.16 	 0.8157622576801263 
10.18 	 0.7991566312451018 
10.2 	 0.774703094668995 
10.22 	 0.7651147334057256 
10.24 	 0.7479737518014425 
10.26 	 0.7477824486761574 
10.28 	 0.7407439015056924 
10.3 	 0.7497025451295304 
10.32 	 0.7523670516942208 
10.34 	 0.7673520493696507 
10.36 	 0.7765868338106682 
10.38 	 0.7936766508946935 
10.4 	 0.805905613895336 
10.42 	 0.8223387377869137 
10.44 	 0.8350500413427293 
10.46 	 0.8495716987571426 
10.48 	 0.8614774363723146 
10.5 	 0.8738570504305702 
10.52 	 0.884523718488006 
10.54 	 0.8950360720510099 
10.56 	 0.9045036285120885 
10.58 	 0.9135947438147131 
10.6 	 0.9221167702342099 
10.62 	 0.9302362809348755 
10.64 	 0.938136214673604 
10.66 	 0.9456729842584412 
10.68 	 0.9532791133574998 
10.7 	 0.9605429612748538 
10.72 	 0.9681611956677706 
10.74 	 0.9753694487945462 
10.76 	 0.9832586697136775 
10.78 	 0.9905047103246226 
10.8 	 0.9988316867404129 
10.82 	 1.0060339375607632 
10.84 	 1.0148036868579626 
10.86 	 1.021656171531705 
10.88 	 1.0306368268878656 
10.9 	 1.036598254552216 
10.92 	 1.045277493103818 
10.94 	 1.049632093190897 
10.96 	 1.057242507760897 
10.98 	 1.0592382928859918 
11.0 	 1.064868124067443 
11.02 	 1.0639005238119565 
11.04 	 1.0666742757036292 
11.06 	 1.062458275506756 
11.08 	 1.0617440400687366 
11.1 	 1.054419482282494 
11.12 	 1.0500052068199262 
11.14 	 1.0401429156473014 
11.16 	 1.0323250538507966 
11.18 	 1.0208314970224943 
11.2 	 1.0103782865252728 
11.22 	 0.998323112577338 
11.24 	 0.9863118399591663 
11.26 	 0.9747239387163005 
11.28 	 0.9623002674453301 
11.3 	 0.9519928912137944 
11.32 	 0.9401405150685687 
11.34 	 0.9316235565574623 
11.36 	 0.921033935700833 
11.38 	 0.91453624694088 
11.4 	 0.9056135342725902 
11.42 	 0.9011773343696654 
11.44 	 0.8941296770546068 
11.46 	 0.8916968146374235 
11.48 	 0.8866174732359874 
11.5 	 0.886047277478907 
11.52 	 0.8829208815321132 
11.54 	 0.8839507279173866 
11.56 	 0.8826034965241031 
11.58 	 0.8848227286389022 
11.6 	 0.8848944817578567 
11.62 	 0.887794336037915 
11.64 	 0.8887930809648645 
11.66 	 0.8918888564248805 
11.68 	 0.8933190846420038 
11.7 	 0.8962809009888628 
11.72 	 0.8977822776625125 
11.74 	 0.9005058248575531 
11.76 	 0.9019365113703554 
11.78 	 0.9045241633140191 
11.8 	 0.9059569919976654 
11.82 	 0.9086245107872609 
11.84 	 0.9102647757780126 
11.86 	 0.9132168045215486 
11.88 	 0.9152804251347171 
11.9 	 0.9186047276222683 
11.92 	 0.921207086068413 
11.94 	 0.9248244666037321 
11.96 	 0.9279195083869108 
11.98 	 0.9315992915340598 
12.0 	 0.9349812891747888 
12.02 	 0.938404949276446 
12.04 	 0.9417584165009529 
12.06 	 0.9446012005331411 
12.08 	 0.9475728553382323 
12.1 	 0.9495780334445045 
12.12 	 0.9518492920060989 
12.14 	 0.952882328252363 
12.16 	 0.9542312254658849 
12.18 	 0.9543106547369227 
12.2 	 0.9546586147989469 
12.22 	 0.9539628791280401 
12.24 	 0.9534017197186353 
12.26 	 0.9522493775735063 
12.28 	 0.9510404201671362 
12.3 	 0.9498400690248661 
12.32 	 0.9483758214201916 
12.34 	 0.9475463611803058 
12.36 	 0.9462714793084436 
12.38 	 0.9461450745376139 
12.4 	 0.9454493692768674 
12.42 	 0.94618490329761 
12.44 	 0.9463009402062525 
12.46 	 0.947843363990457 
12.48 	 0.9487896883822561 
12.5 	 0.9508980348043974 
12.52 	 0.9524937019087739 
12.54 	 0.9548294116829714 
12.56 	 0.9567722874173957 
12.58 	 0.9590101710298629 
12.6 	 0.9609829826638773 
12.62 	 0.9629001063773163 
12.64 	 0.9646617645175559 
12.66 	 0.9661759672376553 
12.68 	 0.9676095110875569 
12.7 	 0.9687645160182592 
12.72 	 0.9698745890125928 
12.74 	 0.9707887405879494 
12.76 	 0.9716604122866247 
12.78 	 0.9724653571736782 
12.8 	 0.9732075083033617 
12.82 	 0.9740018502605151 
12.84 	 0.974700324503147 
12.86 	 0.97553364023649 
12.88 	 0.9762319539055202 
12.9 	 0.9771202361070255 
12.92 	 0.9778318323998856 
12.94 	 0.9787918308281077 
12.96 	 0.9795335200246246 
12.98 	 0.980616057665059 
13.0 	 0.9814434310160611 
13.02 	 0.9827473173355215 
13.04 	 0.9837727969351096 
13.06 	 0.9854301453131299 
13.08 	 0.9868123439147772 
13.1 	 0.9889485886360285 
13.12 	 0.9908540381912316 
13.14 	 0.9935363858272431 
13.16 	 0.9960859076562905 
13.18 	 0.9992782068836089 
13.2 	 1.002495373001276 
13.22 	 1.0060346764207464 
13.24 	 1.0098118824810092 
13.26 	 1.0134153512815565 
13.28 	 1.0175074094125465 
13.3 	 1.0208115715524577 
13.32 	 1.0248615585349743 
13.34 	 1.0274901019415985 
13.36 	 1.0310878281626161 
13.38 	 1.0327371633626834 
13.4 	 1.035504250326372 
13.42 	 1.0360278369112983 
13.44 	 1.0377138239501131 
13.46 	 1.0371806536579042 
13.48 	 1.0377450416443728 
13.5 	 1.0364495065120798 
13.52 	 1.036100864451385 
13.54 	 1.03451172498655 
13.56 	 1.0336812766670582 
13.58 	 1.0323338639978945 
13.6 	 1.031578132205932 
13.62 	 1.0309324153259638 
13.64 	 1.030784151190024 
13.66 	 1.0310877263209792 
13.68 	 1.0318983496641405 
13.7 	 1.0331008179432193 
13.72 	 1.0349284934839915 
13.74 	 1.0366828896545575 
13.76 	 1.0392676388735511 
13.78 	 1.041023575201786 
13.8 	 1.0438572415426477 
13.82 	 1.0450133480203725 
13.84 	 1.0474762540223694 
13.86 	 1.0475381650640747 
13.88 	 1.049055032771016 
13.9 	 1.0477499234481054 
13.92 	 1.0479197276597085 
13.94 	 1.045241927634985 
13.96 	 1.0439125183805709 
13.98 	 1.0401025932093855 
14.0 	 1.0373827367042474 
14.02 	 1.0328633696707408 
14.04 	 1.0290860477640018 
14.06 	 1.024385720842393 
14.08 	 1.0200495644106633 
14.1 	 1.0157364734682013 
14.12 	 1.0114482758284156 
14.14 	 1.0080744324792463 
14.16 	 1.0044927282171803 
14.18 	 1.0025243521492784 
14.2 	 1.0002768490507532 
14.22 	 0.9999848273533875 
14.24 	 0.9995311299082469 
14.26 	 1.0008522761668122 
14.28 	 1.00230810031216 
14.3 	 1.0047473715058366 
14.32 	 1.007750877562544 
14.34 	 1.0104167145716378 
14.36 	 1.0141332101182703 
14.38 	 1.015937216890341 
14.4 	 1.019232463216881 
14.42 	 1.0191823882638718 
14.44 	 1.0209030329678548 
14.46 	 1.018366038545205 
14.48 	 1.017623217760335 
14.5 	 1.01246654878241 
14.52 	 1.0088350443549357 
14.54 	 1.0014188336973666 
14.56 	 0.9950050099666228 
14.58 	 0.9860568987437954 
14.6 	 0.9774311202432693 
14.62 	 0.9678588625648425 
14.64 	 0.9578870423798183 
14.66 	 0.9485892299524449 
14.68 	 0.9382265738046265 
14.7 	 0.9299496631320069 
14.72 	 0.9200639099417887 
14.74 	 0.9133284056940051 
14.76 	 0.9045933069414144 
14.78 	 0.8996804897140083 
14.8 	 0.8925375785990173 
14.82 	 0.8895076901220079 
14.84 	 0.8841660032744564 
14.86 	 0.8828836787567329 
14.88 	 0.8793319219148735 
14.9 	 0.8794975297017151 
14.92 	 0.8775280132128432 
14.94 	 0.8787287794809671 
14.96 	 0.8779866084479331 
14.98 	 0.8797730123688913 
15.0 	 0.8798339274463317 
15.02 	 0.881805883877407 
15.04 	 0.8822662609001322 
15.06 	 0.8841419956818675 
15.08 	 0.8846947357476587 
15.1 	 0.886341014447553 
15.12 	 0.8868160043920389 
15.14 	 0.8882337226332114 
15.16 	 0.8885943092621523 
15.18 	 0.88986890124564 
15.2 	 0.8901702131155034 
15.22 	 0.8914075377945996 
15.24 	 0.8917353678516845 
15.26 	 0.8930080987776753 
15.28 	 0.8934240729339822 
15.3 	 0.8947480252006382 
15.32 	 0.8952625710503535 
15.34 	 0.8966071596411644 
15.36 	 0.8971863277640182 
15.38 	 0.8985061058396792 
15.4 	 0.8991003659885941 
15.42 	 0.9003662000144946 
15.44 	 0.9009404397687302 
15.46 	 0.902154058837882 
15.48 	 0.9027026209649194 
15.5 	 0.9038916968491753 
15.52 	 0.9044350428646278 
15.54 	 0.9056376099292014 
15.56 	 0.9062085087650149 
15.58 	 0.9074587204923601 
15.6 	 0.9080892146700901 
15.62 	 0.9094114069883688 
15.64 	 0.9101272239790604 
15.66 	 0.9115374141705215 
15.68 	 0.9123590695040841 
15.7 	 0.9138682439611526 
15.72 	 0.9148135199359447 
15.74 	 0.9164277210484464 
15.76 	 0.9175108195660134 
15.78 	 0.919227249539289 
15.8 	 0.9204539435063243 
15.82 	 0.9222562732163249 
15.84 	 0.9236182195590932 
15.86 	 0.925475311645332 
15.88 	 0.9269477302598506 
15.9 	 0.9288178903997022 
15.92 	 0.9303628533285225 
15.94 	 0.9322023940564976 
15.96 	 0.9337767713838996 
15.98 	 0.9355493965638039 
16.0 	 0.9371142365302179 
16.02 	 0.938797685663101 
16.04 	 0.9403255755326089 
16.06 	 0.9419136562953476 
16.08 	 0.9433920416699166 
16.1 	 0.9448922622988675 
16.12 	 0.9463225712350939 
16.14 	 0.9477508877848215 
16.16 	 0.9491445387940385 
16.18 	 0.9505189504562466 
16.2 	 0.951891623924737 
16.22 	 0.9532259748804162 
16.24 	 0.954591338730801 
16.26 	 0.9558904191755628 
16.28 	 0.9572544681846875 
16.3 	 0.9585116200433847 
16.32 	 0.9598691329523767 
16.34 	 0.961067628949751 
16.36 	 0.9624024714070456 
16.38 	 0.9635211592305679 
16.4 	 0.9648113871353624 
16.42 	 0.9658331269244776 
16.44 	 0.9670596702011887 
16.46 	 0.9679787401191701 
16.48 	 0.9691337049519063 
16.5 	 0.9699574059212639 
16.52 	 0.9710466896106767 
16.54 	 0.9717884372336193 
16.56 	 0.9728252427852933 
16.58 	 0.973491292192003 
16.6 	 0.9744822289869365 
16.62 	 0.9750592050861466 
16.64 	 0.9759902472066554 
16.66 	 0.976442068648153 
16.68 	 0.9772736137004998 
16.7 	 0.9775521182795955 
16.72 	 0.9782283644775054 
16.74 	 0.9782938619593521 
16.76 	 0.9787634833088492 
16.78 	 0.9786047317459245 
16.8 	 0.978842546412346 
16.82 	 0.9784849774216049 
16.84 	 0.9785028398940054 
16.86 	 0.977999982387292 
16.88 	 0.977840650828512 
16.9 	 0.9772530007014464 
16.92 	 0.9769700970957443 
16.94 	 0.9763427196588877 
16.96 	 0.9759777094947353 
16.98 	 0.9753286202626186 
17.0 	 0.9748974537414609 
17.02 	 0.9742228472183024 
17.04 	 0.9737194931144858 
17.06 	 0.9730125614657058 
17.08 	 0.9724272836368931 
17.1 	 0.9717000032773342 
17.12 	 0.971042286737594 
17.14 	 0.9703381978691583 
17.16 	 0.9696520476388181 
17.18 	 0.9690430879914945 
17.2 	 0.9684067863068241 
17.22 	 0.9679753576932282 
17.24 	 0.9674856961355434 
17.26 	 0.9672995083028415 
17.28 	 0.9670471292613239 
17.3 	 0.9671356487196088 
17.32 	 0.9671797744739044 
17.34 	 0.9675177317457687 
17.36 	 0.9678655010164877 
17.38 	 0.9683647713577234 
17.4 	 0.9689566924478721 
17.42 	 0.9694669514131486 
17.44 	 0.9701697150067028 
17.46 	 0.970490747264526 
17.48 	 0.9711018322548085 
17.5 	 0.9710121688476089 
17.52 	 0.9712830555076438 
17.54 	 0.9705863928188337 
17.56 	 0.9702683029644683 
17.58 	 0.9688507256348434 
17.6 	 0.9677580563449591 
17.62 	 0.965639840978825 
17.64 	 0.9637155012260483 
17.66 	 0.9610767755297543 
17.68 	 0.9584358463004748 
17.7 	 0.955599025877057 
17.72 	 0.9525274978425996 
17.74 	 0.9498917938350279 
17.76 	 0.9467890610876186 
17.78 	 0.9447313610222888 
17.8 	 0.9420081329480837 
17.82 	 0.9407837152880386 
17.84 	 0.9387520216845578 
17.86 	 0.938435722776962 
17.88 	 0.9372374307987242 
17.9 	 0.9377302087938458 
17.92 	 0.9373324478831536 
17.94 	 0.9384247338999734 
17.96 	 0.9386740857978769 
17.98 	 0.9401291571980778 
18.0 	 0.9408283957779906 
18.02 	 0.9424467031597982 
18.04 	 0.9434166502029001 
18.06 	 0.9450627065208654 
18.08 	 0.9461714321081369 
18.1 	 0.9477688707063056 
18.12 	 0.9489321944788773 
18.14 	 0.9504444047387565 
18.16 	 0.9516123901238617 
18.18 	 0.9530240667674343 
18.2 	 0.9541668691262247 
18.22 	 0.9554731548696125 
18.24 	 0.9565723927440135 
18.26 	 0.9577747942990158 
18.28 	 0.9588201777685863 
18.3 	 0.9599255282475548 
18.32 	 0.9609138529391693 
18.34 	 0.9619334260616995 
18.36 	 0.9628676064200014 
18.38 	 0.9638155040116615 
18.4 	 0.9647029482143411 
18.42 	 0.9655942178969052 
18.44 	 0.9664449557047325 
18.46 	 0.9672941328069316 
18.48 	 0.968119316295734 
18.5 	 0.9689397012938075 
18.52 	 0.9697507826459232 
18.54 	 0.9705543329159966 
18.56 	 0.9713628497053379 
18.58 	 0.9721603443750544 
18.6 	 0.9729780320719844 
18.62 	 0.9737791408461749 
18.64 	 0.9746180323086177 
18.66 	 0.9754309626516755 
18.68 	 0.976303125276177 
18.7 	 0.977133555993069 
18.72 	 0.9780500903089918 
18.74 	 0.9788991356518688 
18.76 	 0.9798680349302561 
18.78 	 0.9807291260233539 
18.8 	 0.9817516978199415 
18.82 	 0.9826066621219622 
18.84 	 0.983672619646649 
18.86 	 0.9844879453290253 
18.88 	 0.9855700867479326 
18.9 	 0.9862951845813397 
18.92 	 0.9873456062851013 
18.94 	 0.9879153089785779 
18.96 	 0.9888657822616471 
18.98 	 0.9892087171192107 
19.0 	 0.9899774733910779 
19.02 	 0.9900300466026115 
19.04 	 0.9905353916664426 
19.06 	 0.9902584665912917 
19.08 	 0.9904368155183108 
19.1 	 0.9898300081735938 
19.12 	 0.9896533182619833 
19.14 	 0.9887614825900098 
19.16 	 0.9882480802696838 
19.18 	 0.9871565693114223 
19.2 	 0.9863708472635198 
19.22 	 0.9851899139803815 
19.24 	 0.9842300282605277 
19.26 	 0.9830727334577755 
19.28 	 0.9820498258784343 
19.3 	 0.9810102475509134 
19.32 	 0.9800258361106636 
19.34 	 0.9791640274331173 
19.36 	 0.9782924770479378 
19.38 	 0.9776296504237163 
19.4 	 0.976909981536484 
19.42 	 0.9764333928999579 
19.44 	 0.9758707249170793 
19.46 	 0.9755447892100816 
19.48 	 0.9751186659495323 
19.5 	 0.9748980942748606 
19.52 	 0.9745739865973297 
19.54 	 0.9744156898737201 
19.56 	 0.9741565989411681 
19.58 	 0.9740283688663626 
19.6 	 0.9738043380947172 
19.62 	 0.9736890824326614 
19.64 	 0.9734828990235187 
19.66 	 0.9733778270330627 
19.68 	 0.9731857293325994 
19.7 	 0.9730970703978731 
19.72 	 0.9729245967208032 
19.74 	 0.9728600891996311 
19.76 	 0.9727151003920786 
19.78 	 0.9726775146375579 
19.8 	 0.9725636752915114 
19.82 	 0.9725480143029949 
19.84 	 0.9724615443540648 
19.86 	 0.9724565012588992 
19.88 	 0.9723870273982063 
19.9 	 0.9723791562164339 
19.92 	 0.9723134028742815 
19.94 	 0.9722916096958559 
19.96 	 0.9722177745369864 
19.98 	 0.9721763017544405 
20.0 	 0.972087368156434 
20.02 	 0.972026484001269 
20.04 	 0.9719215259815285 
20.06 	 0.9718457517280015 
20.08 	 0.9717287008658475 
20.1 	 0.9716426592954605 
20.12 	 0.9715182021223413 
20.14 	 0.9714208059150996 
20.16 	 0.971287880244193 
20.18 	 0.9711669734906593 
20.2 	 0.971012069983203 
20.22 	 0.9708430046226355 
20.24 	 0.9706372354023972 
20.26 	 0.9703886452166662 
20.28 	 0.9700925771343452 
20.3 	 0.9697398292296977 
20.32 	 0.9693172729819072 
20.34 	 0.9688595445680898 
20.36 	 0.9682965847708714 
20.38 	 0.9677697542008619 
20.4 	 0.967090878462803 
20.42 	 0.9665681972823092 
20.44 	 0.9658404636518902 
20.46 	 0.9654174316083913 
20.48 	 0.9647377791390132 
20.5 	 0.9645052105909303 
20.52 	 0.9639739759893589 
20.54 	 0.9639899963240983 
20.56 	 0.9636812874732646 
20.58 	 0.9639545991014422 
20.6 	 0.9638964850943627 
20.62 	 0.9643879645534066 
20.64 	 0.9645604364471223 
20.66 	 0.9652008166269931 
20.68 	 0.9655501716734033 
20.7 	 0.9662641099483883 
20.72 	 0.9667248671838142 
20.74 	 0.9674505080388928 
20.76 	 0.9679644608337251 
20.78 	 0.9686623239007705 
20.8 	 0.9691884732206186 
20.82 	 0.9698400581337868 
20.84 	 0.9703551627357925 
20.86 	 0.9709559418899125 
20.88 	 0.971449505978069 
20.9 	 0.9720014740571344 
20.92 	 0.9724697252920702 
20.94 	 0.972976534285089 
20.96 	 0.9734182367431858 
20.98 	 0.9738833223498229 
21.0 	 0.9742979988391394 
21.02 	 0.9747245436257124 
21.04 	 0.9751122565832925 
21.06 	 0.9755036412993745 
21.08 	 0.9758652306319702 
21.1 	 0.9762252191068926 
21.12 	 0.9765623523853146 
21.14 	 0.9768949075611693 
21.16 	 0.9772098378592109 
21.18 	 0.9775187888812272 
21.2 	 0.977813993719207 
21.22 	 0.9781027728466087 
21.24 	 0.9783806560563042 
21.26 	 0.9786521878346957 
21.28 	 0.9789149169471588 
21.3 	 0.9791716299962119 
21.32 	 0.9794210882085387 
21.34 	 0.9796649842277684 
21.36 	 0.979902783833045 
21.38 	 0.9801355151074789 
21.4 	 0.9803630307146526 
21.42 	 0.9805859662054816 
21.44 	 0.9808043686984477 
21.46 	 0.9810186471200979 
21.48 	 0.9812289343601255 
21.5 	 0.9814355079701028 
21.52 	 0.9816385331337263 
21.54 	 0.9818382045222269 
21.56 	 0.9820347022889166 
21.58 	 0.9822281538529668 
21.6 	 0.9824187627276878 
21.62 	 0.9826065770194786 
21.64 	 0.9827918547363065 
21.66 	 0.9829745237904934 
21.68 	 0.9831549524649513 
21.7 	 0.9833328756913515 
21.72 	 0.9835088547312225 
21.74 	 0.9836823284891781 
21.76 	 0.9838541571366841 
21.78 	 0.9840233645639284 
21.8 	 0.9841912224587692 
21.82 	 0.9843562374216549 
21.84 	 0.9845201785236735 
21.86 	 0.984680998328644 
21.88 	 0.9848409759109822 
21.9 	 0.9849975891212496 
21.92 	 0.9851535218100325 
21.94 	 0.9853059996368145 
21.96 	 0.9854578693812719 
21.98 	 0.9856064487391764 
22.0 	 0.9857543983534844 
22.02 	 0.9858995150721513 
22.04 	 0.986043900052191 
22.06 	 0.9861861433999237 
22.08 	 0.9863275031985164 
22.1 	 0.9864674971134815 
22.12 	 0.9866064454290275 
22.14 	 0.986744700990546 
22.16 	 0.9868817762544072 
22.18 	 0.9870185798650121 
22.2 	 0.9871541209127985 
22.22 	 0.9872895085830543 
22.24 	 0.9874236101603225 
22.26 	 0.9875574365715901 
22.28 	 0.9876899998289264 
22.3 	 0.9878220656950367 
22.32 	 0.9879529134758183 
22.34 	 0.988083091550646 
22.36 	 0.988212092462173 
22.38 	 0.9883404013718847 
22.4 	 0.9884675514226376 
22.42 	 0.9885941577388014 
22.44 	 0.9887195958952937 
22.46 	 0.988844758585982 
22.48 	 0.9889687246476723 
22.5 	 0.9890927157099777 
22.52 	 0.9892154794387621 
22.54 	 0.9893385150333024 
22.56 	 0.9894603086696359 
22.58 	 0.9895825119092818 
22.6 	 0.9897034880521139 
22.62 	 0.9898248874943778 
22.64 	 0.9899451092512999 
22.66 	 0.9900656640298181 
22.68 	 0.990185121715334 
22.7 	 0.9903047584770623 
22.72 	 0.9904234005460537 
22.74 	 0.9905420482863599 
22.76 	 0.9906598136783007 
22.78 	 0.9907774275279033 
22.8 	 0.9908942702097048 
22.82 	 0.9910108413147458 
22.84 	 0.9911267430595758 
22.86 	 0.9912422966789645 
22.88 	 0.9913572688646597 
22.9 	 0.9914718554832258 
22.92 	 0.991585933593605 
22.94 	 0.9916996180904322 
22.96 	 0.9918128533037954 
22.98 	 0.9919257057652007 
23.0 	 0.9920381570458111 
23.02 	 0.9921502467965185 
23.04 	 0.9922619752440329 
23.06 	 0.9923733680306085 
23.08 	 0.9924844337706741 
23.1 	 0.9925951911896581 
23.12 	 0.9927056522475403 
23.14 	 0.9928158323886229 
23.16 	 0.992925744768067 
23.18 	 0.9930354033173472 
23.2 	 0.9931448216626458 
23.22 	 0.9932540130749351 
23.24 	 0.9933629915693561 
23.26 	 0.9934717702033157 
23.28 	 0.993580363601808 
23.3 	 0.9936887848785623 
23.32 	 0.9937970497439577 
23.34 	 0.9939051714581132 
23.36 	 0.9940131677741703 
23.38 	 0.994121051661248 
23.4 	 0.9942288450203327 
23.42 	 0.9943365585086402 
23.44 	 0.9944442229274139 
23.46 	 0.9945518405454619 
23.48 	 0.9946594614607133 
23.5 	 0.9947670645071659 
23.52 	 0.9948747404387551 
23.54 	 0.9949824123465928 
23.56 	 0.9950902521262953 
23.58 	 0.9951980661144325 
23.6 	 0.9953061771862707 
23.62 	 0.9954141736581821 
23.64 	 0.9955226374117875 
23.66 	 0.9956307927069978 
23.68 	 0.9957396271466364 
23.7 	 0.9958478229351895 
23.72 	 0.9959569418337193 
23.74 	 0.996064952722804 
23.76 	 0.9961741406776431 
23.78 	 0.9962816600607006 
23.8 	 0.9963905873024551 
23.82 	 0.996497301590868 
23.84 	 0.996605593257084 
23.86 	 0.9967112919953682 
23.88 	 0.9968186426950328 
23.9 	 0.9969233267179402 
23.92 	 0.9970296229045846 
23.94 	 0.9971335615982967 
23.96 	 0.9972389597378309 
23.98 	 0.9973426637314229 
24.0 	 0.9974475850611235 
24.02 	 0.9975516980528333 
24.04 	 0.997656737537128 
24.06 	 0.9977618896941466 
24.08 	 0.9978676769594146 
24.1 	 0.9979743589171416 
24.12 	 0.9980814285044484 
24.14 	 0.9981899303456417 
24.16 	 0.9982986475254982 
24.18 	 0.9984090725603578 
24.2 	 0.9985196292510378 
24.22 	 0.9986319599103143 
24.24 	 0.9987444237273287 
24.26 	 0.9988586029143283 
24.28 	 0.998972987180381 
24.3 	 0.9990889849343206 
24.32 	 0.9992053113125234 
24.34 	 0.999323163926325 
24.36 	 0.9994415039901383 
24.38 	 0.9995613288703833 
24.4 	 0.9996818256712067 
24.42 	 0.9998038233400057 
24.44 	 0.9999267022806162 
24.46 	 1.00005115651717 
24.48 	 1.000176735528798 
24.5 	 1.0003040168502693 
24.52 	 1.0004327211730186 
24.54 	 1.0005632910339757 
24.56 	 1.0006956703241592 
24.58 	 1.0008300757621766 
24.6 	 1.0009668124835986 
24.62 	 1.0011056555001332 
24.64 	 1.001247545805755 
24.66 	 1.001391412760474 
24.68 	 1.001539299790705 
24.7 	 1.0016886504552305 
24.72 	 1.0018433045404112 
24.74 	 1.0019983530512608 
24.76 	 1.002160331195313 
24.78 	 1.0023209940560487 
24.8 	 1.0024905649594256 
24.82 	 1.00265657461482 
24.84 	 1.0028338314985492 
24.86 	 1.0030050721333876 
24.88 	 1.0031903189672158 
24.9 	 1.0033673031187744 
24.92 	 1.0035616489090469 
24.94 	 1.0037458476625407 
24.96 	 1.0039517014667247 
24.98 	 1.0041452806223035 
25.0 	 1.0043662281182217 
25.02 	 1.0045707950315839 
25.04 	 1.004810347644736 
25.06 	 1.0050247029013497 
25.08 	 1.0052838018885575 
25.1 	 1.005501370191752 
25.12 	 1.005775280018865 
25.14 	 1.0059825672421785 
25.16 	 1.0062585985562194 
25.18 	 1.006436200354009 
25.2 	 1.006694023410303 
25.22 	 1.0068209856669745 
25.24 	 1.0070366423329826 
25.26 	 1.0070973872476885 
25.28 	 1.0072504644370375 
25.3 	 1.0072417456511988 
25.32 	 1.0073232272414063 
25.34 	 1.007257758370083 
25.36 	 1.0072749870252278 
25.38 	 1.0071793026803397 
25.4 	 1.0071551797278913 
25.42 	 1.0070617794085066 
25.44 	 1.0070277724084957 
25.46 	 1.0069644591123679 
25.48 	 1.0069500106268383 
25.5 	 1.0069309625257963 
25.52 	 1.006953826445034 
25.54 	 1.0069763197897266 
25.56 	 1.0070380440308222 
25.58 	 1.0070861169170546 
25.6 	 1.0071744510438008 
25.62 	 1.007227513641904 
25.64 	 1.0073242201789476 
25.66 	 1.0073663410335947 
25.68 	 1.0074563847860838 
25.7 	 1.0074818024265615 
25.72 	 1.0075593596662062 
25.74 	 1.007571742450139 
25.76 	 1.0076401490970903 
25.78 	 1.0076463384499963 
25.8 	 1.0077122417396986 
25.82 	 1.0077141504798364 
25.84 	 1.007779267901407 
25.86 	 1.0077687456833653 
25.88 	 1.007824120299703 
25.9 	 1.0077841718291782 
25.92 	 1.007810677581524 
25.94 	 1.0077230062529918 
25.96 	 1.0076985410676653 
25.98 	 1.007553817330481 
26.0 	 1.0074639162039982 
26.02 	 1.0072694998507798 
26.04 	 1.0071161251385745 
26.06 	 1.0068971863859573 
26.08 	 1.0067013277261248 
26.1 	 1.0064946665748655 
26.12 	 1.006291531901115 
26.14 	 1.0061349141840803 
26.16 	 1.0059640413326225 
26.18 	 1.0058856200780208 
26.2 	 1.0057802134829115 
26.22 	 1.0057918702832505 
26.24 	 1.0057712267055254 
26.26 	 1.0058672790413137 
26.28 	 1.0059340242299175 
26.3 	 1.0060943538080438 
26.32 	 1.006235956135255 
26.34 	 1.006431478082619 
26.36 	 1.0066243666421761 
26.38 	 1.0068229862559805 
26.4 	 1.0070376992417673 
26.42 	 1.0072096945788853 
26.44 	 1.0074160832478498 
26.46 	 1.0075383923097685 
26.48 	 1.0077102751587508 
26.5 	 1.0077692794076407 
26.52 	 1.007887961703555 
26.54 	 1.0078804193301931 
26.56 	 1.0079365434633718 
26.58 	 1.00786867644099 
26.6 	 1.007862250349482 
26.62 	 1.0077475133015485 
26.64 	 1.0076865219943718 
26.66 	 1.0075428624078968 
26.68 	 1.0074411743565128 
26.7 	 1.0072884097168198 
26.72 	 1.0071635367250573 
26.74 	 1.0070210478960073 
26.76 	 1.0068919382866608 
26.78 	 1.0067766285905115 
26.8 	 1.0066614770711382 
26.82 	 1.0065860480765492 
26.84 	 1.0065002450578908 
26.86 	 1.0064720811115258 
26.88 	 1.0064266779668847 
26.9 	 1.0064476693963988 
26.92 	 1.0064487675393234 
26.94 	 1.006516106347681 
26.96 	 1.0065652643694591 
26.98 	 1.0066728029831797 
27.0 	 1.0067680876017877 
27.02 	 1.0069075938512362 
27.04 	 1.007044613374937 
27.06 	 1.00720638871925 
27.08 	 1.0073787527532414 
27.1 	 1.0075515178716146 
27.12 	 1.0077505801996944 
27.14 	 1.007920965774371 
27.16 	 1.0081351282890247 
27.18 	 1.0082872830889307 
27.2 	 1.0085013259861173 
27.22 	 1.0086170776493413 
27.24 	 1.0088119557476516 
27.26 	 1.0088718265147347 
27.28 	 1.0090253154507145 
27.3 	 1.0090106053587844 
27.32 	 1.0090991560115123 
27.34 	 1.0089951394686618 
27.36 	 1.0089971507461228 
27.38 	 1.0087970420325882 
27.4 	 1.0086973376439914 
27.42 	 1.0084061362968408 
27.44 	 1.0082008033671326 
27.46 	 1.0078376926091606 
27.48 	 1.0075378644451405 
27.5 	 1.0071357514146466 
27.52 	 1.00676865162279 
27.54 	 1.0063698618105532 
27.56 	 1.0059756990665438 
27.58 	 1.0056238811529383 
27.6 	 1.0052482194269488 
27.62 	 1.0049781201980426 
27.64 	 1.0046611488035415 
27.66 	 1.0044895241947673 
27.68 	 1.0042555897644443 
27.7 	 1.004177066242156 
27.72 	 1.004028683917374 
27.74 	 1.0040190009172136 
27.76 	 1.003938333071327 
27.78 	 1.0039643229285211 
27.8 	 1.0039220087163778 
27.82 	 1.003954432950174 
27.84 	 1.0039222176938225 
27.86 	 1.003946053407384 
27.88 	 1.003907815801553 
27.9 	 1.0039257220010576 
27.92 	 1.0038822768156541 
27.94 	 1.0039102121536243 
27.96 	 1.0038762913987023 
27.98 	 1.0039339283185722 
28.0 	 1.0039294657600932 
28.02 	 1.0040302725734542 
28.04 	 1.004070615401233 
28.06 	 1.004216137413279 
28.08 	 1.004305794892707 
28.1 	 1.0044860424964235 
28.12 	 1.0046181851786131 
28.14 	 1.0048167313587335 
28.16 	 1.0049774184800702 
28.18 	 1.005177760904166 
28.2 	 1.0053517499493705 
28.22 	 1.0055417027646265 
28.24 	 1.0057167308822994 
28.26 	 1.0058895478346839 
28.28 	 1.0060577213221082 
28.3 	 1.0062107996605083 
28.32 	 1.0063677580605985 
28.34 	 1.006500781486071 
28.36 	 1.0066443047497435 
28.38 	 1.00675821252578 
28.4 	 1.0068875403548556 
28.42 	 1.0069844546579718 
28.44 	 1.0071004177023466 
28.46 	 1.007183697691868 
28.48 	 1.0072888487883118 
28.5 	 1.0073624224334665 
28.52 	 1.0074603495583576 
28.54 	 1.0075272446494203 
28.56 	 1.0076210069285267 
28.58 	 1.0076818199374866 
28.6 	 1.0077722537965343 
28.62 	 1.0078244658060496 
28.64 	 1.0079092749397545 
28.66 	 1.0079477474463294 
28.68 	 1.0080217187291767 
28.7 	 1.0080399235532662 
28.72 	 1.0080958494406107 
28.74 	 1.00808711297324 
28.76 	 1.0081167590696625 
28.78 	 1.0080752662417631 
28.8 	 1.0080702267614539 
28.82 	 1.0079922481134451 
28.84 	 1.007945269590853 
28.86 	 1.0078312290283171 
28.88 	 1.0077387042007306 
28.9 	 1.00759590267972 
28.92 	 1.0074613356374835 
28.94 	 1.0073058969357978 
28.96 	 1.007142755001019 
28.98 	 1.0069987881416338 
29.0 	 1.0068304737902727 
29.02 	 1.0067253735590649 
29.04 	 1.00658095890456 
29.06 	 1.006537904013562 
29.08 	 1.00644450936747 
29.1 	 1.0064752126796936 
29.12 	 1.0064500858469434 
29.14 	 1.0065512268767771 
29.16 	 1.0065971353063152 
29.18 	 1.0067522066169965 
29.2 	 1.0068581661348681 
29.22 	 1.0070436743877171 
29.24 	 1.0071902552616094 
29.26 	 1.007383081346683 
29.28 	 1.0075492979881937 
29.3 	 1.0077318207234853 
29.32 	 1.0079002400911665 
29.34 	 1.0080615559734716 
29.36 	 1.008219825452049 
29.38 	 1.0083538667923484 
29.4 	 1.0084932701262146 
29.42 	 1.0085962918832685 
29.44 	 1.0087096699220568 
29.46 	 1.0087794710162374 
29.48 	 1.0088608507340813 
29.5 	 1.0088983753319352 
29.52 	 1.008944992908542 
29.54 	 1.0089568265965607 
29.56 	 1.0089720710514862 
29.58 	 1.008971334941756 
29.6 	 1.0089660496002832 
29.62 	 1.0089701234464372 
29.64 	 1.0089605893756413 
29.66 	 1.0089863977296643 
29.68 	 1.0089896700607819 
29.7 	 1.0090492531161783 
29.72 	 1.0090786051935547 
29.74 	 1.0091777505002106 
29.76 	 1.0092411089292352 
29.78 	 1.00938173287435 
29.8 	 1.009483910925921 
29.82 	 1.0096681745001863 
29.84 	 1.0098149726841228 
29.86 	 1.010047882060757 
29.88 	 1.0102488301755554 
29.9 	 1.01053718948993 
29.92 	 1.0108047280202985 
29.94 	 1.0111527139123404 
29.96 	 1.0114978871415008 
29.98 	 1.0119012348010337 
30.0 	 1.0123275738535562 
30.02 	 1.0127683967154415 
30.04 	 1.013265704816307 
30.06 	 1.0137091342051774 
30.08 	 1.014248263850491 
30.1 	 1.014641966556194 
30.12 	 1.0151719564077986 
30.14 	 1.0154504992335143 
30.16 	 1.0159007710902463 
30.18 	 1.0159970853103444 
30.2 	 1.016287880781309 
30.22 	 1.0161517091800707 
30.24 	 1.0162133964668105 
30.26 	 1.0158318004775997 
30.28 	 1.0156283293697432 
30.3 	 1.0150392880501364 
30.32 	 1.0145862521427216 
30.34 	 1.0138769290252458 
30.36 	 1.0132445410741608 
30.38 	 1.0125319810175784 
30.4 	 1.0118292449264632 
30.42 	 1.0112299903307336 
30.44 	 1.0105755616508685 
30.46 	 1.0101765713613193 
30.48 	 1.009668565749293 
30.5 	 1.0095109954875132 
30.52 	 1.0092079184216245 
30.54 	 1.0092883301182833 
30.56 	 1.0092066844654195 
30.58 	 1.0094917650990303 
30.6 	 1.0096175080178136 
30.62 	 1.0100635005091703 
30.64 	 1.0103694925411824 
30.66 	 1.0109379686162805 
30.68 	 1.0113994887192808 
30.7 	 1.0120646976328387 
30.72 	 1.012667953881328 
30.74 	 1.0134146366440149 
30.76 	 1.0141561927918035 
30.78 	 1.0149690867433805 
30.8 	 1.015846188275529 
30.82 	 1.0166941533104 
30.84 	 1.0176878724121898 
30.86 	 1.018507758210015 
30.88 	 1.019563726118462 
30.9 	 1.0202515192680142 
30.92 	 1.0212663432297335 
30.94 	 1.0216837211012189 
30.96 	 1.0225066681872028 
30.98 	 1.0225073867458843 
31.0 	 1.0229638162658425 
31.02 	 1.022436064229766 
31.04 	 1.0223707874343277 
31.06 	 1.0212820940868907 
31.08 	 1.0206103316044515 
31.1 	 1.0190363783109864 
31.12 	 1.0177827533121964 
31.14 	 1.0159046571041 
31.16 	 1.0142116418506009 
31.18 	 1.0122778261984438 
31.2 	 1.0103756959017696 
31.22 	 1.0086396837138445 
31.24 	 1.0067866464449335 
31.26 	 1.0054436722061066 
31.28 	 1.0038591595458843 
31.3 	 1.0030056382649284 
31.32 	 1.001822881695052 
31.34 	 1.0014516925863148 
31.36 	 1.0007048984899414 
31.38 	 1.0007321895826433 
31.4 	 1.0003758108390077 
31.42 	 1.0006822667226372 
31.44 	 1.0006267122184542 
31.46 	 1.0010947965402353 
31.48 	 1.0012410711239552 
31.5 	 1.0017776188642957 
31.52 	 1.00204035890317 
31.54 	 1.0025836444036058 
31.56 	 1.002900749924835 
31.58 	 1.003417027510125 
31.6 	 1.0037494956855335 
31.62 	 1.004225016174339 
31.64 	 1.0045518363368493 
31.66 	 1.004984607869148 
31.68 	 1.0052964476251813 
31.7 	 1.0056898480414178 
31.72 	 1.0059836321126943 
31.74 	 1.006342463663002 
31.76 	 1.0066177019450164 
31.78 	 1.0069464433664446 
31.8 	 1.0072033741993702 
31.82 	 1.0075059818592365 
31.84 	 1.0077451314508217 
31.86 	 1.0080256424667806 
31.88 	 1.0082482214561472 
31.9 	 1.0085115504713678 
31.92 	 1.00872017247856 
31.94 	 1.0089727158716306 
31.96 	 1.0091720707786285 
31.98 	 1.0094218576414073 
32.0 	 1.0096190261499915 
32.02 	 1.0098751663127017 
32.04 	 1.0100792222062691 
32.06 	 1.010350476743541 
32.08 	 1.0105710860741832 
32.1 	 1.0108636991777182 
32.12 	 1.0111087695682703 
32.14 	 1.0114241992174628 
32.16 	 1.0116971980447318 
32.18 	 1.0120307776581645 
32.2 	 1.0123288232551713 
32.22 	 1.0126703471668963 
32.24 	 1.012984224422627 
32.26 	 1.0133208257694075 
32.28 	 1.0136374918239077 
32.3 	 1.013958136198392 
32.32 	 1.0142651928383675 
32.34 	 1.0145651353659337 
32.36 	 1.014855651935589 
32.38 	 1.0151389247152174 
32.4 	 1.0154145788155378 
32.42 	 1.0156933367982597 
32.44 	 1.0159645099701757 
32.46 	 1.016255562519572 
32.48 	 1.0165385151409092 
32.5 	 1.0168587327699457 
32.52 	 1.0171714087562866 
32.54 	 1.0175340701200832 
32.56 	 1.0178925700267498 
32.58 	 1.0183059042134246 
32.6 	 1.018722968460315 
32.62 	 1.019190688556687 
32.64 	 1.0196761196433033 
32.66 	 1.0201984434167406 
32.68 	 1.0207600160586934 
32.7 	 1.0213331357857807 
32.72 	 1.0219758186479786 
32.74 	 1.0225883304904495 
32.76 	 1.0233100123314913 
32.78 	 1.023936527461884 
32.8 	 1.024720156903229 
32.82 	 1.0253148164021961 
32.84 	 1.026119639573536 
32.86 	 1.0266143529947909 
32.88 	 1.0273714923085995 
32.9 	 1.027683648563682 
32.92 	 1.0283016289545974 
32.94 	 1.0283526635552527 
32.96 	 1.0287353120503515 
32.98 	 1.028475777067106 
33.0 	 1.028548952853517 
33.02 	 1.0279806721358942 
33.04 	 1.0277185105160405 
33.06 	 1.0269034013433285 
33.08 	 1.026342737987654 
33.1 	 1.0253922926784738 
33.12 	 1.024627530084889 
33.14 	 1.0236749944382149 
33.16 	 1.0228336562546725 
33.18 	 1.0219985947809833 
33.2 	 1.021206246276611 
33.22 	 1.0205644151276947 
33.24 	 1.0199119537009345 
33.26 	 1.0194805470891832 
33.28 	 1.0190048203568611 
33.3 	 1.0187460912677726 
33.32 	 1.0184281007333582 
33.34 	 1.0182673217827827 
33.36 	 1.018045320295881 
33.38 	 1.0178955918250427 
33.4 	 1.0176867994214156 
33.42 	 1.0174737700367182 
33.44 	 1.0171985837389261 
33.46 	 1.0168804591257437 
33.48 	 1.0164846687479228 
33.5 	 1.0160645052679327 
33.52 	 1.0155358791851319 
33.54 	 1.015063567120709 
33.56 	 1.014438944961559 
33.58 	 1.01400092115286 
33.6 	 1.0133603096580117 
33.62 	 1.0130576248349297 
33.64 	 1.0125046385760588 
33.66 	 1.0124245864571901 
33.68 	 1.012057909936816 
33.7 	 1.0122486222900757 
33.72 	 1.0121342413227148 
33.74 	 1.0125920323496111 
33.76 	 1.012746905629005 
33.78 	 1.0134211574928726 
33.8 	 1.0138141177307618 
33.82 	 1.0146265002187724 
33.84 	 1.0151940917953348 
33.86 	 1.0160628374224039 
33.88 	 1.01673157651512 
33.9 	 1.0175909324567725 
33.92 	 1.018296522124244 
33.94 	 1.0191058491769462 
33.96 	 1.0198036404728874 
33.98 	 1.0205464088325555 
34.0 	 1.0212126414525386 
34.02 	 1.0218894069361735 
34.04 	 1.0225164374584594 
34.06 	 1.0231365847459113 
34.08 	 1.0237262644247995 
34.1 	 1.0243017385382402 
34.12 	 1.0248599645391716 
34.14 	 1.0254019901942166 
34.16 	 1.0259355769677425 
34.18 	 1.0264537284993198 
34.2 	 1.026969252642454 
34.22 	 1.0274716393147207 
34.24 	 1.027975283897922 
34.26 	 1.0284688606026235 
34.28 	 1.0289664204031268 
34.3 	 1.0294570290808518 
34.32 	 1.02995372703091 
34.34 	 1.030445965008656 
34.36 	 1.0309461598927396 
34.38 	 1.0314433408232957 
34.4 	 1.0319503623944022 
34.42 	 1.0324547268028372 
34.44 	 1.032970980069436 
34.46 	 1.033484111715212 
34.48 	 1.0340114098076598 
34.5 	 1.0345346939345414 
34.52 	 1.0350746681884355 
34.54 	 1.0356096482310237 
34.56 	 1.0361641034902633 
34.58 	 1.036712692680279 
34.6 	 1.0372838667897017 
34.62 	 1.0378484339298677 
34.64 	 1.0384391672115025 
34.66 	 1.0390224732206592 
34.68 	 1.0396362302767055 
34.7 	 1.0402411029238323 
34.72 	 1.0408816858499954 
34.74 	 1.0415103458791433 
34.76 	 1.0421811743148248 
34.78 	 1.042834373886884 
34.8 	 1.0435374976027367 
34.82 	 1.0442139762635236 
34.84 	 1.0449493859286583 
34.86 	 1.0456462398386523 
34.88 	 1.0464121616769146 
34.9 	 1.0471262671780965 
34.92 	 1.0479206443269746 
34.94 	 1.0486504057068664 
34.96 	 1.0494728138270148 
34.98 	 1.0502188302867064 
35.0 	 1.0510712981815513 
35.02 	 1.051834758943464 
35.04 	 1.0527201148527823 
35.06 	 1.0534990099168398 
35.08 	 1.0544166769944654 
35.1 	 1.0552016391894283 
35.12 	 1.05614266573615 
35.14 	 1.056915343292777 
35.16 	 1.0578597510536354 
35.18 	 1.0585961609085246 
35.2 	 1.0595154542719463 
35.22 	 1.060194695938846 
35.24 	 1.0610603903389246 
35.26 	 1.0616762727445974 
35.28 	 1.0624723444189266 
35.3 	 1.0630433547216198 
35.32 	 1.0637780518087583 
35.34 	 1.0643510157216014 
35.36 	 1.065062985255223 
35.38 	 1.0657081614067734 
35.4 	 1.0664639981712498 
35.42 	 1.0672632695274555 
35.44 	 1.0681476017842477 
35.46 	 1.06918080694016 
35.48 	 1.0702837860905325 
35.5 	 1.0716189282907271 
35.52 	 1.0730270955786145 
35.54 	 1.0747173175646079 
35.56 	 1.0765111442506676 
35.58 	 1.078596153428839 
35.6 	 1.0808521245175933 
35.62 	 1.0833570067812233 
35.64 	 1.086146773020173 
35.66 	 1.0890699666780825 
35.68 	 1.0924471925955197 
35.7 	 1.095733841488817 
35.72 	 1.0997034279979552 
35.74 	 1.1032100906033073 
35.76 	 1.1076845739851717 
35.78 	 1.1111525262374484 
35.8 	 1.1159129029463966 
35.82 	 1.118972915259743 
35.84 	 1.1236585915267525 
35.86 	 1.125883327413571 
35.88 	 1.1300314946384287 
35.9 	 1.1310322623890503 
35.92 	 1.1341699251046053 
35.94 	 1.1337110308878051 
35.96 	 1.1354796221813224 
35.98 	 1.133568321101754 
36.0 	 1.1338407225905138 
36.02 	 1.1307516401317714 
36.04 	 1.1296926518915034 
36.06 	 1.1259033519070722 
36.08 	 1.1239341765380317 
36.1 	 1.1199799978104255 
36.12 	 1.117640142266162 
36.14 	 1.113934706218881 
36.16 	 1.1116855713569407 
36.18 	 1.108381986004003 
36.2 	 1.1064387712534258 
36.22 	 1.1033993000425206 
36.24 	 1.1016733052812067 
36.26 	 1.098560651021311 
36.28 	 1.0967321765761513 
36.3 	 1.0931657582918604 
36.32 	 1.0908319897082897 
36.34 	 1.0865237465596915 
36.36 	 1.0833358931752002 
36.38 	 1.0781529308966666 
36.4 	 1.073888615008833 
36.42 	 1.0678503360476401 
36.44 	 1.0624265086646534 
36.46 	 1.0556825334038984 
36.48 	 1.0491541209534414 
36.5 	 1.0419829203010724 
36.52 	 1.0345668861462978 
36.54 	 1.0273951404610306 
36.56 	 1.0195161794633691 
36.58 	 1.0129180006728657 
36.6 	 1.0052247374738448 
36.62 	 0.9998486674975067 
36.64 	 0.9931357030280173 
36.66 	 0.989537976591778 
36.68 	 0.9845483838636037 
36.7 	 0.9829739375231449 
36.72 	 0.9801363834603238 
36.74 	 0.980350819122312 
36.76 	 0.9795743324295338 
36.78 	 0.9808554780826203 
36.8 	 0.9814964449737209 
36.82 	 0.9828158880868856 
36.84 	 0.9838391410336664 
36.86 	 0.9841594436057106 
36.88 	 0.9844205567614668 
36.9 	 0.9829909354888402 
36.92 	 0.9815418132281168 
36.94 	 0.9781049311152281 
36.96 	 0.9744499990173702 
36.98 	 0.9693201059387545 
37.0 	 0.9635720762937162 
37.02 	 0.9575729171715451 
37.04 	 0.950461015139651 
37.06 	 0.9447258065301871 
37.08 	 0.9374203405605149 
37.1 	 0.9330799036803133 
37.12 	 0.92684698885735 
37.14 	 0.924685154639502 
37.16 	 0.9204800242337772 
37.18 	 0.9206969286667661 
37.2 	 0.918883123858078 
37.22 	 0.921095008355052 
37.24 	 0.9214315772011313 
37.26 	 0.9248998640479247 
37.28 	 0.9267633947543837 
37.3 	 0.9306965364504381 
37.32 	 0.9333658577638347 
37.34 	 0.9371299510007008 
37.36 	 0.9399832996698946 
37.38 	 0.9431700683408739 
37.4 	 0.9457566648043122 
37.42 	 0.9481558893831377 
37.44 	 0.9501852722328812 
37.46 	 0.9517316979204093 
37.48 	 0.9530407051857304 
37.5 	 0.9537788454194011 
37.52 	 0.9543139991410782 
37.54 	 0.9543880402467304 
37.56 	 0.9542099261749721 
37.58 	 0.9538613809945082 
37.6 	 0.9531539888916446 
37.62 	 0.9527027442818312 
37.64 	 0.9517619520075215 
37.66 	 0.9515556117736145 
37.68 	 0.9507392787355635 
37.7 	 0.951076010772011 
37.72 	 0.9507203742438597 
37.74 	 0.9517720116267762 
37.76 	 0.9521038963381482 
37.78 	 0.9538748191283121 
37.8 	 0.9549590036374891 
37.82 	 0.9573023987375745 
37.84 	 0.959047697213633 
37.86 	 0.9617307505253327 
37.88 	 0.9639469044219398 
37.9 	 0.966732300198868 
37.92 	 0.9692064795673472 
37.94 	 0.9719161060791224 
37.96 	 0.9744770694092546 
37.98 	 0.9770208975511796 
38.0 	 0.979574265367111 
38.02 	 0.9819458413412657 
38.04 	 0.9844795979612173 
38.06 	 0.9867274911448738 
38.08 	 0.9892929475891447 
38.1 	 0.991475609489173 
38.12 	 0.9941470593250992 
38.14 	 0.996275694547575 
38.16 	 0.9990902827957887 
38.18 	 1.001068559442531 
38.2 	 1.0039541579499613 
38.22 	 1.0055350822577536 
38.24 	 1.0082480698256648 
38.26 	 1.0090374334494334 
38.28 	 1.0111441306184656 
38.3 	 1.0106734264808108 
38.32 	 1.0116054656576767 
38.34 	 1.009471077809664 
38.36 	 1.0086620018300512 
38.38 	 1.004693905819576 
38.4 	 1.001770629260897 
38.42 	 0.9961718946784962 
38.44 	 0.9911440210839201 
38.46 	 0.9845420814748949 
38.48 	 0.9779143307435986 
38.5 	 0.9712831201747346 
38.52 	 0.9640193341776889 
38.54 	 0.9584639174611436 
38.56 	 0.9517683290454417 
38.58 	 0.9482161837392178 
38.6 	 0.9431802268709939 
38.62 	 0.9420932659201299 
38.64 	 0.9393580100121771 
38.66 	 0.940614758147176 
38.68 	 0.9402283813503484 
38.7 	 0.9432488172866594 
38.72 	 0.9447827809050032 
38.74 	 0.9488084642469299 
38.76 	 0.9516231758602438 
38.78 	 0.955978534706493 
38.8 	 0.9594676848725384 
38.82 	 0.9636890380822247 
38.84 	 0.9674053956409581 
38.86 	 0.9712378990321424 
38.88 	 0.9749030877537881 
38.9 	 0.9782290870162281 
38.92 	 0.9816802125278329 
38.94 	 0.9844434287190095 
38.96 	 0.9875712852321133 
38.98 	 0.9897332038314592 
39.0 	 0.9924458453298405 
39.02 	 0.9939801994513974 
39.04 	 0.9962002635907641 
39.06 	 0.9971100671098713 
39.08 	 0.9987937382836778 
39.1 	 0.9991267157196159 
39.12 	 1.0002816488910162 
39.14 	 1.0001244995823377 
39.16 	 1.0008060030321855 
39.18 	 1.0002529225197625 
39.2 	 1.0005315699107005 
39.22 	 0.999641099136189 
39.24 	 0.9995548927471135 
39.26 	 0.9983214671173695 
39.28 	 0.9978405939149892 
39.3 	 0.9962039995023462 
39.32 	 0.9952349509618865 
39.34 	 0.9931312525446008 
39.36 	 0.9915675120557481 
39.38 	 0.9889997519404612 
39.4 	 0.9867992292272374 
39.42 	 0.9838914963582731 
39.44 	 0.9811428405504984 
39.46 	 0.978146461580411 
39.48 	 0.9750878819979799 
39.5 	 0.9723303262267856 
39.52 	 0.9693053008649991 
39.54 	 0.9670996159147341 
39.56 	 0.964464259546575 
39.58 	 0.9630163479505047 
39.6 	 0.9610376144857208 
39.62 	 0.9603899427549231 
39.64 	 0.9591773306654181 
39.66 	 0.9592089192517455 
39.68 	 0.9587023673413848 
39.7 	 0.9591778036142706 
39.72 	 0.9591860614216591 
39.74 	 0.9598286790701681 
39.76 	 0.9600953586542329 
39.78 	 0.9606592656369524 
39.8 	 0.9609336983005179 
39.82 	 0.9612582561315888 
39.84 	 0.96135560213614 
39.86 	 0.961393536038121 
39.88 	 0.9612334785061805 
39.9 	 0.9610479899827604 
39.92 	 0.9606636100790361 
39.94 	 0.9603951829135756 
39.96 	 0.959908787725064 
39.98 	 0.9597211818610513 
40.0 	 0.9592942250810886 
40.02 	 0.9593177228973125 
40.04 	 0.9590928006149035 
40.06 	 0.9593845866159616 
40.08 	 0.9594408999658924 
40.1 	 0.9599744812720141 
40.12 	 0.9603105318215552 
40.14 	 0.9609925219306319 
40.16 	 0.9615359751013981 
40.18 	 0.9622380221049128 
40.2 	 0.9628719940192532 
40.22 	 0.9634638983214163 
40.24 	 0.9640569891783405 
40.26 	 0.9644324771092277 
40.28 	 0.9648646349956951 
40.3 	 0.9649576522423605 
40.32 	 0.9651393837013397 
40.34 	 0.9649317132009714 
40.36 	 0.9648163466572698 
40.38 	 0.9643371650037281 
40.4 	 0.9639254534049317 
40.42 	 0.9632431503270442 
40.44 	 0.9625794601359984 
40.46 	 0.9617875227328225 
40.48 	 0.9609488334279168 
40.5 	 0.9601497576497163 
40.52 	 0.9592313282636075 
40.54 	 0.95852288014091 
40.56 	 0.9576250377218704 
40.58 	 0.95709079650701 
40.6 	 0.9563089139305827 
40.62 	 0.9560117080523427 
40.64 	 0.9554280536611105 
40.66 	 0.9554035137298221 
40.68 	 0.9550782682578862 
40.7 	 0.9553274007119701 
40.72 	 0.9552878692654504 
40.74 	 0.9557708107606295 
40.76 	 0.9560012033531453 
40.78 	 0.9566366508919122 
40.8 	 0.9570733422698836 
40.82 	 0.9577480157747148 
40.84 	 0.9582854071904944 
40.86 	 0.9588751207618353 
40.88 	 0.959384757203404 
40.9 	 0.9597839465420368 
40.92 	 0.9601447445582268 
40.94 	 0.9602961564341174 
40.96 	 0.9604277862687725 
40.98 	 0.9603411038305819 
41.0 	 0.9602285134548254 
41.02 	 0.9599787157157762 
41.04 	 0.9596767908658647 
41.06 	 0.9593806385435366 
41.08 	 0.9589953714724454 
41.1 	 0.9587744504695442 
41.12 	 0.9584278404388383 
41.14 	 0.9583732526624745 
41.16 	 0.9581670518701789 
41.18 	 0.9583193682970904 
41.2 	 0.9583120984215165 
41.22 	 0.9586610359594363 
41.24 	 0.9588636723925231 
41.26 	 0.9593613505287134 
41.28 	 0.9597463428176145 
41.3 	 0.96032320862419 
41.32 	 0.9608366269753931 
41.34 	 0.9614125107822006 
41.36 	 0.9619822853198289 
41.38 	 0.962472499671643 
41.4 	 0.9630128848580117 
41.42 	 0.9633345359454917 
41.44 	 0.9637520332953006 
41.46 	 0.9638353379941659 
41.48 	 0.9640410026437609 
41.5 	 0.9638455255752638 
41.52 	 0.9637737826337769 
41.54 	 0.9633040327985035 
41.56 	 0.9629324170764291 
41.58 	 0.9622448357867047 
41.6 	 0.9616060265621061 
41.62 	 0.9608015042103742 
41.64 	 0.9599804642764493 
41.66 	 0.9591821828450434 
41.68 	 0.9582967468982493 
41.7 	 0.9576198073562243 
41.72 	 0.9567903960206429 
41.74 	 0.9563141324849537 
41.76 	 0.9556337645871158 
41.78 	 0.9553871281264488 
41.8 	 0.9549031099982874 
41.82 	 0.9548675454677825 
41.84 	 0.9545803432522519 
41.86 	 0.9547062575106474 
41.88 	 0.9545824744732023 
41.9 	 0.954809933016811 
41.92 	 0.9548006225836175 
41.94 	 0.9550756786329652 
41.96 	 0.9551318094018217 
41.98 	 0.9554153700412683 
42.0 	 0.9554974643967612 
42.02 	 0.9557688027762227 
42.04 	 0.9558525489345611 
42.06 	 0.9561104443477834 
42.08 	 0.9561905500252214 
42.1 	 0.9564519978703432 
42.12 	 0.9565433117396779 
42.14 	 0.9568369710721784 
42.16 	 0.9569692319463693 
42.18 	 0.9573221083967318 
42.2 	 0.957526418399412 
42.22 	 0.9579474602333753 
42.24 	 0.9582383081571949 
42.26 	 0.9587072542439949 
42.28 	 0.9590690301450469 
42.3 	 0.9595382951732271 
42.32 	 0.9599248937823931 
42.34 	 0.9603357869630542 
42.36 	 0.9606854088629483 
42.38 	 0.9609917064099913 
42.4 	 0.9612505082389798 
42.42 	 0.9614379655987039 
42.44 	 0.961581309555721 
42.46 	 0.9616738230775087 
42.48 	 0.9617152939803719 
42.5 	 0.9617654236732049 
42.52 	 0.9617502420793231 
42.54 	 0.9618194390016561 
42.56 	 0.9618065570608917 
42.58 	 0.9619446524803594 
42.6 	 0.9619865683127177 
42.62 	 0.9622190076157052 
42.64 	 0.9623478853157706 
42.66 	 0.9626739803472133 
42.68 	 0.9628978593202362 
42.7 	 0.9632975056064109 
42.72 	 0.9636047179300149 
42.74 	 0.9640481338560749 
42.76 	 0.9644151379095136 
42.78 	 0.96487128199275 
42.8 	 0.9652700331930036 
42.82 	 0.9657124975269218 
42.84 	 0.9661163254080538 
42.86 	 0.9665277308506676 
42.88 	 0.9669166428171984 
42.9 	 0.9672923652647853 
42.92 	 0.9676583170956766 
42.94 	 0.9680085376414928 
42.96 	 0.9683592535340328 
42.98 	 0.9687069196956571 
43.0 	 0.969065347795893 
43.02 	 0.9694383449031412 
43.04 	 0.9698355487945796 
43.06 	 0.9702543100308461 
43.08 	 0.9707167207297722 
43.1 	 0.9711819422414728 
43.12 	 0.9717176885252882 
43.14 	 0.9722041800620241 
43.16 	 0.9727949159465705 
43.18 	 0.9732553220157675 
43.2 	 0.9738578491347363 
43.22 	 0.9742350279373968 
43.24 	 0.9747920796759711 
43.26 	 0.9750345436017994 
43.28 	 0.9754896100509935 
43.3 	 0.9755635094534897 
43.32 	 0.9758734003139772 
43.34 	 0.9757672536653691 
43.36 	 0.975908412002452 
43.38 	 0.9756307489373863 
43.4 	 0.9755989108370194 
43.42 	 0.9751715719352011 
43.44 	 0.9749768113210571 
43.46 	 0.9744270454107979 
43.48 	 0.9740868357121382 
43.5 	 0.9734405338911585 
43.52 	 0.9729730526141741 
43.54 	 0.9722506312328335 
43.56 	 0.9716700720324916 
43.58 	 0.9708858800759183 
43.6 	 0.970201075039306 
43.62 	 0.9693663473587496 
43.64 	 0.9685831354915851 
43.66 	 0.967711384206954 
43.68 	 0.9668379263832624 
43.7 	 0.9659507624784729 
43.72 	 0.9650039471446336 
43.74 	 0.9641350764650203 
43.76 	 0.9631456827449963 
43.78 	 0.9623411748653995 
43.8 	 0.9613555352128785 
43.82 	 0.9606692834008966 
43.84 	 0.959745828459603 
43.86 	 0.9592305442617087 
43.88 	 0.9584311150918268 
43.9 	 0.9581271793492057 
43.92 	 0.9575052803416177 
43.94 	 0.9574313594020017 
43.96 	 0.9570214333624084 
43.98 	 0.9571705246744997 
44.0 	 0.9569822216736436 
44.02 	 0.9573243205640277 
44.04 	 0.9573432381498156 
44.06 	 0.9578326860979539 
44.08 	 0.9580259171901124 
44.1 	 0.9586100406314195 
44.12 	 0.9589334624659535 
44.14 	 0.9595601488894383 
44.16 	 0.9599654038610854 
44.18 	 0.9605892739077353 
44.2 	 0.9610302244993566 
44.22 	 0.9616178964771891 
44.24 	 0.9620569179563526 
44.26 	 0.9625909904229567 
44.28 	 0.9630044203514745 
44.3 	 0.9634846503138055 
44.32 	 0.9638655356224507 
44.34 	 0.9643059445259459 
44.36 	 0.9646625417695758 
44.38 	 0.965084999188001 
44.4 	 0.9654353900191913 
44.42 	 0.9658621692441575 
44.44 	 0.9662273993294521 
44.46 	 0.9666756314205985 
44.48 	 0.9670743151793325 
44.5 	 0.9675537335250537 
44.52 	 0.9679995839482404 
44.54 	 0.9685124888130913 
44.56 	 0.9690137258466754 
44.58 	 0.9695545044402989 
44.6 	 0.9701124023880989 
44.62 	 0.9706645997472937 
44.64 	 0.9712690678726396 
44.66 	 0.9718008755414612 
44.68 	 0.9724239978276522 
44.7 	 0.9728862984082468 
44.72 	 0.9734783424948751 
44.74 	 0.9738103710472711 
44.76 	 0.9743039843595258 
44.78 	 0.9744485366953445 
44.8 	 0.9747737806814517 
44.82 	 0.9746978813273749 
44.84 	 0.9748044744636992 
44.86 	 0.9745163509224779 
44.88 	 0.9743938363648587 
44.9 	 0.9739468160535915 
44.92 	 0.9736324106000708 
44.94 	 0.9731118988013754 
44.96 	 0.9726808666780301 
44.98 	 0.9721789843525498 
45.0 	 0.9717209822319403 
45.02 	 0.9713097944762976 
45.04 	 0.9709017093134642 
45.06 	 0.9706163743473342 
45.08 	 0.9703033440396264 
45.1 	 0.9701407407957261 
45.12 	 0.9699317170320967 
45.14 	 0.9698619581477894 
45.16 	 0.9697381289506296 
45.18 	 0.969721016637855 
45.2 	 0.9696499455924186 
45.22 	 0.9696486309761319 
45.24 	 0.9695968686785253 
45.26 	 0.9695853059748417 
45.28 	 0.9695261282961204 
45.3 	 0.9694914820122313 
45.32 	 0.9694085955801375 
45.34 	 0.9693514751603746 
45.36 	 0.9692410592208986 
45.38 	 0.9691750664184149 
45.4 	 0.96904713576052 
45.42 	 0.9689968819353174 
45.44 	 0.9688747401072157 
45.46 	 0.9688707212803996 
45.48 	 0.9687866555055885 
45.5 	 0.9688569449986157 
45.52 	 0.9688440401993319 
45.54 	 0.9690052371817683 
45.56 	 0.9690877843271648 
45.58 	 0.9693387412326221 
45.6 	 0.9695248535251463 
45.62 	 0.9698453152840004 
45.64 	 0.9701239913237276 
45.66 	 0.9704775799006893 
45.68 	 0.9708198102837986 
45.7 	 0.9711591442478905 
45.72 	 0.9715211456736932 
45.74 	 0.9717935994320206 
45.76 	 0.9721211119008949 
45.78 	 0.9722757108789795 
45.8 	 0.972510317785678 
45.82 	 0.9725070581000954 
45.84 	 0.9725961509632729 
45.86 	 0.972417195901582 
45.88 	 0.972327086792307 
45.9 	 0.9719860253663538 
45.92 	 0.9717140643353239 
45.94 	 0.9712577119666567 
45.96 	 0.9708371963813867 
45.98 	 0.9703364988430707 
46.0 	 0.9698300722677577 
46.02 	 0.9693619370898474 
46.04 	 0.9688446152392025 
46.06 	 0.9684716775917593 
46.08 	 0.9680102856633674 
46.1 	 0.9677670981857996 
46.12 	 0.9674048734104334 
46.14 	 0.9672955731864653 
46.16 	 0.9670475503799307 
46.18 	 0.9670539581108493 
46.2 	 0.9669127593344357 
46.22 	 0.9670071402140054 
46.24 	 0.966954004544938 
46.26 	 0.9671100192725289 
46.28 	 0.9671249635709683 
46.3 	 0.9673231608019464 
46.32 	 0.9673905972134837 
46.34 	 0.9676185308508964 
46.36 	 0.9677280560929671 
46.38 	 0.9679774242413814 
46.4 	 0.9681217033705077 
46.42 	 0.968385180496105 
46.44 	 0.9685572721516637 
46.46 	 0.9688267031064147 
46.48 	 0.9690184261571673 
46.5 	 0.9692847983111801 
46.52 	 0.9694866772268683 
46.54 	 0.9697413706338622 
46.56 	 0.9699438296336323 
46.58 	 0.9701802130205593 
46.6 	 0.9703751987961456 
46.62 	 0.9705896730374612 
46.64 	 0.9707718302641098 
46.66 	 0.9709638392168145 
46.68 	 0.9711307164729991 
46.7 	 0.9713018445722154 
46.72 	 0.9714531867460332 
46.74 	 0.9716059316437248 
46.76 	 0.9717425995685123 
46.78 	 0.9718794863759723 
46.8 	 0.9720026546814065 
46.82 	 0.9721260161113213 
46.84 	 0.9722369827627149 
46.86 	 0.9723492085119787 
46.88 	 0.9724496341462759 
46.9 	 0.972553366344328 
46.92 	 0.9726454284280049 
46.94 	 0.972743297571636 
46.96 	 0.9728293591533375 
46.98 	 0.9729233335618113 
47.0 	 0.9730052121058812 
47.02 	 0.9730960787737682 
47.04 	 0.9731744533494867 
47.06 	 0.9732619531381319 
47.08 	 0.9733364509209296 
47.1 	 0.9734201070249573 
47.12 	 0.9734901147130579 
47.14 	 0.9735702171508752 
47.16 	 0.9736358777351517 
47.18 	 0.9737139326757737 
47.2 	 0.9737766335489249 
47.22 	 0.9738550079865529 
47.24 	 0.973917088843576 
47.26 	 0.9739982031404962 
47.28 	 0.9740622246077394 
47.3 	 0.9741479029744586 
47.32 	 0.974216055160769 
47.34 	 0.9743073292649956 
47.36 	 0.9743812338752442 
47.38 	 0.9744783706502073 
47.4 	 0.9745590243759508 
47.42 	 0.9746613856458858 
47.44 	 0.9747488727821402 
47.46 	 0.9748545852494905 
47.48 	 0.9749475956539893 
47.5 	 0.975053484284684 
47.52 	 0.9751491461826167 
47.54 	 0.9752513753149921 
47.56 	 0.975345867000353 
47.58 	 0.9754411562943855 
47.6 	 0.975530947513483 
47.62 	 0.9756176406471788 
47.64 	 0.9757006197569088 
47.66 	 0.9757789083604411 
47.68 	 0.9758546917350817 
47.7 	 0.975925950514853 
47.72 	 0.9759953279676702 
47.74 	 0.9760611727593312 
47.76 	 0.9761252774947671 
47.78 	 0.976187009708782 
47.8 	 0.9762468328262602 
47.82 	 0.9763054183711997 
47.84 	 0.9763617863037342 
47.86 	 0.9764180222272666 
47.88 	 0.9764717051706621 
47.9 	 0.9765262223414759 
47.92 	 0.976577870930992 
47.94 	 0.976630984675637 
47.96 	 0.9766809460766468 
47.98 	 0.9767326105829816 
48.0 	 0.9767808787587121 
48.02 	 0.976830866437801 
48.04 	 0.976877259922314 
48.06 	 0.9769253982288904 
48.08 	 0.9769697805645197 
48.1 	 0.977016008913916 
48.12 	 0.9770583236728388 
48.14 	 0.9771025437262095 
48.16 	 0.9771426531657442 
48.18 	 0.977184559819056 
48.2 	 0.9772220711806915 
48.22 	 0.9772611342707785 
48.24 	 0.9772953654841436 
48.26 	 0.977330964694996 
48.28 	 0.9773610477548129 
48.3 	 0.9773926841299269 
48.32 	 0.9774177553077397 
48.34 	 0.9774453301242108 
48.36 	 0.977464834022786 
48.38 	 0.9774890190708398 
48.4 	 0.9775031628375986 
48.42 	 0.9775257485867425 
48.44 	 0.9775359684298761 
48.46 	 0.9775599011979501 
48.48 	 0.9775690099075074 
48.5 	 0.9775978761081754 
48.52 	 0.9776096143953371 
48.54 	 0.9776466527421468 
48.56 	 0.9776647055412907 
48.58 	 0.9777117748319097 
48.6 	 0.9777386721047505 
48.62 	 0.9777956753030734 
48.64 	 0.9778320844466858 
48.66 	 0.9778971062914226 
48.68 	 0.9779418053904034 
48.7 	 0.9780118736892159 
48.72 	 0.9780623727149438 
48.74 	 0.9781345219096971 
48.76 	 0.9781880666723893 
48.78 	 0.9782603157012599 
48.8 	 0.9783149077423156 
48.82 	 0.9783868077164481 
48.84 	 0.9784418687795744 
48.86 	 0.9785144111093278 
48.88 	 0.9785708265722949 
48.9 	 0.9786457447038879 
48.92 	 0.9787052654130798 
48.94 	 0.9787840476087187 
48.96 	 0.9788483374717319 
48.98 	 0.9789314232733137 
49.0 	 0.9790012224867768 
49.02 	 0.9790877485004092 
49.04 	 0.9791625373925033 
49.06 	 0.9792506821454531 
49.08 	 0.9793289295040271 
49.1 	 0.9794165951763755 
49.12 	 0.9794963667731811 
49.14 	 0.9795818203845842 
49.16 	 0.9796613964775646 
49.18 	 0.9797436019404706 
49.2 	 0.9798218370273385 
49.22 	 0.9799004205455345 
49.24 	 0.9799767653170054 
49.26 	 0.9800517267446268 
49.28 	 0.9801259916817804 
49.3 	 0.9801973409719325 
49.32 	 0.9802693553763431 
49.34 	 0.9803368369536054 
49.36 	 0.9804061606208895 
49.38 	 0.9804691739033338 
49.4 	 0.9805349837502388 
49.42 	 0.9805927367447427 
49.44 	 0.9806539495041102 
49.46 	 0.980705796663952 
49.48 	 0.9807614003842318 
49.5 	 0.9808072302935688 
49.52 	 0.9808566995636914 
49.54 	 0.9808971934412735 
49.56 	 0.9809408036416893 
49.58 	 0.9809774237448191 
49.6 	 0.9810163062983359 
49.62 	 0.9810509927565676 
49.64 	 0.9810868886638645 
49.66 	 0.9811215840096735 
49.68 	 0.981156397170177 
49.7 	 0.981192596516061 
49.72 	 0.9812279362257569 
49.74 	 0.9812664322478264 
49.76 	 0.9813033173284388 
49.78 	 0.9813441989667138 
49.8 	 0.9813829962836972 
49.82 	 0.9814258422763643 
49.84 	 0.981466399806404 
49.86 	 0.9815105473384068 
49.88 	 0.9815524187226784 
49.9 	 0.981597198262956 
49.92 	 0.9816398580443504 
49.94 	 0.9816847375634098 
49.96 	 0.9817277283793174 
49.98 	 0.9817723628441629 
50.0 	 0.9818153618627578 
50.02 	 0.9818595747385276 
50.04 	 0.9819023962173647 
50.06 	 0.9819461282536449 
50.08 	 0.9819886905598361 
50.1 	 0.9820319462597776 
50.12 	 0.9820742309975459 
50.14 	 0.9821170419051956 
50.16 	 0.9821590647473318 
50.18 	 0.9822014748534029 
50.2 	 0.982243275341562 
50.22 	 0.9822853411766834 
50.24 	 0.9823269860656373 
50.26 	 0.9823687764605348 
50.28 	 0.9824103625629614 
50.3 	 0.982451942503366 
50.32 	 0.9824935826159009 
50.34 	 0.9825349708419631 
50.36 	 0.9825767494248927 
50.38 	 0.982617848622814 
50.4 	 0.982659741734848 
50.42 	 0.9827002539427572 
50.44 	 0.9827420225990308 
50.46 	 0.982781381972418 
50.48 	 0.9828224718366912 
50.5 	 0.9828598469827045 
50.52 	 0.982899354273121 
50.54 	 0.9829337763614288 
50.56 	 0.982970550361505 
50.58 	 0.9830011899051726 
50.6 	 0.9830341107696776 
50.62 	 0.9830606499306977 
50.64 	 0.9830890380619903 
50.66 	 0.9831119969616509 
50.68 	 0.9831360087358066 
50.7 	 0.9831568450624579 
50.72 	 0.983177656428521 
50.74 	 0.983198520327033 
50.76 	 0.983218154547457 
50.78 	 0.9832413377376535 
50.8 	 0.9832621526153638 
50.82 	 0.9832894388601721 
50.84 	 0.9833134680191585 
50.86 	 0.9833456615964314 
50.88 	 0.9833740892640682 
50.9 	 0.983410914927304 
50.92 	 0.9834438947741383 
50.94 	 0.9834842752017771 
50.96 	 0.9835211249110158 
50.98 	 0.9835636667443887 
51.0 	 0.9836032947498563 
51.02 	 0.9836467503588456 
51.04 	 0.9836880973347603 
51.06 	 0.9837316307460969 
51.08 	 0.9837739537837158 
51.1 	 0.9838171622366711 
51.12 	 0.9838600975492751 
51.14 	 0.9839028444028433 
51.16 	 0.9839462809899553 
51.18 	 0.9839884409684343 
51.2 	 0.9840322854878453 
51.22 	 0.9840735010870235 
51.24 	 0.9841174229128807 
51.26 	 0.9841569540171384 
51.28 	 0.984200197192306 
51.3 	 0.9842369306713329 
51.32 	 0.984278276889685 
51.34 	 0.9843109357266856 
51.36 	 0.9843488814807095 
51.38 	 0.9843764115169328 
51.4 	 0.9844095579675178 
51.42 	 0.9844315783047634 
51.44 	 0.9844591283487147 
51.46 	 0.9844762545943703 
51.48 	 0.9844984179417956 
51.5 	 0.9845122694566195 
51.52 	 0.9845303633536259 
51.54 	 0.984543176044142 
51.56 	 0.9845593119864308 
51.58 	 0.9845732560050927 
51.6 	 0.9845896834344128 
51.62 	 0.9846061357107406 
51.64 	 0.984624477293624 
51.66 	 0.9846435367990185 
51.68 	 0.9846642080239751 
51.7 	 0.9846846494797424 
51.72 	 0.9847066846996754 
51.74 	 0.984726379216471 
51.76 	 0.9847477343632739 
51.78 	 0.9847644037150242 
51.8 	 0.984782645814297 
51.82 	 0.9847947140549795 
51.84 	 0.9848078896211343 
51.86 	 0.9848151643818542 
51.88 	 0.9848225797462828 
51.9 	 0.9848265316958312 
51.92 	 0.9848291847518289 
51.94 	 0.9848326974866822 
51.96 	 0.9848331844768956 
51.98 	 0.9848398120363303 
52.0 	 0.9848416960402931 
52.02 	 0.9848546494902459 
52.04 	 0.984861477052076 
52.06 	 0.9848826843511622 
52.08 	 0.9848969852994996 
52.1 	 0.984926554467933 
52.12 	 0.9849491725940331 
52.14 	 0.984985428987278 
52.16 	 0.9850153923887894 
52.18 	 0.9850554357570517 
52.2 	 0.985090359929829 
52.22 	 0.9851309115198689 
52.24 	 0.9851677487820896 
52.26 	 0.9852060040397934 
52.28 	 0.9852418806729241 
52.3 	 0.9852761367228469 
52.32 	 0.9853090465423759 
52.34 	 0.9853389731963262 
52.36 	 0.9853681700616731 
52.38 	 0.9853946899478935 
52.4 	 0.985420703174774 
52.42 	 0.9854455335499094 
52.44 	 0.9854698171598727 
52.46 	 0.9854948111544297 
52.48 	 0.985519136402104 
52.5 	 0.9855456296309768 
52.52 	 0.9855714184815293 
52.54 	 0.9855997980691936 
52.56 	 0.9856276263115803 
52.58 	 0.9856572658864958 
52.6 	 0.9856867057876556 
52.62 	 0.9857162711569566 
52.64 	 0.9857461108724355 
52.66 	 0.9857740983953132 
52.68 	 0.9858028283739578 
52.7 	 0.9858281173182317 
52.72 	 0.9858544794606646 
52.74 	 0.985876693325459 
52.76 	 0.9859000841112436 
52.78 	 0.985919650640807 
52.8 	 0.9859402488182363 
52.82 	 0.9859581771773278 
52.84 	 0.9859767888231494 
52.86 	 0.985994288250175 
52.88 	 0.9860120115961766 
52.9 	 0.9860301166809983 
52.92 	 0.9860479808424153 
52.94 	 0.9860673149524867 
52.96 	 0.986086025819701 
52.98 	 0.9861067522467952 
53.0 	 0.986126606557452 
53.02 	 0.9861485324658469 
53.04 	 0.9861694804374047 
53.06 	 0.9861922307064891 
53.08 	 0.9862140174199888 
53.1 	 0.9862371963820615 
53.12 	 0.9862595067966011 
53.14 	 0.9862828003314378 
53.16 	 0.9863053602192494 
53.18 	 0.9863285712997362 
53.2 	 0.9863511920480711 
53.22 	 0.98637422913348 
53.24 	 0.9863968091964836 
53.26 	 0.9864196539599596 
53.28 	 0.9864421584153824 
53.3 	 0.9864648335723427 
53.32 	 0.9864872703651766 
53.34 	 0.9865098181405482 
53.36 	 0.9865322216858101 
53.38 	 0.9865546938094599 
53.4 	 0.9865771180049367 
53.42 	 0.9865995714873261 
53.44 	 0.9866220874991143 
53.46 	 0.9866445779648629 
53.48 	 0.9866672689784777 
53.5 	 0.9866898346881307 
53.52 	 0.9867127801343266 
53.54 	 0.9867354136235253 
53.56 	 0.9867586582857392 
53.58 	 0.9867812681974804 
53.6 	 0.986804777207248 
53.62 	 0.9868271505136604 
53.64 	 0.9868507600302716 
53.66 	 0.9868725421625812 
53.68 	 0.9868959247133552 
53.7 	 0.9869166360117714 
53.72 	 0.9869393018025235 
53.74 	 0.986958397876515 
53.76 	 0.9869797427927189 
53.78 	 0.9869967069474401 
53.8 	 0.9870160977224074 
53.82 	 0.9870305384851681 
53.84 	 0.987047409518038 
53.86 	 0.9870591388561094 
53.88 	 0.9870730776804497 
53.9 	 0.9870821655183836 
53.92 	 0.9870929844925316 
53.94 	 0.9870998039876124 
53.96 	 0.9871076142548783 
53.98 	 0.9871128866523039 
54.0 	 0.9871181820023474 
54.02 	 0.9871229963095527 
54.04 	 0.9871267161545118 
54.06 	 0.9871324657020492 
54.08 	 0.9871359688352859 
54.1 	 0.9871441552229641 
54.12 	 0.9871490434690965 
54.14 	 0.9871609629973925 
54.16 	 0.9871687619470693 
54.18 	 0.9871851749959336 
54.2 	 0.9871969710276048 
54.22 	 0.9872178967002762 
54.24 	 0.9872340787313354 
54.26 	 0.9872588149087219 
54.28 	 0.9872790331265419 
54.3 	 0.9873063962762835 
54.32 	 0.9873297472367638 
54.34 	 0.9873584243867644 
54.36 	 0.9873837684910615 
54.38 	 0.9874126375669919 
54.4 	 0.987438912564243 
54.42 	 0.9874672287074789 
54.44 	 0.9874936553152048 
54.46 	 0.987521081375314 
54.48 	 0.9875472297938723 
54.5 	 0.9875737562923079 
54.52 	 0.9875995063052967 
54.54 	 0.9876253299380675 
54.56 	 0.98765078340218 
54.58 	 0.987676197041824 
54.6 	 0.9877015909035431 
54.62 	 0.9877269044727907 
54.64 	 0.9877525436644415 
54.66 	 0.9877780258540709 
54.68 	 0.9878042276902474 
54.7 	 0.9878300447888706 
54.72 	 0.987857071394424 
54.74 	 0.987883204460146 
54.76 	 0.9879111625458858 
54.78 	 0.9879373062088695 
54.8 	 0.9879660154848152 
54.82 	 0.9879914940811138 
54.84 	 0.9880203616451629 
54.86 	 0.9880441255134337 
54.88 	 0.9880720970819176 
54.9 	 0.9880928608178474 
54.92 	 0.9881185243245563 
54.94 	 0.9881350627874969 
54.96 	 0.9881569348023971 
54.98 	 0.9881684704695799 
55.0 	 0.9881854078849815 
55.02 	 0.9881919466496574 
55.04 	 0.9882035387768348 
55.06 	 0.9882059956418133 
55.08 	 0.9882127649376407 
55.1 	 0.9882127941195393 
55.12 	 0.9882160998040213 
55.14 	 0.9882156762738511 
55.16 	 0.9882173474934485 
55.18 	 0.988218264052762 
55.2 	 0.9882201129992441 
55.22 	 0.9882235885143982 
55.24 	 0.988226996564902 
55.26 	 0.9882335219052851 
55.28 	 0.988239234553948 
55.3 	 0.9882486616522542 
55.32 	 0.9882568150176546 
55.34 	 0.9882685947680715 
55.36 	 0.9882788981171179 
55.38 	 0.9882923415712053 
55.4 	 0.9883043034292335 
55.42 	 0.9883187747890246 
55.44 	 0.9883318848163212 
55.46 	 0.9883468959483548 
55.48 	 0.9883607274180473 
55.5 	 0.9883759523591116 
55.52 	 0.9883901945180755 
55.54 	 0.9884054410868758 
55.56 	 0.9884198898601884 
55.58 	 0.9884350599153224 
55.6 	 0.9884495933863551 
55.62 	 0.9884646490710551 
55.64 	 0.9884792038983645 
55.66 	 0.9884941454032321 
55.68 	 0.9885087009092969 
55.7 	 0.9885235539029696 
55.72 	 0.9885381235460862 
55.74 	 0.9885529295954687 
55.76 	 0.9885675538122369 
55.78 	 0.9885823550365922 
55.8 	 0.9885970863023291 
55.82 	 0.9886118984053403 
55.84 	 0.9886267716174796 
55.86 	 0.9886415475540123 
55.88 	 0.9886565369473068 
55.9 	 0.9886711336759468 
55.92 	 0.9886861086834946 
55.94 	 0.9887002773724564 
55.96 	 0.9887149800379065 
55.98 	 0.9887284008943276 
56.0 	 0.9887424708087744 
56.02 	 0.9887548413962441 
56.04 	 0.9887679025037903 
56.06 	 0.9887790605331337 
56.08 	 0.9887908535976487 
56.1 	 0.9888008827403523 
56.12 	 0.9888113899419132 
56.14 	 0.9888206456934733 
56.16 	 0.9888301382488685 
56.18 	 0.9888391610344605 
56.2 	 0.9888481299853742 
56.22 	 0.9888574750991346 
56.24 	 0.9888664698663066 
56.26 	 0.9888765367271488 
56.28 	 0.9888859921955774 
56.3 	 0.9888969366884759 
56.32 	 0.9889070739509046 
56.34 	 0.9889188335406774 
56.36 	 0.9889296677740873 
56.38 	 0.9889420604906897 
56.4 	 0.988953482359089 
56.42 	 0.9889663085333075 
56.44 	 0.9889781732329567 
56.46 	 0.9889912707473184 
56.48 	 0.9890034486826391 
56.5 	 0.9890167012803307 
56.52 	 0.989029089810779 
56.54 	 0.9890424194304589 
56.56 	 0.9890549434285497 
56.58 	 0.9890683100677833 
56.6 	 0.9890809301164958 
56.62 	 0.9890943335173744 
56.64 	 0.9891070522700787 
56.66 	 0.9891205146194336 
56.68 	 0.9891333595004802 
56.7 	 0.9891468854505983 
56.72 	 0.9891598659407408 
56.74 	 0.9891734071117358 
56.76 	 0.9891864768503371 
56.78 	 0.9891999357207344 
56.8 	 0.9892129959562151 
56.82 	 0.989226273246508 
56.84 	 0.9892392208715765 
56.86 	 0.989252268100193 
56.88 	 0.9892650481503757 
56.9 	 0.9892778780940459 
56.92 	 0.9892904931995945 
56.94 	 0.9893031400552514 
56.96 	 0.9893156104808624 
56.98 	 0.9893280817077682 
57.0 	 0.9893403996385127 
57.02 	 0.9893526695507471 
57.04 	 0.9893647967334013 
57.06 	 0.9893768462885469 
57.08 	 0.989388756205008 
57.1 	 0.9894006109854151 
57.12 	 0.9894123251084619 
57.14 	 0.9894240422740996 
57.16 	 0.9894356122279206 
57.18 	 0.9894472227331657 
57.2 	 0.9894586684736402 
57.22 	 0.989470135961206 
57.24 	 0.9894814045718973 
57.26 	 0.9894926555601711 
57.28 	 0.9895036551798575 
57.3 	 0.9895146671464332 
57.32 	 0.989525359902101 
57.34 	 0.9895362308871267 
57.36 	 0.9895467060258157 
57.38 	 0.9895576369954487 
57.4 	 0.9895680952555123 
57.42 	 0.9895792913758343 
57.44 	 0.9895899478221116 
57.46 	 0.9896015160416841 
57.48 	 0.9896124987227564 
57.5 	 0.9896244186634378 
57.52 	 0.9896357381933123 
57.54 	 0.9896479141978182 
57.56 	 0.9896595104192912 
57.58 	 0.9896718440316226 
57.6 	 0.9896836502070583 
57.62 	 0.9896960687711802 
57.64 	 0.9897080330381741 
57.66 	 0.9897204672619143 
57.68 	 0.9897325279976151 
57.7 	 0.989744885384367 
57.72 	 0.9897569476372674 
57.74 	 0.9897691253565586 
57.76 	 0.9897810785935506 
57.78 	 0.9897930086314639 
57.8 	 0.9898047750022843 
57.82 	 0.9898164548236205 
57.84 	 0.9898280204040208 
57.86 	 0.9898394958092485 
57.88 	 0.9898508935520915 
57.9 	 0.9898622094959653 
57.92 	 0.9898734716462831 
57.94 	 0.9898846376064284 
57.96 	 0.9898957637363675 
57.98 	 0.989906761902342 
58.0 	 0.9899177286142854 
58.02 	 0.9899285483650379 
58.04 	 0.989939342777245 
58.06 	 0.9899500016123666 
58.08 	 0.9899606398783802 
58.1 	 0.9899711703249691 
58.12 	 0.9899816830200794 
58.14 	 0.9899921022651301 
58.16 	 0.9900025044217442 
58.18 	 0.9900127985183806 
58.2 	 0.9900230749466162 
58.22 	 0.9900332103018241 
58.24 	 0.9900433269805006 
58.26 	 0.9900532730602094 
58.28 	 0.9900631980666839 
58.3 	 0.990072937524982 
58.32 	 0.9900826490482211 
58.34 	 0.9900921688159836 
58.36 	 0.9901016452076895 
58.38 	 0.9901109220902584 
58.4 	 0.9901201273221061 
58.42 	 0.9901291238923168 
58.44 	 0.9901380027690178 
58.46 	 0.9901466766783336 
58.48 	 0.9901551622293197 
58.5 	 0.9901634826011867 
58.52 	 0.9901715107340903 
58.54 	 0.9901794782193475 
58.56 	 0.9901870089451514 
58.58 	 0.9901946816107249 
58.6 	 0.9902017307870326 
58.62 	 0.9902092524581553 
58.64 	 0.9902159298544152 
58.66 	 0.9902235426665558 
58.68 	 0.9902300749349816 
58.7 	 0.9902380915585388 
58.72 	 0.9902448016467797 
58.74 	 0.9902535292988655 
58.76 	 0.9902607614566183 
58.78 	 0.9902704027214452 
58.8 	 0.9902784172450507 
58.82 	 0.990288997311968 
58.84 	 0.990297886257207 
58.86 	 0.9903092504889536 
58.88 	 0.9903189219910984 
58.9 	 0.9903308111546778 
58.92 	 0.9903410541878692 
58.94 	 0.990353219691284 
58.96 	 0.9903638149942019 
58.98 	 0.9903761129478789 
59.0 	 0.9903869297190504 
59.02 	 0.9903993466632521 
59.04 	 0.9904103758006355 
59.06 	 0.9904229810876415 
59.08 	 0.9904342960847884 
59.1 	 0.990447157801426 
59.12 	 0.9904588362566342 
59.14 	 0.9904719525390518 
59.16 	 0.9904840078648836 
59.18 	 0.9904972874770639 
59.2 	 0.9905096450488394 
59.22 	 0.9905229369770162 
59.24 	 0.9905354571659916 
59.26 	 0.990548603053607 
59.28 	 0.990561128459627 
59.3 	 0.9905740074011841 
59.32 	 0.9905864061914228 
59.34 	 0.9905989547839136 
59.36 	 0.9906111432420341 
59.38 	 0.9906233512930123 
59.4 	 0.9906352943246001 
59.42 	 0.9906471871067997 
59.44 	 0.9906588853559422 
59.46 	 0.9906705041729684 
59.48 	 0.9906819779287052 
59.5 	 0.9906933659309884 
59.52 	 0.9907046423134637 
59.54 	 0.990715837105323 
59.56 	 0.9907269425009805 
59.58 	 0.9907379739172866 
59.6 	 0.9907489307882844 
59.62 	 0.9907598214610276 
59.64 	 0.990770647776337 
59.66 	 0.9907814146761796 
59.68 	 0.990792124493975 
59.7 	 0.9908027804808099 
59.72 	 0.9908133848183337 
59.74 	 0.9908239398576613 
59.76 	 0.9908344474749459 
59.78 	 0.9908449094929039 
59.8 	 0.9908553274911102 
59.82 	 0.9908657029484522 
59.84 	 0.9908760371967663 
59.86 	 0.9908863314713314 
59.88 	 0.990896586905506 
59.9 	 0.9909068045512904 
59.92 	 0.9909169853837572 
59.94 	 0.9909271303114812 
59.96 	 0.9909372401821717 
59.98 	 0.9909473157892162 
